39,60,9216,1024
39,65,10240,1024
39,53,11264,1024
39,108,12288,1024
39,128,13312,1024
39,116,14336,1024
39,109,15360,1024
39,45,16384,1024
39,38,20480,1024
60,65,1024,10240
60,53,2048,10240
60,108,3072,10240
60,128,4096,10240
60,116,5120,10240
60,109,6144,10240
60,45,7168,10240
60,38,11264,10240
60,45,15360,10240
60,45,18432,10240
65,53,1024,11264
65,108,2048,11264
65,128,3072,11264
65,116,4096,11264
65,109,5120,11264
65,45,6144,11264
65,38,10240,11264
65,45,14336,11264
65,45,17408,11264
65,45,20480,11264
53,108,1024,12288
53,128,2048,12288
53,116,3072,12288
53,109,4096,12288
53,45,5120,12288
53,38,9216,12288
53,45,13312,12288
53,45,16384,12288
53,45,19456,12288
108,128,1024,13312
108,116,2048,13312
108,109,3072,13312
108,45,4096,13312
108,38,8192,13312
108,45,12288,13312
108,45,15360,13312
108,45,18432,13312
128,116,1024,14336
128,109,2048,14336
128,45,3072,14336
128,38,7168,14336
128,45,11264,14336
128,45,14336,14336
128,45,17408,14336
128,45,20480,14336
116,109,1024,15360
116,45,2048,15360
116,38,6144,15360
116,45,10240,15360
116,45,13312,15360
116,45,16384,15360
116,45,19456,15360
109,45,1024,16384
109,38,5120,16384
109,45,9216,16384
109,45,12288,16384
109,45,15360,16384
109,45,18432,16384
45,38,4096,17408
45,45,8192,17408
45,45,11264,17408
45,45,14336,17408
45,45,17408,17408
45,45,20480,17408
38,45,4096,21504
38,45,7168,21504
38,45,10240,21504
38,45,13312,21504
38,45,16384,21504
38,127,19456,21504
38,257,20480,21504
45,45,3072,25600
45,45,6144,25600
45,45,9216,25600
45,45,12288,25600
45,127,15360,25600
45,257,16384,25600
45,45,3072,28672
45,45,6144,28672
45,45,9216,28672
45,127,12288,28672
45,257,13312,28672
45,61,18432,28672
45,124,19456,28672
45,109,20480,28672
45,45,3072,31744
45,45,6144,31744
45,127,9216,31744
45,257,10240,31744
45,61,15360,31744
45,124,16384,31744
45,109,17408,31744
45,122,19456,31744
45,45,3072,34816
45,127,6144,34816
45,257,7168,34816
45,61,12288,34816
45,124,13312,34816
45,109,14336,34816
45,122,16384,34816
45,138,18432,34816
45,45,20480,34816
45,127,3072,37888
45,257,4096,37888
45,61,9216,37888
45,124,10240,37888
45,109,11264,37888
45,122,13312,37888
45,138,15360,37888
45,45,17408,37888
45,39,20480,37888
127,257,1024,40960
127,61,6144,40960
127,124,7168,40960
127,109,8192,40960
127,122,10240,40960
127,138,12288,40960
127,45,14336,40960
127,39,17408,40960
127,123,19456,40960
257,61,5120,41984
257,124,6144,41984
257,109,7168,41984
257,122,9216,41984
257,138,11264,41984
257,45,13312,41984
257,39,16384,41984
257,123,18432,41984
257,127,20480,41984
61,124,1024,47104
61,109,2048,47104
61,122,4096,47104
61,138,6144,47104
61,45,8192,47104
61,39,11264,47104
61,123,13312,47104
61,127,15360,47104
61,53,16384,47104
61,46,18432,47104
124,109,1024,48128
124,122,3072,48128
124,138,5120,48128
124,45,7168,48128
124,39,10240,48128
124,123,12288,48128
124,127,14336,48128
124,53,15360,48128
124,46,17408,48128
124,46,20480,48128
109,122,2048,49152
109,138,4096,49152
109,45,6144,49152
109,39,9216,49152
109,123,11264,49152
109,127,13312,49152
109,53,14336,49152
109,46,16384,49152
109,46,19456,49152
109,45,20480,49152
122,138,2048,51200
122,45,4096,51200
122,39,7168,51200
122,123,9216,51200
122,127,11264,51200
122,53,12288,51200
122,46,14336,51200
122,46,17408,51200
122,45,18432,51200
138,45,2048,53248
138,39,5120,53248
138,123,7168,53248
138,127,9216,53248
138,53,10240,53248
138,46,12288,53248
138,46,15360,53248
138,45,16384,53248
45,39,3072,55296
45,123,5120,55296
45,127,7168,55296
45,53,8192,55296
45,46,10240,55296
45,46,13312,55296
45,45,14336,55296
45,131,19456,55296
39,123,2048,58368
39,127,4096,58368
39,53,5120,58368
39,46,7168,58368
39,46,10240,58368
39,45,11264,58368
39,131,16384,58368
39,128,19456,58368
39,45,20480,58368
123,127,2048,60416
123,53,3072,60416
123,46,5120,60416
123,46,8192,60416
123,45,9216,60416
123,131,14336,60416
123,128,17408,60416
123,45,18432,60416
123,45,20480,60416
127,53,1024,62464
127,46,3072,62464
127,46,6144,62464
127,45,7168,62464
127,131,12288,62464
127,128,15360,62464
127,45,16384,62464
127,45,18432,62464
127,46,19456,62464
127,45,20480,62464
53,46,2048,63488
53,46,5120,63488
53,45,6144,63488
53,131,11264,63488
53,128,14336,63488
53,45,15360,63488
53,45,17408,63488
53,46,18432,63488
53,45,19456,63488
46,46,3072,65536
46,45,4096,65536
46,131,9216,65536
46,128,12288,65536
46,45,13312,65536
46,45,15360,65536
46,46,16384,65536
46,45,17408,65536
46,45,19456,65536
46,45,20480,65536
46,45,1024,68608
46,131,6144,68608
46,128,9216,68608
46,45,10240,68608
46,45,12288,68608
46,46,13312,68608
46,45,14336,68608
46,45,16384,68608
46,45,17408,68608
46,62,19456,68608
45,131,5120,69632
45,128,8192,69632
45,45,9216,69632
45,45,11264,69632
45,46,12288,69632
45,45,13312,69632
45,45,15360,69632
45,45,16384,69632
45,62,18432,69632
45,123,20480,69632
131,128,3072,74752
131,45,4096,74752
131,45,6144,74752
131,46,7168,74752
131,45,8192,74752
131,45,10240,74752
131,45,11264,74752
131,62,13312,74752
131,123,15360,74752
131,45,17408,74752
128,45,1024,77824
128,45,3072,77824
128,46,4096,77824
128,45,5120,77824
128,45,7168,77824
128,45,8192,77824
128,62,10240,77824
128,123,12288,77824
128,45,14336,77824
128,274,18432,77824
128,54,19456,77824
45,45,2048,78848
45,46,3072,78848
45,45,4096,78848
45,45,6144,78848
45,45,7168,78848
45,62,9216,78848
45,123,11264,78848
45,45,13312,78848
45,274,17408,78848
45,54,18432,78848
45,46,1024,80896
45,45,2048,80896
45,45,4096,80896
45,45,5120,80896
45,62,7168,80896
45,123,9216,80896
45,45,11264,80896
45,274,15360,80896
45,54,16384,80896
46,45,1024,81920
46,45,3072,81920
46,45,4096,81920
46,62,6144,81920
46,123,8192,81920
46,45,10240,81920
46,274,14336,81920
46,54,15360,81920
46,46,20480,81920
45,45,2048,82944
45,45,3072,82944
45,62,5120,82944
45,123,7168,82944
45,45,9216,82944
45,274,13312,82944
45,54,14336,82944
45,46,19456,82944
45,160,20480,82944
45,45,1024,84992
45,62,3072,84992
45,123,5120,84992
45,45,7168,84992
45,274,11264,84992
45,54,12288,84992
45,46,17408,84992
45,160,18432,84992
45,62,2048,86016
45,123,4096,86016
45,45,6144,86016
45,274,10240,86016
45,54,11264,86016
45,46,16384,86016
45,160,17408,86016
45,55,20480,86016
62,123,2048,88064
62,45,4096,88064
62,274,8192,88064
62,54,9216,88064
62,46,14336,88064
62,160,15360,88064
62,55,18432,88064
62,120,19456,88064
123,45,2048,90112
123,274,6144,90112
123,54,7168,90112
123,46,12288,90112
123,160,13312,90112
123,55,16384,90112
123,120,17408,90112
123,45,19456,90112
45,274,4096,92160
45,54,5120,92160
45,46,10240,92160
45,160,11264,92160
45,55,14336,92160
45,120,15360,92160
45,45,17408,92160
45,56,19456,92160
274,54,1024,96256
274,46,6144,96256
274,160,7168,96256
274,55,10240,96256
274,120,11264,96256
274,45,13312,96256
274,56,15360,96256
274,108,19456,96256
274,93,20480,96256
54,46,5120,97280
54,160,6144,97280
54,55,9216,97280
54,120,10240,97280
54,45,12288,97280
54,56,14336,97280
54,108,18432,97280
54,93,19456,97280
54,92,20480,97280
46,160,1024,102400
46,55,4096,102400
46,120,5120,102400
46,45,7168,102400
46,56,9216,102400
46,108,13312,102400
46,93,14336,102400
46,92,15360,102400
46,92,16384,102400
46,92,17408,102400
46,161,20480,102400
160,55,3072,103424
160,120,4096,103424
160,45,6144,103424
160,56,8192,103424
160,108,12288,103424
160,93,13312,103424
160,92,14336,103424
160,92,15360,103424
160,92,16384,103424
160,161,19456,103424
160,125,20480,103424
55,120,1024,106496
55,45,3072,106496
55,56,5120,106496
55,108,9216,106496
55,93,10240,106496
55,92,11264,106496
55,92,12288,106496
55,92,13312,106496
55,161,16384,106496
55,125,17408,106496
55,41,19456,106496
55,45,20480,106496
120,45,2048,107520
120,56,4096,107520
120,108,8192,107520
120,93,9216,107520
120,92,10240,107520
120,92,11264,107520
120,92,12288,107520
120,161,15360,107520
120,125,16384,107520
120,41,18432,107520
120,45,19456,107520
45,56,2048,109568
45,108,6144,109568
45,93,7168,109568
45,92,8192,109568
45,92,9216,109568
45,92,10240,109568
45,161,13312,109568
45,125,14336,109568
45,41,16384,109568
45,45,17408,109568
45,45,19456,109568
45,41,20480,109568
56,108,4096,111616
56,93,5120,111616
56,92,6144,111616
56,92,7168,111616
56,92,8192,111616
56,161,11264,111616
56,125,12288,111616
56,41,14336,111616
56,45,15360,111616
56,45,17408,111616
56,41,18432,111616
56,45,19456,111616
56,45,20480,111616
108,93,1024,115712
108,92,2048,115712
108,92,3072,115712
108,92,4096,115712
108,161,7168,115712
108,125,8192,115712
108,41,10240,115712
108,45,11264,115712
108,45,13312,115712
108,41,14336,115712
108,45,15360,115712
108,45,16384,115712
108,46,17408,115712
93,92,1024,116736
93,92,2048,116736
93,92,3072,116736
93,161,6144,116736
93,125,7168,116736
93,41,9216,116736
93,45,10240,116736
93,45,12288,116736
93,41,13312,116736
93,45,14336,116736
93,45,15360,116736
93,46,16384,116736
93,45,20480,116736
92,92,1024,117760
92,92,2048,117760
92,161,5120,117760
92,125,6144,117760
92,41,8192,117760
92,45,9216,117760
92,45,11264,117760
92,41,12288,117760
92,45,13312,117760
92,45,14336,117760
92,46,15360,117760
92,45,19456,117760
92,38,20480,117760
92,92,1024,118784
92,161,4096,118784
92,125,5120,118784
92,41,7168,118784
92,45,8192,118784
92,45,10240,118784
92,41,11264,118784
92,45,12288,118784
92,45,13312,118784
92,46,14336,118784
92,45,18432,118784
92,38,19456,118784
92,45,20480,118784
92,161,3072,119808
92,125,4096,119808
92,41,6144,119808
92,45,7168,119808
92,45,9216,119808
92,41,10240,119808
92,45,11264,119808
92,45,12288,119808
92,46,13312,119808
92,45,17408,119808
92,38,18432,119808
92,45,19456,119808
92,45,20480,119808
161,125,1024,122880
161,41,3072,122880
161,45,4096,122880
161,45,6144,122880
161,41,7168,122880
161,45,8192,122880
161,45,9216,122880
161,46,10240,122880
161,45,14336,122880
161,38,15360,122880
161,45,16384,122880
161,45,17408,122880
161,39,20480,122880
125,41,2048,123904
125,45,3072,123904
125,45,5120,123904
125,41,6144,123904
125,45,7168,123904
125,45,8192,123904
125,46,9216,123904
125,45,13312,123904
125,38,14336,123904
125,45,15360,123904
125,45,16384,123904
125,39,19456,123904
41,45,1024,125952
41,45,3072,125952
41,41,4096,125952
41,45,5120,125952
41,45,6144,125952
41,46,7168,125952
41,45,11264,125952
41,38,12288,125952
41,45,13312,125952
41,45,14336,125952
41,39,17408,125952
41,40,20480,125952
45,45,2048,126976
45,41,3072,126976
45,45,4096,126976
45,45,5120,126976
45,46,6144,126976
45,45,10240,126976
45,38,11264,126976
45,45,12288,126976
45,45,13312,126976
45,39,16384,126976
45,40,19456,126976
45,41,1024,129024
45,45,2048,129024
45,45,3072,129024
45,46,4096,129024
45,45,8192,129024
45,38,9216,129024
45,45,10240,129024
45,45,11264,129024
45,39,14336,129024
45,40,17408,129024
45,123,19456,129024
45,124,20480,129024
41,45,1024,130048
41,45,2048,130048
41,46,3072,130048
41,45,7168,130048
41,38,8192,130048
41,45,9216,130048
41,45,10240,130048
41,39,13312,130048
41,40,16384,130048
41,123,18432,130048
41,124,19456,130048
45,45,1024,131072
45,46,2048,131072
45,45,6144,131072
45,38,7168,131072
45,45,8192,131072
45,45,9216,131072
45,39,12288,131072
45,40,15360,131072
45,123,17408,131072
45,124,18432,131072
45,123,20480,131072
45,46,1024,132096
45,45,5120,132096
45,38,6144,132096
45,45,7168,132096
45,45,8192,132096
45,39,11264,132096
45,40,14336,132096
45,123,16384,132096
45,124,17408,132096
45,123,19456,132096
45,123,20480,132096
46,45,4096,133120
46,38,5120,133120
46,45,6144,133120
46,45,7168,133120
46,39,10240,133120
46,40,13312,133120
46,123,15360,133120
46,124,16384,133120
46,123,18432,133120
46,123,19456,133120
46,131,20480,133120
45,38,1024,137216
45,45,2048,137216
45,45,3072,137216
45,39,6144,137216
45,40,9216,137216
45,123,11264,137216
45,124,12288,137216
45,123,14336,137216
45,123,15360,137216
45,131,16384,137216
45,126,19456,137216
45,65,20480,137216
38,45,1024,138240
38,45,2048,138240
38,39,5120,138240
38,40,8192,138240
38,123,10240,138240
38,124,11264,138240
38,123,13312,138240
38,123,14336,138240
38,131,15360,138240
38,126,18432,138240
38,65,19456,138240
38,60,20480,138240
45,45,1024,139264
45,39,4096,139264
45,40,7168,139264
45,123,9216,139264
45,124,10240,139264
45,123,12288,139264
45,123,13312,139264
45,131,14336,139264
45,126,17408,139264
45,65,18432,139264
45,60,19456,139264
45,45,20480,139264
45,39,3072,140288
45,40,6144,140288
45,123,8192,140288
45,124,9216,140288
45,123,11264,140288
45,123,12288,140288
45,131,13312,140288
45,126,16384,140288
45,65,17408,140288
45,60,18432,140288
45,45,19456,140288
45,45,20480,140288
39,40,3072,143360
39,123,5120,143360
39,124,6144,143360
39,123,8192,143360
39,123,9216,143360
39,131,10240,143360
39,126,13312,143360
39,65,14336,143360
39,60,15360,143360
39,45,16384,143360
39,45,17408,143360
39,45,18432,143360
39,53,19456,143360
40,123,2048,146432
40,124,3072,146432
40,123,5120,146432
40,123,6144,146432
40,131,7168,146432
40,126,10240,146432
40,65,11264,146432
40,60,12288,146432
40,45,13312,146432
40,45,14336,146432
40,45,15360,146432
40,53,16384,146432
123,124,1024,148480
123,123,3072,148480
123,123,4096,148480
123,131,5120,148480
123,126,8192,148480
123,65,9216,148480
123,60,10240,148480
123,45,11264,148480
123,45,12288,148480
123,45,13312,148480
123,53,14336,148480
124,123,2048,149504
124,123,3072,149504
124,131,4096,149504
124,126,7168,149504
124,65,8192,149504
124,60,9216,149504
124,45,10240,149504
124,45,11264,149504
124,45,12288,149504
124,53,13312,149504
123,123,1024,151552
123,131,2048,151552
123,126,5120,151552
123,65,6144,151552
123,60,7168,151552
123,45,8192,151552
123,45,9216,151552
123,45,10240,151552
123,53,11264,151552
123,131,1024,152576
123,126,4096,152576
123,65,5120,152576
123,60,6144,152576
123,45,7168,152576
123,45,8192,152576
123,45,9216,152576
123,53,10240,152576
131,126,3072,153600
131,65,4096,153600
131,60,5120,153600
131,45,6144,153600
131,45,7168,153600
131,45,8192,153600
131,53,9216,153600
126,65,1024,156672
126,60,2048,156672
126,45,3072,156672
126,45,4096,156672
126,45,5120,156672
126,53,6144,156672
65,60,1024,157696
65,45,2048,157696
65,45,3072,157696
65,45,4096,157696
65,53,5120,157696
60,45,1024,158720
60,45,2048,158720
60,45,3072,158720
60,53,4096,158720
45,45,1024,159744
45,45,2048,159744
45,53,3072,159744
45,45,1024,160768
45,53,2048,160768
45,53,1024,161792
