27,28,1024,0
27,41,1024,0
27,55,4096,0
27,53,5120,0
27,35,7168,0
27,35,8192,0
27,35,9216,0
27,20,10240,0
27,35,12288,0
27,46,16384,0
27,46,17408,0
27,41,19456,0
28,41,0,1024
28,55,3072,1024
28,53,4096,1024
28,35,6144,1024
28,35,7168,1024
28,35,8192,1024
28,20,9216,1024
28,35,11264,1024
28,46,15360,1024
28,46,16384,1024
28,41,18432,1024
28,28,20480,1024
28,41,20480,1024
41,55,3072,1024
41,53,4096,1024
41,35,6144,1024
41,35,7168,1024
41,35,8192,1024
41,20,9216,1024
41,35,11264,1024
41,46,15360,1024
41,46,16384,1024
41,41,18432,1024
41,28,20480,1024
41,41,20480,1024
55,53,1024,4096
55,35,3072,4096
55,35,4096,4096
55,35,5120,4096
55,20,6144,4096
55,35,8192,4096
55,46,12288,4096
55,46,13312,4096
55,41,15360,4096
55,28,17408,4096
55,41,17408,4096
55,41,18432,4096
55,49,19456,4096
55,83,19456,4096
53,35,2048,5120
53,35,3072,5120
53,35,4096,5120
53,20,5120,5120
53,35,7168,5120
53,46,11264,5120
53,46,12288,5120
53,41,14336,5120
53,28,16384,5120
53,41,16384,5120
53,41,17408,5120
53,49,18432,5120
53,83,18432,5120
53,49,20480,5120
35,35,1024,7168
35,35,2048,7168
35,20,3072,7168
35,35,5120,7168
35,46,9216,7168
35,46,10240,7168
35,41,12288,7168
35,28,14336,7168
35,41,14336,7168
35,41,15360,7168
35,49,16384,7168
35,83,16384,7168
35,49,18432,7168
35,23,19456,7168
35,35,1024,8192
35,20,2048,8192
35,35,4096,8192
35,46,8192,8192
35,46,9216,8192
35,41,11264,8192
35,28,13312,8192
35,41,13312,8192
35,41,14336,8192
35,49,15360,8192
35,83,15360,8192
35,49,17408,8192
35,23,18432,8192
35,27,19456,8192
35,20,1024,9216
35,35,3072,9216
35,46,7168,9216
35,46,8192,9216
35,41,10240,9216
35,28,12288,9216
35,41,12288,9216
35,41,13312,9216
35,49,14336,9216
35,83,14336,9216
35,49,16384,9216
35,23,17408,9216
35,27,18432,9216
35,27,19456,9216
20,35,2048,10240
20,46,6144,10240
20,46,7168,10240
20,41,9216,10240
20,28,11264,10240
20,41,11264,10240
20,41,12288,10240
20,49,13312,10240
20,83,13312,10240
20,49,15360,10240
20,23,16384,10240
20,27,17408,10240
20,27,18432,10240
20,27,19456,10240
35,46,4096,12288
35,46,5120,12288
35,41,7168,12288
35,28,9216,12288
35,41,9216,12288
35,41,10240,12288
35,49,11264,12288
35,83,11264,12288
35,49,13312,12288
35,23,14336,12288
35,27,15360,12288
35,27,16384,12288
35,27,17408,12288
35,24,18432,12288
46,46,1024,16384
46,41,3072,16384
46,28,5120,16384
46,41,5120,16384
46,41,6144,16384
46,49,7168,16384
46,83,7168,16384
46,49,9216,16384
46,23,10240,16384
46,27,11264,16384
46,27,12288,16384
46,27,13312,16384
46,24,14336,16384
46,74,14336,16384
46,41,2048,17408
46,28,4096,17408
46,41,4096,17408
46,41,5120,17408
46,49,6144,17408
46,83,6144,17408
46,49,8192,17408
46,23,9216,17408
46,27,10240,17408
46,27,11264,17408
46,27,12288,17408
46,24,13312,17408
46,74,13312,17408
46,24,14336,17408
41,28,2048,19456
41,41,2048,19456
41,41,3072,19456
41,49,4096,19456
41,83,4096,19456
41,49,6144,19456
41,23,7168,19456
41,27,8192,19456
41,27,9216,19456
41,27,10240,19456
41,24,11264,19456
41,74,11264,19456
41,24,12288,19456
41,18,13312,19456
28,41,0,21504
28,41,1024,21504
28,49,2048,21504
28,83,2048,21504
28,49,4096,21504
28,23,5120,21504
28,27,6144,21504
28,27,7168,21504
28,27,8192,21504
28,24,9216,21504
28,74,9216,21504
28,24,10240,21504
28,18,11264,21504
28,18,13312,21504
41,41,1024,21504
41,49,2048,21504
41,83,2048,21504
41,49,4096,21504
41,23,5120,21504
41,27,6144,21504
41,27,7168,21504
41,27,8192,21504
41,24,9216,21504
41,74,9216,21504
41,24,10240,21504
41,18,11264,21504
41,18,13312,21504
41,74,17408,21504
41,49,1024,22528
41,83,1024,22528
41,49,3072,22528
41,23,4096,22528
41,27,5120,22528
41,27,6144,22528
41,27,7168,22528
41,24,8192,22528
41,74,8192,22528
41,24,9216,22528
41,18,10240,22528
41,18,12288,22528
41,74,16384,22528
41,19,18432,22528
49,83,0,23552
49,49,2048,23552
49,23,3072,23552
49,27,4096,23552
49,27,5120,23552
49,27,6144,23552
49,24,7168,23552
49,74,7168,23552
49,24,8192,23552
49,18,9216,23552
49,18,11264,23552
49,74,15360,23552
49,19,17408,23552
49,19,20480,23552
83,49,2048,23552
83,23,3072,23552
83,27,4096,23552
83,27,5120,23552
83,27,6144,23552
83,24,7168,23552
83,74,7168,23552
83,24,8192,23552
83,18,9216,23552
83,18,11264,23552
83,74,15360,23552
83,19,17408,23552
83,19,20480,23552
49,23,1024,25600
49,27,2048,25600
49,27,3072,25600
49,27,4096,25600
49,24,5120,25600
49,74,5120,25600
49,24,6144,25600
49,18,7168,25600
49,18,9216,25600
49,74,13312,25600
49,19,15360,25600
49,19,18432,25600
49,19,20480,25600
49,46,20480,25600
23,27,1024,26624
23,27,2048,26624
23,27,3072,26624
23,24,4096,26624
23,74,4096,26624
23,24,5120,26624
23,18,6144,26624
23,18,8192,26624
23,74,12288,26624
23,19,14336,26624
23,19,17408,26624
23,19,19456,26624
23,46,19456,26624
23,18,20480,26624
27,27,1024,27648
27,27,2048,27648
27,24,3072,27648
27,74,3072,27648
27,24,4096,27648
27,18,5120,27648
27,18,7168,27648
27,74,11264,27648
27,19,13312,27648
27,19,16384,27648
27,19,18432,27648
27,46,18432,27648
27,18,19456,27648
27,46,19456,27648
27,27,1024,28672
27,24,2048,28672
27,74,2048,28672
27,24,3072,28672
27,18,4096,28672
27,18,6144,28672
27,74,10240,28672
27,19,12288,28672
27,19,15360,28672
27,19,17408,28672
27,46,17408,28672
27,18,18432,28672
27,46,18432,28672
27,46,19456,28672
27,24,1024,29696
27,74,1024,29696
27,24,2048,29696
27,18,3072,29696
27,18,5120,29696
27,74,9216,29696
27,19,11264,29696
27,19,14336,29696
27,19,16384,29696
27,46,16384,29696
27,18,17408,29696
27,46,17408,29696
27,46,18432,29696
27,18,19456,29696
24,74,0,30720
24,24,1024,30720
24,18,2048,30720
24,18,4096,30720
24,74,8192,30720
24,19,10240,30720
24,19,13312,30720
24,19,15360,30720
24,46,15360,30720
24,18,16384,30720
24,46,16384,30720
24,46,17408,30720
24,18,18432,30720
74,24,1024,30720
74,18,2048,30720
74,18,4096,30720
74,74,8192,30720
74,19,10240,30720
74,19,13312,30720
74,19,15360,30720
74,46,15360,30720
74,18,16384,30720
74,46,16384,30720
74,46,17408,30720
74,18,18432,30720
24,18,1024,31744
24,18,3072,31744
24,74,7168,31744
24,19,9216,31744
24,19,12288,31744
24,19,14336,31744
24,46,14336,31744
24,18,15360,31744
24,46,15360,31744
24,46,16384,31744
24,18,17408,31744
24,18,20480,31744
18,18,2048,32768
18,74,6144,32768
18,19,8192,32768
18,19,11264,32768
18,19,13312,32768
18,46,13312,32768
18,18,14336,32768
18,46,14336,32768
18,46,15360,32768
18,18,16384,32768
18,18,19456,32768
18,27,20480,32768
18,74,4096,34816
18,19,6144,34816
18,19,9216,34816
18,19,11264,34816
18,46,11264,34816
18,18,12288,34816
18,46,12288,34816
18,46,13312,34816
18,18,14336,34816
18,18,17408,34816
18,27,18432,34816
18,28,19456,34816
18,20,20480,34816
18,41,20480,34816
74,19,2048,38912
74,19,5120,38912
74,19,7168,38912
74,46,7168,38912
74,18,8192,38912
74,46,8192,38912
74,46,9216,38912
74,18,10240,38912
74,18,13312,38912
74,27,14336,38912
74,28,15360,38912
74,20,16384,38912
74,41,16384,38912
74,62,17408,38912
19,19,3072,40960
19,19,5120,40960
19,46,5120,40960
19,18,6144,40960
19,46,6144,40960
19,46,7168,40960
19,18,8192,40960
19,18,11264,40960
19,27,12288,40960
19,28,13312,40960
19,20,14336,40960
19,41,14336,40960
19,62,15360,40960
19,62,16384,40960
19,19,2048,44032
19,46,2048,44032
19,18,3072,44032
19,46,3072,44032
19,46,4096,44032
19,18,5120,44032
19,18,8192,44032
19,27,9216,44032
19,28,10240,44032
19,20,11264,44032
19,41,11264,44032
19,62,12288,44032
19,62,13312,44032
19,27,15360,44032
19,46,0,46080
19,18,1024,46080
19,46,1024,46080
19,46,2048,46080
19,18,3072,46080
19,18,6144,46080
19,27,7168,46080
19,28,8192,46080
19,20,9216,46080
19,41,9216,46080
19,62,10240,46080
19,62,11264,46080
19,27,13312,46080
19,55,13312,46080
46,18,1024,46080
46,46,1024,46080
46,46,2048,46080
46,18,3072,46080
46,18,6144,46080
46,27,7168,46080
46,28,8192,46080
46,20,9216,46080
46,41,9216,46080
46,62,10240,46080
46,62,11264,46080
46,27,13312,46080
46,55,13312,46080
46,37,16384,46080
18,46,0,47104
18,46,1024,47104
18,18,2048,47104
18,18,5120,47104
18,27,6144,47104
18,28,7168,47104
18,20,8192,47104
18,41,8192,47104
18,62,9216,47104
18,62,10240,47104
18,27,12288,47104
18,55,12288,47104
18,37,15360,47104
18,74,15360,47104
46,46,1024,47104
46,18,2048,47104
46,18,5120,47104
46,27,6144,47104
46,28,7168,47104
46,20,8192,47104
46,41,8192,47104
46,62,9216,47104
46,62,10240,47104
46,27,12288,47104
46,55,12288,47104
46,37,15360,47104
46,74,15360,47104
46,37,16384,47104
46,18,1024,48128
46,18,4096,48128
46,27,5120,48128
46,28,6144,48128
46,20,7168,48128
46,41,7168,48128
46,62,8192,48128
46,62,9216,48128
46,27,11264,48128
46,55,11264,48128
46,37,14336,48128
46,74,14336,48128
46,37,15360,48128
46,74,16384,48128
18,18,3072,49152
18,27,4096,49152
18,28,5120,49152
18,20,6144,49152
18,41,6144,49152
18,62,7168,49152
18,62,8192,49152
18,27,10240,49152
18,55,10240,49152
18,37,13312,49152
18,74,13312,49152
18,37,14336,49152
18,74,15360,49152
18,27,16384,49152
18,27,1024,52224
18,28,2048,52224
18,20,3072,52224
18,41,3072,52224
18,62,4096,52224
18,62,5120,52224
18,27,7168,52224
18,55,7168,52224
18,37,10240,52224
18,74,10240,52224
18,37,11264,52224
18,74,12288,52224
18,27,13312,52224
18,55,13312,52224
27,28,1024,53248
27,20,2048,53248
27,41,2048,53248
27,62,3072,53248
27,62,4096,53248
27,27,6144,53248
27,55,6144,53248
27,37,9216,53248
27,74,9216,53248
27,37,10240,53248
27,74,11264,53248
27,27,12288,53248
27,55,12288,53248
27,27,13312,53248
28,20,1024,54272
28,41,1024,54272
28,62,2048,54272
28,62,3072,54272
28,27,5120,54272
28,55,5120,54272
28,37,8192,54272
28,74,8192,54272
28,37,9216,54272
28,74,10240,54272
28,27,11264,54272
28,55,11264,54272
28,27,12288,54272
28,19,14336,54272
20,41,0,55296
20,62,1024,55296
20,62,2048,55296
20,27,4096,55296
20,55,4096,55296
20,37,7168,55296
20,74,7168,55296
20,37,8192,55296
20,74,9216,55296
20,27,10240,55296
20,55,10240,55296
20,27,11264,55296
20,19,13312,55296
20,37,15360,55296
41,62,1024,55296
41,62,2048,55296
41,27,4096,55296
41,55,4096,55296
41,37,7168,55296
41,74,7168,55296
41,37,8192,55296
41,74,9216,55296
41,27,10240,55296
41,55,10240,55296
41,27,11264,55296
41,19,13312,55296
41,37,15360,55296
41,18,16384,55296
62,62,1024,56320
62,27,3072,56320
62,55,3072,56320
62,37,6144,56320
62,74,6144,56320
62,37,7168,56320
62,74,8192,56320
62,27,9216,56320
62,55,9216,56320
62,27,10240,56320
62,19,12288,56320
62,37,14336,56320
62,18,15360,56320
62,37,20480,56320
62,27,2048,57344
62,55,2048,57344
62,37,5120,57344
62,74,5120,57344
62,37,6144,57344
62,74,7168,57344
62,27,8192,57344
62,55,8192,57344
62,27,9216,57344
62,19,11264,57344
62,37,13312,57344
62,18,14336,57344
62,37,19456,57344
27,55,0,59392
27,37,3072,59392
27,74,3072,59392
27,37,4096,59392
27,74,5120,59392
27,27,6144,59392
27,55,6144,59392
27,27,7168,59392
27,19,9216,59392
27,37,11264,59392
27,18,12288,59392
27,37,17408,59392
27,19,20480,59392
55,37,3072,59392
55,74,3072,59392
55,37,4096,59392
55,74,5120,59392
55,27,6144,59392
55,55,6144,59392
55,27,7168,59392
55,19,9216,59392
55,37,11264,59392
55,18,12288,59392
55,37,17408,59392
55,19,20480,59392
37,74,0,62464
37,37,1024,62464
37,74,2048,62464
37,27,3072,62464
37,55,3072,62464
37,27,4096,62464
37,19,6144,62464
37,37,8192,62464
37,18,9216,62464
37,37,14336,62464
37,19,17408,62464
37,18,18432,62464
37,19,20480,62464
74,37,1024,62464
74,74,2048,62464
74,27,3072,62464
74,55,3072,62464
74,27,4096,62464
74,19,6144,62464
74,37,8192,62464
74,18,9216,62464
74,37,14336,62464
74,19,17408,62464
74,18,18432,62464
74,19,20480,62464
37,74,1024,63488
37,27,2048,63488
37,55,2048,63488
37,27,3072,63488
37,19,5120,63488
37,37,7168,63488
37,18,8192,63488
37,37,13312,63488
37,19,16384,63488
37,18,17408,63488
37,19,19456,63488
74,27,1024,64512
74,55,1024,64512
74,27,2048,64512
74,19,4096,64512
74,37,6144,64512
74,18,7168,64512
74,37,12288,64512
74,19,15360,64512
74,18,16384,64512
74,19,18432,64512
74,19,20480,64512
27,55,0,65536
27,27,1024,65536
27,19,3072,65536
27,37,5120,65536
27,18,6144,65536
27,37,11264,65536
27,19,14336,65536
27,18,15360,65536
27,19,17408,65536
27,19,19456,65536
27,18,20480,65536
27,59,20480,65536
55,27,1024,65536
55,19,3072,65536
55,37,5120,65536
55,18,6144,65536
55,37,11264,65536
55,19,14336,65536
55,18,15360,65536
55,19,17408,65536
55,19,19456,65536
55,18,20480,65536
55,59,20480,65536
27,19,2048,66560
27,37,4096,66560
27,18,5120,66560
27,37,10240,66560
27,19,13312,66560
27,18,14336,66560
27,19,16384,66560
27,19,18432,66560
27,18,19456,66560
27,59,19456,66560
19,37,2048,68608
19,18,3072,68608
19,37,8192,68608
19,19,11264,68608
19,18,12288,68608
19,19,14336,68608
19,19,16384,68608
19,18,17408,68608
19,59,17408,68608
19,77,19456,68608
37,18,1024,70656
37,37,6144,70656
37,19,9216,70656
37,18,10240,70656
37,19,12288,70656
37,19,14336,70656
37,18,15360,70656
37,59,15360,70656
37,77,17408,70656
37,23,20480,70656
18,37,5120,71680
18,19,8192,71680
18,18,9216,71680
18,19,11264,71680
18,19,13312,71680
18,18,14336,71680
18,59,14336,71680
18,77,16384,71680
18,23,19456,71680
37,19,3072,76800
37,18,4096,76800
37,19,6144,76800
37,19,8192,76800
37,18,9216,76800
37,59,9216,76800
37,77,11264,76800
37,23,14336,76800
19,18,1024,79872
19,19,3072,79872
19,19,5120,79872
19,18,6144,79872
19,59,6144,79872
19,77,8192,79872
19,23,11264,79872
19,23,19456,79872
19,23,20480,79872
18,19,2048,80896
18,19,4096,80896
18,18,5120,80896
18,59,5120,80896
18,77,7168,80896
18,23,10240,80896
18,23,18432,80896
18,23,19456,80896
18,28,20480,80896
19,19,2048,82944
19,18,3072,82944
19,59,3072,82944
19,77,5120,82944
19,23,8192,82944
19,23,16384,82944
19,23,17408,82944
19,28,18432,82944
19,28,19456,82944
19,61,20480,82944
19,18,1024,84992
19,59,1024,84992
19,77,3072,84992
19,23,6144,84992
19,23,14336,84992
19,23,15360,84992
19,28,16384,84992
19,28,17408,84992
19,61,18432,84992
19,62,19456,84992
19,62,20480,84992
18,59,0,86016
18,77,2048,86016
18,23,5120,86016
18,23,13312,86016
18,23,14336,86016
18,28,15360,86016
18,28,16384,86016
18,61,17408,86016
18,62,18432,86016
18,62,19456,86016
59,77,2048,86016
59,23,5120,86016
59,23,13312,86016
59,23,14336,86016
59,28,15360,86016
59,28,16384,86016
59,61,17408,86016
59,62,18432,86016
59,62,19456,86016
77,23,3072,88064
77,23,11264,88064
77,23,12288,88064
77,28,13312,88064
77,28,14336,88064
77,61,15360,88064
77,62,16384,88064
77,62,17408,88064
77,19,19456,88064
77,18,20480,88064
23,23,8192,91136
23,23,9216,91136
23,28,10240,91136
23,28,11264,91136
23,61,12288,91136
23,62,13312,91136
23,62,14336,91136
23,19,16384,91136
23,18,17408,91136
23,18,18432,91136
23,18,19456,91136
23,23,20480,91136
23,23,1024,99328
23,28,2048,99328
23,28,3072,99328
23,61,4096,99328
23,62,5120,99328
23,62,6144,99328
23,19,8192,99328
23,18,9216,99328
23,18,10240,99328
23,18,11264,99328
23,23,12288,99328
23,37,13312,99328
23,27,17408,99328
23,28,1024,100352
23,28,2048,100352
23,61,3072,100352
23,62,4096,100352
23,62,5120,100352
23,19,7168,100352
23,18,8192,100352
23,18,9216,100352
23,18,10240,100352
23,23,11264,100352
23,37,12288,100352
23,27,16384,100352
28,28,1024,101376
28,61,2048,101376
28,62,3072,101376
28,62,4096,101376
28,19,6144,101376
28,18,7168,101376
28,18,8192,101376
28,18,9216,101376
28,23,10240,101376
28,37,11264,101376
28,27,15360,101376
28,61,1024,102400
28,62,2048,102400
28,62,3072,102400
28,19,5120,102400
28,18,6144,102400
28,18,7168,102400
28,18,8192,102400
28,23,9216,102400
28,37,10240,102400
28,27,14336,102400
28,18,20480,102400
61,62,1024,103424
61,62,2048,103424
61,19,4096,103424
61,18,5120,103424
61,18,6144,103424
61,18,7168,103424
61,23,8192,103424
61,37,9216,103424
61,27,13312,103424
61,18,19456,103424
61,18,20480,103424
62,62,1024,104448
62,19,3072,104448
62,18,4096,104448
62,18,5120,104448
62,18,6144,104448
62,23,7168,104448
62,37,8192,104448
62,27,12288,104448
62,18,18432,104448
62,18,19456,104448
62,19,20480,104448
62,19,2048,105472
62,18,3072,105472
62,18,4096,105472
62,18,5120,105472
62,23,6144,105472
62,37,7168,105472
62,27,11264,105472
62,18,17408,105472
62,18,18432,105472
62,19,19456,105472
62,23,20480,105472
19,18,1024,107520
19,18,2048,107520
19,18,3072,107520
19,23,4096,107520
19,37,5120,107520
19,27,9216,107520
19,18,15360,107520
19,18,16384,107520
19,19,17408,107520
19,23,18432,107520
19,23,20480,107520
18,18,1024,108544
18,18,2048,108544
18,23,3072,108544
18,37,4096,108544
18,27,8192,108544
18,18,14336,108544
18,18,15360,108544
18,19,16384,108544
18,23,17408,108544
18,23,19456,108544
18,18,1024,109568
18,23,2048,109568
18,37,3072,109568
18,27,7168,109568
18,18,13312,109568
18,18,14336,109568
18,19,15360,109568
18,23,16384,109568
18,23,18432,109568
18,23,1024,110592
18,37,2048,110592
18,27,6144,110592
18,18,12288,110592
18,18,13312,110592
18,19,14336,110592
18,23,15360,110592
18,23,17408,110592
18,23,20480,110592
23,37,1024,111616
23,27,5120,111616
23,18,11264,111616
23,18,12288,111616
23,19,13312,111616
23,23,14336,111616
23,23,16384,111616
23,23,19456,111616
37,27,4096,112640
37,18,10240,112640
37,18,11264,112640
37,19,12288,112640
37,23,13312,112640
37,23,15360,112640
37,23,18432,112640
27,18,6144,116736
27,18,7168,116736
27,19,8192,116736
27,23,9216,116736
27,23,11264,116736
27,23,14336,116736
27,18,19456,116736
27,41,19456,116736
27,28,20480,116736
27,41,20480,116736
18,18,1024,122880
18,19,2048,122880
18,23,3072,122880
18,23,5120,122880
18,23,8192,122880
18,18,13312,122880
18,41,13312,122880
18,28,14336,122880
18,41,14336,122880
18,27,15360,122880
18,27,16384,122880
18,27,17408,122880
18,55,17408,122880
18,31,18432,122880
18,19,1024,123904
18,23,2048,123904
18,23,4096,123904
18,23,7168,123904
18,18,12288,123904
18,41,12288,123904
18,28,13312,123904
18,41,13312,123904
18,27,14336,123904
18,27,15360,123904
18,27,16384,123904
18,55,16384,123904
18,31,17408,123904
18,62,17408,123904
19,23,1024,124928
19,23,3072,124928
19,23,6144,124928
19,18,11264,124928
19,41,11264,124928
19,28,12288,124928
19,41,12288,124928
19,27,13312,124928
19,27,14336,124928
19,27,15360,124928
19,55,15360,124928
19,31,16384,124928
19,62,16384,124928
19,31,17408,124928
23,23,2048,125952
23,23,5120,125952
23,18,10240,125952
23,41,10240,125952
23,28,11264,125952
23,41,11264,125952
23,27,12288,125952
23,27,13312,125952
23,27,14336,125952
23,55,14336,125952
23,31,15360,125952
23,62,15360,125952
23,31,16384,125952
23,62,16384,125952
23,23,3072,128000
23,18,8192,128000
23,41,8192,128000
23,28,9216,128000
23,41,9216,128000
23,27,10240,128000
23,27,11264,128000
23,27,12288,128000
23,55,12288,128000
23,31,13312,128000
23,62,13312,128000
23,31,14336,128000
23,62,14336,128000
23,74,15360,128000
23,18,5120,131072
23,41,5120,131072
23,28,6144,131072
23,41,6144,131072
23,27,7168,131072
23,27,8192,131072
23,27,9216,131072
23,55,9216,131072
23,31,10240,131072
23,62,10240,131072
23,31,11264,131072
23,62,11264,131072
23,74,12288,131072
23,27,13312,131072
18,41,0,136192
18,28,1024,136192
18,41,1024,136192
18,27,2048,136192
18,27,3072,136192
18,27,4096,136192
18,55,4096,136192
18,31,5120,136192
18,62,5120,136192
18,31,6144,136192
18,62,6144,136192
18,74,7168,136192
18,27,8192,136192
18,74,8192,136192
41,28,1024,136192
41,41,1024,136192
41,27,2048,136192
41,27,3072,136192
41,27,4096,136192
41,55,4096,136192
41,31,5120,136192
41,62,5120,136192
41,31,6144,136192
41,62,6144,136192
41,74,7168,136192
41,27,8192,136192
41,74,8192,136192
41,27,9216,136192
28,41,0,137216
28,27,1024,137216
28,27,2048,137216
28,27,3072,137216
28,55,3072,137216
28,31,4096,137216
28,62,4096,137216
28,31,5120,137216
28,62,5120,137216
28,74,6144,137216
28,27,7168,137216
28,74,7168,137216
28,27,8192,137216
28,74,8192,137216
41,27,1024,137216
41,27,2048,137216
41,27,3072,137216
41,55,3072,137216
41,31,4096,137216
41,62,4096,137216
41,31,5120,137216
41,62,5120,137216
41,74,6144,137216
41,27,7168,137216
41,74,7168,137216
41,27,8192,137216
41,74,8192,137216
41,27,9216,137216
27,27,1024,138240
27,27,2048,138240
27,55,2048,138240
27,31,3072,138240
27,62,3072,138240
27,31,4096,138240
27,62,4096,138240
27,74,5120,138240
27,27,6144,138240
27,74,6144,138240
27,27,7168,138240
27,74,7168,138240
27,27,8192,138240
27,62,8192,138240
27,27,1024,139264
27,55,1024,139264
27,31,2048,139264
27,62,2048,139264
27,31,3072,139264
27,62,3072,139264
27,74,4096,139264
27,27,5120,139264
27,74,5120,139264
27,27,6144,139264
27,74,6144,139264
27,27,7168,139264
27,62,7168,139264
27,28,8192,139264
27,55,0,140288
27,31,1024,140288
27,62,1024,140288
27,31,2048,140288
27,62,2048,140288
27,74,3072,140288
27,27,4096,140288
27,74,4096,140288
27,27,5120,140288
27,74,5120,140288
27,27,6144,140288
27,62,6144,140288
27,28,7168,140288
27,62,7168,140288
55,31,1024,140288
55,62,1024,140288
55,31,2048,140288
55,62,2048,140288
55,74,3072,140288
55,27,4096,140288
55,74,4096,140288
55,27,5120,140288
55,74,5120,140288
55,27,6144,140288
55,62,6144,140288
55,28,7168,140288
55,62,7168,140288
55,28,8192,140288
31,62,0,141312
31,31,1024,141312
31,62,1024,141312
31,74,2048,141312
31,27,3072,141312
31,74,3072,141312
31,27,4096,141312
31,74,4096,141312
31,27,5120,141312
31,62,5120,141312
31,28,6144,141312
31,62,6144,141312
31,28,7168,141312
31,62,7168,141312
62,31,1024,141312
62,62,1024,141312
62,74,2048,141312
62,27,3072,141312
62,74,3072,141312
62,27,4096,141312
62,74,4096,141312
62,27,5120,141312
62,62,5120,141312
62,28,6144,141312
62,62,6144,141312
62,28,7168,141312
62,62,7168,141312
62,28,8192,141312
31,62,0,142336
31,74,1024,142336
31,27,2048,142336
31,74,2048,142336
31,27,3072,142336
31,74,3072,142336
31,27,4096,142336
31,62,4096,142336
31,28,5120,142336
31,62,5120,142336
31,28,6144,142336
31,62,6144,142336
31,28,7168,142336
31,62,7168,142336
62,74,1024,142336
62,27,2048,142336
62,74,2048,142336
62,27,3072,142336
62,74,3072,142336
62,27,4096,142336
62,62,4096,142336
62,28,5120,142336
62,62,5120,142336
62,28,6144,142336
62,62,6144,142336
62,28,7168,142336
62,62,7168,142336
62,28,8192,142336
74,27,1024,143360
74,74,1024,143360
74,27,2048,143360
74,74,2048,143360
74,27,3072,143360
74,62,3072,143360
74,28,4096,143360
74,62,4096,143360
74,28,5120,143360
74,62,5120,143360
74,28,6144,143360
74,62,6144,143360
74,28,7168,143360
74,62,7168,143360
27,74,0,144384
27,27,1024,144384
27,74,1024,144384
27,27,2048,144384
27,62,2048,144384
27,28,3072,144384
27,62,3072,144384
27,28,4096,144384
27,62,4096,144384
27,28,5120,144384
27,62,5120,144384
27,28,6144,144384
27,62,6144,144384
27,28,7168,144384
74,27,1024,144384
74,74,1024,144384
74,27,2048,144384
74,62,2048,144384
74,28,3072,144384
74,62,3072,144384
74,28,4096,144384
74,62,4096,144384
74,28,5120,144384
74,62,5120,144384
74,28,6144,144384
74,62,6144,144384
74,28,7168,144384
74,62,7168,144384
27,74,0,145408
27,27,1024,145408
27,62,1024,145408
27,28,2048,145408
27,62,2048,145408
27,28,3072,145408
27,62,3072,145408
27,28,4096,145408
27,62,4096,145408
27,28,5120,145408
27,62,5120,145408
27,28,6144,145408
27,62,6144,145408
27,28,7168,145408
74,27,1024,145408
74,62,1024,145408
74,28,2048,145408
74,62,2048,145408
74,28,3072,145408
74,62,3072,145408
74,28,4096,145408
74,62,4096,145408
74,28,5120,145408
74,62,5120,145408
74,28,6144,145408
74,62,6144,145408
74,28,7168,145408
74,62,7168,145408
27,62,0,146432
27,28,1024,146432
27,62,1024,146432
27,28,2048,146432
27,62,2048,146432
27,28,3072,146432
27,62,3072,146432
27,28,4096,146432
27,62,4096,146432
27,28,5120,146432
27,62,5120,146432
27,28,6144,146432
27,62,6144,146432
27,28,7168,146432
62,28,1024,146432
62,62,1024,146432
62,28,2048,146432
62,62,2048,146432
62,28,3072,146432
62,62,3072,146432
62,28,4096,146432
62,62,4096,146432
62,28,5120,146432
62,62,5120,146432
62,28,6144,146432
62,62,6144,146432
62,28,7168,146432
62,62,7168,146432
28,62,0,147456
28,28,1024,147456
28,62,1024,147456
28,28,2048,147456
28,62,2048,147456
28,28,3072,147456
28,62,3072,147456
28,28,4096,147456
28,62,4096,147456
28,28,5120,147456
28,62,5120,147456
28,28,6144,147456
28,62,6144,147456
28,28,7168,147456
62,28,1024,147456
62,62,1024,147456
62,28,2048,147456
62,62,2048,147456
62,28,3072,147456
62,62,3072,147456
62,28,4096,147456
62,62,4096,147456
62,28,5120,147456
62,62,5120,147456
62,28,6144,147456
62,62,6144,147456
62,28,7168,147456
62,62,7168,147456
28,62,0,148480
28,28,1024,148480
28,62,1024,148480
28,28,2048,148480
28,62,2048,148480
28,28,3072,148480
28,62,3072,148480
28,28,4096,148480
28,62,4096,148480
28,28,5120,148480
28,62,5120,148480
28,28,6144,148480
28,62,6144,148480
28,27,7168,148480
62,28,1024,148480
62,62,1024,148480
62,28,2048,148480
62,62,2048,148480
62,28,3072,148480
62,62,3072,148480
62,28,4096,148480
62,62,4096,148480
62,28,5120,148480
62,62,5120,148480
62,28,6144,148480
62,62,6144,148480
62,27,7168,148480
62,28,8192,148480
28,62,0,149504
28,28,1024,149504
28,62,1024,149504
28,28,2048,149504
28,62,2048,149504
28,28,3072,149504
28,62,3072,149504
28,28,4096,149504
28,62,4096,149504
28,28,5120,149504
28,62,5120,149504
28,27,6144,149504
28,28,7168,149504
28,62,7168,149504
62,28,1024,149504
62,62,1024,149504
62,28,2048,149504
62,62,2048,149504
62,28,3072,149504
62,62,3072,149504
62,28,4096,149504
62,62,4096,149504
62,28,5120,149504
62,62,5120,149504
62,27,6144,149504
62,28,7168,149504
62,62,7168,149504
62,62,8192,149504
28,62,0,150528
28,28,1024,150528
28,62,1024,150528
28,28,2048,150528
28,62,2048,150528
28,28,3072,150528
28,62,3072,150528
28,28,4096,150528
28,62,4096,150528
28,27,5120,150528
28,28,6144,150528
28,62,6144,150528
28,62,7168,150528
28,28,8192,150528
62,28,1024,150528
62,62,1024,150528
62,28,2048,150528
62,62,2048,150528
62,28,3072,150528
62,62,3072,150528
62,28,4096,150528
62,62,4096,150528
62,27,5120,150528
62,28,6144,150528
62,62,6144,150528
62,62,7168,150528
62,28,8192,150528
62,62,8192,150528
28,62,0,151552
28,28,1024,151552
28,62,1024,151552
28,28,2048,151552
28,62,2048,151552
28,28,3072,151552
28,62,3072,151552
28,27,4096,151552
28,28,5120,151552
28,62,5120,151552
28,62,6144,151552
28,28,7168,151552
28,62,7168,151552
28,28,8192,151552
62,28,1024,151552
62,62,1024,151552
62,28,2048,151552
62,62,2048,151552
62,28,3072,151552
62,62,3072,151552
62,27,4096,151552
62,28,5120,151552
62,62,5120,151552
62,62,6144,151552
62,28,7168,151552
62,62,7168,151552
62,28,8192,151552
62,62,8192,151552
28,62,0,152576
28,28,1024,152576
28,62,1024,152576
28,28,2048,152576
28,62,2048,152576
28,27,3072,152576
28,28,4096,152576
28,62,4096,152576
28,62,5120,152576
28,28,6144,152576
28,62,6144,152576
28,28,7168,152576
28,62,7168,152576
28,28,8192,152576
62,28,1024,152576
62,62,1024,152576
62,28,2048,152576
62,62,2048,152576
62,27,3072,152576
62,28,4096,152576
62,62,4096,152576
62,62,5120,152576
62,28,6144,152576
62,62,6144,152576
62,28,7168,152576
62,62,7168,152576
62,28,8192,152576
62,62,8192,152576
28,62,0,153600
28,28,1024,153600
28,62,1024,153600
28,27,2048,153600
28,28,3072,153600
28,62,3072,153600
28,62,4096,153600
28,28,5120,153600
28,62,5120,153600
28,28,6144,153600
28,62,6144,153600
28,28,7168,153600
28,62,7168,153600
28,28,8192,153600
62,28,1024,153600
62,62,1024,153600
62,27,2048,153600
62,28,3072,153600
62,62,3072,153600
62,62,4096,153600
62,28,5120,153600
62,62,5120,153600
62,28,6144,153600
62,62,6144,153600
62,28,7168,153600
62,62,7168,153600
62,28,8192,153600
62,62,8192,153600
28,62,0,154624
28,27,1024,154624
28,28,2048,154624
28,62,2048,154624
28,62,3072,154624
28,28,4096,154624
28,62,4096,154624
28,28,5120,154624
28,62,5120,154624
28,28,6144,154624
28,62,6144,154624
28,28,7168,154624
28,62,7168,154624
28,23,8192,154624
62,27,1024,154624
62,28,2048,154624
62,62,2048,154624
62,62,3072,154624
62,28,4096,154624
62,62,4096,154624
62,28,5120,154624
62,62,5120,154624
62,28,6144,154624
62,62,6144,154624
62,28,7168,154624
62,62,7168,154624
62,23,8192,154624
62,62,8192,154624
27,28,1024,155648
27,62,1024,155648
27,62,2048,155648
27,28,3072,155648
27,62,3072,155648
27,28,4096,155648
27,62,4096,155648
27,28,5120,155648
27,62,5120,155648
27,28,6144,155648
27,62,6144,155648
27,23,7168,155648
27,62,7168,155648
27,23,8192,155648
28,62,0,156672
28,62,1024,156672
28,28,2048,156672
28,62,2048,156672
28,28,3072,156672
28,62,3072,156672
28,28,4096,156672
28,62,4096,156672
28,28,5120,156672
28,62,5120,156672
28,23,6144,156672
28,62,6144,156672
28,23,7168,156672
28,62,7168,156672
62,62,1024,156672
62,28,2048,156672
62,62,2048,156672
62,28,3072,156672
62,62,3072,156672
62,28,4096,156672
62,62,4096,156672
62,28,5120,156672
62,62,5120,156672
62,23,6144,156672
62,62,6144,156672
62,23,7168,156672
62,62,7168,156672
62,23,8192,156672
62,28,1024,157696
62,62,1024,157696
62,28,2048,157696
62,62,2048,157696
62,28,3072,157696
62,62,3072,157696
62,28,4096,157696
62,62,4096,157696
62,23,5120,157696
62,62,5120,157696
62,23,6144,157696
62,62,6144,157696
62,23,7168,157696
62,62,7168,157696
28,62,0,158720
28,28,1024,158720
28,62,1024,158720
28,28,2048,158720
28,62,2048,158720
28,28,3072,158720
28,62,3072,158720
28,23,4096,158720
28,62,4096,158720
28,23,5120,158720
28,62,5120,158720
28,23,6144,158720
28,62,6144,158720
28,28,7168,158720
62,28,1024,158720
62,62,1024,158720
62,28,2048,158720
62,62,2048,158720
62,28,3072,158720
62,62,3072,158720
62,23,4096,158720
62,62,4096,158720
62,23,5120,158720
62,62,5120,158720
62,23,6144,158720
62,62,6144,158720
62,28,7168,158720
62,62,7168,158720
28,62,0,159744
28,28,1024,159744
28,62,1024,159744
28,28,2048,159744
28,62,2048,159744
28,23,3072,159744
28,62,3072,159744
28,23,4096,159744
28,62,4096,159744
28,23,5120,159744
28,62,5120,159744
28,28,6144,159744
28,62,6144,159744
28,28,7168,159744
62,28,1024,159744
62,62,1024,159744
62,28,2048,159744
62,62,2048,159744
62,23,3072,159744
62,62,3072,159744
62,23,4096,159744
62,62,4096,159744
62,23,5120,159744
62,62,5120,159744
62,28,6144,159744
62,62,6144,159744
62,28,7168,159744
62,62,7168,159744
28,62,0,160768
28,28,1024,160768
28,62,1024,160768
28,23,2048,160768
28,62,2048,160768
28,23,3072,160768
28,62,3072,160768
28,23,4096,160768
28,62,4096,160768
28,28,5120,160768
28,62,5120,160768
28,28,6144,160768
28,62,6144,160768
28,28,7168,160768
62,28,1024,160768
62,62,1024,160768
62,23,2048,160768
62,62,2048,160768
62,23,3072,160768
62,62,3072,160768
62,23,4096,160768
62,62,4096,160768
62,28,5120,160768
62,62,5120,160768
62,28,6144,160768
62,62,6144,160768
62,28,7168,160768
62,62,7168,160768
28,62,0,161792
28,23,1024,161792
28,62,1024,161792
28,23,2048,161792
28,62,2048,161792
28,23,3072,161792
28,62,3072,161792
28,28,4096,161792
28,62,4096,161792
28,28,5120,161792
28,62,5120,161792
28,28,6144,161792
28,62,6144,161792
28,28,7168,161792
62,23,1024,161792
62,62,1024,161792
62,23,2048,161792
62,62,2048,161792
62,23,3072,161792
62,62,3072,161792
62,28,4096,161792
62,62,4096,161792
62,28,5120,161792
62,62,5120,161792
62,28,6144,161792
62,62,6144,161792
62,28,7168,161792
62,62,7168,161792
23,62,0,162816
23,23,1024,162816
23,62,1024,162816
23,23,2048,162816
23,62,2048,162816
23,28,3072,162816
23,62,3072,162816
23,28,4096,162816
23,62,4096,162816
23,28,5120,162816
23,62,5120,162816
23,28,6144,162816
23,62,6144,162816
23,28,7168,162816
62,23,1024,162816
62,62,1024,162816
62,23,2048,162816
62,62,2048,162816
62,28,3072,162816
62,62,3072,162816
62,28,4096,162816
62,62,4096,162816
62,28,5120,162816
62,62,5120,162816
62,28,6144,162816
62,62,6144,162816
62,28,7168,162816
62,62,7168,162816
23,62,0,163840
23,23,1024,163840
23,62,1024,163840
23,28,2048,163840
23,62,2048,163840
23,28,3072,163840
23,62,3072,163840
23,28,4096,163840
23,62,4096,163840
23,28,5120,163840
23,62,5120,163840
23,28,6144,163840
23,62,6144,163840
23,28,7168,163840
62,23,1024,163840
62,62,1024,163840
62,28,2048,163840
62,62,2048,163840
62,28,3072,163840
62,62,3072,163840
62,28,4096,163840
62,62,4096,163840
62,28,5120,163840
62,62,5120,163840
62,28,6144,163840
62,62,6144,163840
62,28,7168,163840
62,62,7168,163840
23,62,0,164864
23,28,1024,164864
23,62,1024,164864
23,28,2048,164864
23,62,2048,164864
23,28,3072,164864
23,62,3072,164864
23,28,4096,164864
23,62,4096,164864
23,28,5120,164864
23,62,5120,164864
23,28,6144,164864
23,62,6144,164864
23,28,8192,164864
62,28,1024,164864
62,62,1024,164864
62,28,2048,164864
62,62,2048,164864
62,28,3072,164864
62,62,3072,164864
62,28,4096,164864
62,62,4096,164864
62,28,5120,164864
62,62,5120,164864
62,28,6144,164864
62,62,6144,164864
62,28,8192,164864
62,62,8192,164864
28,62,0,165888
28,28,1024,165888
28,62,1024,165888
28,28,2048,165888
28,62,2048,165888
28,28,3072,165888
28,62,3072,165888
28,28,4096,165888
28,62,4096,165888
28,28,5120,165888
28,62,5120,165888
28,28,7168,165888
28,62,7168,165888
28,28,8192,165888
62,28,1024,165888
62,62,1024,165888
62,28,2048,165888
62,62,2048,165888
62,28,3072,165888
62,62,3072,165888
62,28,4096,165888
62,62,4096,165888
62,28,5120,165888
62,62,5120,165888
62,28,7168,165888
62,62,7168,165888
62,28,8192,165888
62,62,8192,165888
28,62,0,166912
28,28,1024,166912
28,62,1024,166912
28,28,2048,166912
28,62,2048,166912
28,28,3072,166912
28,62,3072,166912
28,28,4096,166912
28,62,4096,166912
28,28,6144,166912
28,62,6144,166912
28,28,7168,166912
28,62,7168,166912
28,28,8192,166912
62,28,1024,166912
62,62,1024,166912
62,28,2048,166912
62,62,2048,166912
62,28,3072,166912
62,62,3072,166912
62,28,4096,166912
62,62,4096,166912
62,28,6144,166912
62,62,6144,166912
62,28,7168,166912
62,62,7168,166912
62,28,8192,166912
62,62,8192,166912
28,62,0,167936
28,28,1024,167936
28,62,1024,167936
28,28,2048,167936
28,62,2048,167936
28,28,3072,167936
28,62,3072,167936
28,28,5120,167936
28,62,5120,167936
28,28,6144,167936
28,62,6144,167936
28,28,7168,167936
28,62,7168,167936
28,28,8192,167936
62,28,1024,167936
62,62,1024,167936
62,28,2048,167936
62,62,2048,167936
62,28,3072,167936
62,62,3072,167936
62,28,5120,167936
62,62,5120,167936
62,28,6144,167936
62,62,6144,167936
62,28,7168,167936
62,62,7168,167936
62,28,8192,167936
62,62,8192,167936
28,62,0,168960
28,28,1024,168960
28,62,1024,168960
28,28,2048,168960
28,62,2048,168960
28,28,4096,168960
28,62,4096,168960
28,28,5120,168960
28,62,5120,168960
28,28,6144,168960
28,62,6144,168960
28,28,7168,168960
28,62,7168,168960
28,28,8192,168960
62,28,1024,168960
62,62,1024,168960
62,28,2048,168960
62,62,2048,168960
62,28,4096,168960
62,62,4096,168960
62,28,5120,168960
62,62,5120,168960
62,28,6144,168960
62,62,6144,168960
62,28,7168,168960
62,62,7168,168960
62,28,8192,168960
62,62,8192,168960
28,62,0,169984
28,28,1024,169984
28,62,1024,169984
28,28,3072,169984
28,62,3072,169984
28,28,4096,169984
28,62,4096,169984
28,28,5120,169984
28,62,5120,169984
28,28,6144,169984
28,62,6144,169984
28,28,7168,169984
28,62,7168,169984
28,28,8192,169984
62,28,1024,169984
62,62,1024,169984
62,28,3072,169984
62,62,3072,169984
62,28,4096,169984
62,62,4096,169984
62,28,5120,169984
62,62,5120,169984
62,28,6144,169984
62,62,6144,169984
62,28,7168,169984
62,62,7168,169984
62,28,8192,169984
62,62,8192,169984
28,62,0,171008
28,28,2048,171008
28,62,2048,171008
28,28,3072,171008
28,62,3072,171008
28,28,4096,171008
28,62,4096,171008
28,28,5120,171008
28,62,5120,171008
28,28,6144,171008
28,62,6144,171008
28,28,7168,171008
28,62,7168,171008
28,28,8192,171008
62,28,2048,171008
62,62,2048,171008
62,28,3072,171008
62,62,3072,171008
62,28,4096,171008
62,62,4096,171008
62,28,5120,171008
62,62,5120,171008
62,28,6144,171008
62,62,6144,171008
62,28,7168,171008
62,62,7168,171008
62,28,8192,171008
62,62,8192,171008
28,62,0,173056
28,28,1024,173056
28,62,1024,173056
28,28,2048,173056
28,62,2048,173056
28,28,3072,173056
28,62,3072,173056
28,28,4096,173056
28,62,4096,173056
28,28,5120,173056
28,62,5120,173056
28,28,6144,173056
28,62,6144,173056
28,28,7168,173056
62,28,1024,173056
62,62,1024,173056
62,28,2048,173056
62,62,2048,173056
62,28,3072,173056
62,62,3072,173056
62,28,4096,173056
62,62,4096,173056
62,28,5120,173056
62,62,5120,173056
62,28,6144,173056
62,62,6144,173056
62,28,7168,173056
62,62,7168,173056
28,62,0,174080
28,28,1024,174080
28,62,1024,174080
28,28,2048,174080
28,62,2048,174080
28,28,3072,174080
28,62,3072,174080
28,28,4096,174080
28,62,4096,174080
28,28,5120,174080
28,62,5120,174080
28,28,6144,174080
28,62,6144,174080
28,31,7168,174080
62,28,1024,174080
62,62,1024,174080
62,28,2048,174080
62,62,2048,174080
62,28,3072,174080
62,62,3072,174080
62,28,4096,174080
62,62,4096,174080
62,28,5120,174080
62,62,5120,174080
62,28,6144,174080
62,62,6144,174080
62,31,7168,174080
62,62,7168,174080
28,62,0,175104
28,28,1024,175104
28,62,1024,175104
28,28,2048,175104
28,62,2048,175104
28,28,3072,175104
28,62,3072,175104
28,28,4096,175104
28,62,4096,175104
28,28,5120,175104
28,62,5120,175104
28,31,6144,175104
28,62,6144,175104
28,31,7168,175104
62,28,1024,175104
62,62,1024,175104
62,28,2048,175104
62,62,2048,175104
62,28,3072,175104
62,62,3072,175104
62,28,4096,175104
62,62,4096,175104
62,28,5120,175104
62,62,5120,175104
62,31,6144,175104
62,62,6144,175104
62,31,7168,175104
62,62,7168,175104
28,62,0,176128
28,28,1024,176128
28,62,1024,176128
28,28,2048,176128
28,62,2048,176128
28,28,3072,176128
28,62,3072,176128
28,28,4096,176128
28,62,4096,176128
28,31,5120,176128
28,62,5120,176128
28,31,6144,176128
28,62,6144,176128
28,74,7168,176128
62,28,1024,176128
62,62,1024,176128
62,28,2048,176128
62,62,2048,176128
62,28,3072,176128
62,62,3072,176128
62,28,4096,176128
62,62,4096,176128
62,31,5120,176128
62,62,5120,176128
62,31,6144,176128
62,62,6144,176128
62,74,7168,176128
62,30,8192,176128
28,62,0,177152
28,28,1024,177152
28,62,1024,177152
28,28,2048,177152
28,62,2048,177152
28,28,3072,177152
28,62,3072,177152
28,31,4096,177152
28,62,4096,177152
28,31,5120,177152
28,62,5120,177152
28,74,6144,177152
28,30,7168,177152
28,61,7168,177152
62,28,1024,177152
62,62,1024,177152
62,28,2048,177152
62,62,2048,177152
62,28,3072,177152
62,62,3072,177152
62,31,4096,177152
62,62,4096,177152
62,31,5120,177152
62,62,5120,177152
62,74,6144,177152
62,30,7168,177152
62,61,7168,177152
62,28,8192,177152
28,62,0,178176
28,28,1024,178176
28,62,1024,178176
28,28,2048,178176
28,62,2048,178176
28,31,3072,178176
28,62,3072,178176
28,31,4096,178176
28,62,4096,178176
28,74,5120,178176
28,30,6144,178176
28,61,6144,178176
28,28,7168,178176
28,18,8192,178176
62,28,1024,178176
62,62,1024,178176
62,28,2048,178176
62,62,2048,178176
62,31,3072,178176
62,62,3072,178176
62,31,4096,178176
62,62,4096,178176
62,74,5120,178176
62,30,6144,178176
62,61,6144,178176
62,28,7168,178176
62,18,8192,178176
62,46,8192,178176
28,62,0,179200
28,28,1024,179200
28,62,1024,179200
28,31,2048,179200
28,62,2048,179200
28,31,3072,179200
28,62,3072,179200
28,74,4096,179200
28,30,5120,179200
28,61,5120,179200
28,28,6144,179200
28,18,7168,179200
28,46,7168,179200
28,18,8192,179200
62,28,1024,179200
62,62,1024,179200
62,31,2048,179200
62,62,2048,179200
62,31,3072,179200
62,62,3072,179200
62,74,4096,179200
62,30,5120,179200
62,61,5120,179200
62,28,6144,179200
62,18,7168,179200
62,46,7168,179200
62,18,8192,179200
62,23,10240,179200
28,62,0,180224
28,31,1024,180224
28,62,1024,180224
28,31,2048,180224
28,62,2048,180224
28,74,3072,180224
28,30,4096,180224
28,61,4096,180224
28,28,5120,180224
28,18,6144,180224
28,46,6144,180224
28,18,7168,180224
28,23,9216,180224
28,37,11264,180224
62,31,1024,180224
62,62,1024,180224
62,31,2048,180224
62,62,2048,180224
62,74,3072,180224
62,30,4096,180224
62,61,4096,180224
62,28,5120,180224
62,18,6144,180224
62,46,6144,180224
62,18,7168,180224
62,23,9216,180224
62,37,11264,180224
62,27,12288,180224
31,62,0,181248
31,31,1024,181248
31,62,1024,181248
31,74,2048,181248
31,30,3072,181248
31,61,3072,181248
31,28,4096,181248
31,18,5120,181248
31,46,5120,181248
31,18,6144,181248
31,23,8192,181248
31,37,10240,181248
31,27,11264,181248
31,62,13312,181248
62,31,1024,181248
62,62,1024,181248
62,74,2048,181248
62,30,3072,181248
62,61,3072,181248
62,28,4096,181248
62,18,5120,181248
62,46,5120,181248
62,18,6144,181248
62,23,8192,181248
62,37,10240,181248
62,27,11264,181248
62,62,13312,181248
62,18,14336,181248
31,62,0,182272
31,74,1024,182272
31,30,2048,182272
31,61,2048,182272
31,28,3072,182272
31,18,4096,182272
31,46,4096,182272
31,18,5120,182272
31,23,7168,182272
31,37,9216,182272
31,27,10240,182272
31,62,12288,182272
31,18,13312,182272
31,27,14336,182272
62,74,1024,182272
62,30,2048,182272
62,61,2048,182272
62,28,3072,182272
62,18,4096,182272
62,46,4096,182272
62,18,5120,182272
62,23,7168,182272
62,37,9216,182272
62,27,10240,182272
62,62,12288,182272
62,18,13312,182272
62,27,14336,182272
62,18,15360,182272
74,30,1024,183296
74,61,1024,183296
74,28,2048,183296
74,18,3072,183296
74,46,3072,183296
74,18,4096,183296
74,23,6144,183296
74,37,8192,183296
74,27,9216,183296
74,62,11264,183296
74,18,12288,183296
74,27,13312,183296
74,18,14336,183296
74,37,15360,183296
30,61,0,184320
30,28,1024,184320
30,18,2048,184320
30,46,2048,184320
30,18,3072,184320
30,23,5120,184320
30,37,7168,184320
30,27,8192,184320
30,62,10240,184320
30,18,11264,184320
30,27,12288,184320
30,18,13312,184320
30,37,14336,184320
30,61,15360,184320
61,28,1024,184320
61,18,2048,184320
61,46,2048,184320
61,18,3072,184320
61,23,5120,184320
61,37,7168,184320
61,27,8192,184320
61,62,10240,184320
61,18,11264,184320
61,27,12288,184320
61,18,13312,184320
61,37,14336,184320
61,61,15360,184320
61,23,16384,184320
28,18,1024,185344
28,46,1024,185344
28,18,2048,185344
28,23,4096,185344
28,37,6144,185344
28,27,7168,185344
28,62,9216,185344
28,18,10240,185344
28,27,11264,185344
28,18,12288,185344
28,37,13312,185344
28,61,14336,185344
28,23,15360,185344
28,62,15360,185344
18,46,0,186368
18,18,1024,186368
18,23,3072,186368
18,37,5120,186368
18,27,6144,186368
18,62,8192,186368
18,18,9216,186368
18,27,10240,186368
18,18,11264,186368
18,37,12288,186368
18,61,13312,186368
18,23,14336,186368
18,62,14336,186368
18,19,17408,186368
46,18,1024,186368
46,23,3072,186368
46,37,5120,186368
46,27,6144,186368
46,62,8192,186368
46,18,9216,186368
46,27,10240,186368
46,18,11264,186368
46,37,12288,186368
46,61,13312,186368
46,23,14336,186368
46,62,14336,186368
46,19,17408,186368
46,18,19456,186368
18,23,2048,187392
18,37,4096,187392
18,27,5120,187392
18,62,7168,187392
18,18,8192,187392
18,27,9216,187392
18,18,10240,187392
18,37,11264,187392
18,61,12288,187392
18,23,13312,187392
18,62,13312,187392
18,19,16384,187392
18,18,18432,187392
18,37,19456,187392
23,37,2048,189440
23,27,3072,189440
23,62,5120,189440
23,18,6144,189440
23,27,7168,189440
23,18,8192,189440
23,37,9216,189440
23,61,10240,189440
23,23,11264,189440
23,62,11264,189440
23,19,14336,189440
23,18,16384,189440
23,37,17408,189440
23,37,18432,189440
37,27,1024,191488
37,62,3072,191488
37,18,4096,191488
37,27,5120,191488
37,18,6144,191488
37,37,7168,191488
37,61,8192,191488
37,23,9216,191488
37,62,9216,191488
37,19,12288,191488
37,18,14336,191488
37,37,15360,191488
37,37,16384,191488
37,27,17408,191488
27,62,2048,192512
27,18,3072,192512
27,27,4096,192512
27,18,5120,192512
27,37,6144,192512
27,61,7168,192512
27,23,8192,192512
27,62,8192,192512
27,19,11264,192512
27,18,13312,192512
27,37,14336,192512
27,37,15360,192512
27,27,16384,192512
27,27,18432,192512
62,18,1024,194560
62,27,2048,194560
62,18,3072,194560
62,37,4096,194560
62,61,5120,194560
62,23,6144,194560
62,62,6144,194560
62,19,9216,194560
62,18,11264,194560
62,37,12288,194560
62,37,13312,194560
62,27,14336,194560
62,27,16384,194560
62,46,16384,194560
18,27,1024,195584
18,18,2048,195584
18,37,3072,195584
18,61,4096,195584
18,23,5120,195584
18,62,5120,195584
18,19,8192,195584
18,18,10240,195584
18,37,11264,195584
18,37,12288,195584
18,27,13312,195584
18,27,15360,195584
18,46,15360,195584
18,27,16384,195584
27,18,1024,196608
27,37,2048,196608
27,61,3072,196608
27,23,4096,196608
27,62,4096,196608
27,19,7168,196608
27,18,9216,196608
27,37,10240,196608
27,37,11264,196608
27,27,12288,196608
27,27,14336,196608
27,46,14336,196608
27,27,15360,196608
27,41,16384,196608
18,37,1024,197632
18,61,2048,197632
18,23,3072,197632
18,62,3072,197632
18,19,6144,197632
18,18,8192,197632
18,37,9216,197632
18,37,10240,197632
18,27,11264,197632
18,27,13312,197632
18,46,13312,197632
18,27,14336,197632
18,41,15360,197632
18,27,16384,197632
37,61,1024,198656
37,23,2048,198656
37,62,2048,198656
37,19,5120,198656
37,18,7168,198656
37,37,8192,198656
37,37,9216,198656
37,27,10240,198656
37,27,12288,198656
37,46,12288,198656
37,27,13312,198656
37,41,14336,198656
37,27,15360,198656
37,27,16384,198656
61,23,1024,199680
61,62,1024,199680
61,19,4096,199680
61,18,6144,199680
61,37,7168,199680
61,37,8192,199680
61,27,9216,199680
61,27,11264,199680
61,46,11264,199680
61,27,12288,199680
61,41,13312,199680
61,27,14336,199680
61,27,15360,199680
61,27,16384,199680
23,62,0,200704
23,19,3072,200704
23,18,5120,200704
23,37,6144,200704
23,37,7168,200704
23,27,8192,200704
23,27,10240,200704
23,46,10240,200704
23,27,11264,200704
23,41,12288,200704
23,27,13312,200704
23,27,14336,200704
23,27,15360,200704
23,27,16384,200704
62,19,3072,200704
62,18,5120,200704
62,37,6144,200704
62,37,7168,200704
62,27,8192,200704
62,27,10240,200704
62,46,10240,200704
62,27,11264,200704
62,41,12288,200704
62,27,13312,200704
62,27,14336,200704
62,27,15360,200704
62,27,16384,200704
62,28,17408,200704
19,18,2048,203776
19,37,3072,203776
19,37,4096,203776
19,27,5120,203776
19,27,7168,203776
19,46,7168,203776
19,27,8192,203776
19,41,9216,203776
19,27,10240,203776
19,27,11264,203776
19,27,12288,203776
19,27,13312,203776
19,28,14336,203776
19,62,15360,203776
18,37,1024,205824
18,37,2048,205824
18,27,3072,205824
18,27,5120,205824
18,46,5120,205824
18,27,6144,205824
18,41,7168,205824
18,27,8192,205824
18,27,9216,205824
18,27,10240,205824
18,27,11264,205824
18,28,12288,205824
18,62,13312,205824
18,62,14336,205824
37,37,1024,206848
37,27,2048,206848
37,27,4096,206848
37,46,4096,206848
37,27,5120,206848
37,41,6144,206848
37,27,7168,206848
37,27,8192,206848
37,27,9216,206848
37,27,10240,206848
37,28,11264,206848
37,62,12288,206848
37,62,13312,206848
37,62,14336,206848
37,27,1024,207872
37,27,3072,207872
37,46,3072,207872
37,27,4096,207872
37,41,5120,207872
37,27,6144,207872
37,27,7168,207872
37,27,8192,207872
37,27,9216,207872
37,28,10240,207872
37,62,11264,207872
37,62,12288,207872
37,62,13312,207872
37,27,15360,207872
27,27,2048,208896
27,46,2048,208896
27,27,3072,208896
27,41,4096,208896
27,27,5120,208896
27,27,6144,208896
27,27,7168,208896
27,27,8192,208896
27,28,9216,208896
27,62,10240,208896
27,62,11264,208896
27,62,12288,208896
27,27,14336,208896
27,62,14336,208896
27,46,0,210944
27,27,1024,210944
27,41,2048,210944
27,27,3072,210944
27,27,4096,210944
27,27,5120,210944
27,27,6144,210944
27,28,7168,210944
27,62,8192,210944
27,62,9216,210944
27,62,10240,210944
27,27,12288,210944
27,62,12288,210944
27,28,13312,210944
46,27,1024,210944
46,41,2048,210944
46,27,3072,210944
46,27,4096,210944
46,27,5120,210944
46,27,6144,210944
46,28,7168,210944
46,62,8192,210944
46,62,9216,210944
46,62,10240,210944
46,27,12288,210944
46,62,12288,210944
46,28,13312,210944
46,62,13312,210944
27,41,1024,211968
27,27,2048,211968
27,27,3072,211968
27,27,4096,211968
27,27,5120,211968
27,28,6144,211968
27,62,7168,211968
27,62,8192,211968
27,62,9216,211968
27,27,11264,211968
27,62,11264,211968
27,28,12288,211968
27,62,12288,211968
27,28,13312,211968
41,27,1024,212992
41,27,2048,212992
41,27,3072,212992
41,27,4096,212992
41,28,5120,212992
41,62,6144,212992
41,62,7168,212992
41,62,8192,212992
41,27,10240,212992
41,62,10240,212992
41,28,11264,212992
41,62,11264,212992
41,28,12288,212992
41,28,13312,212992
27,27,1024,214016
27,27,2048,214016
27,27,3072,214016
27,28,4096,214016
27,62,5120,214016
27,62,6144,214016
27,62,7168,214016
27,27,9216,214016
27,62,9216,214016
27,28,10240,214016
27,62,10240,214016
27,28,11264,214016
27,28,12288,214016
27,28,13312,214016
27,27,1024,215040
27,27,2048,215040
27,28,3072,215040
27,62,4096,215040
27,62,5120,215040
27,62,6144,215040
27,27,8192,215040
27,62,8192,215040
27,28,9216,215040
27,62,9216,215040
27,28,10240,215040
27,28,11264,215040
27,28,12288,215040
27,28,13312,215040
27,27,1024,216064
27,28,2048,216064
27,62,3072,216064
27,62,4096,216064
27,62,5120,216064
27,27,7168,216064
27,62,7168,216064
27,28,8192,216064
27,62,8192,216064
27,28,9216,216064
27,28,10240,216064
27,28,11264,216064
27,28,12288,216064
27,28,13312,216064
27,28,1024,217088
27,62,2048,217088
27,62,3072,217088
27,62,4096,217088
27,27,6144,217088
27,62,6144,217088
27,28,7168,217088
27,62,7168,217088
27,28,8192,217088
27,28,9216,217088
27,28,10240,217088
27,28,11264,217088
27,28,12288,217088
27,28,13312,217088
28,62,1024,218112
28,62,2048,218112
28,62,3072,218112
28,27,5120,218112
28,62,5120,218112
28,28,6144,218112
28,62,6144,218112
28,28,7168,218112
28,28,8192,218112
28,28,9216,218112
28,28,10240,218112
28,28,11264,218112
28,28,12288,218112
28,28,13312,218112
62,62,1024,219136
62,62,2048,219136
62,27,4096,219136
62,62,4096,219136
62,28,5120,219136
62,62,5120,219136
62,28,6144,219136
62,28,7168,219136
62,28,8192,219136
62,28,9216,219136
62,28,10240,219136
62,28,11264,219136
62,28,12288,219136
62,28,13312,219136
62,62,1024,220160
62,27,3072,220160
62,62,3072,220160
62,28,4096,220160
62,62,4096,220160
62,28,5120,220160
62,28,6144,220160
62,28,7168,220160
62,28,8192,220160
62,28,9216,220160
62,28,10240,220160
62,28,11264,220160
62,28,12288,220160
62,74,12288,220160
62,27,2048,221184
62,62,2048,221184
62,28,3072,221184
62,62,3072,221184
62,28,4096,221184
62,28,5120,221184
62,28,6144,221184
62,28,7168,221184
62,28,8192,221184
62,28,9216,221184
62,28,10240,221184
62,28,11264,221184
62,74,11264,221184
62,28,12288,221184
27,62,0,223232
27,28,1024,223232
27,62,1024,223232
27,28,2048,223232
27,28,3072,223232
27,28,4096,223232
27,28,5120,223232
27,28,6144,223232
27,28,7168,223232
27,28,8192,223232
27,28,9216,223232
27,74,9216,223232
27,28,10240,223232
27,27,11264,223232
62,28,1024,223232
62,62,1024,223232
62,28,2048,223232
62,28,3072,223232
62,28,4096,223232
62,28,5120,223232
62,28,6144,223232
62,28,7168,223232
62,28,8192,223232
62,28,9216,223232
62,74,9216,223232
62,28,10240,223232
62,27,11264,223232
62,28,12288,223232
28,62,0,224256
28,28,1024,224256
28,28,2048,224256
28,28,3072,224256
28,28,4096,224256
28,28,5120,224256
28,28,6144,224256
28,28,7168,224256
28,28,8192,224256
28,74,8192,224256
28,28,9216,224256
28,27,10240,224256
28,28,11264,224256
28,28,12288,224256
62,28,1024,224256
62,28,2048,224256
62,28,3072,224256
62,28,4096,224256
62,28,5120,224256
62,28,6144,224256
62,28,7168,224256
62,28,8192,224256
62,74,8192,224256
62,28,9216,224256
62,27,10240,224256
62,28,11264,224256
62,28,12288,224256
62,28,13312,224256
28,28,1024,225280
28,28,2048,225280
28,28,3072,225280
28,28,4096,225280
28,28,5120,225280
28,28,6144,225280
28,28,7168,225280
28,74,7168,225280
28,28,8192,225280
28,27,9216,225280
28,28,10240,225280
28,28,11264,225280
28,28,12288,225280
28,73,12288,225280
28,28,1024,226304
28,28,2048,226304
28,28,3072,226304
28,28,4096,226304
28,28,5120,226304
28,28,6144,226304
28,74,6144,226304
28,28,7168,226304
28,27,8192,226304
28,28,9216,226304
28,28,10240,226304
28,28,11264,226304
28,73,11264,226304
28,28,12288,226304
28,28,1024,227328
28,28,2048,227328
28,28,3072,227328
28,28,4096,227328
28,28,5120,227328
28,74,5120,227328
28,28,6144,227328
28,27,7168,227328
28,28,8192,227328
28,28,9216,227328
28,28,10240,227328
28,73,10240,227328
28,28,11264,227328
28,28,12288,227328
28,28,1024,228352
28,28,2048,228352
28,28,3072,228352
28,28,4096,228352
28,74,4096,228352
28,28,5120,228352
28,27,6144,228352
28,28,7168,228352
28,28,8192,228352
28,28,9216,228352
28,73,9216,228352
28,28,10240,228352
28,28,11264,228352
28,23,12288,228352
28,28,1024,229376
28,28,2048,229376
28,28,3072,229376
28,74,3072,229376
28,28,4096,229376
28,27,5120,229376
28,28,6144,229376
28,28,7168,229376
28,28,8192,229376
28,73,8192,229376
28,28,9216,229376
28,28,10240,229376
28,23,11264,229376
28,28,12288,229376
28,28,1024,230400
28,28,2048,230400
28,74,2048,230400
28,28,3072,230400
28,27,4096,230400
28,28,5120,230400
28,28,6144,230400
28,28,7168,230400
28,73,7168,230400
28,28,8192,230400
28,28,9216,230400
28,23,10240,230400
28,28,11264,230400
28,28,12288,230400
28,28,1024,231424
28,74,1024,231424
28,28,2048,231424
28,27,3072,231424
28,28,4096,231424
28,28,5120,231424
28,28,6144,231424
28,73,6144,231424
28,28,7168,231424
28,28,8192,231424
28,23,9216,231424
28,28,10240,231424
28,28,11264,231424
28,28,12288,231424
28,74,0,232448
28,28,1024,232448
28,27,2048,232448
28,28,3072,232448
28,28,4096,232448
28,28,5120,232448
28,73,5120,232448
28,28,6144,232448
28,28,7168,232448
28,23,8192,232448
28,28,9216,232448
28,28,10240,232448
28,28,11264,232448
28,28,12288,232448
74,28,1024,232448
74,27,2048,232448
74,28,3072,232448
74,28,4096,232448
74,28,5120,232448
74,73,5120,232448
74,28,6144,232448
74,28,7168,232448
74,23,8192,232448
74,28,9216,232448
74,28,10240,232448
74,28,11264,232448
74,28,12288,232448
74,28,13312,232448
28,27,1024,233472
28,28,2048,233472
28,28,3072,233472
28,28,4096,233472
28,73,4096,233472
28,28,5120,233472
28,28,6144,233472
28,23,7168,233472
28,28,8192,233472
28,28,9216,233472
28,28,10240,233472
28,28,11264,233472
28,28,12288,233472
28,28,13312,233472
27,28,1024,234496
27,28,2048,234496
27,28,3072,234496
27,73,3072,234496
27,28,4096,234496
27,28,5120,234496
27,23,6144,234496
27,28,7168,234496
27,28,8192,234496
27,28,9216,234496
27,28,10240,234496
27,28,11264,234496
27,28,12288,234496
27,28,13312,234496
28,28,1024,235520
28,28,2048,235520
28,73,2048,235520
28,28,3072,235520
28,28,4096,235520
28,23,5120,235520
28,28,6144,235520
28,28,7168,235520
28,28,8192,235520
28,28,9216,235520
28,28,10240,235520
28,28,11264,235520
28,28,12288,235520
28,28,14336,235520
28,28,1024,236544
28,73,1024,236544
28,28,2048,236544
28,28,3072,236544
28,23,4096,236544
28,28,5120,236544
28,28,6144,236544
28,28,7168,236544
28,28,8192,236544
28,28,9216,236544
28,28,10240,236544
28,28,11264,236544
28,28,13312,236544
28,28,14336,236544
28,73,0,237568
28,28,1024,237568
28,28,2048,237568
28,23,3072,237568
28,28,4096,237568
28,28,5120,237568
28,28,6144,237568
28,28,7168,237568
28,28,8192,237568
28,28,9216,237568
28,28,10240,237568
28,28,12288,237568
28,28,13312,237568
28,28,14336,237568
73,28,1024,237568
73,28,2048,237568
73,23,3072,237568
73,28,4096,237568
73,28,5120,237568
73,28,6144,237568
73,28,7168,237568
73,28,8192,237568
73,28,9216,237568
73,28,10240,237568
73,28,12288,237568
73,28,13312,237568
73,28,14336,237568
73,41,14336,237568
28,28,1024,238592
28,23,2048,238592
28,28,3072,238592
28,28,4096,238592
28,28,5120,238592
28,28,6144,238592
28,28,7168,238592
28,28,8192,238592
28,28,9216,238592
28,28,11264,238592
28,28,12288,238592
28,28,13312,238592
28,41,13312,238592
28,28,14336,238592
28,23,1024,239616
28,28,2048,239616
28,28,3072,239616
28,28,4096,239616
28,28,5120,239616
28,28,6144,239616
28,28,7168,239616
28,28,8192,239616
28,28,10240,239616
28,28,11264,239616
28,28,12288,239616
28,41,12288,239616
28,28,13312,239616
28,19,14336,239616
23,28,1024,240640
23,28,2048,240640
23,28,3072,240640
23,28,4096,240640
23,28,5120,240640
23,28,6144,240640
23,28,7168,240640
23,28,9216,240640
23,28,10240,240640
23,28,11264,240640
23,41,11264,240640
23,28,12288,240640
23,19,13312,240640
23,23,14336,240640
28,28,1024,241664
28,28,2048,241664
28,28,3072,241664
28,28,4096,241664
28,28,5120,241664
28,28,6144,241664
28,28,8192,241664
28,28,9216,241664
28,28,10240,241664
28,41,10240,241664
28,28,11264,241664
28,19,12288,241664
28,23,13312,241664
28,28,14336,241664
28,28,1024,242688
28,28,2048,242688
28,28,3072,242688
28,28,4096,242688
28,28,5120,242688
28,28,7168,242688
28,28,8192,242688
28,28,9216,242688
28,41,9216,242688
28,28,10240,242688
28,19,11264,242688
28,23,12288,242688
28,28,13312,242688
28,28,14336,242688
28,28,1024,243712
28,28,2048,243712
28,28,3072,243712
28,28,4096,243712
28,28,6144,243712
28,28,7168,243712
28,28,8192,243712
28,41,8192,243712
28,28,9216,243712
28,19,10240,243712
28,23,11264,243712
28,28,12288,243712
28,28,13312,243712
28,28,14336,243712
28,28,1024,244736
28,28,2048,244736
28,28,3072,244736
28,28,5120,244736
28,28,6144,244736
28,28,7168,244736
28,41,7168,244736
28,28,8192,244736
28,19,9216,244736
28,23,10240,244736
28,28,11264,244736
28,28,12288,244736
28,28,13312,244736
28,28,14336,244736
28,28,1024,245760
28,28,2048,245760
28,28,4096,245760
28,28,5120,245760
28,28,6144,245760
28,41,6144,245760
28,28,7168,245760
28,19,8192,245760
28,23,9216,245760
28,28,10240,245760
28,28,11264,245760
28,28,12288,245760
28,28,13312,245760
28,28,14336,245760
28,28,1024,246784
28,28,3072,246784
28,28,4096,246784
28,28,5120,246784
28,41,5120,246784
28,28,6144,246784
28,19,7168,246784
28,23,8192,246784
28,28,9216,246784
28,28,10240,246784
28,28,11264,246784
28,28,12288,246784
28,28,13312,246784
28,18,14336,246784
28,28,2048,247808
28,28,3072,247808
28,28,4096,247808
28,41,4096,247808
28,28,5120,247808
28,19,6144,247808
28,23,7168,247808
28,28,8192,247808
28,28,9216,247808
28,28,10240,247808
28,28,11264,247808
28,28,12288,247808
28,18,13312,247808
28,18,15360,247808
28,28,1024,249856
28,28,2048,249856
28,41,2048,249856
28,28,3072,249856
28,19,4096,249856
28,23,5120,249856
28,28,6144,249856
28,28,7168,249856
28,28,8192,249856
28,28,9216,249856
28,28,10240,249856
28,18,11264,249856
28,18,13312,249856
28,18,14336,249856
28,28,1024,250880
28,41,1024,250880
28,28,2048,250880
28,19,3072,250880
28,23,4096,250880
28,28,5120,250880
28,28,6144,250880
28,28,7168,250880
28,28,8192,250880
28,28,9216,250880
28,18,10240,250880
28,18,12288,250880
28,18,13312,250880
28,46,13312,250880
28,41,0,251904
28,28,1024,251904
28,19,2048,251904
28,23,3072,251904
28,28,4096,251904
28,28,5120,251904
28,28,6144,251904
28,28,7168,251904
28,28,8192,251904
28,18,9216,251904
28,18,11264,251904
28,18,12288,251904
28,46,12288,251904
28,27,13312,251904
41,28,1024,251904
41,19,2048,251904
41,23,3072,251904
41,28,4096,251904
41,28,5120,251904
41,28,6144,251904
41,28,7168,251904
41,28,8192,251904
41,18,9216,251904
41,18,11264,251904
41,18,12288,251904
41,46,12288,251904
41,27,13312,251904
41,27,14336,251904
28,19,1024,252928
28,23,2048,252928
28,28,3072,252928
28,28,4096,252928
28,28,5120,252928
28,28,6144,252928
28,28,7168,252928
28,18,8192,252928
28,18,10240,252928
28,18,11264,252928
28,46,11264,252928
28,27,12288,252928
28,27,13312,252928
28,73,15360,252928
19,23,1024,253952
19,28,2048,253952
19,28,3072,253952
19,28,4096,253952
19,28,5120,253952
19,28,6144,253952
19,18,7168,253952
19,18,9216,253952
19,18,10240,253952
19,46,10240,253952
19,27,11264,253952
19,27,12288,253952
19,73,14336,253952
19,32,17408,253952
23,28,1024,254976
23,28,2048,254976
23,28,3072,254976
23,28,4096,254976
23,28,5120,254976
23,18,6144,254976
23,18,8192,254976
23,18,9216,254976
23,46,9216,254976
23,27,10240,254976
23,27,11264,254976
23,73,13312,254976
23,32,16384,254976
23,66,16384,254976
28,28,1024,256000
28,28,2048,256000
28,28,3072,256000
28,28,4096,256000
28,18,5120,256000
28,18,7168,256000
28,18,8192,256000
28,46,8192,256000
28,27,9216,256000
28,27,10240,256000
28,73,12288,256000
28,32,15360,256000
28,66,15360,256000
28,32,16384,256000
28,28,1024,257024
28,28,2048,257024
28,28,3072,257024
28,18,4096,257024
28,18,6144,257024
28,18,7168,257024
28,46,7168,257024
28,27,8192,257024
28,27,9216,257024
28,73,11264,257024
28,32,14336,257024
28,66,14336,257024
28,32,15360,257024
28,65,15360,257024
28,28,1024,258048
28,28,2048,258048
28,18,3072,258048
28,18,5120,258048
28,18,6144,258048
28,46,6144,258048
28,27,7168,258048
28,27,8192,258048
28,73,10240,258048
28,32,13312,258048
28,66,13312,258048
28,32,14336,258048
28,65,14336,258048
28,32,15360,258048
28,28,1024,259072
28,18,2048,259072
28,18,4096,259072
28,18,5120,259072
28,46,5120,259072
28,27,6144,259072
28,27,7168,259072
28,73,9216,259072
28,32,12288,259072
28,66,12288,259072
28,32,13312,259072
28,65,13312,259072
28,32,14336,259072
28,27,15360,259072
28,18,1024,260096
28,18,3072,260096
28,18,4096,260096
28,46,4096,260096
28,27,5120,260096
28,27,6144,260096
28,73,8192,260096
28,32,11264,260096
28,66,11264,260096
28,32,12288,260096
28,65,12288,260096
28,32,13312,260096
28,27,14336,260096
28,27,15360,260096
18,18,2048,261120
18,18,3072,261120
18,46,3072,261120
18,27,4096,261120
18,27,5120,261120
18,73,7168,261120
18,32,10240,261120
18,66,10240,261120
18,32,11264,261120
18,65,11264,261120
18,32,12288,261120
18,27,13312,261120
18,27,14336,261120
18,55,14336,261120
18,18,1024,263168
18,46,1024,263168
18,27,2048,263168
18,27,3072,263168
18,73,5120,263168
18,32,8192,263168
18,66,8192,263168
18,32,9216,263168
18,65,9216,263168
18,32,10240,263168
18,27,11264,263168
18,27,12288,263168
18,55,12288,263168
18,27,13312,263168
18,46,0,264192
18,27,1024,264192
18,27,2048,264192
18,73,4096,264192
18,32,7168,264192
18,66,7168,264192
18,32,8192,264192
18,65,8192,264192
18,32,9216,264192
18,27,10240,264192
18,27,11264,264192
18,55,11264,264192
18,27,12288,264192
18,23,13312,264192
46,27,1024,264192
46,27,2048,264192
46,73,4096,264192
46,32,7168,264192
46,66,7168,264192
46,32,8192,264192
46,65,8192,264192
46,32,9216,264192
46,27,10240,264192
46,27,11264,264192
46,55,11264,264192
46,27,12288,264192
46,23,13312,264192
46,23,14336,264192
27,27,1024,265216
27,73,3072,265216
27,32,6144,265216
27,66,6144,265216
27,32,7168,265216
27,65,7168,265216
27,32,8192,265216
27,27,9216,265216
27,27,10240,265216
27,55,10240,265216
27,27,11264,265216
27,23,12288,265216
27,23,13312,265216
27,23,14336,265216
27,73,2048,266240
27,32,5120,266240
27,66,5120,266240
27,32,6144,266240
27,65,6144,266240
27,32,7168,266240
27,27,8192,266240
27,27,9216,266240
27,55,9216,266240
27,27,10240,266240
27,23,11264,266240
27,23,12288,266240
27,23,13312,266240
27,23,14336,266240
73,32,3072,268288
73,66,3072,268288
73,32,4096,268288
73,65,4096,268288
73,32,5120,268288
73,27,6144,268288
73,27,7168,268288
73,55,7168,268288
73,27,8192,268288
73,23,9216,268288
73,23,10240,268288
73,23,11264,268288
73,23,12288,268288
73,23,16384,268288
32,66,0,271360
32,32,1024,271360
32,65,1024,271360
32,32,2048,271360
32,27,3072,271360
32,27,4096,271360
32,55,4096,271360
32,27,5120,271360
32,23,6144,271360
32,23,7168,271360
32,23,8192,271360
32,23,9216,271360
32,23,13312,271360
32,23,14336,271360
66,32,1024,271360
66,65,1024,271360
66,32,2048,271360
66,27,3072,271360
66,27,4096,271360
66,55,4096,271360
66,27,5120,271360
66,23,6144,271360
66,23,7168,271360
66,23,8192,271360
66,23,9216,271360
66,23,13312,271360
66,23,14336,271360
66,46,15360,271360
32,65,0,272384
32,32,1024,272384
32,27,2048,272384
32,27,3072,272384
32,55,3072,272384
32,27,4096,272384
32,23,5120,272384
32,23,6144,272384
32,23,7168,272384
32,23,8192,272384
32,23,12288,272384
32,23,13312,272384
32,46,14336,272384
32,27,15360,272384
65,32,1024,272384
65,27,2048,272384
65,27,3072,272384
65,55,3072,272384
65,27,4096,272384
65,23,5120,272384
65,23,6144,272384
65,23,7168,272384
65,23,8192,272384
65,23,12288,272384
65,23,13312,272384
65,46,14336,272384
65,27,15360,272384
65,27,16384,272384
32,27,1024,273408
32,27,2048,273408
32,55,2048,273408
32,27,3072,273408
32,23,4096,273408
32,23,5120,273408
32,23,6144,273408
32,23,7168,273408
32,23,11264,273408
32,23,12288,273408
32,46,13312,273408
32,27,14336,273408
32,27,15360,273408
32,27,16384,273408
27,27,1024,274432
27,55,1024,274432
27,27,2048,274432
27,23,3072,274432
27,23,4096,274432
27,23,5120,274432
27,23,6144,274432
27,23,10240,274432
27,23,11264,274432
27,46,12288,274432
27,27,13312,274432
27,27,14336,274432
27,27,15360,274432
27,41,15360,274432
27,55,0,275456
27,27,1024,275456
27,23,2048,275456
27,23,3072,275456
27,23,4096,275456
27,23,5120,275456
27,23,9216,275456
27,23,10240,275456
27,46,11264,275456
27,27,12288,275456
27,27,13312,275456
27,27,14336,275456
27,41,14336,275456
27,23,15360,275456
55,27,1024,275456
55,23,2048,275456
55,23,3072,275456
55,23,4096,275456
55,23,5120,275456
55,23,9216,275456
55,23,10240,275456
55,46,11264,275456
55,27,12288,275456
55,27,13312,275456
55,27,14336,275456
55,41,14336,275456
55,23,15360,275456
55,41,15360,275456
27,23,1024,276480
27,23,2048,276480
27,23,3072,276480
27,23,4096,276480
27,23,8192,276480
27,23,9216,276480
27,46,10240,276480
27,27,11264,276480
27,27,12288,276480
27,27,13312,276480
27,41,13312,276480
27,23,14336,276480
27,41,14336,276480
27,27,15360,276480
23,23,1024,277504
23,23,2048,277504
23,23,3072,277504
23,23,7168,277504
23,23,8192,277504
23,46,9216,277504
23,27,10240,277504
23,27,11264,277504
23,27,12288,277504
23,41,12288,277504
23,23,13312,277504
23,41,13312,277504
23,27,14336,277504
23,41,14336,277504
23,23,1024,278528
23,23,2048,278528
23,23,6144,278528
23,23,7168,278528
23,46,8192,278528
23,27,9216,278528
23,27,10240,278528
23,27,11264,278528
23,41,11264,278528
23,23,12288,278528
23,41,12288,278528
23,27,13312,278528
23,41,13312,278528
23,27,14336,278528
23,23,1024,279552
23,23,5120,279552
23,23,6144,279552
23,46,7168,279552
23,27,8192,279552
23,27,9216,279552
23,27,10240,279552
23,41,10240,279552
23,23,11264,279552
23,41,11264,279552
23,27,12288,279552
23,41,12288,279552
23,27,13312,279552
23,27,14336,279552
23,23,4096,280576
23,23,5120,280576
23,46,6144,280576
23,27,7168,280576
23,27,8192,280576
23,27,9216,280576
23,41,9216,280576
23,23,10240,280576
23,41,10240,280576
23,27,11264,280576
23,41,11264,280576
23,27,12288,280576
23,27,13312,280576
23,65,13312,280576
23,23,1024,284672
23,46,2048,284672
23,27,3072,284672
23,27,4096,284672
23,27,5120,284672
23,41,5120,284672
23,23,6144,284672
23,41,6144,284672
23,27,7168,284672
23,41,7168,284672
23,27,8192,284672
23,27,9216,284672
23,65,9216,284672
23,32,10240,284672
23,46,1024,285696
23,27,2048,285696
23,27,3072,285696
23,27,4096,285696
23,41,4096,285696
23,23,5120,285696
23,41,5120,285696
23,27,6144,285696
23,41,6144,285696
23,27,7168,285696
23,27,8192,285696
23,65,8192,285696
23,32,9216,285696
23,66,9216,285696
46,27,1024,286720
46,27,2048,286720
46,27,3072,286720
46,41,3072,286720
46,23,4096,286720
46,41,4096,286720
46,27,5120,286720
46,41,5120,286720
46,27,6144,286720
46,27,7168,286720
46,65,7168,286720
46,32,8192,286720
46,66,8192,286720
46,23,9216,286720
27,27,1024,287744
27,27,2048,287744
27,41,2048,287744
27,23,3072,287744
27,41,3072,287744
27,27,4096,287744
27,41,4096,287744
27,27,5120,287744
27,27,6144,287744
27,65,6144,287744
27,32,7168,287744
27,66,7168,287744
27,23,8192,287744
27,27,9216,287744
27,27,1024,288768
27,41,1024,288768
27,23,2048,288768
27,41,2048,288768
27,27,3072,288768
27,41,3072,288768
27,27,4096,288768
27,27,5120,288768
27,65,5120,288768
27,32,6144,288768
27,66,6144,288768
27,23,7168,288768
27,27,8192,288768
27,27,9216,288768
27,41,0,289792
27,23,1024,289792
27,41,1024,289792
27,27,2048,289792
27,41,2048,289792
27,27,3072,289792
27,27,4096,289792
27,65,4096,289792
27,32,5120,289792
27,66,5120,289792
27,23,6144,289792
27,27,7168,289792
27,27,8192,289792
27,24,10240,289792
41,23,1024,289792
41,41,1024,289792
41,27,2048,289792
41,41,2048,289792
41,27,3072,289792
41,27,4096,289792
41,65,4096,289792
41,32,5120,289792
41,66,5120,289792
41,23,6144,289792
41,27,7168,289792
41,27,8192,289792
41,24,10240,289792
41,36,11264,289792
23,41,0,290816
23,27,1024,290816
23,41,1024,290816
23,27,2048,290816
23,27,3072,290816
23,65,3072,290816
23,32,4096,290816
23,66,4096,290816
23,23,5120,290816
23,27,6144,290816
23,27,7168,290816
23,24,9216,290816
23,36,10240,290816
23,37,11264,290816
41,27,1024,290816
41,41,1024,290816
41,27,2048,290816
41,27,3072,290816
41,65,3072,290816
41,32,4096,290816
41,66,4096,290816
41,23,5120,290816
41,27,6144,290816
41,27,7168,290816
41,24,9216,290816
41,36,10240,290816
41,37,11264,290816
41,74,11264,290816
27,41,0,291840
27,27,1024,291840
27,27,2048,291840
27,65,2048,291840
27,32,3072,291840
27,66,3072,291840
27,23,4096,291840
27,27,5120,291840
27,27,6144,291840
27,24,8192,291840
27,36,9216,291840
27,37,10240,291840
27,74,10240,291840
27,24,11264,291840
41,27,1024,291840
41,27,2048,291840
41,65,2048,291840
41,32,3072,291840
41,66,3072,291840
41,23,4096,291840
41,27,5120,291840
41,27,6144,291840
41,24,8192,291840
41,36,9216,291840
41,37,10240,291840
41,74,10240,291840
41,24,11264,291840
41,24,12288,291840
27,27,1024,292864
27,65,1024,292864
27,32,2048,292864
27,66,2048,292864
27,23,3072,292864
27,27,4096,292864
27,27,5120,292864
27,24,7168,292864
27,36,8192,292864
27,37,9216,292864
27,74,9216,292864
27,24,10240,292864
27,24,11264,292864
27,24,12288,292864
27,65,0,293888
27,32,1024,293888
27,66,1024,293888
27,23,2048,293888
27,27,3072,293888
27,27,4096,293888
27,24,6144,293888
27,36,7168,293888
27,37,8192,293888
27,74,8192,293888
27,24,9216,293888
27,24,10240,293888
27,24,11264,293888
27,37,12288,293888
65,32,1024,293888
65,66,1024,293888
65,23,2048,293888
65,27,3072,293888
65,27,4096,293888
65,24,6144,293888
65,36,7168,293888
65,37,8192,293888
65,74,8192,293888
65,24,9216,293888
65,24,10240,293888
65,24,11264,293888
65,37,12288,293888
65,24,13312,293888
32,66,0,294912
32,23,1024,294912
32,27,2048,294912
32,27,3072,294912
32,24,5120,294912
32,36,6144,294912
32,37,7168,294912
32,74,7168,294912
32,24,8192,294912
32,24,9216,294912
32,24,10240,294912
32,37,11264,294912
32,24,12288,294912
32,46,20480,294912
66,23,1024,294912
66,27,2048,294912
66,27,3072,294912
66,24,5120,294912
66,36,6144,294912
66,37,7168,294912
66,74,7168,294912
66,24,8192,294912
66,24,9216,294912
66,24,10240,294912
66,37,11264,294912
66,24,12288,294912
66,46,20480,294912
23,27,1024,295936
23,27,2048,295936
23,24,4096,295936
23,36,5120,295936
23,37,6144,295936
23,74,6144,295936
23,24,7168,295936
23,24,8192,295936
23,24,9216,295936
23,37,10240,295936
23,24,11264,295936
23,46,19456,295936
23,18,20480,295936
23,46,20480,295936
27,27,1024,296960
27,24,3072,296960
27,36,4096,296960
27,37,5120,296960
27,74,5120,296960
27,24,6144,296960
27,24,7168,296960
27,24,8192,296960
27,37,9216,296960
27,24,10240,296960
27,46,18432,296960
27,18,19456,296960
27,46,19456,296960
27,46,20480,296960
27,24,2048,297984
27,36,3072,297984
27,37,4096,297984
27,74,4096,297984
27,24,5120,297984
27,24,6144,297984
27,24,7168,297984
27,37,8192,297984
27,24,9216,297984
27,46,17408,297984
27,18,18432,297984
27,46,18432,297984
27,46,19456,297984
27,19,20480,297984
24,36,1024,300032
24,37,2048,300032
24,74,2048,300032
24,24,3072,300032
24,24,4096,300032
24,24,5120,300032
24,37,6144,300032
24,24,7168,300032
24,46,15360,300032
24,18,16384,300032
24,46,16384,300032
24,46,17408,300032
24,19,18432,300032
24,46,18432,300032
36,37,1024,301056
36,74,1024,301056
36,24,2048,301056
36,24,3072,301056
36,24,4096,301056
36,37,5120,301056
36,24,6144,301056
36,46,14336,301056
36,18,15360,301056
36,46,15360,301056
36,46,16384,301056
36,19,17408,301056
36,46,17408,301056
36,19,20480,301056
37,74,0,302080
37,24,1024,302080
37,24,2048,302080
37,24,3072,302080
37,37,4096,302080
37,24,5120,302080
37,46,13312,302080
37,18,14336,302080
37,46,14336,302080
37,46,15360,302080
37,19,16384,302080
37,46,16384,302080
37,19,19456,302080
74,24,1024,302080
74,24,2048,302080
74,24,3072,302080
74,37,4096,302080
74,24,5120,302080
74,46,13312,302080
74,18,14336,302080
74,46,14336,302080
74,46,15360,302080
74,19,16384,302080
74,46,16384,302080
74,19,19456,302080
24,24,1024,303104
24,24,2048,303104
24,37,3072,303104
24,24,4096,303104
24,46,12288,303104
24,18,13312,303104
24,46,13312,303104
24,46,14336,303104
24,19,15360,303104
24,46,15360,303104
24,19,18432,303104
24,24,1024,304128
24,37,2048,304128
24,24,3072,304128
24,46,11264,304128
24,18,12288,304128
24,46,12288,304128
24,46,13312,304128
24,19,14336,304128
24,46,14336,304128
24,19,17408,304128
24,21,20480,304128
24,41,20480,304128
24,37,1024,305152
24,24,2048,305152
24,46,10240,305152
24,18,11264,305152
24,46,11264,305152
24,46,12288,305152
24,19,13312,305152
24,46,13312,305152
24,19,16384,305152
24,21,19456,305152
24,41,19456,305152
24,41,20480,305152
37,24,1024,306176
37,46,9216,306176
37,18,10240,306176
37,46,10240,306176
37,46,11264,306176
37,19,12288,306176
37,46,12288,306176
37,19,15360,306176
37,21,18432,306176
37,41,18432,306176
37,41,19456,306176
37,25,20480,306176
24,46,8192,307200
24,18,9216,307200
24,46,9216,307200
24,46,10240,307200
24,19,11264,307200
24,46,11264,307200
24,19,14336,307200
24,21,17408,307200
24,41,17408,307200
24,41,18432,307200
24,25,19456,307200
24,37,20480,307200
46,18,1024,315392
46,46,1024,315392
46,46,2048,315392
46,19,3072,315392
46,46,3072,315392
46,19,6144,315392
46,21,9216,315392
46,41,9216,315392
46,41,10240,315392
46,25,11264,315392
46,37,12288,315392
46,36,13312,315392
46,55,13312,315392
46,25,14336,315392
18,46,0,316416
18,46,1024,316416
18,19,2048,316416
18,46,2048,316416
18,19,5120,316416
18,21,8192,316416
18,41,8192,316416
18,41,9216,316416
18,25,10240,316416
18,37,11264,316416
18,36,12288,316416
18,55,12288,316416
18,25,13312,316416
46,46,1024,316416
46,19,2048,316416
46,46,2048,316416
46,19,5120,316416
46,21,8192,316416
46,41,8192,316416
46,41,9216,316416
46,25,10240,316416
46,37,11264,316416
46,36,12288,316416
46,55,12288,316416
46,25,13312,316416
46,19,1024,317440
46,46,1024,317440
46,19,4096,317440
46,21,7168,317440
46,41,7168,317440
46,41,8192,317440
46,25,9216,317440
46,37,10240,317440
46,36,11264,317440
46,55,11264,317440
46,25,12288,317440
19,46,0,318464
19,19,3072,318464
19,21,6144,318464
19,41,6144,318464
19,41,7168,318464
19,25,8192,318464
19,37,9216,318464
19,36,10240,318464
19,55,10240,318464
19,25,11264,318464
46,19,3072,318464
46,21,6144,318464
46,41,6144,318464
46,41,7168,318464
46,25,8192,318464
46,37,9216,318464
46,36,10240,318464
46,55,10240,318464
46,25,11264,318464
19,21,3072,321536
19,41,3072,321536
19,41,4096,321536
19,25,5120,321536
19,37,6144,321536
19,36,7168,321536
19,55,7168,321536
19,25,8192,321536
21,41,0,324608
21,41,1024,324608
21,25,2048,324608
21,37,3072,324608
21,36,4096,324608
21,55,4096,324608
21,25,5120,324608
41,41,1024,324608
41,25,2048,324608
41,37,3072,324608
41,36,4096,324608
41,55,4096,324608
41,25,5120,324608
41,25,1024,325632
41,37,2048,325632
41,36,3072,325632
41,55,3072,325632
41,25,4096,325632
25,37,1024,326656
25,36,2048,326656
25,55,2048,326656
25,25,3072,326656
37,36,1024,327680
37,55,1024,327680
37,25,2048,327680
36,55,0,328704
36,25,1024,328704
55,25,1024,328704
