94,144,1024,0
94,143,2048,0
94,95,3072,0
94,144,4096,0
94,130,5120,0
94,96,6144,0
94,96,7168,0
94,129,8192,0
94,140,9216,0
94,96,10240,0
94,131,11264,0
94,93,12288,0
94,144,13312,0
94,173,14336,0
144,143,1024,1024
144,95,2048,1024
144,144,3072,1024
144,130,4096,1024
144,96,5120,1024
144,96,6144,1024
144,129,7168,1024
144,140,8192,1024
144,96,9216,1024
144,131,10240,1024
144,93,11264,1024
144,144,12288,1024
144,173,13312,1024
144,176,14336,1024
143,95,1024,2048
143,144,2048,2048
143,130,3072,2048
143,96,4096,2048
143,96,5120,2048
143,129,6144,2048
143,140,7168,2048
143,96,8192,2048
143,131,9216,2048
143,93,10240,2048
143,144,11264,2048
143,173,12288,2048
143,176,13312,2048
143,124,14336,2048
95,144,1024,3072
95,130,2048,3072
95,96,3072,3072
95,96,4096,3072
95,129,5120,3072
95,140,6144,3072
95,96,7168,3072
95,131,8192,3072
95,93,9216,3072
95,144,10240,3072
95,173,11264,3072
95,176,12288,3072
95,124,13312,3072
95,191,14336,3072
144,130,1024,4096
144,96,2048,4096
144,96,3072,4096
144,129,4096,4096
144,140,5120,4096
144,96,6144,4096
144,131,7168,4096
144,93,8192,4096
144,144,9216,4096
144,173,10240,4096
144,176,11264,4096
144,124,12288,4096
144,191,13312,4096
144,230,15360,4096
130,96,1024,5120
130,96,2048,5120
130,129,3072,5120
130,140,4096,5120
130,96,5120,5120
130,131,6144,5120
130,93,7168,5120
130,144,8192,5120
130,173,9216,5120
130,176,10240,5120
130,124,11264,5120
130,191,12288,5120
130,230,14336,5120
130,191,16384,5120
96,96,1024,6144
96,129,2048,6144
96,140,3072,6144
96,96,4096,6144
96,131,5120,6144
96,93,6144,6144
96,144,7168,6144
96,173,8192,6144
96,176,9216,6144
96,124,10240,6144
96,191,11264,6144
96,230,13312,6144
96,191,15360,6144
96,172,17408,6144
96,129,1024,7168
96,140,2048,7168
96,96,3072,7168
96,131,4096,7168
96,93,5120,7168
96,144,6144,7168
96,173,7168,7168
96,176,8192,7168
96,124,9216,7168
96,191,10240,7168
96,230,12288,7168
96,191,14336,7168
96,172,16384,7168
96,145,17408,7168
129,140,1024,8192
129,96,2048,8192
129,131,3072,8192
129,93,4096,8192
129,144,5120,8192
129,173,6144,8192
129,176,7168,8192
129,124,8192,8192
129,191,9216,8192
129,230,11264,8192
129,191,13312,8192
129,172,15360,8192
129,145,16384,8192
129,143,17408,8192
140,96,1024,9216
140,131,2048,9216
140,93,3072,9216
140,144,4096,9216
140,173,5120,9216
140,176,6144,9216
140,124,7168,9216
140,191,8192,9216
140,230,10240,9216
140,191,12288,9216
140,172,14336,9216
140,145,15360,9216
140,143,16384,9216
140,142,17408,9216
96,131,1024,10240
96,93,2048,10240
96,144,3072,10240
96,173,4096,10240
96,176,5120,10240
96,124,6144,10240
96,191,7168,10240
96,230,9216,10240
96,191,11264,10240
96,172,13312,10240
96,145,14336,10240
96,143,15360,10240
96,142,16384,10240
96,129,17408,10240
131,93,1024,11264
131,144,2048,11264
131,173,3072,11264
131,176,4096,11264
131,124,5120,11264
131,191,6144,11264
131,230,8192,11264
131,191,10240,11264
131,172,12288,11264
131,145,13312,11264
131,143,14336,11264
131,142,15360,11264
131,129,16384,11264
131,132,17408,11264
93,144,1024,12288
93,173,2048,12288
93,176,3072,12288
93,124,4096,12288
93,191,5120,12288
93,230,7168,12288
93,191,9216,12288
93,172,11264,12288
93,145,12288,12288
93,143,13312,12288
93,142,14336,12288
93,129,15360,12288
93,132,16384,12288
93,90,17408,12288
144,173,1024,13312
144,176,2048,13312
144,124,3072,13312
144,191,4096,13312
144,230,6144,13312
144,191,8192,13312
144,172,10240,13312
144,145,11264,13312
144,143,12288,13312
144,142,13312,13312
144,129,14336,13312
144,132,15360,13312
144,90,16384,13312
144,95,17408,13312
173,176,1024,14336
173,124,2048,14336
173,191,3072,14336
173,230,5120,14336
173,191,7168,14336
173,172,9216,14336
173,145,10240,14336
173,143,11264,14336
173,142,12288,14336
173,129,13312,14336
173,132,14336,14336
173,90,15360,14336
173,95,16384,14336
173,94,20480,14336
176,124,1024,15360
176,191,2048,15360
176,230,4096,15360
176,191,6144,15360
176,172,8192,15360
176,145,9216,15360
176,143,10240,15360
176,142,11264,15360
176,129,12288,15360
176,132,13312,15360
176,90,14336,15360
176,95,15360,15360
176,94,19456,15360
124,191,1024,16384
124,230,3072,16384
124,191,5120,16384
124,172,7168,16384
124,145,8192,16384
124,143,9216,16384
124,142,10240,16384
124,129,11264,16384
124,132,12288,16384
124,90,13312,16384
124,95,14336,16384
124,94,18432,16384
191,230,2048,17408
191,191,4096,17408
191,172,6144,17408
191,145,7168,17408
191,143,8192,17408
191,142,9216,17408
191,129,10240,17408
191,132,11264,17408
191,90,12288,17408
191,95,13312,17408
191,94,17408,17408
230,191,2048,19456
230,172,4096,19456
230,145,5120,19456
230,143,6144,19456
230,142,7168,19456
230,129,8192,19456
230,132,9216,19456
230,90,10240,19456
230,95,11264,19456
230,94,15360,19456
191,172,2048,21504
191,145,3072,21504
191,143,4096,21504
191,142,5120,21504
191,129,6144,21504
191,132,7168,21504
191,90,8192,21504
191,95,9216,21504
191,94,13312,21504
172,145,1024,23552
172,143,2048,23552
172,142,3072,23552
172,129,4096,23552
172,132,5120,23552
172,90,6144,23552
172,95,7168,23552
172,94,11264,23552
172,126,20480,23552
145,143,1024,24576
145,142,2048,24576
145,129,3072,24576
145,132,4096,24576
145,90,5120,24576
145,95,6144,24576
145,94,10240,24576
145,126,19456,24576
143,142,1024,25600
143,129,2048,25600
143,132,3072,25600
143,90,4096,25600
143,95,5120,25600
143,94,9216,25600
143,126,18432,25600
143,94,20480,25600
142,129,1024,26624
142,132,2048,26624
142,90,3072,26624
142,95,4096,26624
142,94,8192,26624
142,126,17408,26624
142,94,19456,26624
142,126,20480,26624
129,132,1024,27648
129,90,2048,27648
129,95,3072,27648
129,94,7168,27648
129,126,16384,27648
129,94,18432,27648
129,126,19456,27648
129,94,20480,27648
132,90,1024,28672
132,95,2048,28672
132,94,6144,28672
132,126,15360,28672
132,94,17408,28672
132,126,18432,28672
132,94,19456,28672
132,16,20480,28672
90,95,1024,29696
90,94,5120,29696
90,126,14336,29696
90,94,16384,29696
90,126,17408,29696
90,94,18432,29696
90,16,19456,29696
90,16,20480,29696
95,94,4096,30720
95,126,13312,30720
95,94,15360,30720
95,126,16384,30720
95,94,17408,30720
95,16,18432,30720
95,16,19456,30720
95,16,20480,30720
94,126,9216,34816
94,94,11264,34816
94,126,12288,34816
94,94,13312,34816
94,16,14336,34816
94,16,15360,34816
94,16,16384,34816
94,16,17408,34816
94,16,18432,34816
94,16,19456,34816
94,16,20480,34816
126,94,2048,44032
126,126,3072,44032
126,94,4096,44032
126,16,5120,44032
126,16,6144,44032
126,16,7168,44032
126,16,8192,44032
126,16,9216,44032
126,16,10240,44032
126,16,11264,44032
126,128,12288,44032
126,16,13312,44032
126,16,14336,44032
126,16,15360,44032
94,126,1024,46080
94,94,2048,46080
94,16,3072,46080
94,16,4096,46080
94,16,5120,46080
94,16,6144,46080
94,16,7168,46080
94,16,8192,46080
94,16,9216,46080
94,128,10240,46080
94,16,11264,46080
94,16,12288,46080
94,16,13312,46080
94,48,15360,46080
126,94,1024,47104
126,16,2048,47104
126,16,3072,47104
126,16,4096,47104
126,16,5120,47104
126,16,6144,47104
126,16,7168,47104
126,16,8192,47104
126,128,9216,47104
126,16,10240,47104
126,16,11264,47104
126,16,12288,47104
126,48,14336,47104
126,16,15360,47104
94,16,1024,48128
94,16,2048,48128
94,16,3072,48128
94,16,4096,48128
94,16,5120,48128
94,16,6144,48128
94,16,7168,48128
94,128,8192,48128
94,16,9216,48128
94,16,10240,48128
94,16,11264,48128
94,48,13312,48128
94,16,14336,48128
94,16,15360,48128
16,16,1024,49152
16,16,2048,49152
16,16,3072,49152
16,16,4096,49152
16,16,5120,49152
16,16,6144,49152
16,128,7168,49152
16,16,8192,49152
16,16,9216,49152
16,16,10240,49152
16,48,12288,49152
16,16,13312,49152
16,16,14336,49152
16,16,15360,49152
16,16,1024,50176
16,16,2048,50176
16,16,3072,50176
16,16,4096,50176
16,16,5120,50176
16,128,6144,50176
16,16,7168,50176
16,16,8192,50176
16,16,9216,50176
16,48,11264,50176
16,16,12288,50176
16,16,13312,50176
16,16,14336,50176
16,96,17408,50176
16,16,1024,51200
16,16,2048,51200
16,16,3072,51200
16,16,4096,51200
16,128,5120,51200
16,16,6144,51200
16,16,7168,51200
16,16,8192,51200
16,48,10240,51200
16,16,11264,51200
16,16,12288,51200
16,16,13312,51200
16,96,16384,51200
16,96,19456,51200
16,16,1024,52224
16,16,2048,52224
16,16,3072,52224
16,128,4096,52224
16,16,5120,52224
16,16,6144,52224
16,16,7168,52224
16,48,9216,52224
16,16,10240,52224
16,16,11264,52224
16,16,12288,52224
16,96,15360,52224
16,96,18432,52224
16,95,19456,52224
16,16,1024,53248
16,16,2048,53248
16,128,3072,53248
16,16,4096,53248
16,16,5120,53248
16,16,6144,53248
16,48,8192,53248
16,16,9216,53248
16,16,10240,53248
16,16,11264,53248
16,96,14336,53248
16,96,17408,53248
16,95,18432,53248
16,95,19456,53248
16,16,1024,54272
16,128,2048,54272
16,16,3072,54272
16,16,4096,54272
16,16,5120,54272
16,48,7168,54272
16,16,8192,54272
16,16,9216,54272
16,16,10240,54272
16,96,13312,54272
16,96,16384,54272
16,95,17408,54272
16,95,18432,54272
16,95,19456,54272
16,128,1024,55296
16,16,2048,55296
16,16,3072,55296
16,16,4096,55296
16,48,6144,55296
16,16,7168,55296
16,16,8192,55296
16,16,9216,55296
16,96,12288,55296
16,96,15360,55296
16,95,16384,55296
16,95,17408,55296
16,95,18432,55296
16,16,19456,55296
128,16,1024,56320
128,16,2048,56320
128,16,3072,56320
128,48,5120,56320
128,16,6144,56320
128,16,7168,56320
128,16,8192,56320
128,96,11264,56320
128,96,14336,56320
128,95,15360,56320
128,95,16384,56320
128,95,17408,56320
128,16,18432,56320
128,172,19456,56320
16,16,1024,57344
16,16,2048,57344
16,48,4096,57344
16,16,5120,57344
16,16,6144,57344
16,16,7168,57344
16,96,10240,57344
16,96,13312,57344
16,95,14336,57344
16,95,15360,57344
16,95,16384,57344
16,16,17408,57344
16,172,18432,57344
16,57,19456,57344
16,16,1024,58368
16,48,3072,58368
16,16,4096,58368
16,16,5120,58368
16,16,6144,58368
16,96,9216,58368
16,96,12288,58368
16,95,13312,58368
16,95,14336,58368
16,95,15360,58368
16,16,16384,58368
16,172,17408,58368
16,57,18432,58368
16,57,19456,58368
16,48,2048,59392
16,16,3072,59392
16,16,4096,59392
16,16,5120,59392
16,96,8192,59392
16,96,11264,59392
16,95,12288,59392
16,95,13312,59392
16,95,14336,59392
16,16,15360,59392
16,172,16384,59392
16,57,17408,59392
16,57,18432,59392
16,57,19456,59392
48,16,1024,61440
48,16,2048,61440
48,16,3072,61440
48,96,6144,61440
48,96,9216,61440
48,95,10240,61440
48,95,11264,61440
48,95,12288,61440
48,16,13312,61440
48,172,14336,61440
48,57,15360,61440
48,57,16384,61440
48,57,17408,61440
48,57,18432,61440
16,16,1024,62464
16,16,2048,62464
16,96,5120,62464
16,96,8192,62464
16,95,9216,62464
16,95,10240,62464
16,95,11264,62464
16,16,12288,62464
16,172,13312,62464
16,57,14336,62464
16,57,15360,62464
16,57,16384,62464
16,57,17408,62464
16,57,18432,62464
16,16,1024,63488
16,96,4096,63488
16,96,7168,63488
16,95,8192,63488
16,95,9216,63488
16,95,10240,63488
16,16,11264,63488
16,172,12288,63488
16,57,13312,63488
16,57,14336,63488
16,57,15360,63488
16,57,16384,63488
16,57,17408,63488
16,57,18432,63488
16,96,3072,64512
16,96,6144,64512
16,95,7168,64512
16,95,8192,64512
16,95,9216,64512
16,16,10240,64512
16,172,11264,64512
16,57,12288,64512
16,57,13312,64512
16,57,14336,64512
16,57,15360,64512
16,57,16384,64512
16,57,17408,64512
16,172,18432,64512
96,96,3072,67584
96,95,4096,67584
96,95,5120,67584
96,95,6144,67584
96,16,7168,67584
96,172,8192,67584
96,57,9216,67584
96,57,10240,67584
96,57,11264,67584
96,57,12288,67584
96,57,13312,67584
96,57,14336,67584
96,172,15360,67584
96,58,16384,67584
96,95,1024,70656
96,95,2048,70656
96,95,3072,70656
96,16,4096,70656
96,172,5120,70656
96,57,6144,70656
96,57,7168,70656
96,57,8192,70656
96,57,9216,70656
96,57,10240,70656
96,57,11264,70656
96,172,12288,70656
96,58,13312,70656
96,57,14336,70656
95,95,1024,71680
95,95,2048,71680
95,16,3072,71680
95,172,4096,71680
95,57,5120,71680
95,57,6144,71680
95,57,7168,71680
95,57,8192,71680
95,57,9216,71680
95,57,10240,71680
95,172,11264,71680
95,58,12288,71680
95,57,13312,71680
95,57,14336,71680
95,95,1024,72704
95,16,2048,72704
95,172,3072,72704
95,57,4096,72704
95,57,5120,72704
95,57,6144,72704
95,57,7168,72704
95,57,8192,72704
95,57,9216,72704
95,172,10240,72704
95,58,11264,72704
95,57,12288,72704
95,57,13312,72704
95,57,14336,72704
95,16,1024,73728
95,172,2048,73728
95,57,3072,73728
95,57,4096,73728
95,57,5120,73728
95,57,6144,73728
95,57,7168,73728
95,57,8192,73728
95,172,9216,73728
95,58,10240,73728
95,57,11264,73728
95,57,12288,73728
95,57,13312,73728
95,58,14336,73728
16,172,1024,74752
16,57,2048,74752
16,57,3072,74752
16,57,4096,74752
16,57,5120,74752
16,57,6144,74752
16,57,7168,74752
16,172,8192,74752
16,58,9216,74752
16,57,10240,74752
16,57,11264,74752
16,57,12288,74752
16,58,13312,74752
16,58,14336,74752
172,57,1024,75776
172,57,2048,75776
172,57,3072,75776
172,57,4096,75776
172,57,5120,75776
172,57,6144,75776
172,172,7168,75776
172,58,8192,75776
172,57,9216,75776
172,57,10240,75776
172,57,11264,75776
172,58,12288,75776
172,58,13312,75776
172,57,14336,75776
57,57,1024,76800
57,57,2048,76800
57,57,3072,76800
57,57,4096,76800
57,57,5120,76800
57,172,6144,76800
57,58,7168,76800
57,57,8192,76800
57,57,9216,76800
57,57,10240,76800
57,58,11264,76800
57,58,12288,76800
57,57,13312,76800
57,172,14336,76800
57,57,1024,77824
57,57,2048,77824
57,57,3072,77824
57,57,4096,77824
57,172,5120,77824
57,58,6144,77824
57,57,7168,77824
57,57,8192,77824
57,57,9216,77824
57,58,10240,77824
57,58,11264,77824
57,57,12288,77824
57,172,13312,77824
57,57,14336,77824
57,57,1024,78848
57,57,2048,78848
57,57,3072,78848
57,172,4096,78848
57,58,5120,78848
57,57,6144,78848
57,57,7168,78848
57,57,8192,78848
57,58,9216,78848
57,58,10240,78848
57,57,11264,78848
57,172,12288,78848
57,57,13312,78848
57,58,14336,78848
57,57,1024,79872
57,57,2048,79872
57,172,3072,79872
57,58,4096,79872
57,57,5120,79872
57,57,6144,79872
57,57,7168,79872
57,58,8192,79872
57,58,9216,79872
57,57,10240,79872
57,172,11264,79872
57,57,12288,79872
57,58,13312,79872
57,57,14336,79872
57,57,1024,80896
57,172,2048,80896
57,58,3072,80896
57,57,4096,80896
57,57,5120,80896
57,57,6144,80896
57,58,7168,80896
57,58,8192,80896
57,57,9216,80896
57,172,10240,80896
57,57,11264,80896
57,58,12288,80896
57,57,13312,80896
57,57,14336,80896
57,172,1024,81920
57,58,2048,81920
57,57,3072,81920
57,57,4096,81920
57,57,5120,81920
57,58,6144,81920
57,58,7168,81920
57,57,8192,81920
57,172,9216,81920
57,57,10240,81920
57,58,11264,81920
57,57,12288,81920
57,57,13312,81920
57,57,14336,81920
172,58,1024,82944
172,57,2048,82944
172,57,3072,82944
172,57,4096,82944
172,58,5120,82944
172,58,6144,82944
172,57,7168,82944
172,172,8192,82944
172,57,9216,82944
172,58,10240,82944
172,57,11264,82944
172,57,12288,82944
172,57,13312,82944
172,58,14336,82944
58,57,1024,83968
58,57,2048,83968
58,57,3072,83968
58,58,4096,83968
58,58,5120,83968
58,57,6144,83968
58,172,7168,83968
58,57,8192,83968
58,58,9216,83968
58,57,10240,83968
58,57,11264,83968
58,57,12288,83968
58,58,13312,83968
58,57,14336,83968
57,57,1024,84992
57,57,2048,84992
57,58,3072,84992
57,58,4096,84992
57,57,5120,84992
57,172,6144,84992
57,57,7168,84992
57,58,8192,84992
57,57,9216,84992
57,57,10240,84992
57,57,11264,84992
57,58,12288,84992
57,57,13312,84992
57,57,14336,84992
57,57,1024,86016
57,58,2048,86016
57,58,3072,86016
57,57,4096,86016
57,172,5120,86016
57,57,6144,86016
57,58,7168,86016
57,57,8192,86016
57,57,9216,86016
57,57,10240,86016
57,58,11264,86016
57,57,12288,86016
57,57,13312,86016
57,57,14336,86016
57,58,1024,87040
57,58,2048,87040
57,57,3072,87040
57,172,4096,87040
57,57,5120,87040
57,58,6144,87040
57,57,7168,87040
57,57,8192,87040
57,57,9216,87040
57,58,10240,87040
57,57,11264,87040
57,57,12288,87040
57,57,13312,87040
57,57,14336,87040
58,58,1024,88064
58,57,2048,88064
58,172,3072,88064
58,57,4096,88064
58,58,5120,88064
58,57,6144,88064
58,57,7168,88064
58,57,8192,88064
58,58,9216,88064
58,57,10240,88064
58,57,11264,88064
58,57,12288,88064
58,57,13312,88064
58,57,14336,88064
58,57,1024,89088
58,172,2048,89088
58,57,3072,89088
58,58,4096,89088
58,57,5120,89088
58,57,6144,89088
58,57,7168,89088
58,58,8192,89088
58,57,9216,89088
58,57,10240,89088
58,57,11264,89088
58,57,12288,89088
58,57,13312,89088
58,57,14336,89088
57,172,1024,90112
57,57,2048,90112
57,58,3072,90112
57,57,4096,90112
57,57,5120,90112
57,57,6144,90112
57,58,7168,90112
57,57,8192,90112
57,57,9216,90112
57,57,10240,90112
57,57,11264,90112
57,57,12288,90112
57,57,13312,90112
57,57,14336,90112
172,57,1024,91136
172,58,2048,91136
172,57,3072,91136
172,57,4096,91136
172,57,5120,91136
172,58,6144,91136
172,57,7168,91136
172,57,8192,91136
172,57,9216,91136
172,57,10240,91136
172,57,11264,91136
172,57,12288,91136
172,57,13312,91136
172,16,14336,91136
57,58,1024,92160
57,57,2048,92160
57,57,3072,92160
57,57,4096,92160
57,58,5120,92160
57,57,6144,92160
57,57,7168,92160
57,57,8192,92160
57,57,9216,92160
57,57,10240,92160
57,57,11264,92160
57,57,12288,92160
57,16,13312,92160
57,16,15360,92160
58,57,1024,93184
58,57,2048,93184
58,57,3072,93184
58,58,4096,93184
58,57,5120,93184
58,57,6144,93184
58,57,7168,93184
58,57,8192,93184
58,57,9216,93184
58,57,10240,93184
58,57,11264,93184
58,16,12288,93184
58,16,14336,93184
58,107,15360,93184
57,57,1024,94208
57,57,2048,94208
57,58,3072,94208
57,57,4096,94208
57,57,5120,94208
57,57,6144,94208
57,57,7168,94208
57,57,8192,94208
57,57,9216,94208
57,57,10240,94208
57,16,11264,94208
57,16,13312,94208
57,107,14336,94208
57,114,15360,94208
57,57,1024,95232
57,58,2048,95232
57,57,3072,95232
57,57,4096,95232
57,57,5120,95232
57,57,6144,95232
57,57,7168,95232
57,57,8192,95232
57,57,9216,95232
57,16,10240,95232
57,16,12288,95232
57,107,13312,95232
57,114,14336,95232
57,116,15360,95232
57,58,1024,96256
57,57,2048,96256
57,57,3072,96256
57,57,4096,96256
57,57,5120,96256
57,57,6144,96256
57,57,7168,96256
57,57,8192,96256
57,16,9216,96256
57,16,11264,96256
57,107,12288,96256
57,114,13312,96256
57,116,14336,96256
57,116,15360,96256
58,57,1024,97280
58,57,2048,97280
58,57,3072,97280
58,57,4096,97280
58,57,5120,97280
58,57,6144,97280
58,57,7168,97280
58,16,8192,97280
58,16,10240,97280
58,107,11264,97280
58,114,12288,97280
58,116,13312,97280
58,116,14336,97280
58,113,15360,97280
57,57,1024,98304
57,57,2048,98304
57,57,3072,98304
57,57,4096,98304
57,57,5120,98304
57,57,6144,98304
57,16,7168,98304
57,16,9216,98304
57,107,10240,98304
57,114,11264,98304
57,116,12288,98304
57,116,13312,98304
57,113,14336,98304
57,94,15360,98304
57,57,1024,99328
57,57,2048,99328
57,57,3072,99328
57,57,4096,99328
57,57,5120,99328
57,16,6144,99328
57,16,8192,99328
57,107,9216,99328
57,114,10240,99328
57,116,11264,99328
57,116,12288,99328
57,113,13312,99328
57,94,14336,99328
57,88,15360,99328
57,57,1024,100352
57,57,2048,100352
57,57,3072,100352
57,57,4096,100352
57,16,5120,100352
57,16,7168,100352
57,107,8192,100352
57,114,9216,100352
57,116,10240,100352
57,116,11264,100352
57,113,12288,100352
57,94,13312,100352
57,88,14336,100352
57,95,15360,100352
57,57,1024,101376
57,57,2048,101376
57,57,3072,101376
57,16,4096,101376
57,16,6144,101376
57,107,7168,101376
57,114,8192,101376
57,116,9216,101376
57,116,10240,101376
57,113,11264,101376
57,94,12288,101376
57,88,13312,101376
57,95,14336,101376
57,78,15360,101376
57,57,1024,102400
57,57,2048,102400
57,16,3072,102400
57,16,5120,102400
57,107,6144,102400
57,114,7168,102400
57,116,8192,102400
57,116,9216,102400
57,113,10240,102400
57,94,11264,102400
57,88,12288,102400
57,95,13312,102400
57,78,14336,102400
57,38,16384,102400
57,57,1024,103424
57,16,2048,103424
57,16,4096,103424
57,107,5120,103424
57,114,6144,103424
57,116,7168,103424
57,116,8192,103424
57,113,9216,103424
57,94,10240,103424
57,88,11264,103424
57,95,12288,103424
57,78,13312,103424
57,38,15360,103424
57,16,18432,103424
57,16,1024,104448
57,16,3072,104448
57,107,4096,104448
57,114,5120,104448
57,116,6144,104448
57,116,7168,104448
57,113,8192,104448
57,94,9216,104448
57,88,10240,104448
57,95,11264,104448
57,78,12288,104448
57,38,14336,104448
57,16,17408,104448
16,16,2048,105472
16,107,3072,105472
16,114,4096,105472
16,116,5120,105472
16,116,6144,105472
16,113,7168,105472
16,94,8192,105472
16,88,9216,105472
16,95,10240,105472
16,78,11264,105472
16,38,13312,105472
16,16,16384,105472
16,107,1024,107520
16,114,2048,107520
16,116,3072,107520
16,116,4096,107520
16,113,5120,107520
16,94,6144,107520
16,88,7168,107520
16,95,8192,107520
16,78,9216,107520
16,38,11264,107520
16,16,14336,107520
107,114,1024,108544
107,116,2048,108544
107,116,3072,108544
107,113,4096,108544
107,94,5120,108544
107,88,6144,108544
107,95,7168,108544
107,78,8192,108544
107,38,10240,108544
107,16,13312,108544
114,116,1024,109568
114,116,2048,109568
114,113,3072,109568
114,94,4096,109568
114,88,5120,109568
114,95,6144,109568
114,78,7168,109568
114,38,9216,109568
114,16,12288,109568
114,17,20480,109568
116,116,1024,110592
116,113,2048,110592
116,94,3072,110592
116,88,4096,110592
116,95,5120,110592
116,78,6144,110592
116,38,8192,110592
116,16,11264,110592
116,17,19456,110592
116,39,20480,110592
116,113,1024,111616
116,94,2048,111616
116,88,3072,111616
116,95,4096,111616
116,78,5120,111616
116,38,7168,111616
116,16,10240,111616
116,17,18432,111616
116,39,19456,111616
116,32,20480,111616
113,94,1024,112640
113,88,2048,112640
113,95,3072,112640
113,78,4096,112640
113,38,6144,112640
113,16,9216,112640
113,17,17408,112640
113,39,18432,112640
113,32,19456,112640
113,32,20480,112640
94,88,1024,113664
94,95,2048,113664
94,78,3072,113664
94,38,5120,113664
94,16,8192,113664
94,17,16384,113664
94,39,17408,113664
94,32,18432,113664
94,32,19456,113664
94,32,20480,113664
88,95,1024,114688
88,78,2048,114688
88,38,4096,114688
88,16,7168,114688
88,17,15360,114688
88,39,16384,114688
88,32,17408,114688
88,32,18432,114688
88,32,19456,114688
88,32,20480,114688
95,78,1024,115712
95,38,3072,115712
95,16,6144,115712
95,17,14336,115712
95,39,15360,115712
95,32,16384,115712
95,32,17408,115712
95,32,18432,115712
95,32,19456,115712
78,38,2048,116736
78,16,5120,116736
78,17,13312,116736
78,39,14336,116736
78,32,15360,116736
78,32,16384,116736
78,32,17408,116736
78,32,18432,116736
78,32,20480,116736
38,16,3072,118784
38,17,11264,118784
38,39,12288,118784
38,32,13312,118784
38,32,14336,118784
38,32,15360,118784
38,32,16384,118784
38,32,18432,118784
38,95,20480,118784
16,17,8192,121856
16,39,9216,121856
16,32,10240,121856
16,32,11264,121856
16,32,12288,121856
16,32,13312,121856
16,32,15360,121856
16,95,17408,121856
16,94,19456,121856
16,125,20480,121856
17,39,1024,130048
17,32,2048,130048
17,32,3072,130048
17,32,4096,130048
17,32,5120,130048
17,32,7168,130048
17,95,9216,130048
17,94,11264,130048
17,125,12288,130048
17,95,13312,130048
17,92,14336,130048
17,96,15360,130048
17,143,16384,130048
17,89,17408,130048
39,32,1024,131072
39,32,2048,131072
39,32,3072,131072
39,32,4096,131072
39,32,6144,131072
39,95,8192,131072
39,94,10240,131072
39,125,11264,131072
39,95,12288,131072
39,92,13312,131072
39,96,14336,131072
39,143,15360,131072
39,89,16384,131072
39,96,17408,131072
32,32,1024,132096
32,32,2048,132096
32,32,3072,132096
32,32,5120,132096
32,95,7168,132096
32,94,9216,132096
32,125,10240,132096
32,95,11264,132096
32,92,12288,132096
32,96,13312,132096
32,143,14336,132096
32,89,15360,132096
32,96,16384,132096
32,143,17408,132096
32,32,1024,133120
32,32,2048,133120
32,32,4096,133120
32,95,6144,133120
32,94,8192,133120
32,125,9216,133120
32,95,10240,133120
32,92,11264,133120
32,96,12288,133120
32,143,13312,133120
32,89,14336,133120
32,96,15360,133120
32,143,16384,133120
32,132,17408,133120
32,32,1024,134144
32,32,3072,134144
32,95,5120,134144
32,94,7168,134144
32,125,8192,134144
32,95,9216,134144
32,92,10240,134144
32,96,11264,134144
32,143,12288,134144
32,89,13312,134144
32,96,14336,134144
32,143,15360,134144
32,132,16384,134144
32,144,17408,134144
32,32,2048,135168
32,95,4096,135168
32,94,6144,135168
32,125,7168,135168
32,95,8192,135168
32,92,9216,135168
32,96,10240,135168
32,143,11264,135168
32,89,12288,135168
32,96,13312,135168
32,143,14336,135168
32,132,15360,135168
32,144,16384,135168
32,143,17408,135168
32,95,2048,137216
32,94,4096,137216
32,125,5120,137216
32,95,6144,137216
32,92,7168,137216
32,96,8192,137216
32,143,9216,137216
32,89,10240,137216
32,96,11264,137216
32,143,12288,137216
32,132,13312,137216
32,144,14336,137216
32,143,15360,137216
32,143,16384,137216
95,94,2048,139264
95,125,3072,139264
95,95,4096,139264
95,92,5120,139264
95,96,6144,139264
95,143,7168,139264
95,89,8192,139264
95,96,9216,139264
95,143,10240,139264
95,132,11264,139264
95,144,12288,139264
95,143,13312,139264
95,143,14336,139264
95,96,15360,139264
94,125,1024,141312
94,95,2048,141312
94,92,3072,141312
94,96,4096,141312
94,143,5120,141312
94,89,6144,141312
94,96,7168,141312
94,143,8192,141312
94,132,9216,141312
94,144,10240,141312
94,143,11264,141312
94,143,12288,141312
94,96,13312,141312
94,143,14336,141312
125,95,1024,142336
125,92,2048,142336
125,96,3072,142336
125,143,4096,142336
125,89,5120,142336
125,96,6144,142336
125,143,7168,142336
125,132,8192,142336
125,144,9216,142336
125,143,10240,142336
125,143,11264,142336
125,96,12288,142336
125,143,13312,142336
125,128,14336,142336
95,92,1024,143360
95,96,2048,143360
95,143,3072,143360
95,89,4096,143360
95,96,5120,143360
95,143,6144,143360
95,132,7168,143360
95,144,8192,143360
95,143,9216,143360
95,143,10240,143360
95,96,11264,143360
95,143,12288,143360
95,128,13312,143360
95,95,14336,143360
92,96,1024,144384
92,143,2048,144384
92,89,3072,144384
92,96,4096,144384
92,143,5120,144384
92,132,6144,144384
92,144,7168,144384
92,143,8192,144384
92,143,9216,144384
92,96,10240,144384
92,143,11264,144384
92,128,12288,144384
92,95,13312,144384
92,95,14336,144384
96,143,1024,145408
96,89,2048,145408
96,96,3072,145408
96,143,4096,145408
96,132,5120,145408
96,144,6144,145408
96,143,7168,145408
96,143,8192,145408
96,96,9216,145408
96,143,10240,145408
96,128,11264,145408
96,95,12288,145408
96,95,13312,145408
96,129,14336,145408
143,89,1024,146432
143,96,2048,146432
143,143,3072,146432
143,132,4096,146432
143,144,5120,146432
143,143,6144,146432
143,143,7168,146432
143,96,8192,146432
143,143,9216,146432
143,128,10240,146432
143,95,11264,146432
143,95,12288,146432
143,129,13312,146432
143,48,15360,146432
89,96,1024,147456
89,143,2048,147456
89,132,3072,147456
89,144,4096,147456
89,143,5120,147456
89,143,6144,147456
89,96,7168,147456
89,143,8192,147456
89,128,9216,147456
89,95,10240,147456
89,95,11264,147456
89,129,12288,147456
89,48,14336,147456
89,16,15360,147456
96,143,1024,148480
96,132,2048,148480
96,144,3072,148480
96,143,4096,148480
96,143,5120,148480
96,96,6144,148480
96,143,7168,148480
96,128,8192,148480
96,95,9216,148480
96,95,10240,148480
96,129,11264,148480
96,48,13312,148480
96,16,14336,148480
96,95,15360,148480
143,132,1024,149504
143,144,2048,149504
143,143,3072,149504
143,143,4096,149504
143,96,5120,149504
143,143,6144,149504
143,128,7168,149504
143,95,8192,149504
143,95,9216,149504
143,129,10240,149504
143,48,12288,149504
143,16,13312,149504
143,95,14336,149504
132,144,1024,150528
132,143,2048,150528
132,143,3072,150528
132,96,4096,150528
132,143,5120,150528
132,128,6144,150528
132,95,7168,150528
132,95,8192,150528
132,129,9216,150528
132,48,11264,150528
132,16,12288,150528
132,95,13312,150528
144,143,1024,151552
144,143,2048,151552
144,96,3072,151552
144,143,4096,151552
144,128,5120,151552
144,95,6144,151552
144,95,7168,151552
144,129,8192,151552
144,48,10240,151552
144,16,11264,151552
144,95,12288,151552
143,143,1024,152576
143,96,2048,152576
143,143,3072,152576
143,128,4096,152576
143,95,5120,152576
143,95,6144,152576
143,129,7168,152576
143,48,9216,152576
143,16,10240,152576
143,95,11264,152576
143,96,1024,153600
143,143,2048,153600
143,128,3072,153600
143,95,4096,153600
143,95,5120,153600
143,129,6144,153600
143,48,8192,153600
143,16,9216,153600
143,95,10240,153600
96,143,1024,154624
96,128,2048,154624
96,95,3072,154624
96,95,4096,154624
96,129,5120,154624
96,48,7168,154624
96,16,8192,154624
96,95,9216,154624
143,128,1024,155648
143,95,2048,155648
143,95,3072,155648
143,129,4096,155648
143,48,6144,155648
143,16,7168,155648
143,95,8192,155648
128,95,1024,156672
128,95,2048,156672
128,129,3072,156672
128,48,5120,156672
128,16,6144,156672
128,95,7168,156672
95,95,1024,157696
95,129,2048,157696
95,48,4096,157696
95,16,5120,157696
95,95,6144,157696
95,129,1024,158720
95,48,3072,158720
95,16,4096,158720
95,95,5120,158720
129,48,2048,159744
129,16,3072,159744
129,95,4096,159744
48,16,1024,161792
48,95,2048,161792
16,95,1024,162816
