19,26,1024,0
19,103,1024,0
19,19,2048,0
19,49,2048,0
19,26,4096,0
19,52,4096,0
19,19,5120,0
19,20,6144,0
19,22,8192,0
19,52,8192,0
19,21,9216,0
19,49,10240,0
19,20,11264,0
19,50,11264,0
26,103,0,1024
26,19,1024,1024
26,49,1024,1024
26,26,3072,1024
26,52,3072,1024
26,19,4096,1024
26,20,5120,1024
26,22,7168,1024
26,52,7168,1024
26,21,8192,1024
26,49,9216,1024
26,20,10240,1024
26,50,10240,1024
26,51,11264,1024
103,19,1024,1024
103,49,1024,1024
103,26,3072,1024
103,52,3072,1024
103,19,4096,1024
103,20,5120,1024
103,22,7168,1024
103,52,7168,1024
103,21,8192,1024
103,49,9216,1024
103,20,10240,1024
103,50,10240,1024
103,51,11264,1024
103,26,13312,1024
19,49,0,2048
19,26,2048,2048
19,52,2048,2048
19,19,3072,2048
19,20,4096,2048
19,22,6144,2048
19,52,6144,2048
19,21,7168,2048
19,49,8192,2048
19,20,9216,2048
19,50,9216,2048
19,51,10240,2048
19,26,12288,2048
19,20,13312,2048
49,26,2048,2048
49,52,2048,2048
49,19,3072,2048
49,20,4096,2048
49,22,6144,2048
49,52,6144,2048
49,21,7168,2048
49,49,8192,2048
49,20,9216,2048
49,50,9216,2048
49,51,10240,2048
49,26,12288,2048
49,20,13312,2048
49,19,15360,2048
26,52,0,4096
26,19,1024,4096
26,20,2048,4096
26,22,4096,4096
26,52,4096,4096
26,21,5120,4096
26,49,6144,4096
26,20,7168,4096
26,50,7168,4096
26,51,8192,4096
26,26,10240,4096
26,20,11264,4096
26,19,13312,4096
26,55,13312,4096
52,19,1024,4096
52,20,2048,4096
52,22,4096,4096
52,52,4096,4096
52,21,5120,4096
52,49,6144,4096
52,20,7168,4096
52,50,7168,4096
52,51,8192,4096
52,26,10240,4096
52,20,11264,4096
52,19,13312,4096
52,55,13312,4096
52,53,14336,4096
19,20,1024,5120
19,22,3072,5120
19,52,3072,5120
19,21,4096,5120
19,49,5120,5120
19,20,6144,5120
19,50,6144,5120
19,51,7168,5120
19,26,9216,5120
19,20,10240,5120
19,19,12288,5120
19,55,12288,5120
19,53,13312,5120
19,58,14336,5120
20,22,2048,6144
20,52,2048,6144
20,21,3072,6144
20,49,4096,6144
20,20,5120,6144
20,50,5120,6144
20,51,6144,6144
20,26,8192,6144
20,20,9216,6144
20,19,11264,6144
20,55,11264,6144
20,53,12288,6144
20,58,13312,6144
20,19,14336,6144
22,52,0,8192
22,21,1024,8192
22,49,2048,8192
22,20,3072,8192
22,50,3072,8192
22,51,4096,8192
22,26,6144,8192
22,20,7168,8192
22,19,9216,8192
22,55,9216,8192
22,53,10240,8192
22,58,11264,8192
22,19,12288,8192
22,57,13312,8192
52,21,1024,8192
52,49,2048,8192
52,20,3072,8192
52,50,3072,8192
52,51,4096,8192
52,26,6144,8192
52,20,7168,8192
52,19,9216,8192
52,55,9216,8192
52,53,10240,8192
52,58,11264,8192
52,19,12288,8192
52,57,13312,8192
52,22,15360,8192
21,49,1024,9216
21,20,2048,9216
21,50,2048,9216
21,51,3072,9216
21,26,5120,9216
21,20,6144,9216
21,19,8192,9216
21,55,8192,9216
21,53,9216,9216
21,58,10240,9216
21,19,11264,9216
21,57,12288,9216
21,22,14336,9216
21,78,14336,9216
49,20,1024,10240
49,50,1024,10240
49,51,2048,10240
49,26,4096,10240
49,20,5120,10240
49,19,7168,10240
49,55,7168,10240
49,53,8192,10240
49,58,9216,10240
49,19,10240,10240
49,57,11264,10240
49,22,13312,10240
49,78,13312,10240
49,22,14336,10240
20,50,0,11264
20,51,1024,11264
20,26,3072,11264
20,20,4096,11264
20,19,6144,11264
20,55,6144,11264
20,53,7168,11264
20,58,8192,11264
20,19,9216,11264
20,57,10240,11264
20,22,12288,11264
20,78,12288,11264
20,22,13312,11264
20,24,15360,11264
50,51,1024,11264
50,26,3072,11264
50,20,4096,11264
50,19,6144,11264
50,55,6144,11264
50,53,7168,11264
50,58,8192,11264
50,19,9216,11264
50,57,10240,11264
50,22,12288,11264
50,78,12288,11264
50,22,13312,11264
50,24,15360,11264
50,18,17408,11264
51,26,2048,12288
51,20,3072,12288
51,19,5120,12288
51,55,5120,12288
51,53,6144,12288
51,58,7168,12288
51,19,8192,12288
51,57,9216,12288
51,22,11264,12288
51,78,11264,12288
51,22,12288,12288
51,24,14336,12288
51,18,16384,12288
51,29,17408,12288
26,20,1024,14336
26,19,3072,14336
26,55,3072,14336
26,53,4096,14336
26,58,5120,14336
26,19,6144,14336
26,57,7168,14336
26,22,9216,14336
26,78,9216,14336
26,22,10240,14336
26,24,12288,14336
26,18,14336,14336
26,29,15360,14336
26,19,16384,14336
20,19,2048,15360
20,55,2048,15360
20,53,3072,15360
20,58,4096,15360
20,19,5120,15360
20,57,6144,15360
20,22,8192,15360
20,78,8192,15360
20,22,9216,15360
20,24,11264,15360
20,18,13312,15360
20,29,14336,15360
20,19,15360,15360
20,58,19456,15360
19,55,0,17408
19,53,1024,17408
19,58,2048,17408
19,19,3072,17408
19,57,4096,17408
19,22,6144,17408
19,78,6144,17408
19,22,7168,17408
19,24,9216,17408
19,18,11264,17408
19,29,12288,17408
19,19,13312,17408
19,58,17408,17408
19,57,18432,17408
55,53,1024,17408
55,58,2048,17408
55,19,3072,17408
55,57,4096,17408
55,22,6144,17408
55,78,6144,17408
55,22,7168,17408
55,24,9216,17408
55,18,11264,17408
55,29,12288,17408
55,19,13312,17408
55,58,17408,17408
55,57,18432,17408
55,59,19456,17408
53,58,1024,18432
53,19,2048,18432
53,57,3072,18432
53,22,5120,18432
53,78,5120,18432
53,22,6144,18432
53,24,8192,18432
53,18,10240,18432
53,29,11264,18432
53,19,12288,18432
53,58,16384,18432
53,57,17408,18432
53,59,18432,18432
53,19,20480,18432
58,19,1024,19456
58,57,2048,19456
58,22,4096,19456
58,78,4096,19456
58,22,5120,19456
58,24,7168,19456
58,18,9216,19456
58,29,10240,19456
58,19,11264,19456
58,58,15360,19456
58,57,16384,19456
58,59,17408,19456
58,19,19456,19456
58,289,19456,19456
19,57,1024,20480
19,22,3072,20480
19,78,3072,20480
19,22,4096,20480
19,24,6144,20480
19,18,8192,20480
19,29,9216,20480
19,19,10240,20480
19,58,14336,20480
19,57,15360,20480
19,59,16384,20480
19,19,18432,20480
19,289,18432,20480
19,66,20480,20480
57,22,2048,21504
57,78,2048,21504
57,22,3072,21504
57,24,5120,21504
57,18,7168,21504
57,29,8192,21504
57,19,9216,21504
57,58,13312,21504
57,57,14336,21504
57,59,15360,21504
57,19,17408,21504
57,289,17408,21504
57,66,19456,21504
57,69,20480,21504
22,78,0,23552
22,22,1024,23552
22,24,3072,23552
22,18,5120,23552
22,29,6144,23552
22,19,7168,23552
22,58,11264,23552
22,57,12288,23552
22,59,13312,23552
22,19,15360,23552
22,289,15360,23552
22,66,17408,23552
22,69,18432,23552
22,69,19456,23552
78,22,1024,23552
78,24,3072,23552
78,18,5120,23552
78,29,6144,23552
78,19,7168,23552
78,58,11264,23552
78,57,12288,23552
78,59,13312,23552
78,19,15360,23552
78,289,15360,23552
78,66,17408,23552
78,69,18432,23552
78,69,19456,23552
78,20,20480,23552
22,24,2048,24576
22,18,4096,24576
22,29,5120,24576
22,19,6144,24576
22,58,10240,24576
22,57,11264,24576
22,59,12288,24576
22,19,14336,24576
22,289,14336,24576
22,66,16384,24576
22,69,17408,24576
22,69,18432,24576
22,20,19456,24576
24,18,2048,26624
24,29,3072,26624
24,19,4096,26624
24,58,8192,26624
24,57,9216,26624
24,59,10240,26624
24,19,12288,26624
24,289,12288,26624
24,66,14336,26624
24,69,15360,26624
24,69,16384,26624
24,20,17408,26624
24,19,19456,26624
24,60,19456,26624
18,29,1024,28672
18,19,2048,28672
18,58,6144,28672
18,57,7168,28672
18,59,8192,28672
18,19,10240,28672
18,289,10240,28672
18,66,12288,28672
18,69,13312,28672
18,69,14336,28672
18,20,15360,28672
18,19,17408,28672
18,60,17408,28672
18,19,19456,28672
29,19,1024,29696
29,58,5120,29696
29,57,6144,29696
29,59,7168,29696
29,19,9216,29696
29,289,9216,29696
29,66,11264,29696
29,69,12288,29696
29,69,13312,29696
29,20,14336,29696
29,19,16384,29696
29,60,16384,29696
29,19,18432,29696
29,76,19456,29696
19,58,4096,30720
19,57,5120,30720
19,59,6144,30720
19,19,8192,30720
19,289,8192,30720
19,66,10240,30720
19,69,11264,30720
19,69,12288,30720
19,20,13312,30720
19,19,15360,30720
19,60,15360,30720
19,19,17408,30720
19,76,18432,30720
19,19,19456,30720
58,57,1024,34816
58,59,2048,34816
58,19,4096,34816
58,289,4096,34816
58,66,6144,34816
58,69,7168,34816
58,69,8192,34816
58,20,9216,34816
58,19,11264,34816
58,60,11264,34816
58,19,13312,34816
58,76,14336,34816
58,19,15360,34816
57,59,1024,35840
57,19,3072,35840
57,289,3072,35840
57,66,5120,35840
57,69,6144,35840
57,69,7168,35840
57,20,8192,35840
57,19,10240,35840
57,60,10240,35840
57,19,12288,35840
57,76,13312,35840
57,19,14336,35840
59,19,2048,36864
59,289,2048,36864
59,66,4096,36864
59,69,5120,36864
59,69,6144,36864
59,20,7168,36864
59,19,9216,36864
59,60,9216,36864
59,19,11264,36864
59,76,12288,36864
59,19,13312,36864
59,20,20480,36864
19,289,0,38912
19,66,2048,38912
19,69,3072,38912
19,69,4096,38912
19,20,5120,38912
19,19,7168,38912
19,60,7168,38912
19,19,9216,38912
19,76,10240,38912
19,19,11264,38912
19,20,18432,38912
19,19,19456,38912
19,52,19456,38912
289,66,2048,38912
289,69,3072,38912
289,69,4096,38912
289,20,5120,38912
289,19,7168,38912
289,60,7168,38912
289,19,9216,38912
289,76,10240,38912
289,19,11264,38912
289,20,18432,38912
289,19,19456,38912
289,52,19456,38912
66,69,1024,40960
66,69,2048,40960
66,20,3072,40960
66,19,5120,40960
66,60,5120,40960
66,19,7168,40960
66,76,8192,40960
66,19,9216,40960
66,20,16384,40960
66,19,17408,40960
66,52,17408,40960
66,19,19456,40960
66,20,20480,40960
66,76,20480,40960
69,69,1024,41984
69,20,2048,41984
69,19,4096,41984
69,60,4096,41984
69,19,6144,41984
69,76,7168,41984
69,19,8192,41984
69,20,15360,41984
69,19,16384,41984
69,52,16384,41984
69,19,18432,41984
69,20,19456,41984
69,76,19456,41984
69,20,1024,43008
69,19,3072,43008
69,60,3072,43008
69,19,5120,43008
69,76,6144,43008
69,19,7168,43008
69,20,14336,43008
69,19,15360,43008
69,52,15360,43008
69,19,17408,43008
69,20,18432,43008
69,76,18432,43008
69,24,20480,43008
20,19,2048,44032
20,60,2048,44032
20,19,4096,44032
20,76,5120,44032
20,19,6144,44032
20,20,13312,44032
20,19,14336,44032
20,52,14336,44032
20,19,16384,44032
20,20,17408,44032
20,76,17408,44032
20,24,19456,44032
19,60,0,46080
19,19,2048,46080
19,76,3072,46080
19,19,4096,46080
19,20,11264,46080
19,19,12288,46080
19,52,12288,46080
19,19,14336,46080
19,20,15360,46080
19,76,15360,46080
19,24,17408,46080
19,19,20480,46080
60,19,2048,46080
60,76,3072,46080
60,19,4096,46080
60,20,11264,46080
60,19,12288,46080
60,52,12288,46080
60,19,14336,46080
60,20,15360,46080
60,76,15360,46080
60,24,17408,46080
60,19,20480,46080
19,76,1024,48128
19,19,2048,48128
19,20,9216,48128
19,19,10240,48128
19,52,10240,48128
19,19,12288,48128
19,20,13312,48128
19,76,13312,48128
19,24,15360,48128
19,19,18432,48128
19,19,19456,48128
19,50,19456,48128
19,20,20480,48128
76,19,1024,49152
76,20,8192,49152
76,19,9216,49152
76,52,9216,49152
76,19,11264,49152
76,20,12288,49152
76,76,12288,49152
76,24,14336,49152
76,19,17408,49152
76,19,18432,49152
76,50,18432,49152
76,20,19456,49152
19,20,7168,50176
19,19,8192,50176
19,52,8192,50176
19,19,10240,50176
19,20,11264,50176
19,76,11264,50176
19,24,13312,50176
19,19,16384,50176
19,19,17408,50176
19,50,17408,50176
19,20,18432,50176
20,19,1024,57344
20,52,1024,57344
20,19,3072,57344
20,20,4096,57344
20,76,4096,57344
20,24,6144,57344
20,19,9216,57344
20,19,10240,57344
20,50,10240,57344
20,20,11264,57344
20,19,14336,57344
20,18,15360,57344
20,19,17408,57344
20,51,17408,57344
19,52,0,58368
19,19,2048,58368
19,20,3072,58368
19,76,3072,58368
19,24,5120,58368
19,19,8192,58368
19,19,9216,58368
19,50,9216,58368
19,20,10240,58368
19,19,13312,58368
19,18,14336,58368
19,19,16384,58368
19,51,16384,58368
19,23,17408,58368
52,19,2048,58368
52,20,3072,58368
52,76,3072,58368
52,24,5120,58368
52,19,8192,58368
52,19,9216,58368
52,50,9216,58368
52,20,10240,58368
52,19,13312,58368
52,18,14336,58368
52,19,16384,58368
52,51,16384,58368
52,23,17408,58368
52,19,18432,58368
19,20,1024,60416
19,76,1024,60416
19,24,3072,60416
19,19,6144,60416
19,19,7168,60416
19,50,7168,60416
19,20,8192,60416
19,19,11264,60416
19,18,12288,60416
19,19,14336,60416
19,51,14336,60416
19,23,15360,60416
19,19,16384,60416
19,22,17408,60416
20,76,0,61440
20,24,2048,61440
20,19,5120,61440
20,19,6144,61440
20,50,6144,61440
20,20,7168,61440
20,19,10240,61440
20,18,11264,61440
20,19,13312,61440
20,51,13312,61440
20,23,14336,61440
20,19,15360,61440
20,22,16384,61440
20,83,17408,61440
76,24,2048,61440
76,19,5120,61440
76,19,6144,61440
76,50,6144,61440
76,20,7168,61440
76,19,10240,61440
76,18,11264,61440
76,19,13312,61440
76,51,13312,61440
76,23,14336,61440
76,19,15360,61440
76,22,16384,61440
76,83,17408,61440
76,19,19456,61440
24,19,3072,63488
24,19,4096,63488
24,50,4096,63488
24,20,5120,63488
24,19,8192,63488
24,18,9216,63488
24,19,11264,63488
24,51,11264,63488
24,23,12288,63488
24,19,13312,63488
24,22,14336,63488
24,83,15360,63488
24,19,17408,63488
24,19,18432,63488
19,19,1024,66560
19,50,1024,66560
19,20,2048,66560
19,19,5120,66560
19,18,6144,66560
19,19,8192,66560
19,51,8192,66560
19,23,9216,66560
19,19,10240,66560
19,22,11264,66560
19,83,12288,66560
19,19,14336,66560
19,19,15360,66560
19,22,18432,66560
19,50,0,67584
19,20,1024,67584
19,19,4096,67584
19,18,5120,67584
19,19,7168,67584
19,51,7168,67584
19,23,8192,67584
19,19,9216,67584
19,22,10240,67584
19,83,11264,67584
19,19,13312,67584
19,19,14336,67584
19,22,17408,67584
19,22,18432,67584
50,20,1024,67584
50,19,4096,67584
50,18,5120,67584
50,19,7168,67584
50,51,7168,67584
50,23,8192,67584
50,19,9216,67584
50,22,10240,67584
50,83,11264,67584
50,19,13312,67584
50,19,14336,67584
50,22,17408,67584
50,22,18432,67584
50,28,20480,67584
20,19,3072,68608
20,18,4096,68608
20,19,6144,68608
20,51,6144,68608
20,23,7168,68608
20,19,8192,68608
20,22,9216,68608
20,83,10240,68608
20,19,12288,68608
20,19,13312,68608
20,22,16384,68608
20,22,17408,68608
20,28,19456,68608
20,87,19456,68608
19,18,1024,71680
19,19,3072,71680
19,51,3072,71680
19,23,4096,71680
19,19,5120,71680
19,22,6144,71680
19,83,7168,71680
19,19,9216,71680
19,19,10240,71680
19,22,13312,71680
19,22,14336,71680
19,28,16384,71680
19,87,16384,71680
19,19,17408,71680
18,19,2048,72704
18,51,2048,72704
18,23,3072,72704
18,19,4096,72704
18,22,5120,72704
18,83,6144,72704
18,19,8192,72704
18,19,9216,72704
18,22,12288,72704
18,22,13312,72704
18,28,15360,72704
18,87,15360,72704
18,19,16384,72704
18,87,16384,72704
19,51,0,74752
19,23,1024,74752
19,19,2048,74752
19,22,3072,74752
19,83,4096,74752
19,19,6144,74752
19,19,7168,74752
19,22,10240,74752
19,22,11264,74752
19,28,13312,74752
19,87,13312,74752
19,19,14336,74752
19,87,14336,74752
19,20,15360,74752
51,23,1024,74752
51,19,2048,74752
51,22,3072,74752
51,83,4096,74752
51,19,6144,74752
51,19,7168,74752
51,22,10240,74752
51,22,11264,74752
51,28,13312,74752
51,87,13312,74752
51,19,14336,74752
51,87,14336,74752
51,20,15360,74752
51,20,19456,74752
23,19,1024,75776
23,22,2048,75776
23,83,3072,75776
23,19,5120,75776
23,19,6144,75776
23,22,9216,75776
23,22,10240,75776
23,28,12288,75776
23,87,12288,75776
23,19,13312,75776
23,87,13312,75776
23,20,14336,75776
23,20,18432,75776
23,19,19456,75776
19,22,1024,76800
19,83,2048,76800
19,19,4096,76800
19,19,5120,76800
19,22,8192,76800
19,22,9216,76800
19,28,11264,76800
19,87,11264,76800
19,19,12288,76800
19,87,12288,76800
19,20,13312,76800
19,20,17408,76800
19,19,18432,76800
19,51,19456,76800
22,83,1024,77824
22,19,3072,77824
22,19,4096,77824
22,22,7168,77824
22,22,8192,77824
22,28,10240,77824
22,87,10240,77824
22,19,11264,77824
22,87,11264,77824
22,20,12288,77824
22,20,16384,77824
22,19,17408,77824
22,51,18432,77824
22,51,19456,77824
83,19,2048,78848
83,19,3072,78848
83,22,6144,78848
83,22,7168,78848
83,28,9216,78848
83,87,9216,78848
83,19,10240,78848
83,87,10240,78848
83,20,11264,78848
83,20,15360,78848
83,19,16384,78848
83,51,17408,78848
83,51,18432,78848
83,20,19456,78848
19,19,1024,80896
19,22,4096,80896
19,22,5120,80896
19,28,7168,80896
19,87,7168,80896
19,19,8192,80896
19,87,8192,80896
19,20,9216,80896
19,20,13312,80896
19,19,14336,80896
19,51,15360,80896
19,51,16384,80896
19,20,17408,80896
19,20,18432,80896
19,22,3072,81920
19,22,4096,81920
19,28,6144,81920
19,87,6144,81920
19,19,7168,81920
19,87,7168,81920
19,20,8192,81920
19,20,12288,81920
19,19,13312,81920
19,51,14336,81920
19,51,15360,81920
19,20,16384,81920
19,20,17408,81920
19,95,18432,81920
22,22,1024,84992
22,28,3072,84992
22,87,3072,84992
22,19,4096,84992
22,87,4096,84992
22,20,5120,84992
22,20,9216,84992
22,19,10240,84992
22,51,11264,84992
22,51,12288,84992
22,20,13312,84992
22,20,14336,84992
22,95,15360,84992
22,19,16384,84992
22,28,2048,86016
22,87,2048,86016
22,19,3072,86016
22,87,3072,86016
22,20,4096,86016
22,20,8192,86016
22,19,9216,86016
22,51,10240,86016
22,51,11264,86016
22,20,12288,86016
22,20,13312,86016
22,95,14336,86016
22,19,15360,86016
22,49,16384,86016
28,87,0,88064
28,19,1024,88064
28,87,1024,88064
28,20,2048,88064
28,20,6144,88064
28,19,7168,88064
28,51,8192,88064
28,51,9216,88064
28,20,10240,88064
28,20,11264,88064
28,95,12288,88064
28,19,13312,88064
28,49,14336,88064
28,19,15360,88064
87,19,1024,88064
87,87,1024,88064
87,20,2048,88064
87,20,6144,88064
87,19,7168,88064
87,51,8192,88064
87,51,9216,88064
87,20,10240,88064
87,20,11264,88064
87,95,12288,88064
87,19,13312,88064
87,49,14336,88064
87,19,15360,88064
87,52,16384,88064
19,87,0,89088
19,20,1024,89088
19,20,5120,89088
19,19,6144,89088
19,51,7168,89088
19,51,8192,89088
19,20,9216,89088
19,20,10240,89088
19,95,11264,89088
19,19,12288,89088
19,49,13312,89088
19,19,14336,89088
19,52,15360,89088
19,19,16384,89088
87,20,1024,89088
87,20,5120,89088
87,19,6144,89088
87,51,7168,89088
87,51,8192,89088
87,20,9216,89088
87,20,10240,89088
87,95,11264,89088
87,19,12288,89088
87,49,13312,89088
87,19,14336,89088
87,52,15360,89088
87,19,16384,89088
87,19,18432,89088
20,20,4096,90112
20,19,5120,90112
20,51,6144,90112
20,51,7168,90112
20,20,8192,90112
20,20,9216,90112
20,95,10240,90112
20,19,11264,90112
20,49,12288,90112
20,19,13312,90112
20,52,14336,90112
20,19,15360,90112
20,19,17408,90112
20,19,19456,90112
20,19,1024,94208
20,51,2048,94208
20,51,3072,94208
20,20,4096,94208
20,20,5120,94208
20,95,6144,94208
20,19,7168,94208
20,49,8192,94208
20,19,9216,94208
20,52,10240,94208
20,19,11264,94208
20,19,13312,94208
20,19,15360,94208
20,79,17408,94208
19,51,1024,95232
19,51,2048,95232
19,20,3072,95232
19,20,4096,95232
19,95,5120,95232
19,19,6144,95232
19,49,7168,95232
19,19,8192,95232
19,52,9216,95232
19,19,10240,95232
19,19,12288,95232
19,19,14336,95232
19,79,16384,95232
51,51,1024,96256
51,20,2048,96256
51,20,3072,96256
51,95,4096,96256
51,19,5120,96256
51,49,6144,96256
51,19,7168,96256
51,52,8192,96256
51,19,9216,96256
51,19,11264,96256
51,19,13312,96256
51,79,15360,96256
51,20,20480,96256
51,20,1024,97280
51,20,2048,97280
51,95,3072,97280
51,19,4096,97280
51,49,5120,97280
51,19,6144,97280
51,52,7168,97280
51,19,8192,97280
51,19,10240,97280
51,19,12288,97280
51,79,14336,97280
51,20,19456,97280
20,20,1024,98304
20,95,2048,98304
20,19,3072,98304
20,49,4096,98304
20,19,5120,98304
20,52,6144,98304
20,19,7168,98304
20,19,9216,98304
20,19,11264,98304
20,79,13312,98304
20,20,18432,98304
20,18,20480,98304
20,46,20480,98304
20,95,1024,99328
20,19,2048,99328
20,49,3072,99328
20,19,4096,99328
20,52,5120,99328
20,19,6144,99328
20,19,8192,99328
20,19,10240,99328
20,79,12288,99328
20,20,17408,99328
20,18,19456,99328
20,46,19456,99328
95,19,1024,100352
95,49,2048,100352
95,19,3072,100352
95,52,4096,100352
95,19,5120,100352
95,19,7168,100352
95,19,9216,100352
95,79,11264,100352
95,20,16384,100352
95,18,18432,100352
95,46,18432,100352
95,19,20480,100352
95,51,20480,100352
19,49,1024,101376
19,19,2048,101376
19,52,3072,101376
19,19,4096,101376
19,19,6144,101376
19,19,8192,101376
19,79,10240,101376
19,20,15360,101376
19,18,17408,101376
19,46,17408,101376
19,19,19456,101376
19,51,19456,101376
19,19,20480,101376
49,19,1024,102400
49,52,2048,102400
49,19,3072,102400
49,19,5120,102400
49,19,7168,102400
49,79,9216,102400
49,20,14336,102400
49,18,16384,102400
49,46,16384,102400
49,19,18432,102400
49,51,18432,102400
49,19,19456,102400
49,19,20480,102400
49,52,20480,102400
19,52,1024,103424
19,19,2048,103424
19,19,4096,103424
19,19,6144,103424
19,79,8192,103424
19,20,13312,103424
19,18,15360,103424
19,46,15360,103424
19,19,17408,103424
19,51,17408,103424
19,19,18432,103424
19,19,19456,103424
19,52,19456,103424
52,19,1024,104448
52,19,3072,104448
52,19,5120,104448
52,79,7168,104448
52,20,12288,104448
52,18,14336,104448
52,46,14336,104448
52,19,16384,104448
52,51,16384,104448
52,19,17408,104448
52,19,18432,104448
52,52,18432,104448
52,20,20480,104448
19,19,2048,105472
19,19,4096,105472
19,79,6144,105472
19,20,11264,105472
19,18,13312,105472
19,46,13312,105472
19,19,15360,105472
19,51,15360,105472
19,19,16384,105472
19,19,17408,105472
19,52,17408,105472
19,20,19456,105472
19,19,2048,107520
19,79,4096,107520
19,20,9216,107520
19,18,11264,107520
19,46,11264,107520
19,19,13312,107520
19,51,13312,107520
19,19,14336,107520
19,19,15360,107520
19,52,15360,107520
19,20,17408,107520
19,20,19456,107520
19,79,2048,109568
19,20,7168,109568
19,18,9216,109568
19,46,9216,109568
19,19,11264,109568
19,51,11264,109568
19,19,12288,109568
19,19,13312,109568
19,52,13312,109568
19,20,15360,109568
19,20,17408,109568
19,19,19456,109568
19,49,19456,109568
19,25,20480,109568
79,20,5120,111616
79,18,7168,111616
79,46,7168,111616
79,19,9216,111616
79,51,9216,111616
79,19,10240,111616
79,19,11264,111616
79,52,11264,111616
79,20,13312,111616
79,20,15360,111616
79,19,17408,111616
79,49,17408,111616
79,25,18432,111616
79,22,19456,111616
20,18,2048,116736
20,46,2048,116736
20,19,4096,116736
20,51,4096,116736
20,19,5120,116736
20,19,6144,116736
20,52,6144,116736
20,20,8192,116736
20,20,10240,116736
20,19,12288,116736
20,49,12288,116736
20,25,13312,116736
20,22,14336,116736
20,77,14336,116736
18,46,0,118784
18,19,2048,118784
18,51,2048,118784
18,19,3072,118784
18,19,4096,118784
18,52,4096,118784
18,20,6144,118784
18,20,8192,118784
18,19,10240,118784
18,49,10240,118784
18,25,11264,118784
18,22,12288,118784
18,77,12288,118784
18,22,13312,118784
46,19,2048,118784
46,51,2048,118784
46,19,3072,118784
46,19,4096,118784
46,52,4096,118784
46,20,6144,118784
46,20,8192,118784
46,19,10240,118784
46,49,10240,118784
46,25,11264,118784
46,22,12288,118784
46,77,12288,118784
46,22,13312,118784
46,19,14336,118784
19,51,0,120832
19,19,1024,120832
19,19,2048,120832
19,52,2048,120832
19,20,4096,120832
19,20,6144,120832
19,19,8192,120832
19,49,8192,120832
19,25,9216,120832
19,22,10240,120832
19,77,10240,120832
19,22,11264,120832
19,19,12288,120832
19,19,14336,120832
51,19,1024,120832
51,19,2048,120832
51,52,2048,120832
51,20,4096,120832
51,20,6144,120832
51,19,8192,120832
51,49,8192,120832
51,25,9216,120832
51,22,10240,120832
51,77,10240,120832
51,22,11264,120832
51,19,12288,120832
51,19,14336,120832
51,103,14336,120832
19,19,1024,121856
19,52,1024,121856
19,20,3072,121856
19,20,5120,121856
19,19,7168,121856
19,49,7168,121856
19,25,8192,121856
19,22,9216,121856
19,77,9216,121856
19,22,10240,121856
19,19,11264,121856
19,19,13312,121856
19,103,13312,121856
19,18,14336,121856
19,52,0,122880
19,20,2048,122880
19,20,4096,122880
19,19,6144,122880
19,49,6144,122880
19,25,7168,122880
19,22,8192,122880
19,77,8192,122880
19,22,9216,122880
19,19,10240,122880
19,19,12288,122880
19,103,12288,122880
19,18,13312,122880
19,19,15360,122880
52,20,2048,122880
52,20,4096,122880
52,19,6144,122880
52,49,6144,122880
52,25,7168,122880
52,22,8192,122880
52,77,8192,122880
52,22,9216,122880
52,19,10240,122880
52,19,12288,122880
52,103,12288,122880
52,18,13312,122880
52,19,15360,122880
52,103,16384,122880
20,20,2048,124928
20,19,4096,124928
20,49,4096,124928
20,25,5120,124928
20,22,6144,124928
20,77,6144,124928
20,22,7168,124928
20,19,8192,124928
20,19,10240,124928
20,103,10240,124928
20,18,11264,124928
20,19,13312,124928
20,103,14336,124928
20,24,15360,124928
20,19,2048,126976
20,49,2048,126976
20,25,3072,126976
20,22,4096,126976
20,77,4096,126976
20,22,5120,126976
20,19,6144,126976
20,19,8192,126976
20,103,8192,126976
20,18,9216,126976
20,19,11264,126976
20,103,12288,126976
20,24,13312,126976
20,19,15360,126976
19,49,0,129024
19,25,1024,129024
19,22,2048,129024
19,77,2048,129024
19,22,3072,129024
19,19,4096,129024
19,19,6144,129024
19,103,6144,129024
19,18,7168,129024
19,19,9216,129024
19,103,10240,129024
19,24,11264,129024
19,19,13312,129024
19,19,14336,129024
49,25,1024,129024
49,22,2048,129024
49,77,2048,129024
49,22,3072,129024
49,19,4096,129024
49,19,6144,129024
49,103,6144,129024
49,18,7168,129024
49,19,9216,129024
49,103,10240,129024
49,24,11264,129024
49,19,13312,129024
49,19,14336,129024
49,22,17408,129024
25,22,1024,130048
25,77,1024,130048
25,22,2048,130048
25,19,3072,130048
25,19,5120,130048
25,103,5120,130048
25,18,6144,130048
25,19,8192,130048
25,103,9216,130048
25,24,10240,130048
25,19,12288,130048
25,19,13312,130048
25,22,16384,130048
25,54,18432,130048
22,77,0,131072
22,22,1024,131072
22,19,2048,131072
22,19,4096,131072
22,103,4096,131072
22,18,5120,131072
22,19,7168,131072
22,103,8192,131072
22,24,9216,131072
22,19,11264,131072
22,19,12288,131072
22,22,15360,131072
22,54,17408,131072
22,29,19456,131072
77,22,1024,131072
77,19,2048,131072
77,19,4096,131072
77,103,4096,131072
77,18,5120,131072
77,19,7168,131072
77,103,8192,131072
77,24,9216,131072
77,19,11264,131072
77,19,12288,131072
77,22,15360,131072
77,54,17408,131072
77,29,19456,131072
77,58,19456,131072
22,19,1024,132096
22,19,3072,132096
22,103,3072,132096
22,18,4096,132096
22,19,6144,132096
22,103,7168,132096
22,24,8192,132096
22,19,10240,132096
22,19,11264,132096
22,22,14336,132096
22,54,16384,132096
22,29,18432,132096
22,58,18432,132096
22,19,19456,132096
19,19,2048,133120
19,103,2048,133120
19,18,3072,133120
19,19,5120,133120
19,103,6144,133120
19,24,7168,133120
19,19,9216,133120
19,19,10240,133120
19,22,13312,133120
19,54,15360,133120
19,29,17408,133120
19,58,17408,133120
19,19,18432,133120
19,19,20480,133120
19,103,0,135168
19,18,1024,135168
19,19,3072,135168
19,103,4096,135168
19,24,5120,135168
19,19,7168,135168
19,19,8192,135168
19,22,11264,135168
19,54,13312,135168
19,29,15360,135168
19,58,15360,135168
19,19,16384,135168
19,19,18432,135168
19,19,20480,135168
103,18,1024,135168
103,19,3072,135168
103,103,4096,135168
103,24,5120,135168
103,19,7168,135168
103,19,8192,135168
103,22,11264,135168
103,54,13312,135168
103,29,15360,135168
103,58,15360,135168
103,19,16384,135168
103,19,18432,135168
103,19,20480,135168
18,19,2048,136192
18,103,3072,136192
18,24,4096,136192
18,19,6144,136192
18,19,7168,136192
18,22,10240,136192
18,54,12288,136192
18,29,14336,136192
18,58,14336,136192
18,19,15360,136192
18,19,17408,136192
18,19,19456,136192
18,29,20480,136192
19,103,1024,138240
19,24,2048,138240
19,19,4096,138240
19,19,5120,138240
19,22,8192,138240
19,54,10240,138240
19,29,12288,138240
19,58,12288,138240
19,19,13312,138240
19,19,15360,138240
19,19,17408,138240
19,29,18432,138240
19,58,19456,138240
19,29,20480,138240
103,24,1024,139264
103,19,3072,139264
103,19,4096,139264
103,22,7168,139264
103,54,9216,139264
103,29,11264,139264
103,58,11264,139264
103,19,12288,139264
103,19,14336,139264
103,19,16384,139264
103,29,17408,139264
103,58,18432,139264
103,29,19456,139264
103,58,19456,139264
24,19,2048,140288
24,19,3072,140288
24,22,6144,140288
24,54,8192,140288
24,29,10240,140288
24,58,10240,140288
24,19,11264,140288
24,19,13312,140288
24,19,15360,140288
24,29,16384,140288
24,58,17408,140288
24,29,18432,140288
24,58,18432,140288
24,146,19456,140288
19,19,1024,142336
19,22,4096,142336
19,54,6144,142336
19,29,8192,142336
19,58,8192,142336
19,19,9216,142336
19,19,11264,142336
19,19,13312,142336
19,29,14336,142336
19,58,15360,142336
19,29,16384,142336
19,58,16384,142336
19,146,17408,142336
19,144,18432,142336
19,22,3072,143360
19,54,5120,143360
19,29,7168,143360
19,58,7168,143360
19,19,8192,143360
19,19,10240,143360
19,19,12288,143360
19,29,13312,143360
19,58,14336,143360
19,29,15360,143360
19,58,15360,143360
19,146,16384,143360
19,144,17408,143360
22,54,2048,146432
22,29,4096,146432
22,58,4096,146432
22,19,5120,146432
22,19,7168,146432
22,19,9216,146432
22,29,10240,146432
22,58,11264,146432
22,29,12288,146432
22,58,12288,146432
22,146,13312,146432
22,144,14336,146432
22,134,18432,146432
22,300,18432,146432
54,29,2048,148480
54,58,2048,148480
54,19,3072,148480
54,19,5120,148480
54,19,7168,148480
54,29,8192,148480
54,58,9216,148480
54,29,10240,148480
54,58,10240,148480
54,146,11264,148480
54,144,12288,148480
54,134,16384,148480
54,300,16384,148480
54,137,17408,148480
29,58,0,150528
29,19,1024,150528
29,19,3072,150528
29,19,5120,150528
29,29,6144,150528
29,58,7168,150528
29,29,8192,150528
29,58,8192,150528
29,146,9216,150528
29,144,10240,150528
29,134,14336,150528
29,300,14336,150528
29,137,15360,150528
29,20,16384,150528
58,19,1024,150528
58,19,3072,150528
58,19,5120,150528
58,29,6144,150528
58,58,7168,150528
58,29,8192,150528
58,58,8192,150528
58,146,9216,150528
58,144,10240,150528
58,134,14336,150528
58,300,14336,150528
58,137,15360,150528
58,20,16384,150528
58,139,16384,150528
19,19,2048,151552
19,19,4096,151552
19,29,5120,151552
19,58,6144,151552
19,29,7168,151552
19,58,7168,151552
19,146,8192,151552
19,144,9216,151552
19,134,13312,151552
19,300,13312,151552
19,137,14336,151552
19,20,15360,151552
19,139,15360,151552
19,279,15360,151552
19,19,2048,153600
19,29,3072,153600
19,58,4096,153600
19,29,5120,153600
19,58,5120,153600
19,146,6144,153600
19,144,7168,153600
19,134,11264,153600
19,300,11264,153600
19,137,12288,153600
19,20,13312,153600
19,139,13312,153600
19,279,13312,153600
19,19,15360,153600
19,29,1024,155648
19,58,2048,155648
19,29,3072,155648
19,58,3072,155648
19,146,4096,155648
19,144,5120,155648
19,134,9216,155648
19,300,9216,155648
19,137,10240,155648
19,20,11264,155648
19,139,11264,155648
19,279,11264,155648
19,19,13312,155648
19,26,20480,155648
29,58,1024,156672
29,29,2048,156672
29,58,2048,156672
29,146,3072,156672
29,144,4096,156672
29,134,8192,156672
29,300,8192,156672
29,137,9216,156672
29,20,10240,156672
29,139,10240,156672
29,279,10240,156672
29,19,12288,156672
29,26,19456,156672
58,29,1024,157696
58,58,1024,157696
58,146,2048,157696
58,144,3072,157696
58,134,7168,157696
58,300,7168,157696
58,137,8192,157696
58,20,9216,157696
58,139,9216,157696
58,279,9216,157696
58,19,11264,157696
58,26,18432,157696
58,18,20480,157696
29,58,0,158720
29,146,1024,158720
29,144,2048,158720
29,134,6144,158720
29,300,6144,158720
29,137,7168,158720
29,20,8192,158720
29,139,8192,158720
29,279,8192,158720
29,19,10240,158720
29,26,17408,158720
29,18,19456,158720
29,37,20480,158720
58,146,1024,158720
58,144,2048,158720
58,134,6144,158720
58,300,6144,158720
58,137,7168,158720
58,20,8192,158720
58,139,8192,158720
58,279,8192,158720
58,19,10240,158720
58,26,17408,158720
58,18,19456,158720
58,37,20480,158720
146,144,1024,159744
146,134,5120,159744
146,300,5120,159744
146,137,6144,159744
146,20,7168,159744
146,139,7168,159744
146,279,7168,159744
146,19,9216,159744
146,26,16384,159744
146,18,18432,159744
146,37,19456,159744
146,58,20480,159744
144,134,4096,160768
144,300,4096,160768
144,137,5120,160768
144,20,6144,160768
144,139,6144,160768
144,279,6144,160768
144,19,8192,160768
144,26,15360,160768
144,18,17408,160768
144,37,18432,160768
144,58,19456,160768
134,300,0,164864
134,137,1024,164864
134,20,2048,164864
134,139,2048,164864
134,279,2048,164864
134,19,4096,164864
134,26,11264,164864
134,18,13312,164864
134,37,14336,164864
134,58,15360,164864
134,20,17408,164864
134,19,19456,164864
300,137,1024,164864
300,20,2048,164864
300,139,2048,164864
300,279,2048,164864
300,19,4096,164864
300,26,11264,164864
300,18,13312,164864
300,37,14336,164864
300,58,15360,164864
300,20,17408,164864
300,19,19456,164864
137,20,1024,165888
137,139,1024,165888
137,279,1024,165888
137,19,3072,165888
137,26,10240,165888
137,18,12288,165888
137,37,13312,165888
137,58,14336,165888
137,20,16384,165888
137,19,18432,165888
20,139,0,166912
20,279,0,166912
20,19,2048,166912
20,26,9216,166912
20,18,11264,166912
20,37,12288,166912
20,58,13312,166912
20,20,15360,166912
20,19,17408,166912
139,279,0,166912
139,19,2048,166912
139,26,9216,166912
139,18,11264,166912
139,37,12288,166912
139,58,13312,166912
139,20,15360,166912
139,19,17408,166912
279,19,2048,166912
279,26,9216,166912
279,18,11264,166912
279,37,12288,166912
279,58,13312,166912
279,20,15360,166912
279,19,17408,166912
19,26,7168,168960
19,18,9216,168960
19,37,10240,168960
19,58,11264,168960
19,20,13312,168960
19,19,15360,168960
19,29,19456,168960
19,38,20480,168960
26,18,2048,176128
26,37,3072,176128
26,58,4096,176128
26,20,6144,176128
26,19,8192,176128
26,29,12288,176128
26,38,13312,176128
26,20,14336,176128
26,19,15360,176128
26,20,17408,176128
18,37,1024,178176
18,58,2048,178176
18,20,4096,178176
18,19,6144,178176
18,29,10240,178176
18,38,11264,178176
18,20,12288,178176
18,19,13312,178176
18,20,15360,178176
18,19,20480,178176
37,58,1024,179200
37,20,3072,179200
37,19,5120,179200
37,29,9216,179200
37,38,10240,179200
37,20,11264,179200
37,19,12288,179200
37,20,14336,179200
37,19,19456,179200
37,19,20480,179200
58,20,2048,180224
58,19,4096,180224
58,29,8192,180224
58,38,9216,180224
58,20,10240,180224
58,19,11264,180224
58,20,13312,180224
58,19,18432,180224
58,19,19456,180224
20,19,2048,182272
20,29,6144,182272
20,38,7168,182272
20,20,8192,182272
20,19,9216,182272
20,20,11264,182272
20,19,16384,182272
20,19,17408,182272
20,19,19456,182272
19,29,4096,184320
19,38,5120,184320
19,20,6144,184320
19,19,7168,184320
19,20,9216,184320
19,19,14336,184320
19,19,15360,184320
19,19,17408,184320
29,38,1024,188416
29,20,2048,188416
29,19,3072,188416
29,20,5120,188416
29,19,10240,188416
29,19,11264,188416
29,19,13312,188416
29,20,17408,188416
29,20,18432,188416
38,20,1024,189440
38,19,2048,189440
38,20,4096,189440
38,19,9216,189440
38,19,10240,189440
38,19,12288,189440
38,20,16384,189440
38,20,17408,189440
38,21,20480,189440
20,19,1024,190464
20,20,3072,190464
20,19,8192,190464
20,19,9216,190464
20,19,11264,190464
20,20,15360,190464
20,20,16384,190464
20,21,19456,190464
19,20,2048,191488
19,19,7168,191488
19,19,8192,191488
19,19,10240,191488
19,20,14336,191488
19,20,15360,191488
19,21,18432,191488
19,57,20480,191488
20,19,5120,193536
20,19,6144,193536
20,19,8192,193536
20,20,12288,193536
20,20,13312,193536
20,21,16384,193536
20,57,18432,193536
20,19,19456,193536
19,19,1024,198656
19,19,3072,198656
19,20,7168,198656
19,20,8192,198656
19,21,11264,198656
19,57,13312,198656
19,19,14336,198656
19,19,16384,198656
19,41,16384,198656
19,18,18432,198656
19,19,2048,199680
19,20,6144,199680
19,20,7168,199680
19,21,10240,199680
19,57,12288,199680
19,19,13312,199680
19,19,15360,199680
19,41,15360,199680
19,18,17408,199680
19,20,4096,201728
19,20,5120,201728
19,21,8192,201728
19,57,10240,201728
19,19,11264,201728
19,19,13312,201728
19,41,13312,201728
19,18,15360,201728
19,26,20480,201728
20,20,1024,205824
20,21,4096,205824
20,57,6144,205824
20,19,7168,205824
20,19,9216,205824
20,41,9216,205824
20,18,11264,205824
20,26,16384,205824
20,22,17408,205824
20,20,18432,205824
20,20,20480,205824
20,21,3072,206848
20,57,5120,206848
20,19,6144,206848
20,19,8192,206848
20,41,8192,206848
20,18,10240,206848
20,26,15360,206848
20,22,16384,206848
20,20,17408,206848
20,20,19456,206848
20,19,20480,206848
21,57,2048,209920
21,19,3072,209920
21,19,5120,209920
21,41,5120,209920
21,18,7168,209920
21,26,12288,209920
21,22,13312,209920
21,20,14336,209920
21,20,16384,209920
21,19,17408,209920
21,19,19456,209920
21,26,20480,209920
57,19,1024,211968
57,19,3072,211968
57,41,3072,211968
57,18,5120,211968
57,26,10240,211968
57,22,11264,211968
57,20,12288,211968
57,20,14336,211968
57,19,15360,211968
57,19,17408,211968
57,26,18432,211968
57,26,19456,211968
57,19,20480,211968
19,19,2048,212992
19,41,2048,212992
19,18,4096,212992
19,26,9216,212992
19,22,10240,212992
19,20,11264,212992
19,20,13312,212992
19,19,14336,212992
19,19,16384,212992
19,26,17408,212992
19,26,18432,212992
19,19,19456,212992
19,41,0,215040
19,18,2048,215040
19,26,7168,215040
19,22,8192,215040
19,20,9216,215040
19,20,11264,215040
19,19,12288,215040
19,19,14336,215040
19,26,15360,215040
19,26,16384,215040
19,19,17408,215040
19,19,19456,215040
19,19,20480,215040
41,18,2048,215040
41,26,7168,215040
41,22,8192,215040
41,20,9216,215040
41,20,11264,215040
41,19,12288,215040
41,19,14336,215040
41,26,15360,215040
41,26,16384,215040
41,19,17408,215040
41,19,19456,215040
41,19,20480,215040
18,26,5120,217088
18,22,6144,217088
18,20,7168,217088
18,20,9216,217088
18,19,10240,217088
18,19,12288,217088
18,26,13312,217088
18,26,14336,217088
18,19,15360,217088
18,19,17408,217088
18,19,18432,217088
18,20,20480,217088
26,22,1024,222208
26,20,2048,222208
26,20,4096,222208
26,19,5120,222208
26,19,7168,222208
26,26,8192,222208
26,26,9216,222208
26,19,10240,222208
26,19,12288,222208
26,19,13312,222208
26,20,15360,222208
26,20,17408,222208
26,35,18432,222208
26,56,20480,222208
22,20,1024,223232
22,20,3072,223232
22,19,4096,223232
22,19,6144,223232
22,26,7168,223232
22,26,8192,223232
22,19,9216,223232
22,19,11264,223232
22,19,12288,223232
22,20,14336,223232
22,20,16384,223232
22,35,17408,223232
22,56,19456,223232
22,18,20480,223232
20,20,2048,224256
20,19,3072,224256
20,19,5120,224256
20,26,6144,224256
20,26,7168,224256
20,19,8192,224256
20,19,10240,224256
20,19,11264,224256
20,20,13312,224256
20,20,15360,224256
20,35,16384,224256
20,56,18432,224256
20,18,19456,224256
20,19,20480,224256
20,19,1024,226304
20,19,3072,226304
20,26,4096,226304
20,26,5120,226304
20,19,6144,226304
20,19,8192,226304
20,19,9216,226304
20,20,11264,226304
20,20,13312,226304
20,35,14336,226304
20,56,16384,226304
20,18,17408,226304
20,19,18432,226304
19,19,2048,227328
19,26,3072,227328
19,26,4096,227328
19,19,5120,227328
19,19,7168,227328
19,19,8192,227328
19,20,10240,227328
19,20,12288,227328
19,35,13312,227328
19,56,15360,227328
19,18,16384,227328
19,19,17408,227328
19,19,20480,227328
19,26,1024,229376
19,26,2048,229376
19,19,3072,229376
19,19,5120,229376
19,19,6144,229376
19,20,8192,229376
19,20,10240,229376
19,35,11264,229376
19,56,13312,229376
19,18,14336,229376
19,19,15360,229376
19,19,18432,229376
19,19,19456,229376
26,26,1024,230400
26,19,2048,230400
26,19,4096,230400
26,19,5120,230400
26,20,7168,230400
26,20,9216,230400
26,35,10240,230400
26,56,12288,230400
26,18,13312,230400
26,19,14336,230400
26,19,17408,230400
26,19,18432,230400
26,19,1024,231424
26,19,3072,231424
26,19,4096,231424
26,20,6144,231424
26,20,8192,231424
26,35,9216,231424
26,56,11264,231424
26,18,12288,231424
26,19,13312,231424
26,19,16384,231424
26,19,17408,231424
26,20,20480,231424
19,19,2048,232448
19,19,3072,232448
19,20,5120,232448
19,20,7168,232448
19,35,8192,232448
19,56,10240,232448
19,18,11264,232448
19,19,12288,232448
19,19,15360,232448
19,19,16384,232448
19,20,19456,232448
19,20,20480,232448
19,19,1024,234496
19,20,3072,234496
19,20,5120,234496
19,35,6144,234496
19,56,8192,234496
19,18,9216,234496
19,19,10240,234496
19,19,13312,234496
19,19,14336,234496
19,20,17408,234496
19,20,18432,234496
19,29,19456,234496
19,19,20480,234496
19,20,2048,235520
19,20,4096,235520
19,35,5120,235520
19,56,7168,235520
19,18,8192,235520
19,19,9216,235520
19,19,12288,235520
19,19,13312,235520
19,20,16384,235520
19,20,17408,235520
19,29,18432,235520
19,19,19456,235520
20,20,2048,237568
20,35,3072,237568
20,56,5120,237568
20,18,6144,237568
20,19,7168,237568
20,19,10240,237568
20,19,11264,237568
20,20,14336,237568
20,20,15360,237568
20,29,16384,237568
20,19,17408,237568
20,20,19456,237568
20,35,1024,239616
20,56,3072,239616
20,18,4096,239616
20,19,5120,239616
20,19,8192,239616
20,19,9216,239616
20,20,12288,239616
20,20,13312,239616
20,29,14336,239616
20,19,15360,239616
20,20,17408,239616
35,56,2048,240640
35,18,3072,240640
35,19,4096,240640
35,19,7168,240640
35,19,8192,240640
35,20,11264,240640
35,20,12288,240640
35,29,13312,240640
35,19,14336,240640
35,20,16384,240640
35,19,20480,240640
56,18,1024,242688
56,19,2048,242688
56,19,5120,242688
56,19,6144,242688
56,20,9216,242688
56,20,10240,242688
56,29,11264,242688
56,19,12288,242688
56,20,14336,242688
56,19,18432,242688
56,20,20480,242688
18,19,1024,243712
18,19,4096,243712
18,19,5120,243712
18,20,8192,243712
18,20,9216,243712
18,29,10240,243712
18,19,11264,243712
18,20,13312,243712
18,19,17408,243712
18,20,19456,243712
18,18,20480,243712
19,19,3072,244736
19,19,4096,244736
19,20,7168,244736
19,20,8192,244736
19,29,9216,244736
19,19,10240,244736
19,20,12288,244736
19,19,16384,244736
19,20,18432,244736
19,18,19456,244736
19,19,1024,247808
19,20,4096,247808
19,20,5120,247808
19,29,6144,247808
19,19,7168,247808
19,20,9216,247808
19,19,13312,247808
19,20,15360,247808
19,18,16384,247808
19,19,18432,247808
19,80,19456,247808
19,161,19456,247808
19,168,20480,247808
19,20,3072,248832
19,20,4096,248832
19,29,5120,248832
19,19,6144,248832
19,20,8192,248832
19,19,12288,248832
19,20,14336,248832
19,18,15360,248832
19,19,17408,248832
19,80,18432,248832
19,161,18432,248832
19,168,19456,248832
20,20,1024,251904
20,29,2048,251904
20,19,3072,251904
20,20,5120,251904
20,19,9216,251904
20,20,11264,251904
20,18,12288,251904
20,19,14336,251904
20,80,15360,251904
20,161,15360,251904
20,168,16384,251904
20,19,18432,251904
20,143,18432,251904
20,29,1024,252928
20,19,2048,252928
20,20,4096,252928
20,19,8192,252928
20,20,10240,252928
20,18,11264,252928
20,19,13312,252928
20,80,14336,252928
20,161,14336,252928
20,168,15360,252928
20,19,17408,252928
20,143,17408,252928
20,29,20480,252928
20,57,20480,252928
29,19,1024,253952
29,20,3072,253952
29,19,7168,253952
29,20,9216,253952
29,18,10240,253952
29,19,12288,253952
29,80,13312,253952
29,161,13312,253952
29,168,14336,253952
29,19,16384,253952
29,143,16384,253952
29,29,19456,253952
29,57,19456,253952
29,114,19456,253952
19,20,2048,254976
19,19,6144,254976
19,20,8192,254976
19,18,9216,254976
19,19,11264,254976
19,80,12288,254976
19,161,12288,254976
19,168,13312,254976
19,19,15360,254976
19,143,15360,254976
19,29,18432,254976
19,57,18432,254976
19,114,18432,254976
19,19,19456,254976
20,19,4096,257024
20,20,6144,257024
20,18,7168,257024
20,19,9216,257024
20,80,10240,257024
20,161,10240,257024
20,168,11264,257024
20,19,13312,257024
20,143,13312,257024
20,29,16384,257024
20,57,16384,257024
20,114,16384,257024
20,19,17408,257024
20,76,19456,257024
19,20,2048,261120
19,18,3072,261120
19,19,5120,261120
19,80,6144,261120
19,161,6144,261120
19,168,7168,261120
19,19,9216,261120
19,143,9216,261120
19,29,12288,261120
19,57,12288,261120
19,114,12288,261120
19,19,13312,261120
19,76,15360,261120
19,29,19456,261120
20,18,1024,263168
20,19,3072,263168
20,80,4096,263168
20,161,4096,263168
20,168,5120,263168
20,19,7168,263168
20,143,7168,263168
20,29,10240,263168
20,57,10240,263168
20,114,10240,263168
20,19,11264,263168
20,76,13312,263168
20,29,17408,263168
20,79,17408,263168
18,19,2048,264192
18,80,3072,264192
18,161,3072,264192
18,168,4096,264192
18,19,6144,264192
18,143,6144,264192
18,29,9216,264192
18,57,9216,264192
18,114,9216,264192
18,19,10240,264192
18,76,12288,264192
18,29,16384,264192
18,79,16384,264192
18,29,17408,264192
19,80,1024,266240
19,161,1024,266240
19,168,2048,266240
19,19,4096,266240
19,143,4096,266240
19,29,7168,266240
19,57,7168,266240
19,114,7168,266240
19,19,8192,266240
19,76,10240,266240
19,29,14336,266240
19,79,14336,266240
19,29,15360,266240
19,19,17408,266240
80,161,0,267264
80,168,1024,267264
80,19,3072,267264
80,143,3072,267264
80,29,6144,267264
80,57,6144,267264
80,114,6144,267264
80,19,7168,267264
80,76,9216,267264
80,29,13312,267264
80,79,13312,267264
80,29,14336,267264
80,19,16384,267264
80,19,18432,267264
161,168,1024,267264
161,19,3072,267264
161,143,3072,267264
161,29,6144,267264
161,57,6144,267264
161,114,6144,267264
161,19,7168,267264
161,76,9216,267264
161,29,13312,267264
161,79,13312,267264
161,29,14336,267264
161,19,16384,267264
161,19,18432,267264
161,40,18432,267264
168,19,2048,268288
168,143,2048,268288
168,29,5120,268288
168,57,5120,268288
168,114,5120,268288
168,19,6144,268288
168,76,8192,268288
168,29,12288,268288
168,79,12288,268288
168,29,13312,268288
168,19,15360,268288
168,19,17408,268288
168,40,17408,268288
168,38,18432,268288
19,143,0,270336
19,29,3072,270336
19,57,3072,270336
19,114,3072,270336
19,19,4096,270336
19,76,6144,270336
19,29,10240,270336
19,79,10240,270336
19,29,11264,270336
19,19,13312,270336
19,19,15360,270336
19,40,15360,270336
19,38,16384,270336
19,36,17408,270336
143,29,3072,270336
143,57,3072,270336
143,114,3072,270336
143,19,4096,270336
143,76,6144,270336
143,29,10240,270336
143,79,10240,270336
143,29,11264,270336
143,19,13312,270336
143,19,15360,270336
143,40,15360,270336
143,38,16384,270336
143,36,17408,270336
143,19,19456,270336
29,57,0,273408
29,114,0,273408
29,19,1024,273408
29,76,3072,273408
29,29,7168,273408
29,79,7168,273408
29,29,8192,273408
29,19,10240,273408
29,19,12288,273408
29,40,12288,273408
29,38,13312,273408
29,36,14336,273408
29,19,16384,273408
29,26,17408,273408
57,114,0,273408
57,19,1024,273408
57,76,3072,273408
57,29,7168,273408
57,79,7168,273408
57,29,8192,273408
57,19,10240,273408
57,19,12288,273408
57,40,12288,273408
57,38,13312,273408
57,36,14336,273408
57,19,16384,273408
57,26,17408,273408
114,19,1024,273408
114,76,3072,273408
114,29,7168,273408
114,79,7168,273408
114,29,8192,273408
114,19,10240,273408
114,19,12288,273408
114,40,12288,273408
114,38,13312,273408
114,36,14336,273408
114,19,16384,273408
114,26,17408,273408
19,76,2048,274432
19,29,6144,274432
19,79,6144,274432
19,29,7168,274432
19,19,9216,274432
19,19,11264,274432
19,40,11264,274432
19,38,12288,274432
19,36,13312,274432
19,19,15360,274432
19,26,16384,274432
76,29,4096,276480
76,79,4096,276480
76,29,5120,276480
76,19,7168,276480
76,19,9216,276480
76,40,9216,276480
76,38,10240,276480
76,36,11264,276480
76,19,13312,276480
76,26,14336,276480
29,79,0,280576
29,29,1024,280576
29,19,3072,280576
29,19,5120,280576
29,40,5120,280576
29,38,6144,280576
29,36,7168,280576
29,19,9216,280576
29,26,10240,280576
29,26,17408,280576
29,18,18432,280576
79,29,1024,280576
79,19,3072,280576
79,19,5120,280576
79,40,5120,280576
79,38,6144,280576
79,36,7168,280576
79,19,9216,280576
79,26,10240,280576
79,26,17408,280576
79,18,18432,280576
29,19,2048,281600
29,19,4096,281600
29,40,4096,281600
29,38,5120,281600
29,36,6144,281600
29,19,8192,281600
29,26,9216,281600
29,26,16384,281600
29,18,17408,281600
19,19,2048,283648
19,40,2048,283648
19,38,3072,283648
19,36,4096,283648
19,19,6144,283648
19,26,7168,283648
19,26,14336,283648
19,18,15360,283648
19,40,0,285696
19,38,1024,285696
19,36,2048,285696
19,19,4096,285696
19,26,5120,285696
19,26,12288,285696
19,18,13312,285696
19,19,19456,285696
40,38,1024,285696
40,36,2048,285696
40,19,4096,285696
40,26,5120,285696
40,26,12288,285696
40,18,13312,285696
40,19,19456,285696
38,36,1024,286720
38,19,3072,286720
38,26,4096,286720
38,26,11264,286720
38,18,12288,286720
38,19,18432,286720
36,19,2048,287744
36,26,3072,287744
36,26,10240,287744
36,18,11264,287744
36,19,17408,287744
19,26,1024,289792
19,26,8192,289792
19,18,9216,289792
19,19,15360,289792
19,19,19456,289792
26,26,7168,290816
26,18,8192,290816
26,19,14336,290816
26,19,18432,290816
26,18,1024,297984
26,19,7168,297984
26,19,11264,297984
26,29,18432,297984
18,19,6144,299008
18,19,10240,299008
18,29,17408,299008
19,19,4096,305152
19,29,11264,305152
19,19,15360,305152
19,19,17408,305152
19,19,19456,305152
19,29,7168,309248
19,19,11264,309248
19,19,13312,309248
19,19,15360,309248
19,19,17408,309248
19,19,19456,309248
29,19,4096,316416
29,19,6144,316416
29,19,8192,316416
29,19,10240,316416
29,19,12288,316416
19,19,2048,320512
19,19,4096,320512
19,19,6144,320512
19,19,8192,320512
19,19,2048,322560
19,19,4096,322560
19,19,6144,322560
19,19,2048,324608
19,19,4096,324608
19,19,2048,326656
