29,11,2048,8192
29,43,6144,8192
29,43,17408,8192
29,43,19456,8192
11,43,4096,10240
11,43,15360,10240
11,43,17408,10240
43,43,11264,14336
43,43,13312,14336
43,16,17408,14336
43,43,2048,25600
43,16,6144,25600
43,30,11264,25600
43,29,12288,25600
43,29,13312,25600
43,30,18432,25600
43,16,4096,27648
43,30,9216,27648
43,29,10240,27648
43,29,11264,27648
43,30,16384,27648
16,30,5120,31744
16,29,6144,31744
16,29,7168,31744
16,30,12288,31744
30,29,1024,36864
30,29,2048,36864
30,30,7168,36864
29,29,1024,37888
29,30,6144,37888
29,5,20480,37888
29,30,5120,38912
29,5,19456,38912
30,5,14336,44032
30,5,17408,44032
5,5,3072,58368
5,7,13312,58368
5,7,17408,58368
5,7,10240,61440
5,7,14336,61440
7,7,4096,71680
7,35,11264,71680
7,34,13312,71680
7,36,14336,71680
7,36,15360,71680
7,29,18432,71680
7,35,7168,75776
7,34,9216,75776
7,36,10240,75776
7,36,11264,75776
7,29,14336,75776
7,29,17408,75776
7,28,18432,75776
7,22,19456,75776
7,22,20480,75776
35,34,2048,82944
35,36,3072,82944
35,36,4096,82944
35,29,7168,82944
35,29,10240,82944
35,28,11264,82944
35,22,12288,82944
35,22,13312,82944
35,7,15360,82944
35,22,17408,82944
35,7,20480,82944
34,36,1024,84992
34,36,2048,84992
34,29,5120,84992
34,29,8192,84992
34,28,9216,84992
34,22,10240,84992
34,22,11264,84992
34,7,13312,84992
34,22,15360,84992
34,7,18432,84992
36,36,1024,86016
36,29,4096,86016
36,29,7168,86016
36,28,8192,86016
36,22,9216,86016
36,22,10240,86016
36,7,12288,86016
36,22,14336,86016
36,7,17408,86016
36,39,20480,86016
36,29,3072,87040
36,29,6144,87040
36,28,7168,87040
36,22,8192,87040
36,22,9216,87040
36,7,11264,87040
36,22,13312,87040
36,7,16384,87040
36,39,19456,87040
36,39,20480,87040
29,29,3072,90112
29,28,4096,90112
29,22,5120,90112
29,22,6144,90112
29,7,8192,90112
29,22,10240,90112
29,7,13312,90112
29,39,16384,90112
29,39,17408,90112
29,28,1024,93184
29,22,2048,93184
29,22,3072,93184
29,7,5120,93184
29,22,7168,93184
29,7,10240,93184
29,39,13312,93184
29,39,14336,93184
29,36,18432,93184
28,22,1024,94208
28,22,2048,94208
28,7,4096,94208
28,22,6144,94208
28,7,9216,94208
28,39,12288,94208
28,39,13312,94208
28,36,17408,94208
22,22,1024,95232
22,7,3072,95232
22,22,5120,95232
22,7,8192,95232
22,39,11264,95232
22,39,12288,95232
22,36,16384,95232
22,7,2048,96256
22,22,4096,96256
22,7,7168,96256
22,39,10240,96256
22,39,11264,96256
22,36,15360,96256
22,5,20480,96256
7,22,2048,98304
7,7,5120,98304
7,39,8192,98304
7,39,9216,98304
7,36,13312,98304
7,5,18432,98304
7,5,19456,98304
22,7,3072,100352
22,39,6144,100352
22,39,7168,100352
22,36,11264,100352
22,5,16384,100352
22,5,17408,100352
7,39,3072,103424
7,39,4096,103424
7,36,8192,103424
7,5,13312,103424
7,5,14336,103424
39,39,1024,106496
39,36,5120,106496
39,5,10240,106496
39,5,11264,106496
39,29,19456,106496
39,7,20480,106496
39,36,4096,107520
39,5,9216,107520
39,5,10240,107520
39,29,18432,107520
39,7,19456,107520
36,5,5120,111616
36,5,6144,111616
36,29,14336,111616
36,7,15360,111616
36,7,19456,111616
5,5,1024,116736
5,29,9216,116736
5,7,10240,116736
5,7,14336,116736
5,29,8192,117760
5,7,9216,117760
5,7,13312,117760
29,7,1024,125952
29,7,5120,125952
29,6,14336,125952
29,98,16384,125952
7,7,4096,126976
7,6,13312,126976
7,98,15360,126976
7,28,20480,126976
7,6,9216,131072
7,98,11264,131072
7,28,16384,131072
7,25,17408,131072
7,5,19456,131072
7,132,20480,131072
6,98,2048,140288
6,28,7168,140288
6,25,8192,140288
6,5,10240,140288
6,132,11264,140288
6,33,14336,140288
6,34,15360,140288
6,33,16384,140288
6,32,17408,140288
6,29,18432,140288
6,25,19456,140288
98,28,5120,142336
98,25,6144,142336
98,5,8192,142336
98,132,9216,142336
98,33,12288,142336
98,34,13312,142336
98,33,14336,142336
98,32,15360,142336
98,29,16384,142336
98,25,17408,142336
28,25,1024,147456
28,5,3072,147456
28,132,4096,147456
28,33,7168,147456
28,34,8192,147456
28,33,9216,147456
28,32,10240,147456
28,29,11264,147456
28,25,12288,147456
28,7,19456,147456
28,7,20480,147456
25,5,2048,148480
25,132,3072,148480
25,33,6144,148480
25,34,7168,148480
25,33,8192,148480
25,32,9216,148480
25,29,10240,148480
25,25,11264,148480
25,7,18432,148480
25,7,19456,148480
5,132,1024,150528
5,33,4096,150528
5,34,5120,150528
5,33,6144,150528
5,32,7168,150528
5,29,8192,150528
5,25,9216,150528
5,7,16384,150528
5,7,17408,150528
132,33,3072,151552
132,34,4096,151552
132,33,5120,151552
132,32,6144,151552
132,29,7168,151552
132,25,8192,151552
132,7,15360,151552
132,7,16384,151552
132,7,20480,151552
33,34,1024,154624
33,33,2048,154624
33,32,3072,154624
33,29,4096,154624
33,25,5120,154624
33,7,12288,154624
33,7,13312,154624
33,7,17408,154624
34,33,1024,155648
34,32,2048,155648
34,29,3072,155648
34,25,4096,155648
34,7,11264,155648
34,7,12288,155648
34,7,16384,155648
33,32,1024,156672
33,29,2048,156672
33,25,3072,156672
33,7,10240,156672
33,7,11264,156672
33,7,15360,156672
32,29,1024,157696
32,25,2048,157696
32,7,9216,157696
32,7,10240,157696
32,7,14336,157696
29,25,1024,158720
29,7,8192,158720
29,7,9216,158720
29,7,13312,158720
25,7,7168,159744
25,7,8192,159744
25,7,12288,159744
25,7,20480,159744
7,7,1024,166912
7,7,5120,166912
7,7,13312,166912
7,5,18432,166912
7,7,4096,167936
7,7,12288,167936
7,5,17408,167936
7,6,20480,167936
7,7,8192,172032
7,5,13312,172032
7,6,16384,172032
7,5,5120,180224
7,6,8192,180224
7,32,14336,180224
7,35,15360,180224
7,35,16384,180224
7,30,17408,180224
7,118,20480,180224
5,6,3072,185344
5,32,9216,185344
5,35,10240,185344
5,35,11264,185344
5,30,12288,185344
5,118,15360,185344
5,118,16384,185344
5,117,17408,185344
5,27,18432,185344
5,27,19456,185344
6,32,6144,188416
6,35,7168,188416
6,35,8192,188416
6,30,9216,188416
6,118,12288,188416
6,118,13312,188416
6,117,14336,188416
6,27,15360,188416
6,27,16384,188416
32,35,1024,194560
32,35,2048,194560
32,30,3072,194560
32,118,6144,194560
32,118,7168,194560
32,117,8192,194560
32,27,9216,194560
32,27,10240,194560
32,16,16384,194560
35,35,1024,195584
35,30,2048,195584
35,118,5120,195584
35,118,6144,195584
35,117,7168,195584
35,27,8192,195584
35,27,9216,195584
35,16,15360,195584
35,30,1024,196608
35,118,4096,196608
35,118,5120,196608
35,117,6144,196608
35,27,7168,196608
35,27,8192,196608
35,16,14336,196608
30,118,3072,197632
30,118,4096,197632
30,117,5120,197632
30,27,6144,197632
30,27,7168,197632
30,16,13312,197632
118,118,1024,200704
118,117,2048,200704
118,27,3072,200704
118,27,4096,200704
118,16,10240,200704
118,117,1024,201728
118,27,2048,201728
118,27,3072,201728
118,16,9216,201728
117,27,1024,202752
117,27,2048,202752
117,16,8192,202752
27,27,1024,203776
27,16,7168,203776
27,16,6144,204800
16,6,18432,210944
6,7,6144,229376
6,6,12288,229376
7,6,6144,235520
7,22,17408,235520
7,27,19456,235520
6,22,11264,241664
6,27,13312,241664
6,26,18432,241664
22,27,2048,252928
22,26,7168,252928
22,26,10240,252928
22,25,11264,252928
22,25,12288,252928
22,26,13312,252928
22,25,15360,252928
22,25,16384,252928
22,26,18432,252928
27,26,5120,254976
27,26,8192,254976
27,25,9216,254976
27,25,10240,254976
27,26,11264,254976
27,25,13312,254976
27,25,14336,254976
27,26,16384,254976
26,26,3072,260096
26,25,4096,260096
26,25,5120,260096
26,26,6144,260096
26,25,8192,260096
26,25,9216,260096
26,26,11264,260096
26,8,16384,260096
26,75,17408,260096
26,25,1024,263168
26,25,2048,263168
26,26,3072,263168
26,25,5120,263168
26,25,6144,263168
26,26,8192,263168
26,8,13312,263168
26,75,14336,263168
26,9,19456,263168
25,25,1024,264192
25,26,2048,264192
25,25,4096,264192
25,25,5120,264192
25,26,7168,264192
25,8,12288,264192
25,75,13312,264192
25,9,18432,264192
25,26,1024,265216
25,25,3072,265216
25,25,4096,265216
25,26,6144,265216
25,8,11264,265216
25,75,12288,265216
25,9,17408,265216
26,25,2048,266240
26,25,3072,266240
26,26,5120,266240
26,8,10240,266240
26,75,11264,266240
26,9,16384,266240
25,25,1024,268288
25,26,3072,268288
25,8,8192,268288
25,75,9216,268288
25,9,14336,268288
25,26,2048,269312
25,8,7168,269312
25,75,8192,269312
25,9,13312,269312
25,5,20480,269312
26,8,5120,271360
26,75,6144,271360
26,9,11264,271360
26,5,18432,271360
8,75,1024,276480
8,9,6144,276480
8,5,13312,276480
8,11,19456,276480
75,9,5120,277504
75,5,12288,277504
75,11,18432,277504
9,5,7168,282624
9,11,13312,282624
9,33,20480,282624
5,11,6144,289792
5,33,13312,289792
5,34,14336,289792
5,34,15360,289792
11,33,7168,295936
11,34,8192,295936
11,34,9216,295936
11,27,17408,295936
11,7,20480,295936
33,34,1024,303104
33,34,2048,303104
33,27,10240,303104
33,7,13312,303104
33,58,14336,303104
33,58,15360,303104
34,34,1024,304128
34,27,9216,304128
34,7,12288,304128
34,58,13312,304128
34,58,14336,304128
34,39,20480,304128
34,27,8192,305152
34,7,11264,305152
34,58,12288,305152
34,58,13312,305152
34,39,19456,305152
27,7,3072,313344
27,58,4096,313344
27,58,5120,313344
27,39,11264,313344
27,5,16384,313344
7,58,1024,316416
7,58,2048,316416
7,39,8192,316416
7,5,13312,316416
58,58,1024,317440
58,39,7168,317440
58,5,12288,317440
58,39,6144,318464
58,5,11264,318464
39,5,5120,324608
