105,43,1024,0
105,53,2048,0
105,128,3072,0
105,85,6144,0
105,151,7168,0
105,53,8192,0
105,51,10240,0
105,52,11264,0
105,54,12288,0
105,85,13312,0
105,206,14336,0
105,43,15360,0
105,208,16384,0
105,151,17408,0
43,53,1024,1024
43,128,2048,1024
43,85,5120,1024
43,151,6144,1024
43,53,7168,1024
43,51,9216,1024
43,52,10240,1024
43,54,11264,1024
43,85,12288,1024
43,206,13312,1024
43,43,14336,1024
43,208,15360,1024
43,151,16384,1024
43,50,17408,1024
53,128,1024,2048
53,85,4096,2048
53,151,5120,2048
53,53,6144,2048
53,51,8192,2048
53,52,9216,2048
53,54,10240,2048
53,85,11264,2048
53,206,12288,2048
53,43,13312,2048
53,208,14336,2048
53,151,15360,2048
53,50,16384,2048
53,100,17408,2048
128,85,3072,3072
128,151,4096,3072
128,53,5120,3072
128,51,7168,3072
128,52,8192,3072
128,54,9216,3072
128,85,10240,3072
128,206,11264,3072
128,43,12288,3072
128,208,13312,3072
128,151,14336,3072
128,50,15360,3072
128,100,16384,3072
128,152,17408,3072
85,151,1024,6144
85,53,2048,6144
85,51,4096,6144
85,52,5120,6144
85,54,6144,6144
85,85,7168,6144
85,206,8192,6144
85,43,9216,6144
85,208,10240,6144
85,151,11264,6144
85,50,12288,6144
85,100,13312,6144
85,152,14336,6144
85,48,15360,6144
151,53,1024,7168
151,51,3072,7168
151,52,4096,7168
151,54,5120,7168
151,85,6144,7168
151,206,7168,7168
151,43,8192,7168
151,208,9216,7168
151,151,10240,7168
151,50,11264,7168
151,100,12288,7168
151,152,13312,7168
151,48,14336,7168
151,51,15360,7168
53,51,2048,8192
53,52,3072,8192
53,54,4096,8192
53,85,5120,8192
53,206,6144,8192
53,43,7168,8192
53,208,8192,8192
53,151,9216,8192
53,50,10240,8192
53,100,11264,8192
53,152,12288,8192
53,48,13312,8192
53,51,14336,8192
53,252,15360,8192
51,52,1024,10240
51,54,2048,10240
51,85,3072,10240
51,206,4096,10240
51,43,5120,10240
51,208,6144,10240
51,151,7168,10240
51,50,8192,10240
51,100,9216,10240
51,152,10240,10240
51,48,11264,10240
51,51,12288,10240
51,252,13312,10240
51,151,14336,10240
52,54,1024,11264
52,85,2048,11264
52,206,3072,11264
52,43,4096,11264
52,208,5120,11264
52,151,6144,11264
52,50,7168,11264
52,100,8192,11264
52,152,9216,11264
52,48,10240,11264
52,51,11264,11264
52,252,12288,11264
52,151,13312,11264
52,201,14336,11264
54,85,1024,12288
54,206,2048,12288
54,43,3072,12288
54,208,4096,12288
54,151,5120,12288
54,50,6144,12288
54,100,7168,12288
54,152,8192,12288
54,48,9216,12288
54,51,10240,12288
54,252,11264,12288
54,151,12288,12288
54,201,13312,12288
54,202,14336,12288
85,206,1024,13312
85,43,2048,13312
85,208,3072,13312
85,151,4096,13312
85,50,5120,13312
85,100,6144,13312
85,152,7168,13312
85,48,8192,13312
85,51,9216,13312
85,252,10240,13312
85,151,11264,13312
85,201,12288,13312
85,202,13312,13312
85,56,14336,13312
206,43,1024,14336
206,208,2048,14336
206,151,3072,14336
206,50,4096,14336
206,100,5120,14336
206,152,6144,14336
206,48,7168,14336
206,51,8192,14336
206,252,9216,14336
206,151,10240,14336
206,201,11264,14336
206,202,12288,14336
206,56,13312,14336
206,167,14336,14336
43,208,1024,15360
43,151,2048,15360
43,50,3072,15360
43,100,4096,15360
43,152,5120,15360
43,48,6144,15360
43,51,7168,15360
43,252,8192,15360
43,151,9216,15360
43,201,10240,15360
43,202,11264,15360
43,56,12288,15360
43,167,13312,15360
43,43,15360,15360
208,151,1024,16384
208,50,2048,16384
208,100,3072,16384
208,152,4096,16384
208,48,5120,16384
208,51,6144,16384
208,252,7168,16384
208,151,8192,16384
208,201,9216,16384
208,202,10240,16384
208,56,11264,16384
208,167,12288,16384
208,43,14336,16384
208,85,15360,16384
151,50,1024,17408
151,100,2048,17408
151,152,3072,17408
151,48,4096,17408
151,51,5120,17408
151,252,6144,17408
151,151,7168,17408
151,201,8192,17408
151,202,9216,17408
151,56,10240,17408
151,167,11264,17408
151,43,13312,17408
151,85,14336,17408
151,56,15360,17408
50,100,1024,18432
50,152,2048,18432
50,48,3072,18432
50,51,4096,18432
50,252,5120,18432
50,151,6144,18432
50,201,7168,18432
50,202,8192,18432
50,56,9216,18432
50,167,10240,18432
50,43,12288,18432
50,85,13312,18432
50,56,14336,18432
50,85,16384,18432
100,152,1024,19456
100,48,2048,19456
100,51,3072,19456
100,252,4096,19456
100,151,5120,19456
100,201,6144,19456
100,202,7168,19456
100,56,8192,19456
100,167,9216,19456
100,43,11264,19456
100,85,12288,19456
100,56,13312,19456
100,85,15360,19456
100,85,16384,19456
152,48,1024,20480
152,51,2048,20480
152,252,3072,20480
152,151,4096,20480
152,201,5120,20480
152,202,6144,20480
152,56,7168,20480
152,167,8192,20480
152,43,10240,20480
152,85,11264,20480
152,56,12288,20480
152,85,14336,20480
152,85,15360,20480
152,183,16384,20480
48,51,1024,21504
48,252,2048,21504
48,151,3072,21504
48,201,4096,21504
48,202,5120,21504
48,56,6144,21504
48,167,7168,21504
48,43,9216,21504
48,85,10240,21504
48,56,11264,21504
48,85,13312,21504
48,85,14336,21504
48,183,15360,21504
48,111,16384,21504
51,252,1024,22528
51,151,2048,22528
51,201,3072,22528
51,202,4096,22528
51,56,5120,22528
51,167,6144,22528
51,43,8192,22528
51,85,9216,22528
51,56,10240,22528
51,85,12288,22528
51,85,13312,22528
51,183,14336,22528
51,111,15360,22528
51,101,17408,22528
252,151,1024,23552
252,201,2048,23552
252,202,3072,23552
252,56,4096,23552
252,167,5120,23552
252,43,7168,23552
252,85,8192,23552
252,56,9216,23552
252,85,11264,23552
252,85,12288,23552
252,183,13312,23552
252,111,14336,23552
252,101,16384,23552
252,146,17408,23552
151,201,1024,24576
151,202,2048,24576
151,56,3072,24576
151,167,4096,24576
151,43,6144,24576
151,85,7168,24576
151,56,8192,24576
151,85,10240,24576
151,85,11264,24576
151,183,12288,24576
151,111,13312,24576
151,101,15360,24576
151,146,16384,24576
151,148,17408,24576
201,202,1024,25600
201,56,2048,25600
201,167,3072,25600
201,43,5120,25600
201,85,6144,25600
201,56,7168,25600
201,85,9216,25600
201,85,10240,25600
201,183,11264,25600
201,111,12288,25600
201,101,14336,25600
201,146,15360,25600
201,148,16384,25600
201,200,17408,25600
202,56,1024,26624
202,167,2048,26624
202,43,4096,26624
202,85,5120,26624
202,56,6144,26624
202,85,8192,26624
202,85,9216,26624
202,183,10240,26624
202,111,11264,26624
202,101,13312,26624
202,146,14336,26624
202,148,15360,26624
202,200,16384,26624
202,102,17408,26624
56,167,1024,27648
56,43,3072,27648
56,85,4096,27648
56,56,5120,27648
56,85,7168,27648
56,85,8192,27648
56,183,9216,27648
56,111,10240,27648
56,101,12288,27648
56,146,13312,27648
56,148,14336,27648
56,200,15360,27648
56,102,16384,27648
56,102,17408,27648
167,43,2048,28672
167,85,3072,28672
167,56,4096,28672
167,85,6144,28672
167,85,7168,28672
167,183,8192,28672
167,111,9216,28672
167,101,11264,28672
167,146,12288,28672
167,148,13312,28672
167,200,14336,28672
167,102,15360,28672
167,102,16384,28672
167,85,17408,28672
43,85,1024,30720
43,56,2048,30720
43,85,4096,30720
43,85,5120,30720
43,183,6144,30720
43,111,7168,30720
43,101,9216,30720
43,146,10240,30720
43,148,11264,30720
43,200,12288,30720
43,102,13312,30720
43,102,14336,30720
43,85,15360,30720
43,128,16384,30720
85,56,1024,31744
85,85,3072,31744
85,85,4096,31744
85,183,5120,31744
85,111,6144,31744
85,101,8192,31744
85,146,9216,31744
85,148,10240,31744
85,200,11264,31744
85,102,12288,31744
85,102,13312,31744
85,85,14336,31744
85,128,15360,31744
85,127,16384,31744
56,85,2048,32768
56,85,3072,32768
56,183,4096,32768
56,111,5120,32768
56,101,7168,32768
56,146,8192,32768
56,148,9216,32768
56,200,10240,32768
56,102,11264,32768
56,102,12288,32768
56,85,13312,32768
56,128,14336,32768
56,127,15360,32768
56,175,16384,32768
85,85,1024,34816
85,183,2048,34816
85,111,3072,34816
85,101,5120,34816
85,146,6144,34816
85,148,7168,34816
85,200,8192,34816
85,102,9216,34816
85,102,10240,34816
85,85,11264,34816
85,128,12288,34816
85,127,13312,34816
85,175,14336,34816
85,171,15360,34816
85,183,1024,35840
85,111,2048,35840
85,101,4096,35840
85,146,5120,35840
85,148,6144,35840
85,200,7168,35840
85,102,8192,35840
85,102,9216,35840
85,85,10240,35840
85,128,11264,35840
85,127,12288,35840
85,175,13312,35840
85,171,14336,35840
85,127,15360,35840
183,111,1024,36864
183,101,3072,36864
183,146,4096,36864
183,148,5120,36864
183,200,6144,36864
183,102,7168,36864
183,102,8192,36864
183,85,9216,36864
183,128,10240,36864
183,127,11264,36864
183,175,12288,36864
183,171,13312,36864
183,127,14336,36864
183,171,15360,36864
111,101,2048,37888
111,146,3072,37888
111,148,4096,37888
111,200,5120,37888
111,102,6144,37888
111,102,7168,37888
111,85,8192,37888
111,128,9216,37888
111,127,10240,37888
111,175,11264,37888
111,171,12288,37888
111,127,13312,37888
111,171,14336,37888
111,167,15360,37888
101,146,1024,39936
101,148,2048,39936
101,200,3072,39936
101,102,4096,39936
101,102,5120,39936
101,85,6144,39936
101,128,7168,39936
101,127,8192,39936
101,175,9216,39936
101,171,10240,39936
101,127,11264,39936
101,171,12288,39936
101,167,13312,39936
101,506,14336,39936
146,148,1024,40960
146,200,2048,40960
146,102,3072,40960
146,102,4096,40960
146,85,5120,40960
146,128,6144,40960
146,127,7168,40960
146,175,8192,40960
146,171,9216,40960
146,127,10240,40960
146,171,11264,40960
146,167,12288,40960
146,506,13312,40960
146,64,14336,40960
148,200,1024,41984
148,102,2048,41984
148,102,3072,41984
148,85,4096,41984
148,128,5120,41984
148,127,6144,41984
148,175,7168,41984
148,171,8192,41984
148,127,9216,41984
148,171,10240,41984
148,167,11264,41984
148,506,12288,41984
148,64,13312,41984
148,151,14336,41984
200,102,1024,43008
200,102,2048,43008
200,85,3072,43008
200,128,4096,43008
200,127,5120,43008
200,175,6144,43008
200,171,7168,43008
200,127,8192,43008
200,171,9216,43008
200,167,10240,43008
200,506,11264,43008
200,64,12288,43008
200,151,13312,43008
200,127,14336,43008
102,102,1024,44032
102,85,2048,44032
102,128,3072,44032
102,127,4096,44032
102,175,5120,44032
102,171,6144,44032
102,127,7168,44032
102,171,8192,44032
102,167,9216,44032
102,506,10240,44032
102,64,11264,44032
102,151,12288,44032
102,127,13312,44032
102,44,14336,44032
102,85,1024,45056
102,128,2048,45056
102,127,3072,45056
102,175,4096,45056
102,171,5120,45056
102,127,6144,45056
102,171,7168,45056
102,167,8192,45056
102,506,9216,45056
102,64,10240,45056
102,151,11264,45056
102,127,12288,45056
102,44,13312,45056
102,126,14336,45056
85,128,1024,46080
85,127,2048,46080
85,175,3072,46080
85,171,4096,46080
85,127,5120,46080
85,171,6144,46080
85,167,7168,46080
85,506,8192,46080
85,64,9216,46080
85,151,10240,46080
85,127,11264,46080
85,44,12288,46080
85,126,13312,46080
85,113,14336,46080
128,127,1024,47104
128,175,2048,47104
128,171,3072,47104
128,127,4096,47104
128,171,5120,47104
128,167,6144,47104
128,506,7168,47104
128,64,8192,47104
128,151,9216,47104
128,127,10240,47104
128,44,11264,47104
128,126,12288,47104
128,113,13312,47104
128,104,14336,47104
127,175,1024,48128
127,171,2048,48128
127,127,3072,48128
127,171,4096,48128
127,167,5120,48128
127,506,6144,48128
127,64,7168,48128
127,151,8192,48128
127,127,9216,48128
127,44,10240,48128
127,126,11264,48128
127,113,12288,48128
127,104,13312,48128
127,169,14336,48128
175,171,1024,49152
175,127,2048,49152
175,171,3072,49152
175,167,4096,49152
175,506,5120,49152
175,64,6144,49152
175,151,7168,49152
175,127,8192,49152
175,44,9216,49152
175,126,10240,49152
175,113,11264,49152
175,104,12288,49152
175,169,13312,49152
175,127,14336,49152
171,127,1024,50176
171,171,2048,50176
171,167,3072,50176
171,506,4096,50176
171,64,5120,50176
171,151,6144,50176
171,127,7168,50176
171,44,8192,50176
171,126,9216,50176
171,113,10240,50176
171,104,11264,50176
171,169,12288,50176
171,127,13312,50176
171,128,14336,50176
127,171,1024,51200
127,167,2048,51200
127,506,3072,51200
127,64,4096,51200
127,151,5120,51200
127,127,6144,51200
127,44,7168,51200
127,126,8192,51200
127,113,9216,51200
127,104,10240,51200
127,169,11264,51200
127,127,12288,51200
127,128,13312,51200
127,127,14336,51200
171,167,1024,52224
171,506,2048,52224
171,64,3072,52224
171,151,4096,52224
171,127,5120,52224
171,44,6144,52224
171,126,7168,52224
171,113,8192,52224
171,104,9216,52224
171,169,10240,52224
171,127,11264,52224
171,128,12288,52224
171,127,13312,52224
171,206,14336,52224
167,506,1024,53248
167,64,2048,53248
167,151,3072,53248
167,127,4096,53248
167,44,5120,53248
167,126,6144,53248
167,113,7168,53248
167,104,8192,53248
167,169,9216,53248
167,127,10240,53248
167,128,11264,53248
167,127,12288,53248
167,206,13312,53248
167,159,14336,53248
506,64,1024,54272
506,151,2048,54272
506,127,3072,54272
506,44,4096,54272
506,126,5120,54272
506,113,6144,54272
506,104,7168,54272
506,169,8192,54272
506,127,9216,54272
506,128,10240,54272
506,127,11264,54272
506,206,12288,54272
506,159,13312,54272
506,382,16384,54272
64,151,1024,55296
64,127,2048,55296
64,44,3072,55296
64,126,4096,55296
64,113,5120,55296
64,104,6144,55296
64,169,7168,55296
64,127,8192,55296
64,128,9216,55296
64,127,10240,55296
64,206,11264,55296
64,159,12288,55296
64,382,15360,55296
64,311,16384,55296
151,127,1024,56320
151,44,2048,56320
151,126,3072,56320
151,113,4096,56320
151,104,5120,56320
151,169,6144,56320
151,127,7168,56320
151,128,8192,56320
151,127,9216,56320
151,206,10240,56320
151,159,11264,56320
151,382,14336,56320
151,311,15360,56320
151,113,16384,56320
127,44,1024,57344
127,126,2048,57344
127,113,3072,57344
127,104,4096,57344
127,169,5120,57344
127,127,6144,57344
127,128,7168,57344
127,127,8192,57344
127,206,9216,57344
127,159,10240,57344
127,382,13312,57344
127,311,14336,57344
127,113,15360,57344
127,128,16384,57344
44,126,1024,58368
44,113,2048,58368
44,104,3072,58368
44,169,4096,58368
44,127,5120,58368
44,128,6144,58368
44,127,7168,58368
44,206,8192,58368
44,159,9216,58368
44,382,12288,58368
44,311,13312,58368
44,113,14336,58368
44,128,15360,58368
44,85,16384,58368
126,113,1024,59392
126,104,2048,59392
126,169,3072,59392
126,127,4096,59392
126,128,5120,59392
126,127,6144,59392
126,206,7168,59392
126,159,8192,59392
126,382,11264,59392
126,311,12288,59392
126,113,13312,59392
126,128,14336,59392
126,85,15360,59392
126,337,16384,59392
113,104,1024,60416
113,169,2048,60416
113,127,3072,60416
113,128,4096,60416
113,127,5120,60416
113,206,6144,60416
113,159,7168,60416
113,382,10240,60416
113,311,11264,60416
113,113,12288,60416
113,128,13312,60416
113,85,14336,60416
113,337,15360,60416
113,253,16384,60416
104,169,1024,61440
104,127,2048,61440
104,128,3072,61440
104,127,4096,61440
104,206,5120,61440
104,159,6144,61440
104,382,9216,61440
104,311,10240,61440
104,113,11264,61440
104,128,12288,61440
104,85,13312,61440
104,337,14336,61440
104,253,15360,61440
104,252,16384,61440
169,127,1024,62464
169,128,2048,62464
169,127,3072,62464
169,206,4096,62464
169,159,5120,62464
169,382,8192,62464
169,311,9216,62464
169,113,10240,62464
169,128,11264,62464
169,85,12288,62464
169,337,13312,62464
169,253,14336,62464
169,252,15360,62464
169,127,16384,62464
127,128,1024,63488
127,127,2048,63488
127,206,3072,63488
127,159,4096,63488
127,382,7168,63488
127,311,8192,63488
127,113,9216,63488
127,128,10240,63488
127,85,11264,63488
127,337,12288,63488
127,253,13312,63488
127,252,14336,63488
127,127,15360,63488
127,304,16384,63488
128,127,1024,64512
128,206,2048,64512
128,159,3072,64512
128,382,6144,64512
128,311,7168,64512
128,113,8192,64512
128,128,9216,64512
128,85,10240,64512
128,337,11264,64512
128,253,12288,64512
128,252,13312,64512
128,127,14336,64512
128,304,15360,64512
128,102,16384,64512
127,206,1024,65536
127,159,2048,65536
127,382,5120,65536
127,311,6144,65536
127,113,7168,65536
127,128,8192,65536
127,85,9216,65536
127,337,10240,65536
127,253,11264,65536
127,252,12288,65536
127,127,13312,65536
127,304,14336,65536
127,102,15360,65536
127,53,16384,65536
206,159,1024,66560
206,382,4096,66560
206,311,5120,66560
206,113,6144,66560
206,128,7168,66560
206,85,8192,66560
206,337,9216,66560
206,253,10240,66560
206,252,11264,66560
206,127,12288,66560
206,304,13312,66560
206,102,14336,66560
206,53,15360,66560
206,169,16384,66560
159,382,3072,67584
159,311,4096,67584
159,113,5120,67584
159,128,6144,67584
159,85,7168,67584
159,337,8192,67584
159,253,9216,67584
159,252,10240,67584
159,127,11264,67584
159,304,12288,67584
159,102,13312,67584
159,53,14336,67584
159,169,15360,67584
159,53,17408,67584
382,311,1024,70656
382,113,2048,70656
382,128,3072,70656
382,85,4096,70656
382,337,5120,70656
382,253,6144,70656
382,252,7168,70656
382,127,8192,70656
382,304,9216,70656
382,102,10240,70656
382,53,11264,70656
382,169,12288,70656
382,53,14336,70656
382,252,15360,70656
311,113,1024,71680
311,128,2048,71680
311,85,3072,71680
311,337,4096,71680
311,253,5120,71680
311,252,6144,71680
311,127,7168,71680
311,304,8192,71680
311,102,9216,71680
311,53,10240,71680
311,169,11264,71680
311,53,13312,71680
311,252,14336,71680
311,238,15360,71680
113,128,1024,72704
113,85,2048,72704
113,337,3072,72704
113,253,4096,72704
113,252,5120,72704
113,127,6144,72704
113,304,7168,72704
113,102,8192,72704
113,53,9216,72704
113,169,10240,72704
113,53,12288,72704
113,252,13312,72704
113,238,14336,72704
113,93,15360,72704
128,85,1024,73728
128,337,2048,73728
128,253,3072,73728
128,252,4096,73728
128,127,5120,73728
128,304,6144,73728
128,102,7168,73728
128,53,8192,73728
128,169,9216,73728
128,53,11264,73728
128,252,12288,73728
128,238,13312,73728
128,93,14336,73728
128,87,15360,73728
85,337,1024,74752
85,253,2048,74752
85,252,3072,74752
85,127,4096,74752
85,304,5120,74752
85,102,6144,74752
85,53,7168,74752
85,169,8192,74752
85,53,10240,74752
85,252,11264,74752
85,238,12288,74752
85,93,13312,74752
85,87,14336,74752
85,37,15360,74752
337,253,1024,75776
337,252,2048,75776
337,127,3072,75776
337,304,4096,75776
337,102,5120,75776
337,53,6144,75776
337,169,7168,75776
337,53,9216,75776
337,252,10240,75776
337,238,11264,75776
337,93,12288,75776
337,87,13312,75776
337,37,14336,75776
337,168,15360,75776
253,252,1024,76800
253,127,2048,76800
253,304,3072,76800
253,102,4096,76800
253,53,5120,76800
253,169,6144,76800
253,53,8192,76800
253,252,9216,76800
253,238,10240,76800
253,93,11264,76800
253,87,12288,76800
253,37,13312,76800
253,168,14336,76800
253,134,15360,76800
252,127,1024,77824
252,304,2048,77824
252,102,3072,77824
252,53,4096,77824
252,169,5120,77824
252,53,7168,77824
252,252,8192,77824
252,238,9216,77824
252,93,10240,77824
252,87,11264,77824
252,37,12288,77824
252,168,13312,77824
252,134,14336,77824
252,85,15360,77824
127,304,1024,78848
127,102,2048,78848
127,53,3072,78848
127,169,4096,78848
127,53,6144,78848
127,252,7168,78848
127,238,8192,78848
127,93,9216,78848
127,87,10240,78848
127,37,11264,78848
127,168,12288,78848
127,134,13312,78848
127,85,14336,78848
127,129,16384,78848
304,102,1024,79872
304,53,2048,79872
304,169,3072,79872
304,53,5120,79872
304,252,6144,79872
304,238,7168,79872
304,93,8192,79872
304,87,9216,79872
304,37,10240,79872
304,168,11264,79872
304,134,12288,79872
304,85,13312,79872
304,129,15360,79872
304,128,17408,79872
102,53,1024,80896
102,169,2048,80896
102,53,4096,80896
102,252,5120,80896
102,238,6144,80896
102,93,7168,80896
102,87,8192,80896
102,37,9216,80896
102,168,10240,80896
102,134,11264,80896
102,85,12288,80896
102,129,14336,80896
102,128,16384,80896
102,102,19456,80896
53,169,1024,81920
53,53,3072,81920
53,252,4096,81920
53,238,5120,81920
53,93,6144,81920
53,87,7168,81920
53,37,8192,81920
53,168,9216,81920
53,134,10240,81920
53,85,11264,81920
53,129,13312,81920
53,128,15360,81920
53,102,18432,81920
53,103,19456,81920
169,53,2048,82944
169,252,3072,82944
169,238,4096,82944
169,93,5120,82944
169,87,6144,82944
169,37,7168,82944
169,168,8192,82944
169,134,9216,82944
169,85,10240,82944
169,129,12288,82944
169,128,14336,82944
169,102,17408,82944
169,103,18432,82944
169,127,19456,82944
53,252,1024,84992
53,238,2048,84992
53,93,3072,84992
53,87,4096,84992
53,37,5120,84992
53,168,6144,84992
53,134,7168,84992
53,85,8192,84992
53,129,10240,84992
53,128,12288,84992
53,102,15360,84992
53,103,16384,84992
53,127,17408,84992
53,127,18432,84992
252,238,1024,86016
252,93,2048,86016
252,87,3072,86016
252,37,4096,86016
252,168,5120,86016
252,134,6144,86016
252,85,7168,86016
252,129,9216,86016
252,128,11264,86016
252,102,14336,86016
252,103,15360,86016
252,127,16384,86016
252,127,17408,86016
252,64,18432,86016
238,93,1024,87040
238,87,2048,87040
238,37,3072,87040
238,168,4096,87040
238,134,5120,87040
238,85,6144,87040
238,129,8192,87040
238,128,10240,87040
238,102,13312,87040
238,103,14336,87040
238,127,15360,87040
238,127,16384,87040
238,64,17408,87040
238,43,18432,87040
93,87,1024,88064
93,37,2048,88064
93,168,3072,88064
93,134,4096,88064
93,85,5120,88064
93,129,7168,88064
93,128,9216,88064
93,102,12288,88064
93,103,13312,88064
93,127,14336,88064
93,127,15360,88064
93,64,16384,88064
93,43,17408,88064
93,65,19456,88064
87,37,1024,89088
87,168,2048,89088
87,134,3072,89088
87,85,4096,89088
87,129,6144,89088
87,128,8192,89088
87,102,11264,89088
87,103,12288,89088
87,127,13312,89088
87,127,14336,89088
87,64,15360,89088
87,43,16384,89088
87,65,18432,89088
87,85,20480,89088
37,168,1024,90112
37,134,2048,90112
37,85,3072,90112
37,129,5120,90112
37,128,7168,90112
37,102,10240,90112
37,103,11264,90112
37,127,12288,90112
37,127,13312,90112
37,64,14336,90112
37,43,15360,90112
37,65,17408,90112
37,85,19456,90112
37,127,20480,90112
168,134,1024,91136
168,85,2048,91136
168,129,4096,91136
168,128,6144,91136
168,102,9216,91136
168,103,10240,91136
168,127,11264,91136
168,127,12288,91136
168,64,13312,91136
168,43,14336,91136
168,65,16384,91136
168,85,18432,91136
168,127,19456,91136
168,53,20480,91136
134,85,1024,92160
134,129,3072,92160
134,128,5120,92160
134,102,8192,92160
134,103,9216,92160
134,127,10240,92160
134,127,11264,92160
134,64,12288,92160
134,43,13312,92160
134,65,15360,92160
134,85,17408,92160
134,127,18432,92160
134,53,19456,92160
134,128,20480,92160
85,129,2048,93184
85,128,4096,93184
85,102,7168,93184
85,103,8192,93184
85,127,9216,93184
85,127,10240,93184
85,64,11264,93184
85,43,12288,93184
85,65,14336,93184
85,85,16384,93184
85,127,17408,93184
85,53,18432,93184
85,128,19456,93184
129,128,2048,95232
129,102,5120,95232
129,103,6144,95232
129,127,7168,95232
129,127,8192,95232
129,64,9216,95232
129,43,10240,95232
129,65,12288,95232
129,85,14336,95232
129,127,15360,95232
129,53,16384,95232
129,128,17408,95232
129,338,19456,95232
129,126,20480,95232
128,102,3072,97280
128,103,4096,97280
128,127,5120,97280
128,127,6144,97280
128,64,7168,97280
128,43,8192,97280
128,65,10240,97280
128,85,12288,97280
128,127,13312,97280
128,53,14336,97280
128,128,15360,97280
128,338,17408,97280
128,126,18432,97280
128,85,19456,97280
102,103,1024,100352
102,127,2048,100352
102,127,3072,100352
102,64,4096,100352
102,43,5120,100352
102,65,7168,100352
102,85,9216,100352
102,127,10240,100352
102,53,11264,100352
102,128,12288,100352
102,338,14336,100352
102,126,15360,100352
102,85,16384,100352
102,85,17408,100352
103,127,1024,101376
103,127,2048,101376
103,64,3072,101376
103,43,4096,101376
103,65,6144,101376
103,85,8192,101376
103,127,9216,101376
103,53,10240,101376
103,128,11264,101376
103,338,13312,101376
103,126,14336,101376
103,85,15360,101376
103,85,16384,101376
103,158,17408,101376
127,127,1024,102400
127,64,2048,102400
127,43,3072,102400
127,65,5120,102400
127,85,7168,102400
127,127,8192,102400
127,53,9216,102400
127,128,10240,102400
127,338,12288,102400
127,126,13312,102400
127,85,14336,102400
127,85,15360,102400
127,158,16384,102400
127,139,17408,102400
127,64,1024,103424
127,43,2048,103424
127,65,4096,103424
127,85,6144,103424
127,127,7168,103424
127,53,8192,103424
127,128,9216,103424
127,338,11264,103424
127,126,12288,103424
127,85,13312,103424
127,85,14336,103424
127,158,15360,103424
127,139,16384,103424
127,85,17408,103424
64,43,1024,104448
64,65,3072,104448
64,85,5120,104448
64,127,6144,104448
64,53,7168,104448
64,128,8192,104448
64,338,10240,104448
64,126,11264,104448
64,85,12288,104448
64,85,13312,104448
64,158,14336,104448
64,139,15360,104448
64,85,16384,104448
64,127,17408,104448
43,65,2048,105472
43,85,4096,105472
43,127,5120,105472
43,53,6144,105472
43,128,7168,105472
43,338,9216,105472
43,126,10240,105472
43,85,11264,105472
43,85,12288,105472
43,158,13312,105472
43,139,14336,105472
43,85,15360,105472
43,127,16384,105472
43,43,17408,105472
65,85,2048,107520
65,127,3072,107520
65,53,4096,107520
65,128,5120,107520
65,338,7168,107520
65,126,8192,107520
65,85,9216,107520
65,85,10240,107520
65,158,11264,107520
65,139,12288,107520
65,85,13312,107520
65,127,14336,107520
65,43,15360,107520
65,128,16384,107520
85,127,1024,109568
85,53,2048,109568
85,128,3072,109568
85,338,5120,109568
85,126,6144,109568
85,85,7168,109568
85,85,8192,109568
85,158,9216,109568
85,139,10240,109568
85,85,11264,109568
85,127,12288,109568
85,43,13312,109568
85,128,14336,109568
85,126,15360,109568
127,53,1024,110592
127,128,2048,110592
127,338,4096,110592
127,126,5120,110592
127,85,6144,110592
127,85,7168,110592
127,158,8192,110592
127,139,9216,110592
127,85,10240,110592
127,127,11264,110592
127,43,12288,110592
127,128,13312,110592
127,126,14336,110592
127,64,16384,110592
53,128,1024,111616
53,338,3072,111616
53,126,4096,111616
53,85,5120,111616
53,85,6144,111616
53,158,7168,111616
53,139,8192,111616
53,85,9216,111616
53,127,10240,111616
53,43,11264,111616
53,128,12288,111616
53,126,13312,111616
53,64,15360,111616
53,85,17408,111616
128,338,2048,112640
128,126,3072,112640
128,85,4096,112640
128,85,5120,112640
128,158,6144,112640
128,139,7168,112640
128,85,8192,112640
128,127,9216,112640
128,43,10240,112640
128,128,11264,112640
128,126,12288,112640
128,64,14336,112640
128,85,16384,112640
128,102,17408,112640
338,126,1024,114688
338,85,2048,114688
338,85,3072,114688
338,158,4096,114688
338,139,5120,114688
338,85,6144,114688
338,127,7168,114688
338,43,8192,114688
338,128,9216,114688
338,126,10240,114688
338,64,12288,114688
338,85,14336,114688
338,102,15360,114688
338,151,16384,114688
126,85,1024,115712
126,85,2048,115712
126,158,3072,115712
126,139,4096,115712
126,85,5120,115712
126,127,6144,115712
126,43,7168,115712
126,128,8192,115712
126,126,9216,115712
126,64,11264,115712
126,85,13312,115712
126,102,14336,115712
126,151,15360,115712
126,65,16384,115712
85,85,1024,116736
85,158,2048,116736
85,139,3072,116736
85,85,4096,116736
85,127,5120,116736
85,43,6144,116736
85,128,7168,116736
85,126,8192,116736
85,64,10240,116736
85,85,12288,116736
85,102,13312,116736
85,151,14336,116736
85,65,15360,116736
85,64,16384,116736
85,158,1024,117760
85,139,2048,117760
85,85,3072,117760
85,127,4096,117760
85,43,5120,117760
85,128,6144,117760
85,126,7168,117760
85,64,9216,117760
85,85,11264,117760
85,102,12288,117760
85,151,13312,117760
85,65,14336,117760
85,64,15360,117760
85,53,16384,117760
158,139,1024,118784
158,85,2048,118784
158,127,3072,118784
158,43,4096,118784
158,128,5120,118784
158,126,6144,118784
158,64,8192,118784
158,85,10240,118784
158,102,11264,118784
158,151,12288,118784
158,65,13312,118784
158,64,14336,118784
158,53,15360,118784
158,107,16384,118784
139,85,1024,119808
139,127,2048,119808
139,43,3072,119808
139,128,4096,119808
139,126,5120,119808
139,64,7168,119808
139,85,9216,119808
139,102,10240,119808
139,151,11264,119808
139,65,12288,119808
139,64,13312,119808
139,53,14336,119808
139,107,15360,119808
139,128,16384,119808
85,127,1024,120832
85,43,2048,120832
85,128,3072,120832
85,126,4096,120832
85,64,6144,120832
85,85,8192,120832
85,102,9216,120832
85,151,10240,120832
85,65,11264,120832
85,64,12288,120832
85,53,13312,120832
85,107,14336,120832
85,128,15360,120832
85,53,16384,120832
127,43,1024,121856
127,128,2048,121856
127,126,3072,121856
127,64,5120,121856
127,85,7168,121856
127,102,8192,121856
127,151,9216,121856
127,65,10240,121856
127,64,11264,121856
127,53,12288,121856
127,107,13312,121856
127,128,14336,121856
127,53,15360,121856
127,207,17408,121856
43,128,1024,122880
43,126,2048,122880
43,64,4096,122880
43,85,6144,122880
43,102,7168,122880
43,151,8192,122880
43,65,9216,122880
43,64,10240,122880
43,53,11264,122880
43,107,12288,122880
43,128,13312,122880
43,53,14336,122880
43,207,16384,122880
43,112,17408,122880
128,126,1024,123904
128,64,3072,123904
128,85,5120,123904
128,102,6144,123904
128,151,7168,123904
128,65,8192,123904
128,64,9216,123904
128,53,10240,123904
128,107,11264,123904
128,128,12288,123904
128,53,13312,123904
128,207,15360,123904
128,112,16384,123904
128,203,17408,123904
126,64,2048,124928
126,85,4096,124928
126,102,5120,124928
126,151,6144,124928
126,65,7168,124928
126,64,8192,124928
126,53,9216,124928
126,107,10240,124928
126,128,11264,124928
126,53,12288,124928
126,207,14336,124928
126,112,15360,124928
126,203,16384,124928
126,85,17408,124928
64,85,2048,126976
64,102,3072,126976
64,151,4096,126976
64,65,5120,126976
64,64,6144,126976
64,53,7168,126976
64,107,8192,126976
64,128,9216,126976
64,53,10240,126976
64,207,12288,126976
64,112,13312,126976
64,203,14336,126976
64,85,15360,126976
64,53,17408,126976
85,102,1024,129024
85,151,2048,129024
85,65,3072,129024
85,64,4096,129024
85,53,5120,129024
85,107,6144,129024
85,128,7168,129024
85,53,8192,129024
85,207,10240,129024
85,112,11264,129024
85,203,12288,129024
85,85,13312,129024
85,53,15360,129024
85,64,16384,129024
102,151,1024,130048
102,65,2048,130048
102,64,3072,130048
102,53,4096,130048
102,107,5120,130048
102,128,6144,130048
102,53,7168,130048
102,207,9216,130048
102,112,10240,130048
102,203,11264,130048
102,85,12288,130048
102,53,14336,130048
102,64,15360,130048
102,85,16384,130048
151,65,1024,131072
151,64,2048,131072
151,53,3072,131072
151,107,4096,131072
151,128,5120,131072
151,53,6144,131072
151,207,8192,131072
151,112,9216,131072
151,203,10240,131072
151,85,11264,131072
151,53,13312,131072
151,64,14336,131072
151,85,15360,131072
151,163,17408,131072
65,64,1024,132096
65,53,2048,132096
65,107,3072,132096
65,128,4096,132096
65,53,5120,132096
65,207,7168,132096
65,112,8192,132096
65,203,9216,132096
65,85,10240,132096
65,53,12288,132096
65,64,13312,132096
65,85,14336,132096
65,163,16384,132096
65,51,17408,132096
64,53,1024,133120
64,107,2048,133120
64,128,3072,133120
64,53,4096,133120
64,207,6144,133120
64,112,7168,133120
64,203,8192,133120
64,85,9216,133120
64,53,11264,133120
64,64,12288,133120
64,85,13312,133120
64,163,15360,133120
64,51,16384,133120
64,128,17408,133120
53,107,1024,134144
53,128,2048,134144
53,53,3072,134144
53,207,5120,134144
53,112,6144,134144
53,203,7168,134144
53,85,8192,134144
53,53,10240,134144
53,64,11264,134144
53,85,12288,134144
53,163,14336,134144
53,51,15360,134144
53,128,16384,134144
53,86,17408,134144
107,128,1024,135168
107,53,2048,135168
107,207,4096,135168
107,112,5120,135168
107,203,6144,135168
107,85,7168,135168
107,53,9216,135168
107,64,10240,135168
107,85,11264,135168
107,163,13312,135168
107,51,14336,135168
107,128,15360,135168
107,86,16384,135168
107,127,17408,135168
128,53,1024,136192
128,207,3072,136192
128,112,4096,136192
128,203,5120,136192
128,85,6144,136192
128,53,8192,136192
128,64,9216,136192
128,85,10240,136192
128,163,12288,136192
128,51,13312,136192
128,128,14336,136192
128,86,15360,136192
128,127,16384,136192
128,53,17408,136192
53,207,2048,137216
53,112,3072,137216
53,203,4096,137216
53,85,5120,137216
53,53,7168,137216
53,64,8192,137216
53,85,9216,137216
53,163,11264,137216
53,51,12288,137216
53,128,13312,137216
53,86,14336,137216
53,127,15360,137216
53,53,16384,137216
53,64,17408,137216
207,112,1024,139264
207,203,2048,139264
207,85,3072,139264
207,53,5120,139264
207,64,6144,139264
207,85,7168,139264
207,163,9216,139264
207,51,10240,139264
207,128,11264,139264
207,86,12288,139264
207,127,13312,139264
207,53,14336,139264
207,64,15360,139264
207,85,16384,139264
112,203,1024,140288
112,85,2048,140288
112,53,4096,140288
112,64,5120,140288
112,85,6144,140288
112,163,8192,140288
112,51,9216,140288
112,128,10240,140288
112,86,11264,140288
112,127,12288,140288
112,53,13312,140288
112,64,14336,140288
112,85,15360,140288
112,53,16384,140288
203,85,1024,141312
203,53,3072,141312
203,64,4096,141312
203,85,5120,141312
203,163,7168,141312
203,51,8192,141312
203,128,9216,141312
203,86,10240,141312
203,127,11264,141312
203,53,12288,141312
203,64,13312,141312
203,85,14336,141312
203,53,15360,141312
203,151,16384,141312
85,53,2048,142336
85,64,3072,142336
85,85,4096,142336
85,163,6144,142336
85,51,7168,142336
85,128,8192,142336
85,86,9216,142336
85,127,10240,142336
85,53,11264,142336
85,64,12288,142336
85,85,13312,142336
85,53,14336,142336
85,151,15360,142336
85,85,16384,142336
53,64,1024,144384
53,85,2048,144384
53,163,4096,144384
53,51,5120,144384
53,128,6144,144384
53,86,7168,144384
53,127,8192,144384
53,53,9216,144384
53,64,10240,144384
53,85,11264,144384
53,53,12288,144384
53,151,13312,144384
53,85,14336,144384
53,51,15360,144384
64,85,1024,145408
64,163,3072,145408
64,51,4096,145408
64,128,5120,145408
64,86,6144,145408
64,127,7168,145408
64,53,8192,145408
64,64,9216,145408
64,85,10240,145408
64,53,11264,145408
64,151,12288,145408
64,85,13312,145408
64,51,14336,145408
64,126,15360,145408
85,163,2048,146432
85,51,3072,146432
85,128,4096,146432
85,86,5120,146432
85,127,6144,146432
85,53,7168,146432
85,64,8192,146432
85,85,9216,146432
85,53,10240,146432
85,151,11264,146432
85,85,12288,146432
85,51,13312,146432
85,126,14336,146432
85,85,15360,146432
163,51,1024,148480
163,128,2048,148480
163,86,3072,148480
163,127,4096,148480
163,53,5120,148480
163,64,6144,148480
163,85,7168,148480
163,53,8192,148480
163,151,9216,148480
163,85,10240,148480
163,51,11264,148480
163,126,12288,148480
163,85,13312,148480
163,127,14336,148480
51,128,1024,149504
51,86,2048,149504
51,127,3072,149504
51,53,4096,149504
51,64,5120,149504
51,85,6144,149504
51,53,7168,149504
51,151,8192,149504
51,85,9216,149504
51,51,10240,149504
51,126,11264,149504
51,85,12288,149504
51,127,13312,149504
51,113,14336,149504
128,86,1024,150528
128,127,2048,150528
128,53,3072,150528
128,64,4096,150528
128,85,5120,150528
128,53,6144,150528
128,151,7168,150528
128,85,8192,150528
128,51,9216,150528
128,126,10240,150528
128,85,11264,150528
128,127,12288,150528
128,113,13312,150528
86,127,1024,151552
86,53,2048,151552
86,64,3072,151552
86,85,4096,151552
86,53,5120,151552
86,151,6144,151552
86,85,7168,151552
86,51,8192,151552
86,126,9216,151552
86,85,10240,151552
86,127,11264,151552
86,113,12288,151552
127,53,1024,152576
127,64,2048,152576
127,85,3072,152576
127,53,4096,152576
127,151,5120,152576
127,85,6144,152576
127,51,7168,152576
127,126,8192,152576
127,85,9216,152576
127,127,10240,152576
127,113,11264,152576
53,64,1024,153600
53,85,2048,153600
53,53,3072,153600
53,151,4096,153600
53,85,5120,153600
53,51,6144,153600
53,126,7168,153600
53,85,8192,153600
53,127,9216,153600
53,113,10240,153600
64,85,1024,154624
64,53,2048,154624
64,151,3072,154624
64,85,4096,154624
64,51,5120,154624
64,126,6144,154624
64,85,7168,154624
64,127,8192,154624
64,113,9216,154624
85,53,1024,155648
85,151,2048,155648
85,85,3072,155648
85,51,4096,155648
85,126,5120,155648
85,85,6144,155648
85,127,7168,155648
85,113,8192,155648
53,151,1024,156672
53,85,2048,156672
53,51,3072,156672
53,126,4096,156672
53,85,5120,156672
53,127,6144,156672
53,113,7168,156672
151,85,1024,157696
151,51,2048,157696
151,126,3072,157696
151,85,4096,157696
151,127,5120,157696
151,113,6144,157696
85,51,1024,158720
85,126,2048,158720
85,85,3072,158720
85,127,4096,158720
85,113,5120,158720
51,126,1024,159744
51,85,2048,159744
51,127,3072,159744
51,113,4096,159744
126,85,1024,160768
126,127,2048,160768
126,113,3072,160768
85,127,1024,161792
85,113,2048,161792
127,113,1024,162816
