14,14,1024,2048
14,29,4096,2048
14,14,13312,2048
14,14,17408,2048
14,14,18432,2048
14,29,3072,3072
14,14,12288,3072
14,14,16384,3072
14,14,17408,3072
14,14,20480,3072
29,14,9216,6144
29,14,13312,6144
29,14,14336,6144
29,14,17408,6144
29,14,18432,6144
14,14,4096,15360
14,14,5120,15360
14,14,8192,15360
14,14,9216,15360
14,14,12288,15360
14,15,13312,15360
14,44,15360,15360
14,14,16384,15360
14,14,20480,15360
14,14,1024,19456
14,14,4096,19456
14,14,5120,19456
14,14,8192,19456
14,15,9216,19456
14,44,11264,19456
14,14,12288,19456
14,14,16384,19456
14,14,20480,19456
14,14,3072,20480
14,14,4096,20480
14,14,7168,20480
14,15,8192,20480
14,44,10240,20480
14,14,11264,20480
14,14,15360,20480
14,14,19456,20480
14,15,20480,20480
14,14,1024,23552
14,14,4096,23552
14,15,5120,23552
14,44,7168,23552
14,14,8192,23552
14,14,12288,23552
14,14,16384,23552
14,15,17408,23552
14,14,3072,24576
14,15,4096,24576
14,44,6144,24576
14,14,7168,24576
14,14,11264,24576
14,14,15360,24576
14,15,16384,24576
14,15,1024,27648
14,44,3072,27648
14,14,4096,27648
14,14,8192,27648
14,14,12288,27648
14,15,13312,27648
15,44,2048,28672
15,14,3072,28672
15,14,7168,28672
15,14,11264,28672
15,15,12288,28672
15,14,20480,28672
44,14,1024,30720
44,14,5120,30720
44,14,9216,30720
44,15,10240,30720
44,14,18432,30720
14,14,4096,31744
14,14,8192,31744
14,15,9216,31744
14,14,17408,31744
14,14,4096,35840
14,15,5120,35840
14,14,13312,35840
14,15,17408,35840
14,15,1024,39936
14,14,9216,39936
14,15,13312,39936
14,14,17408,39936
14,20,18432,39936
15,14,8192,40960
15,15,12288,40960
15,14,16384,40960
15,20,17408,40960
15,29,20480,40960
14,15,4096,49152
14,14,8192,49152
14,20,9216,49152
14,29,12288,49152
14,35,14336,49152
14,34,18432,49152
14,29,20480,49152
15,14,4096,53248
15,20,5120,53248
15,29,8192,53248
15,35,10240,53248
15,34,14336,53248
15,29,16384,53248
15,14,20480,53248
14,20,1024,57344
14,29,4096,57344
14,35,6144,57344
14,34,10240,57344
14,29,12288,57344
14,14,16384,57344
14,15,17408,57344
20,29,3072,58368
20,35,5120,58368
20,34,9216,58368
20,29,11264,58368
20,14,15360,58368
20,15,16384,58368
20,15,20480,58368
29,35,2048,61440
29,34,6144,61440
29,29,8192,61440
29,14,12288,61440
29,15,13312,61440
29,15,17408,61440
29,133,20480,61440
35,34,4096,63488
35,29,6144,63488
35,14,10240,63488
35,15,11264,63488
35,15,15360,63488
35,133,18432,63488
35,137,19456,63488
35,137,20480,63488
34,29,2048,67584
34,14,6144,67584
34,15,7168,67584
34,15,11264,67584
34,133,14336,67584
34,137,15360,67584
34,137,16384,67584
34,136,17408,67584
34,137,18432,67584
34,138,19456,67584
34,138,20480,67584
29,14,4096,69632
29,15,5120,69632
29,15,9216,69632
29,133,12288,69632
29,137,13312,69632
29,137,14336,69632
29,136,15360,69632
29,137,16384,69632
29,138,17408,69632
29,138,18432,69632
29,137,19456,69632
29,137,20480,69632
14,15,1024,73728
14,15,5120,73728
14,133,8192,73728
14,137,9216,73728
14,137,10240,73728
14,136,11264,73728
14,137,12288,73728
14,138,13312,73728
14,138,14336,73728
14,137,15360,73728
14,137,16384,73728
14,137,17408,73728
14,139,18432,73728
14,34,19456,73728
15,15,4096,74752
15,133,7168,74752
15,137,8192,74752
15,137,9216,74752
15,136,10240,74752
15,137,11264,74752
15,138,12288,74752
15,138,13312,74752
15,137,14336,74752
15,137,15360,74752
15,137,16384,74752
15,139,17408,74752
15,34,18432,74752
15,133,3072,78848
15,137,4096,78848
15,137,5120,78848
15,136,6144,78848
15,137,7168,78848
15,138,8192,78848
15,138,9216,78848
15,137,10240,78848
15,137,11264,78848
15,137,12288,78848
15,139,13312,78848
15,34,14336,78848
133,137,1024,81920
133,137,2048,81920
133,136,3072,81920
133,137,4096,81920
133,138,5120,81920
133,138,6144,81920
133,137,7168,81920
133,137,8192,81920
133,137,9216,81920
133,139,10240,81920
133,34,11264,81920
137,137,1024,82944
137,136,2048,82944
137,137,3072,82944
137,138,4096,82944
137,138,5120,82944
137,137,6144,82944
137,137,7168,82944
137,137,8192,82944
137,139,9216,82944
137,34,10240,82944
137,136,1024,83968
137,137,2048,83968
137,138,3072,83968
137,138,4096,83968
137,137,5120,83968
137,137,6144,83968
137,137,7168,83968
137,139,8192,83968
137,34,9216,83968
137,14,20480,83968
136,137,1024,84992
136,138,2048,84992
136,138,3072,84992
136,137,4096,84992
136,137,5120,84992
136,137,6144,84992
136,139,7168,84992
136,34,8192,84992
136,14,19456,84992
137,138,1024,86016
137,138,2048,86016
137,137,3072,86016
137,137,4096,86016
137,137,5120,86016
137,139,6144,86016
137,34,7168,86016
137,14,18432,86016
138,138,1024,87040
138,137,2048,87040
138,137,3072,87040
138,137,4096,87040
138,139,5120,87040
138,34,6144,87040
138,14,17408,87040
138,137,1024,88064
138,137,2048,88064
138,137,3072,88064
138,139,4096,88064
138,34,5120,88064
138,14,16384,88064
137,137,1024,89088
137,137,2048,89088
137,139,3072,89088
137,34,4096,89088
137,14,15360,89088
137,137,1024,90112
137,139,2048,90112
137,34,3072,90112
137,14,14336,90112
137,139,1024,91136
137,34,2048,91136
137,14,13312,91136
137,29,20480,91136
139,34,1024,92160
139,14,12288,92160
139,29,19456,92160
34,14,11264,93184
34,29,18432,93184
14,29,7168,104448
22,29,6144,137216
22,29,7168,137216
22,14,11264,137216
22,22,12288,137216
22,115,15360,137216
22,14,19456,137216
22,14,20480,137216
29,29,1024,143360
29,14,5120,143360
29,22,6144,143360
29,115,9216,143360
29,14,13312,143360
29,14,14336,143360
29,14,17408,143360
29,14,18432,143360
29,14,4096,144384
29,22,5120,144384
29,115,8192,144384
29,14,12288,144384
29,14,13312,144384
29,14,16384,144384
29,14,17408,144384
14,22,1024,148480
14,115,4096,148480
14,14,8192,148480
14,14,9216,148480
14,14,12288,148480
14,14,13312,148480
22,115,3072,149504
22,14,7168,149504
22,14,8192,149504
22,14,11264,149504
22,14,12288,149504
115,14,4096,152576
115,14,5120,152576
115,14,8192,152576
115,14,9216,152576
14,14,1024,156672
14,14,4096,156672
14,14,5120,156672
14,14,3072,157696
14,14,4096,157696
14,14,1024,160768
