55,72,1024,7168
55,110,2048,7168
55,27,17408,7168
55,27,19456,7168
55,27,20480,7168
72,110,1024,8192
72,27,16384,8192
72,27,18432,8192
72,27,19456,8192
72,30,20480,8192
110,27,15360,9216
110,27,17408,9216
110,27,18432,9216
110,30,19456,9216
110,31,20480,9216
27,27,2048,24576
27,27,3072,24576
27,30,4096,24576
27,31,5120,24576
27,110,8192,24576
27,37,10240,24576
27,49,11264,24576
27,18,12288,24576
27,109,12288,24576
27,46,13312,24576
27,196,17408,24576
27,196,18432,24576
27,48,20480,24576
27,196,20480,24576
27,27,1024,26624
27,30,2048,26624
27,31,3072,26624
27,110,6144,26624
27,37,8192,26624
27,49,9216,26624
27,18,10240,26624
27,109,10240,26624
27,46,11264,26624
27,196,15360,26624
27,196,16384,26624
27,48,18432,26624
27,196,18432,26624
27,196,19456,26624
27,30,1024,27648
27,31,2048,27648
27,110,5120,27648
27,37,7168,27648
27,49,8192,27648
27,18,9216,27648
27,109,9216,27648
27,46,10240,27648
27,196,14336,27648
27,196,15360,27648
27,48,17408,27648
27,196,17408,27648
27,196,18432,27648
27,27,19456,27648
30,31,1024,28672
30,110,4096,28672
30,37,6144,28672
30,49,7168,28672
30,18,8192,28672
30,109,8192,28672
30,46,9216,28672
30,196,13312,28672
30,196,14336,28672
30,48,16384,28672
30,196,16384,28672
30,196,17408,28672
30,27,18432,28672
31,110,3072,29696
31,37,5120,29696
31,49,6144,29696
31,18,7168,29696
31,109,7168,29696
31,46,8192,29696
31,196,12288,29696
31,196,13312,29696
31,48,15360,29696
31,196,15360,29696
31,196,16384,29696
31,27,17408,29696
110,37,2048,32768
110,49,3072,32768
110,18,4096,32768
110,109,4096,32768
110,46,5120,32768
110,196,9216,32768
110,196,10240,32768
110,48,12288,32768
110,196,12288,32768
110,196,13312,32768
110,27,14336,32768
110,98,20480,32768
37,49,1024,34816
37,18,2048,34816
37,109,2048,34816
37,46,3072,34816
37,196,7168,34816
37,196,8192,34816
37,48,10240,34816
37,196,10240,34816
37,196,11264,34816
37,27,12288,34816
37,98,18432,34816
37,27,20480,34816
37,164,20480,34816
49,18,1024,35840
49,109,1024,35840
49,46,2048,35840
49,196,6144,35840
49,196,7168,35840
49,48,9216,35840
49,196,9216,35840
49,196,10240,35840
49,27,11264,35840
49,98,17408,35840
49,27,19456,35840
49,164,19456,35840
18,109,0,36864
18,46,1024,36864
18,196,5120,36864
18,196,6144,36864
18,48,8192,36864
18,196,8192,36864
18,196,9216,36864
18,27,10240,36864
18,98,16384,36864
18,27,18432,36864
18,164,18432,36864
109,46,1024,36864
109,196,5120,36864
109,196,6144,36864
109,48,8192,36864
109,196,8192,36864
109,196,9216,36864
109,27,10240,36864
109,98,16384,36864
109,27,18432,36864
109,164,18432,36864
46,196,4096,37888
46,196,5120,37888
46,48,7168,37888
46,196,7168,37888
46,196,8192,37888
46,27,9216,37888
46,98,15360,37888
46,27,17408,37888
46,164,17408,37888
196,196,1024,41984
196,48,3072,41984
196,196,3072,41984
196,196,4096,41984
196,27,5120,41984
196,98,11264,41984
196,27,13312,41984
196,164,13312,41984
196,62,17408,41984
196,55,20480,41984
196,48,2048,43008
196,196,2048,43008
196,196,3072,43008
196,27,4096,43008
196,98,10240,43008
196,27,12288,43008
196,164,12288,43008
196,62,16384,43008
196,55,19456,43008
48,196,0,45056
48,196,1024,45056
48,27,2048,45056
48,98,8192,45056
48,27,10240,45056
48,164,10240,45056
48,62,14336,45056
48,55,17408,45056
196,196,1024,45056
196,27,2048,45056
196,98,8192,45056
196,27,10240,45056
196,164,10240,45056
196,62,14336,45056
196,55,17408,45056
196,27,1024,46080
196,98,7168,46080
196,27,9216,46080
196,164,9216,46080
196,62,13312,46080
196,55,16384,46080
27,98,6144,47104
27,27,8192,47104
27,164,8192,47104
27,62,12288,47104
27,55,15360,47104
27,55,20480,47104
98,27,2048,53248
98,164,2048,53248
98,62,6144,53248
98,55,9216,53248
98,55,14336,53248
27,164,0,55296
27,62,4096,55296
27,55,7168,55296
27,55,12288,55296
27,18,19456,55296
164,62,4096,55296
164,55,7168,55296
164,55,12288,55296
164,18,19456,55296
62,55,3072,59392
62,55,8192,59392
62,18,15360,59392
62,31,19456,59392
62,31,20480,59392
55,55,5120,62464
55,18,12288,62464
55,31,16384,62464
55,31,17408,62464
55,27,18432,62464
55,18,7168,67584
55,31,11264,67584
55,31,12288,67584
55,27,13312,67584
55,87,20480,67584
18,31,4096,74752
18,31,5120,74752
18,27,6144,74752
18,87,13312,74752
18,88,20480,74752
31,31,1024,78848
31,27,2048,78848
31,87,9216,78848
31,88,16384,78848
31,87,18432,78848
31,87,19456,78848
31,36,20480,78848
31,27,1024,79872
31,87,8192,79872
31,88,15360,79872
31,87,17408,79872
31,87,18432,79872
31,36,19456,79872
27,87,7168,80896
27,88,14336,80896
27,87,16384,80896
27,87,17408,80896
27,36,18432,80896
87,88,7168,88064
87,87,9216,88064
87,87,10240,88064
87,36,11264,88064
87,65,14336,88064
87,196,16384,88064
87,196,17408,88064
87,147,19456,88064
88,87,2048,95232
88,87,3072,95232
88,36,4096,95232
88,65,7168,95232
88,196,9216,95232
88,196,10240,95232
88,147,12288,95232
88,196,16384,95232
88,30,19456,95232
87,87,1024,97280
87,36,2048,97280
87,65,5120,97280
87,196,7168,97280
87,196,8192,97280
87,147,10240,97280
87,196,14336,97280
87,30,17408,97280
87,36,1024,98304
87,65,4096,98304
87,196,6144,98304
87,196,7168,98304
87,147,9216,98304
87,196,13312,98304
87,30,16384,98304
36,65,3072,99328
36,196,5120,99328
36,196,6144,99328
36,147,8192,99328
36,196,12288,99328
36,30,15360,99328
65,196,2048,102400
65,196,3072,102400
65,147,5120,102400
65,196,9216,102400
65,30,12288,102400
65,87,20480,102400
196,196,1024,104448
196,147,3072,104448
196,196,7168,104448
196,30,10240,104448
196,87,18432,104448
196,36,20480,104448
196,147,2048,105472
196,196,6144,105472
196,30,9216,105472
196,87,17408,105472
196,36,19456,105472
196,146,20480,105472
147,196,4096,107520
147,30,7168,107520
147,87,15360,107520
147,36,17408,107520
147,146,18432,107520
196,30,3072,111616
196,87,11264,111616
196,36,13312,111616
196,146,14336,111616
30,87,8192,114688
30,36,10240,114688
30,146,11264,114688
30,110,19456,114688
87,36,2048,122880
87,146,3072,122880
87,110,11264,122880
87,74,13312,122880
87,24,16384,122880
36,146,1024,124928
36,110,9216,124928
36,74,11264,124928
36,24,14336,124928
146,110,8192,125952
146,74,10240,125952
146,24,13312,125952
110,74,2048,134144
110,24,5120,134144
110,62,13312,134144
74,24,3072,136192
74,62,11264,136192
74,74,19456,136192
74,110,19456,136192
74,110,20480,136192
24,62,8192,139264
24,74,16384,139264
24,110,16384,139264
24,110,17408,139264
24,24,19456,139264
62,74,8192,147456
62,110,8192,147456
62,110,9216,147456
62,24,11264,147456
62,74,14336,147456
62,24,17408,147456
62,49,18432,147456
74,110,0,155648
74,110,1024,155648
74,24,3072,155648
74,74,6144,155648
74,24,9216,155648
74,49,10240,155648
74,109,16384,155648
74,110,17408,155648
74,109,19456,155648
110,110,1024,155648
110,24,3072,155648
110,74,6144,155648
110,24,9216,155648
110,49,10240,155648
110,109,16384,155648
110,110,17408,155648
110,109,19456,155648
110,24,2048,156672
110,74,5120,156672
110,24,8192,156672
110,49,9216,156672
110,109,15360,156672
110,110,16384,156672
110,109,18432,156672
24,74,3072,158720
24,24,6144,158720
24,49,7168,158720
24,109,13312,158720
24,110,14336,158720
24,109,16384,158720
24,31,20480,158720
74,24,3072,161792
74,49,4096,161792
74,109,10240,161792
74,110,11264,161792
74,109,13312,161792
74,31,17408,161792
74,27,18432,161792
74,27,19456,161792
74,27,20480,161792
24,49,1024,164864
24,109,7168,164864
24,110,8192,164864
24,109,10240,164864
24,31,14336,164864
24,27,15360,164864
24,27,16384,164864
24,27,17408,164864
24,109,18432,164864
24,24,19456,164864
24,62,20480,164864
49,109,6144,165888
49,110,7168,165888
49,109,9216,165888
49,31,13312,165888
49,27,14336,165888
49,27,15360,165888
49,27,16384,165888
49,109,17408,165888
49,24,18432,165888
49,62,19456,165888
109,110,1024,172032
109,109,3072,172032
109,31,7168,172032
109,27,8192,172032
109,27,9216,172032
109,27,10240,172032
109,109,11264,172032
109,24,12288,172032
109,62,13312,172032
109,138,16384,172032
109,49,19456,172032
109,31,20480,172032
110,109,2048,173056
110,31,6144,173056
110,27,7168,173056
110,27,8192,173056
110,27,9216,173056
110,109,10240,173056
110,24,11264,173056
110,62,12288,173056
110,138,15360,173056
110,49,18432,173056
110,31,19456,173056
109,31,4096,175104
109,27,5120,175104
109,27,6144,175104
109,27,7168,175104
109,109,8192,175104
109,24,9216,175104
109,62,10240,175104
109,138,13312,175104
109,49,16384,175104
109,31,17408,175104
109,109,19456,175104
109,110,20480,175104
31,27,1024,179200
31,27,2048,179200
31,27,3072,179200
31,109,4096,179200
31,24,5120,179200
31,62,6144,179200
31,138,9216,179200
31,49,12288,179200
31,31,13312,179200
31,109,15360,179200
31,110,16384,179200
31,23,19456,179200
31,55,19456,179200
31,138,19456,179200
27,27,1024,180224
27,27,2048,180224
27,109,3072,180224
27,24,4096,180224
27,62,5120,180224
27,138,8192,180224
27,49,11264,180224
27,31,12288,180224
27,109,14336,180224
27,110,15360,180224
27,23,18432,180224
27,55,18432,180224
27,138,18432,180224
27,49,20480,180224
27,27,1024,181248
27,109,2048,181248
27,24,3072,181248
27,62,4096,181248
27,138,7168,181248
27,49,10240,181248
27,31,11264,181248
27,109,13312,181248
27,110,14336,181248
27,23,17408,181248
27,55,17408,181248
27,138,17408,181248
27,49,19456,181248
27,62,20480,181248
27,109,1024,182272
27,24,2048,182272
27,62,3072,182272
27,138,6144,182272
27,49,9216,182272
27,31,10240,182272
27,109,12288,182272
27,110,13312,182272
27,23,16384,182272
27,55,16384,182272
27,138,16384,182272
27,49,18432,182272
27,62,19456,182272
27,138,19456,182272
109,24,1024,183296
109,62,2048,183296
109,138,5120,183296
109,49,8192,183296
109,31,9216,183296
109,109,11264,183296
109,110,12288,183296
109,23,15360,183296
109,55,15360,183296
109,138,15360,183296
109,49,17408,183296
109,62,18432,183296
109,138,18432,183296
109,49,19456,183296
24,62,1024,184320
24,138,4096,184320
24,49,7168,184320
24,31,8192,184320
24,109,10240,184320
24,110,11264,184320
24,23,14336,184320
24,55,14336,184320
24,138,14336,184320
24,49,16384,184320
24,62,17408,184320
24,138,17408,184320
24,49,18432,184320
24,139,19456,184320
62,138,3072,185344
62,49,6144,185344
62,31,7168,185344
62,109,9216,185344
62,110,10240,185344
62,23,13312,185344
62,55,13312,185344
62,138,13312,185344
62,49,15360,185344
62,62,16384,185344
62,138,16384,185344
62,49,17408,185344
62,139,18432,185344
62,49,19456,185344
138,49,3072,188416
138,31,4096,188416
138,109,6144,188416
138,110,7168,188416
138,23,10240,188416
138,55,10240,188416
138,138,10240,188416
138,49,12288,188416
138,62,13312,188416
138,138,13312,188416
138,49,14336,188416
138,139,15360,188416
138,49,16384,188416
138,138,17408,188416
49,31,1024,191488
49,109,3072,191488
49,110,4096,191488
49,23,7168,191488
49,55,7168,191488
49,138,7168,191488
49,49,9216,191488
49,62,10240,191488
49,138,10240,191488
49,49,11264,191488
49,139,12288,191488
49,49,13312,191488
49,138,14336,191488
49,49,16384,191488
31,109,2048,192512
31,110,3072,192512
31,23,6144,192512
31,55,6144,192512
31,138,6144,192512
31,49,8192,192512
31,62,9216,192512
31,138,9216,192512
31,49,10240,192512
31,139,11264,192512
31,49,12288,192512
31,138,13312,192512
31,49,15360,192512
31,27,16384,192512
109,110,1024,194560
109,23,4096,194560
109,55,4096,194560
109,138,4096,194560
109,49,6144,194560
109,62,7168,194560
109,138,7168,194560
109,49,8192,194560
109,139,9216,194560
109,49,10240,194560
109,138,11264,194560
109,49,13312,194560
109,27,14336,194560
109,164,14336,194560
110,23,3072,195584
110,55,3072,195584
110,138,3072,195584
110,49,5120,195584
110,62,6144,195584
110,138,6144,195584
110,49,7168,195584
110,139,8192,195584
110,49,9216,195584
110,138,10240,195584
110,49,12288,195584
110,27,13312,195584
110,164,13312,195584
110,27,14336,195584
23,55,0,198656
23,138,0,198656
23,49,2048,198656
23,62,3072,198656
23,138,3072,198656
23,49,4096,198656
23,139,5120,198656
23,49,6144,198656
23,138,7168,198656
23,49,9216,198656
23,27,10240,198656
23,164,10240,198656
23,27,11264,198656
23,164,11264,198656
55,138,0,198656
55,49,2048,198656
55,62,3072,198656
55,138,3072,198656
55,49,4096,198656
55,139,5120,198656
55,49,6144,198656
55,138,7168,198656
55,49,9216,198656
55,27,10240,198656
55,164,10240,198656
55,27,11264,198656
55,164,11264,198656
55,30,13312,198656
138,49,2048,198656
138,62,3072,198656
138,138,3072,198656
138,49,4096,198656
138,139,5120,198656
138,49,6144,198656
138,138,7168,198656
138,49,9216,198656
138,27,10240,198656
138,164,10240,198656
138,27,11264,198656
138,164,11264,198656
138,30,13312,198656
138,49,18432,198656
49,62,1024,200704
49,138,1024,200704
49,49,2048,200704
49,139,3072,200704
49,49,4096,200704
49,138,5120,200704
49,49,7168,200704
49,27,8192,200704
49,164,8192,200704
49,27,9216,200704
49,164,9216,200704
49,30,11264,200704
49,49,16384,200704
49,24,17408,200704
62,138,0,201728
62,49,1024,201728
62,139,2048,201728
62,49,3072,201728
62,138,4096,201728
62,49,6144,201728
62,27,7168,201728
62,164,7168,201728
62,27,8192,201728
62,164,8192,201728
62,30,10240,201728
62,49,15360,201728
62,24,16384,201728
62,72,16384,201728
138,49,1024,201728
138,139,2048,201728
138,49,3072,201728
138,138,4096,201728
138,49,6144,201728
138,27,7168,201728
138,164,7168,201728
138,27,8192,201728
138,164,8192,201728
138,30,10240,201728
138,49,15360,201728
138,24,16384,201728
138,72,16384,201728
49,139,1024,202752
49,49,2048,202752
49,138,3072,202752
49,49,5120,202752
49,27,6144,202752
49,164,6144,202752
49,27,7168,202752
49,164,7168,202752
49,30,9216,202752
49,49,14336,202752
49,24,15360,202752
49,72,15360,202752
49,147,20480,202752
139,49,1024,203776
139,138,2048,203776
139,49,4096,203776
139,27,5120,203776
139,164,5120,203776
139,27,6144,203776
139,164,6144,203776
139,30,8192,203776
139,49,13312,203776
139,24,14336,203776
139,72,14336,203776
139,147,19456,203776
49,138,1024,204800
49,49,3072,204800
49,27,4096,204800
49,164,4096,204800
49,27,5120,204800
49,164,5120,204800
49,30,7168,204800
49,49,12288,204800
49,24,13312,204800
49,72,13312,204800
49,147,18432,204800
49,98,20480,204800
138,49,2048,205824
138,27,3072,205824
138,164,3072,205824
138,27,4096,205824
138,164,4096,205824
138,30,6144,205824
138,49,11264,205824
138,24,12288,205824
138,72,12288,205824
138,147,17408,205824
138,98,19456,205824
138,110,20480,205824
49,27,1024,207872
49,164,1024,207872
49,27,2048,207872
49,164,2048,207872
49,30,4096,207872
49,49,9216,207872
49,24,10240,207872
49,72,10240,207872
49,147,15360,207872
49,98,17408,207872
49,110,18432,207872
49,18,19456,207872
49,110,19456,207872
27,164,0,208896
27,27,1024,208896
27,164,1024,208896
27,30,3072,208896
27,49,8192,208896
27,24,9216,208896
27,72,9216,208896
27,147,14336,208896
27,98,16384,208896
27,110,17408,208896
27,18,18432,208896
27,110,18432,208896
164,27,1024,208896
164,164,1024,208896
164,30,3072,208896
164,49,8192,208896
164,24,9216,208896
164,72,9216,208896
164,147,14336,208896
164,98,16384,208896
164,110,17408,208896
164,18,18432,208896
164,110,18432,208896
27,164,0,209920
27,30,2048,209920
27,49,7168,209920
27,24,8192,209920
27,72,8192,209920
27,147,13312,209920
27,98,15360,209920
27,110,16384,209920
27,18,17408,209920
27,110,17408,209920
164,30,2048,209920
164,49,7168,209920
164,24,8192,209920
164,72,8192,209920
164,147,13312,209920
164,98,15360,209920
164,110,16384,209920
164,18,17408,209920
164,110,17408,209920
30,49,5120,211968
30,24,6144,211968
30,72,6144,211968
30,147,11264,211968
30,98,13312,211968
30,110,14336,211968
30,18,15360,211968
30,110,15360,211968
30,27,19456,211968
49,24,1024,217088
49,72,1024,217088
49,147,6144,217088
49,98,8192,217088
49,110,9216,217088
49,18,10240,217088
49,110,10240,217088
49,27,14336,217088
49,27,17408,217088
49,24,18432,217088
49,31,19456,217088
24,72,0,218112
24,147,5120,218112
24,98,7168,218112
24,110,8192,218112
24,18,9216,218112
24,110,9216,218112
24,27,13312,218112
24,27,16384,218112
24,24,17408,218112
24,31,18432,218112
72,147,5120,218112
72,98,7168,218112
72,110,8192,218112
72,18,9216,218112
72,110,9216,218112
72,27,13312,218112
72,27,16384,218112
72,24,17408,218112
72,31,18432,218112
147,98,2048,223232
147,110,3072,223232
147,18,4096,223232
147,110,4096,223232
147,27,8192,223232
147,27,11264,223232
147,24,12288,223232
147,31,13312,223232
147,31,18432,223232
147,31,19456,223232
147,31,20480,223232
98,110,1024,225280
98,18,2048,225280
98,110,2048,225280
98,27,6144,225280
98,27,9216,225280
98,24,10240,225280
98,31,11264,225280
98,31,16384,225280
98,31,17408,225280
98,31,18432,225280
110,18,1024,226304
110,110,1024,226304
110,27,5120,226304
110,27,8192,226304
110,24,9216,226304
110,31,10240,226304
110,31,15360,226304
110,31,16384,226304
110,31,17408,226304
110,109,20480,226304
18,110,0,227328
18,27,4096,227328
18,27,7168,227328
18,24,8192,227328
18,31,9216,227328
18,31,14336,227328
18,31,15360,227328
18,31,16384,227328
18,109,19456,227328
110,27,4096,227328
110,27,7168,227328
110,24,8192,227328
110,31,9216,227328
110,31,14336,227328
110,31,15360,227328
110,31,16384,227328
110,109,19456,227328
27,27,3072,231424
27,24,4096,231424
27,31,5120,231424
27,31,10240,231424
27,31,11264,231424
27,31,12288,231424
27,109,15360,231424
27,138,17408,231424
27,109,18432,231424
27,111,20480,231424
27,24,1024,234496
27,31,2048,234496
27,31,7168,234496
27,31,8192,234496
27,31,9216,234496
27,109,12288,234496
27,138,14336,234496
27,109,15360,234496
27,111,17408,234496
24,31,1024,235520
24,31,6144,235520
24,31,7168,235520
24,31,8192,235520
24,109,11264,235520
24,138,13312,235520
24,109,14336,235520
24,111,16384,235520
31,31,5120,236544
31,31,6144,236544
31,31,7168,236544
31,109,10240,236544
31,138,12288,236544
31,109,13312,236544
31,111,15360,236544
31,31,1024,241664
31,31,2048,241664
31,109,5120,241664
31,138,7168,241664
31,109,8192,241664
31,111,10240,241664
31,31,1024,242688
31,109,4096,242688
31,138,6144,242688
31,109,7168,242688
31,111,9216,242688
31,109,3072,243712
31,138,5120,243712
31,109,6144,243712
31,111,8192,243712
109,138,2048,246784
109,109,3072,246784
109,111,5120,246784
138,109,1024,248832
138,111,3072,248832
138,123,19456,248832
109,111,2048,249856
109,123,18432,249856
111,123,16384,251904
123,30,6144,268288
123,31,7168,268288
123,110,8192,268288
123,138,16384,268288
30,31,1024,274432
30,110,2048,274432
30,138,10240,274432
31,110,1024,275456
31,138,9216,275456
110,138,8192,276480
138,138,16384,284672
138,110,19456,284672
138,110,20480,284672
138,110,3072,301056
138,110,4096,301056
138,41,19456,301056
138,124,19456,301056
110,110,1024,304128
110,41,16384,304128
110,124,16384,304128
110,138,19456,304128
110,41,15360,305152
110,124,15360,305152
110,138,18432,305152
110,18,20480,305152
41,124,0,320512
41,138,3072,320512
41,18,5120,320512
41,110,8192,320512
124,138,3072,320512
124,18,5120,320512
124,110,8192,320512
138,18,2048,323584
138,110,5120,323584
18,110,3072,325632
