8,8,1024,0
8,8,2048,0
8,146,5120,0
8,8,6144,0
8,8,7168,0
8,22,9216,0
8,7,10240,0
8,8,12288,0
8,7,14336,0
8,9,19456,0
8,23,20480,0
8,8,1024,1024
8,146,4096,1024
8,8,5120,1024
8,8,6144,1024
8,22,8192,1024
8,7,9216,1024
8,8,11264,1024
8,7,13312,1024
8,9,18432,1024
8,23,19456,1024
8,5,20480,1024
8,146,3072,2048
8,8,4096,2048
8,8,5120,2048
8,22,7168,2048
8,7,8192,2048
8,8,10240,2048
8,7,12288,2048
8,9,17408,2048
8,23,18432,2048
8,5,19456,2048
146,8,1024,5120
146,8,2048,5120
146,22,4096,5120
146,7,5120,5120
146,8,7168,5120
146,7,9216,5120
146,9,14336,5120
146,23,15360,5120
146,5,16384,5120
146,11,18432,5120
8,8,1024,6144
8,22,3072,6144
8,7,4096,6144
8,8,6144,6144
8,7,8192,6144
8,9,13312,6144
8,23,14336,6144
8,5,15360,6144
8,11,17408,6144
8,22,2048,7168
8,7,3072,7168
8,8,5120,7168
8,7,7168,7168
8,9,12288,7168
8,23,13312,7168
8,5,14336,7168
8,11,16384,7168
22,7,1024,9216
22,8,3072,9216
22,7,5120,9216
22,9,10240,9216
22,23,11264,9216
22,5,12288,9216
22,11,14336,9216
22,11,20480,9216
7,8,2048,10240
7,7,4096,10240
7,9,9216,10240
7,23,10240,10240
7,5,11264,10240
7,11,13312,10240
7,11,19456,10240
7,58,20480,10240
8,7,2048,12288
8,9,7168,12288
8,23,8192,12288
8,5,9216,12288
8,11,11264,12288
8,11,17408,12288
8,58,18432,12288
7,9,5120,14336
7,23,6144,14336
7,5,7168,14336
7,11,9216,14336
7,11,15360,14336
7,58,16384,14336
9,23,1024,19456
9,5,2048,19456
9,11,4096,19456
9,11,10240,19456
9,58,11264,19456
9,18,17408,19456
9,7,18432,19456
9,4,19456,19456
23,5,1024,20480
23,11,3072,20480
23,11,9216,20480
23,58,10240,20480
23,18,16384,20480
23,7,17408,20480
23,4,18432,20480
5,11,2048,21504
5,11,8192,21504
5,58,9216,21504
5,18,15360,21504
5,7,16384,21504
5,4,17408,21504
5,5,20480,21504
11,11,6144,23552
11,58,7168,23552
11,18,13312,23552
11,7,14336,23552
11,4,15360,23552
11,5,18432,23552
11,23,20480,23552
11,58,1024,29696
11,18,7168,29696
11,7,8192,29696
11,4,9216,29696
11,5,12288,29696
11,23,14336,29696
11,22,17408,29696
58,18,6144,30720
58,7,7168,30720
58,4,8192,30720
58,5,11264,30720
58,23,13312,30720
58,22,16384,30720
18,7,1024,36864
18,4,2048,36864
18,5,5120,36864
18,23,7168,36864
18,22,10240,36864
18,73,20480,36864
7,4,1024,37888
7,5,4096,37888
7,23,6144,37888
7,22,9216,37888
7,73,19456,37888
4,5,3072,38912
4,23,5120,38912
4,22,8192,38912
4,73,18432,38912
5,23,2048,41984
5,22,5120,41984
5,73,15360,41984
23,22,3072,44032
23,73,13312,44032
23,58,19456,44032
22,73,10240,47104
22,58,16384,47104
22,9,20480,47104
73,58,6144,57344
73,9,10240,57344
73,22,11264,57344
73,9,12288,57344
73,4,14336,57344
73,23,18432,57344
73,4,20480,57344
58,9,4096,63488
58,22,5120,63488
58,9,6144,63488
58,4,8192,63488
58,23,12288,63488
58,4,14336,63488
58,48,20480,63488
9,22,1024,67584
9,9,2048,67584
9,4,4096,67584
9,23,8192,67584
9,4,10240,67584
9,48,16384,67584
22,9,1024,68608
22,4,3072,68608
22,23,7168,68608
22,4,9216,68608
22,48,15360,68608
9,4,2048,69632
9,23,6144,69632
9,4,8192,69632
9,48,14336,69632
9,58,20480,69632
4,23,4096,71680
4,4,6144,71680
4,48,12288,71680
4,58,18432,71680
4,9,19456,71680
4,23,20480,71680
23,4,2048,75776
23,48,8192,75776
23,58,14336,75776
23,9,15360,75776
23,23,16384,75776
23,9,17408,75776
23,11,19456,75776
23,146,20480,75776
4,48,6144,77824
4,58,12288,77824
4,9,13312,77824
4,23,14336,77824
4,9,15360,77824
4,11,17408,77824
4,146,18432,77824
48,58,6144,83968
48,9,7168,83968
48,23,8192,83968
48,9,9216,83968
48,11,11264,83968
48,146,12288,83968
48,11,17408,83968
58,9,1024,90112
58,23,2048,90112
58,9,3072,90112
58,11,5120,90112
58,146,6144,90112
58,11,11264,90112
58,48,17408,90112
58,48,18432,90112
58,4,20480,90112
9,23,1024,91136
9,9,2048,91136
9,11,4096,91136
9,146,5120,91136
9,11,10240,91136
9,48,16384,91136
9,48,17408,91136
9,4,19456,91136
23,9,1024,92160
23,11,3072,92160
23,146,4096,92160
23,11,9216,92160
23,48,15360,92160
23,48,16384,92160
23,4,18432,92160
9,11,2048,93184
9,146,3072,93184
9,11,8192,93184
9,48,14336,93184
9,48,15360,93184
9,4,17408,93184
11,146,1024,95232
11,11,6144,95232
11,48,12288,95232
11,48,13312,95232
11,4,15360,95232
11,9,19456,95232
146,11,5120,96256
146,48,11264,96256
146,48,12288,96256
146,4,14336,96256
146,9,18432,96256
146,9,20480,96256
11,48,6144,101376
11,48,7168,101376
11,4,9216,101376
11,9,13312,101376
11,9,15360,101376
11,11,17408,101376
48,48,1024,107520
48,4,3072,107520
48,9,7168,107520
48,9,9216,107520
48,11,11264,107520
48,11,17408,107520
48,4,2048,108544
48,9,6144,108544
48,9,8192,108544
48,11,10240,108544
48,11,16384,108544
4,9,4096,110592
4,9,6144,110592
4,11,8192,110592
4,11,14336,110592
4,72,20480,110592
9,9,2048,114688
9,11,4096,114688
9,11,10240,114688
9,72,16384,114688
9,58,17408,114688
9,4,19456,114688
9,11,2048,116736
9,11,8192,116736
9,72,14336,116736
9,58,15360,116736
9,4,17408,116736
11,11,6144,118784
11,72,12288,118784
11,58,13312,118784
11,4,15360,118784
11,72,6144,124928
11,58,7168,124928
11,4,9216,124928
11,9,15360,124928
11,10,17408,124928
11,12,18432,124928
72,58,1024,131072
72,4,3072,131072
72,9,9216,131072
72,10,11264,131072
72,12,12288,131072
72,11,17408,131072
72,7,18432,131072
72,22,20480,131072
58,4,2048,132096
58,9,8192,132096
58,10,10240,132096
58,12,11264,132096
58,11,16384,132096
58,7,17408,132096
58,22,19456,132096
58,73,20480,132096
4,9,6144,134144
4,10,8192,134144
4,12,9216,134144
4,11,14336,134144
4,7,15360,134144
4,22,17408,134144
4,73,18432,134144
4,87,19456,134144
4,48,20480,134144
9,10,2048,140288
9,12,3072,140288
9,11,8192,140288
9,7,9216,140288
9,22,11264,140288
9,73,12288,140288
9,87,13312,140288
9,48,14336,140288
9,48,15360,140288
9,11,17408,140288
9,5,18432,140288
9,195,19456,140288
9,58,20480,140288
10,12,1024,142336
10,11,6144,142336
10,7,7168,142336
10,22,9216,142336
10,73,10240,142336
10,87,11264,142336
10,48,12288,142336
10,48,13312,142336
10,11,15360,142336
10,5,16384,142336
10,195,17408,142336
10,58,18432,142336
10,58,19456,142336
10,12,20480,142336
12,11,5120,143360
12,7,6144,143360
12,22,8192,143360
12,73,9216,143360
12,87,10240,143360
12,48,11264,143360
12,48,12288,143360
12,11,14336,143360
12,5,15360,143360
12,195,16384,143360
12,58,17408,143360
12,58,18432,143360
12,12,19456,143360
12,6,20480,143360
11,7,1024,148480
11,22,3072,148480
11,73,4096,148480
11,87,5120,148480
11,48,6144,148480
11,48,7168,148480
11,11,9216,148480
11,5,10240,148480
11,195,11264,148480
11,58,12288,148480
11,58,13312,148480
11,12,14336,148480
11,6,15360,148480
11,9,17408,148480
7,22,2048,149504
7,73,3072,149504
7,87,4096,149504
7,48,5120,149504
7,48,6144,149504
7,11,8192,149504
7,5,9216,149504
7,195,10240,149504
7,58,11264,149504
7,58,12288,149504
7,12,13312,149504
7,6,14336,149504
7,9,16384,149504
7,8,18432,149504
22,73,1024,151552
22,87,2048,151552
22,48,3072,151552
22,48,4096,151552
22,11,6144,151552
22,5,7168,151552
22,195,8192,151552
22,58,9216,151552
22,58,10240,151552
22,12,11264,151552
22,6,12288,151552
22,9,14336,151552
22,8,16384,151552
22,11,20480,151552
73,87,1024,152576
73,48,2048,152576
73,48,3072,152576
73,11,5120,152576
73,5,6144,152576
73,195,7168,152576
73,58,8192,152576
73,58,9216,152576
73,12,10240,152576
73,6,11264,152576
73,9,13312,152576
73,8,15360,152576
73,11,19456,152576
73,78,20480,152576
87,48,1024,153600
87,48,2048,153600
87,11,4096,153600
87,5,5120,153600
87,195,6144,153600
87,58,7168,153600
87,58,8192,153600
87,12,9216,153600
87,6,10240,153600
87,9,12288,153600
87,8,14336,153600
87,11,18432,153600
87,78,19456,153600
87,8,20480,153600
48,48,1024,154624
48,11,3072,154624
48,5,4096,154624
48,195,5120,154624
48,58,6144,154624
48,58,7168,154624
48,12,8192,154624
48,6,9216,154624
48,9,11264,154624
48,8,13312,154624
48,11,17408,154624
48,78,18432,154624
48,8,19456,154624
48,23,20480,154624
48,11,2048,155648
48,5,3072,155648
48,195,4096,155648
48,58,5120,155648
48,58,6144,155648
48,12,7168,155648
48,6,8192,155648
48,9,10240,155648
48,8,12288,155648
48,11,16384,155648
48,78,17408,155648
48,8,18432,155648
48,23,19456,155648
11,5,1024,157696
11,195,2048,157696
11,58,3072,157696
11,58,4096,157696
11,12,5120,157696
11,6,6144,157696
11,9,8192,157696
11,8,10240,157696
11,11,14336,157696
11,78,15360,157696
11,8,16384,157696
11,23,17408,157696
11,77,19456,157696
11,78,20480,157696
5,195,1024,158720
5,58,2048,158720
5,58,3072,158720
5,12,4096,158720
5,6,5120,158720
5,9,7168,158720
5,8,9216,158720
5,11,13312,158720
5,78,14336,158720
5,8,15360,158720
5,23,16384,158720
5,77,18432,158720
5,78,19456,158720
195,58,1024,159744
195,58,2048,159744
195,12,3072,159744
195,6,4096,159744
195,9,6144,159744
195,8,8192,159744
195,11,12288,159744
195,78,13312,159744
195,8,14336,159744
195,23,15360,159744
195,77,17408,159744
195,78,18432,159744
58,58,1024,160768
58,12,2048,160768
58,6,3072,160768
58,9,5120,160768
58,8,7168,160768
58,11,11264,160768
58,78,12288,160768
58,8,13312,160768
58,23,14336,160768
58,77,16384,160768
58,78,17408,160768
58,11,20480,160768
58,12,1024,161792
58,6,2048,161792
58,9,4096,161792
58,8,6144,161792
58,11,10240,161792
58,78,11264,161792
58,8,12288,161792
58,23,13312,161792
58,77,15360,161792
58,78,16384,161792
58,11,19456,161792
58,5,20480,161792
12,6,1024,162816
12,9,3072,162816
12,8,5120,162816
12,11,9216,162816
12,78,10240,162816
12,8,11264,162816
12,23,12288,162816
12,77,14336,162816
12,78,15360,162816
12,11,18432,162816
12,5,19456,162816
12,5,20480,162816
6,9,2048,163840
6,8,4096,163840
6,11,8192,163840
6,78,9216,163840
6,8,10240,163840
6,23,11264,163840
6,77,13312,163840
6,78,14336,163840
6,11,17408,163840
6,5,18432,163840
6,5,19456,163840
6,58,20480,163840
9,8,2048,165888
9,11,6144,165888
9,78,7168,165888
9,8,8192,165888
9,23,9216,165888
9,77,11264,165888
9,78,12288,165888
9,11,15360,165888
9,5,16384,165888
9,5,17408,165888
9,58,18432,165888
9,6,20480,165888
8,11,4096,167936
8,78,5120,167936
8,8,6144,167936
8,23,7168,167936
8,77,9216,167936
8,78,10240,167936
8,11,13312,167936
8,5,14336,167936
8,5,15360,167936
8,58,16384,167936
8,6,18432,167936
8,6,19456,167936
8,6,20480,167936
11,78,1024,172032
11,8,2048,172032
11,23,3072,172032
11,77,5120,172032
11,78,6144,172032
11,11,9216,172032
11,5,10240,172032
11,5,11264,172032
11,58,12288,172032
11,6,14336,172032
11,6,15360,172032
11,6,16384,172032
11,4,18432,172032
11,8,19456,172032
78,8,1024,173056
78,23,2048,173056
78,77,4096,173056
78,78,5120,173056
78,11,8192,173056
78,5,9216,173056
78,5,10240,173056
78,58,11264,173056
78,6,13312,173056
78,6,14336,173056
78,6,15360,173056
78,4,17408,173056
78,8,18432,173056
78,8,19456,173056
8,23,1024,174080
8,77,3072,174080
8,78,4096,174080
8,11,7168,174080
8,5,8192,174080
8,5,9216,174080
8,58,10240,174080
8,6,12288,174080
8,6,13312,174080
8,6,14336,174080
8,4,16384,174080
8,8,17408,174080
8,8,18432,174080
23,77,2048,175104
23,78,3072,175104
23,11,6144,175104
23,5,7168,175104
23,5,8192,175104
23,58,9216,175104
23,6,11264,175104
23,6,12288,175104
23,6,13312,175104
23,4,15360,175104
23,8,16384,175104
23,8,17408,175104
23,10,20480,175104
77,78,1024,177152
77,11,4096,177152
77,5,5120,177152
77,5,6144,177152
77,58,7168,177152
77,6,9216,177152
77,6,10240,177152
77,6,11264,177152
77,4,13312,177152
77,8,14336,177152
77,8,15360,177152
77,10,18432,177152
77,8,20480,177152
78,11,3072,178176
78,5,4096,178176
78,5,5120,178176
78,58,6144,178176
78,6,8192,178176
78,6,9216,178176
78,6,10240,178176
78,4,12288,178176
78,8,13312,178176
78,8,14336,178176
78,10,17408,178176
78,8,19456,178176
78,24,20480,178176
11,5,1024,181248
11,5,2048,181248
11,58,3072,181248
11,6,5120,181248
11,6,6144,181248
11,6,7168,181248
11,4,9216,181248
11,8,10240,181248
11,8,11264,181248
11,10,14336,181248
11,8,16384,181248
11,24,17408,181248
11,87,18432,181248
11,87,19456,181248
5,5,1024,182272
5,58,2048,182272
5,6,4096,182272
5,6,5120,182272
5,6,6144,182272
5,4,8192,182272
5,8,9216,182272
5,8,10240,182272
5,10,13312,182272
5,8,15360,182272
5,24,16384,182272
5,87,17408,182272
5,87,18432,182272
5,8,20480,182272
5,58,1024,183296
5,6,3072,183296
5,6,4096,183296
5,6,5120,183296
5,4,7168,183296
5,8,8192,183296
5,8,9216,183296
5,10,12288,183296
5,8,14336,183296
5,24,15360,183296
5,87,16384,183296
5,87,17408,183296
5,8,19456,183296
5,87,20480,183296
58,6,2048,184320
58,6,3072,184320
58,6,4096,184320
58,4,6144,184320
58,8,7168,184320
58,8,8192,184320
58,10,11264,184320
58,8,13312,184320
58,24,14336,184320
58,87,15360,184320
58,87,16384,184320
58,8,18432,184320
58,87,19456,184320
58,7,20480,184320
6,6,1024,186368
6,6,2048,186368
6,4,4096,186368
6,8,5120,186368
6,8,6144,186368
6,10,9216,186368
6,8,11264,186368
6,24,12288,186368
6,87,13312,186368
6,87,14336,186368
6,8,16384,186368
6,87,17408,186368
6,7,18432,186368
6,88,20480,186368
6,6,1024,187392
6,4,3072,187392
6,8,4096,187392
6,8,5120,187392
6,10,8192,187392
6,8,10240,187392
6,24,11264,187392
6,87,12288,187392
6,87,13312,187392
6,8,15360,187392
6,87,16384,187392
6,7,17408,187392
6,88,19456,187392
6,87,20480,187392
6,4,2048,188416
6,8,3072,188416
6,8,4096,188416
6,10,7168,188416
6,8,9216,188416
6,24,10240,188416
6,87,11264,188416
6,87,12288,188416
6,8,14336,188416
6,87,15360,188416
6,7,16384,188416
6,88,18432,188416
6,87,19456,188416
6,87,20480,188416
4,8,1024,190464
4,8,2048,190464
4,10,5120,190464
4,8,7168,190464
4,24,8192,190464
4,87,9216,190464
4,87,10240,190464
4,8,12288,190464
4,87,13312,190464
4,7,14336,190464
4,88,16384,190464
4,87,17408,190464
4,87,18432,190464
4,87,19456,190464
8,8,1024,191488
8,10,4096,191488
8,8,6144,191488
8,24,7168,191488
8,87,8192,191488
8,87,9216,191488
8,8,11264,191488
8,87,12288,191488
8,7,13312,191488
8,88,15360,191488
8,87,16384,191488
8,87,17408,191488
8,87,18432,191488
8,9,20480,191488
8,10,3072,192512
8,8,5120,192512
8,24,6144,192512
8,87,7168,192512
8,87,8192,192512
8,8,10240,192512
8,87,11264,192512
8,7,12288,192512
8,88,14336,192512
8,87,15360,192512
8,87,16384,192512
8,87,17408,192512
8,9,19456,192512
10,8,2048,195584
10,24,3072,195584
10,87,4096,195584
10,87,5120,195584
10,8,7168,195584
10,87,8192,195584
10,7,9216,195584
10,88,11264,195584
10,87,12288,195584
10,87,13312,195584
10,87,14336,195584
10,9,16384,195584
10,4,18432,195584
8,24,1024,197632
8,87,2048,197632
8,87,3072,197632
8,8,5120,197632
8,87,6144,197632
8,7,7168,197632
8,88,9216,197632
8,87,10240,197632
8,87,11264,197632
8,87,12288,197632
8,9,14336,197632
8,4,16384,197632
24,87,1024,198656
24,87,2048,198656
24,8,4096,198656
24,87,5120,198656
24,7,6144,198656
24,88,8192,198656
24,87,9216,198656
24,87,10240,198656
24,87,11264,198656
24,9,13312,198656
24,4,15360,198656
87,87,1024,199680
87,8,3072,199680
87,87,4096,199680
87,7,5120,199680
87,88,7168,199680
87,87,8192,199680
87,87,9216,199680
87,87,10240,199680
87,9,12288,199680
87,4,14336,199680
87,4,20480,199680
87,8,2048,200704
87,87,3072,200704
87,7,4096,200704
87,88,6144,200704
87,87,7168,200704
87,87,8192,200704
87,87,9216,200704
87,9,11264,200704
87,4,13312,200704
87,4,19456,200704
87,58,20480,200704
8,87,1024,202752
8,7,2048,202752
8,88,4096,202752
8,87,5120,202752
8,87,6144,202752
8,87,7168,202752
8,9,9216,202752
8,4,11264,202752
8,4,17408,202752
8,58,18432,202752
87,7,1024,203776
87,88,3072,203776
87,87,4096,203776
87,87,5120,203776
87,87,6144,203776
87,9,8192,203776
87,4,10240,203776
87,4,16384,203776
87,58,17408,203776
7,88,2048,204800
7,87,3072,204800
7,87,4096,204800
7,87,5120,204800
7,9,7168,204800
7,4,9216,204800
7,4,15360,204800
7,58,16384,204800
88,87,1024,206848
88,87,2048,206848
88,87,3072,206848
88,9,5120,206848
88,4,7168,206848
88,4,13312,206848
88,58,14336,206848
88,48,19456,206848
87,87,1024,207872
87,87,2048,207872
87,9,4096,207872
87,4,6144,207872
87,4,12288,207872
87,58,13312,207872
87,48,18432,207872
87,87,1024,208896
87,9,3072,208896
87,4,5120,208896
87,4,11264,208896
87,58,12288,208896
87,48,17408,208896
87,4,20480,208896
87,9,2048,209920
87,4,4096,209920
87,4,10240,209920
87,58,11264,209920
87,48,16384,209920
87,4,19456,209920
9,4,2048,211968
9,4,8192,211968
9,58,9216,211968
9,48,14336,211968
9,4,17408,211968
9,116,20480,211968
4,4,6144,214016
4,58,7168,214016
4,48,12288,214016
4,4,15360,214016
4,116,18432,214016
4,9,19456,214016
4,23,20480,214016
4,58,1024,220160
4,48,6144,220160
4,4,9216,220160
4,116,12288,220160
4,9,13312,220160
4,23,14336,220160
4,5,15360,220160
4,11,17408,220160
4,73,18432,220160
58,48,5120,221184
58,4,8192,221184
58,116,11264,221184
58,9,12288,221184
58,23,13312,221184
58,5,14336,221184
58,11,16384,221184
58,73,17408,221184
48,4,3072,226304
48,116,6144,226304
48,9,7168,226304
48,23,8192,226304
48,5,9216,226304
48,11,11264,226304
48,73,12288,226304
48,11,17408,226304
48,12,18432,226304
4,116,3072,229376
4,9,4096,229376
4,23,5120,229376
4,5,6144,229376
4,11,8192,229376
4,73,9216,229376
4,11,14336,229376
4,12,15360,229376
4,73,19456,229376
4,193,20480,229376
116,9,1024,232448
116,23,2048,232448
116,5,3072,232448
116,11,5120,232448
116,73,6144,232448
116,11,11264,232448
116,12,12288,232448
116,73,16384,232448
116,193,17408,232448
116,11,20480,232448
9,23,1024,233472
9,5,2048,233472
9,11,4096,233472
9,73,5120,233472
9,11,10240,233472
9,12,11264,233472
9,73,15360,233472
9,193,16384,233472
9,11,19456,233472
9,87,20480,233472
23,5,1024,234496
23,11,3072,234496
23,73,4096,234496
23,11,9216,234496
23,12,10240,234496
23,73,14336,234496
23,193,15360,234496
23,11,18432,234496
23,87,19456,234496
23,87,20480,234496
5,11,2048,235520
5,73,3072,235520
5,11,8192,235520
5,12,9216,235520
5,73,13312,235520
5,193,14336,235520
5,11,17408,235520
5,87,18432,235520
5,87,19456,235520
5,87,20480,235520
11,73,1024,237568
11,11,6144,237568
11,12,7168,237568
11,73,11264,237568
11,193,12288,237568
11,11,15360,237568
11,87,16384,237568
11,87,17408,237568
11,87,18432,237568
11,82,19456,237568
11,23,20480,237568
73,11,5120,238592
73,12,6144,238592
73,73,10240,238592
73,193,11264,238592
73,11,14336,238592
73,87,15360,238592
73,87,16384,238592
73,87,17408,238592
73,82,18432,238592
73,23,19456,238592
73,7,20480,238592
11,12,1024,243712
11,73,5120,243712
11,193,6144,243712
11,11,9216,243712
11,87,10240,243712
11,87,11264,243712
11,87,12288,243712
11,82,13312,243712
11,23,14336,243712
11,7,15360,243712
11,10,17408,243712
11,9,18432,243712
11,9,19456,243712
12,73,4096,244736
12,193,5120,244736
12,11,8192,244736
12,87,9216,244736
12,87,10240,244736
12,87,11264,244736
12,82,12288,244736
12,23,13312,244736
12,7,14336,244736
12,10,16384,244736
12,9,17408,244736
12,9,18432,244736
73,193,1024,248832
73,11,4096,248832
73,87,5120,248832
73,87,6144,248832
73,87,7168,248832
73,82,8192,248832
73,23,9216,248832
73,7,10240,248832
73,10,12288,248832
73,9,13312,248832
73,9,14336,248832
73,11,18432,248832
73,9,19456,248832
193,11,3072,249856
193,87,4096,249856
193,87,5120,249856
193,87,6144,249856
193,82,7168,249856
193,23,8192,249856
193,7,9216,249856
193,10,11264,249856
193,9,12288,249856
193,9,13312,249856
193,11,17408,249856
193,9,18432,249856
11,87,1024,252928
11,87,2048,252928
11,87,3072,252928
11,82,4096,252928
11,23,5120,252928
11,7,6144,252928
11,10,8192,252928
11,9,9216,252928
11,9,10240,252928
11,11,14336,252928
11,9,15360,252928
11,87,20480,252928
87,87,1024,253952
87,87,2048,253952
87,82,3072,253952
87,23,4096,253952
87,7,5120,253952
87,10,7168,253952
87,9,8192,253952
87,9,9216,253952
87,11,13312,253952
87,9,14336,253952
87,87,19456,253952
87,87,1024,254976
87,82,2048,254976
87,23,3072,254976
87,7,4096,254976
87,10,6144,254976
87,9,7168,254976
87,9,8192,254976
87,11,12288,254976
87,9,13312,254976
87,87,18432,254976
87,82,1024,256000
87,23,2048,256000
87,7,3072,256000
87,10,5120,256000
87,9,6144,256000
87,9,7168,256000
87,11,11264,256000
87,9,12288,256000
87,87,17408,256000
87,11,20480,256000
82,23,1024,257024
82,7,2048,257024
82,10,4096,257024
82,9,5120,257024
82,9,6144,257024
82,11,10240,257024
82,9,11264,257024
82,87,16384,257024
82,11,19456,257024
82,5,20480,257024
23,7,1024,258048
23,10,3072,258048
23,9,4096,258048
23,9,5120,258048
23,11,9216,258048
23,9,10240,258048
23,87,15360,258048
23,11,18432,258048
23,5,19456,258048
7,10,2048,259072
7,9,3072,259072
7,9,4096,259072
7,11,8192,259072
7,9,9216,259072
7,87,14336,259072
7,11,17408,259072
7,5,18432,259072
10,9,1024,261120
10,9,2048,261120
10,11,6144,261120
10,9,7168,261120
10,87,12288,261120
10,11,15360,261120
10,5,16384,261120
10,6,20480,261120
9,9,1024,262144
9,11,5120,262144
9,9,6144,262144
9,87,11264,262144
9,11,14336,262144
9,5,15360,262144
9,6,19456,262144
9,6,20480,262144
9,11,4096,263168
9,9,5120,263168
9,87,10240,263168
9,11,13312,263168
9,5,14336,263168
9,6,18432,263168
9,6,19456,263168
11,9,1024,267264
11,87,6144,267264
11,11,9216,267264
11,5,10240,267264
11,6,14336,267264
11,6,15360,267264
11,11,17408,267264
11,8,18432,267264
11,8,19456,267264
9,87,5120,268288
9,11,8192,268288
9,5,9216,268288
9,6,13312,268288
9,6,14336,268288
9,11,16384,268288
9,8,17408,268288
9,8,18432,268288
87,11,3072,273408
87,5,4096,273408
87,6,8192,273408
87,6,9216,273408
87,11,11264,273408
87,8,12288,273408
87,8,13312,273408
87,4,17408,273408
87,24,18432,273408
11,5,1024,276480
11,6,5120,276480
11,6,6144,276480
11,11,8192,276480
11,8,9216,276480
11,8,10240,276480
11,4,14336,276480
11,24,15360,276480
11,8,20480,276480
5,6,4096,277504
5,6,5120,277504
5,11,7168,277504
5,8,8192,277504
5,8,9216,277504
5,4,13312,277504
5,24,14336,277504
5,8,19456,277504
5,49,20480,277504
6,6,1024,281600
6,11,3072,281600
6,8,4096,281600
6,8,5120,281600
6,4,9216,281600
6,24,10240,281600
6,8,15360,281600
6,49,16384,281600
6,58,18432,281600
6,97,20480,281600
6,11,2048,282624
6,8,3072,282624
6,8,4096,282624
6,4,8192,282624
6,24,9216,282624
6,8,14336,282624
6,49,15360,282624
6,58,17408,282624
6,97,19456,282624
6,58,20480,282624
11,8,1024,284672
11,8,2048,284672
11,4,6144,284672
11,24,7168,284672
11,8,12288,284672
11,49,13312,284672
11,58,15360,284672
11,97,17408,284672
11,58,18432,284672
11,58,19456,284672
8,8,1024,285696
8,4,5120,285696
8,24,6144,285696
8,8,11264,285696
8,49,12288,285696
8,58,14336,285696
8,97,16384,285696
8,58,17408,285696
8,58,18432,285696
8,9,20480,285696
8,4,4096,286720
8,24,5120,286720
8,8,10240,286720
8,49,11264,286720
8,58,13312,286720
8,97,15360,286720
8,58,16384,286720
8,58,17408,286720
8,9,19456,286720
8,4,20480,286720
4,24,1024,290816
4,8,6144,290816
4,49,7168,290816
4,58,9216,290816
4,97,11264,290816
4,58,12288,290816
4,58,13312,290816
4,9,15360,290816
4,4,16384,290816
4,11,17408,290816
24,8,5120,291840
24,49,6144,291840
24,58,8192,291840
24,97,10240,291840
24,58,11264,291840
24,58,12288,291840
24,9,14336,291840
24,4,15360,291840
24,11,16384,291840
8,49,1024,296960
8,58,3072,296960
8,97,5120,296960
8,58,6144,296960
8,58,7168,296960
8,9,9216,296960
8,4,10240,296960
8,11,11264,296960
8,11,17408,296960
8,23,20480,296960
49,58,2048,297984
49,97,4096,297984
49,58,5120,297984
49,58,6144,297984
49,9,8192,297984
49,4,9216,297984
49,11,10240,297984
49,11,16384,297984
49,23,19456,297984
58,97,2048,300032
58,58,3072,300032
58,58,4096,300032
58,9,6144,300032
58,4,7168,300032
58,11,8192,300032
58,11,14336,300032
58,23,17408,300032
97,58,1024,302080
97,58,2048,302080
97,9,4096,302080
97,4,5120,302080
97,11,6144,302080
97,11,12288,302080
97,23,15360,302080
58,58,1024,303104
58,9,3072,303104
58,4,4096,303104
58,11,5120,303104
58,11,11264,303104
58,23,14336,303104
58,4,20480,303104
58,9,2048,304128
58,4,3072,304128
58,11,4096,304128
58,11,10240,304128
58,23,13312,304128
58,4,19456,304128
9,4,1024,306176
9,11,2048,306176
9,11,8192,306176
9,23,11264,306176
9,4,17408,306176
4,11,1024,307200
4,11,7168,307200
4,23,10240,307200
4,4,16384,307200
11,11,6144,308224
11,23,9216,308224
11,4,15360,308224
11,23,3072,314368
11,4,9216,314368
11,41,15360,314368
23,4,6144,317440
23,41,12288,317440
4,41,6144,323584
