18,18,1024,1024
18,53,8192,30720
53,18,20480,38912
18,26,1024,59392
18,27,6144,59392
18,49,6144,59392
18,27,7168,59392
18,48,7168,59392
18,19,15360,59392
18,18,16384,59392
18,18,17408,59392
26,27,5120,60416
26,49,5120,60416
26,27,6144,60416
26,48,6144,60416
26,19,14336,60416
26,18,15360,60416
26,18,16384,60416
26,27,20480,60416
27,49,0,65536
27,27,1024,65536
27,48,1024,65536
27,19,9216,65536
27,18,10240,65536
27,18,11264,65536
27,27,15360,65536
27,27,16384,65536
49,27,1024,65536
49,48,1024,65536
49,19,9216,65536
49,18,10240,65536
49,18,11264,65536
49,27,15360,65536
49,27,16384,65536
27,48,0,66560
27,19,8192,66560
27,18,9216,66560
27,18,10240,66560
27,27,14336,66560
27,27,15360,66560
48,19,8192,66560
48,18,9216,66560
48,18,10240,66560
48,27,14336,66560
48,27,15360,66560
19,18,1024,74752
19,18,2048,74752
19,27,6144,74752
19,27,7168,74752
19,19,15360,74752
19,18,16384,74752
19,18,17408,74752
19,19,19456,74752
19,27,20480,74752
18,18,1024,75776
18,27,5120,75776
18,27,6144,75776
18,19,14336,75776
18,18,15360,75776
18,18,16384,75776
18,19,18432,75776
18,27,19456,75776
18,19,20480,75776
18,27,4096,76800
18,27,5120,76800
18,19,13312,76800
18,18,14336,76800
18,18,15360,76800
18,19,17408,76800
18,27,18432,76800
18,19,19456,76800
18,27,20480,76800
18,49,20480,76800
27,27,1024,80896
27,19,9216,80896
27,18,10240,80896
27,18,11264,80896
27,19,13312,80896
27,27,14336,80896
27,19,15360,80896
27,27,16384,80896
27,49,16384,80896
27,27,19456,80896
27,27,20480,80896
27,19,8192,81920
27,18,9216,81920
27,18,10240,81920
27,19,12288,81920
27,27,13312,81920
27,19,14336,81920
27,27,15360,81920
27,49,15360,81920
27,27,18432,81920
27,27,19456,81920
27,18,20480,81920
19,18,1024,90112
19,18,2048,90112
19,19,4096,90112
19,27,5120,90112
19,19,6144,90112
19,27,7168,90112
19,49,7168,90112
19,27,10240,90112
19,27,11264,90112
19,18,12288,90112
19,27,13312,90112
19,18,15360,90112
19,18,16384,90112
18,18,1024,91136
18,19,3072,91136
18,27,4096,91136
18,19,5120,91136
18,27,6144,91136
18,49,6144,91136
18,27,9216,91136
18,27,10240,91136
18,18,11264,91136
18,27,12288,91136
18,18,14336,91136
18,18,15360,91136
18,34,20480,91136
18,19,2048,92160
18,27,3072,92160
18,19,4096,92160
18,27,5120,92160
18,49,5120,92160
18,27,8192,92160
18,27,9216,92160
18,18,10240,92160
18,27,11264,92160
18,18,13312,92160
18,18,14336,92160
18,34,19456,92160
18,34,20480,92160
19,27,1024,94208
19,19,2048,94208
19,27,3072,94208
19,49,3072,94208
19,27,6144,94208
19,27,7168,94208
19,18,8192,94208
19,27,9216,94208
19,18,11264,94208
19,18,12288,94208
19,34,17408,94208
19,34,18432,94208
19,34,19456,94208
19,24,20480,94208
27,19,1024,95232
27,27,2048,95232
27,49,2048,95232
27,27,5120,95232
27,27,6144,95232
27,18,7168,95232
27,27,8192,95232
27,18,10240,95232
27,18,11264,95232
27,34,16384,95232
27,34,17408,95232
27,34,18432,95232
27,24,19456,95232
27,24,20480,95232
19,27,1024,96256
19,49,1024,96256
19,27,4096,96256
19,27,5120,96256
19,18,6144,96256
19,27,7168,96256
19,18,9216,96256
19,18,10240,96256
19,34,15360,96256
19,34,16384,96256
19,34,17408,96256
19,24,18432,96256
19,24,19456,96256
19,24,20480,96256
27,49,0,97280
27,27,3072,97280
27,27,4096,97280
27,18,5120,97280
27,27,6144,97280
27,18,8192,97280
27,18,9216,97280
27,34,14336,97280
27,34,15360,97280
27,34,16384,97280
27,24,17408,97280
27,24,18432,97280
27,24,19456,97280
27,24,20480,97280
49,27,3072,97280
49,27,4096,97280
49,18,5120,97280
49,27,6144,97280
49,18,8192,97280
49,18,9216,97280
49,34,14336,97280
49,34,15360,97280
49,34,16384,97280
49,24,17408,97280
49,24,18432,97280
49,24,19456,97280
49,24,20480,97280
27,27,1024,100352
27,18,2048,100352
27,27,3072,100352
27,18,5120,100352
27,18,6144,100352
27,34,11264,100352
27,34,12288,100352
27,34,13312,100352
27,24,14336,100352
27,24,15360,100352
27,24,16384,100352
27,24,17408,100352
27,24,18432,100352
27,18,1024,101376
27,27,2048,101376
27,18,4096,101376
27,18,5120,101376
27,34,10240,101376
27,34,11264,101376
27,34,12288,101376
27,24,13312,101376
27,24,14336,101376
27,24,15360,101376
27,24,16384,101376
27,24,17408,101376
27,18,20480,101376
18,27,1024,102400
18,18,3072,102400
18,18,4096,102400
18,34,9216,102400
18,34,10240,102400
18,34,11264,102400
18,24,12288,102400
18,24,13312,102400
18,24,14336,102400
18,24,15360,102400
18,24,16384,102400
18,18,19456,102400
27,18,2048,103424
27,18,3072,103424
27,34,8192,103424
27,34,9216,103424
27,34,10240,103424
27,24,11264,103424
27,24,12288,103424
27,24,13312,103424
27,24,14336,103424
27,24,15360,103424
27,18,18432,103424
27,18,20480,103424
18,18,1024,105472
18,34,6144,105472
18,34,7168,105472
18,34,8192,105472
18,24,9216,105472
18,24,10240,105472
18,24,11264,105472
18,24,12288,105472
18,24,13312,105472
18,18,16384,105472
18,18,18432,105472
18,34,5120,106496
18,34,6144,106496
18,34,7168,106496
18,24,8192,106496
18,24,9216,106496
18,24,10240,106496
18,24,11264,106496
18,24,12288,106496
18,18,15360,106496
18,18,17408,106496
18,32,20480,106496
34,34,1024,111616
34,34,2048,111616
34,24,3072,111616
34,24,4096,111616
34,24,5120,111616
34,24,6144,111616
34,24,7168,111616
34,18,10240,111616
34,18,12288,111616
34,32,15360,111616
34,31,17408,111616
34,18,20480,111616
34,34,1024,112640
34,24,2048,112640
34,24,3072,112640
34,24,4096,112640
34,24,5120,112640
34,24,6144,112640
34,18,9216,112640
34,18,11264,112640
34,32,14336,112640
34,31,16384,112640
34,18,19456,112640
34,18,20480,112640
34,24,1024,113664
34,24,2048,113664
34,24,3072,113664
34,24,4096,113664
34,24,5120,113664
34,18,8192,113664
34,18,10240,113664
34,32,13312,113664
34,31,15360,113664
34,18,18432,113664
34,18,19456,113664
24,24,1024,114688
24,24,2048,114688
24,24,3072,114688
24,24,4096,114688
24,18,7168,114688
24,18,9216,114688
24,32,12288,114688
24,31,14336,114688
24,18,17408,114688
24,18,18432,114688
24,18,20480,114688
24,24,1024,115712
24,24,2048,115712
24,24,3072,115712
24,18,6144,115712
24,18,8192,115712
24,32,11264,115712
24,31,13312,115712
24,18,16384,115712
24,18,17408,115712
24,18,19456,115712
24,18,20480,115712
24,24,1024,116736
24,24,2048,116736
24,18,5120,116736
24,18,7168,116736
24,32,10240,116736
24,31,12288,116736
24,18,15360,116736
24,18,16384,116736
24,18,18432,116736
24,18,19456,116736
24,24,1024,117760
24,18,4096,117760
24,18,6144,117760
24,32,9216,117760
24,31,11264,117760
24,18,14336,117760
24,18,15360,117760
24,18,17408,117760
24,18,18432,117760
24,18,3072,118784
24,18,5120,118784
24,32,8192,118784
24,31,10240,118784
24,18,13312,118784
24,18,14336,118784
24,18,16384,118784
24,18,17408,118784
18,18,2048,121856
18,32,5120,121856
18,31,7168,121856
18,18,10240,121856
18,18,11264,121856
18,18,13312,121856
18,18,14336,121856
18,32,3072,123904
18,31,5120,123904
18,18,8192,123904
18,18,9216,123904
18,18,11264,123904
18,18,12288,123904
18,18,19456,123904
32,31,2048,126976
32,18,5120,126976
32,18,6144,126976
32,18,8192,126976
32,18,9216,126976
32,18,16384,126976
31,18,3072,129024
31,18,4096,129024
31,18,6144,129024
31,18,7168,129024
31,18,14336,129024
18,18,1024,132096
18,18,3072,132096
18,18,4096,132096
18,18,11264,132096
18,18,20480,132096
18,18,2048,133120
18,18,3072,133120
18,18,10240,133120
18,18,19456,133120
18,18,20480,133120
18,18,1024,135168
18,18,8192,135168
18,18,17408,135168
18,18,18432,135168
18,18,7168,136192
18,18,16384,136192
18,18,17408,136192
18,32,20480,136192
18,18,9216,143360
18,18,10240,143360
18,32,13312,143360
18,33,14336,143360
18,31,16384,143360
18,18,1024,152576
18,32,4096,152576
18,33,5120,152576
18,31,7168,152576
18,18,15360,152576
18,27,17408,152576
18,26,19456,152576
18,26,20480,152576
18,32,3072,153600
18,33,4096,153600
18,31,6144,153600
18,18,14336,153600
18,27,16384,153600
18,26,18432,153600
18,26,19456,153600
18,27,20480,153600
32,33,1024,156672
32,31,3072,156672
32,18,11264,156672
32,27,13312,156672
32,26,15360,156672
32,26,16384,156672
32,27,17408,156672
32,26,18432,156672
32,26,19456,156672
33,31,2048,157696
33,18,10240,157696
33,27,12288,157696
33,26,14336,157696
33,26,15360,157696
33,27,16384,157696
33,26,17408,157696
33,26,18432,157696
33,27,20480,157696
31,18,8192,159744
31,27,10240,159744
31,26,12288,159744
31,26,13312,159744
31,27,14336,159744
31,26,15360,159744
31,26,16384,159744
31,27,18432,159744
31,26,19456,159744
31,26,20480,159744
18,27,2048,167936
18,26,4096,167936
18,26,5120,167936
18,27,6144,167936
18,26,7168,167936
18,26,8192,167936
18,27,10240,167936
18,26,11264,167936
18,26,12288,167936
18,18,15360,167936
18,18,16384,167936
18,18,17408,167936
18,54,18432,167936
18,22,19456,167936
27,26,2048,169984
27,26,3072,169984
27,27,4096,169984
27,26,5120,169984
27,26,6144,169984
27,27,8192,169984
27,26,9216,169984
27,26,10240,169984
27,18,13312,169984
27,18,14336,169984
27,18,15360,169984
27,54,16384,169984
27,22,17408,169984
27,18,18432,169984
26,26,1024,172032
26,27,2048,172032
26,26,3072,172032
26,26,4096,172032
26,27,6144,172032
26,26,7168,172032
26,26,8192,172032
26,18,11264,172032
26,18,12288,172032
26,18,13312,172032
26,54,14336,172032
26,22,15360,172032
26,18,16384,172032
26,22,17408,172032
26,27,1024,173056
26,26,2048,173056
26,26,3072,173056
26,27,5120,173056
26,26,6144,173056
26,26,7168,173056
26,18,10240,173056
26,18,11264,173056
26,18,12288,173056
26,54,13312,173056
26,22,14336,173056
26,18,15360,173056
26,22,16384,173056
26,22,17408,173056
27,26,1024,174080
27,26,2048,174080
27,27,4096,174080
27,26,5120,174080
27,26,6144,174080
27,18,9216,174080
27,18,10240,174080
27,18,11264,174080
27,54,12288,174080
27,22,13312,174080
27,18,14336,174080
27,22,15360,174080
27,22,16384,174080
27,18,17408,174080
26,26,1024,175104
26,27,3072,175104
26,26,4096,175104
26,26,5120,175104
26,18,8192,175104
26,18,9216,175104
26,18,10240,175104
26,54,11264,175104
26,22,12288,175104
26,18,13312,175104
26,22,14336,175104
26,22,15360,175104
26,18,16384,175104
26,55,19456,175104
26,27,2048,176128
26,26,3072,176128
26,26,4096,176128
26,18,7168,176128
26,18,8192,176128
26,18,9216,176128
26,54,10240,176128
26,22,11264,176128
26,18,12288,176128
26,22,13312,176128
26,22,14336,176128
26,18,15360,176128
26,55,18432,176128
27,26,1024,178176
27,26,2048,178176
27,18,5120,178176
27,18,6144,178176
27,18,7168,178176
27,54,8192,178176
27,22,9216,178176
27,18,10240,178176
27,22,11264,178176
27,22,12288,178176
27,18,13312,178176
27,55,16384,178176
27,31,19456,178176
27,55,20480,178176
26,26,1024,179200
26,18,4096,179200
26,18,5120,179200
26,18,6144,179200
26,54,7168,179200
26,22,8192,179200
26,18,9216,179200
26,22,10240,179200
26,22,11264,179200
26,18,12288,179200
26,55,15360,179200
26,31,18432,179200
26,55,19456,179200
26,18,3072,180224
26,18,4096,180224
26,18,5120,180224
26,54,6144,180224
26,22,7168,180224
26,18,8192,180224
26,22,9216,180224
26,22,10240,180224
26,18,11264,180224
26,55,14336,180224
26,31,17408,180224
26,55,18432,180224
18,18,1024,183296
18,18,2048,183296
18,54,3072,183296
18,22,4096,183296
18,18,5120,183296
18,22,6144,183296
18,22,7168,183296
18,18,8192,183296
18,55,11264,183296
18,31,14336,183296
18,55,15360,183296
18,39,18432,183296
18,22,19456,183296
18,18,1024,184320
18,54,2048,184320
18,22,3072,184320
18,18,4096,184320
18,22,5120,184320
18,22,6144,184320
18,18,7168,184320
18,55,10240,184320
18,31,13312,184320
18,55,14336,184320
18,39,17408,184320
18,22,18432,184320
18,18,20480,184320
18,54,1024,185344
18,22,2048,185344
18,18,3072,185344
18,22,4096,185344
18,22,5120,185344
18,18,6144,185344
18,55,9216,185344
18,31,12288,185344
18,55,13312,185344
18,39,16384,185344
18,22,17408,185344
18,18,19456,185344
18,39,20480,185344
54,22,1024,186368
54,18,2048,186368
54,22,3072,186368
54,22,4096,186368
54,18,5120,186368
54,55,8192,186368
54,31,11264,186368
54,55,12288,186368
54,39,15360,186368
54,22,16384,186368
54,18,18432,186368
54,39,19456,186368
54,19,20480,186368
22,18,1024,187392
22,22,2048,187392
22,22,3072,187392
22,18,4096,187392
22,55,7168,187392
22,31,10240,187392
22,55,11264,187392
22,39,14336,187392
22,22,15360,187392
22,18,17408,187392
22,39,18432,187392
22,19,19456,187392
18,22,1024,188416
18,22,2048,188416
18,18,3072,188416
18,55,6144,188416
18,31,9216,188416
18,55,10240,188416
18,39,13312,188416
18,22,14336,188416
18,18,16384,188416
18,39,17408,188416
18,19,18432,188416
22,22,1024,189440
22,18,2048,189440
22,55,5120,189440
22,31,8192,189440
22,55,9216,189440
22,39,12288,189440
22,22,13312,189440
22,18,15360,189440
22,39,16384,189440
22,19,17408,189440
22,54,20480,189440
22,18,1024,190464
22,55,4096,190464
22,31,7168,190464
22,55,8192,190464
22,39,11264,190464
22,22,12288,190464
22,18,14336,190464
22,39,15360,190464
22,19,16384,190464
22,54,19456,190464
22,18,20480,190464
18,55,3072,191488
18,31,6144,191488
18,55,7168,191488
18,39,10240,191488
18,22,11264,191488
18,18,13312,191488
18,39,14336,191488
18,19,15360,191488
18,54,18432,191488
18,18,19456,191488
18,18,20480,191488
55,31,3072,194560
55,55,4096,194560
55,39,7168,194560
55,22,8192,194560
55,18,10240,194560
55,39,11264,194560
55,19,12288,194560
55,54,15360,194560
55,18,16384,194560
55,18,17408,194560
55,18,18432,194560
55,18,20480,194560
31,55,1024,197632
31,39,4096,197632
31,22,5120,197632
31,18,7168,197632
31,39,8192,197632
31,19,9216,197632
31,54,12288,197632
31,18,13312,197632
31,18,14336,197632
31,18,15360,197632
31,18,17408,197632
31,18,18432,197632
31,19,19456,197632
55,39,3072,198656
55,22,4096,198656
55,18,6144,198656
55,39,7168,198656
55,19,8192,198656
55,54,11264,198656
55,18,12288,198656
55,18,13312,198656
55,18,14336,198656
55,18,16384,198656
55,18,17408,198656
55,19,18432,198656
39,22,1024,201728
39,18,3072,201728
39,39,4096,201728
39,19,5120,201728
39,54,8192,201728
39,18,9216,201728
39,18,10240,201728
39,18,11264,201728
39,18,13312,201728
39,18,14336,201728
39,19,15360,201728
22,18,2048,202752
22,39,3072,202752
22,19,4096,202752
22,54,7168,202752
22,18,8192,202752
22,18,9216,202752
22,18,10240,202752
22,18,12288,202752
22,18,13312,202752
22,19,14336,202752
22,18,20480,202752
18,39,1024,204800
18,19,2048,204800
18,54,5120,204800
18,18,6144,204800
18,18,7168,204800
18,18,8192,204800
18,18,10240,204800
18,18,11264,204800
18,19,12288,204800
18,18,18432,204800
39,19,1024,205824
39,54,4096,205824
39,18,5120,205824
39,18,6144,205824
39,18,7168,205824
39,18,9216,205824
39,18,10240,205824
39,19,11264,205824
39,18,17408,205824
39,18,20480,205824
39,55,20480,205824
19,54,3072,206848
19,18,4096,206848
19,18,5120,206848
19,18,6144,206848
19,18,8192,206848
19,18,9216,206848
19,19,10240,206848
19,18,16384,206848
19,18,19456,206848
19,55,19456,206848
19,21,20480,206848
54,18,1024,209920
54,18,2048,209920
54,18,3072,209920
54,18,5120,209920
54,18,6144,209920
54,19,7168,209920
54,18,13312,209920
54,18,16384,209920
54,55,16384,209920
54,21,17408,209920
54,18,20480,209920
18,18,1024,210944
18,18,2048,210944
18,18,4096,210944
18,18,5120,210944
18,19,6144,210944
18,18,12288,210944
18,18,15360,210944
18,55,15360,210944
18,21,16384,210944
18,18,19456,210944
18,18,20480,210944
18,18,1024,211968
18,18,3072,211968
18,18,4096,211968
18,19,5120,211968
18,18,11264,211968
18,18,14336,211968
18,55,14336,211968
18,21,15360,211968
18,18,18432,211968
18,18,19456,211968
18,24,20480,211968
18,18,2048,212992
18,18,3072,212992
18,19,4096,212992
18,18,10240,212992
18,18,13312,212992
18,55,13312,212992
18,21,14336,212992
18,18,17408,212992
18,18,18432,212992
18,24,19456,212992
18,24,20480,212992
18,18,1024,215040
18,19,2048,215040
18,18,8192,215040
18,18,11264,215040
18,55,11264,215040
18,21,12288,215040
18,18,15360,215040
18,18,16384,215040
18,24,17408,215040
18,24,18432,215040
18,19,1024,216064
18,18,7168,216064
18,18,10240,216064
18,55,10240,216064
18,21,11264,216064
18,18,14336,216064
18,18,15360,216064
18,24,16384,216064
18,24,17408,216064
19,18,6144,217088
19,18,9216,217088
19,55,9216,217088
19,21,10240,217088
19,18,13312,217088
19,18,14336,217088
19,24,15360,217088
19,24,16384,217088
19,24,20480,217088
19,54,20480,217088
18,18,3072,223232
18,55,3072,223232
18,21,4096,223232
18,18,7168,223232
18,18,8192,223232
18,24,9216,223232
18,24,10240,223232
18,24,14336,223232
18,54,14336,223232
18,24,15360,223232
18,33,16384,223232
18,24,17408,223232
18,55,0,226304
18,21,1024,226304
18,18,4096,226304
18,18,5120,226304
18,24,6144,226304
18,24,7168,226304
18,24,11264,226304
18,54,11264,226304
18,24,12288,226304
18,33,13312,226304
18,24,14336,226304
18,18,18432,226304
18,24,19456,226304
18,55,19456,226304
55,21,1024,226304
55,18,4096,226304
55,18,5120,226304
55,24,6144,226304
55,24,7168,226304
55,24,11264,226304
55,54,11264,226304
55,24,12288,226304
55,33,13312,226304
55,24,14336,226304
55,18,18432,226304
55,24,19456,226304
55,55,19456,226304
55,24,20480,226304
21,18,3072,227328
21,18,4096,227328
21,24,5120,227328
21,24,6144,227328
21,24,10240,227328
21,54,10240,227328
21,24,11264,227328
21,33,12288,227328
21,24,13312,227328
21,18,17408,227328
21,24,18432,227328
21,55,18432,227328
21,24,19456,227328
21,24,20480,227328
18,18,1024,230400
18,24,2048,230400
18,24,3072,230400
18,24,7168,230400
18,54,7168,230400
18,24,8192,230400
18,33,9216,230400
18,24,10240,230400
18,18,14336,230400
18,24,15360,230400
18,55,15360,230400
18,24,16384,230400
18,24,17408,230400
18,24,18432,230400
18,24,1024,231424
18,24,2048,231424
18,24,6144,231424
18,54,6144,231424
18,24,7168,231424
18,33,8192,231424
18,24,9216,231424
18,18,13312,231424
18,24,14336,231424
18,55,14336,231424
18,24,15360,231424
18,24,16384,231424
18,24,17408,231424
18,19,20480,231424
24,24,1024,232448
24,24,5120,232448
24,54,5120,232448
24,24,6144,232448
24,33,7168,232448
24,24,8192,232448
24,18,12288,232448
24,24,13312,232448
24,55,13312,232448
24,24,14336,232448
24,24,15360,232448
24,24,16384,232448
24,19,19456,232448
24,18,20480,232448
24,24,4096,233472
24,54,4096,233472
24,24,5120,233472
24,33,6144,233472
24,24,7168,233472
24,18,11264,233472
24,24,12288,233472
24,55,12288,233472
24,24,13312,233472
24,24,14336,233472
24,24,15360,233472
24,19,18432,233472
24,18,19456,233472
24,54,19456,233472
24,54,0,237568
24,24,1024,237568
24,33,2048,237568
24,24,3072,237568
24,18,7168,237568
24,24,8192,237568
24,55,8192,237568
24,24,9216,237568
24,24,10240,237568
24,24,11264,237568
24,19,14336,237568
24,18,15360,237568
24,54,15360,237568
24,24,16384,237568
54,24,1024,237568
54,33,2048,237568
54,24,3072,237568
54,18,7168,237568
54,24,8192,237568
54,55,8192,237568
54,24,9216,237568
54,24,10240,237568
54,24,11264,237568
54,19,14336,237568
54,18,15360,237568
54,54,15360,237568
54,24,16384,237568
54,24,17408,237568
24,33,1024,238592
24,24,2048,238592
24,18,6144,238592
24,24,7168,238592
24,55,7168,238592
24,24,8192,238592
24,24,9216,238592
24,24,10240,238592
24,19,13312,238592
24,18,14336,238592
24,54,14336,238592
24,24,15360,238592
24,24,16384,238592
24,24,17408,238592
33,24,1024,239616
33,18,5120,239616
33,24,6144,239616
33,55,6144,239616
33,24,7168,239616
33,24,8192,239616
33,24,9216,239616
33,19,12288,239616
33,18,13312,239616
33,54,13312,239616
33,24,14336,239616
33,24,15360,239616
33,24,16384,239616
33,24,17408,239616
24,18,4096,240640
24,24,5120,240640
24,55,5120,240640
24,24,6144,240640
24,24,7168,240640
24,24,8192,240640
24,19,11264,240640
24,18,12288,240640
24,54,12288,240640
24,24,13312,240640
24,24,14336,240640
24,24,15360,240640
24,24,16384,240640
24,18,20480,240640
18,24,1024,244736
18,55,1024,244736
18,24,2048,244736
18,24,3072,244736
18,24,4096,244736
18,19,7168,244736
18,18,8192,244736
18,54,8192,244736
18,24,9216,244736
18,24,10240,244736
18,24,11264,244736
18,24,12288,244736
18,18,16384,244736
18,22,17408,244736
24,55,0,245760
24,24,1024,245760
24,24,2048,245760
24,24,3072,245760
24,19,6144,245760
24,18,7168,245760
24,54,7168,245760
24,24,8192,245760
24,24,9216,245760
24,24,10240,245760
24,24,11264,245760
24,18,15360,245760
24,22,16384,245760
24,28,17408,245760
55,24,1024,245760
55,24,2048,245760
55,24,3072,245760
55,19,6144,245760
55,18,7168,245760
55,54,7168,245760
55,24,8192,245760
55,24,9216,245760
55,24,10240,245760
55,24,11264,245760
55,18,15360,245760
55,22,16384,245760
55,28,17408,245760
24,24,1024,246784
24,24,2048,246784
24,19,5120,246784
24,18,6144,246784
24,54,6144,246784
24,24,7168,246784
24,24,8192,246784
24,24,9216,246784
24,24,10240,246784
24,18,14336,246784
24,22,15360,246784
24,28,16384,246784
24,24,1024,247808
24,19,4096,247808
24,18,5120,247808
24,54,5120,247808
24,24,6144,247808
24,24,7168,247808
24,24,8192,247808
24,24,9216,247808
24,18,13312,247808
24,22,14336,247808
24,28,15360,247808
24,18,20480,247808
24,19,3072,248832
24,18,4096,248832
24,54,4096,248832
24,24,5120,248832
24,24,6144,248832
24,24,7168,248832
24,24,8192,248832
24,18,12288,248832
24,22,13312,248832
24,28,14336,248832
24,18,19456,248832
19,18,1024,251904
19,54,1024,251904
19,24,2048,251904
19,24,3072,251904
19,24,4096,251904
19,24,5120,251904
19,18,9216,251904
19,22,10240,251904
19,28,11264,251904
19,18,16384,251904
19,29,18432,251904
19,28,19456,251904
19,29,20480,251904
18,54,0,252928
18,24,1024,252928
18,24,2048,252928
18,24,3072,252928
18,24,4096,252928
18,18,8192,252928
18,22,9216,252928
18,28,10240,252928
18,18,15360,252928
18,29,17408,252928
18,28,18432,252928
18,29,19456,252928
18,28,20480,252928
54,24,1024,252928
54,24,2048,252928
54,24,3072,252928
54,24,4096,252928
54,18,8192,252928
54,22,9216,252928
54,28,10240,252928
54,18,15360,252928
54,29,17408,252928
54,28,18432,252928
54,29,19456,252928
54,28,20480,252928
24,24,1024,253952
24,24,2048,253952
24,24,3072,253952
24,18,7168,253952
24,22,8192,253952
24,28,9216,253952
24,18,14336,253952
24,29,16384,253952
24,28,17408,253952
24,29,18432,253952
24,28,19456,253952
24,24,1024,254976
24,24,2048,254976
24,18,6144,254976
24,22,7168,254976
24,28,8192,254976
24,18,13312,254976
24,29,15360,254976
24,28,16384,254976
24,29,17408,254976
24,28,18432,254976
24,24,1024,256000
24,18,5120,256000
24,22,6144,256000
24,28,7168,256000
24,18,12288,256000
24,29,14336,256000
24,28,15360,256000
24,29,16384,256000
24,28,17408,256000
24,48,20480,256000
24,18,4096,257024
24,22,5120,257024
24,28,6144,257024
24,18,11264,257024
24,29,13312,257024
24,28,14336,257024
24,29,15360,257024
24,28,16384,257024
24,48,19456,257024
18,22,1024,261120
18,28,2048,261120
18,18,7168,261120
18,29,9216,261120
18,28,10240,261120
18,29,11264,261120
18,28,12288,261120
18,48,15360,261120
18,18,18432,261120
22,28,1024,262144
22,18,6144,262144
22,29,8192,262144
22,28,9216,262144
22,29,10240,262144
22,28,11264,262144
22,48,14336,262144
22,18,17408,262144
28,18,5120,263168
28,29,7168,263168
28,28,8192,263168
28,29,9216,263168
28,28,10240,263168
28,48,13312,263168
28,18,16384,263168
18,29,2048,268288
18,28,3072,268288
18,29,4096,268288
18,28,5120,268288
18,48,8192,268288
18,18,11264,268288
18,48,16384,268288
18,29,17408,268288
29,28,1024,270336
29,29,2048,270336
29,28,3072,270336
29,48,6144,270336
29,18,9216,270336
29,48,14336,270336
29,29,15360,270336
28,29,1024,271360
28,28,2048,271360
28,48,5120,271360
28,18,8192,271360
28,48,13312,271360
28,29,14336,271360
28,26,20480,271360
29,28,1024,272384
29,48,4096,272384
29,18,7168,272384
29,48,12288,272384
29,29,13312,272384
29,26,19456,272384
29,26,20480,272384
28,48,3072,273408
28,18,6144,273408
28,48,11264,273408
28,29,12288,273408
28,26,18432,273408
28,26,19456,273408
28,27,20480,273408
48,18,3072,276480
48,48,8192,276480
48,29,9216,276480
48,26,15360,276480
48,26,16384,276480
48,27,17408,276480
48,26,19456,276480
48,26,20480,276480
18,48,5120,279552
18,29,6144,279552
18,26,12288,279552
18,26,13312,279552
18,27,14336,279552
18,26,16384,279552
18,26,17408,279552
18,26,18432,279552
18,27,19456,279552
18,26,20480,279552
48,29,1024,284672
48,26,7168,284672
48,26,8192,284672
48,27,9216,284672
48,26,11264,284672
48,26,12288,284672
48,26,13312,284672
48,27,14336,284672
48,26,15360,284672
48,26,16384,284672
48,27,17408,284672
48,22,18432,284672
48,26,19456,284672
48,26,20480,284672
29,26,6144,285696
29,26,7168,285696
29,27,8192,285696
29,26,10240,285696
29,26,11264,285696
29,26,12288,285696
29,27,13312,285696
29,26,14336,285696
29,26,15360,285696
29,27,16384,285696
29,22,17408,285696
29,26,18432,285696
29,26,19456,285696
29,27,20480,285696
26,26,1024,291840
26,27,2048,291840
26,26,4096,291840
26,26,5120,291840
26,26,6144,291840
26,27,7168,291840
26,26,8192,291840
26,26,9216,291840
26,27,10240,291840
26,22,11264,291840
26,26,12288,291840
26,26,13312,291840
26,27,14336,291840
26,26,15360,291840
26,27,1024,292864
26,26,3072,292864
26,26,4096,292864
26,26,5120,292864
26,27,6144,292864
26,26,7168,292864
26,26,8192,292864
26,27,9216,292864
26,22,10240,292864
26,26,11264,292864
26,26,12288,292864
26,27,13312,292864
26,26,14336,292864
26,18,15360,292864
27,26,2048,293888
27,26,3072,293888
27,26,4096,293888
27,27,5120,293888
27,26,6144,293888
27,26,7168,293888
27,27,8192,293888
27,22,9216,293888
27,26,10240,293888
27,26,11264,293888
27,27,12288,293888
27,26,13312,293888
27,18,14336,293888
27,19,15360,293888
26,26,1024,295936
26,26,2048,295936
26,27,3072,295936
26,26,4096,295936
26,26,5120,295936
26,27,6144,295936
26,22,7168,295936
26,26,8192,295936
26,26,9216,295936
26,27,10240,295936
26,26,11264,295936
26,18,12288,295936
26,19,13312,295936
26,18,14336,295936
26,26,1024,296960
26,27,2048,296960
26,26,3072,296960
26,26,4096,296960
26,27,5120,296960
26,22,6144,296960
26,26,7168,296960
26,26,8192,296960
26,27,9216,296960
26,26,10240,296960
26,18,11264,296960
26,19,12288,296960
26,18,13312,296960
26,18,16384,296960
26,27,1024,297984
26,26,2048,297984
26,26,3072,297984
26,27,4096,297984
26,22,5120,297984
26,26,6144,297984
26,26,7168,297984
26,27,8192,297984
26,26,9216,297984
26,18,10240,297984
26,19,11264,297984
26,18,12288,297984
26,18,15360,297984
26,28,17408,297984
27,26,1024,299008
27,26,2048,299008
27,27,3072,299008
27,22,4096,299008
27,26,5120,299008
27,26,6144,299008
27,27,7168,299008
27,26,8192,299008
27,18,9216,299008
27,19,10240,299008
27,18,11264,299008
27,18,14336,299008
27,28,16384,299008
27,22,17408,299008
26,26,1024,300032
26,27,2048,300032
26,22,3072,300032
26,26,4096,300032
26,26,5120,300032
26,27,6144,300032
26,26,7168,300032
26,18,8192,300032
26,19,9216,300032
26,18,10240,300032
26,18,13312,300032
26,28,15360,300032
26,22,16384,300032
26,23,19456,300032
26,27,1024,301056
26,22,2048,301056
26,26,3072,301056
26,26,4096,301056
26,27,5120,301056
26,26,6144,301056
26,18,7168,301056
26,19,8192,301056
26,18,9216,301056
26,18,12288,301056
26,28,14336,301056
26,22,15360,301056
26,23,18432,301056
27,22,1024,302080
27,26,2048,302080
27,26,3072,302080
27,27,4096,302080
27,26,5120,302080
27,18,6144,302080
27,19,7168,302080
27,18,8192,302080
27,18,11264,302080
27,28,13312,302080
27,22,14336,302080
27,23,17408,302080
22,26,1024,303104
22,26,2048,303104
22,27,3072,303104
22,26,4096,303104
22,18,5120,303104
22,19,6144,303104
22,18,7168,303104
22,18,10240,303104
22,28,12288,303104
22,22,13312,303104
22,23,16384,303104
26,26,1024,304128
26,27,2048,304128
26,26,3072,304128
26,18,4096,304128
26,19,5120,304128
26,18,6144,304128
26,18,9216,304128
26,28,11264,304128
26,22,12288,304128
26,23,15360,304128
26,27,1024,305152
26,26,2048,305152
26,18,3072,305152
26,19,4096,305152
26,18,5120,305152
26,18,8192,305152
26,28,10240,305152
26,22,11264,305152
26,23,14336,305152
27,26,1024,306176
27,18,2048,306176
27,19,3072,306176
27,18,4096,306176
27,18,7168,306176
27,28,9216,306176
27,22,10240,306176
27,23,13312,306176
27,18,20480,306176
26,18,1024,307200
26,19,2048,307200
26,18,3072,307200
26,18,6144,307200
26,28,8192,307200
26,22,9216,307200
26,23,12288,307200
26,18,19456,307200
26,27,20480,307200
18,19,1024,308224
18,18,2048,308224
18,18,5120,308224
18,28,7168,308224
18,22,8192,308224
18,23,11264,308224
18,18,18432,308224
18,27,19456,308224
18,27,20480,308224
19,18,1024,309248
19,18,4096,309248
19,28,6144,309248
19,22,7168,309248
19,23,10240,309248
19,18,17408,309248
19,27,18432,309248
19,27,19456,309248
18,18,3072,310272
18,28,5120,310272
18,22,6144,310272
18,23,9216,310272
18,18,16384,310272
18,27,17408,310272
18,27,18432,310272
18,28,2048,313344
18,22,3072,313344
18,23,6144,313344
18,18,13312,313344
18,27,14336,313344
18,27,15360,313344
28,22,1024,315392
28,23,4096,315392
28,18,11264,315392
28,27,12288,315392
28,27,13312,315392
22,23,3072,316416
22,18,10240,316416
22,27,11264,316416
22,27,12288,316416
23,18,7168,319488
23,27,8192,319488
23,27,9216,319488
18,27,1024,326656
18,27,2048,326656
27,27,1024,327680
