15,15,1024,2048
15,15,7168,2048
15,9,8192,2048
15,12,16384,2048
15,11,17408,2048
15,13,18432,2048
15,9,20480,2048
15,15,6144,3072
15,9,7168,3072
15,12,15360,3072
15,11,16384,3072
15,13,17408,3072
15,9,19456,3072
15,15,20480,3072
15,9,1024,9216
15,12,9216,9216
15,11,10240,9216
15,13,11264,9216
15,9,13312,9216
15,15,14336,9216
15,15,15360,9216
15,16,19456,9216
15,15,20480,9216
9,12,8192,10240
9,11,9216,10240
9,13,10240,10240
9,9,12288,10240
9,15,13312,10240
9,15,14336,10240
9,16,18432,10240
9,15,19456,10240
12,11,1024,18432
12,13,2048,18432
12,9,4096,18432
12,15,5120,18432
12,15,6144,18432
12,16,10240,18432
12,15,11264,18432
12,15,14336,18432
11,13,1024,19456
11,9,3072,19456
11,15,4096,19456
11,15,5120,19456
11,16,9216,19456
11,15,10240,19456
11,15,13312,19456
11,15,20480,19456
13,9,2048,20480
13,15,3072,20480
13,15,4096,20480
13,16,8192,20480
13,15,9216,20480
13,15,12288,20480
13,15,19456,20480
9,15,1024,22528
9,15,2048,22528
9,16,6144,22528
9,15,7168,22528
9,15,10240,22528
9,15,17408,22528
9,13,20480,22528
15,15,1024,23552
15,16,5120,23552
15,15,6144,23552
15,15,9216,23552
15,15,16384,23552
15,13,19456,23552
15,18,20480,23552
15,16,4096,24576
15,15,5120,24576
15,15,8192,24576
15,15,15360,24576
15,13,18432,24576
15,18,19456,24576
15,15,20480,24576
16,15,1024,28672
16,15,4096,28672
16,15,11264,28672
16,13,14336,28672
16,18,15360,28672
16,15,16384,28672
16,16,17408,28672
16,21,18432,28672
16,41,19456,28672
16,41,20480,28672
15,15,3072,29696
15,15,10240,29696
15,13,13312,29696
15,18,14336,29696
15,15,15360,29696
15,16,16384,29696
15,21,17408,29696
15,41,18432,29696
15,41,19456,29696
15,41,20480,29696
15,15,7168,32768
15,13,10240,32768
15,18,11264,32768
15,15,12288,32768
15,16,13312,32768
15,21,14336,32768
15,41,15360,32768
15,41,16384,32768
15,41,17408,32768
15,41,18432,32768
15,13,3072,39936
15,18,4096,39936
15,15,5120,39936
15,16,6144,39936
15,21,7168,39936
15,41,8192,39936
15,41,9216,39936
15,41,10240,39936
15,41,11264,39936
15,15,16384,39936
13,18,1024,43008
13,15,2048,43008
13,16,3072,43008
13,21,4096,43008
13,41,5120,43008
13,41,6144,43008
13,41,7168,43008
13,41,8192,43008
13,15,13312,43008
18,15,1024,44032
18,16,2048,44032
18,21,3072,44032
18,41,4096,44032
18,41,5120,44032
18,41,6144,44032
18,41,7168,44032
18,15,12288,44032
15,16,1024,45056
15,21,2048,45056
15,41,3072,45056
15,41,4096,45056
15,41,5120,45056
15,41,6144,45056
15,15,11264,45056
16,21,1024,46080
16,41,2048,46080
16,41,3072,46080
16,41,4096,46080
16,41,5120,46080
16,15,10240,46080
21,41,1024,47104
21,41,2048,47104
21,41,3072,47104
21,41,4096,47104
21,15,9216,47104
41,41,1024,48128
41,41,2048,48128
41,41,3072,48128
41,15,8192,48128
41,41,1024,49152
41,41,2048,49152
41,15,7168,49152
41,41,1024,50176
41,15,6144,50176
41,15,5120,51200
15,21,17408,56320
21,15,7168,73728
21,16,9216,73728
21,15,19456,73728
15,16,2048,80896
15,15,12288,80896
15,15,16384,80896
15,15,17408,80896
16,15,10240,82944
16,15,14336,82944
16,15,15360,82944
15,15,4096,93184
15,15,5120,93184
15,15,15360,93184
15,9,16384,93184
15,15,1024,97280
15,15,11264,97280
15,9,12288,97280
15,15,17408,97280
15,15,18432,97280
15,12,20480,97280
15,15,10240,98304
15,9,11264,98304
15,15,16384,98304
15,15,17408,98304
15,12,19456,98304
15,12,20480,98304
15,9,1024,108544
15,15,6144,108544
15,15,7168,108544
15,12,9216,108544
15,12,10240,108544
15,12,13312,108544
9,15,5120,109568
9,15,6144,109568
9,12,8192,109568
9,12,9216,109568
9,12,12288,109568
15,15,1024,114688
15,12,3072,114688
15,12,4096,114688
15,12,7168,114688
15,12,2048,115712
15,12,3072,115712
15,12,6144,115712
12,12,1024,117760
12,12,4096,117760
12,12,3072,118784
12,15,20480,118784
12,15,17408,121856
12,7,18432,121856
12,9,20480,121856
15,7,1024,139264
15,9,3072,139264
15,18,5120,139264
15,11,7168,139264
15,12,8192,139264
15,23,9216,139264
15,11,11264,139264
15,12,12288,139264
15,17,15360,139264
15,17,16384,139264
15,120,19456,139264
15,134,20480,139264
7,9,2048,140288
7,18,4096,140288
7,11,6144,140288
7,12,7168,140288
7,23,8192,140288
7,11,10240,140288
7,12,11264,140288
7,17,14336,140288
7,17,15360,140288
7,120,18432,140288
7,134,19456,140288
9,18,2048,142336
9,11,4096,142336
9,12,5120,142336
9,23,6144,142336
9,11,8192,142336
9,12,9216,142336
9,17,12288,142336
9,17,13312,142336
9,120,16384,142336
9,134,17408,142336
18,11,2048,144384
18,12,3072,144384
18,23,4096,144384
18,11,6144,144384
18,12,7168,144384
18,17,10240,144384
18,17,11264,144384
18,120,14336,144384
18,134,15360,144384
11,12,1024,146432
11,23,2048,146432
11,11,4096,146432
11,12,5120,146432
11,17,8192,146432
11,17,9216,146432
11,120,12288,146432
11,134,13312,146432
12,23,1024,147456
12,11,3072,147456
12,12,4096,147456
12,17,7168,147456
12,17,8192,147456
12,120,11264,147456
12,134,12288,147456
23,11,2048,148480
23,12,3072,148480
23,17,6144,148480
23,17,7168,148480
23,120,10240,148480
23,134,11264,148480
11,12,1024,150528
11,17,4096,150528
11,17,5120,150528
11,120,8192,150528
11,134,9216,150528
12,17,3072,151552
12,17,4096,151552
12,120,7168,151552
12,134,8192,151552
17,17,1024,154624
17,120,4096,154624
17,134,5120,154624
17,120,3072,155648
17,134,4096,155648
120,134,1024,158720
