26,26,1024,0
26,26,2048,0
26,26,3072,0
26,18,13312,0
26,26,1024,1024
26,26,2048,1024
26,18,12288,1024
26,26,1024,2048
26,18,11264,2048
26,18,10240,3072
24,24,1024,62464
24,19,2048,62464
24,19,3072,62464
24,135,11264,62464
24,35,15360,62464
24,18,17408,62464
24,19,1024,63488
24,19,2048,63488
24,135,10240,63488
24,35,14336,63488
24,18,16384,63488
19,19,1024,64512
19,135,9216,64512
19,35,13312,64512
19,18,15360,64512
19,34,20480,64512
19,135,8192,65536
19,35,12288,65536
19,18,14336,65536
19,34,19456,65536
135,35,4096,73728
135,18,6144,73728
135,34,11264,73728
35,18,2048,77824
35,34,7168,77824
18,34,5120,79872
20,18,5120,112640
20,35,10240,112640
20,52,11264,112640
20,51,12288,112640
20,29,14336,112640
18,35,5120,117760
18,52,6144,117760
18,51,7168,117760
18,29,9216,117760
18,34,20480,117760
35,52,1024,122880
35,51,2048,122880
35,29,4096,122880
35,34,15360,122880
35,52,16384,122880
52,51,1024,123904
52,29,3072,123904
52,34,14336,123904
52,52,15360,123904
51,29,2048,124928
51,34,13312,124928
51,52,14336,124928
29,34,11264,126976
29,52,12288,126976
34,52,1024,138240
18,35,9216,166912
18,35,11264,166912
18,51,12288,166912
18,102,12288,166912
18,34,13312,166912
18,51,14336,166912
35,35,2048,176128
35,51,3072,176128
35,102,3072,176128
35,34,4096,176128
35,51,5120,176128
35,51,1024,178176
35,102,1024,178176
35,34,2048,178176
35,51,3072,178176
51,102,0,179200
51,34,1024,179200
51,51,2048,179200
102,34,1024,179200
102,51,2048,179200
34,51,1024,180224
41,45,2048,206848
41,18,5120,206848
41,21,6144,206848
41,21,7168,206848
41,22,8192,206848
41,22,9216,206848
41,22,10240,206848
41,66,13312,206848
41,65,14336,206848
41,65,15360,206848
41,21,17408,206848
41,22,18432,206848
45,18,3072,208896
45,21,4096,208896
45,21,5120,208896
45,22,6144,208896
45,22,7168,208896
45,22,8192,208896
45,66,11264,208896
45,65,12288,208896
45,65,13312,208896
45,21,15360,208896
45,22,16384,208896
45,21,19456,208896
18,21,1024,211968
18,21,2048,211968
18,22,3072,211968
18,22,4096,211968
18,22,5120,211968
18,66,8192,211968
18,65,9216,211968
18,65,10240,211968
18,21,12288,211968
18,22,13312,211968
18,21,16384,211968
18,19,18432,211968
21,21,1024,212992
21,22,2048,212992
21,22,3072,212992
21,22,4096,212992
21,66,7168,212992
21,65,8192,212992
21,65,9216,212992
21,21,11264,212992
21,22,12288,212992
21,21,15360,212992
21,19,17408,212992
21,22,1024,214016
21,22,2048,214016
21,22,3072,214016
21,66,6144,214016
21,65,7168,214016
21,65,8192,214016
21,21,10240,214016
21,22,11264,214016
21,21,14336,214016
21,19,16384,214016
22,22,1024,215040
22,22,2048,215040
22,66,5120,215040
22,65,6144,215040
22,65,7168,215040
22,21,9216,215040
22,22,10240,215040
22,21,13312,215040
22,19,15360,215040
22,22,1024,216064
22,66,4096,216064
22,65,5120,216064
22,65,6144,216064
22,21,8192,216064
22,22,9216,216064
22,21,12288,216064
22,19,14336,216064
22,66,3072,217088
22,65,4096,217088
22,65,5120,217088
22,21,7168,217088
22,22,8192,217088
22,21,11264,217088
22,19,13312,217088
66,65,1024,220160
66,65,2048,220160
66,21,4096,220160
66,22,5120,220160
66,21,8192,220160
66,19,10240,220160
65,65,1024,221184
65,21,3072,221184
65,22,4096,221184
65,21,7168,221184
65,19,9216,221184
65,21,2048,222208
65,22,3072,222208
65,21,6144,222208
65,19,8192,222208
21,22,1024,224256
21,21,4096,224256
21,19,6144,224256
22,21,3072,225280
22,19,5120,225280
21,19,2048,228352
19,18,6144,260096
19,51,16384,260096
19,18,17408,260096
19,51,17408,260096
19,51,19456,260096
19,137,19456,260096
18,51,10240,266240
18,18,11264,266240
18,51,11264,266240
18,51,13312,266240
18,137,13312,266240
18,34,15360,266240
51,18,1024,276480
51,51,1024,276480
51,51,3072,276480
51,137,3072,276480
51,34,5120,276480
18,51,0,277504
18,51,2048,277504
18,137,2048,277504
18,34,4096,277504
51,51,2048,277504
51,137,2048,277504
51,34,4096,277504
51,137,0,279552
51,34,2048,279552
137,34,2048,279552
19,19,2048,309248
19,34,11264,309248
19,34,12288,309248
19,34,13312,309248
19,51,13312,309248
19,70,15360,309248
19,104,15360,309248
19,18,16384,309248
19,99,16384,309248
19,57,17408,309248
19,95,17408,309248
19,52,18432,309248
19,41,20480,309248
19,34,9216,311296
19,34,10240,311296
19,34,11264,311296
19,51,11264,311296
19,70,13312,311296
19,104,13312,311296
19,18,14336,311296
19,99,14336,311296
19,57,15360,311296
19,95,15360,311296
19,52,16384,311296
19,41,18432,311296
34,34,1024,320512
34,34,2048,320512
34,51,2048,320512
34,70,4096,320512
34,104,4096,320512
34,18,5120,320512
34,99,5120,320512
34,57,6144,320512
34,95,6144,320512
34,52,7168,320512
34,41,9216,320512
34,34,1024,321536
34,51,1024,321536
34,70,3072,321536
34,104,3072,321536
34,18,4096,321536
34,99,4096,321536
34,57,5120,321536
34,95,5120,321536
34,52,6144,321536
34,41,8192,321536
34,51,0,322560
34,70,2048,322560
34,104,2048,322560
34,18,3072,322560
34,99,3072,322560
34,57,4096,322560
34,95,4096,322560
34,52,5120,322560
34,41,7168,322560
51,70,2048,322560
51,104,2048,322560
51,18,3072,322560
51,99,3072,322560
51,57,4096,322560
51,95,4096,322560
51,52,5120,322560
51,41,7168,322560
70,104,0,324608
70,18,1024,324608
70,99,1024,324608
70,57,2048,324608
70,95,2048,324608
70,52,3072,324608
70,41,5120,324608
104,18,1024,324608
104,99,1024,324608
104,57,2048,324608
104,95,2048,324608
104,52,3072,324608
104,41,5120,324608
18,99,0,325632
18,57,1024,325632
18,95,1024,325632
18,52,2048,325632
18,41,4096,325632
99,57,1024,325632
99,95,1024,325632
99,52,2048,325632
99,41,4096,325632
57,95,0,326656
57,52,1024,326656
57,41,3072,326656
95,52,1024,326656
95,41,3072,326656
52,41,2048,327680
