20,27,6144,2048
20,27,7168,2048
20,27,8192,2048
20,23,13312,2048
20,28,16384,2048
20,28,17408,2048
27,27,1024,8192
27,27,2048,8192
27,23,7168,8192
27,28,10240,8192
27,28,11264,8192
27,31,18432,8192
27,27,1024,9216
27,23,6144,9216
27,28,9216,9216
27,28,10240,9216
27,31,17408,9216
27,23,5120,10240
27,28,8192,10240
27,28,9216,10240
27,31,16384,10240
23,28,3072,15360
23,28,4096,15360
23,31,11264,15360
23,30,17408,15360
28,28,1024,18432
28,31,8192,18432
28,30,14336,18432
28,27,19456,18432
28,28,20480,18432
28,31,7168,19456
28,30,13312,19456
28,27,18432,19456
28,28,19456,19456
28,28,20480,19456
31,30,6144,26624
31,27,11264,26624
31,28,12288,26624
31,28,13312,26624
31,28,14336,26624
31,28,15360,26624
30,27,5120,32768
30,28,6144,32768
30,28,7168,32768
30,28,8192,32768
30,28,9216,32768
30,21,17408,32768
30,23,18432,32768
30,23,19456,32768
30,28,20480,32768
27,28,1024,37888
27,28,2048,37888
27,28,3072,37888
27,28,4096,37888
27,21,12288,37888
27,23,13312,37888
27,23,14336,37888
27,28,15360,37888
27,28,16384,37888
27,28,17408,37888
27,23,18432,37888
27,23,19456,37888
27,23,20480,37888
28,28,1024,38912
28,28,2048,38912
28,28,3072,38912
28,21,11264,38912
28,23,12288,38912
28,23,13312,38912
28,28,14336,38912
28,28,15360,38912
28,28,16384,38912
28,23,17408,38912
28,23,18432,38912
28,23,19456,38912
28,28,1024,39936
28,28,2048,39936
28,21,10240,39936
28,23,11264,39936
28,23,12288,39936
28,28,13312,39936
28,28,14336,39936
28,28,15360,39936
28,23,16384,39936
28,23,17408,39936
28,23,18432,39936
28,28,1024,40960
28,21,9216,40960
28,23,10240,40960
28,23,11264,40960
28,28,12288,40960
28,28,13312,40960
28,28,14336,40960
28,23,15360,40960
28,23,16384,40960
28,23,17408,40960
28,21,8192,41984
28,23,9216,41984
28,23,10240,41984
28,28,11264,41984
28,28,12288,41984
28,28,13312,41984
28,23,14336,41984
28,23,15360,41984
28,23,16384,41984
21,23,1024,50176
21,23,2048,50176
21,28,3072,50176
21,28,4096,50176
21,28,5120,50176
21,23,6144,50176
21,23,7168,50176
21,23,8192,50176
23,23,1024,51200
23,28,2048,51200
23,28,3072,51200
23,28,4096,51200
23,23,5120,51200
23,23,6144,51200
23,23,7168,51200
23,28,1024,52224
23,28,2048,52224
23,28,3072,52224
23,23,4096,52224
23,23,5120,52224
23,23,6144,52224
28,28,1024,53248
28,28,2048,53248
28,23,3072,53248
28,23,4096,53248
28,23,5120,53248
28,28,1024,54272
28,23,2048,54272
28,23,3072,54272
28,23,4096,54272
28,23,1024,55296
28,23,2048,55296
28,23,3072,55296
23,23,1024,56320
23,23,2048,56320
23,23,1024,57344
23,18,20480,58368
18,23,15360,78848
23,30,15360,94208
23,28,16384,94208
23,28,17408,94208
23,28,18432,94208
23,28,19456,94208
23,23,20480,94208
30,28,1024,109568
30,28,2048,109568
30,28,3072,109568
30,28,4096,109568
30,23,5120,109568
30,23,6144,109568
30,23,7168,109568
30,23,8192,109568
30,23,12288,109568
30,23,15360,109568
30,46,15360,109568
30,23,19456,109568
30,23,20480,109568
28,28,1024,110592
28,28,2048,110592
28,28,3072,110592
28,23,4096,110592
28,23,5120,110592
28,23,6144,110592
28,23,7168,110592
28,23,11264,110592
28,23,14336,110592
28,46,14336,110592
28,23,18432,110592
28,23,19456,110592
28,23,20480,110592
28,28,1024,111616
28,28,2048,111616
28,23,3072,111616
28,23,4096,111616
28,23,5120,111616
28,23,6144,111616
28,23,10240,111616
28,23,13312,111616
28,46,13312,111616
28,23,17408,111616
28,23,18432,111616
28,23,19456,111616
28,28,1024,112640
28,23,2048,112640
28,23,3072,112640
28,23,4096,112640
28,23,5120,112640
28,23,9216,112640
28,23,12288,112640
28,46,12288,112640
28,23,16384,112640
28,23,17408,112640
28,23,18432,112640
28,23,1024,113664
28,23,2048,113664
28,23,3072,113664
28,23,4096,113664
28,23,8192,113664
28,23,11264,113664
28,46,11264,113664
28,23,15360,113664
28,23,16384,113664
28,23,17408,113664
28,23,20480,113664
23,23,1024,114688
23,23,2048,114688
23,23,3072,114688
23,23,7168,114688
23,23,10240,114688
23,46,10240,114688
23,23,14336,114688
23,23,15360,114688
23,23,16384,114688
23,23,19456,114688
23,23,20480,114688
23,23,1024,115712
23,23,2048,115712
23,23,6144,115712
23,23,9216,115712
23,46,9216,115712
23,23,13312,115712
23,23,14336,115712
23,23,15360,115712
23,23,18432,115712
23,23,19456,115712
23,23,1024,116736
23,23,5120,116736
23,23,8192,116736
23,46,8192,116736
23,23,12288,116736
23,23,13312,116736
23,23,14336,116736
23,23,17408,116736
23,23,18432,116736
23,23,4096,117760
23,23,7168,117760
23,46,7168,117760
23,23,11264,117760
23,23,12288,117760
23,23,13312,117760
23,23,16384,117760
23,23,17408,117760
23,23,3072,121856
23,46,3072,121856
23,23,7168,121856
23,23,8192,121856
23,23,9216,121856
23,23,12288,121856
23,23,13312,121856
23,35,17408,121856
23,18,19456,121856
23,18,20480,121856
23,46,0,124928
23,23,4096,124928
23,23,5120,124928
23,23,6144,124928
23,23,9216,124928
23,23,10240,124928
23,35,14336,124928
23,18,16384,124928
23,18,17408,124928
23,18,18432,124928
23,18,19456,124928
23,18,20480,124928
46,23,4096,124928
46,23,5120,124928
46,23,6144,124928
46,23,9216,124928
46,23,10240,124928
46,35,14336,124928
46,18,16384,124928
46,18,17408,124928
46,18,18432,124928
46,18,19456,124928
46,18,20480,124928
23,23,1024,129024
23,23,2048,129024
23,23,5120,129024
23,23,6144,129024
23,35,10240,129024
23,18,12288,129024
23,18,13312,129024
23,18,14336,129024
23,18,15360,129024
23,18,16384,129024
23,58,18432,129024
23,62,19456,129024
23,92,19456,129024
23,23,1024,130048
23,23,4096,130048
23,23,5120,130048
23,35,9216,130048
23,18,11264,130048
23,18,12288,130048
23,18,13312,130048
23,18,14336,130048
23,18,15360,130048
23,58,17408,130048
23,62,18432,130048
23,92,18432,130048
23,21,20480,130048
23,94,20480,130048
23,23,3072,131072
23,23,4096,131072
23,35,8192,131072
23,18,10240,131072
23,18,11264,131072
23,18,12288,131072
23,18,13312,131072
23,18,14336,131072
23,58,16384,131072
23,62,17408,131072
23,92,17408,131072
23,21,19456,131072
23,94,19456,131072
23,23,1024,134144
23,35,5120,134144
23,18,7168,134144
23,18,8192,134144
23,18,9216,134144
23,18,10240,134144
23,18,11264,134144
23,58,13312,134144
23,62,14336,134144
23,92,14336,134144
23,21,16384,134144
23,94,16384,134144
23,84,20480,134144
23,35,4096,135168
23,18,6144,135168
23,18,7168,135168
23,18,8192,135168
23,18,9216,135168
23,18,10240,135168
23,58,12288,135168
23,62,13312,135168
23,92,13312,135168
23,21,15360,135168
23,94,15360,135168
23,84,19456,135168
35,18,2048,139264
35,18,3072,139264
35,18,4096,139264
35,18,5120,139264
35,18,6144,139264
35,58,8192,139264
35,62,9216,139264
35,92,9216,139264
35,21,11264,139264
35,94,11264,139264
35,84,15360,139264
35,94,18432,139264
18,18,1024,141312
18,18,2048,141312
18,18,3072,141312
18,18,4096,141312
18,58,6144,141312
18,62,7168,141312
18,92,7168,141312
18,21,9216,141312
18,94,9216,141312
18,84,13312,141312
18,94,16384,141312
18,18,1024,142336
18,18,2048,142336
18,18,3072,142336
18,58,5120,142336
18,62,6144,142336
18,92,6144,142336
18,21,8192,142336
18,94,8192,142336
18,84,12288,142336
18,94,15360,142336
18,18,1024,143360
18,18,2048,143360
18,58,4096,143360
18,62,5120,143360
18,92,5120,143360
18,21,7168,143360
18,94,7168,143360
18,84,11264,143360
18,94,14336,143360
18,18,1024,144384
18,58,3072,144384
18,62,4096,144384
18,92,4096,144384
18,21,6144,144384
18,94,6144,144384
18,84,10240,144384
18,94,13312,144384
18,58,2048,145408
18,62,3072,145408
18,92,3072,145408
18,21,5120,145408
18,94,5120,145408
18,84,9216,145408
18,94,12288,145408
58,62,1024,147456
58,92,1024,147456
58,21,3072,147456
58,94,3072,147456
58,84,7168,147456
58,94,10240,147456
62,92,0,148480
62,21,2048,148480
62,94,2048,148480
62,84,6144,148480
62,94,9216,148480
92,21,2048,148480
92,94,2048,148480
92,84,6144,148480
92,94,9216,148480
21,94,0,150528
21,84,4096,150528
21,94,7168,150528
94,84,4096,150528
94,94,7168,150528
84,94,3072,154624
84,79,17408,154624
84,80,17408,154624
94,79,14336,157696
94,80,14336,157696
94,142,19456,157696
79,80,0,172032
79,142,5120,172032
79,114,8192,172032
80,142,5120,172032
80,114,8192,172032
142,114,3072,177152
20,23,2048,205824
20,23,5120,205824
20,23,6144,205824
20,23,7168,205824
20,23,8192,205824
20,23,9216,205824
20,21,17408,205824
20,60,19456,205824
20,88,20480,205824
23,23,3072,207872
23,23,4096,207872
23,23,5120,207872
23,23,6144,207872
23,23,7168,207872
23,21,15360,207872
23,60,17408,207872
23,88,18432,207872
23,23,1024,210944
23,23,2048,210944
23,23,3072,210944
23,23,4096,210944
23,21,12288,210944
23,60,14336,210944
23,88,15360,210944
23,23,1024,211968
23,23,2048,211968
23,23,3072,211968
23,21,11264,211968
23,60,13312,211968
23,88,14336,211968
23,129,20480,211968
23,23,1024,212992
23,23,2048,212992
23,21,10240,212992
23,60,12288,212992
23,88,13312,212992
23,129,19456,212992
23,131,20480,212992
23,164,20480,212992
23,23,1024,214016
23,21,9216,214016
23,60,11264,214016
23,88,12288,214016
23,129,18432,214016
23,131,19456,214016
23,164,19456,214016
23,21,8192,215040
23,60,10240,215040
23,88,11264,215040
23,129,17408,215040
23,131,18432,215040
23,164,18432,215040
21,60,2048,223232
21,88,3072,223232
21,129,9216,223232
21,131,10240,223232
21,164,10240,223232
21,91,13312,223232
21,126,14336,223232
21,58,16384,223232
21,86,16384,223232
60,88,1024,225280
60,129,7168,225280
60,131,8192,225280
60,164,8192,225280
60,91,11264,225280
60,126,12288,225280
60,58,14336,225280
60,86,14336,225280
88,129,6144,226304
88,131,7168,226304
88,164,7168,226304
88,91,10240,226304
88,126,11264,226304
88,58,13312,226304
88,86,13312,226304
129,131,1024,232448
129,164,1024,232448
129,91,4096,232448
129,126,5120,232448
129,58,7168,232448
129,86,7168,232448
129,86,20480,232448
131,164,0,233472
131,91,3072,233472
131,126,4096,233472
131,58,6144,233472
131,86,6144,233472
131,86,19456,233472
164,91,3072,233472
164,126,4096,233472
164,58,6144,233472
164,86,6144,233472
164,86,19456,233472
91,126,1024,236544
91,58,3072,236544
91,86,3072,236544
91,86,16384,236544
91,112,20480,236544
126,58,2048,237568
126,86,2048,237568
126,86,15360,237568
126,112,19456,237568
58,86,0,239616
58,86,13312,239616
58,112,17408,239616
86,86,13312,239616
86,112,17408,239616
86,112,4096,252928
86,48,9216,252928
112,48,5120,257024
48,23,16384,262144
23,23,6144,278528
23,23,9216,278528
23,23,10240,278528
23,23,11264,278528
23,23,12288,278528
23,23,13312,278528
23,24,14336,278528
23,23,3072,284672
23,23,4096,284672
23,23,5120,284672
23,23,6144,284672
23,23,7168,284672
23,24,8192,284672
23,23,1024,287744
23,23,2048,287744
23,23,3072,287744
23,23,4096,287744
23,24,5120,287744
23,91,18432,287744
23,23,1024,288768
23,23,2048,288768
23,23,3072,288768
23,24,4096,288768
23,91,17408,288768
23,26,20480,288768
23,23,1024,289792
23,23,2048,289792
23,24,3072,289792
23,91,16384,289792
23,26,19456,289792
23,23,1024,290816
23,24,2048,290816
23,91,15360,290816
23,26,18432,290816
23,24,1024,291840
23,91,14336,291840
23,26,17408,291840
24,91,13312,292864
24,26,16384,292864
91,26,3072,306176
91,31,10240,306176
91,61,11264,306176
91,61,12288,306176
91,61,13312,306176
26,31,7168,309248
26,61,8192,309248
26,61,9216,309248
26,61,10240,309248
26,57,19456,309248
26,85,19456,309248
31,61,1024,316416
31,61,2048,316416
31,61,3072,316416
31,57,12288,316416
31,85,12288,316416
61,61,1024,317440
61,61,2048,317440
61,57,11264,317440
61,85,11264,317440
61,61,1024,318464
61,57,10240,318464
61,85,10240,318464
61,57,9216,319488
61,85,9216,319488
57,85,0,328704
