27,27,1024,1024
27,100,3072,1024
27,156,4096,1024
27,109,5120,1024
27,128,7168,1024
27,128,8192,1024
27,158,17408,1024
27,100,18432,1024
27,100,19456,1024
27,100,2048,2048
27,156,3072,2048
27,109,4096,2048
27,128,6144,2048
27,128,7168,2048
27,158,16384,2048
27,100,17408,2048
27,100,18432,2048
27,10,20480,2048
100,156,1024,4096
100,109,2048,4096
100,128,4096,4096
100,128,5120,4096
100,158,14336,4096
100,100,15360,4096
100,100,16384,4096
100,10,18432,4096
100,6,20480,4096
156,109,1024,5120
156,128,3072,5120
156,128,4096,5120
156,158,13312,5120
156,100,14336,5120
156,100,15360,5120
156,10,17408,5120
156,6,19456,5120
109,128,2048,6144
109,128,3072,6144
109,158,12288,6144
109,100,13312,6144
109,100,14336,6144
109,10,16384,6144
109,6,18432,6144
128,128,1024,8192
128,158,10240,8192
128,100,11264,8192
128,100,12288,8192
128,10,14336,8192
128,6,16384,8192
128,158,9216,9216
128,100,10240,9216
128,100,11264,9216
128,10,13312,9216
128,6,15360,9216
158,100,1024,18432
158,100,2048,18432
158,10,4096,18432
158,6,6144,18432
158,37,13312,18432
158,10,14336,18432
158,10,15360,18432
158,10,19456,18432
100,100,1024,19456
100,10,3072,19456
100,6,5120,19456
100,37,12288,19456
100,10,13312,19456
100,10,14336,19456
100,10,18432,19456
100,10,2048,20480
100,6,4096,20480
100,37,11264,20480
100,10,12288,20480
100,10,13312,20480
100,10,17408,20480
10,6,2048,22528
10,37,9216,22528
10,10,10240,22528
10,10,11264,22528
10,10,15360,22528
10,158,19456,22528
10,151,20480,22528
6,37,7168,24576
6,10,8192,24576
6,10,9216,24576
6,10,13312,24576
6,158,17408,24576
6,151,18432,24576
6,161,19456,24576
6,191,20480,24576
37,10,1024,31744
37,10,2048,31744
37,10,6144,31744
37,158,10240,31744
37,151,11264,31744
37,161,12288,31744
37,191,13312,31744
37,108,17408,31744
37,9,18432,31744
37,10,19456,31744
10,10,1024,32768
10,10,5120,32768
10,158,9216,32768
10,151,10240,32768
10,161,11264,32768
10,191,12288,32768
10,108,16384,32768
10,9,17408,32768
10,10,18432,32768
10,10,4096,33792
10,158,8192,33792
10,151,9216,33792
10,161,10240,33792
10,191,11264,33792
10,108,15360,33792
10,9,16384,33792
10,10,17408,33792
10,158,4096,37888
10,151,5120,37888
10,161,6144,37888
10,191,7168,37888
10,108,11264,37888
10,9,12288,37888
10,10,13312,37888
158,151,1024,41984
158,161,2048,41984
158,191,3072,41984
158,108,7168,41984
158,9,8192,41984
158,10,9216,41984
158,14,18432,41984
158,7,19456,41984
158,7,20480,41984
151,161,1024,43008
151,191,2048,43008
151,108,6144,43008
151,9,7168,43008
151,10,8192,43008
151,14,17408,43008
151,7,18432,43008
151,7,19456,43008
151,7,20480,43008
161,191,1024,44032
161,108,5120,44032
161,9,6144,44032
161,10,7168,44032
161,14,16384,44032
161,7,17408,44032
161,7,18432,44032
161,7,19456,44032
161,7,20480,44032
191,108,4096,45056
191,9,5120,45056
191,10,6144,45056
191,14,15360,45056
191,7,16384,45056
191,7,17408,45056
191,7,18432,45056
191,7,19456,45056
108,9,1024,49152
108,10,2048,49152
108,14,11264,49152
108,7,12288,49152
108,7,13312,49152
108,7,14336,49152
108,7,15360,49152
108,152,17408,49152
108,163,18432,49152
108,10,20480,49152
9,10,1024,50176
9,14,10240,50176
9,7,11264,50176
9,7,12288,50176
9,7,13312,50176
9,7,14336,50176
9,152,16384,50176
9,163,17408,50176
9,10,19456,50176
9,163,20480,50176
10,14,9216,51200
10,7,10240,51200
10,7,11264,51200
10,7,12288,51200
10,7,13312,51200
10,152,15360,51200
10,163,16384,51200
10,10,18432,51200
10,163,19456,51200
14,7,1024,60416
14,7,2048,60416
14,7,3072,60416
14,7,4096,60416
14,152,6144,60416
14,163,7168,60416
14,10,9216,60416
14,163,10240,60416
14,134,17408,60416
14,9,18432,60416
7,7,1024,61440
7,7,2048,61440
7,7,3072,61440
7,152,5120,61440
7,163,6144,61440
7,10,8192,61440
7,163,9216,61440
7,134,16384,61440
7,9,17408,61440
7,7,1024,62464
7,7,2048,62464
7,152,4096,62464
7,163,5120,62464
7,10,7168,62464
7,163,8192,62464
7,134,15360,62464
7,9,16384,62464
7,7,1024,63488
7,152,3072,63488
7,163,4096,63488
7,10,6144,63488
7,163,7168,63488
7,134,14336,63488
7,9,15360,63488
7,152,2048,64512
7,163,3072,64512
7,10,5120,64512
7,163,6144,64512
7,134,13312,64512
7,9,14336,64512
152,163,1024,66560
152,10,3072,66560
152,163,4096,66560
152,134,11264,66560
152,9,12288,66560
163,10,2048,67584
163,163,3072,67584
163,134,10240,67584
163,9,11264,67584
10,163,1024,69632
10,134,8192,69632
10,9,9216,69632
163,134,7168,70656
163,9,8192,70656
134,9,1024,77824
134,8,15360,77824
134,8,16384,77824
134,7,19456,77824
9,8,14336,78848
9,8,15360,78848
9,7,18432,78848
8,8,1024,93184
8,7,4096,93184
8,13,8192,93184
8,7,9216,93184
8,7,10240,93184
8,7,11264,93184
8,7,12288,93184
8,11,17408,93184
8,10,18432,93184
8,10,20480,93184
8,7,3072,94208
8,13,7168,94208
8,7,8192,94208
8,7,9216,94208
8,7,10240,94208
8,7,11264,94208
8,11,16384,94208
8,10,17408,94208
8,10,19456,94208
7,13,4096,97280
7,7,5120,97280
7,7,6144,97280
7,7,7168,97280
7,7,8192,97280
7,11,13312,97280
7,10,14336,97280
7,10,16384,97280
7,10,18432,97280
7,39,19456,97280
13,7,1024,101376
13,7,2048,101376
13,7,3072,101376
13,7,4096,101376
13,11,9216,101376
13,10,10240,101376
13,10,12288,101376
13,10,14336,101376
13,39,15360,101376
7,7,1024,102400
7,7,2048,102400
7,7,3072,102400
7,11,8192,102400
7,10,9216,102400
7,10,11264,102400
7,10,13312,102400
7,39,14336,102400
7,7,1024,103424
7,7,2048,103424
7,11,7168,103424
7,10,8192,103424
7,10,10240,103424
7,10,12288,103424
7,39,13312,103424
7,7,1024,104448
7,11,6144,104448
7,10,7168,104448
7,10,9216,104448
7,10,11264,104448
7,39,12288,104448
7,11,20480,104448
7,11,5120,105472
7,10,6144,105472
7,10,8192,105472
7,10,10240,105472
7,39,11264,105472
7,11,19456,105472
7,12,20480,105472
11,10,1024,110592
11,10,3072,110592
11,10,5120,110592
11,39,6144,110592
11,11,14336,110592
11,12,15360,110592
11,3,18432,110592
11,45,19456,110592
10,10,2048,111616
10,10,4096,111616
10,39,5120,111616
10,11,13312,111616
10,12,14336,111616
10,3,17408,111616
10,45,18432,111616
10,10,2048,113664
10,39,3072,113664
10,11,11264,113664
10,12,12288,113664
10,3,15360,113664
10,45,16384,113664
10,39,1024,115712
10,11,9216,115712
10,12,10240,115712
10,3,13312,115712
10,45,14336,115712
39,11,8192,116736
39,12,9216,116736
39,3,12288,116736
39,45,13312,116736
11,12,1024,124928
11,3,4096,124928
11,45,5120,124928
12,3,3072,125952
12,45,4096,125952
3,45,1024,129024
3,12,19456,129024
45,12,18432,130048
12,12,4096,148480
12,86,5120,148480
12,86,1024,152576
12,12,18432,152576
12,6,19456,152576
86,12,17408,153600
86,6,18432,153600
12,6,1024,171008
12,10,9216,171008
12,10,10240,171008
12,10,14336,171008
12,9,18432,171008
12,9,19456,171008
12,47,20480,171008
6,10,8192,172032
6,10,9216,172032
6,10,13312,172032
6,9,17408,172032
6,9,18432,172032
6,47,19456,172032
6,47,20480,172032
10,10,1024,180224
10,10,5120,180224
10,9,9216,180224
10,9,10240,180224
10,47,11264,180224
10,47,12288,180224
10,50,13312,180224
10,74,14336,180224
10,23,16384,180224
10,48,19456,180224
10,48,20480,180224
10,10,4096,181248
10,9,8192,181248
10,9,9216,181248
10,47,10240,181248
10,47,11264,181248
10,50,12288,181248
10,74,13312,181248
10,23,15360,181248
10,48,18432,181248
10,48,19456,181248
10,9,4096,185344
10,9,5120,185344
10,47,6144,185344
10,47,7168,185344
10,50,8192,185344
10,74,9216,185344
10,23,11264,185344
10,48,14336,185344
10,48,15360,185344
10,43,18432,185344
9,9,1024,189440
9,47,2048,189440
9,47,3072,189440
9,50,4096,189440
9,74,5120,189440
9,23,7168,189440
9,48,10240,189440
9,48,11264,189440
9,43,14336,189440
9,7,19456,189440
9,7,20480,189440
9,47,1024,190464
9,47,2048,190464
9,50,3072,190464
9,74,4096,190464
9,23,6144,190464
9,48,9216,190464
9,48,10240,190464
9,43,13312,190464
9,7,18432,190464
9,7,19456,190464
9,7,20480,190464
47,47,1024,191488
47,50,2048,191488
47,74,3072,191488
47,23,5120,191488
47,48,8192,191488
47,48,9216,191488
47,43,12288,191488
47,7,17408,191488
47,7,18432,191488
47,7,19456,191488
47,7,20480,191488
47,50,1024,192512
47,74,2048,192512
47,23,4096,192512
47,48,7168,192512
47,48,8192,192512
47,43,11264,192512
47,7,16384,192512
47,7,17408,192512
47,7,18432,192512
47,7,19456,192512
47,20,20480,192512
50,74,1024,193536
50,23,3072,193536
50,48,6144,193536
50,48,7168,193536
50,43,10240,193536
50,7,15360,193536
50,7,16384,193536
50,7,17408,193536
50,7,18432,193536
50,20,19456,193536
50,7,20480,193536
74,23,2048,194560
74,48,5120,194560
74,48,6144,194560
74,43,9216,194560
74,7,14336,194560
74,7,15360,194560
74,7,16384,194560
74,7,17408,194560
74,20,18432,194560
74,7,19456,194560
23,48,3072,196608
23,48,4096,196608
23,43,7168,196608
23,7,12288,196608
23,7,13312,196608
23,7,14336,196608
23,7,15360,196608
23,20,16384,196608
23,7,17408,196608
48,48,1024,199680
48,43,4096,199680
48,7,9216,199680
48,7,10240,199680
48,7,11264,199680
48,7,12288,199680
48,20,13312,199680
48,7,14336,199680
48,10,18432,199680
48,43,3072,200704
48,7,8192,200704
48,7,9216,200704
48,7,10240,200704
48,7,11264,200704
48,20,12288,200704
48,7,13312,200704
48,10,17408,200704
43,7,5120,203776
43,7,6144,203776
43,7,7168,203776
43,7,8192,203776
43,20,9216,203776
43,7,10240,203776
43,10,14336,203776
43,9,18432,203776
7,7,1024,208896
7,7,2048,208896
7,7,3072,208896
7,20,4096,208896
7,7,5120,208896
7,10,9216,208896
7,9,13312,208896
7,9,18432,208896
7,7,1024,209920
7,7,2048,209920
7,20,3072,209920
7,7,4096,209920
7,10,8192,209920
7,9,12288,209920
7,9,17408,209920
7,7,1024,210944
7,20,2048,210944
7,7,3072,210944
7,10,7168,210944
7,9,11264,210944
7,9,16384,210944
7,20,1024,211968
7,7,2048,211968
7,10,6144,211968
7,9,10240,211968
7,9,15360,211968
20,7,1024,212992
20,10,5120,212992
20,9,9216,212992
20,9,14336,212992
7,10,4096,214016
7,9,8192,214016
7,9,13312,214016
10,9,4096,218112
10,9,9216,218112
9,9,5120,222208
9,6,19456,222208
9,6,14336,227328
9,14,18432,227328
6,14,4096,241664
6,13,7168,241664
6,12,8192,241664
6,6,9216,241664
6,6,10240,241664
6,12,11264,241664
6,11,13312,241664
6,10,17408,241664
6,10,18432,241664
14,13,3072,245760
14,12,4096,245760
14,6,5120,245760
14,6,6144,245760
14,12,7168,245760
14,11,9216,245760
14,10,13312,245760
14,10,14336,245760
14,9,18432,245760
13,12,1024,248832
13,6,2048,248832
13,6,3072,248832
13,12,4096,248832
13,11,6144,248832
13,10,10240,248832
13,10,11264,248832
13,9,15360,248832
12,6,1024,249856
12,6,2048,249856
12,12,3072,249856
12,11,5120,249856
12,10,9216,249856
12,10,10240,249856
12,9,14336,249856
6,6,1024,250880
6,12,2048,250880
6,11,4096,250880
6,10,8192,250880
6,10,9216,250880
6,9,13312,250880
6,12,1024,251904
6,11,3072,251904
6,10,7168,251904
6,10,8192,251904
6,9,12288,251904
12,11,2048,252928
12,10,6144,252928
12,10,7168,252928
12,9,11264,252928
12,9,20480,252928
11,10,4096,254976
11,10,5120,254976
11,9,9216,254976
11,9,18432,254976
11,9,19456,254976
11,9,20480,254976
10,10,1024,259072
10,9,5120,259072
10,9,14336,259072
10,9,15360,259072
10,9,16384,259072
10,44,19456,259072
10,9,4096,260096
10,9,13312,260096
10,9,14336,260096
10,9,15360,260096
10,44,18432,260096
9,9,9216,264192
9,9,10240,264192
9,9,11264,264192
9,44,14336,264192
9,9,1024,273408
9,9,2048,273408
9,44,5120,273408
9,27,14336,273408
9,7,19456,273408
9,7,20480,273408
9,9,1024,274432
9,44,4096,274432
9,27,13312,274432
9,7,18432,274432
9,7,19456,274432
9,7,20480,274432
9,44,3072,275456
9,27,12288,275456
9,7,17408,275456
9,7,18432,275456
9,7,19456,275456
9,7,20480,275456
44,27,9216,278528
44,7,14336,278528
44,7,15360,278528
44,7,16384,278528
44,7,17408,278528
44,7,18432,278528
44,7,19456,278528
27,7,5120,287744
27,7,6144,287744
27,7,7168,287744
27,7,8192,287744
27,7,9216,287744
27,7,10240,287744
27,12,13312,287744
27,90,14336,287744
27,36,16384,287744
7,7,1024,292864
7,7,2048,292864
7,7,3072,292864
7,7,4096,292864
7,7,5120,292864
7,12,8192,292864
7,90,9216,292864
7,36,11264,292864
7,7,1024,293888
7,7,2048,293888
7,7,3072,293888
7,7,4096,293888
7,12,7168,293888
7,90,8192,293888
7,36,10240,293888
7,7,1024,294912
7,7,2048,294912
7,7,3072,294912
7,12,6144,294912
7,90,7168,294912
7,36,9216,294912
7,7,1024,295936
7,7,2048,295936
7,12,5120,295936
7,90,6144,295936
7,36,8192,295936
7,7,1024,296960
7,12,4096,296960
7,90,5120,296960
7,36,7168,296960
7,12,3072,297984
7,90,4096,297984
7,36,6144,297984
7,6,20480,297984
12,90,1024,301056
12,36,3072,301056
12,6,17408,301056
90,36,2048,302080
90,6,16384,302080
90,12,20480,302080
36,6,14336,304128
36,12,18432,304128
36,6,19456,304128
6,12,4096,318464
6,6,5120,318464
12,6,1024,322560
