27,27,1024,10240
27,64,2048,10240
27,64,3072,10240
27,64,8192,10240
27,64,9216,10240
27,64,12288,10240
27,64,1024,11264
27,64,2048,11264
27,64,7168,11264
27,64,8192,11264
27,64,11264,11264
27,27,20480,11264
64,64,1024,12288
64,64,6144,12288
64,64,7168,12288
64,64,10240,12288
64,27,19456,12288
64,64,5120,13312
64,64,6144,13312
64,64,9216,13312
64,27,18432,13312
64,64,1024,18432
64,64,4096,18432
64,27,13312,18432
64,64,3072,19456
64,27,12288,19456
64,27,9216,22528
45,45,1024,54272
45,27,6144,54272
45,27,7168,54272
45,49,12288,54272
45,52,13312,54272
45,25,14336,54272
45,74,15360,54272
45,72,16384,54272
45,49,18432,54272
45,72,19456,54272
45,27,5120,55296
45,27,6144,55296
45,49,11264,55296
45,52,12288,55296
45,25,13312,55296
45,74,14336,55296
45,72,15360,55296
45,49,17408,55296
45,72,18432,55296
45,24,20480,55296
27,27,1024,60416
27,49,6144,60416
27,52,7168,60416
27,25,8192,60416
27,74,9216,60416
27,72,10240,60416
27,49,12288,60416
27,72,13312,60416
27,24,15360,60416
27,48,16384,60416
27,339,17408,60416
27,22,18432,60416
27,49,5120,61440
27,52,6144,61440
27,25,7168,61440
27,74,8192,61440
27,72,9216,61440
27,49,11264,61440
27,72,12288,61440
27,24,14336,61440
27,48,15360,61440
27,339,16384,61440
27,22,17408,61440
27,24,20480,61440
49,52,1024,66560
49,25,2048,66560
49,74,3072,66560
49,72,4096,66560
49,49,6144,66560
49,72,7168,66560
49,24,9216,66560
49,48,10240,66560
49,339,11264,66560
49,22,12288,66560
49,24,15360,66560
52,25,1024,67584
52,74,2048,67584
52,72,3072,67584
52,49,5120,67584
52,72,6144,67584
52,24,8192,67584
52,48,9216,67584
52,339,10240,67584
52,22,11264,67584
52,24,14336,67584
52,43,20480,67584
25,74,1024,68608
25,72,2048,68608
25,49,4096,68608
25,72,5120,68608
25,24,7168,68608
25,48,8192,68608
25,339,9216,68608
25,22,10240,68608
25,24,13312,68608
25,43,19456,68608
25,21,20480,68608
74,72,1024,69632
74,49,3072,69632
74,72,4096,69632
74,24,6144,69632
74,48,7168,69632
74,339,8192,69632
74,22,9216,69632
74,24,12288,69632
74,43,18432,69632
74,21,19456,69632
74,72,20480,69632
72,49,2048,70656
72,72,3072,70656
72,24,5120,70656
72,48,6144,70656
72,339,7168,70656
72,22,8192,70656
72,24,11264,70656
72,43,17408,70656
72,21,18432,70656
72,72,19456,70656
72,71,20480,70656
49,72,1024,72704
49,24,3072,72704
49,48,4096,72704
49,339,5120,72704
49,22,6144,72704
49,24,9216,72704
49,43,15360,72704
49,21,16384,72704
49,72,17408,72704
49,71,18432,72704
49,26,20480,72704
72,24,2048,73728
72,48,3072,73728
72,339,4096,73728
72,22,5120,73728
72,24,8192,73728
72,43,14336,73728
72,21,15360,73728
72,72,16384,73728
72,71,17408,73728
72,26,19456,73728
24,48,1024,75776
24,339,2048,75776
24,22,3072,75776
24,24,6144,75776
24,43,12288,75776
24,21,13312,75776
24,72,14336,75776
24,71,15360,75776
24,26,17408,75776
48,339,1024,76800
48,22,2048,76800
48,24,5120,76800
48,43,11264,76800
48,21,12288,76800
48,72,13312,76800
48,71,14336,76800
48,26,16384,76800
339,22,1024,77824
339,24,4096,77824
339,43,10240,77824
339,21,11264,77824
339,72,12288,77824
339,71,13312,77824
339,26,15360,77824
339,27,20480,77824
22,24,3072,78848
22,43,9216,78848
22,21,10240,78848
22,72,11264,78848
22,71,12288,78848
22,26,14336,78848
22,27,19456,78848
22,27,20480,78848
24,43,6144,81920
24,21,7168,81920
24,72,8192,81920
24,71,9216,81920
24,26,11264,81920
24,27,16384,81920
24,27,17408,81920
24,27,20480,81920
43,21,1024,88064
43,72,2048,88064
43,71,3072,88064
43,26,5120,88064
43,27,10240,88064
43,27,11264,88064
43,27,14336,88064
21,72,1024,89088
21,71,2048,89088
21,26,4096,89088
21,27,9216,89088
21,27,10240,89088
21,27,13312,89088
72,71,1024,90112
72,26,3072,90112
72,27,8192,90112
72,27,9216,90112
72,27,12288,90112
72,27,20480,90112
71,26,2048,91136
71,27,7168,91136
71,27,8192,91136
71,27,11264,91136
71,27,19456,91136
71,27,20480,91136
26,27,5120,93184
26,27,6144,93184
26,27,9216,93184
26,27,17408,93184
26,27,18432,93184
26,27,19456,93184
26,27,20480,93184
27,27,1024,98304
27,27,4096,98304
27,27,12288,98304
27,27,13312,98304
27,27,14336,98304
27,27,15360,98304
27,27,16384,98304
27,27,17408,98304
27,27,18432,98304
27,27,19456,98304
27,27,20480,98304
27,27,3072,99328
27,27,11264,99328
27,27,12288,99328
27,27,13312,99328
27,27,14336,99328
27,27,15360,99328
27,27,16384,99328
27,27,17408,99328
27,27,18432,99328
27,27,19456,99328
27,27,20480,99328
27,27,8192,102400
27,27,9216,102400
27,27,10240,102400
27,27,11264,102400
27,27,12288,102400
27,27,13312,102400
27,27,14336,102400
27,27,15360,102400
27,27,16384,102400
27,27,17408,102400
27,27,1024,110592
27,27,2048,110592
27,27,3072,110592
27,27,4096,110592
27,27,5120,110592
27,27,6144,110592
27,27,7168,110592
27,27,8192,110592
27,27,9216,110592
27,24,14336,110592
27,26,15360,110592
27,24,16384,110592
27,101,17408,110592
27,73,18432,110592
27,27,1024,111616
27,27,2048,111616
27,27,3072,111616
27,27,4096,111616
27,27,5120,111616
27,27,6144,111616
27,27,7168,111616
27,27,8192,111616
27,24,13312,111616
27,26,14336,111616
27,24,15360,111616
27,101,16384,111616
27,73,17408,111616
27,44,18432,111616
27,27,1024,112640
27,27,2048,112640
27,27,3072,112640
27,27,4096,112640
27,27,5120,112640
27,27,6144,112640
27,27,7168,112640
27,24,12288,112640
27,26,13312,112640
27,24,14336,112640
27,101,15360,112640
27,73,16384,112640
27,44,17408,112640
27,21,18432,112640
27,27,1024,113664
27,27,2048,113664
27,27,3072,113664
27,27,4096,113664
27,27,5120,113664
27,27,6144,113664
27,24,11264,113664
27,26,12288,113664
27,24,13312,113664
27,101,14336,113664
27,73,15360,113664
27,44,16384,113664
27,21,17408,113664
27,22,18432,113664
27,27,1024,114688
27,27,2048,114688
27,27,3072,114688
27,27,4096,114688
27,27,5120,114688
27,24,10240,114688
27,26,11264,114688
27,24,12288,114688
27,101,13312,114688
27,73,14336,114688
27,44,15360,114688
27,21,16384,114688
27,22,17408,114688
27,24,18432,114688
27,27,1024,115712
27,27,2048,115712
27,27,3072,115712
27,27,4096,115712
27,24,9216,115712
27,26,10240,115712
27,24,11264,115712
27,101,12288,115712
27,73,13312,115712
27,44,14336,115712
27,21,15360,115712
27,22,16384,115712
27,24,17408,115712
27,26,18432,115712
27,27,1024,116736
27,27,2048,116736
27,27,3072,116736
27,24,8192,116736
27,26,9216,116736
27,24,10240,116736
27,101,11264,116736
27,73,12288,116736
27,44,13312,116736
27,21,14336,116736
27,22,15360,116736
27,24,16384,116736
27,26,17408,116736
27,26,18432,116736
27,27,1024,117760
27,27,2048,117760
27,24,7168,117760
27,26,8192,117760
27,24,9216,117760
27,101,10240,117760
27,73,11264,117760
27,44,12288,117760
27,21,13312,117760
27,22,14336,117760
27,24,15360,117760
27,26,16384,117760
27,26,17408,117760
27,24,18432,117760
27,27,1024,118784
27,24,6144,118784
27,26,7168,118784
27,24,8192,118784
27,101,9216,118784
27,73,10240,118784
27,44,11264,118784
27,21,12288,118784
27,22,13312,118784
27,24,14336,118784
27,26,15360,118784
27,26,16384,118784
27,24,17408,118784
27,21,18432,118784
27,24,5120,119808
27,26,6144,119808
27,24,7168,119808
27,101,8192,119808
27,73,9216,119808
27,44,10240,119808
27,21,11264,119808
27,22,12288,119808
27,24,13312,119808
27,26,14336,119808
27,26,15360,119808
27,24,16384,119808
27,21,17408,119808
27,20,18432,119808
24,26,1024,124928
24,24,2048,124928
24,101,3072,124928
24,73,4096,124928
24,44,5120,124928
24,21,6144,124928
24,22,7168,124928
24,24,8192,124928
24,26,9216,124928
24,26,10240,124928
24,24,11264,124928
24,21,12288,124928
24,20,13312,124928
24,19,14336,124928
26,24,1024,125952
26,101,2048,125952
26,73,3072,125952
26,44,4096,125952
26,21,5120,125952
26,22,6144,125952
26,24,7168,125952
26,26,8192,125952
26,26,9216,125952
26,24,10240,125952
26,21,11264,125952
26,20,12288,125952
26,19,13312,125952
24,101,1024,126976
24,73,2048,126976
24,44,3072,126976
24,21,4096,126976
24,22,5120,126976
24,24,6144,126976
24,26,7168,126976
24,26,8192,126976
24,24,9216,126976
24,21,10240,126976
24,20,11264,126976
24,19,12288,126976
101,73,1024,128000
101,44,2048,128000
101,21,3072,128000
101,22,4096,128000
101,24,5120,128000
101,26,6144,128000
101,26,7168,128000
101,24,8192,128000
101,21,9216,128000
101,20,10240,128000
101,19,11264,128000
73,44,1024,129024
73,21,2048,129024
73,22,3072,129024
73,24,4096,129024
73,26,5120,129024
73,26,6144,129024
73,24,7168,129024
73,21,8192,129024
73,20,9216,129024
73,19,10240,129024
44,21,1024,130048
44,22,2048,130048
44,24,3072,130048
44,26,4096,130048
44,26,5120,130048
44,24,6144,130048
44,21,7168,130048
44,20,8192,130048
44,19,9216,130048
21,22,1024,131072
21,24,2048,131072
21,26,3072,131072
21,26,4096,131072
21,24,5120,131072
21,21,6144,131072
21,20,7168,131072
21,19,8192,131072
22,24,1024,132096
22,26,2048,132096
22,26,3072,132096
22,24,4096,132096
22,21,5120,132096
22,20,6144,132096
22,19,7168,132096
24,26,1024,133120
24,26,2048,133120
24,24,3072,133120
24,21,4096,133120
24,20,5120,133120
24,19,6144,133120
26,26,1024,134144
26,24,2048,134144
26,21,3072,134144
26,20,4096,134144
26,19,5120,134144
26,24,1024,135168
26,21,2048,135168
26,20,3072,135168
26,19,4096,135168
24,21,1024,136192
24,20,2048,136192
24,19,3072,136192
21,20,1024,137216
21,19,2048,137216
20,19,1024,138240
27,65,2048,165888
27,64,6144,165888
27,64,11264,165888
65,64,4096,167936
65,64,9216,167936
65,27,20480,167936
64,64,5120,172032
64,27,16384,172032
64,27,20480,172032
64,27,11264,177152
64,27,15360,177152
64,27,16384,177152
64,27,17408,177152
64,27,18432,177152
64,27,19456,177152
64,27,20480,177152
27,27,4096,188416
27,27,5120,188416
27,27,6144,188416
27,27,7168,188416
27,27,8192,188416
27,27,9216,188416
27,27,10240,188416
27,27,11264,188416
27,27,12288,188416
27,27,14336,188416
27,27,17408,188416
27,27,18432,188416
27,27,19456,188416
27,27,1024,192512
27,27,2048,192512
27,27,3072,192512
27,27,4096,192512
27,27,5120,192512
27,27,6144,192512
27,27,7168,192512
27,27,8192,192512
27,27,10240,192512
27,27,13312,192512
27,27,14336,192512
27,27,15360,192512
27,27,1024,193536
27,27,2048,193536
27,27,3072,193536
27,27,4096,193536
27,27,5120,193536
27,27,6144,193536
27,27,7168,193536
27,27,9216,193536
27,27,12288,193536
27,27,13312,193536
27,27,14336,193536
27,27,20480,193536
27,27,1024,194560
27,27,2048,194560
27,27,3072,194560
27,27,4096,194560
27,27,5120,194560
27,27,6144,194560
27,27,8192,194560
27,27,11264,194560
27,27,12288,194560
27,27,13312,194560
27,27,19456,194560
27,27,1024,195584
27,27,2048,195584
27,27,3072,195584
27,27,4096,195584
27,27,5120,195584
27,27,7168,195584
27,27,10240,195584
27,27,11264,195584
27,27,12288,195584
27,27,18432,195584
27,27,20480,195584
27,27,1024,196608
27,27,2048,196608
27,27,3072,196608
27,27,4096,196608
27,27,6144,196608
27,27,9216,196608
27,27,10240,196608
27,27,11264,196608
27,27,17408,196608
27,27,19456,196608
27,27,20480,196608
27,27,1024,197632
27,27,2048,197632
27,27,3072,197632
27,27,5120,197632
27,27,8192,197632
27,27,9216,197632
27,27,10240,197632
27,27,16384,197632
27,27,18432,197632
27,27,19456,197632
27,27,20480,197632
27,27,1024,198656
27,27,2048,198656
27,27,4096,198656
27,27,7168,198656
27,27,8192,198656
27,27,9216,198656
27,27,15360,198656
27,27,17408,198656
27,27,18432,198656
27,27,19456,198656
27,27,1024,199680
27,27,3072,199680
27,27,6144,199680
27,27,7168,199680
27,27,8192,199680
27,27,14336,199680
27,27,16384,199680
27,27,17408,199680
27,27,18432,199680
27,27,2048,200704
27,27,5120,200704
27,27,6144,200704
27,27,7168,200704
27,27,13312,200704
27,27,15360,200704
27,27,16384,200704
27,27,17408,200704
27,27,3072,202752
27,27,4096,202752
27,27,5120,202752
27,27,11264,202752
27,27,13312,202752
27,27,14336,202752
27,27,15360,202752
27,27,1024,205824
27,27,2048,205824
27,27,8192,205824
27,27,10240,205824
27,27,11264,205824
27,27,12288,205824
27,27,1024,206848
27,27,7168,206848
27,27,9216,206848
27,27,10240,206848
27,27,11264,206848
27,27,6144,207872
27,27,8192,207872
27,27,9216,207872
27,27,10240,207872
27,27,2048,214016
27,27,3072,214016
27,27,4096,214016
27,43,17408,214016
27,53,18432,214016
27,50,20480,214016
27,27,1024,216064
27,27,2048,216064
27,43,15360,216064
27,53,16384,216064
27,50,18432,216064
27,21,19456,216064
27,20,20480,216064
27,27,1024,217088
27,43,14336,217088
27,53,15360,217088
27,50,17408,217088
27,21,18432,217088
27,20,19456,217088
27,43,13312,218112
27,53,14336,218112
27,50,16384,218112
27,21,17408,218112
27,20,18432,218112
27,49,20480,218112
43,53,1024,231424
43,50,3072,231424
43,21,4096,231424
43,20,5120,231424
43,49,7168,231424
43,148,8192,231424
43,50,9216,231424
43,26,10240,231424
43,67,13312,231424
43,71,14336,231424
43,36,19456,231424
43,37,20480,231424
53,50,2048,232448
53,21,3072,232448
53,20,4096,232448
53,49,6144,232448
53,148,7168,232448
53,50,8192,232448
53,26,9216,232448
53,67,12288,232448
53,71,13312,232448
53,36,18432,232448
53,37,19456,232448
50,21,1024,234496
50,20,2048,234496
50,49,4096,234496
50,148,5120,234496
50,50,6144,234496
50,26,7168,234496
50,67,10240,234496
50,71,11264,234496
50,36,16384,234496
50,37,17408,234496
50,35,19456,234496
50,34,20480,234496
21,20,1024,235520
21,49,3072,235520
21,148,4096,235520
21,50,5120,235520
21,26,6144,235520
21,67,9216,235520
21,71,10240,235520
21,36,15360,235520
21,37,16384,235520
21,35,18432,235520
21,34,19456,235520
20,49,2048,236544
20,148,3072,236544
20,50,4096,236544
20,26,5120,236544
20,67,8192,236544
20,71,9216,236544
20,36,14336,236544
20,37,15360,236544
20,35,17408,236544
20,34,18432,236544
49,148,1024,238592
49,50,2048,238592
49,26,3072,238592
49,67,6144,238592
49,71,7168,238592
49,36,12288,238592
49,37,13312,238592
49,35,15360,238592
49,34,16384,238592
49,68,19456,238592
148,50,1024,239616
148,26,2048,239616
148,67,5120,239616
148,71,6144,239616
148,36,11264,239616
148,37,12288,239616
148,35,14336,239616
148,34,15360,239616
148,68,18432,239616
50,26,1024,240640
50,67,4096,240640
50,71,5120,240640
50,36,10240,240640
50,37,11264,240640
50,35,13312,240640
50,34,14336,240640
50,68,17408,240640
26,67,3072,241664
26,71,4096,241664
26,36,9216,241664
26,37,10240,241664
26,35,12288,241664
26,34,13312,241664
26,68,16384,241664
67,71,1024,244736
67,36,6144,244736
67,37,7168,244736
67,35,9216,244736
67,34,10240,244736
67,68,13312,244736
71,36,5120,245760
71,37,6144,245760
71,35,8192,245760
71,34,9216,245760
71,68,12288,245760
36,37,1024,250880
36,35,3072,250880
36,34,4096,250880
36,68,7168,250880
37,35,2048,251904
37,34,3072,251904
37,68,6144,251904
35,34,1024,253952
35,68,4096,253952
35,27,20480,253952
34,68,3072,254976
34,27,19456,254976
68,27,16384,258048
68,27,19456,258048
27,27,3072,274432
27,80,9216,274432
27,27,15360,274432
27,80,18432,274432
27,80,6144,277504
27,27,12288,277504
27,80,15360,277504
27,64,20480,277504
80,27,6144,283648
80,80,9216,283648
80,64,14336,283648
80,64,15360,283648
27,80,3072,289792
27,64,8192,289792
27,64,9216,289792
27,53,17408,289792
27,27,18432,289792
80,64,5120,292864
80,64,6144,292864
80,53,14336,292864
80,27,15360,292864
80,27,18432,292864
80,27,19456,292864
64,64,1024,297984
64,53,9216,297984
64,27,10240,297984
64,27,13312,297984
64,27,14336,297984
64,27,19456,297984
64,27,20480,297984
64,53,8192,299008
64,27,9216,299008
64,27,12288,299008
64,27,13312,299008
64,27,18432,299008
64,27,19456,299008
64,27,20480,299008
53,27,1024,307200
53,27,4096,307200
53,27,5120,307200
53,27,10240,307200
53,27,11264,307200
53,27,12288,307200
53,72,13312,307200
53,27,14336,307200
53,27,15360,307200
53,27,16384,307200
53,27,17408,307200
27,27,3072,308224
27,27,4096,308224
27,27,9216,308224
27,27,10240,308224
27,27,11264,308224
27,72,12288,308224
27,27,13312,308224
27,27,14336,308224
27,27,15360,308224
27,27,16384,308224
27,27,1024,311296
27,27,6144,311296
27,27,7168,311296
27,27,8192,311296
27,72,9216,311296
27,27,10240,311296
27,27,11264,311296
27,27,12288,311296
27,27,13312,311296
27,27,5120,312320
27,27,6144,312320
27,27,7168,312320
27,72,8192,312320
27,27,9216,312320
27,27,10240,312320
27,27,11264,312320
27,27,12288,312320
27,27,1024,317440
27,27,2048,317440
27,72,3072,317440
27,27,4096,317440
27,27,5120,317440
27,27,6144,317440
27,27,7168,317440
27,27,1024,318464
27,72,2048,318464
27,27,3072,318464
27,27,4096,318464
27,27,5120,318464
27,27,6144,318464
27,72,1024,319488
27,27,2048,319488
27,27,3072,319488
27,27,4096,319488
27,27,5120,319488
72,27,1024,320512
72,27,2048,320512
72,27,3072,320512
72,27,4096,320512
27,27,1024,321536
27,27,2048,321536
27,27,3072,321536
27,27,1024,322560
27,27,2048,322560
27,27,1024,323584
