22,21,1024,0
22,85,2048,0
22,50,3072,0
22,52,4096,0
22,60,5120,0
22,116,6144,0
22,57,9216,0
22,60,10240,0
22,55,11264,0
22,59,12288,0
22,60,13312,0
22,42,17408,0
22,89,19456,0
22,110,20480,0
21,85,1024,1024
21,50,2048,1024
21,52,3072,1024
21,60,4096,1024
21,116,5120,1024
21,57,8192,1024
21,60,9216,1024
21,55,10240,1024
21,59,11264,1024
21,60,12288,1024
21,42,16384,1024
21,89,18432,1024
21,110,19456,1024
21,57,20480,1024
85,50,1024,2048
85,52,2048,2048
85,60,3072,2048
85,116,4096,2048
85,57,7168,2048
85,60,8192,2048
85,55,9216,2048
85,59,10240,2048
85,60,11264,2048
85,42,15360,2048
85,89,17408,2048
85,110,18432,2048
85,57,19456,2048
50,52,1024,3072
50,60,2048,3072
50,116,3072,3072
50,57,6144,3072
50,60,7168,3072
50,55,8192,3072
50,59,9216,3072
50,60,10240,3072
50,42,14336,3072
50,89,16384,3072
50,110,17408,3072
50,57,18432,3072
50,52,20480,3072
52,60,1024,4096
52,116,2048,4096
52,57,5120,4096
52,60,6144,4096
52,55,7168,4096
52,59,8192,4096
52,60,9216,4096
52,42,13312,4096
52,89,15360,4096
52,110,16384,4096
52,57,17408,4096
52,52,19456,4096
60,116,1024,5120
60,57,4096,5120
60,60,5120,5120
60,55,6144,5120
60,59,7168,5120
60,60,8192,5120
60,42,12288,5120
60,89,14336,5120
60,110,15360,5120
60,57,16384,5120
60,52,18432,5120
60,224,20480,5120
116,57,3072,6144
116,60,4096,6144
116,55,5120,6144
116,59,6144,6144
116,60,7168,6144
116,42,11264,6144
116,89,13312,6144
116,110,14336,6144
116,57,15360,6144
116,52,17408,6144
116,224,19456,6144
116,117,20480,6144
57,60,1024,9216
57,55,2048,9216
57,59,3072,9216
57,60,4096,9216
57,42,8192,9216
57,89,10240,9216
57,110,11264,9216
57,57,12288,9216
57,52,14336,9216
57,224,16384,9216
57,117,17408,9216
57,124,18432,9216
57,51,19456,9216
57,105,20480,9216
60,55,1024,10240
60,59,2048,10240
60,60,3072,10240
60,42,7168,10240
60,89,9216,10240
60,110,10240,10240
60,57,11264,10240
60,52,13312,10240
60,224,15360,10240
60,117,16384,10240
60,124,17408,10240
60,51,18432,10240
60,105,19456,10240
60,43,20480,10240
55,59,1024,11264
55,60,2048,11264
55,42,6144,11264
55,89,8192,11264
55,110,9216,11264
55,57,10240,11264
55,52,12288,11264
55,224,14336,11264
55,117,15360,11264
55,124,16384,11264
55,51,17408,11264
55,105,18432,11264
55,43,19456,11264
59,60,1024,12288
59,42,5120,12288
59,89,7168,12288
59,110,8192,12288
59,57,9216,12288
59,52,11264,12288
59,224,13312,12288
59,117,14336,12288
59,124,15360,12288
59,51,16384,12288
59,105,17408,12288
59,43,18432,12288
59,22,20480,12288
60,42,4096,13312
60,89,6144,13312
60,110,7168,13312
60,57,8192,13312
60,52,10240,13312
60,224,12288,13312
60,117,13312,13312
60,124,14336,13312
60,51,15360,13312
60,105,16384,13312
60,43,17408,13312
60,22,19456,13312
42,89,2048,17408
42,110,3072,17408
42,57,4096,17408
42,52,6144,17408
42,224,8192,17408
42,117,9216,17408
42,124,10240,17408
42,51,11264,17408
42,105,12288,17408
42,43,13312,17408
42,22,15360,17408
42,44,18432,17408
42,43,19456,17408
42,42,20480,17408
89,110,1024,19456
89,57,2048,19456
89,52,4096,19456
89,224,6144,19456
89,117,7168,19456
89,124,8192,19456
89,51,9216,19456
89,105,10240,19456
89,43,11264,19456
89,22,13312,19456
89,44,16384,19456
89,43,17408,19456
89,42,18432,19456
89,43,20480,19456
110,57,1024,20480
110,52,3072,20480
110,224,5120,20480
110,117,6144,20480
110,124,7168,20480
110,51,8192,20480
110,105,9216,20480
110,43,10240,20480
110,22,12288,20480
110,44,15360,20480
110,43,16384,20480
110,42,17408,20480
110,43,19456,20480
110,44,20480,20480
57,52,2048,21504
57,224,4096,21504
57,117,5120,21504
57,124,6144,21504
57,51,7168,21504
57,105,8192,21504
57,43,9216,21504
57,22,11264,21504
57,44,14336,21504
57,43,15360,21504
57,42,16384,21504
57,43,18432,21504
57,44,19456,21504
57,40,20480,21504
52,224,2048,23552
52,117,3072,23552
52,124,4096,23552
52,51,5120,23552
52,105,6144,23552
52,43,7168,23552
52,22,9216,23552
52,44,12288,23552
52,43,13312,23552
52,42,14336,23552
52,43,16384,23552
52,44,17408,23552
52,40,18432,23552
52,44,19456,23552
224,117,1024,25600
224,124,2048,25600
224,51,3072,25600
224,105,4096,25600
224,43,5120,25600
224,22,7168,25600
224,44,10240,25600
224,43,11264,25600
224,42,12288,25600
224,43,14336,25600
224,44,15360,25600
224,40,16384,25600
224,44,17408,25600
224,42,18432,25600
117,124,1024,26624
117,51,2048,26624
117,105,3072,26624
117,43,4096,26624
117,22,6144,26624
117,44,9216,26624
117,43,10240,26624
117,42,11264,26624
117,43,13312,26624
117,44,14336,26624
117,40,15360,26624
117,44,16384,26624
117,42,17408,26624
117,43,20480,26624
124,51,1024,27648
124,105,2048,27648
124,43,3072,27648
124,22,5120,27648
124,44,8192,27648
124,43,9216,27648
124,42,10240,27648
124,43,12288,27648
124,44,13312,27648
124,40,14336,27648
124,44,15360,27648
124,42,16384,27648
124,43,19456,27648
51,105,1024,28672
51,43,2048,28672
51,22,4096,28672
51,44,7168,28672
51,43,8192,28672
51,42,9216,28672
51,43,11264,28672
51,44,12288,28672
51,40,13312,28672
51,44,14336,28672
51,42,15360,28672
51,43,18432,28672
51,50,20480,28672
105,43,1024,29696
105,22,3072,29696
105,44,6144,29696
105,43,7168,29696
105,42,8192,29696
105,43,10240,29696
105,44,11264,29696
105,40,12288,29696
105,44,13312,29696
105,42,14336,29696
105,43,17408,29696
105,50,19456,29696
43,22,2048,30720
43,44,5120,30720
43,43,6144,30720
43,42,7168,30720
43,43,9216,30720
43,44,10240,30720
43,40,11264,30720
43,44,12288,30720
43,42,13312,30720
43,43,16384,30720
43,50,18432,30720
22,44,3072,32768
22,43,4096,32768
22,42,5120,32768
22,43,7168,32768
22,44,8192,32768
22,40,9216,32768
22,44,10240,32768
22,42,11264,32768
22,43,14336,32768
22,50,16384,32768
44,43,1024,35840
44,42,2048,35840
44,43,4096,35840
44,44,5120,35840
44,40,6144,35840
44,44,7168,35840
44,42,8192,35840
44,43,11264,35840
44,50,13312,35840
44,40,19456,35840
44,43,20480,35840
43,42,1024,36864
43,43,3072,36864
43,44,4096,36864
43,40,5120,36864
43,44,6144,36864
43,42,7168,36864
43,43,10240,36864
43,50,12288,36864
43,40,18432,36864
43,43,19456,36864
42,43,2048,37888
42,44,3072,37888
42,40,4096,37888
42,44,5120,37888
42,42,6144,37888
42,43,9216,37888
42,50,11264,37888
42,40,17408,37888
42,43,18432,37888
43,44,1024,39936
43,40,2048,39936
43,44,3072,39936
43,42,4096,39936
43,43,7168,39936
43,50,9216,39936
43,40,15360,39936
43,43,16384,39936
43,43,20480,39936
44,40,1024,40960
44,44,2048,40960
44,42,3072,40960
44,43,6144,40960
44,50,8192,40960
44,40,14336,40960
44,43,15360,40960
44,43,19456,40960
40,44,1024,41984
40,42,2048,41984
40,43,5120,41984
40,50,7168,41984
40,40,13312,41984
40,43,14336,41984
40,43,18432,41984
44,42,1024,43008
44,43,4096,43008
44,50,6144,43008
44,40,12288,43008
44,43,13312,43008
44,43,17408,43008
42,43,3072,44032
42,50,5120,44032
42,40,11264,44032
42,43,12288,44032
42,43,16384,44032
43,50,2048,47104
43,40,8192,47104
43,43,9216,47104
43,43,13312,47104
50,40,6144,49152
50,43,7168,49152
50,43,11264,49152
50,40,19456,49152
50,42,20480,49152
40,43,1024,55296
40,43,5120,55296
40,40,13312,55296
40,42,14336,55296
43,43,4096,56320
43,40,12288,56320
43,42,13312,56320
43,40,20480,56320
43,40,8192,60416
43,42,9216,60416
43,40,16384,60416
43,42,18432,60416
43,43,19456,60416
43,44,20480,60416
40,42,1024,68608
40,40,8192,68608
40,42,10240,68608
40,43,11264,68608
40,44,12288,68608
40,42,13312,68608
40,42,14336,68608
40,86,17408,68608
40,85,18432,68608
40,84,19456,68608
42,40,7168,69632
42,42,9216,69632
42,43,10240,69632
42,44,11264,69632
42,42,12288,69632
42,42,13312,69632
42,86,16384,69632
42,85,17408,69632
42,84,18432,69632
40,42,2048,76800
40,43,3072,76800
40,44,4096,76800
40,42,5120,76800
40,42,6144,76800
40,86,9216,76800
40,85,10240,76800
40,84,11264,76800
40,39,14336,76800
40,41,15360,76800
40,127,16384,76800
40,42,17408,76800
40,39,20480,76800
42,43,1024,78848
42,44,2048,78848
42,42,3072,78848
42,42,4096,78848
42,86,7168,78848
42,85,8192,78848
42,84,9216,78848
42,39,12288,78848
42,41,13312,78848
42,127,14336,78848
42,42,15360,78848
42,39,18432,78848
42,43,19456,78848
42,42,20480,78848
43,44,1024,79872
43,42,2048,79872
43,42,3072,79872
43,86,6144,79872
43,85,7168,79872
43,84,8192,79872
43,39,11264,79872
43,41,12288,79872
43,127,13312,79872
43,42,14336,79872
43,39,17408,79872
43,43,18432,79872
43,42,19456,79872
44,42,1024,80896
44,42,2048,80896
44,86,5120,80896
44,85,6144,80896
44,84,7168,80896
44,39,10240,80896
44,41,11264,80896
44,127,12288,80896
44,42,13312,80896
44,39,16384,80896
44,43,17408,80896
44,42,18432,80896
42,42,1024,81920
42,86,4096,81920
42,85,5120,81920
42,84,6144,81920
42,39,9216,81920
42,41,10240,81920
42,127,11264,81920
42,42,12288,81920
42,39,15360,81920
42,43,16384,81920
42,42,17408,81920
42,62,20480,81920
42,86,3072,82944
42,85,4096,82944
42,84,5120,82944
42,39,8192,82944
42,41,9216,82944
42,127,10240,82944
42,42,11264,82944
42,39,14336,82944
42,43,15360,82944
42,42,16384,82944
42,62,19456,82944
86,85,1024,86016
86,84,2048,86016
86,39,5120,86016
86,41,6144,86016
86,127,7168,86016
86,42,8192,86016
86,39,11264,86016
86,43,12288,86016
86,42,13312,86016
86,62,16384,86016
86,50,20480,86016
85,84,1024,87040
85,39,4096,87040
85,41,5120,87040
85,127,6144,87040
85,42,7168,87040
85,39,10240,87040
85,43,11264,87040
85,42,12288,87040
85,62,15360,87040
85,50,19456,87040
84,39,3072,88064
84,41,4096,88064
84,127,5120,88064
84,42,6144,88064
84,39,9216,88064
84,43,10240,88064
84,42,11264,88064
84,62,14336,88064
84,50,18432,88064
39,41,1024,91136
39,127,2048,91136
39,42,3072,91136
39,39,6144,91136
39,43,7168,91136
39,42,8192,91136
39,62,11264,91136
39,50,15360,91136
41,127,1024,92160
41,42,2048,92160
41,39,5120,92160
41,43,6144,92160
41,42,7168,92160
41,62,10240,92160
41,50,14336,92160
127,42,1024,93184
127,39,4096,93184
127,43,5120,93184
127,42,6144,93184
127,62,9216,93184
127,50,13312,93184
127,43,20480,93184
42,39,3072,94208
42,43,4096,94208
42,42,5120,94208
42,62,8192,94208
42,50,12288,94208
42,43,19456,94208
39,43,1024,97280
39,42,2048,97280
39,62,5120,97280
39,50,9216,97280
39,43,16384,97280
39,43,20480,97280
43,42,1024,98304
43,62,4096,98304
43,50,8192,98304
43,43,15360,98304
43,43,19456,98304
42,62,3072,99328
42,50,7168,99328
42,43,14336,99328
42,43,18432,99328
62,50,4096,102400
62,43,11264,102400
62,43,15360,102400
62,42,20480,102400
50,43,7168,106496
50,43,11264,106496
50,42,16384,106496
50,43,17408,106496
50,42,19456,106496
50,43,20480,106496
43,43,4096,113664
43,42,9216,113664
43,43,10240,113664
43,42,12288,113664
43,43,13312,113664
43,21,15360,113664
43,63,18432,113664
43,42,20480,113664
43,42,5120,117760
43,43,6144,117760
43,42,8192,117760
43,43,9216,117760
43,21,11264,117760
43,63,14336,117760
43,42,16384,117760
43,42,18432,117760
43,41,19456,117760
43,42,20480,117760
42,43,1024,122880
42,42,3072,122880
42,43,4096,122880
42,21,6144,122880
42,63,9216,122880
42,42,11264,122880
42,42,13312,122880
42,41,14336,122880
42,42,15360,122880
42,43,16384,122880
42,44,17408,122880
42,52,18432,122880
42,84,20480,122880
43,42,2048,123904
43,43,3072,123904
43,21,5120,123904
43,63,8192,123904
43,42,10240,123904
43,42,12288,123904
43,41,13312,123904
43,42,14336,123904
43,43,15360,123904
43,44,16384,123904
43,52,17408,123904
43,84,19456,123904
42,43,1024,125952
42,21,3072,125952
42,63,6144,125952
42,42,8192,125952
42,42,10240,125952
42,41,11264,125952
42,42,12288,125952
42,43,13312,125952
42,44,14336,125952
42,52,15360,125952
42,84,17408,125952
43,21,2048,126976
43,63,5120,126976
43,42,7168,126976
43,42,9216,126976
43,41,10240,126976
43,42,11264,126976
43,43,12288,126976
43,44,13312,126976
43,52,14336,126976
43,84,16384,126976
43,38,20480,126976
21,63,3072,129024
21,42,5120,129024
21,42,7168,129024
21,41,8192,129024
21,42,9216,129024
21,43,10240,129024
21,44,11264,129024
21,52,12288,129024
21,84,14336,129024
21,38,18432,129024
21,41,19456,129024
21,42,20480,129024
63,42,2048,132096
63,42,4096,132096
63,41,5120,132096
63,42,6144,132096
63,43,7168,132096
63,44,8192,132096
63,52,9216,132096
63,84,11264,132096
63,38,15360,132096
63,41,16384,132096
63,42,17408,132096
63,41,18432,132096
42,42,2048,134144
42,41,3072,134144
42,42,4096,134144
42,43,5120,134144
42,44,6144,134144
42,52,7168,134144
42,84,9216,134144
42,38,13312,134144
42,41,14336,134144
42,42,15360,134144
42,41,16384,134144
42,39,19456,134144
42,42,20480,134144
42,41,1024,136192
42,42,2048,136192
42,43,3072,136192
42,44,4096,136192
42,52,5120,136192
42,84,7168,136192
42,38,11264,136192
42,41,12288,136192
42,42,13312,136192
42,41,14336,136192
42,39,17408,136192
42,42,18432,136192
42,42,19456,136192
41,42,1024,137216
41,43,2048,137216
41,44,3072,137216
41,52,4096,137216
41,84,6144,137216
41,38,10240,137216
41,41,11264,137216
41,42,12288,137216
41,41,13312,137216
41,39,16384,137216
41,42,17408,137216
41,42,18432,137216
42,43,1024,138240
42,44,2048,138240
42,52,3072,138240
42,84,5120,138240
42,38,9216,138240
42,41,10240,138240
42,42,11264,138240
42,41,12288,138240
42,39,15360,138240
42,42,16384,138240
42,42,17408,138240
42,62,20480,138240
43,44,1024,139264
43,52,2048,139264
43,84,4096,139264
43,38,8192,139264
43,41,9216,139264
43,42,10240,139264
43,41,11264,139264
43,39,14336,139264
43,42,15360,139264
43,42,16384,139264
43,62,19456,139264
44,52,1024,140288
44,84,3072,140288
44,38,7168,140288
44,41,8192,140288
44,42,9216,140288
44,41,10240,140288
44,39,13312,140288
44,42,14336,140288
44,42,15360,140288
44,62,18432,140288
52,84,2048,141312
52,38,6144,141312
52,41,7168,141312
52,42,8192,141312
52,41,9216,141312
52,39,12288,141312
52,42,13312,141312
52,42,14336,141312
52,62,17408,141312
84,38,4096,143360
84,41,5120,143360
84,42,6144,143360
84,41,7168,143360
84,39,10240,143360
84,42,11264,143360
84,42,12288,143360
84,62,15360,143360
84,49,19456,143360
38,41,1024,147456
38,42,2048,147456
38,41,3072,147456
38,39,6144,147456
38,42,7168,147456
38,42,8192,147456
38,62,11264,147456
38,49,15360,147456
41,42,1024,148480
41,41,2048,148480
41,39,5120,148480
41,42,6144,148480
41,42,7168,148480
41,62,10240,148480
41,49,14336,148480
42,41,1024,149504
42,39,4096,149504
42,42,5120,149504
42,42,6144,149504
42,62,9216,149504
42,49,13312,149504
41,39,3072,150528
41,42,4096,150528
41,42,5120,150528
41,62,8192,150528
41,49,12288,150528
39,42,1024,153600
39,42,2048,153600
39,62,5120,153600
39,49,9216,153600
42,42,1024,154624
42,62,4096,154624
42,49,8192,154624
42,62,3072,155648
42,49,7168,155648
62,49,4096,158720
