57,58,1024,12288
57,19,4096,12288
57,154,5120,12288
57,282,5120,12288
57,119,20480,12288
58,19,3072,13312
58,154,4096,13312
58,282,4096,13312
58,119,19456,13312
19,154,1024,16384
19,282,1024,16384
19,119,16384,16384
19,51,19456,16384
19,102,19456,16384
19,306,19456,16384
19,51,20480,16384
19,103,20480,16384
19,309,20480,16384
154,282,0,17408
154,119,15360,17408
154,51,18432,17408
154,102,18432,17408
154,306,18432,17408
154,51,19456,17408
154,103,19456,17408
154,309,19456,17408
282,119,15360,17408
282,51,18432,17408
282,102,18432,17408
282,306,18432,17408
282,51,19456,17408
282,103,19456,17408
282,309,19456,17408
119,51,3072,32768
119,102,3072,32768
119,306,3072,32768
119,51,4096,32768
119,103,4096,32768
119,309,4096,32768
119,62,6144,32768
119,21,9216,32768
119,34,10240,32768
119,29,12288,32768
119,29,13312,32768
119,19,16384,32768
119,105,17408,32768
119,20,20480,32768
51,102,0,35840
51,306,0,35840
51,51,1024,35840
51,103,1024,35840
51,309,1024,35840
51,62,3072,35840
51,21,6144,35840
51,34,7168,35840
51,29,9216,35840
51,29,10240,35840
51,19,13312,35840
51,105,14336,35840
51,20,17408,35840
51,59,17408,35840
102,306,0,35840
102,51,1024,35840
102,103,1024,35840
102,309,1024,35840
102,62,3072,35840
102,21,6144,35840
102,34,7168,35840
102,29,9216,35840
102,29,10240,35840
102,19,13312,35840
102,105,14336,35840
102,20,17408,35840
102,59,17408,35840
102,19,20480,35840
306,51,1024,35840
306,103,1024,35840
306,309,1024,35840
306,62,3072,35840
306,21,6144,35840
306,34,7168,35840
306,29,9216,35840
306,29,10240,35840
306,19,13312,35840
306,105,14336,35840
306,20,17408,35840
306,59,17408,35840
306,19,20480,35840
51,103,0,36864
51,309,0,36864
51,62,2048,36864
51,21,5120,36864
51,34,6144,36864
51,29,8192,36864
51,29,9216,36864
51,19,12288,36864
51,105,13312,36864
51,20,16384,36864
51,59,16384,36864
51,19,19456,36864
103,309,0,36864
103,62,2048,36864
103,21,5120,36864
103,34,6144,36864
103,29,8192,36864
103,29,9216,36864
103,19,12288,36864
103,105,13312,36864
103,20,16384,36864
103,59,16384,36864
103,19,19456,36864
309,62,2048,36864
309,21,5120,36864
309,34,6144,36864
309,29,8192,36864
309,29,9216,36864
309,19,12288,36864
309,105,13312,36864
309,20,16384,36864
309,59,16384,36864
309,19,19456,36864
62,21,3072,38912
62,34,4096,38912
62,29,6144,38912
62,29,7168,38912
62,19,10240,38912
62,105,11264,38912
62,20,14336,38912
62,59,14336,38912
62,19,17408,38912
62,20,19456,38912
21,34,1024,41984
21,29,3072,41984
21,29,4096,41984
21,19,7168,41984
21,105,8192,41984
21,20,11264,41984
21,59,11264,41984
21,19,14336,41984
21,20,16384,41984
21,19,18432,41984
34,29,2048,43008
34,29,3072,43008
34,19,6144,43008
34,105,7168,43008
34,20,10240,43008
34,59,10240,43008
34,19,13312,43008
34,20,15360,43008
34,19,17408,43008
29,29,1024,45056
29,19,4096,45056
29,105,5120,45056
29,20,8192,45056
29,59,8192,45056
29,19,11264,45056
29,20,13312,45056
29,19,15360,45056
29,19,19456,45056
29,19,3072,46080
29,105,4096,46080
29,20,7168,46080
29,59,7168,46080
29,19,10240,46080
29,20,12288,46080
29,19,14336,46080
29,19,18432,46080
19,105,1024,49152
19,20,4096,49152
19,59,4096,49152
19,19,7168,49152
19,20,9216,49152
19,19,11264,49152
19,19,15360,49152
19,24,18432,49152
19,24,19456,49152
105,20,3072,50176
105,59,3072,50176
105,19,6144,50176
105,20,8192,50176
105,19,10240,50176
105,19,14336,50176
105,24,17408,50176
105,24,18432,50176
20,59,0,53248
20,19,3072,53248
20,20,5120,53248
20,19,7168,53248
20,19,11264,53248
20,24,14336,53248
20,24,15360,53248
20,19,18432,53248
59,19,3072,53248
59,20,5120,53248
59,19,7168,53248
59,19,11264,53248
59,24,14336,53248
59,24,15360,53248
59,19,18432,53248
19,20,2048,56320
19,19,4096,56320
19,19,8192,56320
19,24,11264,56320
19,24,12288,56320
19,19,15360,56320
20,19,2048,58368
20,19,6144,58368
20,24,9216,58368
20,24,10240,58368
20,19,13312,58368
19,19,4096,60416
19,24,7168,60416
19,24,8192,60416
19,19,11264,60416
19,65,20480,60416
19,24,3072,64512
19,24,4096,64512
19,19,7168,64512
19,65,16384,64512
19,18,18432,64512
19,58,19456,64512
19,87,20480,64512
24,24,1024,67584
24,19,4096,67584
24,65,13312,67584
24,18,15360,67584
24,58,16384,67584
24,87,17408,67584
24,19,3072,68608
24,65,12288,68608
24,18,14336,68608
24,58,15360,68608
24,87,16384,68608
19,65,9216,71680
19,18,11264,71680
19,58,12288,71680
19,87,13312,71680
65,18,2048,80896
65,58,3072,80896
65,87,4096,80896
65,22,13312,80896
65,35,15360,80896
65,39,18432,80896
65,40,18432,80896
18,58,1024,82944
18,87,2048,82944
18,22,11264,82944
18,35,13312,82944
18,39,16384,82944
18,40,16384,82944
18,29,19456,82944
18,29,20480,82944
58,87,1024,83968
58,22,10240,83968
58,35,12288,83968
58,39,15360,83968
58,40,15360,83968
58,29,18432,83968
58,29,19456,83968
58,30,20480,83968
87,22,9216,84992
87,35,11264,84992
87,39,14336,84992
87,40,14336,84992
87,29,17408,84992
87,29,18432,84992
87,30,19456,84992
87,19,20480,84992
22,35,2048,94208
22,39,5120,94208
22,40,5120,94208
22,29,8192,94208
22,29,9216,94208
22,30,10240,94208
22,19,11264,94208
22,30,12288,94208
22,30,13312,94208
22,32,15360,94208
22,26,16384,94208
35,39,3072,96256
35,40,3072,96256
35,29,6144,96256
35,29,7168,96256
35,30,8192,96256
35,19,9216,96256
35,30,10240,96256
35,30,11264,96256
35,32,13312,96256
35,26,14336,96256
35,20,19456,96256
39,40,0,99328
39,29,3072,99328
39,29,4096,99328
39,30,5120,99328
39,19,6144,99328
39,30,7168,99328
39,30,8192,99328
39,32,10240,99328
39,26,11264,99328
39,20,16384,99328
40,29,3072,99328
40,29,4096,99328
40,30,5120,99328
40,19,6144,99328
40,30,7168,99328
40,30,8192,99328
40,32,10240,99328
40,26,11264,99328
40,20,16384,99328
29,29,1024,102400
29,30,2048,102400
29,19,3072,102400
29,30,4096,102400
29,30,5120,102400
29,32,7168,102400
29,26,8192,102400
29,20,13312,102400
29,30,1024,103424
29,19,2048,103424
29,30,3072,103424
29,30,4096,103424
29,32,6144,103424
29,26,7168,103424
29,20,12288,103424
30,19,1024,104448
30,30,2048,104448
30,30,3072,104448
30,32,5120,104448
30,26,6144,104448
30,20,11264,104448
19,30,1024,105472
19,30,2048,105472
19,32,4096,105472
19,26,5120,105472
19,20,10240,105472
30,30,1024,106496
30,32,3072,106496
30,26,4096,106496
30,20,9216,106496
30,32,2048,107520
30,26,3072,107520
30,20,8192,107520
32,26,1024,109568
32,20,6144,109568
26,20,5120,110592
19,45,9216,137216
19,45,10240,137216
19,52,11264,137216
19,52,12288,137216
19,39,17408,137216
19,40,17408,137216
19,39,18432,137216
19,40,18432,137216
19,44,20480,137216
45,45,1024,146432
45,52,2048,146432
45,52,3072,146432
45,39,8192,146432
45,40,8192,146432
45,39,9216,146432
45,40,9216,146432
45,44,11264,146432
45,52,1024,147456
45,52,2048,147456
45,39,7168,147456
45,40,7168,147456
45,39,8192,147456
45,40,8192,147456
45,44,10240,147456
52,52,1024,148480
52,39,6144,148480
52,40,6144,148480
52,39,7168,148480
52,40,7168,148480
52,44,9216,148480
52,108,20480,148480
52,39,5120,149504
52,40,5120,149504
52,39,6144,149504
52,40,6144,149504
52,44,8192,149504
52,108,19456,149504
39,40,0,154624
39,39,1024,154624
39,40,1024,154624
39,44,3072,154624
39,108,14336,154624
39,171,18432,154624
39,29,20480,154624
40,39,1024,154624
40,40,1024,154624
40,44,3072,154624
40,108,14336,154624
40,171,18432,154624
40,29,20480,154624
39,40,0,155648
39,44,2048,155648
39,108,13312,155648
39,171,17408,155648
39,29,19456,155648
39,59,20480,155648
40,44,2048,155648
40,108,13312,155648
40,171,17408,155648
40,29,19456,155648
40,59,20480,155648
44,108,11264,157696
44,171,15360,157696
44,29,17408,157696
44,59,18432,157696
108,171,4096,168960
108,29,6144,168960
108,59,7168,168960
108,65,11264,168960
108,39,15360,168960
108,41,15360,168960
108,36,16384,168960
108,29,18432,168960
108,29,19456,168960
108,31,20480,168960
171,29,2048,173056
171,59,3072,173056
171,65,7168,173056
171,39,11264,173056
171,41,11264,173056
171,36,12288,173056
171,29,14336,173056
171,29,15360,173056
171,31,16384,173056
171,31,19456,173056
171,20,20480,173056
29,59,1024,175104
29,65,5120,175104
29,39,9216,175104
29,41,9216,175104
29,36,10240,175104
29,29,12288,175104
29,29,13312,175104
29,31,14336,175104
29,31,17408,175104
29,20,18432,175104
59,65,4096,176128
59,39,8192,176128
59,41,8192,176128
59,36,9216,176128
59,29,11264,176128
59,29,12288,176128
59,31,13312,176128
59,31,16384,176128
59,20,17408,176128
65,39,4096,180224
65,41,4096,180224
65,36,5120,180224
65,29,7168,180224
65,29,8192,180224
65,31,9216,180224
65,31,12288,180224
65,20,13312,180224
39,41,0,184320
39,36,1024,184320
39,29,3072,184320
39,29,4096,184320
39,31,5120,184320
39,31,8192,184320
39,20,9216,184320
41,36,1024,184320
41,29,3072,184320
41,29,4096,184320
41,31,5120,184320
41,31,8192,184320
41,20,9216,184320
36,29,2048,185344
36,29,3072,185344
36,31,4096,185344
36,31,7168,185344
36,20,8192,185344
29,29,1024,187392
29,31,2048,187392
29,31,5120,187392
29,20,6144,187392
29,31,1024,188416
29,31,4096,188416
29,20,5120,188416
31,31,3072,189440
31,20,4096,189440
31,20,1024,192512
21,21,1024,216064
21,87,9216,216064
21,88,10240,216064
21,87,11264,216064
21,58,15360,216064
21,58,16384,216064
21,116,16384,216064
21,87,8192,217088
21,88,9216,217088
21,87,10240,217088
21,58,14336,217088
21,58,15360,217088
21,116,15360,217088
87,88,1024,225280
87,87,2048,225280
87,58,6144,225280
87,58,7168,225280
87,116,7168,225280
87,133,14336,225280
87,105,15360,225280
88,87,1024,226304
88,58,5120,226304
88,58,6144,226304
88,116,6144,226304
88,133,13312,226304
88,105,14336,226304
87,58,4096,227328
87,58,5120,227328
87,116,5120,227328
87,133,12288,227328
87,105,13312,227328
58,58,1024,231424
58,116,1024,231424
58,133,8192,231424
58,105,9216,231424
58,116,0,232448
58,133,7168,232448
58,105,8192,232448
116,133,7168,232448
116,105,8192,232448
133,105,1024,239616
133,105,16384,239616
133,19,17408,239616
133,44,17408,239616
105,105,15360,240640
105,19,16384,240640
105,44,16384,240640
105,58,20480,240640
105,19,1024,256000
105,44,1024,256000
105,58,5120,256000
105,50,17408,256000
19,44,0,257024
19,58,4096,257024
19,50,16384,257024
44,58,4096,257024
44,50,16384,257024
58,50,12288,261120
58,18,17408,261120
58,43,18432,261120
58,44,19456,261120
50,18,5120,273408
50,43,6144,273408
50,44,7168,273408
50,79,9216,273408
50,80,9216,273408
50,106,10240,273408
50,57,16384,273408
18,43,1024,278528
18,44,2048,278528
18,79,4096,278528
18,80,4096,278528
18,106,5120,278528
18,57,11264,278528
18,86,17408,278528
18,116,18432,278528
43,44,1024,279552
43,79,3072,279552
43,80,3072,279552
43,106,4096,279552
43,57,10240,279552
43,86,16384,279552
43,116,17408,279552
43,20,20480,279552
44,79,2048,280576
44,80,2048,280576
44,106,3072,280576
44,57,9216,280576
44,86,15360,280576
44,116,16384,280576
44,20,19456,280576
79,80,0,282624
79,106,1024,282624
79,57,7168,282624
79,86,13312,282624
79,116,14336,282624
79,20,17408,282624
80,106,1024,282624
80,57,7168,282624
80,86,13312,282624
80,116,14336,282624
80,20,17408,282624
106,57,6144,283648
106,86,12288,283648
106,116,13312,283648
106,20,16384,283648
57,86,6144,289792
57,116,7168,289792
57,20,10240,289792
86,116,1024,295936
86,20,4096,295936
86,18,19456,295936
86,72,19456,295936
116,20,3072,296960
116,18,18432,296960
116,72,18432,296960
20,18,15360,300032
20,72,15360,300032
20,20,18432,300032
20,19,19456,300032
18,72,0,315392
18,20,3072,315392
18,19,4096,315392
72,20,3072,315392
72,19,4096,315392
20,19,1024,318464
