6,6,1024,3072
6,7,3072,3072
6,10,8192,3072
6,10,19456,3072
6,7,2048,4096
6,10,7168,4096
6,10,18432,4096
7,10,5120,6144
7,10,16384,6144
10,10,11264,11264
10,6,19456,11264
10,6,20480,11264
10,6,8192,22528
10,6,9216,22528
6,6,1024,30720
6,25,18432,30720
6,27,19456,30720
6,27,20480,30720
6,25,17408,31744
6,27,18432,31744
6,27,19456,31744
25,27,1024,49152
25,27,2048,49152
25,7,4096,49152
25,7,9216,49152
25,6,15360,49152
25,11,20480,49152
27,27,1024,50176
27,7,3072,50176
27,7,8192,50176
27,6,14336,50176
27,11,19456,50176
27,7,2048,51200
27,7,7168,51200
27,6,13312,51200
27,11,18432,51200
7,7,5120,53248
7,6,11264,53248
7,11,16384,53248
7,10,19456,53248
7,6,6144,58368
7,11,11264,58368
7,10,14336,58368
7,6,17408,58368
7,6,18432,58368
6,11,5120,64512
6,10,8192,64512
6,6,11264,64512
6,6,12288,64512
6,10,19456,64512
11,10,3072,69632
11,6,6144,69632
11,6,7168,69632
11,10,14336,69632
10,6,3072,72704
10,6,4096,72704
10,10,11264,72704
6,6,1024,75776
6,10,8192,75776
6,10,20480,75776
6,10,7168,76800
6,10,19456,76800
10,10,12288,83968
10,10,20480,83968
10,10,8192,96256
10,9,13312,96256
10,26,15360,96256
10,9,5120,104448
10,26,7168,104448
10,26,13312,104448
10,26,14336,104448
10,8,16384,104448
9,26,2048,109568
9,26,8192,109568
9,26,9216,109568
9,8,11264,109568
9,11,17408,109568
9,10,20480,109568
26,26,6144,111616
26,26,7168,111616
26,8,9216,111616
26,11,15360,111616
26,10,18432,111616
26,9,20480,111616
26,26,1024,117760
26,8,3072,117760
26,11,9216,117760
26,10,12288,117760
26,9,14336,117760
26,18,16384,117760
26,8,2048,118784
26,11,8192,118784
26,10,11264,118784
26,9,13312,118784
26,18,15360,118784
8,11,6144,120832
8,10,9216,120832
8,9,11264,120832
8,18,13312,120832
11,10,3072,126976
11,9,5120,126976
11,18,7168,126976
11,7,16384,126976
11,7,17408,126976
11,7,18432,126976
10,9,2048,130048
10,18,4096,130048
10,7,13312,130048
10,7,14336,130048
10,7,15360,130048
10,6,19456,130048
10,6,20480,130048
9,18,2048,132096
9,7,11264,132096
9,7,12288,132096
9,7,13312,132096
9,6,17408,132096
9,6,18432,132096
18,7,9216,134144
18,7,10240,134144
18,7,11264,134144
18,6,15360,134144
18,6,16384,134144
18,11,20480,134144
7,7,1024,143360
7,7,2048,143360
7,6,6144,143360
7,6,7168,143360
7,11,11264,143360
7,7,1024,144384
7,6,5120,144384
7,6,6144,144384
7,11,10240,144384
7,6,4096,145408
7,6,5120,145408
7,11,9216,145408
7,10,20480,145408
6,6,1024,149504
6,11,5120,149504
6,10,16384,149504
6,10,19456,149504
6,11,4096,150528
6,10,15360,150528
6,10,18432,150528
11,10,11264,154624
11,10,14336,154624
11,10,17408,154624
10,10,3072,165888
10,10,6144,165888
10,9,11264,165888
10,7,17408,165888
10,27,19456,165888
10,9,20480,165888
10,10,3072,168960
10,9,8192,168960
10,7,14336,168960
10,27,16384,168960
10,9,17408,168960
10,7,19456,168960
10,9,5120,172032
10,7,11264,172032
10,27,13312,172032
10,9,14336,172032
10,7,16384,172032
9,7,6144,177152
9,27,8192,177152
9,9,9216,177152
9,7,11264,177152
9,7,20480,177152
7,27,2048,183296
7,9,3072,183296
7,7,5120,183296
7,7,14336,183296
7,6,17408,183296
27,9,1024,185344
27,7,3072,185344
27,7,12288,185344
27,6,15360,185344
9,7,2048,186368
9,7,11264,186368
9,6,14336,186368
7,7,9216,188416
7,6,12288,188416
7,6,3072,197632
7,6,13312,197632
7,6,14336,197632
7,26,16384,197632
6,6,10240,200704
6,6,11264,200704
6,26,13312,200704
6,10,18432,200704
6,6,1024,210944
6,26,3072,210944
6,10,8192,210944
6,26,13312,210944
6,26,14336,210944
6,12,17408,210944
6,10,19456,210944
6,26,2048,211968
6,10,7168,211968
6,26,12288,211968
6,26,13312,211968
6,12,16384,211968
6,10,18432,211968
6,26,20480,211968
26,10,5120,214016
26,26,10240,214016
26,26,11264,214016
26,12,14336,214016
26,10,16384,214016
26,26,18432,214016
26,26,19456,214016
10,26,5120,219136
10,26,6144,219136
10,12,9216,219136
10,10,11264,219136
10,26,13312,219136
10,26,14336,219136
10,27,19456,219136
10,27,20480,219136
26,26,1024,224256
26,12,4096,224256
26,10,6144,224256
26,26,8192,224256
26,26,9216,224256
26,27,14336,224256
26,27,15360,224256
26,9,20480,224256
26,12,3072,225280
26,10,5120,225280
26,26,7168,225280
26,26,8192,225280
26,27,13312,225280
26,27,14336,225280
26,9,19456,225280
12,10,2048,228352
12,26,4096,228352
12,26,5120,228352
12,27,10240,228352
12,27,11264,228352
12,9,16384,228352
10,26,2048,230400
10,26,3072,230400
10,27,8192,230400
10,27,9216,230400
10,9,14336,230400
26,26,1024,232448
26,27,6144,232448
26,27,7168,232448
26,9,12288,232448
26,27,5120,233472
26,27,6144,233472
26,9,11264,233472
27,27,1024,238592
27,9,6144,238592
27,9,5120,239616
9,11,16384,244736
9,11,17408,244736
9,10,19456,244736
11,11,1024,261120
11,10,3072,261120
11,24,12288,261120
11,24,13312,261120
11,24,14336,261120
11,10,15360,261120
11,9,16384,261120
11,7,19456,261120
11,10,2048,262144
11,24,11264,262144
11,24,12288,262144
11,24,13312,262144
11,10,14336,262144
11,9,15360,262144
11,7,18432,262144
10,24,9216,264192
10,24,10240,264192
10,24,11264,264192
10,10,12288,264192
10,9,13312,264192
10,7,16384,264192
24,24,1024,273408
24,24,2048,273408
24,10,3072,273408
24,9,4096,273408
24,7,7168,273408
24,10,14336,273408
24,7,17408,273408
24,11,19456,273408
24,24,1024,274432
24,10,2048,274432
24,9,3072,274432
24,7,6144,274432
24,10,13312,274432
24,7,16384,274432
24,11,18432,274432
24,26,20480,274432
24,10,1024,275456
24,9,2048,275456
24,7,5120,275456
24,10,12288,275456
24,7,15360,275456
24,11,17408,275456
24,26,19456,275456
24,26,20480,275456
10,9,1024,276480
10,7,4096,276480
10,10,11264,276480
10,7,14336,276480
10,11,16384,276480
10,26,18432,276480
10,26,19456,276480
10,26,20480,276480
9,7,3072,277504
9,10,10240,277504
9,7,13312,277504
9,11,15360,277504
9,26,17408,277504
9,26,18432,277504
9,26,19456,277504
7,10,7168,280576
7,7,10240,280576
7,11,12288,280576
7,26,14336,280576
7,26,15360,280576
7,26,16384,280576
7,6,18432,280576
7,6,19456,280576
10,7,3072,287744
10,11,5120,287744
10,26,7168,287744
10,26,8192,287744
10,26,9216,287744
10,6,11264,287744
10,6,12288,287744
10,26,15360,287744
10,26,18432,287744
10,6,19456,287744
10,6,20480,287744
7,11,2048,290816
7,26,4096,290816
7,26,5120,290816
7,26,6144,290816
7,6,8192,290816
7,6,9216,290816
7,26,12288,290816
7,26,15360,290816
7,6,16384,290816
7,6,17408,290816
7,26,18432,290816
11,26,2048,292864
11,26,3072,292864
11,26,4096,292864
11,6,6144,292864
11,6,7168,292864
11,26,10240,292864
11,26,13312,292864
11,6,14336,292864
11,6,15360,292864
11,26,16384,292864
26,26,1024,294912
26,26,2048,294912
26,6,4096,294912
26,6,5120,294912
26,26,8192,294912
26,26,11264,294912
26,6,12288,294912
26,6,13312,294912
26,26,14336,294912
26,26,19456,294912
26,10,20480,294912
26,26,1024,295936
26,6,3072,295936
26,6,4096,295936
26,26,7168,295936
26,26,10240,295936
26,6,11264,295936
26,6,12288,295936
26,26,13312,295936
26,26,18432,295936
26,10,19456,295936
26,27,20480,295936
26,6,2048,296960
26,6,3072,296960
26,26,6144,296960
26,26,9216,296960
26,6,10240,296960
26,6,11264,296960
26,26,12288,296960
26,26,17408,296960
26,10,18432,296960
26,27,19456,296960
26,27,20480,296960
6,6,1024,299008
6,26,4096,299008
6,26,7168,299008
6,6,8192,299008
6,6,9216,299008
6,26,10240,299008
6,26,15360,299008
6,10,16384,299008
6,27,17408,299008
6,27,18432,299008
6,27,19456,299008
6,27,20480,299008
6,26,3072,300032
6,26,6144,300032
6,6,7168,300032
6,6,8192,300032
6,26,9216,300032
6,26,14336,300032
6,10,15360,300032
6,27,16384,300032
6,27,17408,300032
6,27,18432,300032
6,27,19456,300032
6,27,20480,300032
26,26,3072,303104
26,6,4096,303104
26,6,5120,303104
26,26,6144,303104
26,26,11264,303104
26,10,12288,303104
26,27,13312,303104
26,27,14336,303104
26,27,15360,303104
26,27,16384,303104
26,27,17408,303104
26,10,20480,303104
26,6,1024,306176
26,6,2048,306176
26,26,3072,306176
26,26,8192,306176
26,10,9216,306176
26,27,10240,306176
26,27,11264,306176
26,27,12288,306176
26,27,13312,306176
26,27,14336,306176
26,10,17408,306176
26,27,18432,306176
26,10,19456,306176
6,6,1024,307200
6,26,2048,307200
6,26,7168,307200
6,10,8192,307200
6,27,9216,307200
6,27,10240,307200
6,27,11264,307200
6,27,12288,307200
6,27,13312,307200
6,10,16384,307200
6,27,17408,307200
6,10,18432,307200
6,27,20480,307200
6,26,1024,308224
6,26,6144,308224
6,10,7168,308224
6,27,8192,308224
6,27,9216,308224
6,27,10240,308224
6,27,11264,308224
6,27,12288,308224
6,10,15360,308224
6,27,16384,308224
6,10,17408,308224
6,27,19456,308224
6,10,20480,308224
26,26,5120,309248
26,10,6144,309248
26,27,7168,309248
26,27,8192,309248
26,27,9216,309248
26,27,10240,309248
26,27,11264,309248
26,10,14336,309248
26,27,15360,309248
26,10,16384,309248
26,27,18432,309248
26,10,19456,309248
26,10,1024,314368
26,27,2048,314368
26,27,3072,314368
26,27,4096,314368
26,27,5120,314368
26,27,6144,314368
26,10,9216,314368
26,27,10240,314368
26,10,11264,314368
26,27,13312,314368
26,10,14336,314368
10,27,1024,315392
10,27,2048,315392
10,27,3072,315392
10,27,4096,315392
10,27,5120,315392
10,10,8192,315392
10,27,9216,315392
10,10,10240,315392
10,27,12288,315392
10,10,13312,315392
27,27,1024,316416
27,27,2048,316416
27,27,3072,316416
27,27,4096,316416
27,10,7168,316416
27,27,8192,316416
27,10,9216,316416
27,27,11264,316416
27,10,12288,316416
27,27,1024,317440
27,27,2048,317440
27,27,3072,317440
27,10,6144,317440
27,27,7168,317440
27,10,8192,317440
27,27,10240,317440
27,10,11264,317440
27,27,1024,318464
27,27,2048,318464
27,10,5120,318464
27,27,6144,318464
27,10,7168,318464
27,27,9216,318464
27,10,10240,318464
27,27,1024,319488
27,10,4096,319488
27,27,5120,319488
27,10,6144,319488
27,27,8192,319488
27,10,9216,319488
27,10,3072,320512
27,27,4096,320512
27,10,5120,320512
27,27,7168,320512
27,10,8192,320512
10,27,1024,323584
10,10,2048,323584
10,27,4096,323584
10,10,5120,323584
27,10,1024,324608
27,27,3072,324608
27,10,4096,324608
10,27,2048,325632
10,10,3072,325632
27,10,1024,327680
