30,22,3072,3072
30,20,14336,3072
30,62,14336,3072
30,83,14336,3072
30,41,15360,3072
30,42,16384,3072
30,41,17408,3072
30,41,18432,3072
22,20,11264,6144
22,62,11264,6144
22,83,11264,6144
22,41,12288,6144
22,42,13312,6144
22,41,14336,6144
22,41,15360,6144
22,62,18432,6144
22,62,19456,6144
20,62,0,17408
20,83,0,17408
20,41,1024,17408
20,42,2048,17408
20,41,3072,17408
20,41,4096,17408
20,62,7168,17408
20,62,8192,17408
20,31,17408,17408
20,22,18432,17408
20,23,19456,17408
20,23,20480,17408
62,83,0,17408
62,41,1024,17408
62,42,2048,17408
62,41,3072,17408
62,41,4096,17408
62,62,7168,17408
62,62,8192,17408
62,31,17408,17408
62,22,18432,17408
62,23,19456,17408
62,23,20480,17408
83,41,1024,17408
83,42,2048,17408
83,41,3072,17408
83,41,4096,17408
83,62,7168,17408
83,62,8192,17408
83,31,17408,17408
83,22,18432,17408
83,23,19456,17408
83,23,20480,17408
41,42,1024,18432
41,41,2048,18432
41,41,3072,18432
41,62,6144,18432
41,62,7168,18432
41,31,16384,18432
41,22,17408,18432
41,23,18432,18432
41,23,19456,18432
41,27,20480,18432
42,41,1024,19456
42,41,2048,19456
42,62,5120,19456
42,62,6144,19456
42,31,15360,19456
42,22,16384,19456
42,23,17408,19456
42,23,18432,19456
42,27,19456,19456
41,41,1024,20480
41,62,4096,20480
41,62,5120,20480
41,31,14336,20480
41,22,15360,20480
41,23,16384,20480
41,23,17408,20480
41,27,18432,20480
41,62,3072,21504
41,62,4096,21504
41,31,13312,21504
41,22,14336,21504
41,23,15360,21504
41,23,16384,21504
41,27,17408,21504
62,62,1024,24576
62,31,10240,24576
62,22,11264,24576
62,23,12288,24576
62,23,13312,24576
62,27,14336,24576
62,31,9216,25600
62,22,10240,25600
62,23,11264,25600
62,23,12288,25600
62,27,13312,25600
31,22,1024,34816
31,23,2048,34816
31,23,3072,34816
31,27,4096,34816
31,23,14336,34816
22,23,1024,35840
22,23,2048,35840
22,27,3072,35840
22,23,13312,35840
22,62,20480,35840
23,23,1024,36864
23,27,2048,36864
23,23,12288,36864
23,62,19456,36864
23,62,20480,36864
23,27,1024,37888
23,23,11264,37888
23,62,18432,37888
23,62,19456,37888
27,23,10240,38912
27,62,17408,38912
27,62,18432,38912
23,62,7168,49152
23,62,8192,49152
23,62,11264,49152
23,41,12288,49152
23,42,13312,49152
23,41,14336,49152
23,62,18432,49152
23,62,19456,49152
62,62,1024,56320
62,62,4096,56320
62,41,5120,56320
62,42,6144,56320
62,41,7168,56320
62,62,11264,56320
62,62,12288,56320
62,30,14336,56320
62,62,3072,57344
62,41,4096,57344
62,42,5120,57344
62,41,6144,57344
62,62,10240,57344
62,62,11264,57344
62,30,13312,57344
62,31,20480,57344
62,71,20480,57344
62,41,1024,60416
62,42,2048,60416
62,41,3072,60416
62,62,7168,60416
62,62,8192,60416
62,30,10240,60416
62,31,17408,60416
62,71,17408,60416
62,68,20480,60416
41,42,1024,61440
41,41,2048,61440
41,62,6144,61440
41,62,7168,61440
41,30,9216,61440
41,31,16384,61440
41,71,16384,61440
41,68,19456,61440
41,39,20480,61440
41,68,20480,61440
42,41,1024,62464
42,62,5120,62464
42,62,6144,62464
42,30,8192,62464
42,31,15360,62464
42,71,15360,62464
42,68,18432,62464
42,39,19456,62464
42,68,19456,62464
42,68,20480,62464
41,62,4096,63488
41,62,5120,63488
41,30,7168,63488
41,31,14336,63488
41,71,14336,63488
41,68,17408,63488
41,39,18432,63488
41,68,18432,63488
41,68,19456,63488
62,62,1024,67584
62,30,3072,67584
62,31,10240,67584
62,71,10240,67584
62,68,13312,67584
62,39,14336,67584
62,68,14336,67584
62,68,15360,67584
62,68,18432,67584
62,23,20480,67584
62,30,2048,68608
62,31,9216,68608
62,71,9216,68608
62,68,12288,68608
62,39,13312,68608
62,68,13312,68608
62,68,14336,68608
62,68,17408,68608
62,23,19456,68608
30,31,7168,70656
30,71,7168,70656
30,68,10240,70656
30,39,11264,70656
30,68,11264,70656
30,68,12288,70656
30,68,15360,70656
30,23,17408,70656
30,30,20480,70656
31,71,0,77824
31,68,3072,77824
31,39,4096,77824
31,68,4096,77824
31,68,5120,77824
31,68,8192,77824
31,23,10240,77824
31,30,13312,77824
31,92,14336,77824
71,68,3072,77824
71,39,4096,77824
71,68,4096,77824
71,68,5120,77824
71,68,8192,77824
71,23,10240,77824
71,30,13312,77824
71,92,14336,77824
68,39,1024,80896
68,68,1024,80896
68,68,2048,80896
68,68,5120,80896
68,23,7168,80896
68,30,10240,80896
68,92,11264,80896
39,68,0,81920
39,68,1024,81920
39,68,4096,81920
39,23,6144,81920
39,30,9216,81920
39,92,10240,81920
39,23,20480,81920
39,42,20480,81920
39,83,20480,81920
68,68,1024,81920
68,68,4096,81920
68,23,6144,81920
68,30,9216,81920
68,92,10240,81920
68,23,20480,81920
68,42,20480,81920
68,83,20480,81920
68,68,3072,82944
68,23,5120,82944
68,30,8192,82944
68,92,9216,82944
68,23,19456,82944
68,42,19456,82944
68,83,19456,82944
68,41,20480,82944
68,23,2048,86016
68,30,5120,86016
68,92,6144,86016
68,23,16384,86016
68,42,16384,86016
68,83,16384,86016
68,41,17408,86016
68,42,18432,86016
68,42,19456,86016
23,30,3072,88064
23,92,4096,88064
23,23,14336,88064
23,42,14336,88064
23,83,14336,88064
23,41,15360,88064
23,42,16384,88064
23,42,17408,88064
30,92,1024,91136
30,23,11264,91136
30,42,11264,91136
30,83,11264,91136
30,41,12288,91136
30,42,13312,91136
30,42,14336,91136
92,23,10240,92160
92,42,10240,92160
92,83,10240,92160
92,41,11264,92160
92,42,12288,92160
92,42,13312,92160
92,22,20480,92160
23,42,0,102400
23,83,0,102400
23,41,1024,102400
23,42,2048,102400
23,42,3072,102400
23,22,10240,102400
23,34,18432,102400
23,34,19456,102400
42,83,0,102400
42,41,1024,102400
42,42,2048,102400
42,42,3072,102400
42,22,10240,102400
42,34,18432,102400
42,34,19456,102400
83,41,1024,102400
83,42,2048,102400
83,42,3072,102400
83,22,10240,102400
83,34,18432,102400
83,34,19456,102400
41,42,1024,103424
41,42,2048,103424
41,22,9216,103424
41,34,17408,103424
41,34,18432,103424
41,27,20480,103424
41,68,20480,103424
42,42,1024,104448
42,22,8192,104448
42,34,16384,104448
42,34,17408,104448
42,27,19456,104448
42,68,19456,104448
42,27,20480,104448
42,68,20480,104448
42,22,7168,105472
42,34,15360,105472
42,34,16384,105472
42,27,18432,105472
42,68,18432,105472
42,27,19456,105472
42,68,19456,105472
42,27,20480,105472
42,68,20480,105472
22,34,8192,112640
22,34,9216,112640
22,27,11264,112640
22,68,11264,112640
22,27,12288,112640
22,68,12288,112640
22,27,13312,112640
22,68,13312,112640
22,39,18432,112640
22,77,18432,112640
34,34,1024,120832
34,27,3072,120832
34,68,3072,120832
34,27,4096,120832
34,68,4096,120832
34,27,5120,120832
34,68,5120,120832
34,39,10240,120832
34,77,10240,120832
34,18,13312,120832
34,92,13312,120832
34,18,17408,120832
34,25,18432,120832
34,23,19456,120832
34,27,2048,121856
34,68,2048,121856
34,27,3072,121856
34,68,3072,121856
34,27,4096,121856
34,68,4096,121856
34,39,9216,121856
34,77,9216,121856
34,18,12288,121856
34,92,12288,121856
34,18,16384,121856
34,25,17408,121856
34,23,18432,121856
34,20,19456,121856
27,68,0,123904
27,27,1024,123904
27,68,1024,123904
27,27,2048,123904
27,68,2048,123904
27,39,7168,123904
27,77,7168,123904
27,18,10240,123904
27,92,10240,123904
27,18,14336,123904
27,25,15360,123904
27,23,16384,123904
27,20,17408,123904
27,24,18432,123904
68,27,1024,123904
68,68,1024,123904
68,27,2048,123904
68,68,2048,123904
68,39,7168,123904
68,77,7168,123904
68,18,10240,123904
68,92,10240,123904
68,18,14336,123904
68,25,15360,123904
68,23,16384,123904
68,20,17408,123904
68,24,18432,123904
68,24,19456,123904
27,68,0,124928
27,27,1024,124928
27,68,1024,124928
27,39,6144,124928
27,77,6144,124928
27,18,9216,124928
27,92,9216,124928
27,18,13312,124928
27,25,14336,124928
27,23,15360,124928
27,20,16384,124928
27,24,17408,124928
27,24,18432,124928
27,31,19456,124928
68,27,1024,124928
68,68,1024,124928
68,39,6144,124928
68,77,6144,124928
68,18,9216,124928
68,92,9216,124928
68,18,13312,124928
68,25,14336,124928
68,23,15360,124928
68,20,16384,124928
68,24,17408,124928
68,24,18432,124928
68,31,19456,124928
68,35,20480,124928
27,68,0,125952
27,39,5120,125952
27,77,5120,125952
27,18,8192,125952
27,92,8192,125952
27,18,12288,125952
27,25,13312,125952
27,23,14336,125952
27,20,15360,125952
27,24,16384,125952
27,24,17408,125952
27,31,18432,125952
27,35,19456,125952
27,41,19456,125952
68,39,5120,125952
68,77,5120,125952
68,18,8192,125952
68,92,8192,125952
68,18,12288,125952
68,25,13312,125952
68,23,14336,125952
68,20,15360,125952
68,24,16384,125952
68,24,17408,125952
68,31,18432,125952
68,35,19456,125952
68,41,19456,125952
68,83,19456,125952
39,77,0,131072
39,18,3072,131072
39,92,3072,131072
39,18,7168,131072
39,25,8192,131072
39,23,9216,131072
39,20,10240,131072
39,24,11264,131072
39,24,12288,131072
39,31,13312,131072
39,35,14336,131072
39,41,14336,131072
39,83,14336,131072
39,42,15360,131072
77,18,3072,131072
77,92,3072,131072
77,18,7168,131072
77,25,8192,131072
77,23,9216,131072
77,20,10240,131072
77,24,11264,131072
77,24,12288,131072
77,31,13312,131072
77,35,14336,131072
77,41,14336,131072
77,83,14336,131072
77,42,15360,131072
77,41,16384,131072
18,92,0,134144
18,18,4096,134144
18,25,5120,134144
18,23,6144,134144
18,20,7168,134144
18,24,8192,134144
18,24,9216,134144
18,31,10240,134144
18,35,11264,134144
18,41,11264,134144
18,83,11264,134144
18,42,12288,134144
18,41,13312,134144
18,41,14336,134144
92,18,4096,134144
92,25,5120,134144
92,23,6144,134144
92,20,7168,134144
92,24,8192,134144
92,24,9216,134144
92,31,10240,134144
92,35,11264,134144
92,41,11264,134144
92,83,11264,134144
92,42,12288,134144
92,41,13312,134144
92,41,14336,134144
92,54,16384,134144
18,25,1024,138240
18,23,2048,138240
18,20,3072,138240
18,24,4096,138240
18,24,5120,138240
18,31,6144,138240
18,35,7168,138240
18,41,7168,138240
18,83,7168,138240
18,42,8192,138240
18,41,9216,138240
18,41,10240,138240
18,54,12288,138240
18,18,17408,138240
25,23,1024,139264
25,20,2048,139264
25,24,3072,139264
25,24,4096,139264
25,31,5120,139264
25,35,6144,139264
25,41,6144,139264
25,83,6144,139264
25,42,7168,139264
25,41,8192,139264
25,41,9216,139264
25,54,11264,139264
25,18,16384,139264
23,20,1024,140288
23,24,2048,140288
23,24,3072,140288
23,31,4096,140288
23,35,5120,140288
23,41,5120,140288
23,83,5120,140288
23,42,6144,140288
23,41,7168,140288
23,41,8192,140288
23,54,10240,140288
23,18,15360,140288
20,24,1024,141312
20,24,2048,141312
20,31,3072,141312
20,35,4096,141312
20,41,4096,141312
20,83,4096,141312
20,42,5120,141312
20,41,6144,141312
20,41,7168,141312
20,54,9216,141312
20,18,14336,141312
24,24,1024,142336
24,31,2048,142336
24,35,3072,142336
24,41,3072,142336
24,83,3072,142336
24,42,4096,142336
24,41,5120,142336
24,41,6144,142336
24,54,8192,142336
24,18,13312,142336
24,31,1024,143360
24,35,2048,143360
24,41,2048,143360
24,83,2048,143360
24,42,3072,143360
24,41,4096,143360
24,41,5120,143360
24,54,7168,143360
24,18,12288,143360
31,35,1024,144384
31,41,1024,144384
31,83,1024,144384
31,42,2048,144384
31,41,3072,144384
31,41,4096,144384
31,54,6144,144384
31,18,11264,144384
35,41,0,145408
35,83,0,145408
35,42,1024,145408
35,41,2048,145408
35,41,3072,145408
35,54,5120,145408
35,18,10240,145408
41,83,0,145408
41,42,1024,145408
41,41,2048,145408
41,41,3072,145408
41,54,5120,145408
41,18,10240,145408
83,42,1024,145408
83,41,2048,145408
83,41,3072,145408
83,54,5120,145408
83,18,10240,145408
42,41,1024,146432
42,41,2048,146432
42,54,4096,146432
42,18,9216,146432
42,61,20480,146432
41,41,1024,147456
41,54,3072,147456
41,18,8192,147456
41,61,19456,147456
41,54,2048,148480
41,18,7168,148480
41,61,18432,148480
54,18,5120,150528
54,61,16384,150528
18,61,11264,155648
18,23,17408,155648
61,23,6144,166912
61,22,10240,166912
61,18,15360,166912
61,20,16384,166912
61,60,16384,166912
61,19,17408,166912
61,25,18432,166912
61,33,20480,166912
61,47,20480,166912
61,83,20480,166912
23,22,4096,173056
23,18,9216,173056
23,20,10240,173056
23,60,10240,173056
23,19,11264,173056
23,25,12288,173056
23,33,14336,173056
23,47,14336,173056
23,83,14336,173056
23,48,15360,173056
23,41,16384,173056
23,29,17408,173056
23,42,17408,173056
23,18,18432,173056
22,18,5120,177152
22,20,6144,177152
22,60,6144,177152
22,19,7168,177152
22,25,8192,177152
22,33,10240,177152
22,47,10240,177152
22,83,10240,177152
22,48,11264,177152
22,41,12288,177152
22,29,13312,177152
22,42,13312,177152
22,18,14336,177152
22,21,15360,177152
18,20,1024,182272
18,60,1024,182272
18,19,2048,182272
18,25,3072,182272
18,33,5120,182272
18,47,5120,182272
18,83,5120,182272
18,48,6144,182272
18,41,7168,182272
18,29,8192,182272
18,42,8192,182272
18,18,9216,182272
18,21,10240,182272
18,23,11264,182272
20,60,0,183296
20,19,1024,183296
20,25,2048,183296
20,33,4096,183296
20,47,4096,183296
20,83,4096,183296
20,48,5120,183296
20,41,6144,183296
20,29,7168,183296
20,42,7168,183296
20,18,8192,183296
20,21,9216,183296
20,23,10240,183296
20,59,10240,183296
60,19,1024,183296
60,25,2048,183296
60,33,4096,183296
60,47,4096,183296
60,83,4096,183296
60,48,5120,183296
60,41,6144,183296
60,29,7168,183296
60,42,7168,183296
60,18,8192,183296
60,21,9216,183296
60,23,10240,183296
60,59,10240,183296
60,23,11264,183296
19,25,1024,184320
19,33,3072,184320
19,47,3072,184320
19,83,3072,184320
19,48,4096,184320
19,41,5120,184320
19,29,6144,184320
19,42,6144,184320
19,18,7168,184320
19,21,8192,184320
19,23,9216,184320
19,59,9216,184320
19,23,10240,184320
19,19,11264,184320
25,33,2048,185344
25,47,2048,185344
25,83,2048,185344
25,48,3072,185344
25,41,4096,185344
25,29,5120,185344
25,42,5120,185344
25,18,6144,185344
25,21,7168,185344
25,23,8192,185344
25,59,8192,185344
25,23,9216,185344
25,19,10240,185344
25,26,11264,185344
33,47,0,187392
33,83,0,187392
33,48,1024,187392
33,41,2048,187392
33,29,3072,187392
33,42,3072,187392
33,18,4096,187392
33,21,5120,187392
33,23,6144,187392
33,59,6144,187392
33,23,7168,187392
33,19,8192,187392
33,26,9216,187392
33,24,10240,187392
47,83,0,187392
47,48,1024,187392
47,41,2048,187392
47,29,3072,187392
47,42,3072,187392
47,18,4096,187392
47,21,5120,187392
47,23,6144,187392
47,59,6144,187392
47,23,7168,187392
47,19,8192,187392
47,26,9216,187392
47,24,10240,187392
47,19,11264,187392
83,48,1024,187392
83,41,2048,187392
83,29,3072,187392
83,42,3072,187392
83,18,4096,187392
83,21,5120,187392
83,23,6144,187392
83,59,6144,187392
83,23,7168,187392
83,19,8192,187392
83,26,9216,187392
83,24,10240,187392
83,19,11264,187392
48,41,1024,188416
48,29,2048,188416
48,42,2048,188416
48,18,3072,188416
48,21,4096,188416
48,23,5120,188416
48,59,5120,188416
48,23,6144,188416
48,19,7168,188416
48,26,8192,188416
48,24,9216,188416
48,19,10240,188416
48,31,20480,188416
48,61,20480,188416
41,29,1024,189440
41,42,1024,189440
41,18,2048,189440
41,21,3072,189440
41,23,4096,189440
41,59,4096,189440
41,23,5120,189440
41,19,6144,189440
41,26,7168,189440
41,24,8192,189440
41,19,9216,189440
41,31,19456,189440
41,61,19456,189440
41,30,20480,189440
29,42,0,190464
29,18,1024,190464
29,21,2048,190464
29,23,3072,190464
29,59,3072,190464
29,23,4096,190464
29,19,5120,190464
29,26,6144,190464
29,24,7168,190464
29,19,8192,190464
29,31,18432,190464
29,61,18432,190464
29,30,19456,190464
42,18,1024,190464
42,21,2048,190464
42,23,3072,190464
42,59,3072,190464
42,23,4096,190464
42,19,5120,190464
42,26,6144,190464
42,24,7168,190464
42,19,8192,190464
42,31,18432,190464
42,61,18432,190464
42,30,19456,190464
18,21,1024,191488
18,23,2048,191488
18,59,2048,191488
18,23,3072,191488
18,19,4096,191488
18,26,5120,191488
18,24,6144,191488
18,19,7168,191488
18,31,17408,191488
18,61,17408,191488
18,30,18432,191488
21,23,1024,192512
21,59,1024,192512
21,23,2048,192512
21,19,3072,192512
21,26,4096,192512
21,24,5120,192512
21,19,6144,192512
21,31,16384,192512
21,61,16384,192512
21,30,17408,192512
23,59,0,193536
23,23,1024,193536
23,19,2048,193536
23,26,3072,193536
23,24,4096,193536
23,19,5120,193536
23,31,15360,193536
23,61,15360,193536
23,30,16384,193536
59,23,1024,193536
59,19,2048,193536
59,26,3072,193536
59,24,4096,193536
59,19,5120,193536
59,31,15360,193536
59,61,15360,193536
59,30,16384,193536
23,19,1024,194560
23,26,2048,194560
23,24,3072,194560
23,19,4096,194560
23,31,14336,194560
23,61,14336,194560
23,30,15360,194560
19,26,1024,195584
19,24,2048,195584
19,19,3072,195584
19,31,13312,195584
19,61,13312,195584
19,30,14336,195584
26,24,1024,196608
26,19,2048,196608
26,31,12288,196608
26,61,12288,196608
26,30,13312,196608
24,19,1024,197632
24,31,11264,197632
24,61,11264,197632
24,30,12288,197632
19,31,10240,198656
19,61,10240,198656
19,30,11264,198656
19,23,20480,198656
19,46,20480,198656
31,61,0,208896
31,30,1024,208896
31,23,10240,208896
31,46,10240,208896
31,43,13312,208896
31,46,14336,208896
31,28,16384,208896
31,55,16384,208896
31,28,17408,208896
31,64,17408,208896
31,28,18432,208896
31,64,18432,208896
31,28,19456,208896
31,64,19456,208896
61,30,1024,208896
61,23,10240,208896
61,46,10240,208896
61,43,13312,208896
61,46,14336,208896
61,28,16384,208896
61,55,16384,208896
61,28,17408,208896
61,64,17408,208896
61,28,18432,208896
61,64,18432,208896
61,28,19456,208896
61,64,19456,208896
61,30,20480,208896
30,23,9216,209920
30,46,9216,209920
30,43,12288,209920
30,46,13312,209920
30,28,15360,209920
30,55,15360,209920
30,28,16384,209920
30,64,16384,209920
30,28,17408,209920
30,64,17408,209920
30,28,18432,209920
30,64,18432,209920
30,30,19456,209920
30,44,20480,209920
23,46,0,219136
23,43,3072,219136
23,46,4096,219136
23,28,6144,219136
23,55,6144,219136
23,28,7168,219136
23,64,7168,219136
23,28,8192,219136
23,64,8192,219136
23,28,9216,219136
23,64,9216,219136
23,30,10240,219136
23,44,11264,219136
23,21,12288,219136
46,43,3072,219136
46,46,4096,219136
46,28,6144,219136
46,55,6144,219136
46,28,7168,219136
46,64,7168,219136
46,28,8192,219136
46,64,8192,219136
46,28,9216,219136
46,64,9216,219136
46,30,10240,219136
46,44,11264,219136
46,21,12288,219136
46,63,12288,219136
43,46,1024,222208
43,28,3072,222208
43,55,3072,222208
43,28,4096,222208
43,64,4096,222208
43,28,5120,222208
43,64,5120,222208
43,28,6144,222208
43,64,6144,222208
43,30,7168,222208
43,44,8192,222208
43,21,9216,222208
43,63,9216,222208
43,21,10240,222208
46,28,2048,223232
46,55,2048,223232
46,28,3072,223232
46,64,3072,223232
46,28,4096,223232
46,64,4096,223232
46,28,5120,223232
46,64,5120,223232
46,30,6144,223232
46,44,7168,223232
46,21,8192,223232
46,63,8192,223232
46,21,9216,223232
46,64,9216,223232
28,55,0,225280
28,28,1024,225280
28,64,1024,225280
28,28,2048,225280
28,64,2048,225280
28,28,3072,225280
28,64,3072,225280
28,30,4096,225280
28,44,5120,225280
28,21,6144,225280
28,63,6144,225280
28,21,7168,225280
28,64,7168,225280
28,21,8192,225280
55,28,1024,225280
55,64,1024,225280
55,28,2048,225280
55,64,2048,225280
55,28,3072,225280
55,64,3072,225280
55,30,4096,225280
55,44,5120,225280
55,21,6144,225280
55,63,6144,225280
55,21,7168,225280
55,64,7168,225280
55,21,8192,225280
55,64,8192,225280
28,64,0,226304
28,28,1024,226304
28,64,1024,226304
28,28,2048,226304
28,64,2048,226304
28,30,3072,226304
28,44,4096,226304
28,21,5120,226304
28,63,5120,226304
28,21,6144,226304
28,64,6144,226304
28,21,7168,226304
28,64,7168,226304
28,24,8192,226304
64,28,1024,226304
64,64,1024,226304
64,28,2048,226304
64,64,2048,226304
64,30,3072,226304
64,44,4096,226304
64,21,5120,226304
64,63,5120,226304
64,21,6144,226304
64,64,6144,226304
64,21,7168,226304
64,64,7168,226304
64,24,8192,226304
64,26,9216,226304
28,64,0,227328
28,28,1024,227328
28,64,1024,227328
28,30,2048,227328
28,44,3072,227328
28,21,4096,227328
28,63,4096,227328
28,21,5120,227328
28,64,5120,227328
28,21,6144,227328
28,64,6144,227328
28,24,7168,227328
28,26,8192,227328
28,25,9216,227328
64,28,1024,227328
64,64,1024,227328
64,30,2048,227328
64,44,3072,227328
64,21,4096,227328
64,63,4096,227328
64,21,5120,227328
64,64,5120,227328
64,21,6144,227328
64,64,6144,227328
64,24,7168,227328
64,26,8192,227328
64,25,9216,227328
64,23,13312,227328
28,64,0,228352
28,30,1024,228352
28,44,2048,228352
28,21,3072,228352
28,63,3072,228352
28,21,4096,228352
28,64,4096,228352
28,21,5120,228352
28,64,5120,228352
28,24,6144,228352
28,26,7168,228352
28,25,8192,228352
28,23,12288,228352
64,30,1024,228352
64,44,2048,228352
64,21,3072,228352
64,63,3072,228352
64,21,4096,228352
64,64,4096,228352
64,21,5120,228352
64,64,5120,228352
64,24,6144,228352
64,26,7168,228352
64,25,8192,228352
64,23,12288,228352
30,44,1024,229376
30,21,2048,229376
30,63,2048,229376
30,21,3072,229376
30,64,3072,229376
30,21,4096,229376
30,64,4096,229376
30,24,5120,229376
30,26,6144,229376
30,25,7168,229376
30,23,11264,229376
44,21,1024,230400
44,63,1024,230400
44,21,2048,230400
44,64,2048,230400
44,21,3072,230400
44,64,3072,230400
44,24,4096,230400
44,26,5120,230400
44,25,6144,230400
44,23,10240,230400
44,35,20480,230400
44,41,20480,230400
21,63,0,231424
21,21,1024,231424
21,64,1024,231424
21,21,2048,231424
21,64,2048,231424
21,24,3072,231424
21,26,4096,231424
21,25,5120,231424
21,23,9216,231424
21,35,19456,231424
21,41,19456,231424
21,41,20480,231424
63,21,1024,231424
63,64,1024,231424
63,21,2048,231424
63,64,2048,231424
63,24,3072,231424
63,26,4096,231424
63,25,5120,231424
63,23,9216,231424
63,35,19456,231424
63,41,19456,231424
63,41,20480,231424
21,64,0,232448
21,21,1024,232448
21,64,1024,232448
21,24,2048,232448
21,26,3072,232448
21,25,4096,232448
21,23,8192,232448
21,35,18432,232448
21,41,18432,232448
21,41,19456,232448
21,31,20480,232448
21,41,20480,232448
64,21,1024,232448
64,64,1024,232448
64,24,2048,232448
64,26,3072,232448
64,25,4096,232448
64,23,8192,232448
64,35,18432,232448
64,41,18432,232448
64,41,19456,232448
64,31,20480,232448
64,41,20480,232448
21,64,0,233472
21,24,1024,233472
21,26,2048,233472
21,25,3072,233472
21,23,7168,233472
21,35,17408,233472
21,41,17408,233472
21,41,18432,233472
21,31,19456,233472
21,41,19456,233472
64,24,1024,233472
64,26,2048,233472
64,25,3072,233472
64,23,7168,233472
64,35,17408,233472
64,41,17408,233472
64,41,18432,233472
64,31,19456,233472
64,41,19456,233472
24,26,1024,234496
24,25,2048,234496
24,23,6144,234496
24,35,16384,234496
24,41,16384,234496
24,41,17408,234496
24,31,18432,234496
24,41,18432,234496
24,23,20480,234496
26,25,1024,235520
26,23,5120,235520
26,35,15360,235520
26,41,15360,235520
26,41,16384,235520
26,31,17408,235520
26,41,17408,235520
26,23,19456,235520
25,23,4096,236544
25,35,14336,236544
25,41,14336,236544
25,41,15360,236544
25,31,16384,236544
25,41,16384,236544
25,23,18432,236544
23,35,10240,240640
23,41,10240,240640
23,41,11264,240640
23,31,12288,240640
23,41,12288,240640
23,23,14336,240640
23,23,20480,240640
35,41,0,250880
35,41,1024,250880
35,31,2048,250880
35,41,2048,250880
35,23,4096,250880
35,23,10240,250880
35,23,15360,250880
35,58,15360,250880
35,21,16384,250880
35,52,16384,250880
35,28,19456,250880
35,42,19456,250880
35,25,20480,250880
35,50,20480,250880
41,41,1024,250880
41,31,2048,250880
41,41,2048,250880
41,23,4096,250880
41,23,10240,250880
41,23,15360,250880
41,58,15360,250880
41,21,16384,250880
41,52,16384,250880
41,28,19456,250880
41,42,19456,250880
41,25,20480,250880
41,50,20480,250880
41,31,1024,251904
41,41,1024,251904
41,23,3072,251904
41,23,9216,251904
41,23,14336,251904
41,58,14336,251904
41,21,15360,251904
41,52,15360,251904
41,28,18432,251904
41,42,18432,251904
41,25,19456,251904
41,50,19456,251904
41,21,20480,251904
41,62,20480,251904
31,41,0,252928
31,23,2048,252928
31,23,8192,252928
31,23,13312,252928
31,58,13312,252928
31,21,14336,252928
31,52,14336,252928
31,28,17408,252928
31,42,17408,252928
31,25,18432,252928
31,50,18432,252928
31,21,19456,252928
31,62,19456,252928
31,20,20480,252928
41,23,2048,252928
41,23,8192,252928
41,23,13312,252928
41,58,13312,252928
41,21,14336,252928
41,52,14336,252928
41,28,17408,252928
41,42,17408,252928
41,25,18432,252928
41,50,18432,252928
41,21,19456,252928
41,62,19456,252928
41,20,20480,252928
41,41,20480,252928
23,23,6144,254976
23,23,11264,254976
23,58,11264,254976
23,21,12288,254976
23,52,12288,254976
23,28,15360,254976
23,42,15360,254976
23,25,16384,254976
23,50,16384,254976
23,21,17408,254976
23,62,17408,254976
23,20,18432,254976
23,41,18432,254976
23,19,20480,254976
23,23,5120,261120
23,58,5120,261120
23,21,6144,261120
23,52,6144,261120
23,28,9216,261120
23,42,9216,261120
23,25,10240,261120
23,50,10240,261120
23,21,11264,261120
23,62,11264,261120
23,20,12288,261120
23,41,12288,261120
23,19,14336,261120
23,67,17408,261120
23,58,0,266240
23,21,1024,266240
23,52,1024,266240
23,28,4096,266240
23,42,4096,266240
23,25,5120,266240
23,50,5120,266240
23,21,6144,266240
23,62,6144,266240
23,20,7168,266240
23,41,7168,266240
23,19,9216,266240
23,67,12288,266240
23,22,15360,266240
58,21,1024,266240
58,52,1024,266240
58,28,4096,266240
58,42,4096,266240
58,25,5120,266240
58,50,5120,266240
58,21,6144,266240
58,62,6144,266240
58,20,7168,266240
58,41,7168,266240
58,19,9216,266240
58,67,12288,266240
58,22,15360,266240
21,52,0,267264
21,28,3072,267264
21,42,3072,267264
21,25,4096,267264
21,50,4096,267264
21,21,5120,267264
21,62,5120,267264
21,20,6144,267264
21,41,6144,267264
21,19,8192,267264
21,67,11264,267264
21,22,14336,267264
52,28,3072,267264
52,42,3072,267264
52,25,4096,267264
52,50,4096,267264
52,21,5120,267264
52,62,5120,267264
52,20,6144,267264
52,41,6144,267264
52,19,8192,267264
52,67,11264,267264
52,22,14336,267264
28,42,0,270336
28,25,1024,270336
28,50,1024,270336
28,21,2048,270336
28,62,2048,270336
28,20,3072,270336
28,41,3072,270336
28,19,5120,270336
28,67,8192,270336
28,22,11264,270336
28,18,19456,270336
28,28,20480,270336
42,25,1024,270336
42,50,1024,270336
42,21,2048,270336
42,62,2048,270336
42,20,3072,270336
42,41,3072,270336
42,19,5120,270336
42,67,8192,270336
42,22,11264,270336
42,18,19456,270336
42,28,20480,270336
25,50,0,271360
25,21,1024,271360
25,62,1024,271360
25,20,2048,271360
25,41,2048,271360
25,19,4096,271360
25,67,7168,271360
25,22,10240,271360
25,18,18432,271360
25,28,19456,271360
25,18,20480,271360
50,21,1024,271360
50,62,1024,271360
50,20,2048,271360
50,41,2048,271360
50,19,4096,271360
50,67,7168,271360
50,22,10240,271360
50,18,18432,271360
50,28,19456,271360
50,18,20480,271360
21,62,0,272384
21,20,1024,272384
21,41,1024,272384
21,19,3072,272384
21,67,6144,272384
21,22,9216,272384
21,18,17408,272384
21,28,18432,272384
21,18,19456,272384
21,30,20480,272384
62,20,1024,272384
62,41,1024,272384
62,19,3072,272384
62,67,6144,272384
62,22,9216,272384
62,18,17408,272384
62,28,18432,272384
62,18,19456,272384
62,30,20480,272384
20,41,0,273408
20,19,2048,273408
20,67,5120,273408
20,22,8192,273408
20,18,16384,273408
20,28,17408,273408
20,18,18432,273408
20,30,19456,273408
20,41,20480,273408
41,19,2048,273408
41,67,5120,273408
41,22,8192,273408
41,18,16384,273408
41,28,17408,273408
41,18,18432,273408
41,30,19456,273408
41,41,20480,273408
19,67,3072,275456
19,22,6144,275456
19,18,14336,275456
19,28,15360,275456
19,18,16384,275456
19,30,17408,275456
19,41,18432,275456
19,41,19456,275456
19,41,20480,275456
67,22,3072,278528
67,18,11264,278528
67,28,12288,278528
67,18,13312,278528
67,30,14336,278528
67,41,15360,278528
67,41,16384,278528
67,41,17408,278528
22,18,8192,281600
22,28,9216,281600
22,18,10240,281600
22,30,11264,281600
22,41,12288,281600
22,41,13312,281600
22,41,14336,281600
18,28,1024,289792
18,18,2048,289792
18,30,3072,289792
18,41,4096,289792
18,41,5120,289792
18,41,6144,289792
18,18,13312,289792
18,30,14336,289792
18,92,14336,289792
18,26,17408,289792
18,32,18432,289792
28,18,1024,290816
28,30,2048,290816
28,41,3072,290816
28,41,4096,290816
28,41,5120,290816
28,18,12288,290816
28,30,13312,290816
28,92,13312,290816
28,26,16384,290816
28,32,17408,290816
28,21,20480,290816
28,63,20480,290816
18,30,1024,291840
18,41,2048,291840
18,41,3072,291840
18,41,4096,291840
18,18,11264,291840
18,30,12288,291840
18,92,12288,291840
18,26,15360,291840
18,32,16384,291840
18,21,19456,291840
18,63,19456,291840
18,20,20480,291840
30,41,1024,292864
30,41,2048,292864
30,41,3072,292864
30,18,10240,292864
30,30,11264,292864
30,92,11264,292864
30,26,14336,292864
30,32,15360,292864
30,21,18432,292864
30,63,18432,292864
30,20,19456,292864
41,41,1024,293888
41,41,2048,293888
41,18,9216,293888
41,30,10240,293888
41,92,10240,293888
41,26,13312,293888
41,32,14336,293888
41,21,17408,293888
41,63,17408,293888
41,20,18432,293888
41,23,20480,293888
41,58,20480,293888
41,103,20480,293888
41,41,1024,294912
41,18,8192,294912
41,30,9216,294912
41,92,9216,294912
41,26,12288,294912
41,32,13312,294912
41,21,16384,294912
41,63,16384,294912
41,20,17408,294912
41,23,19456,294912
41,58,19456,294912
41,103,19456,294912
41,21,20480,294912
41,54,20480,294912
41,18,7168,295936
41,30,8192,295936
41,92,8192,295936
41,26,11264,295936
41,32,12288,295936
41,21,15360,295936
41,63,15360,295936
41,20,16384,295936
41,23,18432,295936
41,58,18432,295936
41,103,18432,295936
41,21,19456,295936
41,54,19456,295936
41,49,20480,295936
18,30,1024,303104
18,92,1024,303104
18,26,4096,303104
18,32,5120,303104
18,21,8192,303104
18,63,8192,303104
18,20,9216,303104
18,23,11264,303104
18,58,11264,303104
18,103,11264,303104
18,21,12288,303104
18,54,12288,303104
18,49,13312,303104
18,55,14336,303104
30,92,0,304128
30,26,3072,304128
30,32,4096,304128
30,21,7168,304128
30,63,7168,304128
30,20,8192,304128
30,23,10240,304128
30,58,10240,304128
30,103,10240,304128
30,21,11264,304128
30,54,11264,304128
30,49,12288,304128
30,55,13312,304128
30,53,14336,304128
92,26,3072,304128
92,32,4096,304128
92,21,7168,304128
92,63,7168,304128
92,20,8192,304128
92,23,10240,304128
92,58,10240,304128
92,103,10240,304128
92,21,11264,304128
92,54,11264,304128
92,49,12288,304128
92,55,13312,304128
92,53,14336,304128
92,28,16384,304128
26,32,1024,307200
26,21,4096,307200
26,63,4096,307200
26,20,5120,307200
26,23,7168,307200
26,58,7168,307200
26,103,7168,307200
26,21,8192,307200
26,54,8192,307200
26,49,9216,307200
26,55,10240,307200
26,53,11264,307200
26,28,13312,307200
26,37,14336,307200
32,21,3072,308224
32,63,3072,308224
32,20,4096,308224
32,23,6144,308224
32,58,6144,308224
32,103,6144,308224
32,21,7168,308224
32,54,7168,308224
32,49,8192,308224
32,55,9216,308224
32,53,10240,308224
32,28,12288,308224
32,37,13312,308224
32,35,14336,308224
21,63,0,311296
21,20,1024,311296
21,23,3072,311296
21,58,3072,311296
21,103,3072,311296
21,21,4096,311296
21,54,4096,311296
21,49,5120,311296
21,55,6144,311296
21,53,7168,311296
21,28,9216,311296
21,37,10240,311296
21,35,11264,311296
21,43,11264,311296
63,20,1024,311296
63,23,3072,311296
63,58,3072,311296
63,103,3072,311296
63,21,4096,311296
63,54,4096,311296
63,49,5120,311296
63,55,6144,311296
63,53,7168,311296
63,28,9216,311296
63,37,10240,311296
63,35,11264,311296
63,43,11264,311296
63,43,12288,311296
20,23,2048,312320
20,58,2048,312320
20,103,2048,312320
20,21,3072,312320
20,54,3072,312320
20,49,4096,312320
20,55,5120,312320
20,53,6144,312320
20,28,8192,312320
20,37,9216,312320
20,35,10240,312320
20,43,10240,312320
20,43,11264,312320
20,19,12288,312320
23,58,0,314368
23,103,0,314368
23,21,1024,314368
23,54,1024,314368
23,49,2048,314368
23,55,3072,314368
23,53,4096,314368
23,28,6144,314368
23,37,7168,314368
23,35,8192,314368
23,43,8192,314368
23,43,9216,314368
23,19,10240,314368
23,20,11264,314368
58,103,0,314368
58,21,1024,314368
58,54,1024,314368
58,49,2048,314368
58,55,3072,314368
58,53,4096,314368
58,28,6144,314368
58,37,7168,314368
58,35,8192,314368
58,43,8192,314368
58,43,9216,314368
58,19,10240,314368
58,20,11264,314368
58,26,12288,314368
103,21,1024,314368
103,54,1024,314368
103,49,2048,314368
103,55,3072,314368
103,53,4096,314368
103,28,6144,314368
103,37,7168,314368
103,35,8192,314368
103,43,8192,314368
103,43,9216,314368
103,19,10240,314368
103,20,11264,314368
103,26,12288,314368
21,54,0,315392
21,49,1024,315392
21,55,2048,315392
21,53,3072,315392
21,28,5120,315392
21,37,6144,315392
21,35,7168,315392
21,43,7168,315392
21,43,8192,315392
21,19,9216,315392
21,20,10240,315392
21,26,11264,315392
54,49,1024,315392
54,55,2048,315392
54,53,3072,315392
54,28,5120,315392
54,37,6144,315392
54,35,7168,315392
54,43,7168,315392
54,43,8192,315392
54,19,9216,315392
54,20,10240,315392
54,26,11264,315392
49,55,1024,316416
49,53,2048,316416
49,28,4096,316416
49,37,5120,316416
49,35,6144,316416
49,43,6144,316416
49,43,7168,316416
49,19,8192,316416
49,20,9216,316416
49,26,10240,316416
55,53,1024,317440
55,28,3072,317440
55,37,4096,317440
55,35,5120,317440
55,43,5120,317440
55,43,6144,317440
55,19,7168,317440
55,20,8192,317440
55,26,9216,317440
53,28,2048,318464
53,37,3072,318464
53,35,4096,318464
53,43,4096,318464
53,43,5120,318464
53,19,6144,318464
53,20,7168,318464
53,26,8192,318464
28,37,1024,320512
28,35,2048,320512
28,43,2048,320512
28,43,3072,320512
28,19,4096,320512
28,20,5120,320512
28,26,6144,320512
37,35,1024,321536
37,43,1024,321536
37,43,2048,321536
37,19,3072,321536
37,20,4096,321536
37,26,5120,321536
35,43,0,322560
35,43,1024,322560
35,19,2048,322560
35,20,3072,322560
35,26,4096,322560
43,43,1024,322560
43,19,2048,322560
43,20,3072,322560
43,26,4096,322560
43,19,1024,323584
43,20,2048,323584
43,26,3072,323584
19,20,1024,324608
19,26,2048,324608
20,26,1024,325632
