55,55,1024,2048
55,55,2048,2048
55,55,3072,2048
55,37,4096,2048
55,43,6144,2048
55,43,7168,2048
55,43,8192,2048
55,65,10240,2048
55,65,11264,2048
55,55,12288,2048
55,55,13312,2048
55,37,14336,2048
55,65,15360,2048
55,98,16384,2048
55,55,1024,3072
55,55,2048,3072
55,37,3072,3072
55,43,5120,3072
55,43,6144,3072
55,43,7168,3072
55,65,9216,3072
55,65,10240,3072
55,55,11264,3072
55,55,12288,3072
55,37,13312,3072
55,65,14336,3072
55,98,15360,3072
55,44,16384,3072
55,55,1024,4096
55,37,2048,4096
55,43,4096,4096
55,43,5120,4096
55,43,6144,4096
55,65,8192,4096
55,65,9216,4096
55,55,10240,4096
55,55,11264,4096
55,37,12288,4096
55,65,13312,4096
55,98,14336,4096
55,44,15360,4096
55,44,16384,4096
55,37,1024,5120
55,43,3072,5120
55,43,4096,5120
55,43,5120,5120
55,65,7168,5120
55,65,8192,5120
55,55,9216,5120
55,55,10240,5120
55,37,11264,5120
55,65,12288,5120
55,98,13312,5120
55,44,14336,5120
55,44,15360,5120
55,44,16384,5120
37,43,2048,6144
37,43,3072,6144
37,43,4096,6144
37,65,6144,6144
37,65,7168,6144
37,55,8192,6144
37,55,9216,6144
37,37,10240,6144
37,65,11264,6144
37,98,12288,6144
37,44,13312,6144
37,44,14336,6144
37,44,15360,6144
37,64,16384,6144
43,43,1024,8192
43,43,2048,8192
43,65,4096,8192
43,65,5120,8192
43,55,6144,8192
43,55,7168,8192
43,37,8192,8192
43,65,9216,8192
43,98,10240,8192
43,44,11264,8192
43,44,12288,8192
43,44,13312,8192
43,64,14336,8192
43,64,15360,8192
43,43,1024,9216
43,65,3072,9216
43,65,4096,9216
43,55,5120,9216
43,55,6144,9216
43,37,7168,9216
43,65,8192,9216
43,98,9216,9216
43,44,10240,9216
43,44,11264,9216
43,44,12288,9216
43,64,13312,9216
43,64,14336,9216
43,64,15360,9216
43,65,2048,10240
43,65,3072,10240
43,55,4096,10240
43,55,5120,10240
43,37,6144,10240
43,65,7168,10240
43,98,8192,10240
43,44,9216,10240
43,44,10240,10240
43,44,11264,10240
43,64,12288,10240
43,64,13312,10240
43,64,14336,10240
43,64,15360,10240
65,65,1024,12288
65,55,2048,12288
65,55,3072,12288
65,37,4096,12288
65,65,5120,12288
65,98,6144,12288
65,44,7168,12288
65,44,8192,12288
65,44,9216,12288
65,64,10240,12288
65,64,11264,12288
65,64,12288,12288
65,64,13312,12288
65,37,14336,12288
65,55,1024,13312
65,55,2048,13312
65,37,3072,13312
65,65,4096,13312
65,98,5120,13312
65,44,6144,13312
65,44,7168,13312
65,44,8192,13312
65,64,9216,13312
65,64,10240,13312
65,64,11264,13312
65,64,12288,13312
65,37,13312,13312
65,65,14336,13312
55,55,1024,14336
55,37,2048,14336
55,65,3072,14336
55,98,4096,14336
55,44,5120,14336
55,44,6144,14336
55,44,7168,14336
55,64,8192,14336
55,64,9216,14336
55,64,10240,14336
55,64,11264,14336
55,37,12288,14336
55,65,13312,14336
55,65,14336,14336
55,37,1024,15360
55,65,2048,15360
55,98,3072,15360
55,44,4096,15360
55,44,5120,15360
55,44,6144,15360
55,64,7168,15360
55,64,8192,15360
55,64,9216,15360
55,64,10240,15360
55,37,11264,15360
55,65,12288,15360
55,65,13312,15360
55,43,14336,15360
37,65,1024,16384
37,98,2048,16384
37,44,3072,16384
37,44,4096,16384
37,44,5120,16384
37,64,6144,16384
37,64,7168,16384
37,64,8192,16384
37,64,9216,16384
37,37,10240,16384
37,65,11264,16384
37,65,12288,16384
37,43,13312,16384
37,43,14336,16384
65,98,1024,17408
65,44,2048,17408
65,44,3072,17408
65,44,4096,17408
65,64,5120,17408
65,64,6144,17408
65,64,7168,17408
65,64,8192,17408
65,37,9216,17408
65,65,10240,17408
65,65,11264,17408
65,43,12288,17408
65,43,13312,17408
65,44,14336,17408
98,44,1024,18432
98,44,2048,18432
98,44,3072,18432
98,64,4096,18432
98,64,5120,18432
98,64,6144,18432
98,64,7168,18432
98,37,8192,18432
98,65,9216,18432
98,65,10240,18432
98,43,11264,18432
98,43,12288,18432
98,44,13312,18432
98,44,14336,18432
44,44,1024,19456
44,44,2048,19456
44,64,3072,19456
44,64,4096,19456
44,64,5120,19456
44,64,6144,19456
44,37,7168,19456
44,65,8192,19456
44,65,9216,19456
44,43,10240,19456
44,43,11264,19456
44,44,12288,19456
44,44,13312,19456
44,55,16384,19456
44,44,1024,20480
44,64,2048,20480
44,64,3072,20480
44,64,4096,20480
44,64,5120,20480
44,37,6144,20480
44,65,7168,20480
44,65,8192,20480
44,43,9216,20480
44,43,10240,20480
44,44,11264,20480
44,44,12288,20480
44,55,15360,20480
44,55,16384,20480
44,64,1024,21504
44,64,2048,21504
44,64,3072,21504
44,64,4096,21504
44,37,5120,21504
44,65,6144,21504
44,65,7168,21504
44,43,8192,21504
44,43,9216,21504
44,44,10240,21504
44,44,11264,21504
44,55,14336,21504
44,55,15360,21504
44,55,16384,21504
64,64,1024,22528
64,64,2048,22528
64,64,3072,22528
64,37,4096,22528
64,65,5120,22528
64,65,6144,22528
64,43,7168,22528
64,43,8192,22528
64,44,9216,22528
64,44,10240,22528
64,55,13312,22528
64,55,14336,22528
64,55,15360,22528
64,98,16384,22528
64,64,1024,23552
64,64,2048,23552
64,37,3072,23552
64,65,4096,23552
64,65,5120,23552
64,43,6144,23552
64,43,7168,23552
64,44,8192,23552
64,44,9216,23552
64,55,12288,23552
64,55,13312,23552
64,55,14336,23552
64,98,15360,23552
64,36,17408,23552
64,64,1024,24576
64,37,2048,24576
64,65,3072,24576
64,65,4096,24576
64,43,5120,24576
64,43,6144,24576
64,44,7168,24576
64,44,8192,24576
64,55,11264,24576
64,55,12288,24576
64,55,13312,24576
64,98,14336,24576
64,36,16384,24576
64,48,18432,24576
64,37,1024,25600
64,65,2048,25600
64,65,3072,25600
64,43,4096,25600
64,43,5120,25600
64,44,6144,25600
64,44,7168,25600
64,55,10240,25600
64,55,11264,25600
64,55,12288,25600
64,98,13312,25600
64,36,15360,25600
64,48,17408,25600
64,48,18432,25600
37,65,1024,26624
37,65,2048,26624
37,43,3072,26624
37,43,4096,26624
37,44,5120,26624
37,44,6144,26624
37,55,9216,26624
37,55,10240,26624
37,55,11264,26624
37,98,12288,26624
37,36,14336,26624
37,48,16384,26624
37,48,17408,26624
37,48,18432,26624
65,65,1024,27648
65,43,2048,27648
65,43,3072,27648
65,44,4096,27648
65,44,5120,27648
65,55,8192,27648
65,55,9216,27648
65,55,10240,27648
65,98,11264,27648
65,36,13312,27648
65,48,15360,27648
65,48,16384,27648
65,48,17408,27648
65,48,18432,27648
65,43,1024,28672
65,43,2048,28672
65,44,3072,28672
65,44,4096,28672
65,55,7168,28672
65,55,8192,28672
65,55,9216,28672
65,98,10240,28672
65,36,12288,28672
65,48,14336,28672
65,48,15360,28672
65,48,16384,28672
65,48,17408,28672
43,43,1024,29696
43,44,2048,29696
43,44,3072,29696
43,55,6144,29696
43,55,7168,29696
43,55,8192,29696
43,98,9216,29696
43,36,11264,29696
43,48,13312,29696
43,48,14336,29696
43,48,15360,29696
43,48,16384,29696
43,44,1024,30720
43,44,2048,30720
43,55,5120,30720
43,55,6144,30720
43,55,7168,30720
43,98,8192,30720
43,36,10240,30720
43,48,12288,30720
43,48,13312,30720
43,48,14336,30720
43,48,15360,30720
44,44,1024,31744
44,55,4096,31744
44,55,5120,31744
44,55,6144,31744
44,98,7168,31744
44,36,9216,31744
44,48,11264,31744
44,48,12288,31744
44,48,13312,31744
44,48,14336,31744
44,55,3072,32768
44,55,4096,32768
44,55,5120,32768
44,98,6144,32768
44,36,8192,32768
44,48,10240,32768
44,48,11264,32768
44,48,12288,32768
44,48,13312,32768
44,42,20480,32768
55,55,1024,35840
55,55,2048,35840
55,98,3072,35840
55,36,5120,35840
55,48,7168,35840
55,48,8192,35840
55,48,9216,35840
55,48,10240,35840
55,42,17408,35840
55,41,19456,35840
55,42,20480,35840
55,55,1024,36864
55,98,2048,36864
55,36,4096,36864
55,48,6144,36864
55,48,7168,36864
55,48,8192,36864
55,48,9216,36864
55,42,16384,36864
55,41,18432,36864
55,42,19456,36864
55,98,1024,37888
55,36,3072,37888
55,48,5120,37888
55,48,6144,37888
55,48,7168,37888
55,48,8192,37888
55,42,15360,37888
55,41,17408,37888
55,42,18432,37888
55,74,20480,37888
98,36,2048,38912
98,48,4096,38912
98,48,5120,38912
98,48,6144,38912
98,48,7168,38912
98,42,14336,38912
98,41,16384,38912
98,42,17408,38912
98,74,19456,38912
98,73,20480,38912
36,48,2048,40960
36,48,3072,40960
36,48,4096,40960
36,48,5120,40960
36,42,12288,40960
36,41,14336,40960
36,42,15360,40960
36,74,17408,40960
36,73,18432,40960
36,65,19456,40960
36,65,20480,40960
48,48,1024,43008
48,48,2048,43008
48,48,3072,43008
48,42,10240,43008
48,41,12288,43008
48,42,13312,43008
48,74,15360,43008
48,73,16384,43008
48,65,17408,43008
48,65,18432,43008
48,65,19456,43008
48,48,1024,44032
48,48,2048,44032
48,42,9216,44032
48,41,11264,44032
48,42,12288,44032
48,74,14336,44032
48,73,15360,44032
48,65,16384,44032
48,65,17408,44032
48,65,18432,44032
48,48,1024,45056
48,42,8192,45056
48,41,10240,45056
48,42,11264,45056
48,74,13312,45056
48,73,14336,45056
48,65,15360,45056
48,65,16384,45056
48,65,17408,45056
48,42,7168,46080
48,41,9216,46080
48,42,10240,46080
48,74,12288,46080
48,73,13312,46080
48,65,14336,46080
48,65,15360,46080
48,65,16384,46080
48,42,20480,46080
42,41,2048,53248
42,42,3072,53248
42,74,5120,53248
42,73,6144,53248
42,65,7168,53248
42,65,8192,53248
42,65,9216,53248
42,42,13312,53248
42,43,14336,53248
42,42,15360,53248
42,43,16384,53248
42,43,17408,53248
42,43,18432,53248
42,33,19456,53248
41,42,1024,55296
41,74,3072,55296
41,73,4096,55296
41,65,5120,55296
41,65,6144,55296
41,65,7168,55296
41,42,11264,55296
41,43,12288,55296
41,42,13312,55296
41,43,14336,55296
41,43,15360,55296
41,43,16384,55296
41,33,17408,55296
41,34,18432,55296
42,74,2048,56320
42,73,3072,56320
42,65,4096,56320
42,65,5120,56320
42,65,6144,56320
42,42,10240,56320
42,43,11264,56320
42,42,12288,56320
42,43,13312,56320
42,43,14336,56320
42,43,15360,56320
42,33,16384,56320
42,34,17408,56320
42,37,18432,56320
74,73,1024,58368
74,65,2048,58368
74,65,3072,58368
74,65,4096,58368
74,42,8192,58368
74,43,9216,58368
74,42,10240,58368
74,43,11264,58368
74,43,12288,58368
74,43,13312,58368
74,33,14336,58368
74,34,15360,58368
74,37,16384,58368
74,38,17408,58368
73,65,1024,59392
73,65,2048,59392
73,65,3072,59392
73,42,7168,59392
73,43,8192,59392
73,42,9216,59392
73,43,10240,59392
73,43,11264,59392
73,43,12288,59392
73,33,13312,59392
73,34,14336,59392
73,37,15360,59392
73,38,16384,59392
73,41,18432,59392
65,65,1024,60416
65,65,2048,60416
65,42,6144,60416
65,43,7168,60416
65,42,8192,60416
65,43,9216,60416
65,43,10240,60416
65,43,11264,60416
65,33,12288,60416
65,34,13312,60416
65,37,14336,60416
65,38,15360,60416
65,41,17408,60416
65,41,18432,60416
65,65,1024,61440
65,42,5120,61440
65,43,6144,61440
65,42,7168,61440
65,43,8192,61440
65,43,9216,61440
65,43,10240,61440
65,33,11264,61440
65,34,12288,61440
65,37,13312,61440
65,38,14336,61440
65,41,16384,61440
65,41,17408,61440
65,43,18432,61440
65,42,4096,62464
65,43,5120,62464
65,42,6144,62464
65,43,7168,62464
65,43,8192,62464
65,43,9216,62464
65,33,10240,62464
65,34,11264,62464
65,37,12288,62464
65,38,13312,62464
65,41,15360,62464
65,41,16384,62464
65,43,17408,62464
65,43,18432,62464
42,43,1024,66560
42,42,2048,66560
42,43,3072,66560
42,43,4096,66560
42,43,5120,66560
42,33,6144,66560
42,34,7168,66560
42,37,8192,66560
42,38,9216,66560
42,41,11264,66560
42,41,12288,66560
42,43,13312,66560
42,43,14336,66560
42,43,15360,66560
43,42,1024,67584
43,43,2048,67584
43,43,3072,67584
43,43,4096,67584
43,33,5120,67584
43,34,6144,67584
43,37,7168,67584
43,38,8192,67584
43,41,10240,67584
43,41,11264,67584
43,43,12288,67584
43,43,13312,67584
43,43,14336,67584
43,49,16384,67584
42,43,1024,68608
42,43,2048,68608
42,43,3072,68608
42,33,4096,68608
42,34,5120,68608
42,37,6144,68608
42,38,7168,68608
42,41,9216,68608
42,41,10240,68608
42,43,11264,68608
42,43,12288,68608
42,43,13312,68608
42,49,15360,68608
42,55,17408,68608
43,43,1024,69632
43,43,2048,69632
43,33,3072,69632
43,34,4096,69632
43,37,5120,69632
43,38,6144,69632
43,41,8192,69632
43,41,9216,69632
43,43,10240,69632
43,43,11264,69632
43,43,12288,69632
43,49,14336,69632
43,55,16384,69632
43,85,20480,69632
43,43,1024,70656
43,33,2048,70656
43,34,3072,70656
43,37,4096,70656
43,38,5120,70656
43,41,7168,70656
43,41,8192,70656
43,43,9216,70656
43,43,10240,70656
43,43,11264,70656
43,49,13312,70656
43,55,15360,70656
43,85,19456,70656
43,85,20480,70656
43,33,1024,71680
43,34,2048,71680
43,37,3072,71680
43,38,4096,71680
43,41,6144,71680
43,41,7168,71680
43,43,8192,71680
43,43,9216,71680
43,43,10240,71680
43,49,12288,71680
43,55,14336,71680
43,85,18432,71680
43,85,19456,71680
33,34,1024,72704
33,37,2048,72704
33,38,3072,72704
33,41,5120,72704
33,41,6144,72704
33,43,7168,72704
33,43,8192,72704
33,43,9216,72704
33,49,11264,72704
33,55,13312,72704
33,85,17408,72704
33,85,18432,72704
34,37,1024,73728
34,38,2048,73728
34,41,4096,73728
34,41,5120,73728
34,43,6144,73728
34,43,7168,73728
34,43,8192,73728
34,49,10240,73728
34,55,12288,73728
34,85,16384,73728
34,85,17408,73728
37,38,1024,74752
37,41,3072,74752
37,41,4096,74752
37,43,5120,74752
37,43,6144,74752
37,43,7168,74752
37,49,9216,74752
37,55,11264,74752
37,85,15360,74752
37,85,16384,74752
38,41,2048,75776
38,41,3072,75776
38,43,4096,75776
38,43,5120,75776
38,43,6144,75776
38,49,8192,75776
38,55,10240,75776
38,85,14336,75776
38,85,15360,75776
41,41,1024,77824
41,43,2048,77824
41,43,3072,77824
41,43,4096,77824
41,49,6144,77824
41,55,8192,77824
41,85,12288,77824
41,85,13312,77824
41,43,1024,78848
41,43,2048,78848
41,43,3072,78848
41,49,5120,78848
41,55,7168,78848
41,85,11264,78848
41,85,12288,78848
43,43,1024,79872
43,43,2048,79872
43,49,4096,79872
43,55,6144,79872
43,85,10240,79872
43,85,11264,79872
43,43,1024,80896
43,49,3072,80896
43,55,5120,80896
43,85,9216,80896
43,85,10240,80896
43,49,2048,81920
43,55,4096,81920
43,85,8192,81920
43,85,9216,81920
49,55,2048,83968
49,85,6144,83968
49,85,7168,83968
55,85,4096,86016
55,85,5120,86016
55,65,20480,86016
85,85,1024,90112
85,65,16384,90112
85,65,17408,90112
85,65,18432,90112
85,65,19456,90112
85,18,20480,90112
85,65,15360,91136
85,65,16384,91136
85,65,17408,91136
85,65,18432,91136
85,18,19456,91136
85,65,20480,91136
65,65,1024,106496
65,65,2048,106496
65,65,3072,106496
65,18,4096,106496
65,65,5120,106496
65,65,14336,106496
65,65,15360,106496
65,65,16384,106496
65,65,17408,106496
65,65,1024,107520
65,65,2048,107520
65,18,3072,107520
65,65,4096,107520
65,65,13312,107520
65,65,14336,107520
65,65,15360,107520
65,65,16384,107520
65,65,1024,108544
65,18,2048,108544
65,65,3072,108544
65,65,12288,108544
65,65,13312,108544
65,65,14336,108544
65,65,15360,108544
65,18,1024,109568
65,65,2048,109568
65,65,11264,109568
65,65,12288,109568
65,65,13312,109568
65,65,14336,109568
18,65,1024,110592
18,65,10240,110592
18,65,11264,110592
18,65,12288,110592
18,65,13312,110592
65,65,9216,111616
65,65,10240,111616
65,65,11264,111616
65,65,12288,111616
65,18,20480,111616
65,65,1024,120832
65,65,2048,120832
65,65,3072,120832
65,18,11264,120832
65,65,1024,121856
65,65,2048,121856
65,18,10240,121856
65,65,1024,122880
65,18,9216,122880
65,18,8192,123904
18,49,20480,132096
49,49,2048,152576
49,36,5120,152576
49,36,6144,152576
49,36,7168,152576
49,36,8192,152576
49,36,9216,152576
49,36,10240,152576
49,36,3072,154624
49,36,4096,154624
49,36,5120,154624
49,36,6144,154624
49,36,7168,154624
49,36,8192,154624
36,36,1024,157696
36,36,2048,157696
36,36,3072,157696
36,36,4096,157696
36,36,5120,157696
36,36,1024,158720
36,36,2048,158720
36,36,3072,158720
36,36,4096,158720
36,36,1024,159744
36,36,2048,159744
36,36,3072,159744
36,36,1024,160768
36,36,2048,160768
36,36,1024,161792
