58,58,4096,12288
24,24,1024,47104
24,24,2048,47104
24,25,4096,47104
24,26,5120,47104
24,26,6144,47104
24,26,7168,47104
24,26,8192,47104
24,39,12288,47104
24,39,13312,47104
24,24,1024,48128
24,25,3072,48128
24,26,4096,48128
24,26,5120,48128
24,26,6144,48128
24,26,7168,48128
24,39,11264,48128
24,39,12288,48128
24,25,2048,49152
24,26,3072,49152
24,26,4096,49152
24,26,5120,49152
24,26,6144,49152
24,39,10240,49152
24,39,11264,49152
25,26,1024,51200
25,26,2048,51200
25,26,3072,51200
25,26,4096,51200
25,39,8192,51200
25,39,9216,51200
26,26,1024,52224
26,26,2048,52224
26,26,3072,52224
26,39,7168,52224
26,39,8192,52224
26,26,1024,53248
26,26,2048,53248
26,39,6144,53248
26,39,7168,53248
26,26,1024,54272
26,39,5120,54272
26,39,6144,54272
26,39,4096,55296
26,39,5120,55296
39,39,1024,59392
87,87,9216,128000
24,24,1024,176128
24,24,2048,176128
24,24,3072,176128
24,49,3072,176128
24,24,4096,176128
24,49,4096,176128
24,74,17408,176128
24,24,1024,177152
24,24,2048,177152
24,49,2048,177152
24,24,3072,177152
24,49,3072,177152
24,74,16384,177152
24,24,1024,178176
24,49,1024,178176
24,24,2048,178176
24,49,2048,178176
24,74,15360,178176
24,49,0,179200
24,24,1024,179200
24,49,1024,179200
24,74,14336,179200
49,24,1024,179200
49,49,1024,179200
49,74,14336,179200
24,49,0,180224
24,74,13312,180224
24,78,20480,180224
49,74,13312,180224
49,78,20480,180224
74,78,7168,193536
74,77,8192,193536
74,74,9216,193536
78,77,1024,200704
78,74,2048,200704
78,32,18432,200704
78,24,19456,200704
77,74,1024,201728
77,32,17408,201728
77,24,18432,201728
74,32,16384,202752
74,24,17408,202752
32,24,1024,219136
32,43,9216,219136
32,19,11264,219136
32,25,12288,219136
32,26,13312,219136
32,26,14336,219136
32,52,14336,219136
32,26,15360,219136
32,51,15360,219136
32,26,16384,219136
32,25,17408,219136
32,26,19456,219136
24,43,8192,220160
24,19,10240,220160
24,25,11264,220160
24,26,12288,220160
24,26,13312,220160
24,52,13312,220160
24,26,14336,220160
24,51,14336,220160
24,26,15360,220160
24,25,16384,220160
24,26,18432,220160
43,19,2048,228352
43,25,3072,228352
43,26,4096,228352
43,26,5120,228352
43,52,5120,228352
43,26,6144,228352
43,51,6144,228352
43,26,7168,228352
43,25,8192,228352
43,26,10240,228352
19,25,1024,230400
19,26,2048,230400
19,26,3072,230400
19,52,3072,230400
19,26,4096,230400
19,51,4096,230400
19,26,5120,230400
19,25,6144,230400
19,26,8192,230400
25,26,1024,231424
25,26,2048,231424
25,52,2048,231424
25,26,3072,231424
25,51,3072,231424
25,26,4096,231424
25,25,5120,231424
25,26,7168,231424
26,26,1024,232448
26,52,1024,232448
26,26,2048,232448
26,51,2048,232448
26,26,3072,232448
26,25,4096,232448
26,26,6144,232448
26,52,0,233472
26,26,1024,233472
26,51,1024,233472
26,26,2048,233472
26,25,3072,233472
26,26,5120,233472
52,26,1024,233472
52,51,1024,233472
52,26,2048,233472
52,25,3072,233472
52,26,5120,233472
26,51,0,234496
26,26,1024,234496
26,25,2048,234496
26,26,4096,234496
51,26,1024,234496
51,25,2048,234496
51,26,4096,234496
26,25,1024,235520
26,26,3072,235520
25,26,2048,236544
26,78,19456,238592
78,43,18432,258048
78,43,20480,258048
43,43,2048,276480
43,24,4096,276480
43,44,4096,276480
43,24,5120,276480
43,24,6144,276480
43,49,6144,276480
43,24,7168,276480
43,24,8192,276480
43,49,8192,276480
43,25,9216,276480
43,49,9216,276480
43,49,10240,276480
43,24,11264,276480
43,29,12288,276480
43,24,2048,278528
43,44,2048,278528
43,24,3072,278528
43,24,4096,278528
43,49,4096,278528
43,24,5120,278528
43,24,6144,278528
43,49,6144,278528
43,25,7168,278528
43,49,7168,278528
43,49,8192,278528
43,24,9216,278528
43,29,10240,278528
43,29,11264,278528
24,44,0,280576
24,24,1024,280576
24,24,2048,280576
24,49,2048,280576
24,24,3072,280576
24,24,4096,280576
24,49,4096,280576
24,25,5120,280576
24,49,5120,280576
24,49,6144,280576
24,24,7168,280576
24,29,8192,280576
24,29,9216,280576
24,29,10240,280576
44,24,1024,280576
44,24,2048,280576
44,49,2048,280576
44,24,3072,280576
44,24,4096,280576
44,49,4096,280576
44,25,5120,280576
44,49,5120,280576
44,49,6144,280576
44,24,7168,280576
44,29,8192,280576
44,29,9216,280576
44,29,10240,280576
44,29,11264,280576
24,24,1024,281600
24,49,1024,281600
24,24,2048,281600
24,24,3072,281600
24,49,3072,281600
24,25,4096,281600
24,49,4096,281600
24,49,5120,281600
24,24,6144,281600
24,29,7168,281600
24,29,8192,281600
24,29,9216,281600
24,29,10240,281600
24,49,0,282624
24,24,1024,282624
24,24,2048,282624
24,49,2048,282624
24,25,3072,282624
24,49,3072,282624
24,49,4096,282624
24,24,5120,282624
24,29,6144,282624
24,29,7168,282624
24,29,8192,282624
24,29,9216,282624
49,24,1024,282624
49,24,2048,282624
49,49,2048,282624
49,25,3072,282624
49,49,3072,282624
49,49,4096,282624
49,24,5120,282624
49,29,6144,282624
49,29,7168,282624
49,29,8192,282624
49,29,9216,282624
24,24,1024,283648
24,49,1024,283648
24,25,2048,283648
24,49,2048,283648
24,49,3072,283648
24,24,4096,283648
24,29,5120,283648
24,29,6144,283648
24,29,7168,283648
24,29,8192,283648
24,87,20480,283648
24,49,0,284672
24,25,1024,284672
24,49,1024,284672
24,49,2048,284672
24,24,3072,284672
24,29,4096,284672
24,29,5120,284672
24,29,6144,284672
24,29,7168,284672
24,87,19456,284672
49,25,1024,284672
49,49,1024,284672
49,49,2048,284672
49,24,3072,284672
49,29,4096,284672
49,29,5120,284672
49,29,6144,284672
49,29,7168,284672
49,87,19456,284672
25,49,0,285696
25,49,1024,285696
25,24,2048,285696
25,29,3072,285696
25,29,4096,285696
25,29,5120,285696
25,29,6144,285696
25,87,18432,285696
49,49,1024,285696
49,24,2048,285696
49,29,3072,285696
49,29,4096,285696
49,29,5120,285696
49,29,6144,285696
49,87,18432,285696
49,24,1024,286720
49,29,2048,286720
49,29,3072,286720
49,29,4096,286720
49,29,5120,286720
49,87,17408,286720
24,29,1024,287744
24,29,2048,287744
24,29,3072,287744
24,29,4096,287744
24,87,16384,287744
29,29,1024,288768
29,29,2048,288768
29,29,3072,288768
29,87,15360,288768
29,97,20480,288768
29,29,1024,289792
29,29,2048,289792
29,87,14336,289792
29,97,19456,289792
29,29,1024,290816
29,87,13312,290816
29,97,18432,290816
29,87,12288,291840
29,97,17408,291840
29,100,20480,291840
87,97,5120,304128
87,100,8192,304128
87,19,20480,304128
97,100,3072,309248
97,19,15360,309248
97,24,16384,309248
97,24,17408,309248
97,25,18432,309248
100,19,12288,312320
100,24,13312,312320
100,24,14336,312320
100,25,15360,312320
19,24,1024,324608
19,24,2048,324608
19,25,3072,324608
24,24,1024,325632
24,25,2048,325632
24,25,1024,326656
