66,88,1024,0
66,88,2048,0
66,66,3072,0
66,66,4096,0
66,83,5120,0
66,88,8192,0
66,88,9216,0
66,88,10240,0
66,66,11264,0
66,49,12288,0
66,66,13312,0
66,111,14336,0
66,111,15360,0
66,66,16384,0
88,88,1024,1024
88,66,2048,1024
88,66,3072,1024
88,83,4096,1024
88,88,7168,1024
88,88,8192,1024
88,88,9216,1024
88,66,10240,1024
88,49,11264,1024
88,66,12288,1024
88,111,13312,1024
88,111,14336,1024
88,66,15360,1024
88,66,16384,1024
88,66,1024,2048
88,66,2048,2048
88,83,3072,2048
88,88,6144,2048
88,88,7168,2048
88,88,8192,2048
88,66,9216,2048
88,49,10240,2048
88,66,11264,2048
88,111,12288,2048
88,111,13312,2048
88,66,14336,2048
88,66,15360,2048
88,33,16384,2048
66,66,1024,3072
66,83,2048,3072
66,88,5120,3072
66,88,6144,3072
66,88,7168,3072
66,66,8192,3072
66,49,9216,3072
66,66,10240,3072
66,111,11264,3072
66,111,12288,3072
66,66,13312,3072
66,66,14336,3072
66,33,15360,3072
66,66,17408,3072
66,83,1024,4096
66,88,4096,4096
66,88,5120,4096
66,88,6144,4096
66,66,7168,4096
66,49,8192,4096
66,66,9216,4096
66,111,10240,4096
66,111,11264,4096
66,66,12288,4096
66,66,13312,4096
66,33,14336,4096
66,66,16384,4096
66,66,17408,4096
83,88,3072,5120
83,88,4096,5120
83,88,5120,5120
83,66,6144,5120
83,49,7168,5120
83,66,8192,5120
83,111,9216,5120
83,111,10240,5120
83,66,11264,5120
83,66,12288,5120
83,33,13312,5120
83,66,15360,5120
83,66,16384,5120
83,66,17408,5120
88,88,1024,8192
88,88,2048,8192
88,66,3072,8192
88,49,4096,8192
88,66,5120,8192
88,111,6144,8192
88,111,7168,8192
88,66,8192,8192
88,66,9216,8192
88,33,10240,8192
88,66,12288,8192
88,66,13312,8192
88,66,14336,8192
88,33,15360,8192
88,88,1024,9216
88,66,2048,9216
88,49,3072,9216
88,66,4096,9216
88,111,5120,9216
88,111,6144,9216
88,66,7168,9216
88,66,8192,9216
88,33,9216,9216
88,66,11264,9216
88,66,12288,9216
88,66,13312,9216
88,33,14336,9216
88,49,15360,9216
88,66,1024,10240
88,49,2048,10240
88,66,3072,10240
88,111,4096,10240
88,111,5120,10240
88,66,6144,10240
88,66,7168,10240
88,33,8192,10240
88,66,10240,10240
88,66,11264,10240
88,66,12288,10240
88,33,13312,10240
88,49,14336,10240
88,87,15360,10240
66,49,1024,11264
66,66,2048,11264
66,111,3072,11264
66,111,4096,11264
66,66,5120,11264
66,66,6144,11264
66,33,7168,11264
66,66,9216,11264
66,66,10240,11264
66,66,11264,11264
66,33,12288,11264
66,49,13312,11264
66,87,14336,11264
66,88,15360,11264
49,66,1024,12288
49,111,2048,12288
49,111,3072,12288
49,66,4096,12288
49,66,5120,12288
49,33,6144,12288
49,66,8192,12288
49,66,9216,12288
49,66,10240,12288
49,33,11264,12288
49,49,12288,12288
49,87,13312,12288
49,88,14336,12288
49,88,15360,12288
66,111,1024,13312
66,111,2048,13312
66,66,3072,13312
66,66,4096,13312
66,33,5120,13312
66,66,7168,13312
66,66,8192,13312
66,66,9216,13312
66,33,10240,13312
66,49,11264,13312
66,87,12288,13312
66,88,13312,13312
66,88,14336,13312
66,49,15360,13312
111,111,1024,14336
111,66,2048,14336
111,66,3072,14336
111,33,4096,14336
111,66,6144,14336
111,66,7168,14336
111,66,8192,14336
111,33,9216,14336
111,49,10240,14336
111,87,11264,14336
111,88,12288,14336
111,88,13312,14336
111,49,14336,14336
111,66,15360,14336
111,66,1024,15360
111,66,2048,15360
111,33,3072,15360
111,66,5120,15360
111,66,6144,15360
111,66,7168,15360
111,33,8192,15360
111,49,9216,15360
111,87,10240,15360
111,88,11264,15360
111,88,12288,15360
111,49,13312,15360
111,66,14336,15360
111,66,15360,15360
66,66,1024,16384
66,33,2048,16384
66,66,4096,16384
66,66,5120,16384
66,66,6144,16384
66,33,7168,16384
66,49,8192,16384
66,87,9216,16384
66,88,10240,16384
66,88,11264,16384
66,49,12288,16384
66,66,13312,16384
66,66,14336,16384
66,49,15360,16384
66,33,1024,17408
66,66,3072,17408
66,66,4096,17408
66,66,5120,17408
66,33,6144,17408
66,49,7168,17408
66,87,8192,17408
66,88,9216,17408
66,88,10240,17408
66,49,11264,17408
66,66,12288,17408
66,66,13312,17408
66,49,14336,17408
66,66,15360,17408
33,66,2048,18432
33,66,3072,18432
33,66,4096,18432
33,33,5120,18432
33,49,6144,18432
33,87,7168,18432
33,88,8192,18432
33,88,9216,18432
33,49,10240,18432
33,66,11264,18432
33,66,12288,18432
33,49,13312,18432
33,66,14336,18432
33,66,15360,18432
66,66,1024,20480
66,66,2048,20480
66,33,3072,20480
66,49,4096,20480
66,87,5120,20480
66,88,6144,20480
66,88,7168,20480
66,49,8192,20480
66,66,9216,20480
66,66,10240,20480
66,49,11264,20480
66,66,12288,20480
66,66,13312,20480
66,99,14336,20480
66,66,1024,21504
66,33,2048,21504
66,49,3072,21504
66,87,4096,21504
66,88,5120,21504
66,88,6144,21504
66,49,7168,21504
66,66,8192,21504
66,66,9216,21504
66,49,10240,21504
66,66,11264,21504
66,66,12288,21504
66,99,13312,21504
66,99,14336,21504
66,33,1024,22528
66,49,2048,22528
66,87,3072,22528
66,88,4096,22528
66,88,5120,22528
66,49,6144,22528
66,66,7168,22528
66,66,8192,22528
66,49,9216,22528
66,66,10240,22528
66,66,11264,22528
66,99,12288,22528
66,99,13312,22528
66,66,14336,22528
33,49,1024,23552
33,87,2048,23552
33,88,3072,23552
33,88,4096,23552
33,49,5120,23552
33,66,6144,23552
33,66,7168,23552
33,49,8192,23552
33,66,9216,23552
33,66,10240,23552
33,99,11264,23552
33,99,12288,23552
33,66,13312,23552
33,88,14336,23552
49,87,1024,24576
49,88,2048,24576
49,88,3072,24576
49,49,4096,24576
49,66,5120,24576
49,66,6144,24576
49,49,7168,24576
49,66,8192,24576
49,66,9216,24576
49,99,10240,24576
49,99,11264,24576
49,66,12288,24576
49,88,13312,24576
49,88,14336,24576
87,88,1024,25600
87,88,2048,25600
87,49,3072,25600
87,66,4096,25600
87,66,5120,25600
87,49,6144,25600
87,66,7168,25600
87,66,8192,25600
87,99,9216,25600
87,99,10240,25600
87,66,11264,25600
87,88,12288,25600
87,88,13312,25600
87,83,14336,25600
88,88,1024,26624
88,49,2048,26624
88,66,3072,26624
88,66,4096,26624
88,49,5120,26624
88,66,6144,26624
88,66,7168,26624
88,99,8192,26624
88,99,9216,26624
88,66,10240,26624
88,88,11264,26624
88,88,12288,26624
88,83,13312,26624
88,88,14336,26624
88,49,1024,27648
88,66,2048,27648
88,66,3072,27648
88,49,4096,27648
88,66,5120,27648
88,66,6144,27648
88,99,7168,27648
88,99,8192,27648
88,66,9216,27648
88,88,10240,27648
88,88,11264,27648
88,83,12288,27648
88,88,13312,27648
88,88,14336,27648
49,66,1024,28672
49,66,2048,28672
49,49,3072,28672
49,66,4096,28672
49,66,5120,28672
49,99,6144,28672
49,99,7168,28672
49,66,8192,28672
49,88,9216,28672
49,88,10240,28672
49,83,11264,28672
49,88,12288,28672
49,88,13312,28672
49,88,14336,28672
66,66,1024,29696
66,49,2048,29696
66,66,3072,29696
66,66,4096,29696
66,99,5120,29696
66,99,6144,29696
66,66,7168,29696
66,88,8192,29696
66,88,9216,29696
66,83,10240,29696
66,88,11264,29696
66,88,12288,29696
66,88,13312,29696
66,88,14336,29696
66,49,1024,30720
66,66,2048,30720
66,66,3072,30720
66,99,4096,30720
66,99,5120,30720
66,66,6144,30720
66,88,7168,30720
66,88,8192,30720
66,83,9216,30720
66,88,10240,30720
66,88,11264,30720
66,88,12288,30720
66,88,13312,30720
66,74,14336,30720
49,66,1024,31744
49,66,2048,31744
49,99,3072,31744
49,99,4096,31744
49,66,5120,31744
49,88,6144,31744
49,88,7168,31744
49,83,8192,31744
49,88,9216,31744
49,88,10240,31744
49,88,11264,31744
49,88,12288,31744
49,74,13312,31744
49,59,14336,31744
66,66,1024,32768
66,99,2048,32768
66,99,3072,32768
66,66,4096,32768
66,88,5120,32768
66,88,6144,32768
66,83,7168,32768
66,88,8192,32768
66,88,9216,32768
66,88,10240,32768
66,88,11264,32768
66,74,12288,32768
66,59,13312,32768
66,59,14336,32768
66,99,1024,33792
66,99,2048,33792
66,66,3072,33792
66,88,4096,33792
66,88,5120,33792
66,83,6144,33792
66,88,7168,33792
66,88,8192,33792
66,88,9216,33792
66,88,10240,33792
66,74,11264,33792
66,59,12288,33792
66,59,13312,33792
66,66,14336,33792
99,99,1024,34816
99,66,2048,34816
99,88,3072,34816
99,88,4096,34816
99,83,5120,34816
99,88,6144,34816
99,88,7168,34816
99,88,8192,34816
99,88,9216,34816
99,74,10240,34816
99,59,11264,34816
99,59,12288,34816
99,66,13312,34816
99,55,14336,34816
99,66,1024,35840
99,88,2048,35840
99,88,3072,35840
99,83,4096,35840
99,88,5120,35840
99,88,6144,35840
99,88,7168,35840
99,88,8192,35840
99,74,9216,35840
99,59,10240,35840
99,59,11264,35840
99,66,12288,35840
99,55,13312,35840
99,66,14336,35840
66,88,1024,36864
66,88,2048,36864
66,83,3072,36864
66,88,4096,36864
66,88,5120,36864
66,88,6144,36864
66,88,7168,36864
66,74,8192,36864
66,59,9216,36864
66,59,10240,36864
66,66,11264,36864
66,55,12288,36864
66,66,13312,36864
66,111,14336,36864
88,88,1024,37888
88,83,2048,37888
88,88,3072,37888
88,88,4096,37888
88,88,5120,37888
88,88,6144,37888
88,74,7168,37888
88,59,8192,37888
88,59,9216,37888
88,66,10240,37888
88,55,11264,37888
88,66,12288,37888
88,111,13312,37888
88,111,14336,37888
88,83,1024,38912
88,88,2048,38912
88,88,3072,38912
88,88,4096,38912
88,88,5120,38912
88,74,6144,38912
88,59,7168,38912
88,59,8192,38912
88,66,9216,38912
88,55,10240,38912
88,66,11264,38912
88,111,12288,38912
88,111,13312,38912
88,66,14336,38912
83,88,1024,39936
83,88,2048,39936
83,88,3072,39936
83,88,4096,39936
83,74,5120,39936
83,59,6144,39936
83,59,7168,39936
83,66,8192,39936
83,55,9216,39936
83,66,10240,39936
83,111,11264,39936
83,111,12288,39936
83,66,13312,39936
83,66,14336,39936
88,88,1024,40960
88,88,2048,40960
88,88,3072,40960
88,74,4096,40960
88,59,5120,40960
88,59,6144,40960
88,66,7168,40960
88,55,8192,40960
88,66,9216,40960
88,111,10240,40960
88,111,11264,40960
88,66,12288,40960
88,66,13312,40960
88,111,14336,40960
88,88,1024,41984
88,88,2048,41984
88,74,3072,41984
88,59,4096,41984
88,59,5120,41984
88,66,6144,41984
88,55,7168,41984
88,66,8192,41984
88,111,9216,41984
88,111,10240,41984
88,66,11264,41984
88,66,12288,41984
88,111,13312,41984
88,111,14336,41984
88,88,1024,43008
88,74,2048,43008
88,59,3072,43008
88,59,4096,43008
88,66,5120,43008
88,55,6144,43008
88,66,7168,43008
88,111,8192,43008
88,111,9216,43008
88,66,10240,43008
88,66,11264,43008
88,111,12288,43008
88,111,13312,43008
88,55,14336,43008
88,74,1024,44032
88,59,2048,44032
88,59,3072,44032
88,66,4096,44032
88,55,5120,44032
88,66,6144,44032
88,111,7168,44032
88,111,8192,44032
88,66,9216,44032
88,66,10240,44032
88,111,11264,44032
88,111,12288,44032
88,55,13312,44032
88,55,14336,44032
74,59,1024,45056
74,59,2048,45056
74,66,3072,45056
74,55,4096,45056
74,66,5120,45056
74,111,6144,45056
74,111,7168,45056
74,66,8192,45056
74,66,9216,45056
74,111,10240,45056
74,111,11264,45056
74,55,12288,45056
74,55,13312,45056
74,55,14336,45056
59,59,1024,46080
59,66,2048,46080
59,55,3072,46080
59,66,4096,46080
59,111,5120,46080
59,111,6144,46080
59,66,7168,46080
59,66,8192,46080
59,111,9216,46080
59,111,10240,46080
59,55,11264,46080
59,55,12288,46080
59,55,13312,46080
59,37,14336,46080
59,66,1024,47104
59,55,2048,47104
59,66,3072,47104
59,111,4096,47104
59,111,5120,47104
59,66,6144,47104
59,66,7168,47104
59,111,8192,47104
59,111,9216,47104
59,55,10240,47104
59,55,11264,47104
59,55,12288,47104
59,37,13312,47104
59,37,14336,47104
66,55,1024,48128
66,66,2048,48128
66,111,3072,48128
66,111,4096,48128
66,66,5120,48128
66,66,6144,48128
66,111,7168,48128
66,111,8192,48128
66,55,9216,48128
66,55,10240,48128
66,55,11264,48128
66,37,12288,48128
66,37,13312,48128
66,37,14336,48128
55,66,1024,49152
55,111,2048,49152
55,111,3072,49152
55,66,4096,49152
55,66,5120,49152
55,111,6144,49152
55,111,7168,49152
55,55,8192,49152
55,55,9216,49152
55,55,10240,49152
55,37,11264,49152
55,37,12288,49152
55,37,13312,49152
55,37,15360,49152
66,111,1024,50176
66,111,2048,50176
66,66,3072,50176
66,66,4096,50176
66,111,5120,50176
66,111,6144,50176
66,55,7168,50176
66,55,8192,50176
66,55,9216,50176
66,37,10240,50176
66,37,11264,50176
66,37,12288,50176
66,37,14336,50176
66,49,15360,50176
111,111,1024,51200
111,66,2048,51200
111,66,3072,51200
111,111,4096,51200
111,111,5120,51200
111,55,6144,51200
111,55,7168,51200
111,55,8192,51200
111,37,9216,51200
111,37,10240,51200
111,37,11264,51200
111,37,13312,51200
111,49,14336,51200
111,49,15360,51200
111,66,1024,52224
111,66,2048,52224
111,111,3072,52224
111,111,4096,52224
111,55,5120,52224
111,55,6144,52224
111,55,7168,52224
111,37,8192,52224
111,37,9216,52224
111,37,10240,52224
111,37,12288,52224
111,49,13312,52224
111,49,14336,52224
111,93,15360,52224
66,66,1024,53248
66,111,2048,53248
66,111,3072,53248
66,55,4096,53248
66,55,5120,53248
66,55,6144,53248
66,37,7168,53248
66,37,8192,53248
66,37,9216,53248
66,37,11264,53248
66,49,12288,53248
66,49,13312,53248
66,93,14336,53248
66,93,15360,53248
66,111,1024,54272
66,111,2048,54272
66,55,3072,54272
66,55,4096,54272
66,55,5120,54272
66,37,6144,54272
66,37,7168,54272
66,37,8192,54272
66,37,10240,54272
66,49,11264,54272
66,49,12288,54272
66,93,13312,54272
66,93,14336,54272
66,117,15360,54272
111,111,1024,55296
111,55,2048,55296
111,55,3072,55296
111,55,4096,55296
111,37,5120,55296
111,37,6144,55296
111,37,7168,55296
111,37,9216,55296
111,49,10240,55296
111,49,11264,55296
111,93,12288,55296
111,93,13312,55296
111,117,14336,55296
111,59,15360,55296
111,55,1024,56320
111,55,2048,56320
111,55,3072,56320
111,37,4096,56320
111,37,5120,56320
111,37,6144,56320
111,37,8192,56320
111,49,9216,56320
111,49,10240,56320
111,93,11264,56320
111,93,12288,56320
111,117,13312,56320
111,59,14336,56320
111,37,15360,56320
55,55,1024,57344
55,55,2048,57344
55,37,3072,57344
55,37,4096,57344
55,37,5120,57344
55,37,7168,57344
55,49,8192,57344
55,49,9216,57344
55,93,10240,57344
55,93,11264,57344
55,117,12288,57344
55,59,13312,57344
55,37,14336,57344
55,111,15360,57344
55,55,1024,58368
55,37,2048,58368
55,37,3072,58368
55,37,4096,58368
55,37,6144,58368
55,49,7168,58368
55,49,8192,58368
55,93,9216,58368
55,93,10240,58368
55,117,11264,58368
55,59,12288,58368
55,37,13312,58368
55,111,14336,58368
55,111,15360,58368
55,37,1024,59392
55,37,2048,59392
55,37,3072,59392
55,37,5120,59392
55,49,6144,59392
55,49,7168,59392
55,93,8192,59392
55,93,9216,59392
55,117,10240,59392
55,59,11264,59392
55,37,12288,59392
55,111,13312,59392
55,111,14336,59392
55,55,15360,59392
37,37,1024,60416
37,37,2048,60416
37,37,4096,60416
37,49,5120,60416
37,49,6144,60416
37,93,7168,60416
37,93,8192,60416
37,117,9216,60416
37,59,10240,60416
37,37,11264,60416
37,111,12288,60416
37,111,13312,60416
37,55,14336,60416
37,55,15360,60416
37,37,1024,61440
37,37,3072,61440
37,49,4096,61440
37,49,5120,61440
37,93,6144,61440
37,93,7168,61440
37,117,8192,61440
37,59,9216,61440
37,37,10240,61440
37,111,11264,61440
37,111,12288,61440
37,55,13312,61440
37,55,14336,61440
37,49,15360,61440
37,37,2048,62464
37,49,3072,62464
37,49,4096,62464
37,93,5120,62464
37,93,6144,62464
37,117,7168,62464
37,59,8192,62464
37,37,9216,62464
37,111,10240,62464
37,111,11264,62464
37,55,12288,62464
37,55,13312,62464
37,49,14336,62464
37,37,16384,62464
37,49,1024,64512
37,49,2048,64512
37,93,3072,64512
37,93,4096,64512
37,117,5120,64512
37,59,6144,64512
37,37,7168,64512
37,111,8192,64512
37,111,9216,64512
37,55,10240,64512
37,55,11264,64512
37,49,12288,64512
37,37,14336,64512
37,49,15360,64512
49,49,1024,65536
49,93,2048,65536
49,93,3072,65536
49,117,4096,65536
49,59,5120,65536
49,37,6144,65536
49,111,7168,65536
49,111,8192,65536
49,55,9216,65536
49,55,10240,65536
49,49,11264,65536
49,37,13312,65536
49,49,14336,65536
49,99,15360,65536
49,93,1024,66560
49,93,2048,66560
49,117,3072,66560
49,59,4096,66560
49,37,5120,66560
49,111,6144,66560
49,111,7168,66560
49,55,8192,66560
49,55,9216,66560
49,49,10240,66560
49,37,12288,66560
49,49,13312,66560
49,99,14336,66560
49,66,17408,66560
93,93,1024,67584
93,117,2048,67584
93,59,3072,67584
93,37,4096,67584
93,111,5120,67584
93,111,6144,67584
93,55,7168,67584
93,55,8192,67584
93,49,9216,67584
93,37,11264,67584
93,49,12288,67584
93,99,13312,67584
93,66,16384,67584
93,66,18432,67584
93,117,1024,68608
93,59,2048,68608
93,37,3072,68608
93,111,4096,68608
93,111,5120,68608
93,55,6144,68608
93,55,7168,68608
93,49,8192,68608
93,37,10240,68608
93,49,11264,68608
93,99,12288,68608
93,66,15360,68608
93,66,17408,68608
93,66,18432,68608
117,59,1024,69632
117,37,2048,69632
117,111,3072,69632
117,111,4096,69632
117,55,5120,69632
117,55,6144,69632
117,49,7168,69632
117,37,9216,69632
117,49,10240,69632
117,99,11264,69632
117,66,14336,69632
117,66,16384,69632
117,66,17408,69632
117,66,18432,69632
59,37,1024,70656
59,111,2048,70656
59,111,3072,70656
59,55,4096,70656
59,55,5120,70656
59,49,6144,70656
59,37,8192,70656
59,49,9216,70656
59,99,10240,70656
59,66,13312,70656
59,66,15360,70656
59,66,16384,70656
59,66,17408,70656
59,66,18432,70656
37,111,1024,71680
37,111,2048,71680
37,55,3072,71680
37,55,4096,71680
37,49,5120,71680
37,37,7168,71680
37,49,8192,71680
37,99,9216,71680
37,66,12288,71680
37,66,14336,71680
37,66,15360,71680
37,66,16384,71680
37,66,17408,71680
37,66,18432,71680
111,111,1024,72704
111,55,2048,72704
111,55,3072,72704
111,49,4096,72704
111,37,6144,72704
111,49,7168,72704
111,99,8192,72704
111,66,11264,72704
111,66,13312,72704
111,66,14336,72704
111,66,15360,72704
111,66,16384,72704
111,66,17408,72704
111,66,19456,72704
111,55,1024,73728
111,55,2048,73728
111,49,3072,73728
111,37,5120,73728
111,49,6144,73728
111,99,7168,73728
111,66,10240,73728
111,66,12288,73728
111,66,13312,73728
111,66,14336,73728
111,66,15360,73728
111,66,16384,73728
111,66,18432,73728
111,88,19456,73728
55,55,1024,74752
55,49,2048,74752
55,37,4096,74752
55,49,5120,74752
55,99,6144,74752
55,66,9216,74752
55,66,11264,74752
55,66,12288,74752
55,66,13312,74752
55,66,14336,74752
55,66,15360,74752
55,66,17408,74752
55,88,18432,74752
55,88,19456,74752
55,49,1024,75776
55,37,3072,75776
55,49,4096,75776
55,99,5120,75776
55,66,8192,75776
55,66,10240,75776
55,66,11264,75776
55,66,12288,75776
55,66,13312,75776
55,66,14336,75776
55,66,16384,75776
55,88,17408,75776
55,88,18432,75776
55,88,19456,75776
49,37,2048,76800
49,49,3072,76800
49,99,4096,76800
49,66,7168,76800
49,66,9216,76800
49,66,10240,76800
49,66,11264,76800
49,66,12288,76800
49,66,13312,76800
49,66,15360,76800
49,88,16384,76800
49,88,17408,76800
49,88,18432,76800
49,88,19456,76800
37,49,1024,78848
37,99,2048,78848
37,66,5120,78848
37,66,7168,78848
37,66,8192,78848
37,66,9216,78848
37,66,10240,78848
37,66,11264,78848
37,66,13312,78848
37,88,14336,78848
37,88,15360,78848
37,88,16384,78848
37,88,17408,78848
37,111,18432,78848
49,99,1024,79872
49,66,4096,79872
49,66,6144,79872
49,66,7168,79872
49,66,8192,79872
49,66,9216,79872
49,66,10240,79872
49,66,12288,79872
49,88,13312,79872
49,88,14336,79872
49,88,15360,79872
49,88,16384,79872
49,111,17408,79872
49,55,18432,79872
99,66,3072,80896
99,66,5120,80896
99,66,6144,80896
99,66,7168,80896
99,66,8192,80896
99,66,9216,80896
99,66,11264,80896
99,88,12288,80896
99,88,13312,80896
99,88,14336,80896
99,88,15360,80896
99,111,16384,80896
99,55,17408,80896
99,66,18432,80896
66,66,2048,83968
66,66,3072,83968
66,66,4096,83968
66,66,5120,83968
66,66,6144,83968
66,66,8192,83968
66,88,9216,83968
66,88,10240,83968
66,88,11264,83968
66,88,12288,83968
66,111,13312,83968
66,55,14336,83968
66,66,15360,83968
66,66,16384,83968
66,66,1024,86016
66,66,2048,86016
66,66,3072,86016
66,66,4096,86016
66,66,6144,86016
66,88,7168,86016
66,88,8192,86016
66,88,9216,86016
66,88,10240,86016
66,111,11264,86016
66,55,12288,86016
66,66,13312,86016
66,66,14336,86016
66,66,16384,86016
66,66,1024,87040
66,66,2048,87040
66,66,3072,87040
66,66,5120,87040
66,88,6144,87040
66,88,7168,87040
66,88,8192,87040
66,88,9216,87040
66,111,10240,87040
66,55,11264,87040
66,66,12288,87040
66,66,13312,87040
66,66,15360,87040
66,66,16384,87040
66,66,1024,88064
66,66,2048,88064
66,66,4096,88064
66,88,5120,88064
66,88,6144,88064
66,88,7168,88064
66,88,8192,88064
66,111,9216,88064
66,55,10240,88064
66,66,11264,88064
66,66,12288,88064
66,66,14336,88064
66,66,15360,88064
66,88,16384,88064
66,66,1024,89088
66,66,3072,89088
66,88,4096,89088
66,88,5120,89088
66,88,6144,89088
66,88,7168,89088
66,111,8192,89088
66,55,9216,89088
66,66,10240,89088
66,66,11264,89088
66,66,13312,89088
66,66,14336,89088
66,88,15360,89088
66,88,16384,89088
66,66,2048,90112
66,88,3072,90112
66,88,4096,90112
66,88,5120,90112
66,88,6144,90112
66,111,7168,90112
66,55,8192,90112
66,66,9216,90112
66,66,10240,90112
66,66,12288,90112
66,66,13312,90112
66,88,14336,90112
66,88,15360,90112
66,66,16384,90112
66,88,1024,92160
66,88,2048,92160
66,88,3072,92160
66,88,4096,92160
66,111,5120,92160
66,55,6144,92160
66,66,7168,92160
66,66,8192,92160
66,66,10240,92160
66,66,11264,92160
66,88,12288,92160
66,88,13312,92160
66,66,14336,92160
66,49,15360,92160
88,88,1024,93184
88,88,2048,93184
88,88,3072,93184
88,111,4096,93184
88,55,5120,93184
88,66,6144,93184
88,66,7168,93184
88,66,9216,93184
88,66,10240,93184
88,88,11264,93184
88,88,12288,93184
88,66,13312,93184
88,49,14336,93184
88,66,16384,93184
88,88,1024,94208
88,88,2048,94208
88,111,3072,94208
88,55,4096,94208
88,66,5120,94208
88,66,6144,94208
88,66,8192,94208
88,66,9216,94208
88,88,10240,94208
88,88,11264,94208
88,66,12288,94208
88,49,13312,94208
88,66,15360,94208
88,66,16384,94208
88,88,1024,95232
88,111,2048,95232
88,55,3072,95232
88,66,4096,95232
88,66,5120,95232
88,66,7168,95232
88,66,8192,95232
88,88,9216,95232
88,88,10240,95232
88,66,11264,95232
88,49,12288,95232
88,66,14336,95232
88,66,15360,95232
88,66,16384,95232
88,111,1024,96256
88,55,2048,96256
88,66,3072,96256
88,66,4096,96256
88,66,6144,96256
88,66,7168,96256
88,88,8192,96256
88,88,9216,96256
88,66,10240,96256
88,49,11264,96256
88,66,13312,96256
88,66,14336,96256
88,66,15360,96256
111,55,1024,97280
111,66,2048,97280
111,66,3072,97280
111,66,5120,97280
111,66,6144,97280
111,88,7168,97280
111,88,8192,97280
111,66,9216,97280
111,49,10240,97280
111,66,12288,97280
111,66,13312,97280
111,66,14336,97280
55,66,1024,98304
55,66,2048,98304
55,66,4096,98304
55,66,5120,98304
55,88,6144,98304
55,88,7168,98304
55,66,8192,98304
55,49,9216,98304
55,66,11264,98304
55,66,12288,98304
55,66,13312,98304
66,66,1024,99328
66,66,3072,99328
66,66,4096,99328
66,88,5120,99328
66,88,6144,99328
66,66,7168,99328
66,49,8192,99328
66,66,10240,99328
66,66,11264,99328
66,66,12288,99328
66,88,20480,99328
66,66,2048,100352
66,66,3072,100352
66,88,4096,100352
66,88,5120,100352
66,66,6144,100352
66,49,7168,100352
66,66,9216,100352
66,66,10240,100352
66,66,11264,100352
66,88,19456,100352
66,66,1024,102400
66,88,2048,102400
66,88,3072,102400
66,66,4096,102400
66,49,5120,102400
66,66,7168,102400
66,66,8192,102400
66,66,9216,102400
66,88,17408,102400
66,88,1024,103424
66,88,2048,103424
66,66,3072,103424
66,49,4096,103424
66,66,6144,103424
66,66,7168,103424
66,66,8192,103424
66,88,16384,103424
88,88,1024,104448
88,66,2048,104448
88,49,3072,104448
88,66,5120,104448
88,66,6144,104448
88,66,7168,104448
88,88,15360,104448
88,66,1024,105472
88,49,2048,105472
88,66,4096,105472
88,66,5120,105472
88,66,6144,105472
88,88,14336,105472
66,49,1024,106496
66,66,3072,106496
66,66,4096,106496
66,66,5120,106496
66,88,13312,106496
49,66,2048,107520
49,66,3072,107520
49,66,4096,107520
49,88,12288,107520
49,22,20480,107520
66,66,1024,109568
66,66,2048,109568
66,88,10240,109568
66,22,18432,109568
66,22,20480,109568
66,66,1024,110592
66,88,9216,110592
66,22,17408,110592
66,22,19456,110592
66,22,20480,110592
66,88,8192,111616
66,22,16384,111616
66,22,18432,111616
66,22,19456,111616
88,22,8192,119808
88,22,10240,119808
88,22,11264,119808
88,22,13312,119808
88,88,18432,119808
88,88,19456,119808
88,88,20480,119808
22,22,2048,128000
22,22,3072,128000
22,22,5120,128000
22,88,10240,128000
22,88,11264,128000
22,88,12288,128000
22,88,13312,128000
22,88,15360,128000
22,88,16384,128000
22,88,17408,128000
22,88,18432,128000
22,78,19456,128000
22,78,20480,128000
22,22,1024,130048
22,22,3072,130048
22,88,8192,130048
22,88,9216,130048
22,88,10240,130048
22,88,11264,130048
22,88,13312,130048
22,88,14336,130048
22,88,15360,130048
22,88,16384,130048
22,78,17408,130048
22,78,18432,130048
22,66,19456,130048
22,88,20480,130048
22,22,2048,131072
22,88,7168,131072
22,88,8192,131072
22,88,9216,131072
22,88,10240,131072
22,88,12288,131072
22,88,13312,131072
22,88,14336,131072
22,88,15360,131072
22,78,16384,131072
22,78,17408,131072
22,66,18432,131072
22,88,19456,131072
22,88,20480,131072
22,88,5120,133120
22,88,6144,133120
22,88,7168,133120
22,88,8192,133120
22,88,10240,133120
22,88,11264,133120
22,88,12288,133120
22,88,13312,133120
22,78,14336,133120
22,78,15360,133120
22,66,16384,133120
22,88,17408,133120
22,88,18432,133120
22,88,19456,133120
88,88,1024,138240
88,88,2048,138240
88,88,3072,138240
88,88,5120,138240
88,88,6144,138240
88,88,7168,138240
88,88,8192,138240
88,78,9216,138240
88,78,10240,138240
88,66,11264,138240
88,88,12288,138240
88,88,13312,138240
88,88,14336,138240
88,93,15360,138240
88,88,1024,139264
88,88,2048,139264
88,88,4096,139264
88,88,5120,139264
88,88,6144,139264
88,88,7168,139264
88,78,8192,139264
88,78,9216,139264
88,66,10240,139264
88,88,11264,139264
88,88,12288,139264
88,88,13312,139264
88,93,14336,139264
88,93,15360,139264
88,88,1024,140288
88,88,3072,140288
88,88,4096,140288
88,88,5120,140288
88,88,6144,140288
88,78,7168,140288
88,78,8192,140288
88,66,9216,140288
88,88,10240,140288
88,88,11264,140288
88,88,12288,140288
88,93,13312,140288
88,93,14336,140288
88,93,15360,140288
88,88,2048,141312
88,88,3072,141312
88,88,4096,141312
88,88,5120,141312
88,78,6144,141312
88,78,7168,141312
88,66,8192,141312
88,88,9216,141312
88,88,10240,141312
88,88,11264,141312
88,93,12288,141312
88,93,13312,141312
88,93,14336,141312
88,93,15360,141312
88,88,1024,143360
88,88,2048,143360
88,88,3072,143360
88,78,4096,143360
88,78,5120,143360
88,66,6144,143360
88,88,7168,143360
88,88,8192,143360
88,88,9216,143360
88,93,10240,143360
88,93,11264,143360
88,93,12288,143360
88,93,13312,143360
88,105,14336,143360
88,88,1024,144384
88,88,2048,144384
88,78,3072,144384
88,78,4096,144384
88,66,5120,144384
88,88,6144,144384
88,88,7168,144384
88,88,8192,144384
88,93,9216,144384
88,93,10240,144384
88,93,11264,144384
88,93,12288,144384
88,105,13312,144384
88,105,14336,144384
88,88,1024,145408
88,78,2048,145408
88,78,3072,145408
88,66,4096,145408
88,88,5120,145408
88,88,6144,145408
88,88,7168,145408
88,93,8192,145408
88,93,9216,145408
88,93,10240,145408
88,93,11264,145408
88,105,12288,145408
88,105,13312,145408
88,17,15360,145408
88,78,1024,146432
88,78,2048,146432
88,66,3072,146432
88,88,4096,146432
88,88,5120,146432
88,88,6144,146432
88,93,7168,146432
88,93,8192,146432
88,93,9216,146432
88,93,10240,146432
88,105,11264,146432
88,105,12288,146432
88,17,14336,146432
78,78,1024,147456
78,66,2048,147456
78,88,3072,147456
78,88,4096,147456
78,88,5120,147456
78,93,6144,147456
78,93,7168,147456
78,93,8192,147456
78,93,9216,147456
78,105,10240,147456
78,105,11264,147456
78,17,13312,147456
78,66,1024,148480
78,88,2048,148480
78,88,3072,148480
78,88,4096,148480
78,93,5120,148480
78,93,6144,148480
78,93,7168,148480
78,93,8192,148480
78,105,9216,148480
78,105,10240,148480
78,17,12288,148480
66,88,1024,149504
66,88,2048,149504
66,88,3072,149504
66,93,4096,149504
66,93,5120,149504
66,93,6144,149504
66,93,7168,149504
66,105,8192,149504
66,105,9216,149504
66,17,11264,149504
88,88,1024,150528
88,88,2048,150528
88,93,3072,150528
88,93,4096,150528
88,93,5120,150528
88,93,6144,150528
88,105,7168,150528
88,105,8192,150528
88,17,10240,150528
88,88,1024,151552
88,93,2048,151552
88,93,3072,151552
88,93,4096,151552
88,93,5120,151552
88,105,6144,151552
88,105,7168,151552
88,17,9216,151552
88,93,1024,152576
88,93,2048,152576
88,93,3072,152576
88,93,4096,152576
88,105,5120,152576
88,105,6144,152576
88,17,8192,152576
93,93,1024,153600
93,93,2048,153600
93,93,3072,153600
93,105,4096,153600
93,105,5120,153600
93,17,7168,153600
93,93,1024,154624
93,93,2048,154624
93,105,3072,154624
93,105,4096,154624
93,17,6144,154624
93,93,1024,155648
93,105,2048,155648
93,105,3072,155648
93,17,5120,155648
93,105,1024,156672
93,105,2048,156672
93,17,4096,156672
105,105,1024,157696
105,17,3072,157696
105,17,2048,158720
