82,82,1024,0
82,73,2048,0
82,147,3072,0
82,73,4096,0
82,98,5120,0
82,97,6144,0
82,97,7168,0
82,49,8192,0
82,97,9216,0
82,130,10240,0
82,98,11264,0
82,65,12288,0
82,43,13312,0
82,98,14336,0
82,73,1024,1024
82,147,2048,1024
82,73,3072,1024
82,98,4096,1024
82,97,5120,1024
82,97,6144,1024
82,49,7168,1024
82,97,8192,1024
82,130,9216,1024
82,98,10240,1024
82,65,11264,1024
82,43,12288,1024
82,98,13312,1024
82,98,14336,1024
73,147,1024,2048
73,73,2048,2048
73,98,3072,2048
73,97,4096,2048
73,97,5120,2048
73,49,6144,2048
73,97,7168,2048
73,130,8192,2048
73,98,9216,2048
73,65,10240,2048
73,43,11264,2048
73,98,12288,2048
73,98,13312,2048
73,43,14336,2048
147,73,1024,3072
147,98,2048,3072
147,97,3072,3072
147,97,4096,3072
147,49,5120,3072
147,97,6144,3072
147,130,7168,3072
147,98,8192,3072
147,65,9216,3072
147,43,10240,3072
147,98,11264,3072
147,98,12288,3072
147,43,13312,3072
147,43,14336,3072
73,98,1024,4096
73,97,2048,4096
73,97,3072,4096
73,49,4096,4096
73,97,5120,4096
73,130,6144,4096
73,98,7168,4096
73,65,8192,4096
73,43,9216,4096
73,98,10240,4096
73,98,11264,4096
73,43,12288,4096
73,43,13312,4096
73,43,14336,4096
98,97,1024,5120
98,97,2048,5120
98,49,3072,5120
98,97,4096,5120
98,130,5120,5120
98,98,6144,5120
98,65,7168,5120
98,43,8192,5120
98,98,9216,5120
98,98,10240,5120
98,43,11264,5120
98,43,12288,5120
98,43,13312,5120
98,82,14336,5120
97,97,1024,6144
97,49,2048,6144
97,97,3072,6144
97,130,4096,6144
97,98,5120,6144
97,65,6144,6144
97,43,7168,6144
97,98,8192,6144
97,98,9216,6144
97,43,10240,6144
97,43,11264,6144
97,43,12288,6144
97,82,13312,6144
97,82,14336,6144
97,49,1024,7168
97,97,2048,7168
97,130,3072,7168
97,98,4096,7168
97,65,5120,7168
97,43,6144,7168
97,98,7168,7168
97,98,8192,7168
97,43,9216,7168
97,43,10240,7168
97,43,11264,7168
97,82,12288,7168
97,82,13312,7168
97,82,14336,7168
49,97,1024,8192
49,130,2048,8192
49,98,3072,8192
49,65,4096,8192
49,43,5120,8192
49,98,6144,8192
49,98,7168,8192
49,43,8192,8192
49,43,9216,8192
49,43,10240,8192
49,82,11264,8192
49,82,12288,8192
49,82,13312,8192
49,82,14336,8192
97,130,1024,9216
97,98,2048,9216
97,65,3072,9216
97,43,4096,9216
97,98,5120,9216
97,98,6144,9216
97,43,7168,9216
97,43,8192,9216
97,43,9216,9216
97,82,10240,9216
97,82,11264,9216
97,82,12288,9216
97,82,13312,9216
97,82,14336,9216
130,98,1024,10240
130,65,2048,10240
130,43,3072,10240
130,98,4096,10240
130,98,5120,10240
130,43,6144,10240
130,43,7168,10240
130,43,8192,10240
130,82,9216,10240
130,82,10240,10240
130,82,11264,10240
130,82,12288,10240
130,82,13312,10240
130,98,15360,10240
98,65,1024,11264
98,43,2048,11264
98,98,3072,11264
98,98,4096,11264
98,43,5120,11264
98,43,6144,11264
98,43,7168,11264
98,82,8192,11264
98,82,9216,11264
98,82,10240,11264
98,82,11264,11264
98,82,12288,11264
98,98,14336,11264
98,41,15360,11264
65,43,1024,12288
65,98,2048,12288
65,98,3072,12288
65,43,4096,12288
65,43,5120,12288
65,43,6144,12288
65,82,7168,12288
65,82,8192,12288
65,82,9216,12288
65,82,10240,12288
65,82,11264,12288
65,98,13312,12288
65,41,14336,12288
65,41,15360,12288
43,98,1024,13312
43,98,2048,13312
43,43,3072,13312
43,43,4096,13312
43,43,5120,13312
43,82,6144,13312
43,82,7168,13312
43,82,8192,13312
43,82,9216,13312
43,82,10240,13312
43,98,12288,13312
43,41,13312,13312
43,41,14336,13312
43,82,15360,13312
98,98,1024,14336
98,43,2048,14336
98,43,3072,14336
98,43,4096,14336
98,82,5120,14336
98,82,6144,14336
98,82,7168,14336
98,82,8192,14336
98,82,9216,14336
98,98,11264,14336
98,41,12288,14336
98,41,13312,14336
98,82,14336,14336
98,82,15360,14336
98,43,1024,15360
98,43,2048,15360
98,43,3072,15360
98,82,4096,15360
98,82,5120,15360
98,82,6144,15360
98,82,7168,15360
98,82,8192,15360
98,98,10240,15360
98,41,11264,15360
98,41,12288,15360
98,82,13312,15360
98,82,14336,15360
98,98,15360,15360
43,43,1024,16384
43,43,2048,16384
43,82,3072,16384
43,82,4096,16384
43,82,5120,16384
43,82,6144,16384
43,82,7168,16384
43,98,9216,16384
43,41,10240,16384
43,41,11264,16384
43,82,12288,16384
43,82,13312,16384
43,98,14336,16384
43,82,15360,16384
43,43,1024,17408
43,82,2048,17408
43,82,3072,17408
43,82,4096,17408
43,82,5120,17408
43,82,6144,17408
43,98,8192,17408
43,41,9216,17408
43,41,10240,17408
43,82,11264,17408
43,82,12288,17408
43,98,13312,17408
43,82,14336,17408
43,43,15360,17408
43,82,1024,18432
43,82,2048,18432
43,82,3072,18432
43,82,4096,18432
43,82,5120,18432
43,98,7168,18432
43,41,8192,18432
43,41,9216,18432
43,82,10240,18432
43,82,11264,18432
43,98,12288,18432
43,82,13312,18432
43,43,14336,18432
43,65,15360,18432
82,82,1024,19456
82,82,2048,19456
82,82,3072,19456
82,82,4096,19456
82,98,6144,19456
82,41,7168,19456
82,41,8192,19456
82,82,9216,19456
82,82,10240,19456
82,98,11264,19456
82,82,12288,19456
82,43,13312,19456
82,65,14336,19456
82,65,15360,19456
82,82,1024,20480
82,82,2048,20480
82,82,3072,20480
82,98,5120,20480
82,41,6144,20480
82,41,7168,20480
82,82,8192,20480
82,82,9216,20480
82,98,10240,20480
82,82,11264,20480
82,43,12288,20480
82,65,13312,20480
82,65,14336,20480
82,43,15360,20480
82,82,1024,21504
82,82,2048,21504
82,98,4096,21504
82,41,5120,21504
82,41,6144,21504
82,82,7168,21504
82,82,8192,21504
82,98,9216,21504
82,82,10240,21504
82,43,11264,21504
82,65,12288,21504
82,65,13312,21504
82,43,14336,21504
82,65,15360,21504
82,82,1024,22528
82,98,3072,22528
82,41,4096,22528
82,41,5120,22528
82,82,6144,22528
82,82,7168,22528
82,98,8192,22528
82,82,9216,22528
82,43,10240,22528
82,65,11264,22528
82,65,12288,22528
82,43,13312,22528
82,65,14336,22528
82,97,17408,22528
82,98,2048,23552
82,41,3072,23552
82,41,4096,23552
82,82,5120,23552
82,82,6144,23552
82,98,7168,23552
82,82,8192,23552
82,43,9216,23552
82,65,10240,23552
82,65,11264,23552
82,43,12288,23552
82,65,13312,23552
82,97,16384,23552
82,49,17408,23552
98,41,1024,25600
98,41,2048,25600
98,82,3072,25600
98,82,4096,25600
98,98,5120,25600
98,82,6144,25600
98,43,7168,25600
98,65,8192,25600
98,65,9216,25600
98,43,10240,25600
98,65,11264,25600
98,97,14336,25600
98,49,15360,25600
98,97,16384,25600
41,41,1024,26624
41,82,2048,26624
41,82,3072,26624
41,98,4096,26624
41,82,5120,26624
41,43,6144,26624
41,65,7168,26624
41,65,8192,26624
41,43,9216,26624
41,65,10240,26624
41,97,13312,26624
41,49,14336,26624
41,97,15360,26624
41,82,1024,27648
41,82,2048,27648
41,98,3072,27648
41,82,4096,27648
41,43,5120,27648
41,65,6144,27648
41,65,7168,27648
41,43,8192,27648
41,65,9216,27648
41,97,12288,27648
41,49,13312,27648
41,97,14336,27648
41,82,20480,27648
82,82,1024,28672
82,98,2048,28672
82,82,3072,28672
82,43,4096,28672
82,65,5120,28672
82,65,6144,28672
82,43,7168,28672
82,65,8192,28672
82,97,11264,28672
82,49,12288,28672
82,97,13312,28672
82,82,19456,28672
82,83,20480,28672
82,98,1024,29696
82,82,2048,29696
82,43,3072,29696
82,65,4096,29696
82,65,5120,29696
82,43,6144,29696
82,65,7168,29696
82,97,10240,29696
82,49,11264,29696
82,97,12288,29696
82,82,18432,29696
82,83,19456,29696
82,82,20480,29696
98,82,1024,30720
98,43,2048,30720
98,65,3072,30720
98,65,4096,30720
98,43,5120,30720
98,65,6144,30720
98,97,9216,30720
98,49,10240,30720
98,97,11264,30720
98,82,17408,30720
98,83,18432,30720
98,82,19456,30720
98,82,20480,30720
82,43,1024,31744
82,65,2048,31744
82,65,3072,31744
82,43,4096,31744
82,65,5120,31744
82,97,8192,31744
82,49,9216,31744
82,97,10240,31744
82,82,16384,31744
82,83,17408,31744
82,82,18432,31744
82,82,19456,31744
82,98,20480,31744
43,65,1024,32768
43,65,2048,32768
43,43,3072,32768
43,65,4096,32768
43,97,7168,32768
43,49,8192,32768
43,97,9216,32768
43,82,15360,32768
43,83,16384,32768
43,82,17408,32768
43,82,18432,32768
43,98,19456,32768
43,98,20480,32768
65,65,1024,33792
65,43,2048,33792
65,65,3072,33792
65,97,6144,33792
65,49,7168,33792
65,97,8192,33792
65,82,14336,33792
65,83,15360,33792
65,82,16384,33792
65,82,17408,33792
65,98,18432,33792
65,98,19456,33792
65,65,20480,33792
65,43,1024,34816
65,65,2048,34816
65,97,5120,34816
65,49,6144,34816
65,97,7168,34816
65,82,13312,34816
65,83,14336,34816
65,82,15360,34816
65,82,16384,34816
65,98,17408,34816
65,98,18432,34816
65,65,19456,34816
65,98,20480,34816
43,65,1024,35840
43,97,4096,35840
43,49,5120,35840
43,97,6144,35840
43,82,12288,35840
43,83,13312,35840
43,82,14336,35840
43,82,15360,35840
43,98,16384,35840
43,98,17408,35840
43,65,18432,35840
43,98,19456,35840
43,98,20480,35840
65,97,3072,36864
65,49,4096,36864
65,97,5120,36864
65,82,11264,36864
65,83,12288,36864
65,82,13312,36864
65,82,14336,36864
65,98,15360,36864
65,98,16384,36864
65,65,17408,36864
65,98,18432,36864
65,98,19456,36864
65,55,20480,36864
97,49,1024,39936
97,97,2048,39936
97,82,8192,39936
97,83,9216,39936
97,82,10240,39936
97,82,11264,39936
97,98,12288,39936
97,98,13312,39936
97,65,14336,39936
97,98,15360,39936
97,98,16384,39936
97,55,17408,39936
97,98,18432,39936
97,98,19456,39936
49,97,1024,40960
49,82,7168,40960
49,83,8192,40960
49,82,9216,40960
49,82,10240,40960
49,98,11264,40960
49,98,12288,40960
49,65,13312,40960
49,98,14336,40960
49,98,15360,40960
49,55,16384,40960
49,98,17408,40960
49,98,18432,40960
49,61,19456,40960
97,82,6144,41984
97,83,7168,41984
97,82,8192,41984
97,82,9216,41984
97,98,10240,41984
97,98,11264,41984
97,65,12288,41984
97,98,13312,41984
97,98,14336,41984
97,55,15360,41984
97,98,16384,41984
97,98,17408,41984
97,61,18432,41984
97,61,19456,41984
82,83,1024,48128
82,82,2048,48128
82,82,3072,48128
82,98,4096,48128
82,98,5120,48128
82,65,6144,48128
82,98,7168,48128
82,98,8192,48128
82,55,9216,48128
82,98,10240,48128
82,98,11264,48128
82,61,12288,48128
82,61,13312,48128
82,61,14336,48128
83,82,1024,49152
83,82,2048,49152
83,98,3072,49152
83,98,4096,49152
83,65,5120,49152
83,98,6144,49152
83,98,7168,49152
83,55,8192,49152
83,98,9216,49152
83,98,10240,49152
83,61,11264,49152
83,61,12288,49152
83,61,13312,49152
83,61,14336,49152
82,82,1024,50176
82,98,2048,50176
82,98,3072,50176
82,65,4096,50176
82,98,5120,50176
82,98,6144,50176
82,55,7168,50176
82,98,8192,50176
82,98,9216,50176
82,61,10240,50176
82,61,11264,50176
82,61,12288,50176
82,61,13312,50176
82,65,14336,50176
82,98,1024,51200
82,98,2048,51200
82,65,3072,51200
82,98,4096,51200
82,98,5120,51200
82,55,6144,51200
82,98,7168,51200
82,98,8192,51200
82,61,9216,51200
82,61,10240,51200
82,61,11264,51200
82,61,12288,51200
82,65,13312,51200
82,65,14336,51200
98,98,1024,52224
98,65,2048,52224
98,98,3072,52224
98,98,4096,52224
98,55,5120,52224
98,98,6144,52224
98,98,7168,52224
98,61,8192,52224
98,61,9216,52224
98,61,10240,52224
98,61,11264,52224
98,65,12288,52224
98,65,13312,52224
98,65,14336,52224
98,65,1024,53248
98,98,2048,53248
98,98,3072,53248
98,55,4096,53248
98,98,5120,53248
98,98,6144,53248
98,61,7168,53248
98,61,8192,53248
98,61,9216,53248
98,61,10240,53248
98,65,11264,53248
98,65,12288,53248
98,65,13312,53248
98,65,14336,53248
65,98,1024,54272
65,98,2048,54272
65,55,3072,54272
65,98,4096,54272
65,98,5120,54272
65,61,6144,54272
65,61,7168,54272
65,61,8192,54272
65,61,9216,54272
65,65,10240,54272
65,65,11264,54272
65,65,12288,54272
65,65,13312,54272
65,82,14336,54272
98,98,1024,55296
98,55,2048,55296
98,98,3072,55296
98,98,4096,55296
98,61,5120,55296
98,61,6144,55296
98,61,7168,55296
98,61,8192,55296
98,65,9216,55296
98,65,10240,55296
98,65,11264,55296
98,65,12288,55296
98,82,13312,55296
98,82,14336,55296
98,55,1024,56320
98,98,2048,56320
98,98,3072,56320
98,61,4096,56320
98,61,5120,56320
98,61,6144,56320
98,61,7168,56320
98,65,8192,56320
98,65,9216,56320
98,65,10240,56320
98,65,11264,56320
98,82,12288,56320
98,82,13312,56320
98,82,14336,56320
55,98,1024,57344
55,98,2048,57344
55,61,3072,57344
55,61,4096,57344
55,61,5120,57344
55,61,6144,57344
55,65,7168,57344
55,65,8192,57344
55,65,9216,57344
55,65,10240,57344
55,82,11264,57344
55,82,12288,57344
55,82,13312,57344
55,82,14336,57344
98,98,1024,58368
98,61,2048,58368
98,61,3072,58368
98,61,4096,58368
98,61,5120,58368
98,65,6144,58368
98,65,7168,58368
98,65,8192,58368
98,65,9216,58368
98,82,10240,58368
98,82,11264,58368
98,82,12288,58368
98,82,13312,58368
98,82,14336,58368
98,61,1024,59392
98,61,2048,59392
98,61,3072,59392
98,61,4096,59392
98,65,5120,59392
98,65,6144,59392
98,65,7168,59392
98,65,8192,59392
98,82,9216,59392
98,82,10240,59392
98,82,11264,59392
98,82,12288,59392
98,82,13312,59392
98,49,14336,59392
61,61,1024,60416
61,61,2048,60416
61,61,3072,60416
61,65,4096,60416
61,65,5120,60416
61,65,6144,60416
61,65,7168,60416
61,82,8192,60416
61,82,9216,60416
61,82,10240,60416
61,82,11264,60416
61,82,12288,60416
61,49,13312,60416
61,49,14336,60416
61,61,1024,61440
61,61,2048,61440
61,65,3072,61440
61,65,4096,61440
61,65,5120,61440
61,65,6144,61440
61,82,7168,61440
61,82,8192,61440
61,82,9216,61440
61,82,10240,61440
61,82,11264,61440
61,49,12288,61440
61,49,13312,61440
61,49,14336,61440
61,61,1024,62464
61,65,2048,62464
61,65,3072,62464
61,65,4096,62464
61,65,5120,62464
61,82,6144,62464
61,82,7168,62464
61,82,8192,62464
61,82,9216,62464
61,82,10240,62464
61,49,11264,62464
61,49,12288,62464
61,49,13312,62464
61,65,14336,62464
61,65,1024,63488
61,65,2048,63488
61,65,3072,63488
61,65,4096,63488
61,82,5120,63488
61,82,6144,63488
61,82,7168,63488
61,82,8192,63488
61,82,9216,63488
61,49,10240,63488
61,49,11264,63488
61,49,12288,63488
61,65,13312,63488
61,65,14336,63488
65,65,1024,64512
65,65,2048,64512
65,65,3072,64512
65,82,4096,64512
65,82,5120,64512
65,82,6144,64512
65,82,7168,64512
65,82,8192,64512
65,49,9216,64512
65,49,10240,64512
65,49,11264,64512
65,65,12288,64512
65,65,13312,64512
65,65,14336,64512
65,65,1024,65536
65,65,2048,65536
65,82,3072,65536
65,82,4096,65536
65,82,5120,65536
65,82,6144,65536
65,82,7168,65536
65,49,8192,65536
65,49,9216,65536
65,49,10240,65536
65,65,11264,65536
65,65,12288,65536
65,65,13312,65536
65,195,14336,65536
65,65,1024,66560
65,82,2048,66560
65,82,3072,66560
65,82,4096,66560
65,82,5120,66560
65,82,6144,66560
65,49,7168,66560
65,49,8192,66560
65,49,9216,66560
65,65,10240,66560
65,65,11264,66560
65,65,12288,66560
65,195,13312,66560
65,98,14336,66560
65,82,1024,67584
65,82,2048,67584
65,82,3072,67584
65,82,4096,67584
65,82,5120,67584
65,49,6144,67584
65,49,7168,67584
65,49,8192,67584
65,65,9216,67584
65,65,10240,67584
65,65,11264,67584
65,195,12288,67584
65,98,13312,67584
65,82,14336,67584
82,82,1024,68608
82,82,2048,68608
82,82,3072,68608
82,82,4096,68608
82,49,5120,68608
82,49,6144,68608
82,49,7168,68608
82,65,8192,68608
82,65,9216,68608
82,65,10240,68608
82,195,11264,68608
82,98,12288,68608
82,82,13312,68608
82,82,14336,68608
82,82,1024,69632
82,82,2048,69632
82,82,3072,69632
82,49,4096,69632
82,49,5120,69632
82,49,6144,69632
82,65,7168,69632
82,65,8192,69632
82,65,9216,69632
82,195,10240,69632
82,98,11264,69632
82,82,12288,69632
82,82,13312,69632
82,73,14336,69632
82,82,1024,70656
82,82,2048,70656
82,49,3072,70656
82,49,4096,70656
82,49,5120,70656
82,65,6144,70656
82,65,7168,70656
82,65,8192,70656
82,195,9216,70656
82,98,10240,70656
82,82,11264,70656
82,82,12288,70656
82,73,13312,70656
82,73,14336,70656
82,82,1024,71680
82,49,2048,71680
82,49,3072,71680
82,49,4096,71680
82,65,5120,71680
82,65,6144,71680
82,65,7168,71680
82,195,8192,71680
82,98,9216,71680
82,82,10240,71680
82,82,11264,71680
82,73,12288,71680
82,73,13312,71680
82,110,14336,71680
82,49,1024,72704
82,49,2048,72704
82,49,3072,72704
82,65,4096,72704
82,65,5120,72704
82,65,6144,72704
82,195,7168,72704
82,98,8192,72704
82,82,9216,72704
82,82,10240,72704
82,73,11264,72704
82,73,12288,72704
82,110,13312,72704
82,73,14336,72704
49,49,1024,73728
49,49,2048,73728
49,65,3072,73728
49,65,4096,73728
49,65,5120,73728
49,195,6144,73728
49,98,7168,73728
49,82,8192,73728
49,82,9216,73728
49,73,10240,73728
49,73,11264,73728
49,110,12288,73728
49,73,13312,73728
49,65,14336,73728
49,49,1024,74752
49,65,2048,74752
49,65,3072,74752
49,65,4096,74752
49,195,5120,74752
49,98,6144,74752
49,82,7168,74752
49,82,8192,74752
49,73,9216,74752
49,73,10240,74752
49,110,11264,74752
49,73,12288,74752
49,65,13312,74752
49,65,14336,74752
49,65,1024,75776
49,65,2048,75776
49,65,3072,75776
49,195,4096,75776
49,98,5120,75776
49,82,6144,75776
49,82,7168,75776
49,73,8192,75776
49,73,9216,75776
49,110,10240,75776
49,73,11264,75776
49,65,12288,75776
49,65,13312,75776
49,65,14336,75776
65,65,1024,76800
65,65,2048,76800
65,195,3072,76800
65,98,4096,76800
65,82,5120,76800
65,82,6144,76800
65,73,7168,76800
65,73,8192,76800
65,110,9216,76800
65,73,10240,76800
65,65,11264,76800
65,65,12288,76800
65,65,13312,76800
65,82,14336,76800
65,65,1024,77824
65,195,2048,77824
65,98,3072,77824
65,82,4096,77824
65,82,5120,77824
65,73,6144,77824
65,73,7168,77824
65,110,8192,77824
65,73,9216,77824
65,65,10240,77824
65,65,11264,77824
65,65,12288,77824
65,82,13312,77824
65,82,14336,77824
65,195,1024,78848
65,98,2048,78848
65,82,3072,78848
65,82,4096,78848
65,73,5120,78848
65,73,6144,78848
65,110,7168,78848
65,73,8192,78848
65,65,9216,78848
65,65,10240,78848
65,65,11264,78848
65,82,12288,78848
65,82,13312,78848
65,82,14336,78848
195,98,1024,79872
195,82,2048,79872
195,82,3072,79872
195,73,4096,79872
195,73,5120,79872
195,110,6144,79872
195,73,7168,79872
195,65,8192,79872
195,65,9216,79872
195,65,10240,79872
195,82,11264,79872
195,82,12288,79872
195,82,13312,79872
195,82,14336,79872
98,82,1024,80896
98,82,2048,80896
98,73,3072,80896
98,73,4096,80896
98,110,5120,80896
98,73,6144,80896
98,65,7168,80896
98,65,8192,80896
98,65,9216,80896
98,82,10240,80896
98,82,11264,80896
98,82,12288,80896
98,82,13312,80896
98,82,14336,80896
82,82,1024,81920
82,73,2048,81920
82,73,3072,81920
82,110,4096,81920
82,73,5120,81920
82,65,6144,81920
82,65,7168,81920
82,65,8192,81920
82,82,9216,81920
82,82,10240,81920
82,82,11264,81920
82,82,12288,81920
82,82,13312,81920
82,82,14336,81920
82,73,1024,82944
82,73,2048,82944
82,110,3072,82944
82,73,4096,82944
82,65,5120,82944
82,65,6144,82944
82,65,7168,82944
82,82,8192,82944
82,82,9216,82944
82,82,10240,82944
82,82,11264,82944
82,82,12288,82944
82,82,13312,82944
82,98,14336,82944
73,73,1024,83968
73,110,2048,83968
73,73,3072,83968
73,65,4096,83968
73,65,5120,83968
73,65,6144,83968
73,82,7168,83968
73,82,8192,83968
73,82,9216,83968
73,82,10240,83968
73,82,11264,83968
73,82,12288,83968
73,98,13312,83968
73,65,14336,83968
73,110,1024,84992
73,73,2048,84992
73,65,3072,84992
73,65,4096,84992
73,65,5120,84992
73,82,6144,84992
73,82,7168,84992
73,82,8192,84992
73,82,9216,84992
73,82,10240,84992
73,82,11264,84992
73,98,12288,84992
73,65,13312,84992
73,65,14336,84992
110,73,1024,86016
110,65,2048,86016
110,65,3072,86016
110,65,4096,86016
110,82,5120,86016
110,82,6144,86016
110,82,7168,86016
110,82,8192,86016
110,82,9216,86016
110,82,10240,86016
110,98,11264,86016
110,65,12288,86016
110,65,13312,86016
110,98,14336,86016
73,65,1024,87040
73,65,2048,87040
73,65,3072,87040
73,82,4096,87040
73,82,5120,87040
73,82,6144,87040
73,82,7168,87040
73,82,8192,87040
73,82,9216,87040
73,98,10240,87040
73,65,11264,87040
73,65,12288,87040
73,98,13312,87040
73,98,14336,87040
65,65,1024,88064
65,65,2048,88064
65,82,3072,88064
65,82,4096,88064
65,82,5120,88064
65,82,6144,88064
65,82,7168,88064
65,82,8192,88064
65,98,9216,88064
65,65,10240,88064
65,65,11264,88064
65,98,12288,88064
65,98,13312,88064
65,61,14336,88064
65,65,1024,89088
65,82,2048,89088
65,82,3072,89088
65,82,4096,89088
65,82,5120,89088
65,82,6144,89088
65,82,7168,89088
65,98,8192,89088
65,65,9216,89088
65,65,10240,89088
65,98,11264,89088
65,98,12288,89088
65,61,13312,89088
65,61,14336,89088
65,82,1024,90112
65,82,2048,90112
65,82,3072,90112
65,82,4096,90112
65,82,5120,90112
65,82,6144,90112
65,98,7168,90112
65,65,8192,90112
65,65,9216,90112
65,98,10240,90112
65,98,11264,90112
65,61,12288,90112
65,61,13312,90112
65,82,14336,90112
82,82,1024,91136
82,82,2048,91136
82,82,3072,91136
82,82,4096,91136
82,82,5120,91136
82,98,6144,91136
82,65,7168,91136
82,65,8192,91136
82,98,9216,91136
82,98,10240,91136
82,61,11264,91136
82,61,12288,91136
82,82,13312,91136
82,82,14336,91136
82,82,1024,92160
82,82,2048,92160
82,82,3072,92160
82,82,4096,92160
82,98,5120,92160
82,65,6144,92160
82,65,7168,92160
82,98,8192,92160
82,98,9216,92160
82,61,10240,92160
82,61,11264,92160
82,82,12288,92160
82,82,13312,92160
82,82,14336,92160
82,82,1024,93184
82,82,2048,93184
82,82,3072,93184
82,98,4096,93184
82,65,5120,93184
82,65,6144,93184
82,98,7168,93184
82,98,8192,93184
82,61,9216,93184
82,61,10240,93184
82,82,11264,93184
82,82,12288,93184
82,82,13312,93184
82,83,14336,93184
82,82,1024,94208
82,82,2048,94208
82,98,3072,94208
82,65,4096,94208
82,65,5120,94208
82,98,6144,94208
82,98,7168,94208
82,61,8192,94208
82,61,9216,94208
82,82,10240,94208
82,82,11264,94208
82,82,12288,94208
82,83,13312,94208
82,82,14336,94208
82,82,1024,95232
82,98,2048,95232
82,65,3072,95232
82,65,4096,95232
82,98,5120,95232
82,98,6144,95232
82,61,7168,95232
82,61,8192,95232
82,82,9216,95232
82,82,10240,95232
82,82,11264,95232
82,83,12288,95232
82,82,13312,95232
82,82,14336,95232
82,98,1024,96256
82,65,2048,96256
82,65,3072,96256
82,98,4096,96256
82,98,5120,96256
82,61,6144,96256
82,61,7168,96256
82,82,8192,96256
82,82,9216,96256
82,82,10240,96256
82,83,11264,96256
82,82,12288,96256
82,82,13312,96256
82,65,14336,96256
98,65,1024,97280
98,65,2048,97280
98,98,3072,97280
98,98,4096,97280
98,61,5120,97280
98,61,6144,97280
98,82,7168,97280
98,82,8192,97280
98,82,9216,97280
98,83,10240,97280
98,82,11264,97280
98,82,12288,97280
98,65,13312,97280
98,55,14336,97280
65,65,1024,98304
65,98,2048,98304
65,98,3072,98304
65,61,4096,98304
65,61,5120,98304
65,82,6144,98304
65,82,7168,98304
65,82,8192,98304
65,83,9216,98304
65,82,10240,98304
65,82,11264,98304
65,65,12288,98304
65,55,13312,98304
65,65,14336,98304
65,98,1024,99328
65,98,2048,99328
65,61,3072,99328
65,61,4096,99328
65,82,5120,99328
65,82,6144,99328
65,82,7168,99328
65,83,8192,99328
65,82,9216,99328
65,82,10240,99328
65,65,11264,99328
65,55,12288,99328
65,65,13312,99328
65,61,14336,99328
98,98,1024,100352
98,61,2048,100352
98,61,3072,100352
98,82,4096,100352
98,82,5120,100352
98,82,6144,100352
98,83,7168,100352
98,82,8192,100352
98,82,9216,100352
98,65,10240,100352
98,55,11264,100352
98,65,12288,100352
98,61,13312,100352
98,61,14336,100352
98,61,1024,101376
98,61,2048,101376
98,82,3072,101376
98,82,4096,101376
98,82,5120,101376
98,83,6144,101376
98,82,7168,101376
98,82,8192,101376
98,65,9216,101376
98,55,10240,101376
98,65,11264,101376
98,61,12288,101376
98,61,13312,101376
98,61,14336,101376
61,61,1024,102400
61,82,2048,102400
61,82,3072,102400
61,82,4096,102400
61,83,5120,102400
61,82,6144,102400
61,82,7168,102400
61,65,8192,102400
61,55,9216,102400
61,65,10240,102400
61,61,11264,102400
61,61,12288,102400
61,61,13312,102400
61,82,14336,102400
61,82,1024,103424
61,82,2048,103424
61,82,3072,103424
61,83,4096,103424
61,82,5120,103424
61,82,6144,103424
61,65,7168,103424
61,55,8192,103424
61,65,9216,103424
61,61,10240,103424
61,61,11264,103424
61,61,12288,103424
61,82,13312,103424
61,82,14336,103424
82,82,1024,104448
82,82,2048,104448
82,83,3072,104448
82,82,4096,104448
82,82,5120,104448
82,65,6144,104448
82,55,7168,104448
82,65,8192,104448
82,61,9216,104448
82,61,10240,104448
82,61,11264,104448
82,82,12288,104448
82,82,13312,104448
82,82,14336,104448
82,82,1024,105472
82,83,2048,105472
82,82,3072,105472
82,82,4096,105472
82,65,5120,105472
82,55,6144,105472
82,65,7168,105472
82,61,8192,105472
82,61,9216,105472
82,61,10240,105472
82,82,11264,105472
82,82,12288,105472
82,82,13312,105472
82,82,14336,105472
82,83,1024,106496
82,82,2048,106496
82,82,3072,106496
82,65,4096,106496
82,55,5120,106496
82,65,6144,106496
82,61,7168,106496
82,61,8192,106496
82,61,9216,106496
82,82,10240,106496
82,82,11264,106496
82,82,12288,106496
82,82,13312,106496
82,82,14336,106496
83,82,1024,107520
83,82,2048,107520
83,65,3072,107520
83,55,4096,107520
83,65,5120,107520
83,61,6144,107520
83,61,7168,107520
83,61,8192,107520
83,82,9216,107520
83,82,10240,107520
83,82,11264,107520
83,82,12288,107520
83,82,13312,107520
83,82,14336,107520
82,82,1024,108544
82,65,2048,108544
82,55,3072,108544
82,65,4096,108544
82,61,5120,108544
82,61,6144,108544
82,61,7168,108544
82,82,8192,108544
82,82,9216,108544
82,82,10240,108544
82,82,11264,108544
82,82,12288,108544
82,82,13312,108544
82,65,14336,108544
82,65,1024,109568
82,55,2048,109568
82,65,3072,109568
82,61,4096,109568
82,61,5120,109568
82,61,6144,109568
82,82,7168,109568
82,82,8192,109568
82,82,9216,109568
82,82,10240,109568
82,82,11264,109568
82,82,12288,109568
82,65,13312,109568
82,65,14336,109568
65,55,1024,110592
65,65,2048,110592
65,61,3072,110592
65,61,4096,110592
65,61,5120,110592
65,82,6144,110592
65,82,7168,110592
65,82,8192,110592
65,82,9216,110592
65,82,10240,110592
65,82,11264,110592
65,65,12288,110592
65,65,13312,110592
65,65,14336,110592
55,65,1024,111616
55,61,2048,111616
55,61,3072,111616
55,61,4096,111616
55,82,5120,111616
55,82,6144,111616
55,82,7168,111616
55,82,8192,111616
55,82,9216,111616
55,82,10240,111616
55,65,11264,111616
55,65,12288,111616
55,65,13312,111616
55,65,14336,111616
65,61,1024,112640
65,61,2048,112640
65,61,3072,112640
65,82,4096,112640
65,82,5120,112640
65,82,6144,112640
65,82,7168,112640
65,82,8192,112640
65,82,9216,112640
65,65,10240,112640
65,65,11264,112640
65,65,12288,112640
65,65,13312,112640
65,73,14336,112640
61,61,1024,113664
61,61,2048,113664
61,82,3072,113664
61,82,4096,113664
61,82,5120,113664
61,82,6144,113664
61,82,7168,113664
61,82,8192,113664
61,65,9216,113664
61,65,10240,113664
61,65,11264,113664
61,65,12288,113664
61,73,13312,113664
61,73,14336,113664
61,61,1024,114688
61,82,2048,114688
61,82,3072,114688
61,82,4096,114688
61,82,5120,114688
61,82,6144,114688
61,82,7168,114688
61,65,8192,114688
61,65,9216,114688
61,65,10240,114688
61,65,11264,114688
61,73,12288,114688
61,73,13312,114688
61,73,14336,114688
61,82,1024,115712
61,82,2048,115712
61,82,3072,115712
61,82,4096,115712
61,82,5120,115712
61,82,6144,115712
61,65,7168,115712
61,65,8192,115712
61,65,9216,115712
61,65,10240,115712
61,73,11264,115712
61,73,12288,115712
61,73,13312,115712
61,65,14336,115712
82,82,1024,116736
82,82,2048,116736
82,82,3072,116736
82,82,4096,116736
82,82,5120,116736
82,65,6144,116736
82,65,7168,116736
82,65,8192,116736
82,65,9216,116736
82,73,10240,116736
82,73,11264,116736
82,73,12288,116736
82,65,13312,116736
82,65,14336,116736
82,82,1024,117760
82,82,2048,117760
82,82,3072,117760
82,82,4096,117760
82,65,5120,117760
82,65,6144,117760
82,65,7168,117760
82,65,8192,117760
82,73,9216,117760
82,73,10240,117760
82,73,11264,117760
82,65,12288,117760
82,65,13312,117760
82,65,14336,117760
82,82,1024,118784
82,82,2048,118784
82,82,3072,118784
82,65,4096,118784
82,65,5120,118784
82,65,6144,118784
82,65,7168,118784
82,73,8192,118784
82,73,9216,118784
82,73,10240,118784
82,65,11264,118784
82,65,12288,118784
82,65,13312,118784
82,65,14336,118784
82,82,1024,119808
82,82,2048,119808
82,65,3072,119808
82,65,4096,119808
82,65,5120,119808
82,65,6144,119808
82,73,7168,119808
82,73,8192,119808
82,73,9216,119808
82,65,10240,119808
82,65,11264,119808
82,65,12288,119808
82,65,13312,119808
82,65,14336,119808
82,82,1024,120832
82,65,2048,120832
82,65,3072,120832
82,65,4096,120832
82,65,5120,120832
82,73,6144,120832
82,73,7168,120832
82,73,8192,120832
82,65,9216,120832
82,65,10240,120832
82,65,11264,120832
82,65,12288,120832
82,65,13312,120832
82,82,14336,120832
82,65,1024,121856
82,65,2048,121856
82,65,3072,121856
82,65,4096,121856
82,73,5120,121856
82,73,6144,121856
82,73,7168,121856
82,65,8192,121856
82,65,9216,121856
82,65,10240,121856
82,65,11264,121856
82,65,12288,121856
82,82,13312,121856
82,82,14336,121856
65,65,1024,122880
65,65,2048,122880
65,65,3072,122880
65,73,4096,122880
65,73,5120,122880
65,73,6144,122880
65,65,7168,122880
65,65,8192,122880
65,65,9216,122880
65,65,10240,122880
65,65,11264,122880
65,82,12288,122880
65,82,13312,122880
65,82,14336,122880
65,65,1024,123904
65,65,2048,123904
65,73,3072,123904
65,73,4096,123904
65,73,5120,123904
65,65,6144,123904
65,65,7168,123904
65,65,8192,123904
65,65,9216,123904
65,65,10240,123904
65,82,11264,123904
65,82,12288,123904
65,82,13312,123904
65,82,14336,123904
65,65,1024,124928
65,73,2048,124928
65,73,3072,124928
65,73,4096,124928
65,65,5120,124928
65,65,6144,124928
65,65,7168,124928
65,65,8192,124928
65,65,9216,124928
65,82,10240,124928
65,82,11264,124928
65,82,12288,124928
65,82,13312,124928
65,82,14336,124928
65,73,1024,125952
65,73,2048,125952
65,73,3072,125952
65,65,4096,125952
65,65,5120,125952
65,65,6144,125952
65,65,7168,125952
65,65,8192,125952
65,82,9216,125952
65,82,10240,125952
65,82,11264,125952
65,82,12288,125952
65,82,13312,125952
65,61,14336,125952
73,73,1024,126976
73,73,2048,126976
73,65,3072,126976
73,65,4096,126976
73,65,5120,126976
73,65,6144,126976
73,65,7168,126976
73,82,8192,126976
73,82,9216,126976
73,82,10240,126976
73,82,11264,126976
73,82,12288,126976
73,61,13312,126976
73,61,14336,126976
73,73,1024,128000
73,65,2048,128000
73,65,3072,128000
73,65,4096,128000
73,65,5120,128000
73,65,6144,128000
73,82,7168,128000
73,82,8192,128000
73,82,9216,128000
73,82,10240,128000
73,82,11264,128000
73,61,12288,128000
73,61,13312,128000
73,73,14336,128000
73,65,1024,129024
73,65,2048,129024
73,65,3072,129024
73,65,4096,129024
73,65,5120,129024
73,82,6144,129024
73,82,7168,129024
73,82,8192,129024
73,82,9216,129024
73,82,10240,129024
73,61,11264,129024
73,61,12288,129024
73,73,13312,129024
73,73,14336,129024
65,65,1024,130048
65,65,2048,130048
65,65,3072,130048
65,65,4096,130048
65,82,5120,130048
65,82,6144,130048
65,82,7168,130048
65,82,8192,130048
65,82,9216,130048
65,61,10240,130048
65,61,11264,130048
65,73,12288,130048
65,73,13312,130048
65,49,14336,130048
65,65,1024,131072
65,65,2048,131072
65,65,3072,131072
65,82,4096,131072
65,82,5120,131072
65,82,6144,131072
65,82,7168,131072
65,82,8192,131072
65,61,9216,131072
65,61,10240,131072
65,73,11264,131072
65,73,12288,131072
65,49,13312,131072
65,49,14336,131072
65,65,1024,132096
65,65,2048,132096
65,82,3072,132096
65,82,4096,132096
65,82,5120,132096
65,82,6144,132096
65,82,7168,132096
65,61,8192,132096
65,61,9216,132096
65,73,10240,132096
65,73,11264,132096
65,49,12288,132096
65,49,13312,132096
65,73,14336,132096
65,65,1024,133120
65,82,2048,133120
65,82,3072,133120
65,82,4096,133120
65,82,5120,133120
65,82,6144,133120
65,61,7168,133120
65,61,8192,133120
65,73,9216,133120
65,73,10240,133120
65,49,11264,133120
65,49,12288,133120
65,73,13312,133120
65,49,14336,133120
65,82,1024,134144
65,82,2048,134144
65,82,3072,134144
65,82,4096,134144
65,82,5120,134144
65,61,6144,134144
65,61,7168,134144
65,73,8192,134144
65,73,9216,134144
65,49,10240,134144
65,49,11264,134144
65,73,12288,134144
65,49,13312,134144
65,49,16384,134144
82,82,1024,135168
82,82,2048,135168
82,82,3072,135168
82,82,4096,135168
82,61,5120,135168
82,61,6144,135168
82,73,7168,135168
82,73,8192,135168
82,49,9216,135168
82,49,10240,135168
82,73,11264,135168
82,49,12288,135168
82,49,15360,135168
82,97,16384,135168
82,82,1024,136192
82,82,2048,136192
82,82,3072,136192
82,61,4096,136192
82,61,5120,136192
82,73,6144,136192
82,73,7168,136192
82,49,8192,136192
82,49,9216,136192
82,73,10240,136192
82,49,11264,136192
82,49,14336,136192
82,97,15360,136192
82,49,17408,136192
82,82,1024,137216
82,82,2048,137216
82,61,3072,137216
82,61,4096,137216
82,73,5120,137216
82,73,6144,137216
82,49,7168,137216
82,49,8192,137216
82,73,9216,137216
82,49,10240,137216
82,49,13312,137216
82,97,14336,137216
82,49,16384,137216
82,98,17408,137216
82,82,1024,138240
82,61,2048,138240
82,61,3072,138240
82,73,4096,138240
82,73,5120,138240
82,49,6144,138240
82,49,7168,138240
82,73,8192,138240
82,49,9216,138240
82,49,12288,138240
82,97,13312,138240
82,49,15360,138240
82,98,16384,138240
82,49,17408,138240
82,61,1024,139264
82,61,2048,139264
82,73,3072,139264
82,73,4096,139264
82,49,5120,139264
82,49,6144,139264
82,73,7168,139264
82,49,8192,139264
82,49,11264,139264
82,97,12288,139264
82,49,14336,139264
82,98,15360,139264
82,49,16384,139264
82,55,17408,139264
61,61,1024,140288
61,73,2048,140288
61,73,3072,140288
61,49,4096,140288
61,49,5120,140288
61,73,6144,140288
61,49,7168,140288
61,49,10240,140288
61,97,11264,140288
61,49,13312,140288
61,98,14336,140288
61,49,15360,140288
61,55,16384,140288
61,55,17408,140288
61,73,1024,141312
61,73,2048,141312
61,49,3072,141312
61,49,4096,141312
61,73,5120,141312
61,49,6144,141312
61,49,9216,141312
61,97,10240,141312
61,49,12288,141312
61,98,13312,141312
61,49,14336,141312
61,55,15360,141312
61,55,16384,141312
61,65,17408,141312
73,73,1024,142336
73,49,2048,142336
73,49,3072,142336
73,73,4096,142336
73,49,5120,142336
73,49,8192,142336
73,97,9216,142336
73,49,11264,142336
73,98,12288,142336
73,49,13312,142336
73,55,14336,142336
73,55,15360,142336
73,65,16384,142336
73,109,17408,142336
73,49,1024,143360
73,49,2048,143360
73,73,3072,143360
73,49,4096,143360
73,49,7168,143360
73,97,8192,143360
73,49,10240,143360
73,98,11264,143360
73,49,12288,143360
73,55,13312,143360
73,55,14336,143360
73,65,15360,143360
73,109,16384,143360
73,49,18432,143360
49,49,1024,144384
49,73,2048,144384
49,49,3072,144384
49,49,6144,144384
49,97,7168,144384
49,49,9216,144384
49,98,10240,144384
49,49,11264,144384
49,55,12288,144384
49,55,13312,144384
49,65,14336,144384
49,109,15360,144384
49,49,17408,144384
49,49,18432,144384
49,73,1024,145408
49,49,2048,145408
49,49,5120,145408
49,97,6144,145408
49,49,8192,145408
49,98,9216,145408
49,49,10240,145408
49,55,11264,145408
49,55,12288,145408
49,65,13312,145408
49,109,14336,145408
49,49,16384,145408
49,49,17408,145408
49,65,18432,145408
73,49,1024,146432
73,49,4096,146432
73,97,5120,146432
73,49,7168,146432
73,98,8192,146432
73,49,9216,146432
73,55,10240,146432
73,55,11264,146432
73,65,12288,146432
73,109,13312,146432
73,49,15360,146432
73,49,16384,146432
73,65,17408,146432
49,49,3072,147456
49,97,4096,147456
49,49,6144,147456
49,98,7168,147456
49,49,8192,147456
49,55,9216,147456
49,55,10240,147456
49,65,11264,147456
49,109,12288,147456
49,49,14336,147456
49,49,15360,147456
49,65,16384,147456
49,97,1024,150528
49,49,3072,150528
49,98,4096,150528
49,49,5120,150528
49,55,6144,150528
49,55,7168,150528
49,65,8192,150528
49,109,9216,150528
49,49,11264,150528
49,49,12288,150528
49,65,13312,150528
97,49,2048,151552
97,98,3072,151552
97,49,4096,151552
97,55,5120,151552
97,55,6144,151552
97,65,7168,151552
97,109,8192,151552
97,49,10240,151552
97,49,11264,151552
97,65,12288,151552
49,98,1024,153600
49,49,2048,153600
49,55,3072,153600
49,55,4096,153600
49,65,5120,153600
49,109,6144,153600
49,49,8192,153600
49,49,9216,153600
49,65,10240,153600
98,49,1024,154624
98,55,2048,154624
98,55,3072,154624
98,65,4096,154624
98,109,5120,154624
98,49,7168,154624
98,49,8192,154624
98,65,9216,154624
49,55,1024,155648
49,55,2048,155648
49,65,3072,155648
49,109,4096,155648
49,49,6144,155648
49,49,7168,155648
49,65,8192,155648
55,55,1024,156672
55,65,2048,156672
55,109,3072,156672
55,49,5120,156672
55,49,6144,156672
55,65,7168,156672
55,65,1024,157696
55,109,2048,157696
55,49,4096,157696
55,49,5120,157696
55,65,6144,157696
65,109,1024,158720
65,49,3072,158720
65,49,4096,158720
65,65,5120,158720
109,49,2048,159744
109,49,3072,159744
109,65,4096,159744
49,49,1024,161792
49,65,2048,161792
49,65,1024,162816
