29,29,1024,8192
29,44,7168,8192
29,26,15360,8192
29,44,6144,9216
29,26,14336,9216
44,26,8192,15360
26,26,16384,23552
26,26,17408,23552
26,26,1024,39936
26,39,15360,39936
26,59,16384,39936
26,26,17408,39936
26,39,14336,40960
26,59,15360,40960
26,26,16384,40960
26,44,20480,40960
39,59,1024,55296
39,26,2048,55296
39,44,6144,55296
39,39,7168,55296
39,26,8192,55296
39,26,9216,55296
39,59,13312,55296
39,52,14336,55296
39,52,15360,55296
39,26,16384,55296
39,26,17408,55296
39,26,18432,55296
39,83,19456,55296
39,26,20480,55296
59,26,1024,56320
59,44,5120,56320
59,39,6144,56320
59,26,7168,56320
59,26,8192,56320
59,59,12288,56320
59,52,13312,56320
59,52,14336,56320
59,26,15360,56320
59,26,16384,56320
59,26,17408,56320
59,83,18432,56320
59,26,19456,56320
59,26,20480,56320
26,44,4096,57344
26,39,5120,57344
26,26,6144,57344
26,26,7168,57344
26,59,11264,57344
26,52,12288,57344
26,52,13312,57344
26,26,14336,57344
26,26,15360,57344
26,26,16384,57344
26,83,17408,57344
26,26,18432,57344
26,26,19456,57344
26,26,20480,57344
44,39,1024,61440
44,26,2048,61440
44,26,3072,61440
44,59,7168,61440
44,52,8192,61440
44,52,9216,61440
44,26,10240,61440
44,26,11264,61440
44,26,12288,61440
44,83,13312,61440
44,26,14336,61440
44,26,15360,61440
44,26,16384,61440
44,26,17408,61440
39,26,1024,62464
39,26,2048,62464
39,59,6144,62464
39,52,7168,62464
39,52,8192,62464
39,26,9216,62464
39,26,10240,62464
39,26,11264,62464
39,83,12288,62464
39,26,13312,62464
39,26,14336,62464
39,26,15360,62464
39,26,16384,62464
39,26,17408,62464
26,26,1024,63488
26,59,5120,63488
26,52,6144,63488
26,52,7168,63488
26,26,8192,63488
26,26,9216,63488
26,26,10240,63488
26,83,11264,63488
26,26,12288,63488
26,26,13312,63488
26,26,14336,63488
26,26,15360,63488
26,26,16384,63488
26,35,17408,63488
26,59,4096,64512
26,52,5120,64512
26,52,6144,64512
26,26,7168,64512
26,26,8192,64512
26,26,9216,64512
26,83,10240,64512
26,26,11264,64512
26,26,12288,64512
26,26,13312,64512
26,26,14336,64512
26,26,15360,64512
26,35,16384,64512
26,35,17408,64512
59,52,1024,68608
59,52,2048,68608
59,26,3072,68608
59,26,4096,68608
59,26,5120,68608
59,83,6144,68608
59,26,7168,68608
59,26,8192,68608
59,26,9216,68608
59,26,10240,68608
59,26,11264,68608
59,35,12288,68608
59,35,13312,68608
59,35,14336,68608
52,52,1024,69632
52,26,2048,69632
52,26,3072,69632
52,26,4096,69632
52,83,5120,69632
52,26,6144,69632
52,26,7168,69632
52,26,8192,69632
52,26,9216,69632
52,26,10240,69632
52,35,11264,69632
52,35,12288,69632
52,35,13312,69632
52,35,14336,69632
52,26,1024,70656
52,26,2048,70656
52,26,3072,70656
52,83,4096,70656
52,26,5120,70656
52,26,6144,70656
52,26,7168,70656
52,26,8192,70656
52,26,9216,70656
52,35,10240,70656
52,35,11264,70656
52,35,12288,70656
52,35,13312,70656
52,35,14336,70656
26,26,1024,71680
26,26,2048,71680
26,83,3072,71680
26,26,4096,71680
26,26,5120,71680
26,26,6144,71680
26,26,7168,71680
26,26,8192,71680
26,35,9216,71680
26,35,10240,71680
26,35,11264,71680
26,35,12288,71680
26,35,13312,71680
26,26,1024,72704
26,83,2048,72704
26,26,3072,72704
26,26,4096,72704
26,26,5120,72704
26,26,6144,72704
26,26,7168,72704
26,35,8192,72704
26,35,9216,72704
26,35,10240,72704
26,35,11264,72704
26,35,12288,72704
26,83,1024,73728
26,26,2048,73728
26,26,3072,73728
26,26,4096,73728
26,26,5120,73728
26,26,6144,73728
26,35,7168,73728
26,35,8192,73728
26,35,9216,73728
26,35,10240,73728
26,35,11264,73728
83,26,1024,74752
83,26,2048,74752
83,26,3072,74752
83,26,4096,74752
83,26,5120,74752
83,35,6144,74752
83,35,7168,74752
83,35,8192,74752
83,35,9216,74752
83,35,10240,74752
26,26,1024,75776
26,26,2048,75776
26,26,3072,75776
26,26,4096,75776
26,35,5120,75776
26,35,6144,75776
26,35,7168,75776
26,35,8192,75776
26,35,9216,75776
26,26,1024,76800
26,26,2048,76800
26,26,3072,76800
26,35,4096,76800
26,35,5120,76800
26,35,6144,76800
26,35,7168,76800
26,35,8192,76800
26,26,1024,77824
26,26,2048,77824
26,35,3072,77824
26,35,4096,77824
26,35,5120,77824
26,35,6144,77824
26,35,7168,77824
26,55,20480,77824
26,26,1024,78848
26,35,2048,78848
26,35,3072,78848
26,35,4096,78848
26,35,5120,78848
26,35,6144,78848
26,55,19456,78848
26,55,20480,78848
26,35,1024,79872
26,35,2048,79872
26,35,3072,79872
26,35,4096,79872
26,35,5120,79872
26,55,18432,79872
26,55,19456,79872
35,35,1024,80896
35,35,2048,80896
35,35,3072,80896
35,35,4096,80896
35,55,17408,80896
35,55,18432,80896
35,35,1024,81920
35,35,2048,81920
35,35,3072,81920
35,55,16384,81920
35,55,17408,81920
35,35,1024,82944
35,35,2048,82944
35,55,15360,82944
35,55,16384,82944
35,35,1024,83968
35,55,14336,83968
35,55,15360,83968
35,47,20480,83968
35,55,13312,84992
35,55,14336,84992
35,47,19456,84992
35,47,20480,84992
55,55,1024,98304
55,47,6144,98304
55,47,7168,98304
55,47,8192,98304
55,55,10240,98304
55,62,11264,98304
55,47,5120,99328
55,47,6144,99328
55,47,7168,99328
55,55,9216,99328
55,62,10240,99328
47,47,1024,104448
47,47,2048,104448
47,55,4096,104448
47,62,5120,104448
47,47,1024,105472
47,55,3072,105472
47,62,4096,105472
47,55,2048,106496
47,62,3072,106496
55,62,1024,108544
55,62,3072,147456
55,55,4096,147456
55,55,6144,147456
55,55,7168,147456
55,55,9216,147456
55,55,10240,147456
55,55,11264,147456
55,111,17408,147456
62,55,1024,150528
62,55,3072,150528
62,55,4096,150528
62,55,6144,150528
62,55,7168,150528
62,55,8192,150528
62,111,14336,150528
55,55,2048,151552
55,55,3072,151552
55,55,5120,151552
55,55,6144,151552
55,55,7168,151552
55,111,13312,151552
55,55,1024,153600
55,55,3072,153600
55,55,4096,153600
55,55,5120,153600
55,111,11264,153600
55,55,2048,154624
55,55,3072,154624
55,55,4096,154624
55,111,10240,154624
55,55,1024,156672
55,55,2048,156672
55,111,8192,156672
55,55,1024,157696
55,111,7168,157696
55,55,20480,157696
55,111,6144,158720
55,55,19456,158720
111,55,13312,164864
111,55,16384,164864
111,55,19456,164864
55,55,3072,178176
55,55,6144,178176
55,55,11264,178176
55,55,13312,178176
55,55,14336,178176
55,55,16384,178176
55,55,19456,178176
55,55,3072,181248
55,55,8192,181248
55,55,10240,181248
55,55,11264,181248
55,55,13312,181248
55,55,16384,181248
55,55,5120,184320
55,55,7168,184320
55,55,8192,184320
55,55,10240,184320
55,55,13312,184320
55,55,2048,189440
55,55,3072,189440
55,55,5120,189440
55,55,8192,189440
55,55,1024,191488
55,55,3072,191488
55,55,6144,191488
55,55,2048,192512
55,55,5120,192512
55,55,3072,194560
111,88,1024,240640
111,88,2048,240640
111,88,5120,240640
111,83,6144,240640
111,74,7168,240640
111,74,8192,240640
111,29,11264,240640
111,29,12288,240640
111,29,13312,240640
111,29,14336,240640
111,29,15360,240640
111,29,16384,240640
111,29,17408,240640
88,88,1024,241664
88,88,4096,241664
88,83,5120,241664
88,74,6144,241664
88,74,7168,241664
88,29,10240,241664
88,29,11264,241664
88,29,12288,241664
88,29,13312,241664
88,29,14336,241664
88,29,15360,241664
88,29,16384,241664
88,88,3072,242688
88,83,4096,242688
88,74,5120,242688
88,74,6144,242688
88,29,9216,242688
88,29,10240,242688
88,29,11264,242688
88,29,12288,242688
88,29,13312,242688
88,29,14336,242688
88,29,15360,242688
88,140,20480,242688
88,83,1024,245760
88,74,2048,245760
88,74,3072,245760
88,29,6144,245760
88,29,7168,245760
88,29,8192,245760
88,29,9216,245760
88,29,10240,245760
88,29,11264,245760
88,29,12288,245760
88,140,17408,245760
88,35,18432,245760
88,35,19456,245760
83,74,1024,246784
83,74,2048,246784
83,29,5120,246784
83,29,6144,246784
83,29,7168,246784
83,29,8192,246784
83,29,9216,246784
83,29,10240,246784
83,29,11264,246784
83,140,16384,246784
83,35,17408,246784
83,35,18432,246784
74,74,1024,247808
74,29,4096,247808
74,29,5120,247808
74,29,6144,247808
74,29,7168,247808
74,29,8192,247808
74,29,9216,247808
74,29,10240,247808
74,140,15360,247808
74,35,16384,247808
74,35,17408,247808
74,74,20480,247808
74,29,3072,248832
74,29,4096,248832
74,29,5120,248832
74,29,6144,248832
74,29,7168,248832
74,29,8192,248832
74,29,9216,248832
74,140,14336,248832
74,35,15360,248832
74,35,16384,248832
74,74,19456,248832
74,29,20480,248832
29,29,1024,251904
29,29,2048,251904
29,29,3072,251904
29,29,4096,251904
29,29,5120,251904
29,29,6144,251904
29,140,11264,251904
29,35,12288,251904
29,35,13312,251904
29,74,16384,251904
29,29,17408,251904
29,74,18432,251904
29,29,19456,251904
29,29,20480,251904
29,29,1024,252928
29,29,2048,252928
29,29,3072,252928
29,29,4096,252928
29,29,5120,252928
29,140,10240,252928
29,35,11264,252928
29,35,12288,252928
29,74,15360,252928
29,29,16384,252928
29,74,17408,252928
29,29,18432,252928
29,29,19456,252928
29,83,20480,252928
29,29,1024,253952
29,29,2048,253952
29,29,3072,253952
29,29,4096,253952
29,140,9216,253952
29,35,10240,253952
29,35,11264,253952
29,74,14336,253952
29,29,15360,253952
29,74,16384,253952
29,29,17408,253952
29,29,18432,253952
29,83,19456,253952
29,25,20480,253952
29,29,1024,254976
29,29,2048,254976
29,29,3072,254976
29,140,8192,254976
29,35,9216,254976
29,35,10240,254976
29,74,13312,254976
29,29,14336,254976
29,74,15360,254976
29,29,16384,254976
29,29,17408,254976
29,83,18432,254976
29,25,19456,254976
29,29,1024,256000
29,29,2048,256000
29,140,7168,256000
29,35,8192,256000
29,35,9216,256000
29,74,12288,256000
29,29,13312,256000
29,74,14336,256000
29,29,15360,256000
29,29,16384,256000
29,83,17408,256000
29,25,18432,256000
29,29,20480,256000
29,29,1024,257024
29,140,6144,257024
29,35,7168,257024
29,35,8192,257024
29,74,11264,257024
29,29,12288,257024
29,74,13312,257024
29,29,14336,257024
29,29,15360,257024
29,83,16384,257024
29,25,17408,257024
29,29,19456,257024
29,140,5120,258048
29,35,6144,258048
29,35,7168,258048
29,74,10240,258048
29,29,11264,258048
29,74,12288,258048
29,29,13312,258048
29,29,14336,258048
29,83,15360,258048
29,25,16384,258048
29,29,18432,258048
29,25,20480,258048
140,35,1024,263168
140,35,2048,263168
140,74,5120,263168
140,29,6144,263168
140,74,7168,263168
140,29,8192,263168
140,29,9216,263168
140,83,10240,263168
140,25,11264,263168
140,29,13312,263168
140,25,15360,263168
140,25,16384,263168
140,28,17408,263168
140,28,18432,263168
35,35,1024,264192
35,74,4096,264192
35,29,5120,264192
35,74,6144,264192
35,29,7168,264192
35,29,8192,264192
35,83,9216,264192
35,25,10240,264192
35,29,12288,264192
35,25,14336,264192
35,25,15360,264192
35,28,16384,264192
35,28,17408,264192
35,28,18432,264192
35,74,3072,265216
35,29,4096,265216
35,74,5120,265216
35,29,6144,265216
35,29,7168,265216
35,83,8192,265216
35,25,9216,265216
35,29,11264,265216
35,25,13312,265216
35,25,14336,265216
35,28,15360,265216
35,28,16384,265216
35,28,17408,265216
35,55,18432,265216
74,29,1024,268288
74,74,2048,268288
74,29,3072,268288
74,29,4096,268288
74,83,5120,268288
74,25,6144,268288
74,29,8192,268288
74,25,10240,268288
74,25,11264,268288
74,28,12288,268288
74,28,13312,268288
74,28,14336,268288
74,55,15360,268288
74,83,16384,268288
29,74,1024,269312
29,29,2048,269312
29,29,3072,269312
29,83,4096,269312
29,25,5120,269312
29,29,7168,269312
29,25,9216,269312
29,25,10240,269312
29,28,11264,269312
29,28,12288,269312
29,28,13312,269312
29,55,14336,269312
29,83,15360,269312
29,88,16384,269312
74,29,1024,270336
74,29,2048,270336
74,83,3072,270336
74,25,4096,270336
74,29,6144,270336
74,25,8192,270336
74,25,9216,270336
74,28,10240,270336
74,28,11264,270336
74,28,12288,270336
74,55,13312,270336
74,83,14336,270336
74,88,15360,270336
74,18,16384,270336
29,29,1024,271360
29,83,2048,271360
29,25,3072,271360
29,29,5120,271360
29,25,7168,271360
29,25,8192,271360
29,28,9216,271360
29,28,10240,271360
29,28,11264,271360
29,55,12288,271360
29,83,13312,271360
29,88,14336,271360
29,18,15360,271360
29,28,16384,271360
29,83,1024,272384
29,25,2048,272384
29,29,4096,272384
29,25,6144,272384
29,25,7168,272384
29,28,8192,272384
29,28,9216,272384
29,28,10240,272384
29,55,11264,272384
29,83,12288,272384
29,88,13312,272384
29,18,14336,272384
29,28,15360,272384
29,29,16384,272384
83,25,1024,273408
83,29,3072,273408
83,25,5120,273408
83,25,6144,273408
83,28,7168,273408
83,28,8192,273408
83,28,9216,273408
83,55,10240,273408
83,83,11264,273408
83,88,12288,273408
83,18,13312,273408
83,28,14336,273408
83,29,15360,273408
83,29,16384,273408
25,29,2048,274432
25,25,4096,274432
25,25,5120,274432
25,28,6144,274432
25,28,7168,274432
25,28,8192,274432
25,55,9216,274432
25,83,10240,274432
25,88,11264,274432
25,18,12288,274432
25,28,13312,274432
25,29,14336,274432
25,29,15360,274432
25,29,16384,274432
29,25,2048,276480
29,25,3072,276480
29,28,4096,276480
29,28,5120,276480
29,28,6144,276480
29,55,7168,276480
29,83,8192,276480
29,88,9216,276480
29,18,10240,276480
29,28,11264,276480
29,29,12288,276480
29,29,13312,276480
29,29,14336,276480
29,55,15360,276480
25,25,1024,278528
25,28,2048,278528
25,28,3072,278528
25,28,4096,278528
25,55,5120,278528
25,83,6144,278528
25,88,7168,278528
25,18,8192,278528
25,28,9216,278528
25,29,10240,278528
25,29,11264,278528
25,29,12288,278528
25,55,13312,278528
25,28,14336,278528
25,28,1024,279552
25,28,2048,279552
25,28,3072,279552
25,55,4096,279552
25,83,5120,279552
25,88,6144,279552
25,18,7168,279552
25,28,8192,279552
25,29,9216,279552
25,29,10240,279552
25,29,11264,279552
25,55,12288,279552
25,28,13312,279552
25,29,14336,279552
28,28,1024,280576
28,28,2048,280576
28,55,3072,280576
28,83,4096,280576
28,88,5120,280576
28,18,6144,280576
28,28,7168,280576
28,29,8192,280576
28,29,9216,280576
28,29,10240,280576
28,55,11264,280576
28,28,12288,280576
28,29,13312,280576
28,29,14336,280576
28,28,1024,281600
28,55,2048,281600
28,83,3072,281600
28,88,4096,281600
28,18,5120,281600
28,28,6144,281600
28,29,7168,281600
28,29,8192,281600
28,29,9216,281600
28,55,10240,281600
28,28,11264,281600
28,29,12288,281600
28,29,13312,281600
28,29,14336,281600
28,55,1024,282624
28,83,2048,282624
28,88,3072,282624
28,18,4096,282624
28,28,5120,282624
28,29,6144,282624
28,29,7168,282624
28,29,8192,282624
28,55,9216,282624
28,28,10240,282624
28,29,11264,282624
28,29,12288,282624
28,29,13312,282624
28,25,14336,282624
55,83,1024,283648
55,88,2048,283648
55,18,3072,283648
55,28,4096,283648
55,29,5120,283648
55,29,6144,283648
55,29,7168,283648
55,55,8192,283648
55,28,9216,283648
55,29,10240,283648
55,29,11264,283648
55,29,12288,283648
55,25,13312,283648
55,25,14336,283648
83,88,1024,284672
83,18,2048,284672
83,28,3072,284672
83,29,4096,284672
83,29,5120,284672
83,29,6144,284672
83,55,7168,284672
83,28,8192,284672
83,29,9216,284672
83,29,10240,284672
83,29,11264,284672
83,25,12288,284672
83,25,13312,284672
83,25,14336,284672
88,18,1024,285696
88,28,2048,285696
88,29,3072,285696
88,29,4096,285696
88,29,5120,285696
88,55,6144,285696
88,28,7168,285696
88,29,8192,285696
88,29,9216,285696
88,29,10240,285696
88,25,11264,285696
88,25,12288,285696
88,25,13312,285696
88,28,14336,285696
18,28,1024,286720
18,29,2048,286720
18,29,3072,286720
18,29,4096,286720
18,55,5120,286720
18,28,6144,286720
18,29,7168,286720
18,29,8192,286720
18,29,9216,286720
18,25,10240,286720
18,25,11264,286720
18,25,12288,286720
18,28,13312,286720
18,29,14336,286720
28,29,1024,287744
28,29,2048,287744
28,29,3072,287744
28,55,4096,287744
28,28,5120,287744
28,29,6144,287744
28,29,7168,287744
28,29,8192,287744
28,25,9216,287744
28,25,10240,287744
28,25,11264,287744
28,28,12288,287744
28,29,13312,287744
28,29,14336,287744
29,29,1024,288768
29,29,2048,288768
29,55,3072,288768
29,28,4096,288768
29,29,5120,288768
29,29,6144,288768
29,29,7168,288768
29,25,8192,288768
29,25,9216,288768
29,25,10240,288768
29,28,11264,288768
29,29,12288,288768
29,29,13312,288768
29,29,14336,288768
29,29,1024,289792
29,55,2048,289792
29,28,3072,289792
29,29,4096,289792
29,29,5120,289792
29,29,6144,289792
29,25,7168,289792
29,25,8192,289792
29,25,9216,289792
29,28,10240,289792
29,29,11264,289792
29,29,12288,289792
29,29,13312,289792
29,59,14336,289792
29,55,1024,290816
29,28,2048,290816
29,29,3072,290816
29,29,4096,290816
29,29,5120,290816
29,25,6144,290816
29,25,7168,290816
29,25,8192,290816
29,28,9216,290816
29,29,10240,290816
29,29,11264,290816
29,29,12288,290816
29,59,13312,290816
29,59,14336,290816
55,28,1024,291840
55,29,2048,291840
55,29,3072,291840
55,29,4096,291840
55,25,5120,291840
55,25,6144,291840
55,25,7168,291840
55,28,8192,291840
55,29,9216,291840
55,29,10240,291840
55,29,11264,291840
55,59,12288,291840
55,59,13312,291840
55,29,14336,291840
28,29,1024,292864
28,29,2048,292864
28,29,3072,292864
28,25,4096,292864
28,25,5120,292864
28,25,6144,292864
28,28,7168,292864
28,29,8192,292864
28,29,9216,292864
28,29,10240,292864
28,59,11264,292864
28,59,12288,292864
28,29,13312,292864
28,29,14336,292864
29,29,1024,293888
29,29,2048,293888
29,25,3072,293888
29,25,4096,293888
29,25,5120,293888
29,28,6144,293888
29,29,7168,293888
29,29,8192,293888
29,29,9216,293888
29,59,10240,293888
29,59,11264,293888
29,29,12288,293888
29,29,13312,293888
29,29,14336,293888
29,29,1024,294912
29,25,2048,294912
29,25,3072,294912
29,25,4096,294912
29,28,5120,294912
29,29,6144,294912
29,29,7168,294912
29,29,8192,294912
29,59,9216,294912
29,59,10240,294912
29,29,11264,294912
29,29,12288,294912
29,29,13312,294912
29,29,14336,294912
29,25,1024,295936
29,25,2048,295936
29,25,3072,295936
29,28,4096,295936
29,29,5120,295936
29,29,6144,295936
29,29,7168,295936
29,59,8192,295936
29,59,9216,295936
29,29,10240,295936
29,29,11264,295936
29,29,12288,295936
29,29,13312,295936
29,29,14336,295936
25,25,1024,296960
25,25,2048,296960
25,28,3072,296960
25,29,4096,296960
25,29,5120,296960
25,29,6144,296960
25,59,7168,296960
25,59,8192,296960
25,29,9216,296960
25,29,10240,296960
25,29,11264,296960
25,29,12288,296960
25,29,13312,296960
25,29,14336,296960
25,25,1024,297984
25,28,2048,297984
25,29,3072,297984
25,29,4096,297984
25,29,5120,297984
25,59,6144,297984
25,59,7168,297984
25,29,8192,297984
25,29,9216,297984
25,29,10240,297984
25,29,11264,297984
25,29,12288,297984
25,29,13312,297984
25,44,14336,297984
25,28,1024,299008
25,29,2048,299008
25,29,3072,299008
25,29,4096,299008
25,59,5120,299008
25,59,6144,299008
25,29,7168,299008
25,29,8192,299008
25,29,9216,299008
25,29,10240,299008
25,29,11264,299008
25,29,12288,299008
25,44,13312,299008
25,44,14336,299008
28,29,1024,300032
28,29,2048,300032
28,29,3072,300032
28,59,4096,300032
28,59,5120,300032
28,29,6144,300032
28,29,7168,300032
28,29,8192,300032
28,29,9216,300032
28,29,10240,300032
28,29,11264,300032
28,44,12288,300032
28,44,13312,300032
28,55,14336,300032
29,29,1024,301056
29,29,2048,301056
29,59,3072,301056
29,59,4096,301056
29,29,5120,301056
29,29,6144,301056
29,29,7168,301056
29,29,8192,301056
29,29,9216,301056
29,29,10240,301056
29,44,11264,301056
29,44,12288,301056
29,55,13312,301056
29,88,14336,301056
29,29,1024,302080
29,59,2048,302080
29,59,3072,302080
29,29,4096,302080
29,29,5120,302080
29,29,6144,302080
29,29,7168,302080
29,29,8192,302080
29,29,9216,302080
29,44,10240,302080
29,44,11264,302080
29,55,12288,302080
29,88,13312,302080
29,44,15360,302080
29,59,1024,303104
29,59,2048,303104
29,29,3072,303104
29,29,4096,303104
29,29,5120,303104
29,29,6144,303104
29,29,7168,303104
29,29,8192,303104
29,44,9216,303104
29,44,10240,303104
29,55,11264,303104
29,88,12288,303104
29,44,14336,303104
29,44,15360,303104
59,59,1024,304128
59,29,2048,304128
59,29,3072,304128
59,29,4096,304128
59,29,5120,304128
59,29,6144,304128
59,29,7168,304128
59,44,8192,304128
59,44,9216,304128
59,55,10240,304128
59,88,11264,304128
59,44,13312,304128
59,44,14336,304128
59,55,15360,304128
59,29,1024,305152
59,29,2048,305152
59,29,3072,305152
59,29,4096,305152
59,29,5120,305152
59,29,6144,305152
59,44,7168,305152
59,44,8192,305152
59,55,9216,305152
59,88,10240,305152
59,44,12288,305152
59,44,13312,305152
59,55,14336,305152
59,55,15360,305152
29,29,1024,306176
29,29,2048,306176
29,29,3072,306176
29,29,4096,306176
29,29,5120,306176
29,44,6144,306176
29,44,7168,306176
29,55,8192,306176
29,88,9216,306176
29,44,11264,306176
29,44,12288,306176
29,55,13312,306176
29,55,14336,306176
29,56,15360,306176
29,29,1024,307200
29,29,2048,307200
29,29,3072,307200
29,29,4096,307200
29,44,5120,307200
29,44,6144,307200
29,55,7168,307200
29,88,8192,307200
29,44,10240,307200
29,44,11264,307200
29,55,12288,307200
29,55,13312,307200
29,56,14336,307200
29,55,15360,307200
29,29,1024,308224
29,29,2048,308224
29,29,3072,308224
29,44,4096,308224
29,44,5120,308224
29,55,6144,308224
29,88,7168,308224
29,44,9216,308224
29,44,10240,308224
29,55,11264,308224
29,55,12288,308224
29,56,13312,308224
29,55,14336,308224
29,111,15360,308224
29,29,1024,309248
29,29,2048,309248
29,44,3072,309248
29,44,4096,309248
29,55,5120,309248
29,88,6144,309248
29,44,8192,309248
29,44,9216,309248
29,55,10240,309248
29,55,11264,309248
29,56,12288,309248
29,55,13312,309248
29,111,14336,309248
29,47,15360,309248
29,29,1024,310272
29,44,2048,310272
29,44,3072,310272
29,55,4096,310272
29,88,5120,310272
29,44,7168,310272
29,44,8192,310272
29,55,9216,310272
29,55,10240,310272
29,56,11264,310272
29,55,12288,310272
29,111,13312,310272
29,47,14336,310272
29,55,15360,310272
29,44,1024,311296
29,44,2048,311296
29,55,3072,311296
29,88,4096,311296
29,44,6144,311296
29,44,7168,311296
29,55,8192,311296
29,55,9216,311296
29,56,10240,311296
29,55,11264,311296
29,111,12288,311296
29,47,13312,311296
29,55,14336,311296
29,59,16384,311296
44,44,1024,312320
44,55,2048,312320
44,88,3072,312320
44,44,5120,312320
44,44,6144,312320
44,55,7168,312320
44,55,8192,312320
44,56,9216,312320
44,55,10240,312320
44,111,11264,312320
44,47,12288,312320
44,55,13312,312320
44,59,15360,312320
44,59,16384,312320
44,55,1024,313344
44,88,2048,313344
44,44,4096,313344
44,44,5120,313344
44,55,6144,313344
44,55,7168,313344
44,56,8192,313344
44,55,9216,313344
44,111,10240,313344
44,47,11264,313344
44,55,12288,313344
44,59,14336,313344
44,59,15360,313344
44,25,16384,313344
55,88,1024,314368
55,44,3072,314368
55,44,4096,314368
55,55,5120,314368
55,55,6144,314368
55,56,7168,314368
55,55,8192,314368
55,111,9216,314368
55,47,10240,314368
55,55,11264,314368
55,59,13312,314368
55,59,14336,314368
55,25,15360,314368
88,44,2048,315392
88,44,3072,315392
88,55,4096,315392
88,55,5120,315392
88,56,6144,315392
88,55,7168,315392
88,111,8192,315392
88,47,9216,315392
88,55,10240,315392
88,59,12288,315392
88,59,13312,315392
88,25,14336,315392
44,44,1024,317440
44,55,2048,317440
44,55,3072,317440
44,56,4096,317440
44,55,5120,317440
44,111,6144,317440
44,47,7168,317440
44,55,8192,317440
44,59,10240,317440
44,59,11264,317440
44,25,12288,317440
44,55,1024,318464
44,55,2048,318464
44,56,3072,318464
44,55,4096,318464
44,111,5120,318464
44,47,6144,318464
44,55,7168,318464
44,59,9216,318464
44,59,10240,318464
44,25,11264,318464
55,55,1024,319488
55,56,2048,319488
55,55,3072,319488
55,111,4096,319488
55,47,5120,319488
55,55,6144,319488
55,59,8192,319488
55,59,9216,319488
55,25,10240,319488
55,56,1024,320512
55,55,2048,320512
55,111,3072,320512
55,47,4096,320512
55,55,5120,320512
55,59,7168,320512
55,59,8192,320512
55,25,9216,320512
56,55,1024,321536
56,111,2048,321536
56,47,3072,321536
56,55,4096,321536
56,59,6144,321536
56,59,7168,321536
56,25,8192,321536
55,111,1024,322560
55,47,2048,322560
55,55,3072,322560
55,59,5120,322560
55,59,6144,322560
55,25,7168,322560
111,47,1024,323584
111,55,2048,323584
111,59,4096,323584
111,59,5120,323584
111,25,6144,323584
47,55,1024,324608
47,59,3072,324608
47,59,4096,324608
47,25,5120,324608
55,59,2048,325632
55,59,3072,325632
55,25,4096,325632
59,59,1024,327680
59,25,2048,327680
59,25,1024,328704
