139,125,1024,0
139,124,3072,0
139,124,6144,0
139,123,7168,0
139,15,9216,0
139,7,13312,0
139,139,14336,0
139,139,15360,0
139,146,16384,0
139,139,18432,0
139,139,19456,0
139,7,20480,0
125,124,2048,1024
125,124,5120,1024
125,123,6144,1024
125,15,8192,1024
125,7,12288,1024
125,139,13312,1024
125,139,14336,1024
125,146,15360,1024
125,139,17408,1024
125,139,18432,1024
125,7,19456,1024
125,125,20480,1024
124,124,3072,3072
124,123,4096,3072
124,15,6144,3072
124,7,10240,3072
124,139,11264,3072
124,139,12288,3072
124,146,13312,3072
124,139,15360,3072
124,139,16384,3072
124,7,17408,3072
124,125,18432,3072
124,123,20480,3072
124,123,1024,6144
124,15,3072,6144
124,7,7168,6144
124,139,8192,6144
124,139,9216,6144
124,146,10240,6144
124,139,12288,6144
124,139,13312,6144
124,7,14336,6144
124,125,15360,6144
124,123,17408,6144
123,15,2048,7168
123,7,6144,7168
123,139,7168,7168
123,139,8192,7168
123,146,9216,7168
123,139,11264,7168
123,139,12288,7168
123,7,13312,7168
123,125,14336,7168
123,123,16384,7168
15,7,4096,9216
15,139,5120,9216
15,139,6144,9216
15,146,7168,9216
15,139,9216,9216
15,139,10240,9216
15,7,11264,9216
15,125,12288,9216
15,123,14336,9216
15,139,20480,9216
7,139,1024,13312
7,139,2048,13312
7,146,3072,13312
7,139,5120,13312
7,139,6144,13312
7,7,7168,13312
7,125,8192,13312
7,123,10240,13312
7,139,16384,13312
7,140,17408,13312
7,15,20480,13312
139,139,1024,14336
139,146,2048,14336
139,139,4096,14336
139,139,5120,14336
139,7,6144,14336
139,125,7168,14336
139,123,9216,14336
139,139,15360,14336
139,140,16384,14336
139,15,19456,14336
139,111,20480,14336
139,146,1024,15360
139,139,3072,15360
139,139,4096,15360
139,7,5120,15360
139,125,6144,15360
139,123,8192,15360
139,139,14336,15360
139,140,15360,15360
139,15,18432,15360
139,111,19456,15360
139,111,20480,15360
146,139,2048,16384
146,139,3072,16384
146,7,4096,16384
146,125,5120,16384
146,123,7168,16384
146,139,13312,16384
146,140,14336,16384
146,15,17408,16384
146,111,18432,16384
146,111,19456,16384
146,111,20480,16384
139,139,1024,18432
139,7,2048,18432
139,125,3072,18432
139,123,5120,18432
139,139,11264,18432
139,140,12288,18432
139,15,15360,18432
139,111,16384,18432
139,111,17408,18432
139,111,18432,18432
139,105,20480,18432
139,7,1024,19456
139,125,2048,19456
139,123,4096,19456
139,139,10240,19456
139,140,11264,19456
139,15,14336,19456
139,111,15360,19456
139,111,16384,19456
139,111,17408,19456
139,105,19456,19456
7,125,1024,20480
7,123,3072,20480
7,139,9216,20480
7,140,10240,20480
7,15,13312,20480
7,111,14336,20480
7,111,15360,20480
7,111,16384,20480
7,105,18432,20480
125,123,2048,21504
125,139,8192,21504
125,140,9216,21504
125,15,12288,21504
125,111,13312,21504
125,111,14336,21504
125,111,15360,21504
125,105,17408,21504
125,139,20480,21504
123,139,6144,23552
123,140,7168,23552
123,15,10240,23552
123,111,11264,23552
123,111,12288,23552
123,111,13312,23552
123,105,15360,23552
123,139,18432,23552
123,124,19456,23552
123,124,20480,23552
139,140,1024,29696
139,15,4096,29696
139,111,5120,29696
139,111,6144,29696
139,111,7168,29696
139,105,9216,29696
139,139,12288,29696
139,124,13312,29696
139,124,14336,29696
139,138,17408,29696
139,155,18432,29696
139,53,19456,29696
140,15,3072,30720
140,111,4096,30720
140,111,5120,30720
140,111,6144,30720
140,105,8192,30720
140,139,11264,30720
140,124,12288,30720
140,124,13312,30720
140,138,16384,30720
140,155,17408,30720
140,53,18432,30720
140,92,20480,30720
15,111,1024,33792
15,111,2048,33792
15,111,3072,33792
15,105,5120,33792
15,139,8192,33792
15,124,9216,33792
15,124,10240,33792
15,138,13312,33792
15,155,14336,33792
15,53,15360,33792
15,92,17408,33792
15,39,18432,33792
111,111,1024,34816
111,111,2048,34816
111,105,4096,34816
111,139,7168,34816
111,124,8192,34816
111,124,9216,34816
111,138,12288,34816
111,155,13312,34816
111,53,14336,34816
111,92,16384,34816
111,39,17408,34816
111,111,1024,35840
111,105,3072,35840
111,139,6144,35840
111,124,7168,35840
111,124,8192,35840
111,138,11264,35840
111,155,12288,35840
111,53,13312,35840
111,92,15360,35840
111,39,16384,35840
111,105,2048,36864
111,139,5120,36864
111,124,6144,36864
111,124,7168,36864
111,138,10240,36864
111,155,11264,36864
111,53,12288,36864
111,92,14336,36864
111,39,15360,36864
105,139,3072,38912
105,124,4096,38912
105,124,5120,38912
105,138,8192,38912
105,155,9216,38912
105,53,10240,38912
105,92,12288,38912
105,39,13312,38912
139,124,1024,41984
139,124,2048,41984
139,138,5120,41984
139,155,6144,41984
139,53,7168,41984
139,92,9216,41984
139,39,10240,41984
139,139,18432,41984
139,157,19456,41984
139,157,20480,41984
124,124,1024,43008
124,138,4096,43008
124,155,5120,43008
124,53,6144,43008
124,92,8192,43008
124,39,9216,43008
124,139,17408,43008
124,157,18432,43008
124,157,19456,43008
124,84,20480,43008
124,138,3072,44032
124,155,4096,44032
124,53,5120,44032
124,92,7168,44032
124,39,8192,44032
124,139,16384,44032
124,157,17408,44032
124,157,18432,44032
124,84,19456,44032
138,155,1024,47104
138,53,2048,47104
138,92,4096,47104
138,39,5120,47104
138,139,13312,47104
138,157,14336,47104
138,157,15360,47104
138,84,16384,47104
138,124,18432,47104
138,92,19456,47104
138,92,20480,47104
155,53,1024,48128
155,92,3072,48128
155,39,4096,48128
155,139,12288,48128
155,157,13312,48128
155,157,14336,48128
155,84,15360,48128
155,124,17408,48128
155,92,18432,48128
155,92,19456,48128
155,92,20480,48128
53,92,2048,49152
53,39,3072,49152
53,139,11264,49152
53,157,12288,49152
53,157,13312,49152
53,84,14336,49152
53,124,16384,49152
53,92,17408,49152
53,92,18432,49152
53,92,19456,49152
53,92,20480,49152
92,39,1024,51200
92,139,9216,51200
92,157,10240,51200
92,157,11264,51200
92,84,12288,51200
92,124,14336,51200
92,92,15360,51200
92,92,16384,51200
92,92,17408,51200
92,92,18432,51200
92,104,20480,51200
39,139,8192,52224
39,157,9216,52224
39,157,10240,52224
39,84,11264,52224
39,124,13312,52224
39,92,14336,52224
39,92,15360,52224
39,92,16384,52224
39,92,17408,52224
39,104,19456,52224
39,105,20480,52224
139,157,1024,60416
139,157,2048,60416
139,84,3072,60416
139,124,5120,60416
139,92,6144,60416
139,92,7168,60416
139,92,8192,60416
139,92,9216,60416
139,104,11264,60416
139,105,12288,60416
139,92,14336,60416
139,91,15360,60416
139,92,16384,60416
139,92,17408,60416
157,157,1024,61440
157,84,2048,61440
157,124,4096,61440
157,92,5120,61440
157,92,6144,61440
157,92,7168,61440
157,92,8192,61440
157,104,10240,61440
157,105,11264,61440
157,92,13312,61440
157,91,14336,61440
157,92,15360,61440
157,92,16384,61440
157,92,17408,61440
157,84,1024,62464
157,124,3072,62464
157,92,4096,62464
157,92,5120,62464
157,92,6144,62464
157,92,7168,62464
157,104,9216,62464
157,105,10240,62464
157,92,12288,62464
157,91,13312,62464
157,92,14336,62464
157,92,15360,62464
157,92,16384,62464
157,17,18432,62464
84,124,2048,63488
84,92,3072,63488
84,92,4096,63488
84,92,5120,63488
84,92,6144,63488
84,104,8192,63488
84,105,9216,63488
84,92,11264,63488
84,91,12288,63488
84,92,13312,63488
84,92,14336,63488
84,92,15360,63488
84,17,17408,63488
84,52,19456,63488
124,92,1024,65536
124,92,2048,65536
124,92,3072,65536
124,92,4096,65536
124,104,6144,65536
124,105,7168,65536
124,92,9216,65536
124,91,10240,65536
124,92,11264,65536
124,92,12288,65536
124,92,13312,65536
124,17,15360,65536
124,52,17408,65536
124,39,18432,65536
92,92,1024,66560
92,92,2048,66560
92,92,3072,66560
92,104,5120,66560
92,105,6144,66560
92,92,8192,66560
92,91,9216,66560
92,92,10240,66560
92,92,11264,66560
92,92,12288,66560
92,17,14336,66560
92,52,16384,66560
92,39,17408,66560
92,92,18432,66560
92,92,1024,67584
92,92,2048,67584
92,104,4096,67584
92,105,5120,67584
92,92,7168,67584
92,91,8192,67584
92,92,9216,67584
92,92,10240,67584
92,92,11264,67584
92,17,13312,67584
92,52,15360,67584
92,39,16384,67584
92,92,17408,67584
92,92,18432,67584
92,92,1024,68608
92,104,3072,68608
92,105,4096,68608
92,92,6144,68608
92,91,7168,68608
92,92,8192,68608
92,92,9216,68608
92,92,10240,68608
92,17,12288,68608
92,52,14336,68608
92,39,15360,68608
92,92,16384,68608
92,92,17408,68608
92,7,18432,68608
92,104,2048,69632
92,105,3072,69632
92,92,5120,69632
92,91,6144,69632
92,92,7168,69632
92,92,8192,69632
92,92,9216,69632
92,17,11264,69632
92,52,13312,69632
92,39,14336,69632
92,92,15360,69632
92,92,16384,69632
92,7,17408,69632
92,7,18432,69632
104,105,1024,71680
104,92,3072,71680
104,91,4096,71680
104,92,5120,71680
104,92,6144,71680
104,92,7168,71680
104,17,9216,71680
104,52,11264,71680
104,39,12288,71680
104,92,13312,71680
104,92,14336,71680
104,7,15360,71680
104,7,16384,71680
104,124,17408,71680
105,92,2048,72704
105,91,3072,72704
105,92,4096,72704
105,92,5120,72704
105,92,6144,72704
105,17,8192,72704
105,52,10240,72704
105,39,11264,72704
105,92,12288,72704
105,92,13312,72704
105,7,14336,72704
105,7,15360,72704
105,124,16384,72704
92,91,1024,74752
92,92,2048,74752
92,92,3072,74752
92,92,4096,74752
92,17,6144,74752
92,52,8192,74752
92,39,9216,74752
92,92,10240,74752
92,92,11264,74752
92,7,12288,74752
92,7,13312,74752
92,124,14336,74752
92,139,19456,74752
92,138,20480,74752
91,92,1024,75776
91,92,2048,75776
91,92,3072,75776
91,17,5120,75776
91,52,7168,75776
91,39,8192,75776
91,92,9216,75776
91,92,10240,75776
91,7,11264,75776
91,7,12288,75776
91,124,13312,75776
91,139,18432,75776
91,138,19456,75776
91,138,20480,75776
92,92,1024,76800
92,92,2048,76800
92,17,4096,76800
92,52,6144,76800
92,39,7168,76800
92,92,8192,76800
92,92,9216,76800
92,7,10240,76800
92,7,11264,76800
92,124,12288,76800
92,139,17408,76800
92,138,18432,76800
92,138,19456,76800
92,138,20480,76800
92,92,1024,77824
92,17,3072,77824
92,52,5120,77824
92,39,6144,77824
92,92,7168,77824
92,92,8192,77824
92,7,9216,77824
92,7,10240,77824
92,124,11264,77824
92,139,16384,77824
92,138,17408,77824
92,138,18432,77824
92,138,19456,77824
92,17,2048,78848
92,52,4096,78848
92,39,5120,78848
92,92,6144,78848
92,92,7168,78848
92,7,8192,78848
92,7,9216,78848
92,124,10240,78848
92,139,15360,78848
92,138,16384,78848
92,138,17408,78848
92,138,18432,78848
92,139,20480,78848
17,52,2048,80896
17,39,3072,80896
17,92,4096,80896
17,92,5120,80896
17,7,6144,80896
17,7,7168,80896
17,124,8192,80896
17,139,13312,80896
17,138,14336,80896
17,138,15360,80896
17,138,16384,80896
17,139,18432,80896
52,39,1024,82944
52,92,2048,82944
52,92,3072,82944
52,7,4096,82944
52,7,5120,82944
52,124,6144,82944
52,139,11264,82944
52,138,12288,82944
52,138,13312,82944
52,138,14336,82944
52,139,16384,82944
39,92,1024,83968
39,92,2048,83968
39,7,3072,83968
39,7,4096,83968
39,124,5120,83968
39,139,10240,83968
39,138,11264,83968
39,138,12288,83968
39,138,13312,83968
39,139,15360,83968
39,117,20480,83968
92,92,1024,84992
92,7,2048,84992
92,7,3072,84992
92,124,4096,84992
92,139,9216,84992
92,138,10240,84992
92,138,11264,84992
92,138,12288,84992
92,139,14336,84992
92,117,19456,84992
92,7,1024,86016
92,7,2048,86016
92,124,3072,86016
92,139,8192,86016
92,138,9216,86016
92,138,10240,86016
92,138,11264,86016
92,139,13312,86016
92,117,18432,86016
7,7,1024,87040
7,124,2048,87040
7,139,7168,87040
7,138,8192,87040
7,138,9216,87040
7,138,10240,87040
7,139,12288,87040
7,117,17408,87040
7,14,20480,87040
7,124,1024,88064
7,139,6144,88064
7,138,7168,88064
7,138,8192,88064
7,138,9216,88064
7,139,11264,88064
7,117,16384,88064
7,14,19456,88064
7,14,20480,88064
124,139,5120,89088
124,138,6144,89088
124,138,7168,89088
124,138,8192,89088
124,139,10240,89088
124,117,15360,89088
124,14,18432,89088
124,14,19456,89088
139,138,1024,94208
139,138,2048,94208
139,138,3072,94208
139,139,5120,94208
139,117,10240,94208
139,14,13312,94208
139,14,14336,94208
139,92,16384,94208
139,93,17408,94208
139,35,18432,94208
139,7,20480,94208
138,138,1024,95232
138,138,2048,95232
138,139,4096,95232
138,117,9216,95232
138,14,12288,95232
138,14,13312,95232
138,92,15360,95232
138,93,16384,95232
138,35,17408,95232
138,7,19456,95232
138,92,20480,95232
138,138,1024,96256
138,139,3072,96256
138,117,8192,96256
138,14,11264,96256
138,14,12288,96256
138,92,14336,96256
138,93,15360,96256
138,35,16384,96256
138,7,18432,96256
138,92,19456,96256
138,92,20480,96256
138,139,2048,97280
138,117,7168,97280
138,14,10240,97280
138,14,11264,97280
138,92,13312,97280
138,93,14336,97280
138,35,15360,97280
138,7,17408,97280
138,92,18432,97280
138,92,19456,97280
138,109,20480,97280
139,117,5120,99328
139,14,8192,99328
139,14,9216,99328
139,92,11264,99328
139,93,12288,99328
139,35,13312,99328
139,7,15360,99328
139,92,16384,99328
139,92,17408,99328
139,109,18432,99328
117,14,3072,104448
117,14,4096,104448
117,92,6144,104448
117,93,7168,104448
117,35,8192,104448
117,7,10240,104448
117,92,11264,104448
117,92,12288,104448
117,109,13312,104448
117,125,16384,104448
117,125,19456,104448
117,27,20480,104448
14,14,1024,107520
14,92,3072,107520
14,93,4096,107520
14,35,5120,107520
14,7,7168,107520
14,92,8192,107520
14,92,9216,107520
14,109,10240,107520
14,125,13312,107520
14,125,16384,107520
14,27,17408,107520
14,92,2048,108544
14,93,3072,108544
14,35,4096,108544
14,7,6144,108544
14,92,7168,108544
14,92,8192,108544
14,109,9216,108544
14,125,12288,108544
14,125,15360,108544
14,27,16384,108544
92,93,1024,110592
92,35,2048,110592
92,7,4096,110592
92,92,5120,110592
92,92,6144,110592
92,109,7168,110592
92,125,10240,110592
92,125,13312,110592
92,27,14336,110592
93,35,1024,111616
93,7,3072,111616
93,92,4096,111616
93,92,5120,111616
93,109,6144,111616
93,125,9216,111616
93,125,12288,111616
93,27,13312,111616
93,124,20480,111616
35,7,2048,112640
35,92,3072,112640
35,92,4096,112640
35,109,5120,112640
35,125,8192,112640
35,125,11264,112640
35,27,12288,112640
35,124,19456,112640
7,92,1024,114688
7,92,2048,114688
7,109,3072,114688
7,125,6144,114688
7,125,9216,114688
7,27,10240,114688
7,124,17408,114688
7,104,20480,114688
92,92,1024,115712
92,109,2048,115712
92,125,5120,115712
92,125,8192,115712
92,27,9216,115712
92,124,16384,115712
92,104,19456,115712
92,104,20480,115712
92,109,1024,116736
92,125,4096,116736
92,125,7168,116736
92,27,8192,116736
92,124,15360,116736
92,104,18432,116736
92,104,19456,116736
92,92,20480,116736
109,125,3072,117760
109,125,6144,117760
109,27,7168,117760
109,124,14336,117760
109,104,17408,117760
109,104,18432,117760
109,92,19456,117760
109,92,20480,117760
125,125,3072,120832
125,27,4096,120832
125,124,11264,120832
125,104,14336,120832
125,104,15360,120832
125,92,16384,120832
125,92,17408,120832
125,92,18432,120832
125,117,19456,120832
125,117,20480,120832
125,27,1024,123904
125,124,8192,123904
125,104,11264,123904
125,104,12288,123904
125,92,13312,123904
125,92,14336,123904
125,92,15360,123904
125,117,16384,123904
125,117,17408,123904
27,124,7168,124928
27,104,10240,124928
27,104,11264,124928
27,92,12288,124928
27,92,13312,124928
27,92,14336,124928
27,117,15360,124928
27,117,16384,124928
124,104,3072,132096
124,104,4096,132096
124,92,5120,132096
124,92,6144,132096
124,92,7168,132096
124,117,8192,132096
124,117,9216,132096
124,47,15360,132096
124,47,16384,132096
124,41,17408,132096
124,55,18432,132096
124,55,19456,132096
124,52,20480,132096
104,104,1024,135168
104,92,2048,135168
104,92,3072,135168
104,92,4096,135168
104,117,5120,135168
104,117,6144,135168
104,47,12288,135168
104,47,13312,135168
104,41,14336,135168
104,55,15360,135168
104,55,16384,135168
104,52,17408,135168
104,23,18432,135168
104,62,19456,135168
104,92,1024,136192
104,92,2048,136192
104,92,3072,136192
104,117,4096,136192
104,117,5120,136192
104,47,11264,136192
104,47,12288,136192
104,41,13312,136192
104,55,14336,136192
104,55,15360,136192
104,52,16384,136192
104,23,17408,136192
104,62,18432,136192
104,31,19456,136192
92,92,1024,137216
92,92,2048,137216
92,117,3072,137216
92,117,4096,137216
92,47,10240,137216
92,47,11264,137216
92,41,12288,137216
92,55,13312,137216
92,55,14336,137216
92,52,15360,137216
92,23,16384,137216
92,62,17408,137216
92,31,18432,137216
92,7,19456,137216
92,92,1024,138240
92,117,2048,138240
92,117,3072,138240
92,47,9216,138240
92,47,10240,138240
92,41,11264,138240
92,55,12288,138240
92,55,13312,138240
92,52,14336,138240
92,23,15360,138240
92,62,16384,138240
92,31,17408,138240
92,7,18432,138240
92,14,19456,138240
92,117,1024,139264
92,117,2048,139264
92,47,8192,139264
92,47,9216,139264
92,41,10240,139264
92,55,11264,139264
92,55,12288,139264
92,52,13312,139264
92,23,14336,139264
92,62,15360,139264
92,31,16384,139264
92,7,17408,139264
92,14,18432,139264
92,14,19456,139264
117,117,1024,140288
117,47,7168,140288
117,47,8192,140288
117,41,9216,140288
117,55,10240,140288
117,55,11264,140288
117,52,12288,140288
117,23,13312,140288
117,62,14336,140288
117,31,15360,140288
117,7,16384,140288
117,14,17408,140288
117,14,18432,140288
117,14,19456,140288
117,47,6144,141312
117,47,7168,141312
117,41,8192,141312
117,55,9216,141312
117,55,10240,141312
117,52,11264,141312
117,23,12288,141312
117,62,13312,141312
117,31,14336,141312
117,7,15360,141312
117,14,16384,141312
117,14,17408,141312
117,14,18432,141312
117,52,19456,141312
47,47,1024,147456
47,41,2048,147456
47,55,3072,147456
47,55,4096,147456
47,52,5120,147456
47,23,6144,147456
47,62,7168,147456
47,31,8192,147456
47,7,9216,147456
47,14,10240,147456
47,14,11264,147456
47,14,12288,147456
47,52,13312,147456
47,20,19456,147456
47,41,1024,148480
47,55,2048,148480
47,55,3072,148480
47,52,4096,148480
47,23,5120,148480
47,62,6144,148480
47,31,7168,148480
47,7,8192,148480
47,14,9216,148480
47,14,10240,148480
47,14,11264,148480
47,52,12288,148480
47,20,18432,148480
47,21,19456,148480
41,55,1024,149504
41,55,2048,149504
41,52,3072,149504
41,23,4096,149504
41,62,5120,149504
41,31,6144,149504
41,7,7168,149504
41,14,8192,149504
41,14,9216,149504
41,14,10240,149504
41,52,11264,149504
41,20,17408,149504
41,21,18432,149504
41,123,20480,149504
55,55,1024,150528
55,52,2048,150528
55,23,3072,150528
55,62,4096,150528
55,31,5120,150528
55,7,6144,150528
55,14,7168,150528
55,14,8192,150528
55,14,9216,150528
55,52,10240,150528
55,20,16384,150528
55,21,17408,150528
55,123,19456,150528
55,20,20480,150528
55,52,1024,151552
55,23,2048,151552
55,62,3072,151552
55,31,4096,151552
55,7,5120,151552
55,14,6144,151552
55,14,7168,151552
55,14,8192,151552
55,52,9216,151552
55,20,15360,151552
55,21,16384,151552
55,123,18432,151552
55,20,19456,151552
55,92,20480,151552
52,23,1024,152576
52,62,2048,152576
52,31,3072,152576
52,7,4096,152576
52,14,5120,152576
52,14,6144,152576
52,14,7168,152576
52,52,8192,152576
52,20,14336,152576
52,21,15360,152576
52,123,17408,152576
52,20,18432,152576
52,92,19456,152576
23,62,1024,153600
23,31,2048,153600
23,7,3072,153600
23,14,4096,153600
23,14,5120,153600
23,14,6144,153600
23,52,7168,153600
23,20,13312,153600
23,21,14336,153600
23,123,16384,153600
23,20,17408,153600
23,92,18432,153600
23,93,20480,153600
62,31,1024,154624
62,7,2048,154624
62,14,3072,154624
62,14,4096,154624
62,14,5120,154624
62,52,6144,154624
62,20,12288,154624
62,21,13312,154624
62,123,15360,154624
62,20,16384,154624
62,92,17408,154624
62,93,19456,154624
31,7,1024,155648
31,14,2048,155648
31,14,3072,155648
31,14,4096,155648
31,52,5120,155648
31,20,11264,155648
31,21,12288,155648
31,123,14336,155648
31,20,15360,155648
31,92,16384,155648
31,93,18432,155648
7,14,1024,156672
7,14,2048,156672
7,14,3072,156672
7,52,4096,156672
7,20,10240,156672
7,21,11264,156672
7,123,13312,156672
7,20,14336,156672
7,92,15360,156672
7,93,17408,156672
7,111,20480,156672
14,14,1024,157696
14,14,2048,157696
14,52,3072,157696
14,20,9216,157696
14,21,10240,157696
14,123,12288,157696
14,20,13312,157696
14,92,14336,157696
14,93,16384,157696
14,111,19456,157696
14,14,1024,158720
14,52,2048,158720
14,20,8192,158720
14,21,9216,158720
14,123,11264,158720
14,20,12288,158720
14,92,13312,158720
14,93,15360,158720
14,111,18432,158720
14,52,1024,159744
14,20,7168,159744
14,21,8192,159744
14,123,10240,159744
14,20,11264,159744
14,92,12288,159744
14,93,14336,159744
14,111,17408,159744
14,110,20480,159744
52,20,6144,160768
52,21,7168,160768
52,123,9216,160768
52,20,10240,160768
52,92,11264,160768
52,93,13312,160768
52,111,16384,160768
52,110,19456,160768
52,111,20480,160768
20,21,1024,166912
20,123,3072,166912
20,20,4096,166912
20,92,5120,166912
20,93,7168,166912
20,111,10240,166912
20,110,13312,166912
20,111,14336,166912
20,41,15360,166912
20,140,17408,166912
20,110,20480,166912
21,123,2048,167936
21,20,3072,167936
21,92,4096,167936
21,93,6144,167936
21,111,9216,167936
21,110,12288,167936
21,111,13312,167936
21,41,14336,167936
21,140,16384,167936
21,110,19456,167936
123,20,1024,169984
123,92,2048,169984
123,93,4096,169984
123,111,7168,169984
123,110,10240,169984
123,111,11264,169984
123,41,12288,169984
123,140,14336,169984
123,110,17408,169984
20,92,1024,171008
20,93,3072,171008
20,111,6144,171008
20,110,9216,171008
20,111,10240,171008
20,41,11264,171008
20,140,13312,171008
20,110,16384,171008
20,138,20480,171008
92,93,2048,172032
92,111,5120,172032
92,110,8192,172032
92,111,9216,172032
92,41,10240,172032
92,140,12288,172032
92,110,15360,172032
92,138,19456,172032
93,111,3072,174080
93,110,6144,174080
93,111,7168,174080
93,41,8192,174080
93,140,10240,174080
93,110,13312,174080
93,138,17408,174080
111,110,3072,177152
111,111,4096,177152
111,41,5120,177152
111,140,7168,177152
111,110,10240,177152
111,138,14336,177152
110,111,1024,180224
110,41,2048,180224
110,140,4096,180224
110,110,7168,180224
110,138,11264,180224
111,41,1024,181248
111,140,3072,181248
111,110,6144,181248
111,138,10240,181248
111,111,20480,181248
41,140,2048,182272
41,110,5120,182272
41,138,9216,182272
41,111,19456,182272
140,110,3072,184320
140,138,7168,184320
140,111,17408,184320
140,41,19456,184320
140,138,20480,184320
110,138,4096,187392
110,111,14336,187392
110,41,16384,187392
110,138,17408,187392
110,52,20480,187392
138,111,10240,191488
138,41,12288,191488
138,138,13312,191488
138,52,16384,191488
138,41,17408,191488
138,41,18432,191488
138,52,19456,191488
138,27,20480,191488
111,41,2048,201728
111,138,3072,201728
111,52,6144,201728
111,41,7168,201728
111,41,8192,201728
111,52,9216,201728
111,27,10240,201728
111,14,11264,201728
111,14,12288,201728
111,62,13312,201728
111,13,14336,201728
111,21,15360,201728
111,23,17408,201728
111,23,18432,201728
41,138,1024,203776
41,52,4096,203776
41,41,5120,203776
41,41,6144,203776
41,52,7168,203776
41,27,8192,203776
41,14,9216,203776
41,14,10240,203776
41,62,11264,203776
41,13,12288,203776
41,21,13312,203776
41,23,15360,203776
41,23,16384,203776
41,52,18432,203776
138,52,3072,204800
138,41,4096,204800
138,41,5120,204800
138,52,6144,204800
138,27,7168,204800
138,14,8192,204800
138,14,9216,204800
138,62,10240,204800
138,13,11264,204800
138,21,12288,204800
138,23,14336,204800
138,23,15360,204800
138,52,17408,204800
138,69,18432,204800
52,41,1024,207872
52,41,2048,207872
52,52,3072,207872
52,27,4096,207872
52,14,5120,207872
52,14,6144,207872
52,62,7168,207872
52,13,8192,207872
52,21,9216,207872
52,23,11264,207872
52,23,12288,207872
52,52,14336,207872
52,69,15360,207872
52,35,16384,207872
41,41,1024,208896
41,52,2048,208896
41,27,3072,208896
41,14,4096,208896
41,14,5120,208896
41,62,6144,208896
41,13,7168,208896
41,21,8192,208896
41,23,10240,208896
41,23,11264,208896
41,52,13312,208896
41,69,14336,208896
41,35,15360,208896
41,37,17408,208896
41,52,1024,209920
41,27,2048,209920
41,14,3072,209920
41,14,4096,209920
41,62,5120,209920
41,13,6144,209920
41,21,7168,209920
41,23,9216,209920
41,23,10240,209920
41,52,12288,209920
41,69,13312,209920
41,35,14336,209920
41,37,16384,209920
41,9,17408,209920
52,27,1024,210944
52,14,2048,210944
52,14,3072,210944
52,62,4096,210944
52,13,5120,210944
52,21,6144,210944
52,23,8192,210944
52,23,9216,210944
52,52,11264,210944
52,69,12288,210944
52,35,13312,210944
52,37,15360,210944
52,9,16384,210944
52,9,17408,210944
27,14,1024,211968
27,14,2048,211968
27,62,3072,211968
27,13,4096,211968
27,21,5120,211968
27,23,7168,211968
27,23,8192,211968
27,52,10240,211968
27,69,11264,211968
27,35,12288,211968
27,37,14336,211968
27,9,15360,211968
27,9,16384,211968
27,9,17408,211968
14,14,1024,212992
14,62,2048,212992
14,13,3072,212992
14,21,4096,212992
14,23,6144,212992
14,23,7168,212992
14,52,9216,212992
14,69,10240,212992
14,35,11264,212992
14,37,13312,212992
14,9,14336,212992
14,9,15360,212992
14,9,16384,212992
14,41,17408,212992
14,62,1024,214016
14,13,2048,214016
14,21,3072,214016
14,23,5120,214016
14,23,6144,214016
14,52,8192,214016
14,69,9216,214016
14,35,10240,214016
14,37,12288,214016
14,9,13312,214016
14,9,14336,214016
14,9,15360,214016
14,41,16384,214016
14,41,17408,214016
62,13,1024,215040
62,21,2048,215040
62,23,4096,215040
62,23,5120,215040
62,52,7168,215040
62,69,8192,215040
62,35,9216,215040
62,37,11264,215040
62,9,12288,215040
62,9,13312,215040
62,9,14336,215040
62,41,15360,215040
62,41,16384,215040
62,165,20480,215040
13,21,1024,216064
13,23,3072,216064
13,23,4096,216064
13,52,6144,216064
13,69,7168,216064
13,35,8192,216064
13,37,10240,216064
13,9,11264,216064
13,9,12288,216064
13,9,13312,216064
13,41,14336,216064
13,41,15360,216064
13,165,19456,216064
13,82,20480,216064
21,23,2048,217088
21,23,3072,217088
21,52,5120,217088
21,69,6144,217088
21,35,7168,217088
21,37,9216,217088
21,9,10240,217088
21,9,11264,217088
21,9,12288,217088
21,41,13312,217088
21,41,14336,217088
21,165,18432,217088
21,82,19456,217088
23,23,1024,219136
23,52,3072,219136
23,69,4096,219136
23,35,5120,219136
23,37,7168,219136
23,9,8192,219136
23,9,9216,219136
23,9,10240,219136
23,41,11264,219136
23,41,12288,219136
23,165,16384,219136
23,82,17408,219136
23,52,19456,219136
23,52,2048,220160
23,69,3072,220160
23,35,4096,220160
23,37,6144,220160
23,9,7168,220160
23,9,8192,220160
23,9,9216,220160
23,41,10240,220160
23,41,11264,220160
23,165,15360,220160
23,82,16384,220160
23,52,18432,220160
23,34,20480,220160
52,69,1024,222208
52,35,2048,222208
52,37,4096,222208
52,9,5120,222208
52,9,6144,222208
52,9,7168,222208
52,41,8192,222208
52,41,9216,222208
52,165,13312,222208
52,82,14336,222208
52,52,16384,222208
52,34,18432,222208
52,110,19456,222208
52,110,20480,222208
69,35,1024,223232
69,37,3072,223232
69,9,4096,223232
69,9,5120,223232
69,9,6144,223232
69,41,7168,223232
69,41,8192,223232
69,165,12288,223232
69,82,13312,223232
69,52,15360,223232
69,34,17408,223232
69,110,18432,223232
69,110,19456,223232
69,41,20480,223232
35,37,2048,224256
35,9,3072,224256
35,9,4096,224256
35,9,5120,224256
35,41,6144,224256
35,41,7168,224256
35,165,11264,224256
35,82,12288,224256
35,52,14336,224256
35,34,16384,224256
35,110,17408,224256
35,110,18432,224256
35,41,19456,224256
35,111,20480,224256
37,9,1024,226304
37,9,2048,226304
37,9,3072,226304
37,41,4096,226304
37,41,5120,226304
37,165,9216,226304
37,82,10240,226304
37,52,12288,226304
37,34,14336,226304
37,110,15360,226304
37,110,16384,226304
37,41,17408,226304
37,111,18432,226304
37,112,19456,226304
9,9,1024,227328
9,9,2048,227328
9,41,3072,227328
9,41,4096,227328
9,165,8192,227328
9,82,9216,227328
9,52,11264,227328
9,34,13312,227328
9,110,14336,227328
9,110,15360,227328
9,41,16384,227328
9,111,17408,227328
9,112,18432,227328
9,23,19456,227328
9,9,1024,228352
9,41,2048,228352
9,41,3072,228352
9,165,7168,228352
9,82,8192,228352
9,52,10240,228352
9,34,12288,228352
9,110,13312,228352
9,110,14336,228352
9,41,15360,228352
9,111,16384,228352
9,112,17408,228352
9,23,18432,228352
9,23,19456,228352
9,41,1024,229376
9,41,2048,229376
9,165,6144,229376
9,82,7168,229376
9,52,9216,229376
9,34,11264,229376
9,110,12288,229376
9,110,13312,229376
9,41,14336,229376
9,111,15360,229376
9,112,16384,229376
9,23,17408,229376
9,23,18432,229376
9,23,19456,229376
41,41,1024,230400
41,165,5120,230400
41,82,6144,230400
41,52,8192,230400
41,34,10240,230400
41,110,11264,230400
41,110,12288,230400
41,41,13312,230400
41,111,14336,230400
41,112,15360,230400
41,23,16384,230400
41,23,17408,230400
41,23,18432,230400
41,9,19456,230400
41,165,4096,231424
41,82,5120,231424
41,52,7168,231424
41,34,9216,231424
41,110,10240,231424
41,110,11264,231424
41,41,12288,231424
41,111,13312,231424
41,112,14336,231424
41,23,15360,231424
41,23,16384,231424
41,23,17408,231424
41,9,18432,231424
41,41,19456,231424
165,82,1024,235520
165,52,3072,235520
165,34,5120,235520
165,110,6144,235520
165,110,7168,235520
165,41,8192,235520
165,111,9216,235520
165,112,10240,235520
165,23,11264,235520
165,23,12288,235520
165,23,13312,235520
165,9,14336,235520
165,41,15360,235520
165,41,16384,235520
82,52,2048,236544
82,34,4096,236544
82,110,5120,236544
82,110,6144,236544
82,41,7168,236544
82,111,8192,236544
82,112,9216,236544
82,23,10240,236544
82,23,11264,236544
82,23,12288,236544
82,9,13312,236544
82,41,14336,236544
82,41,15360,236544
82,139,16384,236544
52,34,2048,238592
52,110,3072,238592
52,110,4096,238592
52,41,5120,238592
52,111,6144,238592
52,112,7168,238592
52,23,8192,238592
52,23,9216,238592
52,23,10240,238592
52,9,11264,238592
52,41,12288,238592
52,41,13312,238592
52,139,14336,238592
52,139,15360,238592
34,110,1024,240640
34,110,2048,240640
34,41,3072,240640
34,111,4096,240640
34,112,5120,240640
34,23,6144,240640
34,23,7168,240640
34,23,8192,240640
34,9,9216,240640
34,41,10240,240640
34,41,11264,240640
34,139,12288,240640
34,139,13312,240640
34,23,14336,240640
110,110,1024,241664
110,41,2048,241664
110,111,3072,241664
110,112,4096,241664
110,23,5120,241664
110,23,6144,241664
110,23,7168,241664
110,9,8192,241664
110,41,9216,241664
110,41,10240,241664
110,139,11264,241664
110,139,12288,241664
110,23,13312,241664
110,15,15360,241664
110,41,1024,242688
110,111,2048,242688
110,112,3072,242688
110,23,4096,242688
110,23,5120,242688
110,23,6144,242688
110,9,7168,242688
110,41,8192,242688
110,41,9216,242688
110,139,10240,242688
110,139,11264,242688
110,23,12288,242688
110,15,14336,242688
110,7,15360,242688
41,111,1024,243712
41,112,2048,243712
41,23,3072,243712
41,23,4096,243712
41,23,5120,243712
41,9,6144,243712
41,41,7168,243712
41,41,8192,243712
41,139,9216,243712
41,139,10240,243712
41,23,11264,243712
41,15,13312,243712
41,7,14336,243712
41,7,15360,243712
111,112,1024,244736
111,23,2048,244736
111,23,3072,244736
111,23,4096,244736
111,9,5120,244736
111,41,6144,244736
111,41,7168,244736
111,139,8192,244736
111,139,9216,244736
111,23,10240,244736
111,15,12288,244736
111,7,13312,244736
111,7,14336,244736
111,21,16384,244736
112,23,1024,245760
112,23,2048,245760
112,23,3072,245760
112,9,4096,245760
112,41,5120,245760
112,41,6144,245760
112,139,7168,245760
112,139,8192,245760
112,23,9216,245760
112,15,11264,245760
112,7,12288,245760
112,7,13312,245760
112,21,15360,245760
112,7,16384,245760
23,23,1024,246784
23,23,2048,246784
23,9,3072,246784
23,41,4096,246784
23,41,5120,246784
23,139,6144,246784
23,139,7168,246784
23,23,8192,246784
23,15,10240,246784
23,7,11264,246784
23,7,12288,246784
23,21,14336,246784
23,7,15360,246784
23,111,18432,246784
23,23,1024,247808
23,9,2048,247808
23,41,3072,247808
23,41,4096,247808
23,139,5120,247808
23,139,6144,247808
23,23,7168,247808
23,15,9216,247808
23,7,10240,247808
23,7,11264,247808
23,21,13312,247808
23,7,14336,247808
23,111,17408,247808
23,123,20480,247808
23,9,1024,248832
23,41,2048,248832
23,41,3072,248832
23,139,4096,248832
23,139,5120,248832
23,23,6144,248832
23,15,8192,248832
23,7,9216,248832
23,7,10240,248832
23,21,12288,248832
23,7,13312,248832
23,111,16384,248832
23,123,19456,248832
9,41,1024,249856
9,41,2048,249856
9,139,3072,249856
9,139,4096,249856
9,23,5120,249856
9,15,7168,249856
9,7,8192,249856
9,7,9216,249856
9,21,11264,249856
9,7,12288,249856
9,111,15360,249856
9,123,18432,249856
9,140,20480,249856
41,41,1024,250880
41,139,2048,250880
41,139,3072,250880
41,23,4096,250880
41,15,6144,250880
41,7,7168,250880
41,7,8192,250880
41,21,10240,250880
41,7,11264,250880
41,111,14336,250880
41,123,17408,250880
41,140,19456,250880
41,139,1024,251904
41,139,2048,251904
41,23,3072,251904
41,15,5120,251904
41,7,6144,251904
41,7,7168,251904
41,21,9216,251904
41,7,10240,251904
41,111,13312,251904
41,123,16384,251904
41,140,18432,251904
139,139,1024,252928
139,23,2048,252928
139,15,4096,252928
139,7,5120,252928
139,7,6144,252928
139,21,8192,252928
139,7,9216,252928
139,111,12288,252928
139,123,15360,252928
139,140,17408,252928
139,111,20480,252928
139,23,1024,253952
139,15,3072,253952
139,7,4096,253952
139,7,5120,253952
139,21,7168,253952
139,7,8192,253952
139,111,11264,253952
139,123,14336,253952
139,140,16384,253952
139,111,19456,253952
139,111,20480,253952
23,15,2048,254976
23,7,3072,254976
23,7,4096,254976
23,21,6144,254976
23,7,7168,254976
23,111,10240,254976
23,123,13312,254976
23,140,15360,254976
23,111,18432,254976
23,111,19456,254976
23,123,20480,254976
15,7,1024,257024
15,7,2048,257024
15,21,4096,257024
15,7,5120,257024
15,111,8192,257024
15,123,11264,257024
15,140,13312,257024
15,111,16384,257024
15,111,17408,257024
15,123,18432,257024
15,125,19456,257024
15,124,20480,257024
7,7,1024,258048
7,21,3072,258048
7,7,4096,258048
7,111,7168,258048
7,123,10240,258048
7,140,12288,258048
7,111,15360,258048
7,111,16384,258048
7,123,17408,258048
7,125,18432,258048
7,124,19456,258048
7,125,20480,258048
7,21,2048,259072
7,7,3072,259072
7,111,6144,259072
7,123,9216,259072
7,140,11264,259072
7,111,14336,259072
7,111,15360,259072
7,123,16384,259072
7,125,17408,259072
7,124,18432,259072
7,125,19456,259072
7,111,20480,259072
21,7,1024,261120
21,111,4096,261120
21,123,7168,261120
21,140,9216,261120
21,111,12288,261120
21,111,13312,261120
21,123,14336,261120
21,125,15360,261120
21,124,16384,261120
21,125,17408,261120
21,111,18432,261120
21,112,19456,261120
7,111,3072,262144
7,123,6144,262144
7,140,8192,262144
7,111,11264,262144
7,111,12288,262144
7,123,13312,262144
7,125,14336,262144
7,124,15360,262144
7,125,16384,262144
7,111,17408,262144
7,112,18432,262144
7,124,20480,262144
111,123,3072,265216
111,140,5120,265216
111,111,8192,265216
111,111,9216,265216
111,123,10240,265216
111,125,11264,265216
111,124,12288,265216
111,125,13312,265216
111,111,14336,265216
111,112,15360,265216
111,124,17408,265216
111,111,19456,265216
111,105,20480,265216
123,140,2048,268288
123,111,5120,268288
123,111,6144,268288
123,123,7168,268288
123,125,8192,268288
123,124,9216,268288
123,125,10240,268288
123,111,11264,268288
123,112,12288,268288
123,124,14336,268288
123,111,16384,268288
123,105,17408,268288
123,105,18432,268288
123,93,19456,268288
140,111,3072,270336
140,111,4096,270336
140,123,5120,270336
140,125,6144,270336
140,124,7168,270336
140,125,8192,270336
140,111,9216,270336
140,112,10240,270336
140,124,12288,270336
140,111,14336,270336
140,105,15360,270336
140,105,16384,270336
140,93,17408,270336
140,93,18432,270336
111,111,1024,273408
111,123,2048,273408
111,125,3072,273408
111,124,4096,273408
111,125,5120,273408
111,111,6144,273408
111,112,7168,273408
111,124,9216,273408
111,111,11264,273408
111,105,12288,273408
111,105,13312,273408
111,93,14336,273408
111,93,15360,273408
111,92,16384,273408
111,123,1024,274432
111,125,2048,274432
111,124,3072,274432
111,125,4096,274432
111,111,5120,274432
111,112,6144,274432
111,124,8192,274432
111,111,10240,274432
111,105,11264,274432
111,105,12288,274432
111,93,13312,274432
111,93,14336,274432
111,92,15360,274432
111,98,17408,274432
123,125,1024,275456
123,124,2048,275456
123,125,3072,275456
123,111,4096,275456
123,112,5120,275456
123,124,7168,275456
123,111,9216,275456
123,105,10240,275456
123,105,11264,275456
123,93,12288,275456
123,93,13312,275456
123,92,14336,275456
123,98,16384,275456
123,92,17408,275456
125,124,1024,276480
125,125,2048,276480
125,111,3072,276480
125,112,4096,276480
125,124,6144,276480
125,111,8192,276480
125,105,9216,276480
125,105,10240,276480
125,93,11264,276480
125,93,12288,276480
125,92,13312,276480
125,98,15360,276480
125,92,16384,276480
125,92,17408,276480
124,125,1024,277504
124,111,2048,277504
124,112,3072,277504
124,124,5120,277504
124,111,7168,277504
124,105,8192,277504
124,105,9216,277504
124,93,10240,277504
124,93,11264,277504
124,92,12288,277504
124,98,14336,277504
124,92,15360,277504
124,92,16384,277504
124,92,17408,277504
125,111,1024,278528
125,112,2048,278528
125,124,4096,278528
125,111,6144,278528
125,105,7168,278528
125,105,8192,278528
125,93,9216,278528
125,93,10240,278528
125,92,11264,278528
125,98,13312,278528
125,92,14336,278528
125,92,15360,278528
125,92,16384,278528
125,92,17408,278528
111,112,1024,279552
111,124,3072,279552
111,111,5120,279552
111,105,6144,279552
111,105,7168,279552
111,93,8192,279552
111,93,9216,279552
111,92,10240,279552
111,98,12288,279552
111,92,13312,279552
111,92,14336,279552
111,92,15360,279552
111,92,16384,279552
111,92,17408,279552
112,124,2048,280576
112,111,4096,280576
112,105,5120,280576
112,105,6144,280576
112,93,7168,280576
112,93,8192,280576
112,92,9216,280576
112,98,11264,280576
112,92,12288,280576
112,92,13312,280576
112,92,14336,280576
112,92,15360,280576
112,92,16384,280576
112,93,17408,280576
124,111,2048,282624
124,105,3072,282624
124,105,4096,282624
124,93,5120,282624
124,93,6144,282624
124,92,7168,282624
124,98,9216,282624
124,92,10240,282624
124,92,11264,282624
124,92,12288,282624
124,92,13312,282624
124,92,14336,282624
124,93,15360,282624
124,92,16384,282624
111,105,1024,284672
111,105,2048,284672
111,93,3072,284672
111,93,4096,284672
111,92,5120,284672
111,98,7168,284672
111,92,8192,284672
111,92,9216,284672
111,92,10240,284672
111,92,11264,284672
111,92,12288,284672
111,93,13312,284672
111,92,14336,284672
111,110,16384,284672
105,105,1024,285696
105,93,2048,285696
105,93,3072,285696
105,92,4096,285696
105,98,6144,285696
105,92,7168,285696
105,92,8192,285696
105,92,9216,285696
105,92,10240,285696
105,92,11264,285696
105,93,12288,285696
105,92,13312,285696
105,110,15360,285696
105,93,20480,285696
105,93,1024,286720
105,93,2048,286720
105,92,3072,286720
105,98,5120,286720
105,92,6144,286720
105,92,7168,286720
105,92,8192,286720
105,92,9216,286720
105,92,10240,286720
105,93,11264,286720
105,92,12288,286720
105,110,14336,286720
105,93,19456,286720
105,93,20480,286720
93,93,1024,287744
93,92,2048,287744
93,98,4096,287744
93,92,5120,287744
93,92,6144,287744
93,92,7168,287744
93,92,8192,287744
93,92,9216,287744
93,93,10240,287744
93,92,11264,287744
93,110,13312,287744
93,93,18432,287744
93,93,19456,287744
93,124,20480,287744
93,92,1024,288768
93,98,3072,288768
93,92,4096,288768
93,92,5120,288768
93,92,6144,288768
93,92,7168,288768
93,92,8192,288768
93,93,9216,288768
93,92,10240,288768
93,110,12288,288768
93,93,17408,288768
93,93,18432,288768
93,124,19456,288768
92,98,2048,289792
92,92,3072,289792
92,92,4096,289792
92,92,5120,289792
92,92,6144,289792
92,92,7168,289792
92,93,8192,289792
92,92,9216,289792
92,110,11264,289792
92,93,16384,289792
92,93,17408,289792
92,124,18432,289792
98,92,1024,291840
98,92,2048,291840
98,92,3072,291840
98,92,4096,291840
98,92,5120,291840
98,93,6144,291840
98,92,7168,291840
98,110,9216,291840
98,93,14336,291840
98,93,15360,291840
98,124,16384,291840
92,92,1024,292864
92,92,2048,292864
92,92,3072,292864
92,92,4096,292864
92,93,5120,292864
92,92,6144,292864
92,110,8192,292864
92,93,13312,292864
92,93,14336,292864
92,124,15360,292864
92,92,1024,293888
92,92,2048,293888
92,92,3072,293888
92,93,4096,293888
92,92,5120,293888
92,110,7168,293888
92,93,12288,293888
92,93,13312,293888
92,124,14336,293888
92,92,1024,294912
92,92,2048,294912
92,93,3072,294912
92,92,4096,294912
92,110,6144,294912
92,93,11264,294912
92,93,12288,294912
92,124,13312,294912
92,92,1024,295936
92,93,2048,295936
92,92,3072,295936
92,110,5120,295936
92,93,10240,295936
92,93,11264,295936
92,124,12288,295936
92,93,1024,296960
92,92,2048,296960
92,110,4096,296960
92,93,9216,296960
92,93,10240,296960
92,124,11264,296960
93,92,1024,297984
93,110,3072,297984
93,93,8192,297984
93,93,9216,297984
93,124,10240,297984
92,110,2048,299008
92,93,7168,299008
92,93,8192,299008
92,124,9216,299008
110,93,5120,301056
110,93,6144,301056
110,124,7168,301056
93,93,1024,306176
93,124,2048,306176
93,111,19456,306176
93,111,20480,306176
93,124,1024,307200
93,111,18432,307200
93,111,19456,307200
124,111,17408,308224
124,111,18432,308224
124,105,20480,308224
111,111,1024,325632
111,105,3072,325632
111,92,4096,325632
111,105,2048,326656
111,92,3072,326656
105,92,1024,328704
