10,48,1024,1024
10,49,2048,1024
10,10,4096,1024
10,10,5120,1024
10,39,6144,1024
10,10,7168,1024
10,49,8192,1024
10,10,9216,1024
10,49,10240,1024
10,49,11264,1024
10,10,12288,1024
10,10,13312,1024
10,49,14336,1024
10,49,15360,1024
48,49,1024,2048
48,10,3072,2048
48,10,4096,2048
48,39,5120,2048
48,10,6144,2048
48,49,7168,2048
48,10,8192,2048
48,49,9216,2048
48,49,10240,2048
48,10,11264,2048
48,10,12288,2048
48,49,13312,2048
48,49,14336,2048
48,19,15360,2048
49,10,2048,3072
49,10,3072,3072
49,39,4096,3072
49,10,5120,3072
49,49,6144,3072
49,10,7168,3072
49,49,8192,3072
49,49,9216,3072
49,10,10240,3072
49,10,11264,3072
49,49,12288,3072
49,49,13312,3072
49,19,14336,3072
49,49,15360,3072
10,10,1024,5120
10,39,2048,5120
10,10,3072,5120
10,49,4096,5120
10,10,5120,5120
10,49,6144,5120
10,49,7168,5120
10,10,8192,5120
10,10,9216,5120
10,49,10240,5120
10,49,11264,5120
10,19,12288,5120
10,49,13312,5120
10,10,14336,5120
10,39,1024,6144
10,10,2048,6144
10,49,3072,6144
10,10,4096,6144
10,49,5120,6144
10,49,6144,6144
10,10,7168,6144
10,10,8192,6144
10,49,9216,6144
10,49,10240,6144
10,19,11264,6144
10,49,12288,6144
10,10,13312,6144
10,10,14336,6144
39,10,1024,7168
39,49,2048,7168
39,10,3072,7168
39,49,4096,7168
39,49,5120,7168
39,10,6144,7168
39,10,7168,7168
39,49,8192,7168
39,49,9216,7168
39,19,10240,7168
39,49,11264,7168
39,10,12288,7168
39,10,13312,7168
39,10,14336,7168
10,49,1024,8192
10,10,2048,8192
10,49,3072,8192
10,49,4096,8192
10,10,5120,8192
10,10,6144,8192
10,49,7168,8192
10,49,8192,8192
10,19,9216,8192
10,49,10240,8192
10,10,11264,8192
10,10,12288,8192
10,10,13312,8192
10,10,14336,8192
49,10,1024,9216
49,49,2048,9216
49,49,3072,9216
49,10,4096,9216
49,10,5120,9216
49,49,6144,9216
49,49,7168,9216
49,19,8192,9216
49,49,9216,9216
49,10,10240,9216
49,10,11264,9216
49,10,12288,9216
49,10,13312,9216
49,10,14336,9216
10,49,1024,10240
10,49,2048,10240
10,10,3072,10240
10,10,4096,10240
10,49,5120,10240
10,49,6144,10240
10,19,7168,10240
10,49,8192,10240
10,10,9216,10240
10,10,10240,10240
10,10,11264,10240
10,10,12288,10240
10,10,13312,10240
10,49,14336,10240
49,49,1024,11264
49,10,2048,11264
49,10,3072,11264
49,49,4096,11264
49,49,5120,11264
49,19,6144,11264
49,49,7168,11264
49,10,8192,11264
49,10,9216,11264
49,10,10240,11264
49,10,11264,11264
49,10,12288,11264
49,49,13312,11264
49,49,15360,11264
49,10,1024,12288
49,10,2048,12288
49,49,3072,12288
49,49,4096,12288
49,19,5120,12288
49,49,6144,12288
49,10,7168,12288
49,10,8192,12288
49,10,9216,12288
49,10,10240,12288
49,10,11264,12288
49,49,12288,12288
49,49,14336,12288
49,49,16384,12288
10,10,1024,13312
10,49,2048,13312
10,49,3072,13312
10,19,4096,13312
10,49,5120,13312
10,10,6144,13312
10,10,7168,13312
10,10,8192,13312
10,10,9216,13312
10,10,10240,13312
10,49,11264,13312
10,49,13312,13312
10,49,15360,13312
10,10,20480,13312
10,49,1024,14336
10,49,2048,14336
10,19,3072,14336
10,49,4096,14336
10,10,5120,14336
10,10,6144,14336
10,10,7168,14336
10,10,8192,14336
10,10,9216,14336
10,49,10240,14336
10,49,12288,14336
10,49,14336,14336
10,10,19456,14336
49,49,1024,15360
49,19,2048,15360
49,49,3072,15360
49,10,4096,15360
49,10,5120,15360
49,10,6144,15360
49,10,7168,15360
49,10,8192,15360
49,49,9216,15360
49,49,11264,15360
49,49,13312,15360
49,10,18432,15360
49,10,20480,15360
49,19,1024,16384
49,49,2048,16384
49,10,3072,16384
49,10,4096,16384
49,10,5120,16384
49,10,6144,16384
49,10,7168,16384
49,49,8192,16384
49,49,10240,16384
49,49,12288,16384
49,10,17408,16384
49,10,19456,16384
19,49,1024,17408
19,10,2048,17408
19,10,3072,17408
19,10,4096,17408
19,10,5120,17408
19,10,6144,17408
19,49,7168,17408
19,49,9216,17408
19,49,11264,17408
19,10,16384,17408
19,10,18432,17408
49,10,1024,18432
49,10,2048,18432
49,10,3072,18432
49,10,4096,18432
49,10,5120,18432
49,49,6144,18432
49,49,8192,18432
49,49,10240,18432
49,10,15360,18432
49,10,17408,18432
10,10,1024,19456
10,10,2048,19456
10,10,3072,19456
10,10,4096,19456
10,49,5120,19456
10,49,7168,19456
10,49,9216,19456
10,10,14336,19456
10,10,16384,19456
10,10,1024,20480
10,10,2048,20480
10,10,3072,20480
10,49,4096,20480
10,49,6144,20480
10,49,8192,20480
10,10,13312,20480
10,10,15360,20480
10,10,1024,21504
10,10,2048,21504
10,49,3072,21504
10,49,5120,21504
10,49,7168,21504
10,10,12288,21504
10,10,14336,21504
10,10,1024,22528
10,49,2048,22528
10,49,4096,22528
10,49,6144,22528
10,10,11264,22528
10,10,13312,22528
10,49,1024,23552
10,49,3072,23552
10,49,5120,23552
10,10,10240,23552
10,10,12288,23552
49,49,2048,24576
49,49,4096,24576
49,10,9216,24576
49,10,11264,24576
49,49,2048,26624
49,10,7168,26624
49,10,9216,26624
49,10,5120,28672
49,10,7168,28672
10,10,2048,33792
49,26,6144,78848
49,26,8192,78848
49,26,9216,78848
49,26,10240,78848
49,25,11264,78848
49,26,14336,78848
49,26,16384,78848
49,26,19456,78848
49,26,20480,78848
26,26,2048,84992
26,26,3072,84992
26,26,4096,84992
26,25,5120,84992
26,26,8192,84992
26,26,10240,84992
26,26,13312,84992
26,26,14336,84992
26,8,17408,84992
26,26,1024,87040
26,26,2048,87040
26,25,3072,87040
26,26,6144,87040
26,26,8192,87040
26,26,11264,87040
26,26,12288,87040
26,8,15360,87040
26,26,1024,88064
26,25,2048,88064
26,26,5120,88064
26,26,7168,88064
26,26,10240,88064
26,26,11264,88064
26,8,14336,88064
26,25,1024,89088
26,26,4096,89088
26,26,6144,89088
26,26,9216,89088
26,26,10240,89088
26,8,13312,89088
25,26,3072,90112
25,26,5120,90112
25,26,8192,90112
25,26,9216,90112
25,8,12288,90112
26,26,2048,93184
26,26,5120,93184
26,26,6144,93184
26,8,9216,93184
26,26,3072,95232
26,26,4096,95232
26,8,7168,95232
26,26,1024,98304
26,8,4096,98304
26,8,3072,99328
26,26,4096,124928
26,9,20480,124928
26,9,16384,129024
26,26,19456,129024
9,26,3072,145408
26,26,1024,258048
26,26,2048,258048
26,26,3072,258048
26,51,4096,258048
26,26,5120,258048
26,26,6144,258048
26,26,7168,258048
26,26,8192,258048
26,26,9216,258048
26,25,10240,258048
26,25,11264,258048
26,49,13312,258048
26,49,14336,258048
26,49,15360,258048
26,26,1024,259072
26,26,2048,259072
26,51,3072,259072
26,26,4096,259072
26,26,5120,259072
26,26,6144,259072
26,26,7168,259072
26,26,8192,259072
26,25,9216,259072
26,25,10240,259072
26,49,12288,259072
26,49,13312,259072
26,49,14336,259072
26,49,16384,259072
26,26,1024,260096
26,51,2048,260096
26,26,3072,260096
26,26,4096,260096
26,26,5120,260096
26,26,6144,260096
26,26,7168,260096
26,25,8192,260096
26,25,9216,260096
26,49,11264,260096
26,49,12288,260096
26,49,13312,260096
26,49,15360,260096
26,49,16384,260096
26,51,1024,261120
26,26,2048,261120
26,26,3072,261120
26,26,4096,261120
26,26,5120,261120
26,26,6144,261120
26,25,7168,261120
26,25,8192,261120
26,49,10240,261120
26,49,11264,261120
26,49,12288,261120
26,49,14336,261120
26,49,15360,261120
26,26,16384,261120
51,26,1024,262144
51,26,2048,262144
51,26,3072,262144
51,26,4096,262144
51,26,5120,262144
51,25,6144,262144
51,25,7168,262144
51,49,9216,262144
51,49,10240,262144
51,49,11264,262144
51,49,13312,262144
51,49,14336,262144
51,26,15360,262144
51,26,16384,262144
26,26,1024,263168
26,26,2048,263168
26,26,3072,263168
26,26,4096,263168
26,25,5120,263168
26,25,6144,263168
26,49,8192,263168
26,49,9216,263168
26,49,10240,263168
26,49,12288,263168
26,49,13312,263168
26,26,14336,263168
26,26,15360,263168
26,26,16384,263168
26,26,1024,264192
26,26,2048,264192
26,26,3072,264192
26,25,4096,264192
26,25,5120,264192
26,49,7168,264192
26,49,8192,264192
26,49,9216,264192
26,49,11264,264192
26,49,12288,264192
26,26,13312,264192
26,26,14336,264192
26,26,15360,264192
26,51,16384,264192
26,26,1024,265216
26,26,2048,265216
26,25,3072,265216
26,25,4096,265216
26,49,6144,265216
26,49,7168,265216
26,49,8192,265216
26,49,10240,265216
26,49,11264,265216
26,26,12288,265216
26,26,13312,265216
26,26,14336,265216
26,51,15360,265216
26,26,16384,265216
26,26,1024,266240
26,25,2048,266240
26,25,3072,266240
26,49,5120,266240
26,49,6144,266240
26,49,7168,266240
26,49,9216,266240
26,49,10240,266240
26,26,11264,266240
26,26,12288,266240
26,26,13312,266240
26,51,14336,266240
26,26,15360,266240
26,26,16384,266240
26,25,1024,267264
26,25,2048,267264
26,49,4096,267264
26,49,5120,267264
26,49,6144,267264
26,49,8192,267264
26,49,9216,267264
26,26,10240,267264
26,26,11264,267264
26,26,12288,267264
26,51,13312,267264
26,26,14336,267264
26,26,15360,267264
26,26,16384,267264
25,25,1024,268288
25,49,3072,268288
25,49,4096,268288
25,49,5120,268288
25,49,7168,268288
25,49,8192,268288
25,26,9216,268288
25,26,10240,268288
25,26,11264,268288
25,51,12288,268288
25,26,13312,268288
25,26,14336,268288
25,26,15360,268288
25,26,16384,268288
25,49,2048,269312
25,49,3072,269312
25,49,4096,269312
25,49,6144,269312
25,49,7168,269312
25,26,8192,269312
25,26,9216,269312
25,26,10240,269312
25,51,11264,269312
25,26,12288,269312
25,26,13312,269312
25,26,14336,269312
25,26,15360,269312
25,26,16384,269312
49,49,1024,271360
49,49,2048,271360
49,49,4096,271360
49,49,5120,271360
49,26,6144,271360
49,26,7168,271360
49,26,8192,271360
49,51,9216,271360
49,26,10240,271360
49,26,11264,271360
49,26,12288,271360
49,26,13312,271360
49,26,14336,271360
49,26,15360,271360
49,49,1024,272384
49,49,3072,272384
49,49,4096,272384
49,26,5120,272384
49,26,6144,272384
49,26,7168,272384
49,51,8192,272384
49,26,9216,272384
49,26,10240,272384
49,26,11264,272384
49,26,12288,272384
49,26,13312,272384
49,26,14336,272384
49,26,15360,272384
49,49,2048,273408
49,49,3072,273408
49,26,4096,273408
49,26,5120,273408
49,26,6144,273408
49,51,7168,273408
49,26,8192,273408
49,26,9216,273408
49,26,10240,273408
49,26,11264,273408
49,26,12288,273408
49,26,13312,273408
49,26,14336,273408
49,29,15360,273408
49,49,1024,275456
49,26,2048,275456
49,26,3072,275456
49,26,4096,275456
49,51,5120,275456
49,26,6144,275456
49,26,7168,275456
49,26,8192,275456
49,26,9216,275456
49,26,10240,275456
49,26,11264,275456
49,26,12288,275456
49,29,13312,275456
49,26,14336,275456
49,26,1024,276480
49,26,2048,276480
49,26,3072,276480
49,51,4096,276480
49,26,5120,276480
49,26,6144,276480
49,26,7168,276480
49,26,8192,276480
49,26,9216,276480
49,26,10240,276480
49,26,11264,276480
49,29,12288,276480
49,26,13312,276480
49,26,14336,276480
26,26,1024,277504
26,26,2048,277504
26,51,3072,277504
26,26,4096,277504
26,26,5120,277504
26,26,6144,277504
26,26,7168,277504
26,26,8192,277504
26,26,9216,277504
26,26,10240,277504
26,29,11264,277504
26,26,12288,277504
26,26,13312,277504
26,29,14336,277504
26,26,1024,278528
26,51,2048,278528
26,26,3072,278528
26,26,4096,278528
26,26,5120,278528
26,26,6144,278528
26,26,7168,278528
26,26,8192,278528
26,26,9216,278528
26,29,10240,278528
26,26,11264,278528
26,26,12288,278528
26,29,13312,278528
26,29,14336,278528
26,51,1024,279552
26,26,2048,279552
26,26,3072,279552
26,26,4096,279552
26,26,5120,279552
26,26,6144,279552
26,26,7168,279552
26,26,8192,279552
26,29,9216,279552
26,26,10240,279552
26,26,11264,279552
26,29,12288,279552
26,29,13312,279552
26,29,14336,279552
51,26,1024,280576
51,26,2048,280576
51,26,3072,280576
51,26,4096,280576
51,26,5120,280576
51,26,6144,280576
51,26,7168,280576
51,29,8192,280576
51,26,9216,280576
51,26,10240,280576
51,29,11264,280576
51,29,12288,280576
51,29,13312,280576
51,29,14336,280576
26,26,1024,281600
26,26,2048,281600
26,26,3072,281600
26,26,4096,281600
26,26,5120,281600
26,26,6144,281600
26,29,7168,281600
26,26,8192,281600
26,26,9216,281600
26,29,10240,281600
26,29,11264,281600
26,29,12288,281600
26,29,13312,281600
26,29,14336,281600
26,26,1024,282624
26,26,2048,282624
26,26,3072,282624
26,26,4096,282624
26,26,5120,282624
26,29,6144,282624
26,26,7168,282624
26,26,8192,282624
26,29,9216,282624
26,29,10240,282624
26,29,11264,282624
26,29,12288,282624
26,29,13312,282624
26,29,14336,282624
26,26,1024,283648
26,26,2048,283648
26,26,3072,283648
26,26,4096,283648
26,29,5120,283648
26,26,6144,283648
26,26,7168,283648
26,29,8192,283648
26,29,9216,283648
26,29,10240,283648
26,29,11264,283648
26,29,12288,283648
26,29,13312,283648
26,29,14336,283648
26,26,1024,284672
26,26,2048,284672
26,26,3072,284672
26,29,4096,284672
26,26,5120,284672
26,26,6144,284672
26,29,7168,284672
26,29,8192,284672
26,29,9216,284672
26,29,10240,284672
26,29,11264,284672
26,29,12288,284672
26,29,13312,284672
26,33,19456,284672
26,26,1024,285696
26,26,2048,285696
26,29,3072,285696
26,26,4096,285696
26,26,5120,285696
26,29,6144,285696
26,29,7168,285696
26,29,8192,285696
26,29,9216,285696
26,29,10240,285696
26,29,11264,285696
26,29,12288,285696
26,33,18432,285696
26,26,1024,286720
26,29,2048,286720
26,26,3072,286720
26,26,4096,286720
26,29,5120,286720
26,29,6144,286720
26,29,7168,286720
26,29,8192,286720
26,29,9216,286720
26,29,10240,286720
26,29,11264,286720
26,33,17408,286720
26,33,20480,286720
26,29,1024,287744
26,26,2048,287744
26,26,3072,287744
26,29,4096,287744
26,29,5120,287744
26,29,6144,287744
26,29,7168,287744
26,29,8192,287744
26,29,9216,287744
26,29,10240,287744
26,33,16384,287744
26,33,19456,287744
29,26,1024,288768
29,26,2048,288768
29,29,3072,288768
29,29,4096,288768
29,29,5120,288768
29,29,6144,288768
29,29,7168,288768
29,29,8192,288768
29,29,9216,288768
29,33,15360,288768
29,33,18432,288768
26,26,1024,289792
26,29,2048,289792
26,29,3072,289792
26,29,4096,289792
26,29,5120,289792
26,29,6144,289792
26,29,7168,289792
26,29,8192,289792
26,33,14336,289792
26,33,17408,289792
26,34,20480,289792
26,29,1024,290816
26,29,2048,290816
26,29,3072,290816
26,29,4096,290816
26,29,5120,290816
26,29,6144,290816
26,29,7168,290816
26,33,13312,290816
26,33,16384,290816
26,34,19456,290816
26,22,20480,290816
29,29,1024,291840
29,29,2048,291840
29,29,3072,291840
29,29,4096,291840
29,29,5120,291840
29,29,6144,291840
29,33,12288,291840
29,33,15360,291840
29,34,18432,291840
29,22,19456,291840
29,29,1024,292864
29,29,2048,292864
29,29,3072,292864
29,29,4096,292864
29,29,5120,292864
29,33,11264,292864
29,33,14336,292864
29,34,17408,292864
29,22,18432,292864
29,26,20480,292864
29,29,1024,293888
29,29,2048,293888
29,29,3072,293888
29,29,4096,293888
29,33,10240,293888
29,33,13312,293888
29,34,16384,293888
29,22,17408,293888
29,26,19456,293888
29,26,20480,293888
29,29,1024,294912
29,29,2048,294912
29,29,3072,294912
29,33,9216,294912
29,33,12288,294912
29,34,15360,294912
29,22,16384,294912
29,26,18432,294912
29,26,19456,294912
29,29,1024,295936
29,29,2048,295936
29,33,8192,295936
29,33,11264,295936
29,34,14336,295936
29,22,15360,295936
29,26,17408,295936
29,26,18432,295936
29,34,20480,295936
29,29,1024,296960
29,33,7168,296960
29,33,10240,296960
29,34,13312,296960
29,22,14336,296960
29,26,16384,296960
29,26,17408,296960
29,34,19456,296960
29,33,6144,297984
29,33,9216,297984
29,34,12288,297984
29,22,13312,297984
29,26,15360,297984
29,26,16384,297984
29,34,18432,297984
33,33,3072,304128
33,34,6144,304128
33,22,7168,304128
33,26,9216,304128
33,26,10240,304128
33,34,12288,304128
33,22,15360,304128
33,39,16384,304128
33,39,17408,304128
33,22,19456,304128
33,39,20480,304128
33,34,3072,307200
33,22,4096,307200
33,26,6144,307200
33,26,7168,307200
33,34,9216,307200
33,22,12288,307200
33,39,13312,307200
33,39,14336,307200
33,22,16384,307200
33,39,17408,307200
33,39,18432,307200
33,78,19456,307200
33,39,20480,307200
34,22,1024,310272
34,26,3072,310272
34,26,4096,310272
34,34,6144,310272
34,22,9216,310272
34,39,10240,310272
34,39,11264,310272
34,22,13312,310272
34,39,14336,310272
34,39,15360,310272
34,78,16384,310272
34,39,17408,310272
34,39,18432,310272
34,39,19456,310272
22,26,2048,311296
22,26,3072,311296
22,34,5120,311296
22,22,8192,311296
22,39,9216,311296
22,39,10240,311296
22,22,12288,311296
22,39,13312,311296
22,39,14336,311296
22,78,15360,311296
22,39,16384,311296
22,39,17408,311296
22,39,18432,311296
26,26,1024,313344
26,34,3072,313344
26,22,6144,313344
26,39,7168,313344
26,39,8192,313344
26,22,10240,313344
26,39,11264,313344
26,39,12288,313344
26,78,13312,313344
26,39,14336,313344
26,39,15360,313344
26,39,16384,313344
26,34,2048,314368
26,22,5120,314368
26,39,6144,314368
26,39,7168,314368
26,22,9216,314368
26,39,10240,314368
26,39,11264,314368
26,78,12288,314368
26,39,13312,314368
26,39,14336,314368
26,39,15360,314368
34,22,3072,316416
34,39,4096,316416
34,39,5120,316416
34,22,7168,316416
34,39,8192,316416
34,39,9216,316416
34,78,10240,316416
34,39,11264,316416
34,39,12288,316416
34,39,13312,316416
22,39,1024,319488
22,39,2048,319488
22,22,4096,319488
22,39,5120,319488
22,39,6144,319488
22,78,7168,319488
22,39,8192,319488
22,39,9216,319488
22,39,10240,319488
39,39,1024,320512
39,22,3072,320512
39,39,4096,320512
39,39,5120,320512
39,78,6144,320512
39,39,7168,320512
39,39,8192,320512
39,39,9216,320512
39,22,2048,321536
39,39,3072,321536
39,39,4096,321536
39,78,5120,321536
39,39,6144,321536
39,39,7168,321536
39,39,8192,321536
22,39,1024,323584
22,39,2048,323584
22,78,3072,323584
22,39,4096,323584
22,39,5120,323584
22,39,6144,323584
39,39,1024,324608
39,78,2048,324608
39,39,3072,324608
39,39,4096,324608
39,39,5120,324608
39,78,1024,325632
39,39,2048,325632
39,39,3072,325632
39,39,4096,325632
78,39,1024,326656
78,39,2048,326656
78,39,3072,326656
39,39,1024,327680
39,39,2048,327680
39,39,1024,328704
