74,74,1024,0
74,37,2048,0
74,74,3072,0
74,74,4096,0
74,74,5120,0
74,111,15360,0
74,111,16384,0
74,99,17408,0
74,99,18432,0
74,93,19456,0
74,93,20480,0
74,37,1024,1024
74,74,2048,1024
74,74,3072,1024
74,74,4096,1024
74,111,14336,1024
74,111,15360,1024
74,99,16384,1024
74,99,17408,1024
74,93,18432,1024
74,93,19456,1024
74,93,20480,1024
37,74,1024,2048
37,74,2048,2048
37,74,3072,2048
37,111,13312,2048
37,111,14336,2048
37,99,15360,2048
37,99,16384,2048
37,93,17408,2048
37,93,18432,2048
37,93,19456,2048
37,93,20480,2048
74,74,1024,3072
74,74,2048,3072
74,111,12288,3072
74,111,13312,3072
74,99,14336,3072
74,99,15360,3072
74,93,16384,3072
74,93,17408,3072
74,93,18432,3072
74,93,19456,3072
74,93,20480,3072
74,74,1024,4096
74,111,11264,4096
74,111,12288,4096
74,99,13312,4096
74,99,14336,4096
74,93,15360,4096
74,93,16384,4096
74,93,17408,4096
74,93,18432,4096
74,93,19456,4096
74,93,20480,4096
74,111,10240,5120
74,111,11264,5120
74,99,12288,5120
74,99,13312,5120
74,93,14336,5120
74,93,15360,5120
74,93,16384,5120
74,93,17408,5120
74,93,18432,5120
74,93,19456,5120
74,148,20480,5120
111,111,1024,15360
111,99,2048,15360
111,99,3072,15360
111,93,4096,15360
111,93,5120,15360
111,93,6144,15360
111,93,7168,15360
111,93,8192,15360
111,93,9216,15360
111,148,10240,15360
111,132,11264,15360
111,117,12288,15360
111,111,13312,15360
111,99,14336,15360
111,99,1024,16384
111,99,2048,16384
111,93,3072,16384
111,93,4096,16384
111,93,5120,16384
111,93,6144,16384
111,93,7168,16384
111,93,8192,16384
111,148,9216,16384
111,132,10240,16384
111,117,11264,16384
111,111,12288,16384
111,99,13312,16384
111,93,14336,16384
99,99,1024,17408
99,93,2048,17408
99,93,3072,17408
99,93,4096,17408
99,93,5120,17408
99,93,6144,17408
99,93,7168,17408
99,148,8192,17408
99,132,9216,17408
99,117,10240,17408
99,111,11264,17408
99,99,12288,17408
99,93,13312,17408
99,93,14336,17408
99,93,1024,18432
99,93,2048,18432
99,93,3072,18432
99,93,4096,18432
99,93,5120,18432
99,93,6144,18432
99,148,7168,18432
99,132,8192,18432
99,117,9216,18432
99,111,10240,18432
99,99,11264,18432
99,93,12288,18432
99,93,13312,18432
99,93,14336,18432
93,93,1024,19456
93,93,2048,19456
93,93,3072,19456
93,93,4096,19456
93,93,5120,19456
93,148,6144,19456
93,132,7168,19456
93,117,8192,19456
93,111,9216,19456
93,99,10240,19456
93,93,11264,19456
93,93,12288,19456
93,93,13312,19456
93,93,14336,19456
93,93,1024,20480
93,93,2048,20480
93,93,3072,20480
93,93,4096,20480
93,148,5120,20480
93,132,6144,20480
93,117,7168,20480
93,111,8192,20480
93,99,9216,20480
93,93,10240,20480
93,93,11264,20480
93,93,12288,20480
93,93,13312,20480
93,93,14336,20480
93,93,1024,21504
93,93,2048,21504
93,93,3072,21504
93,148,4096,21504
93,132,5120,21504
93,117,6144,21504
93,111,7168,21504
93,99,8192,21504
93,93,9216,21504
93,93,10240,21504
93,93,11264,21504
93,93,12288,21504
93,93,13312,21504
93,93,14336,21504
93,93,1024,22528
93,93,2048,22528
93,148,3072,22528
93,132,4096,22528
93,117,5120,22528
93,111,6144,22528
93,99,7168,22528
93,93,8192,22528
93,93,9216,22528
93,93,10240,22528
93,93,11264,22528
93,93,12288,22528
93,93,13312,22528
93,93,14336,22528
93,93,1024,23552
93,148,2048,23552
93,132,3072,23552
93,117,4096,23552
93,111,5120,23552
93,99,6144,23552
93,93,7168,23552
93,93,8192,23552
93,93,9216,23552
93,93,10240,23552
93,93,11264,23552
93,93,12288,23552
93,93,13312,23552
93,49,14336,23552
93,148,1024,24576
93,132,2048,24576
93,117,3072,24576
93,111,4096,24576
93,99,5120,24576
93,93,6144,24576
93,93,7168,24576
93,93,8192,24576
93,93,9216,24576
93,93,10240,24576
93,93,11264,24576
93,93,12288,24576
93,49,13312,24576
93,117,14336,24576
148,132,1024,25600
148,117,2048,25600
148,111,3072,25600
148,99,4096,25600
148,93,5120,25600
148,93,6144,25600
148,93,7168,25600
148,93,8192,25600
148,93,9216,25600
148,93,10240,25600
148,93,11264,25600
148,49,12288,25600
148,117,13312,25600
148,99,14336,25600
132,117,1024,26624
132,111,2048,26624
132,99,3072,26624
132,93,4096,26624
132,93,5120,26624
132,93,6144,26624
132,93,7168,26624
132,93,8192,26624
132,93,9216,26624
132,93,10240,26624
132,49,11264,26624
132,117,12288,26624
132,99,13312,26624
132,88,14336,26624
117,111,1024,27648
117,99,2048,27648
117,93,3072,27648
117,93,4096,27648
117,93,5120,27648
117,93,6144,27648
117,93,7168,27648
117,93,8192,27648
117,93,9216,27648
117,49,10240,27648
117,117,11264,27648
117,99,12288,27648
117,88,13312,27648
117,88,14336,27648
111,99,1024,28672
111,93,2048,28672
111,93,3072,28672
111,93,4096,28672
111,93,5120,28672
111,93,6144,28672
111,93,7168,28672
111,93,8192,28672
111,49,9216,28672
111,117,10240,28672
111,99,11264,28672
111,88,12288,28672
111,88,13312,28672
111,89,14336,28672
99,93,1024,29696
99,93,2048,29696
99,93,3072,29696
99,93,4096,29696
99,93,5120,29696
99,93,6144,29696
99,93,7168,29696
99,49,8192,29696
99,117,9216,29696
99,99,10240,29696
99,88,11264,29696
99,88,12288,29696
99,89,13312,29696
99,88,14336,29696
93,93,1024,30720
93,93,2048,30720
93,93,3072,30720
93,93,4096,30720
93,93,5120,30720
93,93,6144,30720
93,49,7168,30720
93,117,8192,30720
93,99,9216,30720
93,88,10240,30720
93,88,11264,30720
93,89,12288,30720
93,88,13312,30720
93,99,14336,30720
93,93,1024,31744
93,93,2048,31744
93,93,3072,31744
93,93,4096,31744
93,93,5120,31744
93,49,6144,31744
93,117,7168,31744
93,99,8192,31744
93,88,9216,31744
93,88,10240,31744
93,89,11264,31744
93,88,12288,31744
93,99,13312,31744
93,88,14336,31744
93,93,1024,32768
93,93,2048,32768
93,93,3072,32768
93,93,4096,32768
93,49,5120,32768
93,117,6144,32768
93,99,7168,32768
93,88,8192,32768
93,88,9216,32768
93,89,10240,32768
93,88,11264,32768
93,99,12288,32768
93,88,13312,32768
93,88,14336,32768
93,93,1024,33792
93,93,2048,33792
93,93,3072,33792
93,49,4096,33792
93,117,5120,33792
93,99,6144,33792
93,88,7168,33792
93,88,8192,33792
93,89,9216,33792
93,88,10240,33792
93,99,11264,33792
93,88,12288,33792
93,88,13312,33792
93,88,14336,33792
93,93,1024,34816
93,93,2048,34816
93,49,3072,34816
93,117,4096,34816
93,99,5120,34816
93,88,6144,34816
93,88,7168,34816
93,89,8192,34816
93,88,9216,34816
93,99,10240,34816
93,88,11264,34816
93,88,12288,34816
93,88,13312,34816
93,88,15360,34816
93,93,1024,35840
93,49,2048,35840
93,117,3072,35840
93,99,4096,35840
93,88,5120,35840
93,88,6144,35840
93,89,7168,35840
93,88,8192,35840
93,99,9216,35840
93,88,10240,35840
93,88,11264,35840
93,88,12288,35840
93,88,14336,35840
93,88,15360,35840
93,49,1024,36864
93,117,2048,36864
93,99,3072,36864
93,88,4096,36864
93,88,5120,36864
93,89,6144,36864
93,88,7168,36864
93,99,8192,36864
93,88,9216,36864
93,88,10240,36864
93,88,11264,36864
93,88,13312,36864
93,88,14336,36864
93,66,16384,36864
49,117,1024,37888
49,99,2048,37888
49,88,3072,37888
49,88,4096,37888
49,89,5120,37888
49,88,6144,37888
49,99,7168,37888
49,88,8192,37888
49,88,9216,37888
49,88,10240,37888
49,88,12288,37888
49,88,13312,37888
49,66,15360,37888
49,88,16384,37888
117,99,1024,38912
117,88,2048,38912
117,88,3072,38912
117,89,4096,38912
117,88,5120,38912
117,99,6144,38912
117,88,7168,38912
117,88,8192,38912
117,88,9216,38912
117,88,11264,38912
117,88,12288,38912
117,66,14336,38912
117,88,15360,38912
117,88,16384,38912
99,88,1024,39936
99,88,2048,39936
99,89,3072,39936
99,88,4096,39936
99,99,5120,39936
99,88,6144,39936
99,88,7168,39936
99,88,8192,39936
99,88,10240,39936
99,88,11264,39936
99,66,13312,39936
99,88,14336,39936
99,88,15360,39936
99,42,16384,39936
88,88,1024,40960
88,89,2048,40960
88,88,3072,40960
88,99,4096,40960
88,88,5120,40960
88,88,6144,40960
88,88,7168,40960
88,88,9216,40960
88,88,10240,40960
88,66,12288,40960
88,88,13312,40960
88,88,14336,40960
88,42,15360,40960
88,111,16384,40960
88,89,1024,41984
88,88,2048,41984
88,99,3072,41984
88,88,4096,41984
88,88,5120,41984
88,88,6144,41984
88,88,8192,41984
88,88,9216,41984
88,66,11264,41984
88,88,12288,41984
88,88,13312,41984
88,42,14336,41984
88,111,15360,41984
88,148,17408,41984
89,88,1024,43008
89,99,2048,43008
89,88,3072,43008
89,88,4096,43008
89,88,5120,43008
89,88,7168,43008
89,88,8192,43008
89,66,10240,43008
89,88,11264,43008
89,88,12288,43008
89,42,13312,43008
89,111,14336,43008
89,148,16384,43008
89,117,18432,43008
88,99,1024,44032
88,88,2048,44032
88,88,3072,44032
88,88,4096,44032
88,88,6144,44032
88,88,7168,44032
88,66,9216,44032
88,88,10240,44032
88,88,11264,44032
88,42,12288,44032
88,111,13312,44032
88,148,15360,44032
88,117,17408,44032
88,50,18432,44032
99,88,1024,45056
99,88,2048,45056
99,88,3072,45056
99,88,5120,45056
99,88,6144,45056
99,66,8192,45056
99,88,9216,45056
99,88,10240,45056
99,42,11264,45056
99,111,12288,45056
99,148,14336,45056
99,117,16384,45056
99,50,17408,45056
99,99,18432,45056
88,88,1024,46080
88,88,2048,46080
88,88,4096,46080
88,88,5120,46080
88,66,7168,46080
88,88,8192,46080
88,88,9216,46080
88,42,10240,46080
88,111,11264,46080
88,148,13312,46080
88,117,15360,46080
88,50,16384,46080
88,99,17408,46080
88,99,18432,46080
88,88,1024,47104
88,88,3072,47104
88,88,4096,47104
88,66,6144,47104
88,88,7168,47104
88,88,8192,47104
88,42,9216,47104
88,111,10240,47104
88,148,12288,47104
88,117,14336,47104
88,50,15360,47104
88,99,16384,47104
88,99,17408,47104
88,111,18432,47104
88,88,2048,48128
88,88,3072,48128
88,66,5120,48128
88,88,6144,48128
88,88,7168,48128
88,42,8192,48128
88,111,9216,48128
88,148,11264,48128
88,117,13312,48128
88,50,14336,48128
88,99,15360,48128
88,99,16384,48128
88,111,17408,48128
88,110,18432,48128
88,88,1024,50176
88,66,3072,50176
88,88,4096,50176
88,88,5120,50176
88,42,6144,50176
88,111,7168,50176
88,148,9216,50176
88,117,11264,50176
88,50,12288,50176
88,99,13312,50176
88,99,14336,50176
88,111,15360,50176
88,110,16384,50176
88,50,17408,50176
88,66,2048,51200
88,88,3072,51200
88,88,4096,51200
88,42,5120,51200
88,111,6144,51200
88,148,8192,51200
88,117,10240,51200
88,50,11264,51200
88,99,12288,51200
88,99,13312,51200
88,111,14336,51200
88,110,15360,51200
88,50,16384,51200
88,66,18432,51200
66,88,1024,53248
66,88,2048,53248
66,42,3072,53248
66,111,4096,53248
66,148,6144,53248
66,117,8192,53248
66,50,9216,53248
66,99,10240,53248
66,99,11264,53248
66,111,12288,53248
66,110,13312,53248
66,50,14336,53248
66,66,16384,53248
66,111,17408,53248
88,88,1024,54272
88,42,2048,54272
88,111,3072,54272
88,148,5120,54272
88,117,7168,54272
88,50,8192,54272
88,99,9216,54272
88,99,10240,54272
88,111,11264,54272
88,110,12288,54272
88,50,13312,54272
88,66,15360,54272
88,111,16384,54272
88,111,17408,54272
88,42,1024,55296
88,111,2048,55296
88,148,4096,55296
88,117,6144,55296
88,50,7168,55296
88,99,8192,55296
88,99,9216,55296
88,111,10240,55296
88,110,11264,55296
88,50,12288,55296
88,66,14336,55296
88,111,15360,55296
88,111,16384,55296
88,88,17408,55296
42,111,1024,56320
42,148,3072,56320
42,117,5120,56320
42,50,6144,56320
42,99,7168,56320
42,99,8192,56320
42,111,9216,56320
42,110,10240,56320
42,50,11264,56320
42,66,13312,56320
42,111,14336,56320
42,111,15360,56320
42,88,16384,56320
42,88,17408,56320
111,148,2048,57344
111,117,4096,57344
111,50,5120,57344
111,99,6144,57344
111,99,7168,57344
111,111,8192,57344
111,110,9216,57344
111,50,10240,57344
111,66,12288,57344
111,111,13312,57344
111,111,14336,57344
111,88,15360,57344
111,88,16384,57344
111,88,17408,57344
148,117,2048,59392
148,50,3072,59392
148,99,4096,59392
148,99,5120,59392
148,111,6144,59392
148,110,7168,59392
148,50,8192,59392
148,66,10240,59392
148,111,11264,59392
148,111,12288,59392
148,88,13312,59392
148,88,14336,59392
148,88,15360,59392
148,88,16384,59392
117,50,1024,61440
117,99,2048,61440
117,99,3072,61440
117,111,4096,61440
117,110,5120,61440
117,50,6144,61440
117,66,8192,61440
117,111,9216,61440
117,111,10240,61440
117,88,11264,61440
117,88,12288,61440
117,88,13312,61440
117,88,14336,61440
117,88,15360,61440
50,99,1024,62464
50,99,2048,62464
50,111,3072,62464
50,110,4096,62464
50,50,5120,62464
50,66,7168,62464
50,111,8192,62464
50,111,9216,62464
50,88,10240,62464
50,88,11264,62464
50,88,12288,62464
50,88,13312,62464
50,88,14336,62464
50,117,15360,62464
99,99,1024,63488
99,111,2048,63488
99,110,3072,63488
99,50,4096,63488
99,66,6144,63488
99,111,7168,63488
99,111,8192,63488
99,88,9216,63488
99,88,10240,63488
99,88,11264,63488
99,88,12288,63488
99,88,13312,63488
99,117,14336,63488
99,117,15360,63488
99,111,1024,64512
99,110,2048,64512
99,50,3072,64512
99,66,5120,64512
99,111,6144,64512
99,111,7168,64512
99,88,8192,64512
99,88,9216,64512
99,88,10240,64512
99,88,11264,64512
99,88,12288,64512
99,117,13312,64512
99,117,14336,64512
99,78,19456,64512
111,110,1024,65536
111,50,2048,65536
111,66,4096,65536
111,111,5120,65536
111,111,6144,65536
111,88,7168,65536
111,88,8192,65536
111,88,9216,65536
111,88,10240,65536
111,88,11264,65536
111,117,12288,65536
111,117,13312,65536
111,78,18432,65536
111,78,19456,65536
110,50,1024,66560
110,66,3072,66560
110,111,4096,66560
110,111,5120,66560
110,88,6144,66560
110,88,7168,66560
110,88,8192,66560
110,88,9216,66560
110,88,10240,66560
110,117,11264,66560
110,117,12288,66560
110,78,17408,66560
110,78,18432,66560
110,88,20480,66560
50,66,2048,67584
50,111,3072,67584
50,111,4096,67584
50,88,5120,67584
50,88,6144,67584
50,88,7168,67584
50,88,8192,67584
50,88,9216,67584
50,117,10240,67584
50,117,11264,67584
50,78,16384,67584
50,78,17408,67584
50,88,19456,67584
50,49,20480,67584
66,111,1024,69632
66,111,2048,69632
66,88,3072,69632
66,88,4096,69632
66,88,5120,69632
66,88,6144,69632
66,88,7168,69632
66,117,8192,69632
66,117,9216,69632
66,78,14336,69632
66,78,15360,69632
66,88,17408,69632
66,49,18432,69632
66,49,19456,69632
111,111,1024,70656
111,88,2048,70656
111,88,3072,70656
111,88,4096,70656
111,88,5120,70656
111,88,6144,70656
111,117,7168,70656
111,117,8192,70656
111,78,13312,70656
111,78,14336,70656
111,88,16384,70656
111,49,17408,70656
111,49,18432,70656
111,88,1024,71680
111,88,2048,71680
111,88,3072,71680
111,88,4096,71680
111,88,5120,71680
111,117,6144,71680
111,117,7168,71680
111,78,12288,71680
111,78,13312,71680
111,88,15360,71680
111,49,16384,71680
111,49,17408,71680
88,88,1024,72704
88,88,2048,72704
88,88,3072,72704
88,88,4096,72704
88,117,5120,72704
88,117,6144,72704
88,78,11264,72704
88,78,12288,72704
88,88,14336,72704
88,49,15360,72704
88,49,16384,72704
88,88,1024,73728
88,88,2048,73728
88,88,3072,73728
88,117,4096,73728
88,117,5120,73728
88,78,10240,73728
88,78,11264,73728
88,88,13312,73728
88,49,14336,73728
88,49,15360,73728
88,88,1024,74752
88,88,2048,74752
88,117,3072,74752
88,117,4096,74752
88,78,9216,74752
88,78,10240,74752
88,88,12288,74752
88,49,13312,74752
88,49,14336,74752
88,88,20480,74752
88,88,1024,75776
88,117,2048,75776
88,117,3072,75776
88,78,8192,75776
88,78,9216,75776
88,88,11264,75776
88,49,12288,75776
88,49,13312,75776
88,88,19456,75776
88,88,20480,75776
88,117,1024,76800
88,117,2048,76800
88,78,7168,76800
88,78,8192,76800
88,88,10240,76800
88,49,11264,76800
88,49,12288,76800
88,88,18432,76800
88,88,19456,76800
88,88,20480,76800
117,117,1024,77824
117,78,6144,77824
117,78,7168,77824
117,88,9216,77824
117,49,10240,77824
117,49,11264,77824
117,88,17408,77824
117,88,18432,77824
117,88,19456,77824
117,105,20480,77824
117,78,5120,78848
117,78,6144,78848
117,88,8192,78848
117,49,9216,78848
117,49,10240,78848
117,88,16384,78848
117,88,17408,78848
117,88,18432,78848
117,105,19456,78848
117,37,20480,78848
78,78,1024,83968
78,88,3072,83968
78,49,4096,83968
78,49,5120,83968
78,88,11264,83968
78,88,12288,83968
78,88,13312,83968
78,105,14336,83968
78,37,15360,83968
78,117,17408,83968
78,105,18432,83968
78,89,19456,83968
78,88,20480,83968
78,88,2048,84992
78,49,3072,84992
78,49,4096,84992
78,88,10240,84992
78,88,11264,84992
78,88,12288,84992
78,105,13312,84992
78,37,14336,84992
78,117,16384,84992
78,105,17408,84992
78,89,18432,84992
78,88,19456,84992
78,78,20480,84992
88,49,1024,87040
88,49,2048,87040
88,88,8192,87040
88,88,9216,87040
88,88,10240,87040
88,105,11264,87040
88,37,12288,87040
88,117,14336,87040
88,105,15360,87040
88,89,16384,87040
88,88,17408,87040
88,78,18432,87040
88,49,19456,87040
88,88,20480,87040
49,49,1024,88064
49,88,7168,88064
49,88,8192,88064
49,88,9216,88064
49,105,10240,88064
49,37,11264,88064
49,117,13312,88064
49,105,14336,88064
49,89,15360,88064
49,88,16384,88064
49,78,17408,88064
49,49,18432,88064
49,88,19456,88064
49,88,20480,88064
49,88,6144,89088
49,88,7168,89088
49,88,8192,89088
49,105,9216,89088
49,37,10240,89088
49,117,12288,89088
49,105,13312,89088
49,89,14336,89088
49,88,15360,89088
49,78,16384,89088
49,49,17408,89088
49,88,18432,89088
49,88,19456,89088
49,117,20480,89088
88,88,1024,95232
88,88,2048,95232
88,105,3072,95232
88,37,4096,95232
88,117,6144,95232
88,105,7168,95232
88,89,8192,95232
88,88,9216,95232
88,78,10240,95232
88,49,11264,95232
88,88,12288,95232
88,88,13312,95232
88,117,14336,95232
88,105,15360,95232
88,88,1024,96256
88,105,2048,96256
88,37,3072,96256
88,117,5120,96256
88,105,6144,96256
88,89,7168,96256
88,88,8192,96256
88,78,9216,96256
88,49,10240,96256
88,88,11264,96256
88,88,12288,96256
88,117,13312,96256
88,105,14336,96256
88,105,16384,96256
88,105,1024,97280
88,37,2048,97280
88,117,4096,97280
88,105,5120,97280
88,89,6144,97280
88,88,7168,97280
88,78,8192,97280
88,49,9216,97280
88,88,10240,97280
88,88,11264,97280
88,117,12288,97280
88,105,13312,97280
88,105,15360,97280
88,88,16384,97280
105,37,1024,98304
105,117,3072,98304
105,105,4096,98304
105,89,5120,98304
105,88,6144,98304
105,78,7168,98304
105,49,8192,98304
105,88,9216,98304
105,88,10240,98304
105,117,11264,98304
105,105,12288,98304
105,105,14336,98304
105,88,15360,98304
105,88,16384,98304
37,117,2048,99328
37,105,3072,99328
37,89,4096,99328
37,88,5120,99328
37,78,6144,99328
37,49,7168,99328
37,88,8192,99328
37,88,9216,99328
37,117,10240,99328
37,105,11264,99328
37,105,13312,99328
37,88,14336,99328
37,88,15360,99328
37,117,16384,99328
117,105,1024,101376
117,89,2048,101376
117,88,3072,101376
117,78,4096,101376
117,49,5120,101376
117,88,6144,101376
117,88,7168,101376
117,117,8192,101376
117,105,9216,101376
117,105,11264,101376
117,88,12288,101376
117,88,13312,101376
117,117,14336,101376
117,88,15360,101376
105,89,1024,102400
105,88,2048,102400
105,78,3072,102400
105,49,4096,102400
105,88,5120,102400
105,88,6144,102400
105,117,7168,102400
105,105,8192,102400
105,105,10240,102400
105,88,11264,102400
105,88,12288,102400
105,117,13312,102400
105,88,14336,102400
105,148,15360,102400
89,88,1024,103424
89,78,2048,103424
89,49,3072,103424
89,88,4096,103424
89,88,5120,103424
89,117,6144,103424
89,105,7168,103424
89,105,9216,103424
89,88,10240,103424
89,88,11264,103424
89,117,12288,103424
89,88,13312,103424
89,148,14336,103424
89,78,15360,103424
88,78,1024,104448
88,49,2048,104448
88,88,3072,104448
88,88,4096,104448
88,117,5120,104448
88,105,6144,104448
88,105,8192,104448
88,88,9216,104448
88,88,10240,104448
88,117,11264,104448
88,88,12288,104448
88,148,13312,104448
88,78,14336,104448
88,78,15360,104448
78,49,1024,105472
78,88,2048,105472
78,88,3072,105472
78,117,4096,105472
78,105,5120,105472
78,105,7168,105472
78,88,8192,105472
78,88,9216,105472
78,117,10240,105472
78,88,11264,105472
78,148,12288,105472
78,78,13312,105472
78,78,14336,105472
78,78,15360,105472
49,88,1024,106496
49,88,2048,106496
49,117,3072,106496
49,105,4096,106496
49,105,6144,106496
49,88,7168,106496
49,88,8192,106496
49,117,9216,106496
49,88,10240,106496
49,148,11264,106496
49,78,12288,106496
49,78,13312,106496
49,78,14336,106496
49,78,15360,106496
88,88,1024,107520
88,117,2048,107520
88,105,3072,107520
88,105,5120,107520
88,88,6144,107520
88,88,7168,107520
88,117,8192,107520
88,88,9216,107520
88,148,10240,107520
88,78,11264,107520
88,78,12288,107520
88,78,13312,107520
88,78,14336,107520
88,50,15360,107520
88,117,1024,108544
88,105,2048,108544
88,105,4096,108544
88,88,5120,108544
88,88,6144,108544
88,117,7168,108544
88,88,8192,108544
88,148,9216,108544
88,78,10240,108544
88,78,11264,108544
88,78,12288,108544
88,78,13312,108544
88,50,14336,108544
88,49,15360,108544
117,105,1024,109568
117,105,3072,109568
117,88,4096,109568
117,88,5120,109568
117,117,6144,109568
117,88,7168,109568
117,148,8192,109568
117,78,9216,109568
117,78,10240,109568
117,78,11264,109568
117,78,12288,109568
117,50,13312,109568
117,49,14336,109568
117,198,15360,109568
105,105,2048,110592
105,88,3072,110592
105,88,4096,110592
105,117,5120,110592
105,88,6144,110592
105,148,7168,110592
105,78,8192,110592
105,78,9216,110592
105,78,10240,110592
105,78,11264,110592
105,50,12288,110592
105,49,13312,110592
105,198,14336,110592
105,78,15360,110592
105,88,1024,112640
105,88,2048,112640
105,117,3072,112640
105,88,4096,112640
105,148,5120,112640
105,78,6144,112640
105,78,7168,112640
105,78,8192,112640
105,78,9216,112640
105,50,10240,112640
105,49,11264,112640
105,198,12288,112640
105,78,13312,112640
105,88,14336,112640
88,88,1024,113664
88,117,2048,113664
88,88,3072,113664
88,148,4096,113664
88,78,5120,113664
88,78,6144,113664
88,78,7168,113664
88,78,8192,113664
88,50,9216,113664
88,49,10240,113664
88,198,11264,113664
88,78,12288,113664
88,88,13312,113664
88,78,14336,113664
88,117,1024,114688
88,88,2048,114688
88,148,3072,114688
88,78,4096,114688
88,78,5120,114688
88,78,6144,114688
88,78,7168,114688
88,50,8192,114688
88,49,9216,114688
88,198,10240,114688
88,78,11264,114688
88,88,12288,114688
88,78,13312,114688
88,78,14336,114688
117,88,1024,115712
117,148,2048,115712
117,78,3072,115712
117,78,4096,115712
117,78,5120,115712
117,78,6144,115712
117,50,7168,115712
117,49,8192,115712
117,198,9216,115712
117,78,10240,115712
117,88,11264,115712
117,78,12288,115712
117,78,13312,115712
117,78,14336,115712
88,148,1024,116736
88,78,2048,116736
88,78,3072,116736
88,78,4096,116736
88,78,5120,116736
88,50,6144,116736
88,49,7168,116736
88,198,8192,116736
88,78,9216,116736
88,88,10240,116736
88,78,11264,116736
88,78,12288,116736
88,78,13312,116736
88,78,14336,116736
148,78,1024,117760
148,78,2048,117760
148,78,3072,117760
148,78,4096,117760
148,50,5120,117760
148,49,6144,117760
148,198,7168,117760
148,78,8192,117760
148,88,9216,117760
148,78,10240,117760
148,78,11264,117760
148,78,12288,117760
148,78,13312,117760
148,78,14336,117760
78,78,1024,118784
78,78,2048,118784
78,78,3072,118784
78,50,4096,118784
78,49,5120,118784
78,198,6144,118784
78,78,7168,118784
78,88,8192,118784
78,78,9216,118784
78,78,10240,118784
78,78,11264,118784
78,78,12288,118784
78,78,13312,118784
78,74,14336,118784
78,78,1024,119808
78,78,2048,119808
78,50,3072,119808
78,49,4096,119808
78,198,5120,119808
78,78,6144,119808
78,88,7168,119808
78,78,8192,119808
78,78,9216,119808
78,78,10240,119808
78,78,11264,119808
78,78,12288,119808
78,74,13312,119808
78,74,14336,119808
78,78,1024,120832
78,50,2048,120832
78,49,3072,120832
78,198,4096,120832
78,78,5120,120832
78,88,6144,120832
78,78,7168,120832
78,78,8192,120832
78,78,9216,120832
78,78,10240,120832
78,78,11264,120832
78,74,12288,120832
78,74,13312,120832
78,37,14336,120832
78,50,1024,121856
78,49,2048,121856
78,198,3072,121856
78,78,4096,121856
78,88,5120,121856
78,78,6144,121856
78,78,7168,121856
78,78,8192,121856
78,78,9216,121856
78,78,10240,121856
78,74,11264,121856
78,74,12288,121856
78,37,13312,121856
78,26,14336,121856
50,49,1024,122880
50,198,2048,122880
50,78,3072,122880
50,88,4096,122880
50,78,5120,122880
50,78,6144,122880
50,78,7168,122880
50,78,8192,122880
50,78,9216,122880
50,74,10240,122880
50,74,11264,122880
50,37,12288,122880
50,26,13312,122880
50,74,14336,122880
49,198,1024,123904
49,78,2048,123904
49,88,3072,123904
49,78,4096,123904
49,78,5120,123904
49,78,6144,123904
49,78,7168,123904
49,78,8192,123904
49,74,9216,123904
49,74,10240,123904
49,37,11264,123904
49,26,12288,123904
49,74,13312,123904
49,74,14336,123904
198,78,1024,124928
198,88,2048,124928
198,78,3072,124928
198,78,4096,124928
198,78,5120,124928
198,78,6144,124928
198,78,7168,124928
198,74,8192,124928
198,74,9216,124928
198,37,10240,124928
198,26,11264,124928
198,74,12288,124928
198,74,13312,124928
198,74,14336,124928
78,88,1024,125952
78,78,2048,125952
78,78,3072,125952
78,78,4096,125952
78,78,5120,125952
78,78,6144,125952
78,74,7168,125952
78,74,8192,125952
78,37,9216,125952
78,26,10240,125952
78,74,11264,125952
78,74,12288,125952
78,74,13312,125952
78,37,14336,125952
88,78,1024,126976
88,78,2048,126976
88,78,3072,126976
88,78,4096,126976
88,78,5120,126976
88,74,6144,126976
88,74,7168,126976
88,37,8192,126976
88,26,9216,126976
88,74,10240,126976
88,74,11264,126976
88,74,12288,126976
88,37,13312,126976
88,74,14336,126976
78,78,1024,128000
78,78,2048,128000
78,78,3072,128000
78,78,4096,128000
78,74,5120,128000
78,74,6144,128000
78,37,7168,128000
78,26,8192,128000
78,74,9216,128000
78,74,10240,128000
78,74,11264,128000
78,37,12288,128000
78,74,13312,128000
78,55,14336,128000
78,78,1024,129024
78,78,2048,129024
78,78,3072,129024
78,74,4096,129024
78,74,5120,129024
78,37,6144,129024
78,26,7168,129024
78,74,8192,129024
78,74,9216,129024
78,74,10240,129024
78,37,11264,129024
78,74,12288,129024
78,55,13312,129024
78,55,14336,129024
78,78,1024,130048
78,78,2048,130048
78,74,3072,130048
78,74,4096,130048
78,37,5120,130048
78,26,6144,130048
78,74,7168,130048
78,74,8192,130048
78,74,9216,130048
78,37,10240,130048
78,74,11264,130048
78,55,12288,130048
78,55,13312,130048
78,66,14336,130048
78,78,1024,131072
78,74,2048,131072
78,74,3072,131072
78,37,4096,131072
78,26,5120,131072
78,74,6144,131072
78,74,7168,131072
78,74,8192,131072
78,37,9216,131072
78,74,10240,131072
78,55,11264,131072
78,55,12288,131072
78,66,13312,131072
78,55,14336,131072
78,74,1024,132096
78,74,2048,132096
78,37,3072,132096
78,26,4096,132096
78,74,5120,132096
78,74,6144,132096
78,74,7168,132096
78,37,8192,132096
78,74,9216,132096
78,55,10240,132096
78,55,11264,132096
78,66,12288,132096
78,55,13312,132096
78,88,14336,132096
74,74,1024,133120
74,37,2048,133120
74,26,3072,133120
74,74,4096,133120
74,74,5120,133120
74,74,6144,133120
74,37,7168,133120
74,74,8192,133120
74,55,9216,133120
74,55,10240,133120
74,66,11264,133120
74,55,12288,133120
74,88,13312,133120
74,88,14336,133120
74,37,1024,134144
74,26,2048,134144
74,74,3072,134144
74,74,4096,134144
74,74,5120,134144
74,37,6144,134144
74,74,7168,134144
74,55,8192,134144
74,55,9216,134144
74,66,10240,134144
74,55,11264,134144
74,88,12288,134144
74,88,13312,134144
74,66,14336,134144
37,26,1024,135168
37,74,2048,135168
37,74,3072,135168
37,74,4096,135168
37,37,5120,135168
37,74,6144,135168
37,55,7168,135168
37,55,8192,135168
37,66,9216,135168
37,55,10240,135168
37,88,11264,135168
37,88,12288,135168
37,66,13312,135168
37,66,14336,135168
26,74,1024,136192
26,74,2048,136192
26,74,3072,136192
26,37,4096,136192
26,74,5120,136192
26,55,6144,136192
26,55,7168,136192
26,66,8192,136192
26,55,9216,136192
26,88,10240,136192
26,88,11264,136192
26,66,12288,136192
26,66,13312,136192
26,166,14336,136192
74,74,1024,137216
74,74,2048,137216
74,37,3072,137216
74,74,4096,137216
74,55,5120,137216
74,55,6144,137216
74,66,7168,137216
74,55,8192,137216
74,88,9216,137216
74,88,10240,137216
74,66,11264,137216
74,66,12288,137216
74,166,13312,137216
74,59,14336,137216
74,74,1024,138240
74,37,2048,138240
74,74,3072,138240
74,55,4096,138240
74,55,5120,138240
74,66,6144,138240
74,55,7168,138240
74,88,8192,138240
74,88,9216,138240
74,66,10240,138240
74,66,11264,138240
74,166,12288,138240
74,59,13312,138240
74,74,14336,138240
74,37,1024,139264
74,74,2048,139264
74,55,3072,139264
74,55,4096,139264
74,66,5120,139264
74,55,6144,139264
74,88,7168,139264
74,88,8192,139264
74,66,9216,139264
74,66,10240,139264
74,166,11264,139264
74,59,12288,139264
74,74,13312,139264
74,117,14336,139264
37,74,1024,140288
37,55,2048,140288
37,55,3072,140288
37,66,4096,140288
37,55,5120,140288
37,88,6144,140288
37,88,7168,140288
37,66,8192,140288
37,66,9216,140288
37,166,10240,140288
37,59,11264,140288
37,74,12288,140288
37,117,13312,140288
37,49,14336,140288
74,55,1024,141312
74,55,2048,141312
74,66,3072,141312
74,55,4096,141312
74,88,5120,141312
74,88,6144,141312
74,66,7168,141312
74,66,8192,141312
74,166,9216,141312
74,59,10240,141312
74,74,11264,141312
74,117,12288,141312
74,49,13312,141312
74,111,14336,141312
55,55,1024,142336
55,66,2048,142336
55,55,3072,142336
55,88,4096,142336
55,88,5120,142336
55,66,6144,142336
55,66,7168,142336
55,166,8192,142336
55,59,9216,142336
55,74,10240,142336
55,117,11264,142336
55,49,12288,142336
55,111,13312,142336
55,55,14336,142336
55,66,1024,143360
55,55,2048,143360
55,88,3072,143360
55,88,4096,143360
55,66,5120,143360
55,66,6144,143360
55,166,7168,143360
55,59,8192,143360
55,74,9216,143360
55,117,10240,143360
55,49,11264,143360
55,111,12288,143360
55,55,13312,143360
55,55,14336,143360
66,55,1024,144384
66,88,2048,144384
66,88,3072,144384
66,66,4096,144384
66,66,5120,144384
66,166,6144,144384
66,59,7168,144384
66,74,8192,144384
66,117,9216,144384
66,49,10240,144384
66,111,11264,144384
66,55,12288,144384
66,55,13312,144384
66,198,14336,144384
55,88,1024,145408
55,88,2048,145408
55,66,3072,145408
55,66,4096,145408
55,166,5120,145408
55,59,6144,145408
55,74,7168,145408
55,117,8192,145408
55,49,9216,145408
55,111,10240,145408
55,55,11264,145408
55,55,12288,145408
55,198,13312,145408
55,49,14336,145408
88,88,1024,146432
88,66,2048,146432
88,66,3072,146432
88,166,4096,146432
88,59,5120,146432
88,74,6144,146432
88,117,7168,146432
88,49,8192,146432
88,111,9216,146432
88,55,10240,146432
88,55,11264,146432
88,198,12288,146432
88,49,13312,146432
88,88,14336,146432
88,66,1024,147456
88,66,2048,147456
88,166,3072,147456
88,59,4096,147456
88,74,5120,147456
88,117,6144,147456
88,49,7168,147456
88,111,8192,147456
88,55,9216,147456
88,55,10240,147456
88,198,11264,147456
88,49,12288,147456
88,88,13312,147456
88,55,14336,147456
66,66,1024,148480
66,166,2048,148480
66,59,3072,148480
66,74,4096,148480
66,117,5120,148480
66,49,6144,148480
66,111,7168,148480
66,55,8192,148480
66,55,9216,148480
66,198,10240,148480
66,49,11264,148480
66,88,12288,148480
66,55,13312,148480
66,111,14336,148480
66,166,1024,149504
66,59,2048,149504
66,74,3072,149504
66,117,4096,149504
66,49,5120,149504
66,111,6144,149504
66,55,7168,149504
66,55,8192,149504
66,198,9216,149504
66,49,10240,149504
66,88,11264,149504
66,55,12288,149504
66,111,13312,149504
66,55,14336,149504
166,59,1024,150528
166,74,2048,150528
166,117,3072,150528
166,49,4096,150528
166,111,5120,150528
166,55,6144,150528
166,55,7168,150528
166,198,8192,150528
166,49,9216,150528
166,88,10240,150528
166,55,11264,150528
166,111,12288,150528
166,55,13312,150528
59,74,1024,151552
59,117,2048,151552
59,49,3072,151552
59,111,4096,151552
59,55,5120,151552
59,55,6144,151552
59,198,7168,151552
59,49,8192,151552
59,88,9216,151552
59,55,10240,151552
59,111,11264,151552
59,55,12288,151552
74,117,1024,152576
74,49,2048,152576
74,111,3072,152576
74,55,4096,152576
74,55,5120,152576
74,198,6144,152576
74,49,7168,152576
74,88,8192,152576
74,55,9216,152576
74,111,10240,152576
74,55,11264,152576
117,49,1024,153600
117,111,2048,153600
117,55,3072,153600
117,55,4096,153600
117,198,5120,153600
117,49,6144,153600
117,88,7168,153600
117,55,8192,153600
117,111,9216,153600
117,55,10240,153600
49,111,1024,154624
49,55,2048,154624
49,55,3072,154624
49,198,4096,154624
49,49,5120,154624
49,88,6144,154624
49,55,7168,154624
49,111,8192,154624
49,55,9216,154624
111,55,1024,155648
111,55,2048,155648
111,198,3072,155648
111,49,4096,155648
111,88,5120,155648
111,55,6144,155648
111,111,7168,155648
111,55,8192,155648
55,55,1024,156672
55,198,2048,156672
55,49,3072,156672
55,88,4096,156672
55,55,5120,156672
55,111,6144,156672
55,55,7168,156672
55,198,1024,157696
55,49,2048,157696
55,88,3072,157696
55,55,4096,157696
55,111,5120,157696
55,55,6144,157696
198,49,1024,158720
198,88,2048,158720
198,55,3072,158720
198,111,4096,158720
198,55,5120,158720
49,88,1024,159744
49,55,2048,159744
49,111,3072,159744
49,55,4096,159744
88,55,1024,160768
88,111,2048,160768
88,55,3072,160768
55,111,1024,161792
55,55,2048,161792
111,55,1024,162816
