72,62,1024,0
72,72,2048,0
72,73,3072,0
72,245,4096,0
72,245,5120,0
72,19,6144,0
72,19,7168,0
72,219,8192,0
72,110,9216,0
72,109,10240,0
72,73,11264,0
72,37,12288,0
72,73,13312,0
72,219,14336,0
62,72,1024,1024
62,73,2048,1024
62,245,3072,1024
62,245,4096,1024
62,19,5120,1024
62,19,6144,1024
62,219,7168,1024
62,110,8192,1024
62,109,9216,1024
62,73,10240,1024
62,37,11264,1024
62,73,12288,1024
62,219,13312,1024
62,219,14336,1024
72,73,1024,2048
72,245,2048,2048
72,245,3072,2048
72,19,4096,2048
72,19,5120,2048
72,219,6144,2048
72,110,7168,2048
72,109,8192,2048
72,73,9216,2048
72,37,10240,2048
72,73,11264,2048
72,219,12288,2048
72,219,13312,2048
72,55,14336,2048
73,245,1024,3072
73,245,2048,3072
73,19,3072,3072
73,19,4096,3072
73,219,5120,3072
73,110,6144,3072
73,109,7168,3072
73,73,8192,3072
73,37,9216,3072
73,73,10240,3072
73,219,11264,3072
73,219,12288,3072
73,55,13312,3072
73,55,14336,3072
245,245,1024,4096
245,19,2048,4096
245,19,3072,4096
245,219,4096,4096
245,110,5120,4096
245,109,6144,4096
245,73,7168,4096
245,37,8192,4096
245,73,9216,4096
245,219,10240,4096
245,219,11264,4096
245,55,12288,4096
245,55,13312,4096
245,110,14336,4096
245,19,1024,5120
245,19,2048,5120
245,219,3072,5120
245,110,4096,5120
245,109,5120,5120
245,73,6144,5120
245,37,7168,5120
245,73,8192,5120
245,219,9216,5120
245,219,10240,5120
245,55,11264,5120
245,55,12288,5120
245,110,13312,5120
245,109,14336,5120
19,19,1024,6144
19,219,2048,6144
19,110,3072,6144
19,109,4096,6144
19,73,5120,6144
19,37,6144,6144
19,73,7168,6144
19,219,8192,6144
19,219,9216,6144
19,55,10240,6144
19,55,11264,6144
19,110,12288,6144
19,109,13312,6144
19,55,14336,6144
19,219,1024,7168
19,110,2048,7168
19,109,3072,7168
19,73,4096,7168
19,37,5120,7168
19,73,6144,7168
19,219,7168,7168
19,219,8192,7168
19,55,9216,7168
19,55,10240,7168
19,110,11264,7168
19,109,12288,7168
19,55,13312,7168
19,218,15360,7168
219,110,1024,8192
219,109,2048,8192
219,73,3072,8192
219,37,4096,8192
219,73,5120,8192
219,219,6144,8192
219,219,7168,8192
219,55,8192,8192
219,55,9216,8192
219,110,10240,8192
219,109,11264,8192
219,55,12288,8192
219,218,14336,8192
219,110,15360,8192
110,109,1024,9216
110,73,2048,9216
110,37,3072,9216
110,73,4096,9216
110,219,5120,9216
110,219,6144,9216
110,55,7168,9216
110,55,8192,9216
110,110,9216,9216
110,109,10240,9216
110,55,11264,9216
110,218,13312,9216
110,110,14336,9216
110,110,15360,9216
109,73,1024,10240
109,37,2048,10240
109,73,3072,10240
109,219,4096,10240
109,219,5120,10240
109,55,6144,10240
109,55,7168,10240
109,110,8192,10240
109,109,9216,10240
109,55,10240,10240
109,218,12288,10240
109,110,13312,10240
109,110,14336,10240
109,36,15360,10240
73,37,1024,11264
73,73,2048,11264
73,219,3072,11264
73,219,4096,11264
73,55,5120,11264
73,55,6144,11264
73,110,7168,11264
73,109,8192,11264
73,55,9216,11264
73,218,11264,11264
73,110,12288,11264
73,110,13312,11264
73,36,14336,11264
73,54,15360,11264
37,73,1024,12288
37,219,2048,12288
37,219,3072,12288
37,55,4096,12288
37,55,5120,12288
37,110,6144,12288
37,109,7168,12288
37,55,8192,12288
37,218,10240,12288
37,110,11264,12288
37,110,12288,12288
37,36,13312,12288
37,54,14336,12288
37,54,19456,12288
73,219,1024,13312
73,219,2048,13312
73,55,3072,13312
73,55,4096,13312
73,110,5120,13312
73,109,6144,13312
73,55,7168,13312
73,218,9216,13312
73,110,10240,13312
73,110,11264,13312
73,36,12288,13312
73,54,13312,13312
73,54,18432,13312
73,54,19456,13312
219,219,1024,14336
219,55,2048,14336
219,55,3072,14336
219,110,4096,14336
219,109,5120,14336
219,55,6144,14336
219,218,8192,14336
219,110,9216,14336
219,110,10240,14336
219,36,11264,14336
219,54,12288,14336
219,54,17408,14336
219,54,18432,14336
219,69,19456,14336
219,55,1024,15360
219,55,2048,15360
219,110,3072,15360
219,109,4096,15360
219,55,5120,15360
219,218,7168,15360
219,110,8192,15360
219,110,9216,15360
219,36,10240,15360
219,54,11264,15360
219,54,16384,15360
219,54,17408,15360
219,69,18432,15360
55,55,1024,16384
55,110,2048,16384
55,109,3072,16384
55,55,4096,16384
55,218,6144,16384
55,110,7168,16384
55,110,8192,16384
55,36,9216,16384
55,54,10240,16384
55,54,15360,16384
55,54,16384,16384
55,69,17408,16384
55,110,1024,17408
55,109,2048,17408
55,55,3072,17408
55,218,5120,17408
55,110,6144,17408
55,110,7168,17408
55,36,8192,17408
55,54,9216,17408
55,54,14336,17408
55,54,15360,17408
55,69,16384,17408
110,109,1024,18432
110,55,2048,18432
110,218,4096,18432
110,110,5120,18432
110,110,6144,18432
110,36,7168,18432
110,54,8192,18432
110,54,13312,18432
110,54,14336,18432
110,69,15360,18432
109,55,1024,19456
109,218,3072,19456
109,110,4096,19456
109,110,5120,19456
109,36,6144,19456
109,54,7168,19456
109,54,12288,19456
109,54,13312,19456
109,69,14336,19456
109,55,20480,19456
55,218,2048,20480
55,110,3072,20480
55,110,4096,20480
55,36,5120,20480
55,54,6144,20480
55,54,11264,20480
55,54,12288,20480
55,69,13312,20480
55,55,19456,20480
55,55,20480,20480
218,110,1024,22528
218,110,2048,22528
218,36,3072,22528
218,54,4096,22528
218,54,9216,22528
218,54,10240,22528
218,69,11264,22528
218,55,17408,22528
218,55,18432,22528
110,110,1024,23552
110,36,2048,23552
110,54,3072,23552
110,54,8192,23552
110,54,9216,23552
110,69,10240,23552
110,55,16384,23552
110,55,17408,23552
110,36,1024,24576
110,54,2048,24576
110,54,7168,24576
110,54,8192,24576
110,69,9216,24576
110,55,15360,24576
110,55,16384,24576
36,54,1024,25600
36,54,6144,25600
36,54,7168,25600
36,69,8192,25600
36,55,14336,25600
36,55,15360,25600
54,54,5120,26624
54,54,6144,26624
54,69,7168,26624
54,55,13312,26624
54,55,14336,26624
54,54,1024,31744
54,69,2048,31744
54,55,8192,31744
54,55,9216,31744
54,98,16384,31744
54,69,1024,32768
54,55,7168,32768
54,55,8192,32768
54,98,15360,32768
69,55,6144,33792
69,55,7168,33792
69,98,14336,33792
55,55,1024,39936
55,98,8192,39936
55,98,7168,40960
41,82,1024,69632
41,245,2048,69632
41,131,12288,69632
41,92,15360,69632
41,94,16384,69632
41,92,17408,69632
41,97,18432,69632
82,245,1024,70656
82,131,11264,70656
82,92,14336,70656
82,94,15360,70656
82,92,16384,70656
82,97,17408,70656
82,73,20480,70656
245,131,10240,71680
245,92,13312,71680
245,94,14336,71680
245,92,15360,71680
245,97,16384,71680
245,73,19456,71680
245,72,20480,71680
131,92,3072,81920
131,94,4096,81920
131,92,5120,81920
131,97,6144,81920
131,73,9216,81920
131,72,10240,81920
131,145,11264,81920
131,72,12288,81920
131,146,14336,81920
131,109,15360,81920
131,109,16384,81920
131,73,17408,81920
131,72,18432,81920
131,37,19456,81920
92,94,1024,84992
92,92,2048,84992
92,97,3072,84992
92,73,6144,84992
92,72,7168,84992
92,145,8192,84992
92,72,9216,84992
92,146,11264,84992
92,109,12288,84992
92,109,13312,84992
92,73,14336,84992
92,72,15360,84992
92,37,16384,84992
92,18,17408,84992
94,92,1024,86016
94,97,2048,86016
94,73,5120,86016
94,72,6144,86016
94,145,7168,86016
94,72,8192,86016
94,146,10240,86016
94,109,11264,86016
94,109,12288,86016
94,73,13312,86016
94,72,14336,86016
94,37,15360,86016
94,18,16384,86016
94,109,17408,86016
92,97,1024,87040
92,73,4096,87040
92,72,5120,87040
92,145,6144,87040
92,72,7168,87040
92,146,9216,87040
92,109,10240,87040
92,109,11264,87040
92,73,12288,87040
92,72,13312,87040
92,37,14336,87040
92,18,15360,87040
92,109,16384,87040
92,196,17408,87040
97,73,3072,88064
97,72,4096,88064
97,145,5120,88064
97,72,6144,88064
97,146,8192,88064
97,109,9216,88064
97,109,10240,88064
97,73,11264,88064
97,72,12288,88064
97,37,13312,88064
97,18,14336,88064
97,109,15360,88064
97,196,16384,88064
97,49,17408,88064
73,72,1024,91136
73,145,2048,91136
73,72,3072,91136
73,146,5120,91136
73,109,6144,91136
73,109,7168,91136
73,73,8192,91136
73,72,9216,91136
73,37,10240,91136
73,18,11264,91136
73,109,12288,91136
73,196,13312,91136
73,49,14336,91136
73,97,15360,91136
72,145,1024,92160
72,72,2048,92160
72,146,4096,92160
72,109,5120,92160
72,109,6144,92160
72,73,7168,92160
72,72,8192,92160
72,37,9216,92160
72,18,10240,92160
72,109,11264,92160
72,196,12288,92160
72,49,13312,92160
72,97,14336,92160
72,49,15360,92160
145,72,1024,93184
145,146,3072,93184
145,109,4096,93184
145,109,5120,93184
145,73,6144,93184
145,72,7168,93184
145,37,8192,93184
145,18,9216,93184
145,109,10240,93184
145,196,11264,93184
145,49,12288,93184
145,97,13312,93184
145,49,14336,93184
145,98,15360,93184
72,146,2048,94208
72,109,3072,94208
72,109,4096,94208
72,73,5120,94208
72,72,6144,94208
72,37,7168,94208
72,18,8192,94208
72,109,9216,94208
72,196,10240,94208
72,49,11264,94208
72,97,12288,94208
72,49,13312,94208
72,98,14336,94208
72,48,15360,94208
146,109,1024,96256
146,109,2048,96256
146,73,3072,96256
146,72,4096,96256
146,37,5120,96256
146,18,6144,96256
146,109,7168,96256
146,196,8192,96256
146,49,9216,96256
146,97,10240,96256
146,49,11264,96256
146,98,12288,96256
146,48,13312,96256
146,49,14336,96256
109,109,1024,97280
109,73,2048,97280
109,72,3072,97280
109,37,4096,97280
109,18,5120,97280
109,109,6144,97280
109,196,7168,97280
109,49,8192,97280
109,97,9216,97280
109,49,10240,97280
109,98,11264,97280
109,48,12288,97280
109,49,13312,97280
109,49,14336,97280
109,73,1024,98304
109,72,2048,98304
109,37,3072,98304
109,18,4096,98304
109,109,5120,98304
109,196,6144,98304
109,49,7168,98304
109,97,8192,98304
109,49,9216,98304
109,98,10240,98304
109,48,11264,98304
109,49,12288,98304
109,49,13312,98304
109,98,14336,98304
73,72,1024,99328
73,37,2048,99328
73,18,3072,99328
73,109,4096,99328
73,196,5120,99328
73,49,6144,99328
73,97,7168,99328
73,49,8192,99328
73,98,9216,99328
73,48,10240,99328
73,49,11264,99328
73,49,12288,99328
73,98,13312,99328
73,49,15360,99328
72,37,1024,100352
72,18,2048,100352
72,109,3072,100352
72,196,4096,100352
72,49,5120,100352
72,97,6144,100352
72,49,7168,100352
72,98,8192,100352
72,48,9216,100352
72,49,10240,100352
72,49,11264,100352
72,98,12288,100352
72,49,14336,100352
72,49,15360,100352
37,18,1024,101376
37,109,2048,101376
37,196,3072,101376
37,49,4096,101376
37,97,5120,101376
37,49,6144,101376
37,98,7168,101376
37,48,8192,101376
37,49,9216,101376
37,49,10240,101376
37,98,11264,101376
37,49,13312,101376
37,49,14336,101376
37,97,15360,101376
18,109,1024,102400
18,196,2048,102400
18,49,3072,102400
18,97,4096,102400
18,49,5120,102400
18,98,6144,102400
18,48,7168,102400
18,49,8192,102400
18,49,9216,102400
18,98,10240,102400
18,49,12288,102400
18,49,13312,102400
18,97,14336,102400
18,97,15360,102400
109,196,1024,103424
109,49,2048,103424
109,97,3072,103424
109,49,4096,103424
109,98,5120,103424
109,48,6144,103424
109,49,7168,103424
109,49,8192,103424
109,98,9216,103424
109,49,11264,103424
109,49,12288,103424
109,97,13312,103424
109,97,14336,103424
109,246,15360,103424
196,49,1024,104448
196,97,2048,104448
196,49,3072,104448
196,98,4096,104448
196,48,5120,104448
196,49,6144,104448
196,49,7168,104448
196,98,8192,104448
196,49,10240,104448
196,49,11264,104448
196,97,12288,104448
196,97,13312,104448
196,246,14336,104448
196,97,15360,104448
49,97,1024,105472
49,49,2048,105472
49,98,3072,105472
49,48,4096,105472
49,49,5120,105472
49,49,6144,105472
49,98,7168,105472
49,49,9216,105472
49,49,10240,105472
49,97,11264,105472
49,97,12288,105472
49,246,13312,105472
49,97,14336,105472
49,49,15360,105472
97,49,1024,106496
97,98,2048,106496
97,48,3072,106496
97,49,4096,106496
97,49,5120,106496
97,98,6144,106496
97,49,8192,106496
97,49,9216,106496
97,97,10240,106496
97,97,11264,106496
97,246,12288,106496
97,97,13312,106496
97,49,14336,106496
97,97,15360,106496
49,98,1024,107520
49,48,2048,107520
49,49,3072,107520
49,49,4096,107520
49,98,5120,107520
49,49,7168,107520
49,49,8192,107520
49,97,9216,107520
49,97,10240,107520
49,246,11264,107520
49,97,12288,107520
49,49,13312,107520
49,97,14336,107520
49,97,15360,107520
98,48,1024,108544
98,49,2048,108544
98,49,3072,108544
98,98,4096,108544
98,49,6144,108544
98,49,7168,108544
98,97,8192,108544
98,97,9216,108544
98,246,10240,108544
98,97,11264,108544
98,49,12288,108544
98,97,13312,108544
98,97,14336,108544
98,259,15360,108544
48,49,1024,109568
48,49,2048,109568
48,98,3072,109568
48,49,5120,109568
48,49,6144,109568
48,97,7168,109568
48,97,8192,109568
48,246,9216,109568
48,97,10240,109568
48,49,11264,109568
48,97,12288,109568
48,97,13312,109568
48,259,14336,109568
48,19,15360,109568
49,49,1024,110592
49,98,2048,110592
49,49,4096,110592
49,49,5120,110592
49,97,6144,110592
49,97,7168,110592
49,246,8192,110592
49,97,9216,110592
49,49,10240,110592
49,97,11264,110592
49,97,12288,110592
49,259,13312,110592
49,19,14336,110592
49,146,15360,110592
49,98,1024,111616
49,49,3072,111616
49,49,4096,111616
49,97,5120,111616
49,97,6144,111616
49,246,7168,111616
49,97,8192,111616
49,49,9216,111616
49,97,10240,111616
49,97,11264,111616
49,259,12288,111616
49,19,13312,111616
49,146,14336,111616
49,97,15360,111616
98,49,2048,112640
98,49,3072,112640
98,97,4096,112640
98,97,5120,112640
98,246,6144,112640
98,97,7168,112640
98,49,8192,112640
98,97,9216,112640
98,97,10240,112640
98,259,11264,112640
98,19,12288,112640
98,146,13312,112640
98,97,14336,112640
98,19,15360,112640
49,49,1024,114688
49,97,2048,114688
49,97,3072,114688
49,246,4096,114688
49,97,5120,114688
49,49,6144,114688
49,97,7168,114688
49,97,8192,114688
49,259,9216,114688
49,19,10240,114688
49,146,11264,114688
49,97,12288,114688
49,19,13312,114688
49,97,14336,114688
49,97,1024,115712
49,97,2048,115712
49,246,3072,115712
49,97,4096,115712
49,49,5120,115712
49,97,6144,115712
49,97,7168,115712
49,259,8192,115712
49,19,9216,115712
49,146,10240,115712
49,97,11264,115712
49,19,12288,115712
49,97,13312,115712
49,18,14336,115712
97,97,1024,116736
97,246,2048,116736
97,97,3072,116736
97,49,4096,116736
97,97,5120,116736
97,97,6144,116736
97,259,7168,116736
97,19,8192,116736
97,146,9216,116736
97,97,10240,116736
97,19,11264,116736
97,97,12288,116736
97,18,13312,116736
97,19,14336,116736
97,246,1024,117760
97,97,2048,117760
97,49,3072,117760
97,97,4096,117760
97,97,5120,117760
97,259,6144,117760
97,19,7168,117760
97,146,8192,117760
97,97,9216,117760
97,19,10240,117760
97,97,11264,117760
97,18,12288,117760
97,19,13312,117760
97,19,14336,117760
246,97,1024,118784
246,49,2048,118784
246,97,3072,118784
246,97,4096,118784
246,259,5120,118784
246,19,6144,118784
246,146,7168,118784
246,97,8192,118784
246,19,9216,118784
246,97,10240,118784
246,18,11264,118784
246,19,12288,118784
246,19,13312,118784
246,28,14336,118784
97,49,1024,119808
97,97,2048,119808
97,97,3072,119808
97,259,4096,119808
97,19,5120,119808
97,146,6144,119808
97,97,7168,119808
97,19,8192,119808
97,97,9216,119808
97,18,10240,119808
97,19,11264,119808
97,19,12288,119808
97,28,13312,119808
97,28,14336,119808
49,97,1024,120832
49,97,2048,120832
49,259,3072,120832
49,19,4096,120832
49,146,5120,120832
49,97,6144,120832
49,19,7168,120832
49,97,8192,120832
49,18,9216,120832
49,19,10240,120832
49,19,11264,120832
49,28,12288,120832
49,28,13312,120832
49,25,14336,120832
97,97,1024,121856
97,259,2048,121856
97,19,3072,121856
97,146,4096,121856
97,97,5120,121856
97,19,6144,121856
97,97,7168,121856
97,18,8192,121856
97,19,9216,121856
97,19,10240,121856
97,28,11264,121856
97,28,12288,121856
97,25,13312,121856
97,97,14336,121856
97,259,1024,122880
97,19,2048,122880
97,146,3072,122880
97,97,4096,122880
97,19,5120,122880
97,97,6144,122880
97,18,7168,122880
97,19,8192,122880
97,19,9216,122880
97,28,10240,122880
97,28,11264,122880
97,25,12288,122880
97,97,13312,122880
259,19,1024,123904
259,146,2048,123904
259,97,3072,123904
259,19,4096,123904
259,97,5120,123904
259,18,6144,123904
259,19,7168,123904
259,19,8192,123904
259,28,9216,123904
259,28,10240,123904
259,25,11264,123904
259,97,12288,123904
259,145,20480,123904
19,146,1024,124928
19,97,2048,124928
19,19,3072,124928
19,97,4096,124928
19,18,5120,124928
19,19,6144,124928
19,19,7168,124928
19,28,8192,124928
19,28,9216,124928
19,25,10240,124928
19,97,11264,124928
19,145,19456,124928
146,97,1024,125952
146,19,2048,125952
146,97,3072,125952
146,18,4096,125952
146,19,5120,125952
146,19,6144,125952
146,28,7168,125952
146,28,8192,125952
146,25,9216,125952
146,97,10240,125952
146,145,18432,125952
97,19,1024,126976
97,97,2048,126976
97,18,3072,126976
97,19,4096,126976
97,19,5120,126976
97,28,6144,126976
97,28,7168,126976
97,25,8192,126976
97,97,9216,126976
97,145,17408,126976
19,97,1024,128000
19,18,2048,128000
19,19,3072,128000
19,19,4096,128000
19,28,5120,128000
19,28,6144,128000
19,25,7168,128000
19,97,8192,128000
19,145,16384,128000
97,18,1024,129024
97,19,2048,129024
97,19,3072,129024
97,28,4096,129024
97,28,5120,129024
97,25,6144,129024
97,97,7168,129024
97,145,15360,129024
18,19,1024,130048
18,19,2048,130048
18,28,3072,130048
18,28,4096,130048
18,25,5120,130048
18,97,6144,130048
18,145,14336,130048
19,19,1024,131072
19,28,2048,131072
19,28,3072,131072
19,25,4096,131072
19,97,5120,131072
19,145,13312,131072
19,28,1024,132096
19,28,2048,132096
19,25,3072,132096
19,97,4096,132096
19,145,12288,132096
28,28,1024,133120
28,25,2048,133120
28,97,3072,133120
28,145,11264,133120
28,77,20480,133120
28,25,1024,134144
28,97,2048,134144
28,145,10240,134144
28,77,19456,134144
25,97,1024,135168
25,145,9216,135168
25,77,18432,135168
25,52,20480,135168
97,145,8192,136192
97,77,17408,136192
97,52,19456,136192
145,77,9216,144384
145,52,11264,144384
145,81,13312,144384
145,54,18432,144384
145,93,19456,144384
77,52,2048,153600
77,81,4096,153600
77,54,9216,153600
77,93,10240,153600
52,81,2048,155648
52,54,7168,155648
52,93,8192,155648
81,54,5120,157696
81,93,6144,157696
54,93,1024,162816
