55,110,2048,16384
146,146,1024,40960
146,43,2048,40960
146,62,12288,40960
146,43,1024,41984
146,62,11264,41984
43,62,10240,43008
55,41,7168,119808
55,109,7168,119808
55,41,8192,119808
55,37,10240,119808
55,58,18432,119808
55,37,19456,119808
55,37,20480,119808
55,73,20480,119808
41,109,0,126976
41,41,1024,126976
41,37,3072,126976
41,58,11264,126976
41,37,12288,126976
41,37,13312,126976
41,73,13312,126976
109,41,1024,126976
109,37,3072,126976
109,58,11264,126976
109,37,12288,126976
109,37,13312,126976
109,73,13312,126976
41,37,2048,128000
41,58,10240,128000
41,37,11264,128000
41,37,12288,128000
41,73,12288,128000
37,58,8192,130048
37,37,9216,130048
37,37,10240,130048
37,73,10240,130048
58,37,1024,138240
58,37,2048,138240
58,73,2048,138240
58,54,17408,138240
37,37,1024,139264
37,73,1024,139264
37,54,16384,139264
37,73,0,140288
37,54,15360,140288
73,54,15360,140288
54,48,6144,155648
54,54,13312,155648
48,54,7168,161792
54,28,14336,168960
54,55,14336,168960
54,27,15360,168960
54,55,16384,168960
54,55,17408,168960
54,29,19456,168960
54,58,19456,168960
54,87,19456,168960
28,55,0,183296
28,27,1024,183296
28,55,2048,183296
28,55,3072,183296
28,29,5120,183296
28,58,5120,183296
28,87,5120,183296
28,36,15360,183296
55,27,1024,183296
55,55,2048,183296
55,55,3072,183296
55,29,5120,183296
55,58,5120,183296
55,87,5120,183296
55,36,15360,183296
27,55,1024,184320
27,55,2048,184320
27,29,4096,184320
27,58,4096,184320
27,87,4096,184320
27,36,14336,184320
27,27,20480,184320
27,55,20480,184320
55,55,1024,185344
55,29,3072,185344
55,58,3072,185344
55,87,3072,185344
55,36,13312,185344
55,27,19456,185344
55,55,19456,185344
55,29,2048,186368
55,58,2048,186368
55,87,2048,186368
55,36,12288,186368
55,27,18432,186368
55,55,18432,186368
29,58,0,188416
29,87,0,188416
29,36,10240,188416
29,27,16384,188416
29,55,16384,188416
58,87,0,188416
58,36,10240,188416
58,27,16384,188416
58,55,16384,188416
87,36,10240,188416
87,27,16384,188416
87,55,16384,188416
36,27,6144,198656
36,55,6144,198656
27,55,0,204800
27,40,15360,204800
27,83,16384,204800
27,49,17408,204800
27,54,18432,204800
27,97,18432,204800
27,57,19456,204800
27,110,19456,204800
27,29,20480,204800
27,73,20480,204800
27,109,20480,204800
55,40,15360,204800
55,83,16384,204800
55,49,17408,204800
55,54,18432,204800
55,97,18432,204800
55,57,19456,204800
55,110,19456,204800
55,29,20480,204800
55,73,20480,204800
55,109,20480,204800
40,83,1024,220160
40,49,2048,220160
40,54,3072,220160
40,97,3072,220160
40,57,4096,220160
40,110,4096,220160
40,29,5120,220160
40,73,5120,220160
40,109,5120,220160
40,29,6144,220160
40,73,6144,220160
40,82,6144,220160
40,49,7168,220160
40,25,8192,220160
83,49,1024,221184
83,54,2048,221184
83,97,2048,221184
83,57,3072,221184
83,110,3072,221184
83,29,4096,221184
83,73,4096,221184
83,109,4096,221184
83,29,5120,221184
83,73,5120,221184
83,82,5120,221184
83,49,6144,221184
83,25,7168,221184
83,49,7168,221184
49,54,1024,222208
49,97,1024,222208
49,57,2048,222208
49,110,2048,222208
49,29,3072,222208
49,73,3072,222208
49,109,3072,222208
49,29,4096,222208
49,73,4096,222208
49,82,4096,222208
49,49,5120,222208
49,25,6144,222208
49,49,6144,222208
49,37,8192,222208
54,97,0,223232
54,57,1024,223232
54,110,1024,223232
54,29,2048,223232
54,73,2048,223232
54,109,2048,223232
54,29,3072,223232
54,73,3072,223232
54,82,3072,223232
54,49,4096,223232
54,25,5120,223232
54,49,5120,223232
54,37,7168,223232
54,73,7168,223232
97,57,1024,223232
97,110,1024,223232
97,29,2048,223232
97,73,2048,223232
97,109,2048,223232
97,29,3072,223232
97,73,3072,223232
97,82,3072,223232
97,49,4096,223232
97,25,5120,223232
97,49,5120,223232
97,37,7168,223232
97,73,7168,223232
97,29,12288,223232
57,110,0,224256
57,29,1024,224256
57,73,1024,224256
57,109,1024,224256
57,29,2048,224256
57,73,2048,224256
57,82,2048,224256
57,49,3072,224256
57,25,4096,224256
57,49,4096,224256
57,37,6144,224256
57,73,6144,224256
57,29,11264,224256
57,54,11264,224256
110,29,1024,224256
110,73,1024,224256
110,109,1024,224256
110,29,2048,224256
110,73,2048,224256
110,82,2048,224256
110,49,3072,224256
110,25,4096,224256
110,49,4096,224256
110,37,6144,224256
110,73,6144,224256
110,29,11264,224256
110,54,11264,224256
110,110,11264,224256
29,73,0,225280
29,109,0,225280
29,29,1024,225280
29,73,1024,225280
29,82,1024,225280
29,49,2048,225280
29,25,3072,225280
29,49,3072,225280
29,37,5120,225280
29,73,5120,225280
29,29,10240,225280
29,54,10240,225280
29,110,10240,225280
29,29,11264,225280
73,109,0,225280
73,29,1024,225280
73,73,1024,225280
73,82,1024,225280
73,49,2048,225280
73,25,3072,225280
73,49,3072,225280
73,37,5120,225280
73,73,5120,225280
73,29,10240,225280
73,54,10240,225280
73,110,10240,225280
73,29,11264,225280
73,54,11264,225280
109,29,1024,225280
109,73,1024,225280
109,82,1024,225280
109,49,2048,225280
109,25,3072,225280
109,49,3072,225280
109,37,5120,225280
109,73,5120,225280
109,29,10240,225280
109,54,10240,225280
109,110,10240,225280
109,29,11264,225280
109,54,11264,225280
109,82,11264,225280
29,73,0,226304
29,82,0,226304
29,49,1024,226304
29,25,2048,226304
29,49,2048,226304
29,37,4096,226304
29,73,4096,226304
29,29,9216,226304
29,54,9216,226304
29,110,9216,226304
29,29,10240,226304
29,54,10240,226304
29,82,10240,226304
29,27,11264,226304
73,82,0,226304
73,49,1024,226304
73,25,2048,226304
73,49,2048,226304
73,37,4096,226304
73,73,4096,226304
73,29,9216,226304
73,54,9216,226304
73,110,9216,226304
73,29,10240,226304
73,54,10240,226304
73,82,10240,226304
73,27,11264,226304
73,55,11264,226304
82,49,1024,226304
82,25,2048,226304
82,49,2048,226304
82,37,4096,226304
82,73,4096,226304
82,29,9216,226304
82,54,9216,226304
82,110,9216,226304
82,29,10240,226304
82,54,10240,226304
82,82,10240,226304
82,27,11264,226304
82,55,11264,226304
82,81,11264,226304
49,25,1024,227328
49,49,1024,227328
49,37,3072,227328
49,73,3072,227328
49,29,8192,227328
49,54,8192,227328
49,110,8192,227328
49,29,9216,227328
49,54,9216,227328
49,82,9216,227328
49,27,10240,227328
49,55,10240,227328
49,81,10240,227328
49,162,10240,227328
25,49,0,228352
25,37,2048,228352
25,73,2048,228352
25,29,7168,228352
25,54,7168,228352
25,110,7168,228352
25,29,8192,228352
25,54,8192,228352
25,82,8192,228352
25,27,9216,228352
25,55,9216,228352
25,81,9216,228352
25,162,9216,228352
25,54,10240,228352
49,37,2048,228352
49,73,2048,228352
49,29,7168,228352
49,54,7168,228352
49,110,7168,228352
49,29,8192,228352
49,54,8192,228352
49,82,8192,228352
49,27,9216,228352
49,55,9216,228352
49,81,9216,228352
49,162,9216,228352
49,54,10240,228352
49,49,11264,228352
37,73,0,230400
37,29,5120,230400
37,54,5120,230400
37,110,5120,230400
37,29,6144,230400
37,54,6144,230400
37,82,6144,230400
37,27,7168,230400
37,55,7168,230400
37,81,7168,230400
37,162,7168,230400
37,54,8192,230400
37,49,9216,230400
37,37,11264,230400
73,29,5120,230400
73,54,5120,230400
73,110,5120,230400
73,29,6144,230400
73,54,6144,230400
73,82,6144,230400
73,27,7168,230400
73,55,7168,230400
73,81,7168,230400
73,162,7168,230400
73,54,8192,230400
73,49,9216,230400
73,37,11264,230400
73,37,12288,230400
29,54,0,235520
29,110,0,235520
29,29,1024,235520
29,54,1024,235520
29,82,1024,235520
29,27,2048,235520
29,55,2048,235520
29,81,2048,235520
29,162,2048,235520
29,54,3072,235520
29,49,4096,235520
29,37,6144,235520
29,37,7168,235520
29,31,9216,235520
54,110,0,235520
54,29,1024,235520
54,54,1024,235520
54,82,1024,235520
54,27,2048,235520
54,55,2048,235520
54,81,2048,235520
54,162,2048,235520
54,54,3072,235520
54,49,4096,235520
54,37,6144,235520
54,37,7168,235520
54,31,9216,235520
54,62,9216,235520
110,29,1024,235520
110,54,1024,235520
110,82,1024,235520
110,27,2048,235520
110,55,2048,235520
110,81,2048,235520
110,162,2048,235520
110,54,3072,235520
110,49,4096,235520
110,37,6144,235520
110,37,7168,235520
110,31,9216,235520
110,62,9216,235520
110,65,15360,235520
29,54,0,236544
29,82,0,236544
29,27,1024,236544
29,55,1024,236544
29,81,1024,236544
29,162,1024,236544
29,54,2048,236544
29,49,3072,236544
29,37,5120,236544
29,37,6144,236544
29,31,8192,236544
29,62,8192,236544
29,65,14336,236544
29,31,17408,236544
54,82,0,236544
54,27,1024,236544
54,55,1024,236544
54,81,1024,236544
54,162,1024,236544
54,54,2048,236544
54,49,3072,236544
54,37,5120,236544
54,37,6144,236544
54,31,8192,236544
54,62,8192,236544
54,65,14336,236544
54,31,17408,236544
54,61,17408,236544
82,27,1024,236544
82,55,1024,236544
82,81,1024,236544
82,162,1024,236544
82,54,2048,236544
82,49,3072,236544
82,37,5120,236544
82,37,6144,236544
82,31,8192,236544
82,62,8192,236544
82,65,14336,236544
82,31,17408,236544
82,61,17408,236544
82,48,19456,236544
27,55,0,237568
27,81,0,237568
27,162,0,237568
27,54,1024,237568
27,49,2048,237568
27,37,4096,237568
27,37,5120,237568
27,31,7168,237568
27,62,7168,237568
27,65,13312,237568
27,31,16384,237568
27,61,16384,237568
27,48,18432,237568
27,49,19456,237568
55,81,0,237568
55,162,0,237568
55,54,1024,237568
55,49,2048,237568
55,37,4096,237568
55,37,5120,237568
55,31,7168,237568
55,62,7168,237568
55,65,13312,237568
55,31,16384,237568
55,61,16384,237568
55,48,18432,237568
55,49,19456,237568
55,97,19456,237568
81,162,0,237568
81,54,1024,237568
81,49,2048,237568
81,37,4096,237568
81,37,5120,237568
81,31,7168,237568
81,62,7168,237568
81,65,13312,237568
81,31,16384,237568
81,61,16384,237568
81,48,18432,237568
81,49,19456,237568
81,97,19456,237568
162,54,1024,237568
162,49,2048,237568
162,37,4096,237568
162,37,5120,237568
162,31,7168,237568
162,62,7168,237568
162,65,13312,237568
162,31,16384,237568
162,61,16384,237568
162,48,18432,237568
162,49,19456,237568
162,97,19456,237568
54,49,1024,238592
54,37,3072,238592
54,37,4096,238592
54,31,6144,238592
54,62,6144,238592
54,65,12288,238592
54,31,15360,238592
54,61,15360,238592
54,48,17408,238592
54,49,18432,238592
54,97,18432,238592
54,54,20480,238592
49,37,2048,239616
49,37,3072,239616
49,31,5120,239616
49,62,5120,239616
49,65,11264,239616
49,31,14336,239616
49,61,14336,239616
49,48,16384,239616
49,49,17408,239616
49,97,17408,239616
49,54,19456,239616
49,28,20480,239616
37,37,1024,241664
37,31,3072,241664
37,62,3072,241664
37,65,9216,241664
37,31,12288,241664
37,61,12288,241664
37,48,14336,241664
37,49,15360,241664
37,97,15360,241664
37,54,17408,241664
37,28,18432,241664
37,31,2048,242688
37,62,2048,242688
37,65,8192,242688
37,31,11264,242688
37,61,11264,242688
37,48,13312,242688
37,49,14336,242688
37,97,14336,242688
37,54,16384,242688
37,28,17408,242688
37,82,20480,242688
31,62,0,244736
31,65,6144,244736
31,31,9216,244736
31,61,9216,244736
31,48,11264,244736
31,49,12288,244736
31,97,12288,244736
31,54,14336,244736
31,28,15360,244736
31,82,18432,244736
62,65,6144,244736
62,31,9216,244736
62,61,9216,244736
62,48,11264,244736
62,49,12288,244736
62,97,12288,244736
62,54,14336,244736
62,28,15360,244736
62,82,18432,244736
65,31,3072,250880
65,61,3072,250880
65,48,5120,250880
65,49,6144,250880
65,97,6144,250880
65,54,8192,250880
65,28,9216,250880
65,82,12288,250880
65,31,15360,250880
65,41,15360,250880
65,82,15360,250880
65,36,16384,250880
65,41,16384,250880
65,123,16384,250880
31,61,0,253952
31,48,2048,253952
31,49,3072,253952
31,97,3072,253952
31,54,5120,253952
31,28,6144,253952
31,82,9216,253952
31,31,12288,253952
31,41,12288,253952
31,82,12288,253952
31,36,13312,253952
31,41,13312,253952
31,123,13312,253952
31,58,19456,253952
61,48,2048,253952
61,49,3072,253952
61,97,3072,253952
61,54,5120,253952
61,28,6144,253952
61,82,9216,253952
61,31,12288,253952
61,41,12288,253952
61,82,12288,253952
61,36,13312,253952
61,41,13312,253952
61,123,13312,253952
61,58,19456,253952
48,49,1024,256000
48,97,1024,256000
48,54,3072,256000
48,28,4096,256000
48,82,7168,256000
48,31,10240,256000
48,41,10240,256000
48,82,10240,256000
48,36,11264,256000
48,41,11264,256000
48,123,11264,256000
48,58,17408,256000
49,97,0,257024
49,54,2048,257024
49,28,3072,257024
49,82,6144,257024
49,31,9216,257024
49,41,9216,257024
49,82,9216,257024
49,36,10240,257024
49,41,10240,257024
49,123,10240,257024
49,58,16384,257024
97,54,2048,257024
97,28,3072,257024
97,82,6144,257024
97,31,9216,257024
97,41,9216,257024
97,82,9216,257024
97,36,10240,257024
97,41,10240,257024
97,123,10240,257024
97,58,16384,257024
54,28,1024,259072
54,82,4096,259072
54,31,7168,259072
54,41,7168,259072
54,82,7168,259072
54,36,8192,259072
54,41,8192,259072
54,123,8192,259072
54,58,14336,259072
54,46,19456,259072
28,82,3072,260096
28,31,6144,260096
28,41,6144,260096
28,82,6144,260096
28,36,7168,260096
28,41,7168,260096
28,123,7168,260096
28,58,13312,260096
28,46,18432,260096
82,31,3072,263168
82,41,3072,263168
82,82,3072,263168
82,36,4096,263168
82,41,4096,263168
82,123,4096,263168
82,58,10240,263168
82,46,15360,263168
31,41,0,266240
31,82,0,266240
31,36,1024,266240
31,41,1024,266240
31,123,1024,266240
31,58,7168,266240
31,46,12288,266240
31,27,19456,266240
31,27,20480,266240
31,46,20480,266240
41,82,0,266240
41,36,1024,266240
41,41,1024,266240
41,123,1024,266240
41,58,7168,266240
41,46,12288,266240
41,27,19456,266240
41,27,20480,266240
41,46,20480,266240
82,36,1024,266240
82,41,1024,266240
82,123,1024,266240
82,58,7168,266240
82,46,12288,266240
82,27,19456,266240
82,27,20480,266240
82,46,20480,266240
36,41,0,267264
36,123,0,267264
36,58,6144,267264
36,46,11264,267264
36,27,18432,267264
36,27,19456,267264
36,46,19456,267264
41,123,0,267264
41,58,6144,267264
41,46,11264,267264
41,27,18432,267264
41,27,19456,267264
41,46,19456,267264
123,58,6144,267264
123,46,11264,267264
123,27,18432,267264
123,27,19456,267264
123,46,19456,267264
58,46,5120,273408
58,27,12288,273408
58,27,13312,273408
58,46,13312,273408
58,27,15360,273408
58,41,15360,273408
58,33,16384,273408
58,41,16384,273408
58,64,17408,273408
58,65,19456,273408
58,65,20480,273408
46,27,7168,278528
46,27,8192,278528
46,46,8192,278528
46,27,10240,278528
46,41,10240,278528
46,33,11264,278528
46,41,11264,278528
46,64,12288,278528
46,65,14336,278528
46,65,15360,278528
46,41,18432,278528
46,40,19456,278528
46,40,20480,278528
27,27,1024,285696
27,46,1024,285696
27,27,3072,285696
27,41,3072,285696
27,33,4096,285696
27,41,4096,285696
27,64,5120,285696
27,65,7168,285696
27,65,8192,285696
27,41,11264,285696
27,40,12288,285696
27,40,13312,285696
27,49,15360,285696
27,46,18432,285696
27,46,0,286720
27,27,2048,286720
27,41,2048,286720
27,33,3072,286720
27,41,3072,286720
27,64,4096,286720
27,65,6144,286720
27,65,7168,286720
27,41,10240,286720
27,40,11264,286720
27,40,12288,286720
27,49,14336,286720
27,46,17408,286720
27,126,19456,286720
46,27,2048,286720
46,41,2048,286720
46,33,3072,286720
46,41,3072,286720
46,64,4096,286720
46,65,6144,286720
46,65,7168,286720
46,41,10240,286720
46,40,11264,286720
46,40,12288,286720
46,49,14336,286720
46,46,17408,286720
46,126,19456,286720
46,41,20480,286720
27,41,0,288768
27,33,1024,288768
27,41,1024,288768
27,64,2048,288768
27,65,4096,288768
27,65,5120,288768
27,41,8192,288768
27,40,9216,288768
27,40,10240,288768
27,49,12288,288768
27,46,15360,288768
27,126,17408,288768
27,41,18432,288768
27,125,18432,288768
41,33,1024,288768
41,41,1024,288768
41,64,2048,288768
41,65,4096,288768
41,65,5120,288768
41,41,8192,288768
41,40,9216,288768
41,40,10240,288768
41,49,12288,288768
41,46,15360,288768
41,126,17408,288768
41,41,18432,288768
41,125,18432,288768
41,61,19456,288768
33,41,0,289792
33,64,1024,289792
33,65,3072,289792
33,65,4096,289792
33,41,7168,289792
33,40,8192,289792
33,40,9216,289792
33,49,11264,289792
33,46,14336,289792
33,126,16384,289792
33,41,17408,289792
33,125,17408,289792
33,61,18432,289792
33,61,19456,289792
41,64,1024,289792
41,65,3072,289792
41,65,4096,289792
41,41,7168,289792
41,40,8192,289792
41,40,9216,289792
41,49,11264,289792
41,46,14336,289792
41,126,16384,289792
41,41,17408,289792
41,125,17408,289792
41,61,18432,289792
41,61,19456,289792
41,125,19456,289792
64,65,2048,290816
64,65,3072,290816
64,41,6144,290816
64,40,7168,290816
64,40,8192,290816
64,49,10240,290816
64,46,13312,290816
64,126,15360,290816
64,41,16384,290816
64,125,16384,290816
64,61,17408,290816
64,61,18432,290816
64,125,18432,290816
64,36,19456,290816
65,65,1024,292864
65,41,4096,292864
65,40,5120,292864
65,40,6144,292864
65,49,8192,292864
65,46,11264,292864
65,126,13312,292864
65,41,14336,292864
65,125,14336,292864
65,61,15360,292864
65,61,16384,292864
65,125,16384,292864
65,36,17408,292864
65,36,18432,292864
65,41,3072,293888
65,40,4096,293888
65,40,5120,293888
65,49,7168,293888
65,46,10240,293888
65,126,12288,293888
65,41,13312,293888
65,125,13312,293888
65,61,14336,293888
65,61,15360,293888
65,125,15360,293888
65,36,16384,293888
65,36,17408,293888
65,72,17408,293888
41,40,1024,296960
41,40,2048,296960
41,49,4096,296960
41,46,7168,296960
41,126,9216,296960
41,41,10240,296960
41,125,10240,296960
41,61,11264,296960
41,61,12288,296960
41,125,12288,296960
41,36,13312,296960
41,36,14336,296960
41,72,14336,296960
41,110,14336,296960
40,40,1024,297984
40,49,3072,297984
40,46,6144,297984
40,126,8192,297984
40,41,9216,297984
40,125,9216,297984
40,61,10240,297984
40,61,11264,297984
40,125,11264,297984
40,36,12288,297984
40,36,13312,297984
40,72,13312,297984
40,110,13312,297984
40,36,14336,297984
40,49,2048,299008
40,46,5120,299008
40,126,7168,299008
40,41,8192,299008
40,125,8192,299008
40,61,9216,299008
40,61,10240,299008
40,125,10240,299008
40,36,11264,299008
40,36,12288,299008
40,72,12288,299008
40,110,12288,299008
40,36,13312,299008
40,109,13312,299008
49,46,3072,301056
49,126,5120,301056
49,41,6144,301056
49,125,6144,301056
49,61,7168,301056
49,61,8192,301056
49,125,8192,301056
49,36,9216,301056
49,36,10240,301056
49,72,10240,301056
49,110,10240,301056
49,36,11264,301056
49,109,11264,301056
49,126,12288,301056
46,126,2048,304128
46,41,3072,304128
46,125,3072,304128
46,61,4096,304128
46,61,5120,304128
46,125,5120,304128
46,36,6144,304128
46,36,7168,304128
46,72,7168,304128
46,110,7168,304128
46,36,8192,304128
46,109,8192,304128
46,126,9216,304128
46,110,10240,304128
126,41,1024,306176
126,125,1024,306176
126,61,2048,306176
126,61,3072,306176
126,125,3072,306176
126,36,4096,306176
126,36,5120,306176
126,72,5120,306176
126,110,5120,306176
126,36,6144,306176
126,109,6144,306176
126,126,7168,306176
126,110,8192,306176
126,31,9216,306176
41,125,0,307200
41,61,1024,307200
41,61,2048,307200
41,125,2048,307200
41,36,3072,307200
41,36,4096,307200
41,72,4096,307200
41,110,4096,307200
41,36,5120,307200
41,109,5120,307200
41,126,6144,307200
41,110,7168,307200
41,31,8192,307200
41,124,8192,307200
125,61,1024,307200
125,61,2048,307200
125,125,2048,307200
125,36,3072,307200
125,36,4096,307200
125,72,4096,307200
125,110,4096,307200
125,36,5120,307200
125,109,5120,307200
125,126,6144,307200
125,110,7168,307200
125,31,8192,307200
125,124,8192,307200
125,31,9216,307200
61,61,1024,308224
61,125,1024,308224
61,36,2048,308224
61,36,3072,308224
61,72,3072,308224
61,110,3072,308224
61,36,4096,308224
61,109,4096,308224
61,126,5120,308224
61,110,6144,308224
61,31,7168,308224
61,124,7168,308224
61,31,8192,308224
61,31,9216,308224
61,125,0,309248
61,36,1024,309248
61,36,2048,309248
61,72,2048,309248
61,110,2048,309248
61,36,3072,309248
61,109,3072,309248
61,126,4096,309248
61,110,5120,309248
61,31,6144,309248
61,124,6144,309248
61,31,7168,309248
61,31,8192,309248
61,61,10240,309248
125,36,1024,309248
125,36,2048,309248
125,72,2048,309248
125,110,2048,309248
125,36,3072,309248
125,109,3072,309248
125,126,4096,309248
125,110,5120,309248
125,31,6144,309248
125,124,6144,309248
125,31,7168,309248
125,31,8192,309248
125,61,10240,309248
125,61,11264,309248
36,36,1024,310272
36,72,1024,310272
36,110,1024,310272
36,36,2048,310272
36,109,2048,310272
36,126,3072,310272
36,110,4096,310272
36,31,5120,310272
36,124,5120,310272
36,31,6144,310272
36,31,7168,310272
36,61,9216,310272
36,61,10240,310272
36,163,10240,310272
36,72,0,311296
36,110,0,311296
36,36,1024,311296
36,109,1024,311296
36,126,2048,311296
36,110,3072,311296
36,31,4096,311296
36,124,4096,311296
36,31,5120,311296
36,31,6144,311296
36,61,8192,311296
36,61,9216,311296
36,163,9216,311296
72,110,0,311296
72,36,1024,311296
72,109,1024,311296
72,126,2048,311296
72,110,3072,311296
72,31,4096,311296
72,124,4096,311296
72,31,5120,311296
72,31,6144,311296
72,61,8192,311296
72,61,9216,311296
72,163,9216,311296
110,36,1024,311296
110,109,1024,311296
110,126,2048,311296
110,110,3072,311296
110,31,4096,311296
110,124,4096,311296
110,31,5120,311296
110,31,6144,311296
110,61,8192,311296
110,61,9216,311296
110,163,9216,311296
36,109,0,312320
36,126,1024,312320
36,110,2048,312320
36,31,3072,312320
36,124,3072,312320
36,31,4096,312320
36,31,5120,312320
36,61,7168,312320
36,61,8192,312320
36,163,8192,312320
109,126,1024,312320
109,110,2048,312320
109,31,3072,312320
109,124,3072,312320
109,31,4096,312320
109,31,5120,312320
109,61,7168,312320
109,61,8192,312320
109,163,8192,312320
126,110,1024,313344
126,31,2048,313344
126,124,2048,313344
126,31,3072,313344
126,31,4096,313344
126,61,6144,313344
126,61,7168,313344
126,163,7168,313344
110,31,1024,314368
110,124,1024,314368
110,31,2048,314368
110,31,3072,314368
110,61,5120,314368
110,61,6144,314368
110,163,6144,314368
31,124,0,315392
31,31,1024,315392
31,31,2048,315392
31,61,4096,315392
31,61,5120,315392
31,163,5120,315392
124,31,1024,315392
124,31,2048,315392
124,61,4096,315392
124,61,5120,315392
124,163,5120,315392
31,31,1024,316416
31,61,3072,316416
31,61,4096,316416
31,163,4096,316416
31,61,2048,317440
31,61,3072,317440
31,163,3072,317440
61,61,1024,319488
61,163,1024,319488
61,163,0,320512
