69,68,1024,0
69,68,2048,0
69,69,3072,0
69,51,4096,0
69,51,5120,0
69,51,6144,0
69,51,7168,0
69,39,8192,0
69,39,9216,0
69,69,10240,0
69,69,11264,0
69,69,12288,0
69,57,13312,0
69,57,14336,0
68,68,1024,1024
68,69,2048,1024
68,51,3072,1024
68,51,4096,1024
68,51,5120,1024
68,51,6144,1024
68,39,7168,1024
68,39,8192,1024
68,69,9216,1024
68,69,10240,1024
68,69,11264,1024
68,57,12288,1024
68,57,13312,1024
68,57,14336,1024
68,69,1024,2048
68,51,2048,2048
68,51,3072,2048
68,51,4096,2048
68,51,5120,2048
68,39,6144,2048
68,39,7168,2048
68,69,8192,2048
68,69,9216,2048
68,69,10240,2048
68,57,11264,2048
68,57,12288,2048
68,57,13312,2048
68,57,14336,2048
69,51,1024,3072
69,51,2048,3072
69,51,3072,3072
69,51,4096,3072
69,39,5120,3072
69,39,6144,3072
69,69,7168,3072
69,69,8192,3072
69,69,9216,3072
69,57,10240,3072
69,57,11264,3072
69,57,12288,3072
69,57,13312,3072
69,57,14336,3072
51,51,1024,4096
51,51,2048,4096
51,51,3072,4096
51,39,4096,4096
51,39,5120,4096
51,69,6144,4096
51,69,7168,4096
51,69,8192,4096
51,57,9216,4096
51,57,10240,4096
51,57,11264,4096
51,57,12288,4096
51,57,13312,4096
51,57,14336,4096
51,51,1024,5120
51,51,2048,5120
51,39,3072,5120
51,39,4096,5120
51,69,5120,5120
51,69,6144,5120
51,69,7168,5120
51,57,8192,5120
51,57,9216,5120
51,57,10240,5120
51,57,11264,5120
51,57,12288,5120
51,57,13312,5120
51,157,16384,5120
51,51,1024,6144
51,39,2048,6144
51,39,3072,6144
51,69,4096,6144
51,69,5120,6144
51,69,6144,6144
51,57,7168,6144
51,57,8192,6144
51,57,9216,6144
51,57,10240,6144
51,57,11264,6144
51,57,12288,6144
51,157,15360,6144
51,68,17408,6144
51,39,1024,7168
51,39,2048,7168
51,69,3072,7168
51,69,4096,7168
51,69,5120,7168
51,57,6144,7168
51,57,7168,7168
51,57,8192,7168
51,57,9216,7168
51,57,10240,7168
51,57,11264,7168
51,157,14336,7168
51,68,16384,7168
51,69,17408,7168
39,39,1024,8192
39,69,2048,8192
39,69,3072,8192
39,69,4096,8192
39,57,5120,8192
39,57,6144,8192
39,57,7168,8192
39,57,8192,8192
39,57,9216,8192
39,57,10240,8192
39,157,13312,8192
39,68,15360,8192
39,69,16384,8192
39,69,17408,8192
39,69,1024,9216
39,69,2048,9216
39,69,3072,9216
39,57,4096,9216
39,57,5120,9216
39,57,6144,9216
39,57,7168,9216
39,57,8192,9216
39,57,9216,9216
39,157,12288,9216
39,68,14336,9216
39,69,15360,9216
39,69,16384,9216
39,69,17408,9216
69,69,1024,10240
69,69,2048,10240
69,57,3072,10240
69,57,4096,10240
69,57,5120,10240
69,57,6144,10240
69,57,7168,10240
69,57,8192,10240
69,157,11264,10240
69,68,13312,10240
69,69,14336,10240
69,69,15360,10240
69,69,16384,10240
69,70,17408,10240
69,69,1024,11264
69,57,2048,11264
69,57,3072,11264
69,57,4096,11264
69,57,5120,11264
69,57,6144,11264
69,57,7168,11264
69,157,10240,11264
69,68,12288,11264
69,69,13312,11264
69,69,14336,11264
69,69,15360,11264
69,70,16384,11264
69,70,17408,11264
69,57,1024,12288
69,57,2048,12288
69,57,3072,12288
69,57,4096,12288
69,57,5120,12288
69,57,6144,12288
69,157,9216,12288
69,68,11264,12288
69,69,12288,12288
69,69,13312,12288
69,69,14336,12288
69,70,15360,12288
69,70,16384,12288
69,38,17408,12288
57,57,1024,13312
57,57,2048,13312
57,57,3072,13312
57,57,4096,13312
57,57,5120,13312
57,157,8192,13312
57,68,10240,13312
57,69,11264,13312
57,69,12288,13312
57,69,13312,13312
57,70,14336,13312
57,70,15360,13312
57,38,16384,13312
57,38,17408,13312
57,57,1024,14336
57,57,2048,14336
57,57,3072,14336
57,57,4096,14336
57,157,7168,14336
57,68,9216,14336
57,69,10240,14336
57,69,11264,14336
57,69,12288,14336
57,70,13312,14336
57,70,14336,14336
57,38,15360,14336
57,38,16384,14336
57,39,17408,14336
57,57,1024,15360
57,57,2048,15360
57,57,3072,15360
57,157,6144,15360
57,68,8192,15360
57,69,9216,15360
57,69,10240,15360
57,69,11264,15360
57,70,12288,15360
57,70,13312,15360
57,38,14336,15360
57,38,15360,15360
57,39,16384,15360
57,39,17408,15360
57,57,1024,16384
57,57,2048,16384
57,157,5120,16384
57,68,7168,16384
57,69,8192,16384
57,69,9216,16384
57,69,10240,16384
57,70,11264,16384
57,70,12288,16384
57,38,13312,16384
57,38,14336,16384
57,39,15360,16384
57,39,16384,16384
57,52,17408,16384
57,57,1024,17408
57,157,4096,17408
57,68,6144,17408
57,69,7168,17408
57,69,8192,17408
57,69,9216,17408
57,70,10240,17408
57,70,11264,17408
57,38,12288,17408
57,38,13312,17408
57,39,14336,17408
57,39,15360,17408
57,52,16384,17408
57,52,17408,17408
57,157,3072,18432
57,68,5120,18432
57,69,6144,18432
57,69,7168,18432
57,69,8192,18432
57,70,9216,18432
57,70,10240,18432
57,38,11264,18432
57,38,12288,18432
57,39,13312,18432
57,39,14336,18432
57,52,15360,18432
57,52,16384,18432
57,52,17408,18432
157,68,2048,21504
157,69,3072,21504
157,69,4096,21504
157,69,5120,21504
157,70,6144,21504
157,70,7168,21504
157,38,8192,21504
157,38,9216,21504
157,39,10240,21504
157,39,11264,21504
157,52,12288,21504
157,52,13312,21504
157,52,14336,21504
157,51,15360,21504
68,69,1024,23552
68,69,2048,23552
68,69,3072,23552
68,70,4096,23552
68,70,5120,23552
68,38,6144,23552
68,38,7168,23552
68,39,8192,23552
68,39,9216,23552
68,52,10240,23552
68,52,11264,23552
68,52,12288,23552
68,51,13312,23552
68,39,14336,23552
69,69,1024,24576
69,69,2048,24576
69,70,3072,24576
69,70,4096,24576
69,38,5120,24576
69,38,6144,24576
69,39,7168,24576
69,39,8192,24576
69,52,9216,24576
69,52,10240,24576
69,52,11264,24576
69,51,12288,24576
69,39,13312,24576
69,55,14336,24576
69,69,1024,25600
69,70,2048,25600
69,70,3072,25600
69,38,4096,25600
69,38,5120,25600
69,39,6144,25600
69,39,7168,25600
69,52,8192,25600
69,52,9216,25600
69,52,10240,25600
69,51,11264,25600
69,39,12288,25600
69,55,13312,25600
69,55,14336,25600
69,70,1024,26624
69,70,2048,26624
69,38,3072,26624
69,38,4096,26624
69,39,5120,26624
69,39,6144,26624
69,52,7168,26624
69,52,8192,26624
69,52,9216,26624
69,51,10240,26624
69,39,11264,26624
69,55,12288,26624
69,55,13312,26624
69,55,14336,26624
70,70,1024,27648
70,38,2048,27648
70,38,3072,27648
70,39,4096,27648
70,39,5120,27648
70,52,6144,27648
70,52,7168,27648
70,52,8192,27648
70,51,9216,27648
70,39,10240,27648
70,55,11264,27648
70,55,12288,27648
70,55,13312,27648
70,55,14336,27648
70,38,1024,28672
70,38,2048,28672
70,39,3072,28672
70,39,4096,28672
70,52,5120,28672
70,52,6144,28672
70,52,7168,28672
70,51,8192,28672
70,39,9216,28672
70,55,10240,28672
70,55,11264,28672
70,55,12288,28672
70,55,13312,28672
70,58,14336,28672
38,38,1024,29696
38,39,2048,29696
38,39,3072,29696
38,52,4096,29696
38,52,5120,29696
38,52,6144,29696
38,51,7168,29696
38,39,8192,29696
38,55,9216,29696
38,55,10240,29696
38,55,11264,29696
38,55,12288,29696
38,58,13312,29696
38,58,14336,29696
38,39,1024,30720
38,39,2048,30720
38,52,3072,30720
38,52,4096,30720
38,52,5120,30720
38,51,6144,30720
38,39,7168,30720
38,55,8192,30720
38,55,9216,30720
38,55,10240,30720
38,55,11264,30720
38,58,12288,30720
38,58,13312,30720
38,58,14336,30720
39,39,1024,31744
39,52,2048,31744
39,52,3072,31744
39,52,4096,31744
39,51,5120,31744
39,39,6144,31744
39,55,7168,31744
39,55,8192,31744
39,55,9216,31744
39,55,10240,31744
39,58,11264,31744
39,58,12288,31744
39,58,13312,31744
39,68,14336,31744
39,52,1024,32768
39,52,2048,32768
39,52,3072,32768
39,51,4096,32768
39,39,5120,32768
39,55,6144,32768
39,55,7168,32768
39,55,8192,32768
39,55,9216,32768
39,58,10240,32768
39,58,11264,32768
39,58,12288,32768
39,68,13312,32768
39,62,14336,32768
52,52,1024,33792
52,52,2048,33792
52,51,3072,33792
52,39,4096,33792
52,55,5120,33792
52,55,6144,33792
52,55,7168,33792
52,55,8192,33792
52,58,9216,33792
52,58,10240,33792
52,58,11264,33792
52,68,12288,33792
52,62,13312,33792
52,173,14336,33792
52,52,1024,34816
52,51,2048,34816
52,39,3072,34816
52,55,4096,34816
52,55,5120,34816
52,55,6144,34816
52,55,7168,34816
52,58,8192,34816
52,58,9216,34816
52,58,10240,34816
52,68,11264,34816
52,62,12288,34816
52,173,13312,34816
52,328,14336,34816
52,51,1024,35840
52,39,2048,35840
52,55,3072,35840
52,55,4096,35840
52,55,5120,35840
52,55,6144,35840
52,58,7168,35840
52,58,8192,35840
52,58,9216,35840
52,68,10240,35840
52,62,11264,35840
52,173,12288,35840
52,328,13312,35840
52,165,15360,35840
51,39,1024,36864
51,55,2048,36864
51,55,3072,36864
51,55,4096,36864
51,55,5120,36864
51,58,6144,36864
51,58,7168,36864
51,58,8192,36864
51,68,9216,36864
51,62,10240,36864
51,173,11264,36864
51,328,12288,36864
51,165,14336,36864
51,165,15360,36864
39,55,1024,37888
39,55,2048,37888
39,55,3072,37888
39,55,4096,37888
39,58,5120,37888
39,58,6144,37888
39,58,7168,37888
39,68,8192,37888
39,62,9216,37888
39,173,10240,37888
39,328,11264,37888
39,165,13312,37888
39,165,14336,37888
39,158,16384,37888
55,55,1024,38912
55,55,2048,38912
55,55,3072,38912
55,58,4096,38912
55,58,5120,38912
55,58,6144,38912
55,68,7168,38912
55,62,8192,38912
55,173,9216,38912
55,328,10240,38912
55,165,12288,38912
55,165,13312,38912
55,158,15360,38912
55,55,1024,39936
55,55,2048,39936
55,58,3072,39936
55,58,4096,39936
55,58,5120,39936
55,68,6144,39936
55,62,7168,39936
55,173,8192,39936
55,328,9216,39936
55,165,11264,39936
55,165,12288,39936
55,158,14336,39936
55,55,1024,40960
55,58,2048,40960
55,58,3072,40960
55,58,4096,40960
55,68,5120,40960
55,62,6144,40960
55,173,7168,40960
55,328,8192,40960
55,165,10240,40960
55,165,11264,40960
55,158,13312,40960
55,58,1024,41984
55,58,2048,41984
55,58,3072,41984
55,68,4096,41984
55,62,5120,41984
55,173,6144,41984
55,328,7168,41984
55,165,9216,41984
55,165,10240,41984
55,158,12288,41984
58,58,1024,43008
58,58,2048,43008
58,68,3072,43008
58,62,4096,43008
58,173,5120,43008
58,328,6144,43008
58,165,8192,43008
58,165,9216,43008
58,158,11264,43008
58,58,1024,44032
58,68,2048,44032
58,62,3072,44032
58,173,4096,44032
58,328,5120,44032
58,165,7168,44032
58,165,8192,44032
58,158,10240,44032
58,68,1024,45056
58,62,2048,45056
58,173,3072,45056
58,328,4096,45056
58,165,6144,45056
58,165,7168,45056
58,158,9216,45056
68,62,1024,46080
68,173,2048,46080
68,328,3072,46080
68,165,5120,46080
68,165,6144,46080
68,158,8192,46080
62,173,1024,47104
62,328,2048,47104
62,165,4096,47104
62,165,5120,47104
62,158,7168,47104
173,328,1024,48128
173,165,3072,48128
173,165,4096,48128
173,158,6144,48128
328,165,2048,49152
328,165,3072,49152
328,158,5120,49152
165,165,1024,51200
165,158,3072,51200
165,39,19456,51200
165,39,20480,51200
165,158,2048,52224
165,39,18432,52224
165,39,19456,52224
158,39,16384,54272
158,39,17408,54272
158,39,19456,54272
158,39,20480,54272
39,39,1024,70656
39,39,3072,70656
39,39,4096,70656
39,38,5120,70656
39,38,6144,70656
39,77,7168,70656
39,146,10240,70656
39,146,11264,70656
39,55,12288,70656
39,55,13312,70656
39,55,14336,70656
39,68,15360,70656
39,69,16384,70656
39,68,17408,70656
39,39,2048,71680
39,39,3072,71680
39,38,4096,71680
39,38,5120,71680
39,77,6144,71680
39,146,9216,71680
39,146,10240,71680
39,55,11264,71680
39,55,12288,71680
39,55,13312,71680
39,68,14336,71680
39,69,15360,71680
39,68,16384,71680
39,67,17408,71680
39,39,1024,73728
39,38,2048,73728
39,38,3072,73728
39,77,4096,73728
39,146,7168,73728
39,146,8192,73728
39,55,9216,73728
39,55,10240,73728
39,55,11264,73728
39,68,12288,73728
39,69,13312,73728
39,68,14336,73728
39,67,15360,73728
39,68,16384,73728
39,38,1024,74752
39,38,2048,74752
39,77,3072,74752
39,146,6144,74752
39,146,7168,74752
39,55,8192,74752
39,55,9216,74752
39,55,10240,74752
39,68,11264,74752
39,69,12288,74752
39,68,13312,74752
39,67,14336,74752
39,68,15360,74752
39,69,16384,74752
38,38,1024,75776
38,77,2048,75776
38,146,5120,75776
38,146,6144,75776
38,55,7168,75776
38,55,8192,75776
38,55,9216,75776
38,68,10240,75776
38,69,11264,75776
38,68,12288,75776
38,67,13312,75776
38,68,14336,75776
38,69,15360,75776
38,69,16384,75776
38,77,1024,76800
38,146,4096,76800
38,146,5120,76800
38,55,6144,76800
38,55,7168,76800
38,55,8192,76800
38,68,9216,76800
38,69,10240,76800
38,68,11264,76800
38,67,12288,76800
38,68,13312,76800
38,69,14336,76800
38,69,15360,76800
38,69,16384,76800
77,146,3072,77824
77,146,4096,77824
77,55,5120,77824
77,55,6144,77824
77,55,7168,77824
77,68,8192,77824
77,69,9216,77824
77,68,10240,77824
77,67,11264,77824
77,68,12288,77824
77,69,13312,77824
77,69,14336,77824
77,69,15360,77824
77,45,17408,77824
146,146,1024,80896
146,55,2048,80896
146,55,3072,80896
146,55,4096,80896
146,68,5120,80896
146,69,6144,80896
146,68,7168,80896
146,67,8192,80896
146,68,9216,80896
146,69,10240,80896
146,69,11264,80896
146,69,12288,80896
146,45,14336,80896
146,45,15360,80896
146,55,1024,81920
146,55,2048,81920
146,55,3072,81920
146,68,4096,81920
146,69,5120,81920
146,68,6144,81920
146,67,7168,81920
146,68,8192,81920
146,69,9216,81920
146,69,10240,81920
146,69,11264,81920
146,45,13312,81920
146,45,14336,81920
146,45,15360,81920
55,55,1024,82944
55,55,2048,82944
55,68,3072,82944
55,69,4096,82944
55,68,5120,82944
55,67,6144,82944
55,68,7168,82944
55,69,8192,82944
55,69,9216,82944
55,69,10240,82944
55,45,12288,82944
55,45,13312,82944
55,45,14336,82944
55,45,15360,82944
55,55,1024,83968
55,68,2048,83968
55,69,3072,83968
55,68,4096,83968
55,67,5120,83968
55,68,6144,83968
55,69,7168,83968
55,69,8192,83968
55,69,9216,83968
55,45,11264,83968
55,45,12288,83968
55,45,13312,83968
55,45,14336,83968
55,45,15360,83968
55,68,1024,84992
55,69,2048,84992
55,68,3072,84992
55,67,4096,84992
55,68,5120,84992
55,69,6144,84992
55,69,7168,84992
55,69,8192,84992
55,45,10240,84992
55,45,11264,84992
55,45,12288,84992
55,45,13312,84992
55,45,14336,84992
55,45,15360,84992
68,69,1024,86016
68,68,2048,86016
68,67,3072,86016
68,68,4096,86016
68,69,5120,86016
68,69,6144,86016
68,69,7168,86016
68,45,9216,86016
68,45,10240,86016
68,45,11264,86016
68,45,12288,86016
68,45,13312,86016
68,45,14336,86016
68,45,15360,86016
69,68,1024,87040
69,67,2048,87040
69,68,3072,87040
69,69,4096,87040
69,69,5120,87040
69,69,6144,87040
69,45,8192,87040
69,45,9216,87040
69,45,10240,87040
69,45,11264,87040
69,45,12288,87040
69,45,13312,87040
69,45,14336,87040
69,151,15360,87040
68,67,1024,88064
68,68,2048,88064
68,69,3072,88064
68,69,4096,88064
68,69,5120,88064
68,45,7168,88064
68,45,8192,88064
68,45,9216,88064
68,45,10240,88064
68,45,11264,88064
68,45,12288,88064
68,45,13312,88064
68,151,14336,88064
68,69,15360,88064
67,68,1024,89088
67,69,2048,89088
67,69,3072,89088
67,69,4096,89088
67,45,6144,89088
67,45,7168,89088
67,45,8192,89088
67,45,9216,89088
67,45,10240,89088
67,45,11264,89088
67,45,12288,89088
67,151,13312,89088
67,69,14336,89088
67,65,15360,89088
68,69,1024,90112
68,69,2048,90112
68,69,3072,90112
68,45,5120,90112
68,45,6144,90112
68,45,7168,90112
68,45,8192,90112
68,45,9216,90112
68,45,10240,90112
68,45,11264,90112
68,151,12288,90112
68,69,13312,90112
68,65,14336,90112
68,131,15360,90112
69,69,1024,91136
69,69,2048,91136
69,45,4096,91136
69,45,5120,91136
69,45,6144,91136
69,45,7168,91136
69,45,8192,91136
69,45,9216,91136
69,45,10240,91136
69,151,11264,91136
69,69,12288,91136
69,65,13312,91136
69,131,14336,91136
69,65,15360,91136
69,69,1024,92160
69,45,3072,92160
69,45,4096,92160
69,45,5120,92160
69,45,6144,92160
69,45,7168,92160
69,45,8192,92160
69,45,9216,92160
69,151,10240,92160
69,69,11264,92160
69,65,12288,92160
69,131,13312,92160
69,65,14336,92160
69,63,15360,92160
69,45,2048,93184
69,45,3072,93184
69,45,4096,93184
69,45,5120,93184
69,45,6144,93184
69,45,7168,93184
69,45,8192,93184
69,151,9216,93184
69,69,10240,93184
69,65,11264,93184
69,131,12288,93184
69,65,13312,93184
69,63,14336,93184
69,63,15360,93184
45,45,1024,95232
45,45,2048,95232
45,45,3072,95232
45,45,4096,95232
45,45,5120,95232
45,45,6144,95232
45,151,7168,95232
45,69,8192,95232
45,65,9216,95232
45,131,10240,95232
45,65,11264,95232
45,63,12288,95232
45,63,13312,95232
45,68,14336,95232
45,45,1024,96256
45,45,2048,96256
45,45,3072,96256
45,45,4096,96256
45,45,5120,96256
45,151,6144,96256
45,69,7168,96256
45,65,8192,96256
45,131,9216,96256
45,65,10240,96256
45,63,11264,96256
45,63,12288,96256
45,68,13312,96256
45,68,14336,96256
45,45,1024,97280
45,45,2048,97280
45,45,3072,97280
45,45,4096,97280
45,151,5120,97280
45,69,6144,97280
45,65,7168,97280
45,131,8192,97280
45,65,9216,97280
45,63,10240,97280
45,63,11264,97280
45,68,12288,97280
45,68,13312,97280
45,69,14336,97280
45,45,1024,98304
45,45,2048,98304
45,45,3072,98304
45,151,4096,98304
45,69,5120,98304
45,65,6144,98304
45,131,7168,98304
45,65,8192,98304
45,63,9216,98304
45,63,10240,98304
45,68,11264,98304
45,68,12288,98304
45,69,13312,98304
45,69,14336,98304
45,45,1024,99328
45,45,2048,99328
45,151,3072,99328
45,69,4096,99328
45,65,5120,99328
45,131,6144,99328
45,65,7168,99328
45,63,8192,99328
45,63,9216,99328
45,68,10240,99328
45,68,11264,99328
45,69,12288,99328
45,69,13312,99328
45,68,14336,99328
45,45,1024,100352
45,151,2048,100352
45,69,3072,100352
45,65,4096,100352
45,131,5120,100352
45,65,6144,100352
45,63,7168,100352
45,63,8192,100352
45,68,9216,100352
45,68,10240,100352
45,69,11264,100352
45,69,12288,100352
45,68,13312,100352
45,69,14336,100352
45,151,1024,101376
45,69,2048,101376
45,65,3072,101376
45,131,4096,101376
45,65,5120,101376
45,63,6144,101376
45,63,7168,101376
45,68,8192,101376
45,68,9216,101376
45,69,10240,101376
45,69,11264,101376
45,68,12288,101376
45,69,13312,101376
45,69,14336,101376
151,69,1024,102400
151,65,2048,102400
151,131,3072,102400
151,65,4096,102400
151,63,5120,102400
151,63,6144,102400
151,68,7168,102400
151,68,8192,102400
151,69,9216,102400
151,69,10240,102400
151,68,11264,102400
151,69,12288,102400
151,69,13312,102400
151,68,17408,102400
69,65,1024,103424
69,131,2048,103424
69,65,3072,103424
69,63,4096,103424
69,63,5120,103424
69,68,6144,103424
69,68,7168,103424
69,69,8192,103424
69,69,9216,103424
69,68,10240,103424
69,69,11264,103424
69,69,12288,103424
69,68,16384,103424
69,68,17408,103424
65,131,1024,104448
65,65,2048,104448
65,63,3072,104448
65,63,4096,104448
65,68,5120,104448
65,68,6144,104448
65,69,7168,104448
65,69,8192,104448
65,68,9216,104448
65,69,10240,104448
65,69,11264,104448
65,68,15360,104448
65,68,16384,104448
65,68,17408,104448
131,65,1024,105472
131,63,2048,105472
131,63,3072,105472
131,68,4096,105472
131,68,5120,105472
131,69,6144,105472
131,69,7168,105472
131,68,8192,105472
131,69,9216,105472
131,69,10240,105472
131,68,14336,105472
131,68,15360,105472
131,68,16384,105472
131,68,17408,105472
65,63,1024,106496
65,63,2048,106496
65,68,3072,106496
65,68,4096,106496
65,69,5120,106496
65,69,6144,106496
65,68,7168,106496
65,69,8192,106496
65,69,9216,106496
65,68,13312,106496
65,68,14336,106496
65,68,15360,106496
65,68,16384,106496
65,69,17408,106496
63,63,1024,107520
63,68,2048,107520
63,68,3072,107520
63,69,4096,107520
63,69,5120,107520
63,68,6144,107520
63,69,7168,107520
63,69,8192,107520
63,68,12288,107520
63,68,13312,107520
63,68,14336,107520
63,68,15360,107520
63,69,16384,107520
63,60,17408,107520
63,68,1024,108544
63,68,2048,108544
63,69,3072,108544
63,69,4096,108544
63,68,5120,108544
63,69,6144,108544
63,69,7168,108544
63,68,11264,108544
63,68,12288,108544
63,68,13312,108544
63,68,14336,108544
63,69,15360,108544
63,60,16384,108544
63,62,17408,108544
68,68,1024,109568
68,69,2048,109568
68,69,3072,109568
68,68,4096,109568
68,69,5120,109568
68,69,6144,109568
68,68,10240,109568
68,68,11264,109568
68,68,12288,109568
68,68,13312,109568
68,69,14336,109568
68,60,15360,109568
68,62,16384,109568
68,62,17408,109568
68,69,1024,110592
68,69,2048,110592
68,68,3072,110592
68,69,4096,110592
68,69,5120,110592
68,68,9216,110592
68,68,10240,110592
68,68,11264,110592
68,68,12288,110592
68,69,13312,110592
68,60,14336,110592
68,62,15360,110592
68,62,16384,110592
68,62,17408,110592
69,69,1024,111616
69,68,2048,111616
69,69,3072,111616
69,69,4096,111616
69,68,8192,111616
69,68,9216,111616
69,68,10240,111616
69,68,11264,111616
69,69,12288,111616
69,60,13312,111616
69,62,14336,111616
69,62,15360,111616
69,62,16384,111616
69,62,17408,111616
69,68,1024,112640
69,69,2048,112640
69,69,3072,112640
69,68,7168,112640
69,68,8192,112640
69,68,9216,112640
69,68,10240,112640
69,69,11264,112640
69,60,12288,112640
69,62,13312,112640
69,62,14336,112640
69,62,15360,112640
69,62,16384,112640
69,69,17408,112640
68,69,1024,113664
68,69,2048,113664
68,68,6144,113664
68,68,7168,113664
68,68,8192,113664
68,68,9216,113664
68,69,10240,113664
68,60,11264,113664
68,62,12288,113664
68,62,13312,113664
68,62,14336,113664
68,62,15360,113664
68,69,16384,113664
68,69,17408,113664
69,69,1024,114688
69,68,5120,114688
69,68,6144,114688
69,68,7168,114688
69,68,8192,114688
69,69,9216,114688
69,60,10240,114688
69,62,11264,114688
69,62,12288,114688
69,62,13312,114688
69,62,14336,114688
69,69,15360,114688
69,69,16384,114688
69,62,17408,114688
69,68,4096,115712
69,68,5120,115712
69,68,6144,115712
69,68,7168,115712
69,69,8192,115712
69,60,9216,115712
69,62,10240,115712
69,62,11264,115712
69,62,12288,115712
69,62,13312,115712
69,69,14336,115712
69,69,15360,115712
69,62,16384,115712
69,62,17408,115712
68,68,1024,119808
68,68,2048,119808
68,68,3072,119808
68,69,4096,119808
68,60,5120,119808
68,62,6144,119808
68,62,7168,119808
68,62,8192,119808
68,62,9216,119808
68,69,10240,119808
68,69,11264,119808
68,62,12288,119808
68,62,13312,119808
68,62,14336,119808
68,68,1024,120832
68,68,2048,120832
68,69,3072,120832
68,60,4096,120832
68,62,5120,120832
68,62,6144,120832
68,62,7168,120832
68,62,8192,120832
68,69,9216,120832
68,69,10240,120832
68,62,11264,120832
68,62,12288,120832
68,62,13312,120832
68,62,14336,120832
68,68,1024,121856
68,69,2048,121856
68,60,3072,121856
68,62,4096,121856
68,62,5120,121856
68,62,6144,121856
68,62,7168,121856
68,69,8192,121856
68,69,9216,121856
68,62,10240,121856
68,62,11264,121856
68,62,12288,121856
68,62,13312,121856
68,98,14336,121856
68,69,1024,122880
68,60,2048,122880
68,62,3072,122880
68,62,4096,122880
68,62,5120,122880
68,62,6144,122880
68,69,7168,122880
68,69,8192,122880
68,62,9216,122880
68,62,10240,122880
68,62,11264,122880
68,62,12288,122880
68,98,13312,122880
68,68,14336,122880
69,60,1024,123904
69,62,2048,123904
69,62,3072,123904
69,62,4096,123904
69,62,5120,123904
69,69,6144,123904
69,69,7168,123904
69,62,8192,123904
69,62,9216,123904
69,62,10240,123904
69,62,11264,123904
69,98,12288,123904
69,68,13312,123904
69,69,14336,123904
60,62,1024,124928
60,62,2048,124928
60,62,3072,124928
60,62,4096,124928
60,69,5120,124928
60,69,6144,124928
60,62,7168,124928
60,62,8192,124928
60,62,9216,124928
60,62,10240,124928
60,98,11264,124928
60,68,12288,124928
60,69,13312,124928
60,68,14336,124928
62,62,1024,125952
62,62,2048,125952
62,62,3072,125952
62,69,4096,125952
62,69,5120,125952
62,62,6144,125952
62,62,7168,125952
62,62,8192,125952
62,62,9216,125952
62,98,10240,125952
62,68,11264,125952
62,69,12288,125952
62,68,13312,125952
62,68,14336,125952
62,62,1024,126976
62,62,2048,126976
62,69,3072,126976
62,69,4096,126976
62,62,5120,126976
62,62,6144,126976
62,62,7168,126976
62,62,8192,126976
62,98,9216,126976
62,68,10240,126976
62,69,11264,126976
62,68,12288,126976
62,68,13312,126976
62,92,14336,126976
62,62,1024,128000
62,69,2048,128000
62,69,3072,128000
62,62,4096,128000
62,62,5120,128000
62,62,6144,128000
62,62,7168,128000
62,98,8192,128000
62,68,9216,128000
62,69,10240,128000
62,68,11264,128000
62,68,12288,128000
62,92,13312,128000
62,92,14336,128000
62,69,1024,129024
62,69,2048,129024
62,62,3072,129024
62,62,4096,129024
62,62,5120,129024
62,62,6144,129024
62,98,7168,129024
62,68,8192,129024
62,69,9216,129024
62,68,10240,129024
62,68,11264,129024
62,92,12288,129024
62,92,13312,129024
62,62,14336,129024
69,69,1024,130048
69,62,2048,130048
69,62,3072,130048
69,62,4096,130048
69,62,5120,130048
69,98,6144,130048
69,68,7168,130048
69,69,8192,130048
69,68,9216,130048
69,68,10240,130048
69,92,11264,130048
69,92,12288,130048
69,62,13312,130048
69,163,14336,130048
69,62,1024,131072
69,62,2048,131072
69,62,3072,131072
69,62,4096,131072
69,98,5120,131072
69,68,6144,131072
69,69,7168,131072
69,68,8192,131072
69,68,9216,131072
69,92,10240,131072
69,92,11264,131072
69,62,12288,131072
69,163,13312,131072
69,59,14336,131072
62,62,1024,132096
62,62,2048,132096
62,62,3072,132096
62,98,4096,132096
62,68,5120,132096
62,69,6144,132096
62,68,7168,132096
62,68,8192,132096
62,92,9216,132096
62,92,10240,132096
62,62,11264,132096
62,163,12288,132096
62,59,13312,132096
62,152,14336,132096
62,62,1024,133120
62,62,2048,133120
62,98,3072,133120
62,68,4096,133120
62,69,5120,133120
62,68,6144,133120
62,68,7168,133120
62,92,8192,133120
62,92,9216,133120
62,62,10240,133120
62,163,11264,133120
62,59,12288,133120
62,152,13312,133120
62,76,14336,133120
62,62,1024,134144
62,98,2048,134144
62,68,3072,134144
62,69,4096,134144
62,68,5120,134144
62,68,6144,134144
62,92,7168,134144
62,92,8192,134144
62,62,9216,134144
62,163,10240,134144
62,59,11264,134144
62,152,12288,134144
62,76,13312,134144
62,82,14336,134144
62,98,1024,135168
62,68,2048,135168
62,69,3072,135168
62,68,4096,135168
62,68,5120,135168
62,92,6144,135168
62,92,7168,135168
62,62,8192,135168
62,163,9216,135168
62,59,10240,135168
62,152,11264,135168
62,76,12288,135168
62,82,13312,135168
62,68,14336,135168
98,68,1024,136192
98,69,2048,136192
98,68,3072,136192
98,68,4096,136192
98,92,5120,136192
98,92,6144,136192
98,62,7168,136192
98,163,8192,136192
98,59,9216,136192
98,152,10240,136192
98,76,11264,136192
98,82,12288,136192
98,68,13312,136192
98,82,14336,136192
68,69,1024,137216
68,68,2048,137216
68,68,3072,137216
68,92,4096,137216
68,92,5120,137216
68,62,6144,137216
68,163,7168,137216
68,59,8192,137216
68,152,9216,137216
68,76,10240,137216
68,82,11264,137216
68,68,12288,137216
68,82,13312,137216
68,173,14336,137216
69,68,1024,138240
69,68,2048,138240
69,92,3072,138240
69,92,4096,138240
69,62,5120,138240
69,163,6144,138240
69,59,7168,138240
69,152,8192,138240
69,76,9216,138240
69,82,10240,138240
69,68,11264,138240
69,82,12288,138240
69,173,13312,138240
69,68,14336,138240
68,68,1024,139264
68,92,2048,139264
68,92,3072,139264
68,62,4096,139264
68,163,5120,139264
68,59,6144,139264
68,152,7168,139264
68,76,8192,139264
68,82,9216,139264
68,68,10240,139264
68,82,11264,139264
68,173,12288,139264
68,68,13312,139264
68,65,14336,139264
68,92,1024,140288
68,92,2048,140288
68,62,3072,140288
68,163,4096,140288
68,59,5120,140288
68,152,6144,140288
68,76,7168,140288
68,82,8192,140288
68,68,9216,140288
68,82,10240,140288
68,173,11264,140288
68,68,12288,140288
68,65,13312,140288
68,65,14336,140288
92,92,1024,141312
92,62,2048,141312
92,163,3072,141312
92,59,4096,141312
92,152,5120,141312
92,76,6144,141312
92,82,7168,141312
92,68,8192,141312
92,82,9216,141312
92,173,10240,141312
92,68,11264,141312
92,65,12288,141312
92,65,13312,141312
92,65,14336,141312
92,62,1024,142336
92,163,2048,142336
92,59,3072,142336
92,152,4096,142336
92,76,5120,142336
92,82,6144,142336
92,68,7168,142336
92,82,8192,142336
92,173,9216,142336
92,68,10240,142336
92,65,11264,142336
92,65,12288,142336
92,65,13312,142336
92,146,14336,142336
62,163,1024,143360
62,59,2048,143360
62,152,3072,143360
62,76,4096,143360
62,82,5120,143360
62,68,6144,143360
62,82,7168,143360
62,173,8192,143360
62,68,9216,143360
62,65,10240,143360
62,65,11264,143360
62,65,12288,143360
62,146,13312,143360
62,87,14336,143360
163,59,1024,144384
163,152,2048,144384
163,76,3072,144384
163,82,4096,144384
163,68,5120,144384
163,82,6144,144384
163,173,7168,144384
163,68,8192,144384
163,65,9216,144384
163,65,10240,144384
163,65,11264,144384
163,146,12288,144384
163,87,13312,144384
163,69,14336,144384
59,152,1024,145408
59,76,2048,145408
59,82,3072,145408
59,68,4096,145408
59,82,5120,145408
59,173,6144,145408
59,68,7168,145408
59,65,8192,145408
59,65,9216,145408
59,65,10240,145408
59,146,11264,145408
59,87,12288,145408
59,69,13312,145408
59,69,14336,145408
152,76,1024,146432
152,82,2048,146432
152,68,3072,146432
152,82,4096,146432
152,173,5120,146432
152,68,6144,146432
152,65,7168,146432
152,65,8192,146432
152,65,9216,146432
152,146,10240,146432
152,87,11264,146432
152,69,12288,146432
152,69,13312,146432
152,69,14336,146432
76,82,1024,147456
76,68,2048,147456
76,82,3072,147456
76,173,4096,147456
76,68,5120,147456
76,65,6144,147456
76,65,7168,147456
76,65,8192,147456
76,146,9216,147456
76,87,10240,147456
76,69,11264,147456
76,69,12288,147456
76,69,13312,147456
76,63,14336,147456
82,68,1024,148480
82,82,2048,148480
82,173,3072,148480
82,68,4096,148480
82,65,5120,148480
82,65,6144,148480
82,65,7168,148480
82,146,8192,148480
82,87,9216,148480
82,69,10240,148480
82,69,11264,148480
82,69,12288,148480
82,63,13312,148480
82,73,14336,148480
68,82,1024,149504
68,173,2048,149504
68,68,3072,149504
68,65,4096,149504
68,65,5120,149504
68,65,6144,149504
68,146,7168,149504
68,87,8192,149504
68,69,9216,149504
68,69,10240,149504
68,69,11264,149504
68,63,12288,149504
68,73,13312,149504
82,173,1024,150528
82,68,2048,150528
82,65,3072,150528
82,65,4096,150528
82,65,5120,150528
82,146,6144,150528
82,87,7168,150528
82,69,8192,150528
82,69,9216,150528
82,69,10240,150528
82,63,11264,150528
82,73,12288,150528
173,68,1024,151552
173,65,2048,151552
173,65,3072,151552
173,65,4096,151552
173,146,5120,151552
173,87,6144,151552
173,69,7168,151552
173,69,8192,151552
173,69,9216,151552
173,63,10240,151552
173,73,11264,151552
68,65,1024,152576
68,65,2048,152576
68,65,3072,152576
68,146,4096,152576
68,87,5120,152576
68,69,6144,152576
68,69,7168,152576
68,69,8192,152576
68,63,9216,152576
68,73,10240,152576
65,65,1024,153600
65,65,2048,153600
65,146,3072,153600
65,87,4096,153600
65,69,5120,153600
65,69,6144,153600
65,69,7168,153600
65,63,8192,153600
65,73,9216,153600
65,65,1024,154624
65,146,2048,154624
65,87,3072,154624
65,69,4096,154624
65,69,5120,154624
65,69,6144,154624
65,63,7168,154624
65,73,8192,154624
65,146,1024,155648
65,87,2048,155648
65,69,3072,155648
65,69,4096,155648
65,69,5120,155648
65,63,6144,155648
65,73,7168,155648
146,87,1024,156672
146,69,2048,156672
146,69,3072,156672
146,69,4096,156672
146,63,5120,156672
146,73,6144,156672
87,69,1024,157696
87,69,2048,157696
87,69,3072,157696
87,63,4096,157696
87,73,5120,157696
69,69,1024,158720
69,69,2048,158720
69,63,3072,158720
69,73,4096,158720
69,69,1024,159744
69,63,2048,159744
69,73,3072,159744
69,63,1024,160768
69,73,2048,160768
63,73,1024,161792
