47,47,1024,211968
47,23,10240,211968
47,23,11264,211968
47,45,11264,211968
47,23,12288,211968
47,29,13312,211968
47,26,14336,211968
47,29,15360,211968
47,28,16384,211968
47,23,20480,211968
47,23,9216,212992
47,23,10240,212992
47,45,10240,212992
47,23,11264,212992
47,29,12288,212992
47,26,13312,212992
47,29,14336,212992
47,28,15360,212992
47,23,19456,212992
47,23,20480,212992
23,23,1024,222208
23,45,1024,222208
23,23,2048,222208
23,29,3072,222208
23,26,4096,222208
23,29,5120,222208
23,28,6144,222208
23,23,10240,222208
23,23,11264,222208
23,26,14336,222208
23,23,17408,222208
23,23,18432,222208
23,23,19456,222208
23,23,20480,222208
23,45,0,223232
23,23,1024,223232
23,29,2048,223232
23,26,3072,223232
23,29,4096,223232
23,28,5120,223232
23,23,9216,223232
23,23,10240,223232
23,26,13312,223232
23,23,16384,223232
23,23,17408,223232
23,23,18432,223232
23,23,19456,223232
23,22,20480,223232
45,23,1024,223232
45,29,2048,223232
45,26,3072,223232
45,29,4096,223232
45,28,5120,223232
45,23,9216,223232
45,23,10240,223232
45,26,13312,223232
45,23,16384,223232
45,23,17408,223232
45,23,18432,223232
45,23,19456,223232
45,22,20480,223232
23,29,1024,224256
23,26,2048,224256
23,29,3072,224256
23,28,4096,224256
23,23,8192,224256
23,23,9216,224256
23,26,12288,224256
23,23,15360,224256
23,23,16384,224256
23,23,17408,224256
23,23,18432,224256
23,22,19456,224256
29,26,1024,225280
29,29,2048,225280
29,28,3072,225280
29,23,7168,225280
29,23,8192,225280
29,26,11264,225280
29,23,14336,225280
29,23,15360,225280
29,23,16384,225280
29,23,17408,225280
29,22,18432,225280
26,29,1024,226304
26,28,2048,226304
26,23,6144,226304
26,23,7168,226304
26,26,10240,226304
26,23,13312,226304
26,23,14336,226304
26,23,15360,226304
26,23,16384,226304
26,22,17408,226304
26,22,20480,226304
26,44,20480,226304
29,28,1024,227328
29,23,5120,227328
29,23,6144,227328
29,26,9216,227328
29,23,12288,227328
29,23,13312,227328
29,23,14336,227328
29,23,15360,227328
29,22,16384,227328
29,22,19456,227328
29,44,19456,227328
29,22,20480,227328
29,44,20480,227328
28,23,4096,228352
28,23,5120,228352
28,26,8192,228352
28,23,11264,228352
28,23,12288,228352
28,23,13312,228352
28,23,14336,228352
28,22,15360,228352
28,22,18432,228352
28,44,18432,228352
28,22,19456,228352
28,44,19456,228352
28,19,20480,228352
23,23,1024,232448
23,26,4096,232448
23,23,7168,232448
23,23,8192,232448
23,23,9216,232448
23,23,10240,232448
23,22,11264,232448
23,22,14336,232448
23,44,14336,232448
23,22,15360,232448
23,44,15360,232448
23,19,16384,232448
23,20,17408,232448
23,20,18432,232448
23,26,3072,233472
23,23,6144,233472
23,23,7168,233472
23,23,8192,233472
23,23,9216,233472
23,22,10240,233472
23,22,13312,233472
23,44,13312,233472
23,22,14336,233472
23,44,14336,233472
23,19,15360,233472
23,20,16384,233472
23,20,17408,233472
23,44,17408,233472
26,23,3072,236544
26,23,4096,236544
26,23,5120,236544
26,23,6144,236544
26,22,7168,236544
26,22,10240,236544
26,44,10240,236544
26,22,11264,236544
26,44,11264,236544
26,19,12288,236544
26,20,13312,236544
26,20,14336,236544
26,44,14336,236544
26,19,15360,236544
23,23,1024,239616
23,23,2048,239616
23,23,3072,239616
23,22,4096,239616
23,22,7168,239616
23,44,7168,239616
23,22,8192,239616
23,44,8192,239616
23,19,9216,239616
23,20,10240,239616
23,20,11264,239616
23,44,11264,239616
23,19,12288,239616
23,44,12288,239616
23,23,1024,240640
23,23,2048,240640
23,22,3072,240640
23,22,6144,240640
23,44,6144,240640
23,22,7168,240640
23,44,7168,240640
23,19,8192,240640
23,20,9216,240640
23,20,10240,240640
23,44,10240,240640
23,19,11264,240640
23,44,11264,240640
23,19,12288,240640
23,23,1024,241664
23,22,2048,241664
23,22,5120,241664
23,44,5120,241664
23,22,6144,241664
23,44,6144,241664
23,19,7168,241664
23,20,8192,241664
23,20,9216,241664
23,44,9216,241664
23,19,10240,241664
23,44,10240,241664
23,19,11264,241664
23,19,12288,241664
23,22,1024,242688
23,22,4096,242688
23,44,4096,242688
23,22,5120,242688
23,44,5120,242688
23,19,6144,242688
23,20,7168,242688
23,20,8192,242688
23,44,8192,242688
23,19,9216,242688
23,44,9216,242688
23,19,10240,242688
23,19,11264,242688
23,18,12288,242688
22,22,3072,243712
22,44,3072,243712
22,22,4096,243712
22,44,4096,243712
22,19,5120,243712
22,20,6144,243712
22,20,7168,243712
22,44,7168,243712
22,19,8192,243712
22,44,8192,243712
22,19,9216,243712
22,19,10240,243712
22,18,11264,243712
22,18,12288,243712
22,44,0,246784
22,22,1024,246784
22,44,1024,246784
22,19,2048,246784
22,20,3072,246784
22,20,4096,246784
22,44,4096,246784
22,19,5120,246784
22,44,5120,246784
22,19,6144,246784
22,19,7168,246784
22,18,8192,246784
22,18,9216,246784
22,33,13312,246784
44,22,1024,246784
44,44,1024,246784
44,19,2048,246784
44,20,3072,246784
44,20,4096,246784
44,44,4096,246784
44,19,5120,246784
44,44,5120,246784
44,19,6144,246784
44,19,7168,246784
44,18,8192,246784
44,18,9216,246784
44,33,13312,246784
44,32,14336,246784
22,44,0,247808
22,19,1024,247808
22,20,2048,247808
22,20,3072,247808
22,44,3072,247808
22,19,4096,247808
22,44,4096,247808
22,19,5120,247808
22,19,6144,247808
22,18,7168,247808
22,18,8192,247808
22,33,12288,247808
22,32,13312,247808
44,19,1024,247808
44,20,2048,247808
44,20,3072,247808
44,44,3072,247808
44,19,4096,247808
44,44,4096,247808
44,19,5120,247808
44,19,6144,247808
44,18,7168,247808
44,18,8192,247808
44,33,12288,247808
44,32,13312,247808
19,20,1024,248832
19,20,2048,248832
19,44,2048,248832
19,19,3072,248832
19,44,3072,248832
19,19,4096,248832
19,19,5120,248832
19,18,6144,248832
19,18,7168,248832
19,33,11264,248832
19,32,12288,248832
20,20,1024,249856
20,44,1024,249856
20,19,2048,249856
20,44,2048,249856
20,19,3072,249856
20,19,4096,249856
20,18,5120,249856
20,18,6144,249856
20,33,10240,249856
20,32,11264,249856
20,44,0,250880
20,19,1024,250880
20,44,1024,250880
20,19,2048,250880
20,19,3072,250880
20,18,4096,250880
20,18,5120,250880
20,33,9216,250880
20,32,10240,250880
44,19,1024,250880
44,44,1024,250880
44,19,2048,250880
44,19,3072,250880
44,18,4096,250880
44,18,5120,250880
44,33,9216,250880
44,32,10240,250880
19,44,0,251904
19,19,1024,251904
19,19,2048,251904
19,18,3072,251904
19,18,4096,251904
19,33,8192,251904
19,32,9216,251904
44,19,1024,251904
44,19,2048,251904
44,18,3072,251904
44,18,4096,251904
44,33,8192,251904
44,32,9216,251904
19,19,1024,252928
19,18,2048,252928
19,18,3072,252928
19,33,7168,252928
19,32,8192,252928
19,29,20480,252928
19,18,1024,253952
19,18,2048,253952
19,33,6144,253952
19,32,7168,253952
19,29,19456,253952
19,29,20480,253952
18,18,1024,254976
18,33,5120,254976
18,32,6144,254976
18,29,18432,254976
18,29,19456,254976
18,33,4096,256000
18,32,5120,256000
18,29,17408,256000
18,29,18432,256000
33,32,1024,260096
33,29,13312,260096
33,29,14336,260096
33,27,17408,260096
33,27,18432,260096
32,29,12288,261120
32,29,13312,261120
32,27,16384,261120
32,27,17408,261120
29,29,1024,273408
29,27,4096,273408
29,27,5120,273408
29,27,3072,274432
29,27,4096,274432
27,27,1024,277504
