66,69,2048,5120
66,23,17408,5120
66,23,18432,5120
69,23,15360,7168
69,23,16384,7168
23,23,1024,22528
23,35,8192,22528
23,62,10240,22528
23,124,10240,22528
23,62,11264,22528
23,37,17408,22528
23,147,17408,22528
23,37,18432,22528
23,37,19456,22528
23,37,20480,22528
23,35,7168,23552
23,62,9216,23552
23,124,9216,23552
23,62,10240,23552
23,37,16384,23552
23,147,16384,23552
23,37,17408,23552
23,37,18432,23552
23,37,19456,23552
23,37,20480,23552
35,62,2048,30720
35,124,2048,30720
35,62,3072,30720
35,37,9216,30720
35,147,9216,30720
35,37,10240,30720
35,37,11264,30720
35,37,12288,30720
35,37,13312,30720
35,35,14336,30720
35,92,15360,30720
62,124,0,32768
62,62,1024,32768
62,37,7168,32768
62,147,7168,32768
62,37,8192,32768
62,37,9216,32768
62,37,10240,32768
62,37,11264,32768
62,35,12288,32768
62,92,13312,32768
124,62,1024,32768
124,37,7168,32768
124,147,7168,32768
124,37,8192,32768
124,37,9216,32768
124,37,10240,32768
124,37,11264,32768
124,35,12288,32768
124,92,13312,32768
62,37,6144,33792
62,147,6144,33792
62,37,7168,33792
62,37,8192,33792
62,37,9216,33792
62,37,10240,33792
62,35,11264,33792
62,92,12288,33792
37,147,0,39936
37,37,1024,39936
37,37,2048,39936
37,37,3072,39936
37,37,4096,39936
37,35,5120,39936
37,92,6144,39936
37,82,20480,39936
147,37,1024,39936
147,37,2048,39936
147,37,3072,39936
147,37,4096,39936
147,35,5120,39936
147,92,6144,39936
147,82,20480,39936
37,37,1024,40960
37,37,2048,40960
37,37,3072,40960
37,35,4096,40960
37,92,5120,40960
37,82,19456,40960
37,37,1024,41984
37,37,2048,41984
37,35,3072,41984
37,92,4096,41984
37,82,18432,41984
37,37,1024,43008
37,35,2048,43008
37,92,3072,43008
37,82,17408,43008
37,35,1024,44032
37,92,2048,44032
37,82,16384,44032
35,92,1024,45056
35,82,15360,45056
92,82,14336,46080
82,49,7168,60416
82,98,7168,60416
82,31,11264,60416
82,31,12288,60416
82,124,13312,60416
82,37,20480,60416
49,98,0,67584
49,31,4096,67584
49,31,5120,67584
49,124,6144,67584
49,37,13312,67584
49,37,14336,67584
49,29,20480,67584
49,93,20480,67584
98,31,4096,67584
98,31,5120,67584
98,124,6144,67584
98,37,13312,67584
98,37,14336,67584
98,29,20480,67584
98,93,20480,67584
31,31,1024,71680
31,124,2048,71680
31,37,9216,71680
31,37,10240,71680
31,29,16384,71680
31,93,16384,71680
31,29,17408,71680
31,29,18432,71680
31,87,19456,71680
31,52,20480,71680
31,124,1024,72704
31,37,8192,72704
31,37,9216,72704
31,29,15360,72704
31,93,15360,72704
31,29,16384,72704
31,29,17408,72704
31,87,18432,72704
31,52,19456,72704
31,29,20480,72704
31,58,20480,72704
124,37,7168,73728
124,37,8192,73728
124,29,14336,73728
124,93,14336,73728
124,29,15360,73728
124,29,16384,73728
124,87,17408,73728
124,52,18432,73728
124,29,19456,73728
124,58,19456,73728
124,29,20480,73728
37,37,1024,80896
37,29,7168,80896
37,93,7168,80896
37,29,8192,80896
37,29,9216,80896
37,87,10240,80896
37,52,11264,80896
37,29,12288,80896
37,58,12288,80896
37,29,13312,80896
37,82,14336,80896
37,35,16384,80896
37,35,17408,80896
37,35,18432,80896
37,29,6144,81920
37,93,6144,81920
37,29,7168,81920
37,29,8192,81920
37,87,9216,81920
37,52,10240,81920
37,29,11264,81920
37,58,11264,81920
37,29,12288,81920
37,82,13312,81920
37,35,15360,81920
37,35,16384,81920
37,35,17408,81920
37,35,18432,81920
29,93,0,88064
29,29,1024,88064
29,29,2048,88064
29,87,3072,88064
29,52,4096,88064
29,29,5120,88064
29,58,5120,88064
29,29,6144,88064
29,82,7168,88064
29,35,9216,88064
29,35,10240,88064
29,35,11264,88064
29,35,12288,88064
29,35,13312,88064
93,29,1024,88064
93,29,2048,88064
93,87,3072,88064
93,52,4096,88064
93,29,5120,88064
93,58,5120,88064
93,29,6144,88064
93,82,7168,88064
93,35,9216,88064
93,35,10240,88064
93,35,11264,88064
93,35,12288,88064
93,35,13312,88064
93,35,14336,88064
29,29,1024,89088
29,87,2048,89088
29,52,3072,89088
29,29,4096,89088
29,58,4096,89088
29,29,5120,89088
29,82,6144,89088
29,35,8192,89088
29,35,9216,89088
29,35,10240,89088
29,35,11264,89088
29,35,12288,89088
29,35,13312,89088
29,35,14336,89088
29,87,1024,90112
29,52,2048,90112
29,29,3072,90112
29,58,3072,90112
29,29,4096,90112
29,82,5120,90112
29,35,7168,90112
29,35,8192,90112
29,35,9216,90112
29,35,10240,90112
29,35,11264,90112
29,35,12288,90112
29,35,13312,90112
29,35,14336,90112
87,52,1024,91136
87,29,2048,91136
87,58,2048,91136
87,29,3072,91136
87,82,4096,91136
87,35,6144,91136
87,35,7168,91136
87,35,8192,91136
87,35,9216,91136
87,35,10240,91136
87,35,11264,91136
87,35,12288,91136
87,35,13312,91136
87,35,16384,91136
52,29,1024,92160
52,58,1024,92160
52,29,2048,92160
52,82,3072,92160
52,35,5120,92160
52,35,6144,92160
52,35,7168,92160
52,35,8192,92160
52,35,9216,92160
52,35,10240,92160
52,35,11264,92160
52,35,12288,92160
52,35,15360,92160
52,37,17408,92160
29,58,0,93184
29,29,1024,93184
29,82,2048,93184
29,35,4096,93184
29,35,5120,93184
29,35,6144,93184
29,35,7168,93184
29,35,8192,93184
29,35,9216,93184
29,35,10240,93184
29,35,11264,93184
29,35,14336,93184
29,37,16384,93184
29,35,19456,93184
58,29,1024,93184
58,82,2048,93184
58,35,4096,93184
58,35,5120,93184
58,35,6144,93184
58,35,7168,93184
58,35,8192,93184
58,35,9216,93184
58,35,10240,93184
58,35,11264,93184
58,35,14336,93184
58,37,16384,93184
58,35,19456,93184
58,35,20480,93184
29,82,1024,94208
29,35,3072,94208
29,35,4096,94208
29,35,5120,94208
29,35,6144,94208
29,35,7168,94208
29,35,8192,94208
29,35,9216,94208
29,35,10240,94208
29,35,13312,94208
29,37,15360,94208
29,35,18432,94208
29,35,19456,94208
29,37,20480,94208
82,35,2048,95232
82,35,3072,95232
82,35,4096,95232
82,35,5120,95232
82,35,6144,95232
82,35,7168,95232
82,35,8192,95232
82,35,9216,95232
82,35,12288,95232
82,37,14336,95232
82,35,17408,95232
82,35,18432,95232
82,37,19456,95232
35,35,1024,97280
35,35,2048,97280
35,35,3072,97280
35,35,4096,97280
35,35,5120,97280
35,35,6144,97280
35,35,7168,97280
35,35,10240,97280
35,37,12288,97280
35,35,15360,97280
35,35,16384,97280
35,37,17408,97280
35,37,20480,97280
35,35,1024,98304
35,35,2048,98304
35,35,3072,98304
35,35,4096,98304
35,35,5120,98304
35,35,6144,98304
35,35,9216,98304
35,37,11264,98304
35,35,14336,98304
35,35,15360,98304
35,37,16384,98304
35,37,19456,98304
35,35,20480,98304
35,35,1024,99328
35,35,2048,99328
35,35,3072,99328
35,35,4096,99328
35,35,5120,99328
35,35,8192,99328
35,37,10240,99328
35,35,13312,99328
35,35,14336,99328
35,37,15360,99328
35,37,18432,99328
35,35,19456,99328
35,35,20480,99328
35,69,20480,99328
35,35,1024,100352
35,35,2048,100352
35,35,3072,100352
35,35,4096,100352
35,35,7168,100352
35,37,9216,100352
35,35,12288,100352
35,35,13312,100352
35,37,14336,100352
35,37,17408,100352
35,35,18432,100352
35,35,19456,100352
35,69,19456,100352
35,35,1024,101376
35,35,2048,101376
35,35,3072,101376
35,35,6144,101376
35,37,8192,101376
35,35,11264,101376
35,35,12288,101376
35,37,13312,101376
35,37,16384,101376
35,35,17408,101376
35,35,18432,101376
35,69,18432,101376
35,35,1024,102400
35,35,2048,102400
35,35,5120,102400
35,37,7168,102400
35,35,10240,102400
35,35,11264,102400
35,37,12288,102400
35,37,15360,102400
35,35,16384,102400
35,35,17408,102400
35,69,17408,102400
35,69,20480,102400
35,35,1024,103424
35,35,4096,103424
35,37,6144,103424
35,35,9216,103424
35,35,10240,103424
35,37,11264,103424
35,37,14336,103424
35,35,15360,103424
35,35,16384,103424
35,69,16384,103424
35,69,19456,103424
35,69,20480,103424
35,35,3072,104448
35,37,5120,104448
35,35,8192,104448
35,35,9216,104448
35,37,10240,104448
35,37,13312,104448
35,35,14336,104448
35,35,15360,104448
35,69,15360,104448
35,69,18432,104448
35,69,19456,104448
35,37,2048,107520
35,35,5120,107520
35,35,6144,107520
35,37,7168,107520
35,37,10240,107520
35,35,11264,107520
35,35,12288,107520
35,69,12288,107520
35,69,15360,107520
35,69,16384,107520
35,93,18432,107520
37,35,3072,109568
37,35,4096,109568
37,37,5120,109568
37,37,8192,109568
37,35,9216,109568
37,35,10240,109568
37,69,10240,109568
37,69,13312,109568
37,69,14336,109568
37,93,16384,109568
35,35,1024,112640
35,37,2048,112640
35,37,5120,112640
35,35,6144,112640
35,35,7168,112640
35,69,7168,112640
35,69,10240,112640
35,69,11264,112640
35,93,13312,112640
35,52,18432,112640
35,69,20480,112640
35,37,1024,113664
35,37,4096,113664
35,35,5120,113664
35,35,6144,113664
35,69,6144,113664
35,69,9216,113664
35,69,10240,113664
35,93,12288,113664
35,52,17408,113664
35,69,19456,113664
35,29,20480,113664
35,55,20480,113664
37,37,3072,114688
37,35,4096,114688
37,35,5120,114688
37,69,5120,114688
37,69,8192,114688
37,69,9216,114688
37,93,11264,114688
37,52,16384,114688
37,69,18432,114688
37,29,19456,114688
37,55,19456,114688
37,35,1024,117760
37,35,2048,117760
37,69,2048,117760
37,69,5120,117760
37,69,6144,117760
37,93,8192,117760
37,52,13312,117760
37,69,15360,117760
37,29,16384,117760
37,55,16384,117760
37,31,18432,117760
37,31,19456,117760
37,131,20480,117760
35,35,1024,118784
35,69,1024,118784
35,69,4096,118784
35,69,5120,118784
35,93,7168,118784
35,52,12288,118784
35,69,14336,118784
35,29,15360,118784
35,55,15360,118784
35,31,17408,118784
35,31,18432,118784
35,131,19456,118784
35,124,20480,118784
35,69,0,119808
35,69,3072,119808
35,69,4096,119808
35,93,6144,119808
35,52,11264,119808
35,69,13312,119808
35,29,14336,119808
35,55,14336,119808
35,31,16384,119808
35,31,17408,119808
35,131,18432,119808
35,124,19456,119808
69,69,3072,119808
69,69,4096,119808
69,93,6144,119808
69,52,11264,119808
69,69,13312,119808
69,29,14336,119808
69,55,14336,119808
69,31,16384,119808
69,31,17408,119808
69,131,18432,119808
69,124,19456,119808
69,69,1024,122880
69,93,3072,122880
69,52,8192,122880
69,69,10240,122880
69,29,11264,122880
69,55,11264,122880
69,31,13312,122880
69,31,14336,122880
69,131,15360,122880
69,124,16384,122880
69,110,18432,122880
69,110,19456,122880
69,93,2048,123904
69,52,7168,123904
69,69,9216,123904
69,29,10240,123904
69,55,10240,123904
69,31,12288,123904
69,31,13312,123904
69,131,14336,123904
69,124,15360,123904
69,110,17408,123904
69,110,18432,123904
69,110,20480,123904
93,52,5120,125952
93,69,7168,125952
93,29,8192,125952
93,55,8192,125952
93,31,10240,125952
93,31,11264,125952
93,131,12288,125952
93,124,13312,125952
93,110,15360,125952
93,110,16384,125952
93,110,18432,125952
93,110,19456,125952
93,49,20480,125952
93,124,20480,125952
52,69,2048,131072
52,29,3072,131072
52,55,3072,131072
52,31,5120,131072
52,31,6144,131072
52,131,7168,131072
52,124,8192,131072
52,110,10240,131072
52,110,11264,131072
52,110,13312,131072
52,110,14336,131072
52,49,15360,131072
52,124,15360,131072
52,27,18432,131072
69,29,1024,133120
69,55,1024,133120
69,31,3072,133120
69,31,4096,133120
69,131,5120,133120
69,124,6144,133120
69,110,8192,133120
69,110,9216,133120
69,110,11264,133120
69,110,12288,133120
69,49,13312,133120
69,124,13312,133120
69,27,16384,133120
69,55,16384,133120
29,55,0,134144
29,31,2048,134144
29,31,3072,134144
29,131,4096,134144
29,124,5120,134144
29,110,7168,134144
29,110,8192,134144
29,110,10240,134144
29,110,11264,134144
29,49,12288,134144
29,124,12288,134144
29,27,15360,134144
29,55,15360,134144
29,55,16384,134144
55,31,2048,134144
55,31,3072,134144
55,131,4096,134144
55,124,5120,134144
55,110,7168,134144
55,110,8192,134144
55,110,10240,134144
55,110,11264,134144
55,49,12288,134144
55,124,12288,134144
55,27,15360,134144
55,55,15360,134144
55,55,16384,134144
55,55,17408,134144
31,31,1024,136192
31,131,2048,136192
31,124,3072,136192
31,110,5120,136192
31,110,6144,136192
31,110,8192,136192
31,110,9216,136192
31,49,10240,136192
31,124,10240,136192
31,27,13312,136192
31,55,13312,136192
31,55,14336,136192
31,55,15360,136192
31,55,16384,136192
31,131,1024,137216
31,124,2048,137216
31,110,4096,137216
31,110,5120,137216
31,110,7168,137216
31,110,8192,137216
31,49,9216,137216
31,124,9216,137216
31,27,12288,137216
31,55,12288,137216
31,55,13312,137216
31,55,14336,137216
31,55,15360,137216
31,55,16384,137216
131,124,1024,138240
131,110,3072,138240
131,110,4096,138240
131,110,6144,138240
131,110,7168,138240
131,49,8192,138240
131,124,8192,138240
131,27,11264,138240
131,55,11264,138240
131,55,12288,138240
131,55,13312,138240
131,55,14336,138240
131,55,15360,138240
131,31,18432,138240
124,110,2048,139264
124,110,3072,139264
124,110,5120,139264
124,110,6144,139264
124,49,7168,139264
124,124,7168,139264
124,27,10240,139264
124,55,10240,139264
124,55,11264,139264
124,55,12288,139264
124,55,13312,139264
124,55,14336,139264
124,31,17408,139264
124,66,17408,139264
110,110,1024,141312
110,110,3072,141312
110,110,4096,141312
110,49,5120,141312
110,124,5120,141312
110,27,8192,141312
110,55,8192,141312
110,55,9216,141312
110,55,10240,141312
110,55,11264,141312
110,55,12288,141312
110,31,15360,141312
110,66,15360,141312
110,31,16384,141312
110,110,2048,142336
110,110,3072,142336
110,49,4096,142336
110,124,4096,142336
110,27,7168,142336
110,55,7168,142336
110,55,8192,142336
110,55,9216,142336
110,55,10240,142336
110,55,11264,142336
110,31,14336,142336
110,66,14336,142336
110,31,15360,142336
110,65,15360,142336
110,110,1024,144384
110,49,2048,144384
110,124,2048,144384
110,27,5120,144384
110,55,5120,144384
110,55,6144,144384
110,55,7168,144384
110,55,8192,144384
110,55,9216,144384
110,31,12288,144384
110,66,12288,144384
110,31,13312,144384
110,65,13312,144384
110,31,14336,144384
110,49,1024,145408
110,124,1024,145408
110,27,4096,145408
110,55,4096,145408
110,55,5120,145408
110,55,6144,145408
110,55,7168,145408
110,55,8192,145408
110,31,11264,145408
110,66,11264,145408
110,31,12288,145408
110,65,12288,145408
110,31,13312,145408
110,65,13312,145408
49,124,0,146432
49,27,3072,146432
49,55,3072,146432
49,55,4096,146432
49,55,5120,146432
49,55,6144,146432
49,55,7168,146432
49,31,10240,146432
49,66,10240,146432
49,31,11264,146432
49,65,11264,146432
49,31,12288,146432
49,65,12288,146432
49,31,13312,146432
124,27,3072,146432
124,55,3072,146432
124,55,4096,146432
124,55,5120,146432
124,55,6144,146432
124,55,7168,146432
124,31,10240,146432
124,66,10240,146432
124,31,11264,146432
124,65,11264,146432
124,31,12288,146432
124,65,12288,146432
124,31,13312,146432
124,31,14336,146432
27,55,0,149504
27,55,1024,149504
27,55,2048,149504
27,55,3072,149504
27,55,4096,149504
27,31,7168,149504
27,66,7168,149504
27,31,8192,149504
27,65,8192,149504
27,31,9216,149504
27,65,9216,149504
27,31,10240,149504
27,31,11264,149504
27,31,12288,149504
55,55,1024,149504
55,55,2048,149504
55,55,3072,149504
55,55,4096,149504
55,31,7168,149504
55,66,7168,149504
55,31,8192,149504
55,65,8192,149504
55,31,9216,149504
55,65,9216,149504
55,31,10240,149504
55,31,11264,149504
55,31,12288,149504
55,31,13312,149504
55,55,1024,150528
55,55,2048,150528
55,55,3072,150528
55,31,6144,150528
55,66,6144,150528
55,31,7168,150528
55,65,7168,150528
55,31,8192,150528
55,65,8192,150528
55,31,9216,150528
55,31,10240,150528
55,31,11264,150528
55,31,12288,150528
55,25,13312,150528
55,55,1024,151552
55,55,2048,151552
55,31,5120,151552
55,66,5120,151552
55,31,6144,151552
55,65,6144,151552
55,31,7168,151552
55,65,7168,151552
55,31,8192,151552
55,31,9216,151552
55,31,10240,151552
55,31,11264,151552
55,25,12288,151552
55,49,12288,151552
55,55,1024,152576
55,31,4096,152576
55,66,4096,152576
55,31,5120,152576
55,65,5120,152576
55,31,6144,152576
55,65,6144,152576
55,31,7168,152576
55,31,8192,152576
55,31,9216,152576
55,31,10240,152576
55,25,11264,152576
55,49,11264,152576
55,24,12288,152576
55,31,3072,153600
55,66,3072,153600
55,31,4096,153600
55,65,4096,153600
55,31,5120,153600
55,65,5120,153600
55,31,6144,153600
55,31,7168,153600
55,31,8192,153600
55,31,9216,153600
55,25,10240,153600
55,49,10240,153600
55,24,11264,153600
55,25,12288,153600
31,66,0,156672
31,31,1024,156672
31,65,1024,156672
31,31,2048,156672
31,65,2048,156672
31,31,3072,156672
31,31,4096,156672
31,31,5120,156672
31,31,6144,156672
31,25,7168,156672
31,49,7168,156672
31,24,8192,156672
31,25,9216,156672
31,24,10240,156672
66,31,1024,156672
66,65,1024,156672
66,31,2048,156672
66,65,2048,156672
66,31,3072,156672
66,31,4096,156672
66,31,5120,156672
66,31,6144,156672
66,25,7168,156672
66,49,7168,156672
66,24,8192,156672
66,25,9216,156672
66,24,10240,156672
66,92,10240,156672
31,65,0,157696
31,31,1024,157696
31,65,1024,157696
31,31,2048,157696
31,31,3072,157696
31,31,4096,157696
31,31,5120,157696
31,25,6144,157696
31,49,6144,157696
31,24,7168,157696
31,25,8192,157696
31,24,9216,157696
31,92,9216,157696
31,24,10240,157696
65,31,1024,157696
65,65,1024,157696
65,31,2048,157696
65,31,3072,157696
65,31,4096,157696
65,31,5120,157696
65,25,6144,157696
65,49,6144,157696
65,24,7168,157696
65,25,8192,157696
65,24,9216,157696
65,92,9216,157696
65,24,10240,157696
65,92,16384,157696
31,65,0,158720
31,31,1024,158720
31,31,2048,158720
31,31,3072,158720
31,31,4096,158720
31,25,5120,158720
31,49,5120,158720
31,24,6144,158720
31,25,7168,158720
31,24,8192,158720
31,92,8192,158720
31,24,9216,158720
31,92,15360,158720
31,37,18432,158720
65,31,1024,158720
65,31,2048,158720
65,31,3072,158720
65,31,4096,158720
65,25,5120,158720
65,49,5120,158720
65,24,6144,158720
65,25,7168,158720
65,24,8192,158720
65,92,8192,158720
65,24,9216,158720
65,92,15360,158720
65,37,18432,158720
65,37,19456,158720
31,31,1024,159744
31,31,2048,159744
31,31,3072,159744
31,25,4096,159744
31,49,4096,159744
31,24,5120,159744
31,25,6144,159744
31,24,7168,159744
31,92,7168,159744
31,24,8192,159744
31,92,14336,159744
31,37,17408,159744
31,37,18432,159744
31,37,19456,159744
31,31,1024,160768
31,31,2048,160768
31,25,3072,160768
31,49,3072,160768
31,24,4096,160768
31,25,5120,160768
31,24,6144,160768
31,92,6144,160768
31,24,7168,160768
31,92,13312,160768
31,37,16384,160768
31,37,17408,160768
31,37,18432,160768
31,69,18432,160768
31,31,1024,161792
31,25,2048,161792
31,49,2048,161792
31,24,3072,161792
31,25,4096,161792
31,24,5120,161792
31,92,5120,161792
31,24,6144,161792
31,92,12288,161792
31,37,15360,161792
31,37,16384,161792
31,37,17408,161792
31,69,17408,161792
31,37,18432,161792
31,25,1024,162816
31,49,1024,162816
31,24,2048,162816
31,25,3072,162816
31,24,4096,162816
31,92,4096,162816
31,24,5120,162816
31,92,11264,162816
31,37,14336,162816
31,37,15360,162816
31,37,16384,162816
31,69,16384,162816
31,37,17408,162816
31,37,18432,162816
25,49,0,163840
25,24,1024,163840
25,25,2048,163840
25,24,3072,163840
25,92,3072,163840
25,24,4096,163840
25,92,10240,163840
25,37,13312,163840
25,37,14336,163840
25,37,15360,163840
25,69,15360,163840
25,37,16384,163840
25,37,17408,163840
25,37,18432,163840
49,24,1024,163840
49,25,2048,163840
49,24,3072,163840
49,92,3072,163840
49,24,4096,163840
49,92,10240,163840
49,37,13312,163840
49,37,14336,163840
49,37,15360,163840
49,69,15360,163840
49,37,16384,163840
49,37,17408,163840
49,37,18432,163840
49,37,19456,163840
24,25,1024,164864
24,24,2048,164864
24,92,2048,164864
24,24,3072,164864
24,92,9216,164864
24,37,12288,164864
24,37,13312,164864
24,37,14336,164864
24,69,14336,164864
24,37,15360,164864
24,37,16384,164864
24,37,17408,164864
24,37,18432,164864
24,28,19456,164864
25,24,1024,165888
25,92,1024,165888
25,24,2048,165888
25,92,8192,165888
25,37,11264,165888
25,37,12288,165888
25,37,13312,165888
25,69,13312,165888
25,37,14336,165888
25,37,15360,165888
25,37,16384,165888
25,37,17408,165888
25,28,18432,165888
25,44,18432,165888
24,92,0,166912
24,24,1024,166912
24,92,7168,166912
24,37,10240,166912
24,37,11264,166912
24,37,12288,166912
24,69,12288,166912
24,37,13312,166912
24,37,14336,166912
24,37,15360,166912
24,37,16384,166912
24,28,17408,166912
24,44,17408,166912
24,27,18432,166912
92,24,1024,166912
92,92,7168,166912
92,37,10240,166912
92,37,11264,166912
92,37,12288,166912
92,69,12288,166912
92,37,13312,166912
92,37,14336,166912
92,37,15360,166912
92,37,16384,166912
92,28,17408,166912
92,44,17408,166912
92,27,18432,166912
92,44,18432,166912
24,92,6144,167936
24,37,9216,167936
24,37,10240,167936
24,37,11264,167936
24,69,11264,167936
24,37,12288,167936
24,37,13312,167936
24,37,14336,167936
24,37,15360,167936
24,28,16384,167936
24,44,16384,167936
24,27,17408,167936
24,44,17408,167936
24,44,18432,167936
92,37,3072,174080
92,37,4096,174080
92,37,5120,174080
92,69,5120,174080
92,37,6144,174080
92,37,7168,174080
92,37,8192,174080
92,37,9216,174080
92,28,10240,174080
92,44,10240,174080
92,27,11264,174080
92,44,11264,174080
92,44,12288,174080
92,44,13312,174080
37,37,1024,177152
37,37,2048,177152
37,69,2048,177152
37,37,3072,177152
37,37,4096,177152
37,37,5120,177152
37,37,6144,177152
37,28,7168,177152
37,44,7168,177152
37,27,8192,177152
37,44,8192,177152
37,44,9216,177152
37,44,10240,177152
37,44,11264,177152
37,37,1024,178176
37,69,1024,178176
37,37,2048,178176
37,37,3072,178176
37,37,4096,178176
37,37,5120,178176
37,28,6144,178176
37,44,6144,178176
37,27,7168,178176
37,44,7168,178176
37,44,8192,178176
37,44,9216,178176
37,44,10240,178176
37,37,11264,178176
37,69,0,179200
37,37,1024,179200
37,37,2048,179200
37,37,3072,179200
37,37,4096,179200
37,28,5120,179200
37,44,5120,179200
37,27,6144,179200
37,44,6144,179200
37,44,7168,179200
37,44,8192,179200
37,44,9216,179200
37,37,10240,179200
37,44,10240,179200
69,37,1024,179200
69,37,2048,179200
69,37,3072,179200
69,37,4096,179200
69,28,5120,179200
69,44,5120,179200
69,27,6144,179200
69,44,6144,179200
69,44,7168,179200
69,44,8192,179200
69,44,9216,179200
69,37,10240,179200
69,44,10240,179200
69,37,11264,179200
37,37,1024,180224
37,37,2048,180224
37,37,3072,180224
37,28,4096,180224
37,44,4096,180224
37,27,5120,180224
37,44,5120,180224
37,44,6144,180224
37,44,7168,180224
37,44,8192,180224
37,37,9216,180224
37,44,9216,180224
37,37,10240,180224
37,44,10240,180224
37,37,1024,181248
37,37,2048,181248
37,28,3072,181248
37,44,3072,181248
37,27,4096,181248
37,44,4096,181248
37,44,5120,181248
37,44,6144,181248
37,44,7168,181248
37,37,8192,181248
37,44,8192,181248
37,37,9216,181248
37,44,9216,181248
37,33,10240,181248
37,37,1024,182272
37,28,2048,182272
37,44,2048,182272
37,27,3072,182272
37,44,3072,182272
37,44,4096,182272
37,44,5120,182272
37,44,6144,182272
37,37,7168,182272
37,44,7168,182272
37,37,8192,182272
37,44,8192,182272
37,33,9216,182272
37,33,10240,182272
37,28,1024,183296
37,44,1024,183296
37,27,2048,183296
37,44,2048,183296
37,44,3072,183296
37,44,4096,183296
37,44,5120,183296
37,37,6144,183296
37,44,6144,183296
37,37,7168,183296
37,44,7168,183296
37,33,8192,183296
37,33,9216,183296
37,33,10240,183296
28,44,0,184320
28,27,1024,184320
28,44,1024,184320
28,44,2048,184320
28,44,3072,184320
28,44,4096,184320
28,37,5120,184320
28,44,5120,184320
28,37,6144,184320
28,44,6144,184320
28,33,7168,184320
28,33,8192,184320
28,33,9216,184320
28,33,10240,184320
44,27,1024,184320
44,44,1024,184320
44,44,2048,184320
44,44,3072,184320
44,44,4096,184320
44,37,5120,184320
44,44,5120,184320
44,37,6144,184320
44,44,6144,184320
44,33,7168,184320
44,33,8192,184320
44,33,9216,184320
44,33,10240,184320
44,33,11264,184320
27,44,0,185344
27,44,1024,185344
27,44,2048,185344
27,44,3072,185344
27,37,4096,185344
27,44,4096,185344
27,37,5120,185344
27,44,5120,185344
27,33,6144,185344
27,33,7168,185344
27,33,8192,185344
27,33,9216,185344
27,33,10240,185344
27,33,11264,185344
44,44,1024,185344
44,44,2048,185344
44,44,3072,185344
44,37,4096,185344
44,44,4096,185344
44,37,5120,185344
44,44,5120,185344
44,33,6144,185344
44,33,7168,185344
44,33,8192,185344
44,33,9216,185344
44,33,10240,185344
44,33,11264,185344
44,33,12288,185344
44,44,1024,186368
44,44,2048,186368
44,37,3072,186368
44,44,3072,186368
44,37,4096,186368
44,44,4096,186368
44,33,5120,186368
44,33,6144,186368
44,33,7168,186368
44,33,8192,186368
44,33,9216,186368
44,33,10240,186368
44,33,11264,186368
44,33,12288,186368
44,44,1024,187392
44,37,2048,187392
44,44,2048,187392
44,37,3072,187392
44,44,3072,187392
44,33,4096,187392
44,33,5120,187392
44,33,6144,187392
44,33,7168,187392
44,33,8192,187392
44,33,9216,187392
44,33,10240,187392
44,33,11264,187392
44,66,11264,187392
44,37,1024,188416
44,44,1024,188416
44,37,2048,188416
44,44,2048,188416
44,33,3072,188416
44,33,4096,188416
44,33,5120,188416
44,33,6144,188416
44,33,7168,188416
44,33,8192,188416
44,33,9216,188416
44,33,10240,188416
44,66,10240,188416
44,65,11264,188416
37,44,0,189440
37,37,1024,189440
37,44,1024,189440
37,33,2048,189440
37,33,3072,189440
37,33,4096,189440
37,33,5120,189440
37,33,6144,189440
37,33,7168,189440
37,33,8192,189440
37,33,9216,189440
37,66,9216,189440
37,65,10240,189440
37,65,11264,189440
44,37,1024,189440
44,44,1024,189440
44,33,2048,189440
44,33,3072,189440
44,33,4096,189440
44,33,5120,189440
44,33,6144,189440
44,33,7168,189440
44,33,8192,189440
44,33,9216,189440
44,66,9216,189440
44,65,10240,189440
44,65,11264,189440
44,65,12288,189440
37,44,0,190464
37,33,1024,190464
37,33,2048,190464
37,33,3072,190464
37,33,4096,190464
37,33,5120,190464
37,33,6144,190464
37,33,7168,190464
37,33,8192,190464
37,66,8192,190464
37,65,9216,190464
37,65,10240,190464
37,65,11264,190464
37,41,12288,190464
44,33,1024,190464
44,33,2048,190464
44,33,3072,190464
44,33,4096,190464
44,33,5120,190464
44,33,6144,190464
44,33,7168,190464
44,33,8192,190464
44,66,8192,190464
44,65,9216,190464
44,65,10240,190464
44,65,11264,190464
44,41,12288,190464
44,49,19456,190464
33,33,1024,191488
33,33,2048,191488
33,33,3072,191488
33,33,4096,191488
33,33,5120,191488
33,33,6144,191488
33,33,7168,191488
33,66,7168,191488
33,65,8192,191488
33,65,9216,191488
33,65,10240,191488
33,41,11264,191488
33,49,18432,191488
33,33,1024,192512
33,33,2048,192512
33,33,3072,192512
33,33,4096,192512
33,33,5120,192512
33,33,6144,192512
33,66,6144,192512
33,65,7168,192512
33,65,8192,192512
33,65,9216,192512
33,41,10240,192512
33,49,17408,192512
33,33,1024,193536
33,33,2048,193536
33,33,3072,193536
33,33,4096,193536
33,33,5120,193536
33,66,5120,193536
33,65,6144,193536
33,65,7168,193536
33,65,8192,193536
33,41,9216,193536
33,49,16384,193536
33,31,20480,193536
33,62,20480,193536
33,33,1024,194560
33,33,2048,194560
33,33,3072,194560
33,33,4096,194560
33,66,4096,194560
33,65,5120,194560
33,65,6144,194560
33,65,7168,194560
33,41,8192,194560
33,49,15360,194560
33,31,19456,194560
33,62,19456,194560
33,33,1024,195584
33,33,2048,195584
33,33,3072,195584
33,66,3072,195584
33,65,4096,195584
33,65,5120,195584
33,65,6144,195584
33,41,7168,195584
33,49,14336,195584
33,31,18432,195584
33,62,18432,195584
33,33,1024,196608
33,33,2048,196608
33,66,2048,196608
33,65,3072,196608
33,65,4096,196608
33,65,5120,196608
33,41,6144,196608
33,49,13312,196608
33,31,17408,196608
33,62,17408,196608
33,69,20480,196608
33,33,1024,197632
33,66,1024,197632
33,65,2048,197632
33,65,3072,197632
33,65,4096,197632
33,41,5120,197632
33,49,12288,197632
33,31,16384,197632
33,62,16384,197632
33,69,19456,197632
33,66,0,198656
33,65,1024,198656
33,65,2048,198656
33,65,3072,198656
33,41,4096,198656
33,49,11264,198656
33,31,15360,198656
33,62,15360,198656
33,69,18432,198656
66,65,1024,198656
66,65,2048,198656
66,65,3072,198656
66,41,4096,198656
66,49,11264,198656
66,31,15360,198656
66,62,15360,198656
66,69,18432,198656
65,65,1024,199680
65,65,2048,199680
65,41,3072,199680
65,49,10240,199680
65,31,14336,199680
65,62,14336,199680
65,69,17408,199680
65,33,20480,199680
65,65,1024,200704
65,41,2048,200704
65,49,9216,200704
65,31,13312,200704
65,62,13312,200704
65,69,16384,200704
65,33,19456,200704
65,33,20480,200704
65,41,1024,201728
65,49,8192,201728
65,31,12288,201728
65,62,12288,201728
65,69,15360,201728
65,33,18432,201728
65,33,19456,201728
65,33,20480,201728
41,49,7168,202752
41,31,11264,202752
41,62,11264,202752
41,69,14336,202752
41,33,17408,202752
41,33,18432,202752
41,33,19456,202752
41,33,20480,202752
49,31,4096,209920
49,62,4096,209920
49,69,7168,209920
49,33,10240,209920
49,33,11264,209920
49,33,12288,209920
49,33,13312,209920
49,33,14336,209920
49,92,16384,209920
31,62,0,214016
31,69,3072,214016
31,33,6144,214016
31,33,7168,214016
31,33,8192,214016
31,33,9216,214016
31,33,10240,214016
31,92,12288,214016
31,93,17408,214016
31,62,19456,214016
62,69,3072,214016
62,33,6144,214016
62,33,7168,214016
62,33,8192,214016
62,33,9216,214016
62,33,10240,214016
62,92,12288,214016
62,93,17408,214016
62,62,19456,214016
69,33,3072,217088
69,33,4096,217088
69,33,5120,217088
69,33,6144,217088
69,33,7168,217088
69,92,9216,217088
69,93,14336,217088
69,62,16384,217088
69,82,18432,217088
69,41,19456,217088
69,93,19456,217088
69,41,20480,217088
33,33,1024,220160
33,33,2048,220160
33,33,3072,220160
33,33,4096,220160
33,92,6144,220160
33,93,11264,220160
33,62,13312,220160
33,82,15360,220160
33,41,16384,220160
33,93,16384,220160
33,41,17408,220160
33,41,18432,220160
33,39,19456,220160
33,110,19456,220160
33,33,1024,221184
33,33,2048,221184
33,33,3072,221184
33,92,5120,221184
33,93,10240,221184
33,62,12288,221184
33,82,14336,221184
33,41,15360,221184
33,93,15360,221184
33,41,16384,221184
33,41,17408,221184
33,39,18432,221184
33,110,18432,221184
33,110,19456,221184
33,33,1024,222208
33,33,2048,222208
33,92,4096,222208
33,93,9216,222208
33,62,11264,222208
33,82,13312,222208
33,41,14336,222208
33,93,14336,222208
33,41,15360,222208
33,41,16384,222208
33,39,17408,222208
33,110,17408,222208
33,110,18432,222208
33,33,1024,223232
33,92,3072,223232
33,93,8192,223232
33,62,10240,223232
33,82,12288,223232
33,41,13312,223232
33,93,13312,223232
33,41,14336,223232
33,41,15360,223232
33,39,16384,223232
33,110,16384,223232
33,110,17408,223232
33,92,2048,224256
33,93,7168,224256
33,62,9216,224256
33,82,11264,224256
33,41,12288,224256
33,93,12288,224256
33,41,13312,224256
33,41,14336,224256
33,39,15360,224256
33,110,15360,224256
33,110,16384,224256
92,93,5120,226304
92,62,7168,226304
92,82,9216,226304
92,41,10240,226304
92,93,10240,226304
92,41,11264,226304
92,41,12288,226304
92,39,13312,226304
92,110,13312,226304
92,110,14336,226304
92,66,20480,226304
93,62,2048,231424
93,82,4096,231424
93,41,5120,231424
93,93,5120,231424
93,41,6144,231424
93,41,7168,231424
93,39,8192,231424
93,110,8192,231424
93,110,9216,231424
93,66,15360,231424
93,55,16384,231424
93,65,17408,231424
62,82,2048,233472
62,41,3072,233472
62,93,3072,233472
62,41,4096,233472
62,41,5120,233472
62,39,6144,233472
62,110,6144,233472
62,110,7168,233472
62,66,13312,233472
62,55,14336,233472
62,65,15360,233472
82,41,1024,235520
82,93,1024,235520
82,41,2048,235520
82,41,3072,235520
82,39,4096,235520
82,110,4096,235520
82,110,5120,235520
82,66,11264,235520
82,55,12288,235520
82,65,13312,235520
41,93,0,236544
41,41,1024,236544
41,41,2048,236544
41,39,3072,236544
41,110,3072,236544
41,110,4096,236544
41,66,10240,236544
41,55,11264,236544
41,65,12288,236544
93,41,1024,236544
93,41,2048,236544
93,39,3072,236544
93,110,3072,236544
93,110,4096,236544
93,66,10240,236544
93,55,11264,236544
93,65,12288,236544
41,41,1024,237568
41,39,2048,237568
41,110,2048,237568
41,110,3072,237568
41,66,9216,237568
41,55,10240,237568
41,65,11264,237568
41,41,20480,237568
41,39,1024,238592
41,110,1024,238592
41,110,2048,238592
41,66,8192,238592
41,55,9216,238592
41,65,10240,238592
41,41,19456,238592
39,110,0,239616
39,110,1024,239616
39,66,7168,239616
39,55,8192,239616
39,65,9216,239616
39,41,18432,239616
39,49,20480,239616
110,110,1024,239616
110,66,7168,239616
110,55,8192,239616
110,65,9216,239616
110,41,18432,239616
110,49,20480,239616
110,66,6144,240640
110,55,7168,240640
110,65,8192,240640
110,41,17408,240640
110,49,19456,240640
66,55,1024,246784
66,65,2048,246784
66,41,11264,246784
66,49,13312,246784
55,65,1024,247808
55,41,10240,247808
55,49,12288,247808
65,41,9216,248832
65,49,11264,248832
41,49,2048,258048
41,37,13312,258048
41,46,18432,258048
41,46,19456,258048
41,27,20480,258048
41,46,20480,258048
49,37,11264,260096
49,46,16384,260096
49,46,17408,260096
49,27,18432,260096
49,46,18432,260096
37,46,5120,271360
37,46,6144,271360
37,27,7168,271360
37,46,7168,271360
37,33,11264,271360
37,65,11264,271360
37,33,12288,271360
37,65,12288,271360
37,33,13312,271360
37,65,13312,271360
37,33,14336,271360
37,65,14336,271360
37,66,18432,271360
37,110,18432,271360
46,46,1024,276480
46,27,2048,276480
46,46,2048,276480
46,33,6144,276480
46,65,6144,276480
46,33,7168,276480
46,65,7168,276480
46,33,8192,276480
46,65,8192,276480
46,33,9216,276480
46,65,9216,276480
46,66,13312,276480
46,110,13312,276480
46,65,14336,276480
46,27,1024,277504
46,46,1024,277504
46,33,5120,277504
46,65,5120,277504
46,33,6144,277504
46,65,6144,277504
46,33,7168,277504
46,65,7168,277504
46,33,8192,277504
46,65,8192,277504
46,66,12288,277504
46,110,12288,277504
46,65,13312,277504
46,110,13312,277504
27,46,0,278528
27,33,4096,278528
27,65,4096,278528
27,33,5120,278528
27,65,5120,278528
27,33,6144,278528
27,65,6144,278528
27,33,7168,278528
27,65,7168,278528
27,66,11264,278528
27,110,11264,278528
27,65,12288,278528
27,110,12288,278528
27,65,13312,278528
46,33,4096,278528
46,65,4096,278528
46,33,5120,278528
46,65,5120,278528
46,33,6144,278528
46,65,6144,278528
46,33,7168,278528
46,65,7168,278528
46,66,11264,278528
46,110,11264,278528
46,65,12288,278528
46,110,12288,278528
46,65,13312,278528
46,66,14336,278528
33,65,0,282624
33,33,1024,282624
33,65,1024,282624
33,33,2048,282624
33,65,2048,282624
33,33,3072,282624
33,65,3072,282624
33,66,7168,282624
33,110,7168,282624
33,65,8192,282624
33,110,8192,282624
33,65,9216,282624
33,66,10240,282624
33,25,18432,282624
65,33,1024,282624
65,65,1024,282624
65,33,2048,282624
65,65,2048,282624
65,33,3072,282624
65,65,3072,282624
65,66,7168,282624
65,110,7168,282624
65,65,8192,282624
65,110,8192,282624
65,65,9216,282624
65,66,10240,282624
65,25,18432,282624
33,65,0,283648
33,33,1024,283648
33,65,1024,283648
33,33,2048,283648
33,65,2048,283648
33,66,6144,283648
33,110,6144,283648
33,65,7168,283648
33,110,7168,283648
33,65,8192,283648
33,66,9216,283648
33,25,17408,283648
65,33,1024,283648
65,65,1024,283648
65,33,2048,283648
65,65,2048,283648
65,66,6144,283648
65,110,6144,283648
65,65,7168,283648
65,110,7168,283648
65,65,8192,283648
65,66,9216,283648
65,25,17408,283648
33,65,0,284672
33,33,1024,284672
33,65,1024,284672
33,66,5120,284672
33,110,5120,284672
33,65,6144,284672
33,110,6144,284672
33,65,7168,284672
33,66,8192,284672
33,25,16384,284672
65,33,1024,284672
65,65,1024,284672
65,66,5120,284672
65,110,5120,284672
65,65,6144,284672
65,110,6144,284672
65,65,7168,284672
65,66,8192,284672
65,25,16384,284672
33,65,0,285696
33,66,4096,285696
33,110,4096,285696
33,65,5120,285696
33,110,5120,285696
33,65,6144,285696
33,66,7168,285696
33,25,15360,285696
65,66,4096,285696
65,110,4096,285696
65,65,5120,285696
65,110,5120,285696
65,65,6144,285696
65,66,7168,285696
65,25,15360,285696
66,110,0,289792
66,65,1024,289792
66,110,1024,289792
66,65,2048,289792
66,66,3072,289792
66,25,11264,289792
110,65,1024,289792
110,110,1024,289792
110,65,2048,289792
110,66,3072,289792
110,25,11264,289792
65,110,0,290816
65,65,1024,290816
65,66,2048,290816
65,25,10240,290816
65,88,20480,290816
110,65,1024,290816
110,66,2048,290816
110,25,10240,290816
110,88,20480,290816
65,66,1024,291840
65,25,9216,291840
65,88,19456,291840
66,25,8192,292864
66,88,18432,292864
25,88,10240,301056
25,27,14336,301056
25,55,14336,301056
25,55,15360,301056
25,55,16384,301056
25,37,17408,301056
25,37,18432,301056
25,37,19456,301056
25,37,20480,301056
88,27,4096,311296
88,55,4096,311296
88,55,5120,311296
88,55,6144,311296
88,37,7168,311296
88,37,8192,311296
88,37,9216,311296
88,37,10240,311296
88,37,11264,311296
88,44,15360,311296
88,44,16384,311296
88,44,17408,311296
88,44,18432,311296
27,55,0,315392
27,55,1024,315392
27,55,2048,315392
27,37,3072,315392
27,37,4096,315392
27,37,5120,315392
27,37,6144,315392
27,37,7168,315392
27,44,11264,315392
27,44,12288,315392
27,44,13312,315392
27,44,14336,315392
55,55,1024,315392
55,55,2048,315392
55,37,3072,315392
55,37,4096,315392
55,37,5120,315392
55,37,6144,315392
55,37,7168,315392
55,44,11264,315392
55,44,12288,315392
55,44,13312,315392
55,44,14336,315392
55,55,1024,316416
55,37,2048,316416
55,37,3072,316416
55,37,4096,316416
55,37,5120,316416
55,37,6144,316416
55,44,10240,316416
55,44,11264,316416
55,44,12288,316416
55,44,13312,316416
55,37,1024,317440
55,37,2048,317440
55,37,3072,317440
55,37,4096,317440
55,37,5120,317440
55,44,9216,317440
55,44,10240,317440
55,44,11264,317440
55,44,12288,317440
37,37,1024,318464
37,37,2048,318464
37,37,3072,318464
37,37,4096,318464
37,44,8192,318464
37,44,9216,318464
37,44,10240,318464
37,44,11264,318464
37,37,1024,319488
37,37,2048,319488
37,37,3072,319488
37,44,7168,319488
37,44,8192,319488
37,44,9216,319488
37,44,10240,319488
37,37,1024,320512
37,37,2048,320512
37,44,6144,320512
37,44,7168,320512
37,44,8192,320512
37,44,9216,320512
37,37,1024,321536
37,44,5120,321536
37,44,6144,321536
37,44,7168,321536
37,44,8192,321536
37,44,4096,322560
37,44,5120,322560
37,44,6144,322560
37,44,7168,322560
44,44,1024,326656
44,44,2048,326656
44,44,3072,326656
44,44,1024,327680
44,44,2048,327680
44,44,1024,328704
