146,146,1024,0
146,49,3072,0
146,49,4096,0
146,49,5120,0
146,49,6144,0
146,49,7168,0
146,81,8192,0
146,49,9216,0
146,48,11264,0
146,24,12288,0
146,49,2048,1024
146,49,3072,1024
146,49,4096,1024
146,49,5120,1024
146,49,6144,1024
146,81,7168,1024
146,49,8192,1024
146,48,10240,1024
146,24,11264,1024
49,49,1024,3072
49,49,2048,3072
49,49,3072,3072
49,49,4096,3072
49,81,5120,3072
49,49,6144,3072
49,48,8192,3072
49,24,9216,3072
49,49,1024,4096
49,49,2048,4096
49,49,3072,4096
49,81,4096,4096
49,49,5120,4096
49,48,7168,4096
49,24,8192,4096
49,49,1024,5120
49,49,2048,5120
49,81,3072,5120
49,49,4096,5120
49,48,6144,5120
49,24,7168,5120
49,49,1024,6144
49,81,2048,6144
49,49,3072,6144
49,48,5120,6144
49,24,6144,6144
49,81,1024,7168
49,49,2048,7168
49,48,4096,7168
49,24,5120,7168
49,55,20480,7168
81,49,1024,8192
81,48,3072,8192
81,24,4096,8192
81,55,19456,8192
49,48,2048,9216
49,24,3072,9216
49,55,18432,9216
48,24,1024,11264
48,55,16384,11264
24,55,15360,12288
55,47,14336,27648
47,49,10240,41984
47,49,11264,41984
47,46,19456,41984
47,46,20480,41984
49,49,1024,52224
49,46,9216,52224
49,46,10240,52224
49,46,19456,52224
49,46,20480,52224
49,46,8192,53248
49,46,9216,53248
49,46,18432,53248
49,46,19456,53248
49,46,20480,53248
46,46,1024,61440
46,46,10240,61440
46,46,11264,61440
46,46,12288,61440
46,27,18432,61440
46,27,19456,61440
46,27,20480,61440
46,46,9216,62464
46,46,10240,62464
46,46,11264,62464
46,27,17408,62464
46,27,18432,62464
46,27,19456,62464
46,46,1024,71680
46,46,2048,71680
46,27,8192,71680
46,27,9216,71680
46,27,10240,71680
46,27,12288,71680
46,27,13312,71680
46,27,14336,71680
46,27,15360,71680
46,41,16384,71680
46,14,17408,71680
46,27,18432,71680
46,27,19456,71680
46,27,20480,71680
46,46,1024,72704
46,27,7168,72704
46,27,8192,72704
46,27,9216,72704
46,27,11264,72704
46,27,12288,72704
46,27,13312,72704
46,27,14336,72704
46,41,15360,72704
46,14,16384,72704
46,27,17408,72704
46,27,18432,72704
46,27,19456,72704
46,27,20480,72704
46,27,6144,73728
46,27,7168,73728
46,27,8192,73728
46,27,10240,73728
46,27,11264,73728
46,27,12288,73728
46,27,13312,73728
46,41,14336,73728
46,14,15360,73728
46,27,16384,73728
46,27,17408,73728
46,27,18432,73728
46,27,19456,73728
46,54,20480,73728
27,27,1024,79872
27,27,2048,79872
27,27,4096,79872
27,27,5120,79872
27,27,6144,79872
27,27,7168,79872
27,41,8192,79872
27,14,9216,79872
27,27,10240,79872
27,27,11264,79872
27,27,12288,79872
27,27,13312,79872
27,54,14336,79872
27,54,16384,79872
27,27,1024,80896
27,27,3072,80896
27,27,4096,80896
27,27,5120,80896
27,27,6144,80896
27,41,7168,80896
27,14,8192,80896
27,27,9216,80896
27,27,10240,80896
27,27,11264,80896
27,27,12288,80896
27,54,13312,80896
27,54,15360,80896
27,27,16384,80896
27,27,2048,81920
27,27,3072,81920
27,27,4096,81920
27,27,5120,81920
27,41,6144,81920
27,14,7168,81920
27,27,8192,81920
27,27,9216,81920
27,27,10240,81920
27,27,11264,81920
27,54,12288,81920
27,54,14336,81920
27,27,15360,81920
27,27,16384,81920
27,27,1024,83968
27,27,2048,83968
27,27,3072,83968
27,41,4096,83968
27,14,5120,83968
27,27,6144,83968
27,27,7168,83968
27,27,8192,83968
27,27,9216,83968
27,54,10240,83968
27,54,12288,83968
27,27,13312,83968
27,27,14336,83968
27,27,15360,83968
27,27,1024,84992
27,27,2048,84992
27,41,3072,84992
27,14,4096,84992
27,27,5120,84992
27,27,6144,84992
27,27,7168,84992
27,27,8192,84992
27,54,9216,84992
27,54,11264,84992
27,27,12288,84992
27,27,13312,84992
27,27,14336,84992
27,27,15360,84992
27,27,1024,86016
27,41,2048,86016
27,14,3072,86016
27,27,4096,86016
27,27,5120,86016
27,27,6144,86016
27,27,7168,86016
27,54,8192,86016
27,54,10240,86016
27,27,11264,86016
27,27,12288,86016
27,27,13312,86016
27,27,14336,86016
27,27,15360,86016
27,41,1024,87040
27,14,2048,87040
27,27,3072,87040
27,27,4096,87040
27,27,5120,87040
27,27,6144,87040
27,54,7168,87040
27,54,9216,87040
27,27,10240,87040
27,27,11264,87040
27,27,12288,87040
27,27,13312,87040
27,27,14336,87040
27,27,15360,87040
41,14,1024,88064
41,27,2048,88064
41,27,3072,88064
41,27,4096,88064
41,27,5120,88064
41,54,6144,88064
41,54,8192,88064
41,27,9216,88064
41,27,10240,88064
41,27,11264,88064
41,27,12288,88064
41,27,13312,88064
41,27,14336,88064
41,28,16384,88064
14,27,1024,89088
14,27,2048,89088
14,27,3072,89088
14,27,4096,89088
14,54,5120,89088
14,54,7168,89088
14,27,8192,89088
14,27,9216,89088
14,27,10240,89088
14,27,11264,89088
14,27,12288,89088
14,27,13312,89088
14,28,15360,89088
14,46,16384,89088
27,27,1024,90112
27,27,2048,90112
27,27,3072,90112
27,54,4096,90112
27,54,6144,90112
27,27,7168,90112
27,27,8192,90112
27,27,9216,90112
27,27,10240,90112
27,27,11264,90112
27,27,12288,90112
27,28,14336,90112
27,46,15360,90112
27,55,16384,90112
27,27,1024,91136
27,27,2048,91136
27,54,3072,91136
27,54,5120,91136
27,27,6144,91136
27,27,7168,91136
27,27,8192,91136
27,27,9216,91136
27,27,10240,91136
27,27,11264,91136
27,28,13312,91136
27,46,14336,91136
27,55,15360,91136
27,147,16384,91136
27,27,1024,92160
27,54,2048,92160
27,54,4096,92160
27,27,5120,92160
27,27,6144,92160
27,27,7168,92160
27,27,8192,92160
27,27,9216,92160
27,27,10240,92160
27,28,12288,92160
27,46,13312,92160
27,55,14336,92160
27,147,15360,92160
27,27,16384,92160
27,54,1024,93184
27,54,3072,93184
27,27,4096,93184
27,27,5120,93184
27,27,6144,93184
27,27,7168,93184
27,27,8192,93184
27,27,9216,93184
27,28,11264,93184
27,46,12288,93184
27,55,13312,93184
27,147,14336,93184
27,27,15360,93184
27,46,16384,93184
54,54,2048,94208
54,27,3072,94208
54,27,4096,94208
54,27,5120,94208
54,27,6144,94208
54,27,7168,94208
54,27,8192,94208
54,28,10240,94208
54,46,11264,94208
54,55,12288,94208
54,147,13312,94208
54,27,14336,94208
54,46,15360,94208
54,46,16384,94208
54,27,1024,96256
54,27,2048,96256
54,27,3072,96256
54,27,4096,96256
54,27,5120,96256
54,27,6144,96256
54,28,8192,96256
54,46,9216,96256
54,55,10240,96256
54,147,11264,96256
54,27,12288,96256
54,46,13312,96256
54,46,14336,96256
54,28,15360,96256
27,27,1024,97280
27,27,2048,97280
27,27,3072,97280
27,27,4096,97280
27,27,5120,97280
27,28,7168,97280
27,46,8192,97280
27,55,9216,97280
27,147,10240,97280
27,27,11264,97280
27,46,12288,97280
27,46,13312,97280
27,28,14336,97280
27,27,15360,97280
27,27,1024,98304
27,27,2048,98304
27,27,3072,98304
27,27,4096,98304
27,28,6144,98304
27,46,7168,98304
27,55,8192,98304
27,147,9216,98304
27,27,10240,98304
27,46,11264,98304
27,46,12288,98304
27,28,13312,98304
27,27,14336,98304
27,27,15360,98304
27,27,1024,99328
27,27,2048,99328
27,27,3072,99328
27,28,5120,99328
27,46,6144,99328
27,55,7168,99328
27,147,8192,99328
27,27,9216,99328
27,46,10240,99328
27,46,11264,99328
27,28,12288,99328
27,27,13312,99328
27,27,14336,99328
27,27,15360,99328
27,27,1024,100352
27,27,2048,100352
27,28,4096,100352
27,46,5120,100352
27,55,6144,100352
27,147,7168,100352
27,27,8192,100352
27,46,9216,100352
27,46,10240,100352
27,28,11264,100352
27,27,12288,100352
27,27,13312,100352
27,27,14336,100352
27,27,15360,100352
27,27,1024,101376
27,28,3072,101376
27,46,4096,101376
27,55,5120,101376
27,147,6144,101376
27,27,7168,101376
27,46,8192,101376
27,46,9216,101376
27,28,10240,101376
27,27,11264,101376
27,27,12288,101376
27,27,13312,101376
27,27,14336,101376
27,28,15360,101376
27,28,2048,102400
27,46,3072,102400
27,55,4096,102400
27,147,5120,102400
27,27,6144,102400
27,46,7168,102400
27,46,8192,102400
27,28,9216,102400
27,27,10240,102400
27,27,11264,102400
27,27,12288,102400
27,27,13312,102400
27,28,14336,102400
27,28,15360,102400
28,46,1024,104448
28,55,2048,104448
28,147,3072,104448
28,27,4096,104448
28,46,5120,104448
28,46,6144,104448
28,28,7168,104448
28,27,8192,104448
28,27,9216,104448
28,27,10240,104448
28,27,11264,104448
28,28,12288,104448
28,28,13312,104448
28,14,14336,104448
46,55,1024,105472
46,147,2048,105472
46,27,3072,105472
46,46,4096,105472
46,46,5120,105472
46,28,6144,105472
46,27,7168,105472
46,27,8192,105472
46,27,9216,105472
46,27,10240,105472
46,28,11264,105472
46,28,12288,105472
46,14,13312,105472
46,27,17408,105472
55,147,1024,106496
55,27,2048,106496
55,46,3072,106496
55,46,4096,106496
55,28,5120,106496
55,27,6144,106496
55,27,7168,106496
55,27,8192,106496
55,27,9216,106496
55,28,10240,106496
55,28,11264,106496
55,14,12288,106496
55,27,16384,106496
55,27,17408,106496
147,27,1024,107520
147,46,2048,107520
147,46,3072,107520
147,28,4096,107520
147,27,5120,107520
147,27,6144,107520
147,27,7168,107520
147,27,8192,107520
147,28,9216,107520
147,28,10240,107520
147,14,11264,107520
147,27,15360,107520
147,27,16384,107520
147,82,17408,107520
27,46,1024,108544
27,46,2048,108544
27,28,3072,108544
27,27,4096,108544
27,27,5120,108544
27,27,6144,108544
27,27,7168,108544
27,28,8192,108544
27,28,9216,108544
27,14,10240,108544
27,27,14336,108544
27,27,15360,108544
27,82,16384,108544
27,48,17408,108544
46,46,1024,109568
46,28,2048,109568
46,27,3072,109568
46,27,4096,109568
46,27,5120,109568
46,27,6144,109568
46,28,7168,109568
46,28,8192,109568
46,14,9216,109568
46,27,13312,109568
46,27,14336,109568
46,82,15360,109568
46,48,16384,109568
46,28,17408,109568
46,28,1024,110592
46,27,2048,110592
46,27,3072,110592
46,27,4096,110592
46,27,5120,110592
46,28,6144,110592
46,28,7168,110592
46,14,8192,110592
46,27,12288,110592
46,27,13312,110592
46,82,14336,110592
46,48,15360,110592
46,28,16384,110592
46,27,17408,110592
28,27,1024,111616
28,27,2048,111616
28,27,3072,111616
28,27,4096,111616
28,28,5120,111616
28,28,6144,111616
28,14,7168,111616
28,27,11264,111616
28,27,12288,111616
28,82,13312,111616
28,48,14336,111616
28,28,15360,111616
28,27,16384,111616
28,54,17408,111616
27,27,1024,112640
27,27,2048,112640
27,27,3072,112640
27,28,4096,112640
27,28,5120,112640
27,14,6144,112640
27,27,10240,112640
27,27,11264,112640
27,82,12288,112640
27,48,13312,112640
27,28,14336,112640
27,27,15360,112640
27,54,16384,112640
27,54,17408,112640
27,27,1024,113664
27,27,2048,113664
27,28,3072,113664
27,28,4096,113664
27,14,5120,113664
27,27,9216,113664
27,27,10240,113664
27,82,11264,113664
27,48,12288,113664
27,28,13312,113664
27,27,14336,113664
27,54,15360,113664
27,54,16384,113664
27,27,17408,113664
27,27,1024,114688
27,28,2048,114688
27,28,3072,114688
27,14,4096,114688
27,27,8192,114688
27,27,9216,114688
27,82,10240,114688
27,48,11264,114688
27,28,12288,114688
27,27,13312,114688
27,54,14336,114688
27,54,15360,114688
27,27,16384,114688
27,28,17408,114688
27,28,1024,115712
27,28,2048,115712
27,14,3072,115712
27,27,7168,115712
27,27,8192,115712
27,82,9216,115712
27,48,10240,115712
27,28,11264,115712
27,27,12288,115712
27,54,13312,115712
27,54,14336,115712
27,27,15360,115712
27,28,16384,115712
27,27,17408,115712
28,28,1024,116736
28,14,2048,116736
28,27,6144,116736
28,27,7168,116736
28,82,8192,116736
28,48,9216,116736
28,28,10240,116736
28,27,11264,116736
28,54,12288,116736
28,54,13312,116736
28,27,14336,116736
28,28,15360,116736
28,27,16384,116736
28,27,17408,116736
28,14,1024,117760
28,27,5120,117760
28,27,6144,117760
28,82,7168,117760
28,48,8192,117760
28,28,9216,117760
28,27,10240,117760
28,54,11264,117760
28,54,12288,117760
28,27,13312,117760
28,28,14336,117760
28,27,15360,117760
28,27,16384,117760
28,28,17408,117760
14,27,4096,118784
14,27,5120,118784
14,82,6144,118784
14,48,7168,118784
14,28,8192,118784
14,27,9216,118784
14,54,10240,118784
14,54,11264,118784
14,27,12288,118784
14,28,13312,118784
14,27,14336,118784
14,27,15360,118784
14,28,16384,118784
14,14,17408,118784
27,27,1024,122880
27,82,2048,122880
27,48,3072,122880
27,28,4096,122880
27,27,5120,122880
27,54,6144,122880
27,54,7168,122880
27,27,8192,122880
27,28,9216,122880
27,27,10240,122880
27,27,11264,122880
27,28,12288,122880
27,14,13312,122880
27,14,14336,122880
27,82,1024,123904
27,48,2048,123904
27,28,3072,123904
27,27,4096,123904
27,54,5120,123904
27,54,6144,123904
27,27,7168,123904
27,28,8192,123904
27,27,9216,123904
27,27,10240,123904
27,28,11264,123904
27,14,12288,123904
27,14,13312,123904
27,27,14336,123904
82,48,1024,124928
82,28,2048,124928
82,27,3072,124928
82,54,4096,124928
82,54,5120,124928
82,27,6144,124928
82,28,7168,124928
82,27,8192,124928
82,27,9216,124928
82,28,10240,124928
82,14,11264,124928
82,14,12288,124928
82,27,13312,124928
82,27,14336,124928
48,28,1024,125952
48,27,2048,125952
48,54,3072,125952
48,54,4096,125952
48,27,5120,125952
48,28,6144,125952
48,27,7168,125952
48,27,8192,125952
48,28,9216,125952
48,14,10240,125952
48,14,11264,125952
48,27,12288,125952
48,27,13312,125952
48,27,15360,125952
28,27,1024,126976
28,54,2048,126976
28,54,3072,126976
28,27,4096,126976
28,28,5120,126976
28,27,6144,126976
28,27,7168,126976
28,28,8192,126976
28,14,9216,126976
28,14,10240,126976
28,27,11264,126976
28,27,12288,126976
28,27,14336,126976
28,27,15360,126976
27,54,1024,128000
27,54,2048,128000
27,27,3072,128000
27,28,4096,128000
27,27,5120,128000
27,27,6144,128000
27,28,7168,128000
27,14,8192,128000
27,14,9216,128000
27,27,10240,128000
27,27,11264,128000
27,27,13312,128000
27,27,14336,128000
27,54,15360,128000
54,54,1024,129024
54,27,2048,129024
54,28,3072,129024
54,27,4096,129024
54,27,5120,129024
54,28,6144,129024
54,14,7168,129024
54,14,8192,129024
54,27,9216,129024
54,27,10240,129024
54,27,12288,129024
54,27,13312,129024
54,54,14336,129024
54,28,15360,129024
54,27,1024,130048
54,28,2048,130048
54,27,3072,130048
54,27,4096,130048
54,28,5120,130048
54,14,6144,130048
54,14,7168,130048
54,27,8192,130048
54,27,9216,130048
54,27,11264,130048
54,27,12288,130048
54,54,13312,130048
54,28,14336,130048
54,92,15360,130048
27,28,1024,131072
27,27,2048,131072
27,27,3072,131072
27,28,4096,131072
27,14,5120,131072
27,14,6144,131072
27,27,7168,131072
27,27,8192,131072
27,27,10240,131072
27,27,11264,131072
27,54,12288,131072
27,28,13312,131072
27,92,14336,131072
27,109,15360,131072
28,27,1024,132096
28,27,2048,132096
28,28,3072,132096
28,14,4096,132096
28,14,5120,132096
28,27,6144,132096
28,27,7168,132096
28,27,9216,132096
28,27,10240,132096
28,54,11264,132096
28,28,12288,132096
28,92,13312,132096
28,109,14336,132096
28,27,15360,132096
27,27,1024,133120
27,28,2048,133120
27,14,3072,133120
27,14,4096,133120
27,27,5120,133120
27,27,6144,133120
27,27,8192,133120
27,27,9216,133120
27,54,10240,133120
27,28,11264,133120
27,92,12288,133120
27,109,13312,133120
27,27,14336,133120
27,27,15360,133120
27,28,1024,134144
27,14,2048,134144
27,14,3072,134144
27,27,4096,134144
27,27,5120,134144
27,27,7168,134144
27,27,8192,134144
27,54,9216,134144
27,28,10240,134144
27,92,11264,134144
27,109,12288,134144
27,27,13312,134144
27,27,14336,134144
27,41,15360,134144
28,14,1024,135168
28,14,2048,135168
28,27,3072,135168
28,27,4096,135168
28,27,6144,135168
28,27,7168,135168
28,54,8192,135168
28,28,9216,135168
28,92,10240,135168
28,109,11264,135168
28,27,12288,135168
28,27,13312,135168
28,41,14336,135168
28,41,15360,135168
14,14,1024,136192
14,27,2048,136192
14,27,3072,136192
14,27,5120,136192
14,27,6144,136192
14,54,7168,136192
14,28,8192,136192
14,92,9216,136192
14,109,10240,136192
14,27,11264,136192
14,27,12288,136192
14,41,13312,136192
14,41,14336,136192
14,55,15360,136192
14,27,1024,137216
14,27,2048,137216
14,27,4096,137216
14,27,5120,137216
14,54,6144,137216
14,28,7168,137216
14,92,8192,137216
14,109,9216,137216
14,27,10240,137216
14,27,11264,137216
14,41,12288,137216
14,41,13312,137216
14,55,14336,137216
14,27,15360,137216
27,27,1024,138240
27,27,3072,138240
27,27,4096,138240
27,54,5120,138240
27,28,6144,138240
27,92,7168,138240
27,109,8192,138240
27,27,9216,138240
27,27,10240,138240
27,41,11264,138240
27,41,12288,138240
27,55,13312,138240
27,27,14336,138240
27,41,15360,138240
27,27,2048,139264
27,27,3072,139264
27,54,4096,139264
27,28,5120,139264
27,92,6144,139264
27,109,7168,139264
27,27,8192,139264
27,27,9216,139264
27,41,10240,139264
27,41,11264,139264
27,55,12288,139264
27,27,13312,139264
27,41,14336,139264
27,49,15360,139264
27,27,1024,141312
27,54,2048,141312
27,28,3072,141312
27,92,4096,141312
27,109,5120,141312
27,27,6144,141312
27,27,7168,141312
27,41,8192,141312
27,41,9216,141312
27,55,10240,141312
27,27,11264,141312
27,41,12288,141312
27,49,13312,141312
27,49,14336,141312
27,54,1024,142336
27,28,2048,142336
27,92,3072,142336
27,109,4096,142336
27,27,5120,142336
27,27,6144,142336
27,41,7168,142336
27,41,8192,142336
27,55,9216,142336
27,27,10240,142336
27,41,11264,142336
27,49,12288,142336
27,49,13312,142336
54,28,1024,143360
54,92,2048,143360
54,109,3072,143360
54,27,4096,143360
54,27,5120,143360
54,41,6144,143360
54,41,7168,143360
54,55,8192,143360
54,27,9216,143360
54,41,10240,143360
54,49,11264,143360
54,49,12288,143360
28,92,1024,144384
28,109,2048,144384
28,27,3072,144384
28,27,4096,144384
28,41,5120,144384
28,41,6144,144384
28,55,7168,144384
28,27,8192,144384
28,41,9216,144384
28,49,10240,144384
28,49,11264,144384
92,109,1024,145408
92,27,2048,145408
92,27,3072,145408
92,41,4096,145408
92,41,5120,145408
92,55,6144,145408
92,27,7168,145408
92,41,8192,145408
92,49,9216,145408
92,49,10240,145408
109,27,1024,146432
109,27,2048,146432
109,41,3072,146432
109,41,4096,146432
109,55,5120,146432
109,27,6144,146432
109,41,7168,146432
109,49,8192,146432
109,49,9216,146432
27,27,1024,147456
27,41,2048,147456
27,41,3072,147456
27,55,4096,147456
27,27,5120,147456
27,41,6144,147456
27,49,7168,147456
27,49,8192,147456
27,41,1024,148480
27,41,2048,148480
27,55,3072,148480
27,27,4096,148480
27,41,5120,148480
27,49,6144,148480
27,49,7168,148480
27,52,20480,148480
41,41,1024,149504
41,55,2048,149504
41,27,3072,149504
41,41,4096,149504
41,49,5120,149504
41,49,6144,149504
41,52,19456,149504
41,55,1024,150528
41,27,2048,150528
41,41,3072,150528
41,49,4096,150528
41,49,5120,150528
41,52,18432,150528
55,27,1024,151552
55,41,2048,151552
55,49,3072,151552
55,49,4096,151552
55,52,17408,151552
55,55,20480,151552
27,41,1024,152576
27,49,2048,152576
27,49,3072,152576
27,52,16384,152576
27,55,19456,152576
41,49,1024,153600
41,49,2048,153600
41,52,15360,153600
41,55,18432,153600
49,49,1024,154624
49,52,14336,154624
49,55,17408,154624
49,52,13312,155648
49,55,16384,155648
49,55,20480,155648
52,55,3072,168960
52,55,7168,168960
55,55,4096,172032
49,49,2048,212992
49,47,12288,212992
49,46,13312,212992
49,47,10240,215040
49,46,11264,215040
47,46,1024,225280
47,41,13312,225280
46,41,12288,226304
82,46,2048,271360
82,47,3072,271360
82,24,4096,271360
82,49,5120,271360
82,55,6144,271360
82,49,16384,271360
82,49,17408,271360
82,31,18432,271360
82,49,19456,271360
46,47,1024,273408
46,24,2048,273408
46,49,3072,273408
46,55,4096,273408
46,49,14336,273408
46,49,15360,273408
46,31,16384,273408
46,49,17408,273408
46,54,20480,273408
47,24,1024,274432
47,49,2048,274432
47,55,3072,274432
47,49,13312,274432
47,49,14336,274432
47,31,15360,274432
47,49,16384,274432
47,54,19456,274432
47,55,20480,274432
24,49,1024,275456
24,55,2048,275456
24,49,12288,275456
24,49,13312,275456
24,31,14336,275456
24,49,15360,275456
24,54,18432,275456
24,55,19456,275456
49,55,1024,276480
49,49,11264,276480
49,49,12288,276480
49,31,13312,276480
49,49,14336,276480
49,54,17408,276480
49,55,18432,276480
55,49,10240,277504
55,49,11264,277504
55,31,12288,277504
55,49,13312,277504
55,54,16384,277504
55,55,17408,277504
55,47,20480,277504
49,49,1024,287744
49,31,2048,287744
49,49,3072,287744
49,54,6144,287744
49,55,7168,287744
49,47,10240,287744
49,46,11264,287744
49,46,12288,287744
49,46,19456,287744
49,46,20480,287744
49,31,1024,288768
49,49,2048,288768
49,54,5120,288768
49,55,6144,288768
49,47,9216,288768
49,46,10240,288768
49,46,11264,288768
49,46,18432,288768
49,46,19456,288768
31,49,1024,289792
31,54,4096,289792
31,55,5120,289792
31,47,8192,289792
31,46,9216,289792
31,46,10240,289792
31,46,17408,289792
31,46,18432,289792
49,54,3072,290816
49,55,4096,290816
49,47,7168,290816
49,46,8192,290816
49,46,9216,290816
49,46,16384,290816
49,46,17408,290816
49,41,20480,290816
54,55,1024,293888
54,47,4096,293888
54,46,5120,293888
54,46,6144,293888
54,46,13312,293888
54,46,14336,293888
54,41,17408,293888
55,47,3072,294912
55,46,4096,294912
55,46,5120,294912
55,46,12288,294912
55,46,13312,294912
55,41,16384,294912
47,46,1024,297984
47,46,2048,297984
47,46,9216,297984
47,46,10240,297984
47,41,13312,297984
46,46,1024,299008
46,46,8192,299008
46,46,9216,299008
46,41,12288,299008
46,46,7168,300032
46,46,8192,300032
46,41,11264,300032
46,46,1024,307200
46,41,4096,307200
46,41,3072,308224
