46,46,1024,2048
46,46,2048,2048
46,46,3072,2048
46,73,4096,2048
46,46,5120,2048
46,292,6144,2048
46,30,7168,2048
46,292,8192,2048
46,18,9216,2048
46,218,11264,2048
46,65,12288,2048
46,217,13312,2048
46,218,14336,2048
46,82,15360,2048
46,46,1024,3072
46,46,2048,3072
46,73,3072,3072
46,46,4096,3072
46,292,5120,3072
46,30,6144,3072
46,292,7168,3072
46,18,8192,3072
46,218,10240,3072
46,65,11264,3072
46,217,12288,3072
46,218,13312,3072
46,82,14336,3072
46,218,15360,3072
46,46,1024,4096
46,73,2048,4096
46,46,3072,4096
46,292,4096,4096
46,30,5120,4096
46,292,6144,4096
46,18,7168,4096
46,218,9216,4096
46,65,10240,4096
46,217,11264,4096
46,218,12288,4096
46,82,13312,4096
46,218,14336,4096
46,82,15360,4096
46,73,1024,5120
46,46,2048,5120
46,292,3072,5120
46,30,4096,5120
46,292,5120,5120
46,18,6144,5120
46,218,8192,5120
46,65,9216,5120
46,217,10240,5120
46,218,11264,5120
46,82,12288,5120
46,218,13312,5120
46,82,14336,5120
46,82,15360,5120
73,46,1024,6144
73,292,2048,6144
73,30,3072,6144
73,292,4096,6144
73,18,5120,6144
73,218,7168,6144
73,65,8192,6144
73,217,9216,6144
73,218,10240,6144
73,82,11264,6144
73,218,12288,6144
73,82,13312,6144
73,82,14336,6144
73,46,15360,6144
46,292,1024,7168
46,30,2048,7168
46,292,3072,7168
46,18,4096,7168
46,218,6144,7168
46,65,7168,7168
46,217,8192,7168
46,218,9216,7168
46,82,10240,7168
46,218,11264,7168
46,82,12288,7168
46,82,13312,7168
46,46,14336,7168
46,46,15360,7168
292,30,1024,8192
292,292,2048,8192
292,18,3072,8192
292,218,5120,8192
292,65,6144,8192
292,217,7168,8192
292,218,8192,8192
292,82,9216,8192
292,218,10240,8192
292,82,11264,8192
292,82,12288,8192
292,46,13312,8192
292,46,14336,8192
292,46,15360,8192
30,292,1024,9216
30,18,2048,9216
30,218,4096,9216
30,65,5120,9216
30,217,6144,9216
30,218,7168,9216
30,82,8192,9216
30,218,9216,9216
30,82,10240,9216
30,82,11264,9216
30,46,12288,9216
30,46,13312,9216
30,46,14336,9216
30,218,15360,9216
292,18,1024,10240
292,218,3072,10240
292,65,4096,10240
292,217,5120,10240
292,218,6144,10240
292,82,7168,10240
292,218,8192,10240
292,82,9216,10240
292,82,10240,10240
292,46,11264,10240
292,46,12288,10240
292,46,13312,10240
292,218,14336,10240
292,246,15360,10240
18,218,2048,11264
18,65,3072,11264
18,217,4096,11264
18,218,5120,11264
18,82,6144,11264
18,218,7168,11264
18,82,8192,11264
18,82,9216,11264
18,46,10240,11264
18,46,11264,11264
18,46,12288,11264
18,218,13312,11264
18,246,14336,11264
18,245,15360,11264
218,65,1024,13312
218,217,2048,13312
218,218,3072,13312
218,82,4096,13312
218,218,5120,13312
218,82,6144,13312
218,82,7168,13312
218,46,8192,13312
218,46,9216,13312
218,46,10240,13312
218,218,11264,13312
218,246,12288,13312
218,245,13312,13312
218,245,14336,13312
65,217,1024,14336
65,218,2048,14336
65,82,3072,14336
65,218,4096,14336
65,82,5120,14336
65,82,6144,14336
65,46,7168,14336
65,46,8192,14336
65,46,9216,14336
65,218,10240,14336
65,246,11264,14336
65,245,12288,14336
65,245,13312,14336
65,245,14336,14336
217,218,1024,15360
217,82,2048,15360
217,218,3072,15360
217,82,4096,15360
217,82,5120,15360
217,46,6144,15360
217,46,7168,15360
217,46,8192,15360
217,218,9216,15360
217,246,10240,15360
217,245,11264,15360
217,245,12288,15360
217,245,13312,15360
217,245,14336,15360
218,82,1024,16384
218,218,2048,16384
218,82,3072,16384
218,82,4096,16384
218,46,5120,16384
218,46,6144,16384
218,46,7168,16384
218,218,8192,16384
218,246,9216,16384
218,245,10240,16384
218,245,11264,16384
218,245,12288,16384
218,245,13312,16384
218,194,14336,16384
82,218,1024,17408
82,82,2048,17408
82,82,3072,17408
82,46,4096,17408
82,46,5120,17408
82,46,6144,17408
82,218,7168,17408
82,246,8192,17408
82,245,9216,17408
82,245,10240,17408
82,245,11264,17408
82,245,12288,17408
82,194,13312,17408
82,217,14336,17408
218,82,1024,18432
218,82,2048,18432
218,46,3072,18432
218,46,4096,18432
218,46,5120,18432
218,218,6144,18432
218,246,7168,18432
218,245,8192,18432
218,245,9216,18432
218,245,10240,18432
218,245,11264,18432
218,194,12288,18432
218,217,13312,18432
218,82,14336,18432
82,82,1024,19456
82,46,2048,19456
82,46,3072,19456
82,46,4096,19456
82,218,5120,19456
82,246,6144,19456
82,245,7168,19456
82,245,8192,19456
82,245,9216,19456
82,245,10240,19456
82,194,11264,19456
82,217,12288,19456
82,82,13312,19456
82,65,14336,19456
82,46,1024,20480
82,46,2048,20480
82,46,3072,20480
82,218,4096,20480
82,246,5120,20480
82,245,6144,20480
82,245,7168,20480
82,245,8192,20480
82,245,9216,20480
82,194,10240,20480
82,217,11264,20480
82,82,12288,20480
82,65,13312,20480
82,82,14336,20480
46,46,1024,21504
46,46,2048,21504
46,218,3072,21504
46,246,4096,21504
46,245,5120,21504
46,245,6144,21504
46,245,7168,21504
46,245,8192,21504
46,194,9216,21504
46,217,10240,21504
46,82,11264,21504
46,65,12288,21504
46,82,13312,21504
46,49,14336,21504
46,46,1024,22528
46,218,2048,22528
46,246,3072,22528
46,245,4096,22528
46,245,5120,22528
46,245,6144,22528
46,245,7168,22528
46,194,8192,22528
46,217,9216,22528
46,82,10240,22528
46,65,11264,22528
46,82,12288,22528
46,49,13312,22528
46,65,14336,22528
46,218,1024,23552
46,246,2048,23552
46,245,3072,23552
46,245,4096,23552
46,245,5120,23552
46,245,6144,23552
46,194,7168,23552
46,217,8192,23552
46,82,9216,23552
46,65,10240,23552
46,82,11264,23552
46,49,12288,23552
46,65,13312,23552
46,217,15360,23552
218,246,1024,24576
218,245,2048,24576
218,245,3072,24576
218,245,4096,24576
218,245,5120,24576
218,194,6144,24576
218,217,7168,24576
218,82,8192,24576
218,65,9216,24576
218,82,10240,24576
218,49,11264,24576
218,65,12288,24576
218,217,14336,24576
218,218,15360,24576
246,245,1024,25600
246,245,2048,25600
246,245,3072,25600
246,245,4096,25600
246,194,5120,25600
246,217,6144,25600
246,82,7168,25600
246,65,8192,25600
246,82,9216,25600
246,49,10240,25600
246,65,11264,25600
246,217,13312,25600
246,218,14336,25600
246,18,15360,25600
245,245,1024,26624
245,245,2048,26624
245,245,3072,26624
245,194,4096,26624
245,217,5120,26624
245,82,6144,26624
245,65,7168,26624
245,82,8192,26624
245,49,9216,26624
245,65,10240,26624
245,217,12288,26624
245,218,13312,26624
245,18,14336,26624
245,18,15360,26624
245,245,1024,27648
245,245,2048,27648
245,194,3072,27648
245,217,4096,27648
245,82,5120,27648
245,65,6144,27648
245,82,7168,27648
245,49,8192,27648
245,65,9216,27648
245,217,11264,27648
245,218,12288,27648
245,18,13312,27648
245,18,14336,27648
245,218,15360,27648
245,245,1024,28672
245,194,2048,28672
245,217,3072,28672
245,82,4096,28672
245,65,5120,28672
245,82,6144,28672
245,49,7168,28672
245,65,8192,28672
245,217,10240,28672
245,218,11264,28672
245,18,12288,28672
245,18,13312,28672
245,218,14336,28672
245,18,19456,28672
245,194,1024,29696
245,217,2048,29696
245,82,3072,29696
245,65,4096,29696
245,82,5120,29696
245,49,6144,29696
245,65,7168,29696
245,217,9216,29696
245,218,10240,29696
245,18,11264,29696
245,18,12288,29696
245,218,13312,29696
245,18,18432,29696
245,18,19456,29696
194,217,1024,30720
194,82,2048,30720
194,65,3072,30720
194,82,4096,30720
194,49,5120,30720
194,65,6144,30720
194,217,8192,30720
194,218,9216,30720
194,18,10240,30720
194,18,11264,30720
194,218,12288,30720
194,18,17408,30720
194,18,18432,30720
194,18,19456,30720
217,82,1024,31744
217,65,2048,31744
217,82,3072,31744
217,49,4096,31744
217,65,5120,31744
217,217,7168,31744
217,218,8192,31744
217,18,9216,31744
217,18,10240,31744
217,218,11264,31744
217,18,16384,31744
217,18,17408,31744
217,18,18432,31744
217,46,19456,31744
82,65,1024,32768
82,82,2048,32768
82,49,3072,32768
82,65,4096,32768
82,217,6144,32768
82,218,7168,32768
82,18,8192,32768
82,18,9216,32768
82,218,10240,32768
82,18,15360,32768
82,18,16384,32768
82,18,17408,32768
82,46,18432,32768
82,46,19456,32768
65,82,1024,33792
65,49,2048,33792
65,65,3072,33792
65,217,5120,33792
65,218,6144,33792
65,18,7168,33792
65,18,8192,33792
65,218,9216,33792
65,18,14336,33792
65,18,15360,33792
65,18,16384,33792
65,46,17408,33792
65,46,18432,33792
82,49,1024,34816
82,65,2048,34816
82,217,4096,34816
82,218,5120,34816
82,18,6144,34816
82,18,7168,34816
82,218,8192,34816
82,18,13312,34816
82,18,14336,34816
82,18,15360,34816
82,46,16384,34816
82,46,17408,34816
49,65,1024,35840
49,217,3072,35840
49,218,4096,35840
49,18,5120,35840
49,18,6144,35840
49,218,7168,35840
49,18,12288,35840
49,18,13312,35840
49,18,14336,35840
49,46,15360,35840
49,46,16384,35840
65,217,2048,36864
65,218,3072,36864
65,18,4096,36864
65,18,5120,36864
65,218,6144,36864
65,18,11264,36864
65,18,12288,36864
65,18,13312,36864
65,46,14336,36864
65,46,15360,36864
217,218,1024,38912
217,18,2048,38912
217,18,3072,38912
217,218,4096,38912
217,18,9216,38912
217,18,10240,38912
217,18,11264,38912
217,46,12288,38912
217,46,13312,38912
218,18,1024,39936
218,18,2048,39936
218,218,3072,39936
218,18,8192,39936
218,18,9216,39936
218,18,10240,39936
218,46,11264,39936
218,46,12288,39936
18,18,1024,40960
18,218,2048,40960
18,18,7168,40960
18,18,8192,40960
18,18,9216,40960
18,46,10240,40960
18,46,11264,40960
18,218,1024,41984
18,18,6144,41984
18,18,7168,41984
18,18,8192,41984
18,46,9216,41984
18,46,10240,41984
218,18,5120,43008
218,18,6144,43008
218,18,7168,43008
218,46,8192,43008
218,46,9216,43008
18,18,1024,48128
18,18,2048,48128
18,46,3072,48128
18,46,4096,48128
18,260,20480,48128
18,18,1024,49152
18,46,2048,49152
18,46,3072,49152
18,260,19456,49152
18,260,20480,49152
18,46,1024,50176
18,46,2048,50176
18,260,18432,50176
18,260,19456,50176
18,260,20480,50176
46,46,1024,51200
46,260,17408,51200
46,260,18432,51200
46,260,19456,51200
46,260,16384,52224
46,260,17408,52224
46,260,18432,52224
260,260,1024,68608
260,260,2048,68608
260,18,10240,68608
260,61,11264,68608
260,292,12288,68608
260,61,14336,68608
260,328,16384,68608
260,328,17408,68608
260,260,1024,69632
260,18,9216,69632
260,61,10240,69632
260,292,11264,69632
260,61,13312,69632
260,328,15360,69632
260,328,16384,69632
260,219,20480,69632
260,18,8192,70656
260,61,9216,70656
260,292,10240,70656
260,61,12288,70656
260,328,14336,70656
260,328,15360,70656
260,219,19456,70656
18,61,1024,78848
18,292,2048,78848
18,61,4096,78848
18,328,6144,78848
18,328,7168,78848
18,219,11264,78848
18,245,13312,78848
18,246,14336,78848
18,246,15360,78848
18,246,16384,78848
18,245,17408,78848
18,245,18432,78848
61,292,1024,79872
61,61,3072,79872
61,328,5120,79872
61,328,6144,79872
61,219,10240,79872
61,245,12288,79872
61,246,13312,79872
61,246,14336,79872
61,246,15360,79872
61,245,16384,79872
61,245,17408,79872
292,61,2048,80896
292,328,4096,80896
292,328,5120,80896
292,219,9216,80896
292,245,11264,80896
292,246,12288,80896
292,246,13312,80896
292,246,14336,80896
292,245,15360,80896
292,245,16384,80896
292,18,20480,80896
61,328,2048,82944
61,328,3072,82944
61,219,7168,82944
61,245,9216,82944
61,246,10240,82944
61,246,11264,82944
61,246,12288,82944
61,245,13312,82944
61,245,14336,82944
61,18,18432,82944
328,328,1024,84992
328,219,5120,84992
328,245,7168,84992
328,246,8192,84992
328,246,9216,84992
328,246,10240,84992
328,245,11264,84992
328,245,12288,84992
328,18,16384,84992
328,219,4096,86016
328,245,6144,86016
328,246,7168,86016
328,246,8192,86016
328,246,9216,86016
328,245,10240,86016
328,245,11264,86016
328,18,15360,86016
219,245,2048,90112
219,246,3072,90112
219,246,4096,90112
219,246,5120,90112
219,245,6144,90112
219,245,7168,90112
219,18,11264,90112
219,49,18432,90112
219,81,19456,90112
245,246,1024,92160
245,246,2048,92160
245,246,3072,92160
245,245,4096,92160
245,245,5120,92160
245,18,9216,92160
245,49,16384,92160
245,81,17408,92160
246,246,1024,93184
246,246,2048,93184
246,245,3072,93184
246,245,4096,93184
246,18,8192,93184
246,49,15360,93184
246,81,16384,93184
246,246,1024,94208
246,245,2048,94208
246,245,3072,94208
246,18,7168,94208
246,49,14336,94208
246,81,15360,94208
246,146,20480,94208
246,245,1024,95232
246,245,2048,95232
246,18,6144,95232
246,49,13312,95232
246,81,14336,95232
246,146,19456,95232
245,245,1024,96256
245,18,5120,96256
245,49,12288,96256
245,81,13312,96256
245,146,18432,96256
245,18,4096,97280
245,49,11264,97280
245,81,12288,97280
245,146,17408,97280
18,49,7168,101376
18,81,8192,101376
18,146,13312,101376
18,243,17408,101376
18,243,18432,101376
18,65,19456,101376
18,244,20480,101376
49,81,1024,108544
49,146,6144,108544
49,243,10240,108544
49,243,11264,108544
49,65,12288,108544
49,244,13312,108544
49,245,14336,108544
49,48,15360,108544
49,65,16384,108544
49,130,17408,108544
49,130,18432,108544
49,130,19456,108544
49,130,20480,108544
81,146,5120,109568
81,243,9216,109568
81,243,10240,109568
81,65,11264,109568
81,244,12288,109568
81,245,13312,109568
81,48,14336,109568
81,65,15360,109568
81,130,16384,109568
81,130,17408,109568
81,130,18432,109568
81,130,19456,109568
81,130,20480,109568
146,243,4096,114688
146,243,5120,114688
146,65,6144,114688
146,244,7168,114688
146,245,8192,114688
146,48,9216,114688
146,65,10240,114688
146,130,11264,114688
146,130,12288,114688
146,130,13312,114688
146,130,14336,114688
146,130,15360,114688
146,130,16384,114688
146,130,17408,114688
243,243,1024,118784
243,65,2048,118784
243,244,3072,118784
243,245,4096,118784
243,48,5120,118784
243,65,6144,118784
243,130,7168,118784
243,130,8192,118784
243,130,9216,118784
243,130,10240,118784
243,130,11264,118784
243,130,12288,118784
243,130,13312,118784
243,130,14336,118784
243,65,1024,119808
243,244,2048,119808
243,245,3072,119808
243,48,4096,119808
243,65,5120,119808
243,130,6144,119808
243,130,7168,119808
243,130,8192,119808
243,130,9216,119808
243,130,10240,119808
243,130,11264,119808
243,130,12288,119808
243,130,13312,119808
243,130,14336,119808
65,244,1024,120832
65,245,2048,120832
65,48,3072,120832
65,65,4096,120832
65,130,5120,120832
65,130,6144,120832
65,130,7168,120832
65,130,8192,120832
65,130,9216,120832
65,130,10240,120832
65,130,11264,120832
65,130,12288,120832
65,130,13312,120832
65,130,14336,120832
244,245,1024,121856
244,48,2048,121856
244,65,3072,121856
244,130,4096,121856
244,130,5120,121856
244,130,6144,121856
244,130,7168,121856
244,130,8192,121856
244,130,9216,121856
244,130,10240,121856
244,130,11264,121856
244,130,12288,121856
244,130,13312,121856
244,18,14336,121856
245,48,1024,122880
245,65,2048,122880
245,130,3072,122880
245,130,4096,122880
245,130,5120,122880
245,130,6144,122880
245,130,7168,122880
245,130,8192,122880
245,130,9216,122880
245,130,10240,122880
245,130,11264,122880
245,130,12288,122880
245,18,13312,122880
245,65,15360,122880
48,65,1024,123904
48,130,2048,123904
48,130,3072,123904
48,130,4096,123904
48,130,5120,123904
48,130,6144,123904
48,130,7168,123904
48,130,8192,123904
48,130,9216,123904
48,130,10240,123904
48,130,11264,123904
48,18,12288,123904
48,65,14336,123904
48,49,15360,123904
65,130,1024,124928
65,130,2048,124928
65,130,3072,124928
65,130,4096,124928
65,130,5120,124928
65,130,6144,124928
65,130,7168,124928
65,130,8192,124928
65,130,9216,124928
65,130,10240,124928
65,18,11264,124928
65,65,13312,124928
65,49,14336,124928
65,17,19456,124928
130,130,1024,125952
130,130,2048,125952
130,130,3072,125952
130,130,4096,125952
130,130,5120,125952
130,130,6144,125952
130,130,7168,125952
130,130,8192,125952
130,130,9216,125952
130,18,10240,125952
130,65,12288,125952
130,49,13312,125952
130,17,18432,125952
130,18,19456,125952
130,130,1024,126976
130,130,2048,126976
130,130,3072,126976
130,130,4096,126976
130,130,5120,126976
130,130,6144,126976
130,130,7168,126976
130,130,8192,126976
130,18,9216,126976
130,65,11264,126976
130,49,12288,126976
130,17,17408,126976
130,18,18432,126976
130,18,20480,126976
130,130,1024,128000
130,130,2048,128000
130,130,3072,128000
130,130,4096,128000
130,130,5120,128000
130,130,6144,128000
130,130,7168,128000
130,18,8192,128000
130,65,10240,128000
130,49,11264,128000
130,17,16384,128000
130,18,17408,128000
130,18,19456,128000
130,145,20480,128000
130,130,1024,129024
130,130,2048,129024
130,130,3072,129024
130,130,4096,129024
130,130,5120,129024
130,130,6144,129024
130,18,7168,129024
130,65,9216,129024
130,49,10240,129024
130,17,15360,129024
130,18,16384,129024
130,18,18432,129024
130,145,19456,129024
130,145,20480,129024
130,130,1024,130048
130,130,2048,130048
130,130,3072,130048
130,130,4096,130048
130,130,5120,130048
130,18,6144,130048
130,65,8192,130048
130,49,9216,130048
130,17,14336,130048
130,18,15360,130048
130,18,17408,130048
130,145,18432,130048
130,145,19456,130048
130,145,20480,130048
130,130,1024,131072
130,130,2048,131072
130,130,3072,131072
130,130,4096,131072
130,18,5120,131072
130,65,7168,131072
130,49,8192,131072
130,17,13312,131072
130,18,14336,131072
130,18,16384,131072
130,145,17408,131072
130,145,18432,131072
130,145,19456,131072
130,145,20480,131072
130,130,1024,132096
130,130,2048,132096
130,130,3072,132096
130,18,4096,132096
130,65,6144,132096
130,49,7168,132096
130,17,12288,132096
130,18,13312,132096
130,18,15360,132096
130,145,16384,132096
130,145,17408,132096
130,145,18432,132096
130,145,19456,132096
130,145,20480,132096
130,130,1024,133120
130,130,2048,133120
130,18,3072,133120
130,65,5120,133120
130,49,6144,133120
130,17,11264,133120
130,18,12288,133120
130,18,14336,133120
130,145,15360,133120
130,145,16384,133120
130,145,17408,133120
130,145,18432,133120
130,145,19456,133120
130,61,20480,133120
130,130,1024,134144
130,18,2048,134144
130,65,4096,134144
130,49,5120,134144
130,17,10240,134144
130,18,11264,134144
130,18,13312,134144
130,145,14336,134144
130,145,15360,134144
130,145,16384,134144
130,145,17408,134144
130,145,18432,134144
130,61,19456,134144
130,61,20480,134144
130,18,1024,135168
130,65,3072,135168
130,49,4096,135168
130,17,9216,135168
130,18,10240,135168
130,18,12288,135168
130,145,13312,135168
130,145,14336,135168
130,145,15360,135168
130,145,16384,135168
130,145,17408,135168
130,61,18432,135168
130,61,19456,135168
130,18,20480,135168
18,65,2048,136192
18,49,3072,136192
18,17,8192,136192
18,18,9216,136192
18,18,11264,136192
18,145,12288,136192
18,145,13312,136192
18,145,14336,136192
18,145,15360,136192
18,145,16384,136192
18,61,17408,136192
18,61,18432,136192
18,18,19456,136192
65,49,1024,138240
65,17,6144,138240
65,18,7168,138240
65,18,9216,138240
65,145,10240,138240
65,145,11264,138240
65,145,12288,138240
65,145,13312,138240
65,145,14336,138240
65,61,15360,138240
65,61,16384,138240
65,18,17408,138240
65,145,19456,138240
65,145,20480,138240
49,17,5120,139264
49,18,6144,139264
49,18,8192,139264
49,145,9216,139264
49,145,10240,139264
49,145,11264,139264
49,145,12288,139264
49,145,13312,139264
49,61,14336,139264
49,61,15360,139264
49,18,16384,139264
49,145,18432,139264
49,145,19456,139264
17,18,1024,144384
17,18,3072,144384
17,145,4096,144384
17,145,5120,144384
17,145,6144,144384
17,145,7168,144384
17,145,8192,144384
17,61,9216,144384
17,61,10240,144384
17,18,11264,144384
17,145,13312,144384
17,145,14336,144384
17,12,16384,144384
17,12,17408,144384
18,18,2048,145408
18,145,3072,145408
18,145,4096,145408
18,145,5120,145408
18,145,6144,145408
18,145,7168,145408
18,61,8192,145408
18,61,9216,145408
18,18,10240,145408
18,145,12288,145408
18,145,13312,145408
18,12,15360,145408
18,12,16384,145408
18,122,17408,145408
18,145,1024,147456
18,145,2048,147456
18,145,3072,147456
18,145,4096,147456
18,145,5120,147456
18,61,6144,147456
18,61,7168,147456
18,18,8192,147456
18,145,10240,147456
18,145,11264,147456
18,12,13312,147456
18,12,14336,147456
18,122,15360,147456
18,123,16384,147456
145,145,1024,148480
145,145,2048,148480
145,145,3072,148480
145,145,4096,148480
145,61,5120,148480
145,61,6144,148480
145,18,7168,148480
145,145,9216,148480
145,145,10240,148480
145,12,12288,148480
145,12,13312,148480
145,122,14336,148480
145,123,15360,148480
145,145,1024,149504
145,145,2048,149504
145,145,3072,149504
145,61,4096,149504
145,61,5120,149504
145,18,6144,149504
145,145,8192,149504
145,145,9216,149504
145,12,11264,149504
145,12,12288,149504
145,122,13312,149504
145,123,14336,149504
145,145,1024,150528
145,145,2048,150528
145,61,3072,150528
145,61,4096,150528
145,18,5120,150528
145,145,7168,150528
145,145,8192,150528
145,12,10240,150528
145,12,11264,150528
145,122,12288,150528
145,123,13312,150528
145,145,1024,151552
145,61,2048,151552
145,61,3072,151552
145,18,4096,151552
145,145,6144,151552
145,145,7168,151552
145,12,9216,151552
145,12,10240,151552
145,122,11264,151552
145,123,12288,151552
145,61,1024,152576
145,61,2048,152576
145,18,3072,152576
145,145,5120,152576
145,145,6144,152576
145,12,8192,152576
145,12,9216,152576
145,122,10240,152576
145,123,11264,152576
61,61,1024,153600
61,18,2048,153600
61,145,4096,153600
61,145,5120,153600
61,12,7168,153600
61,12,8192,153600
61,122,9216,153600
61,123,10240,153600
61,18,1024,154624
61,145,3072,154624
61,145,4096,154624
61,12,6144,154624
61,12,7168,154624
61,122,8192,154624
61,123,9216,154624
18,145,2048,155648
18,145,3072,155648
18,12,5120,155648
18,12,6144,155648
18,122,7168,155648
18,123,8192,155648
145,145,1024,157696
145,12,3072,157696
145,12,4096,157696
145,122,5120,157696
145,123,6144,157696
145,12,2048,158720
145,12,3072,158720
145,122,4096,158720
145,123,5120,158720
12,12,1024,160768
12,122,2048,160768
12,123,3072,160768
12,122,1024,161792
12,123,2048,161792
122,123,1024,162816
