37,37,1024,18432
37,37,7168,18432
37,37,18432,18432
37,36,19456,18432
37,37,6144,19456
37,37,17408,19456
37,36,18432,19456
37,37,11264,25600
37,36,12288,25600
37,36,15360,25600
37,37,16384,25600
37,36,1024,36864
37,36,4096,36864
37,37,5120,36864
37,37,11264,36864
37,36,12288,36864
37,37,13312,36864
36,36,3072,37888
36,37,4096,37888
36,37,10240,37888
36,36,11264,37888
36,37,12288,37888
36,37,1024,40960
36,37,7168,40960
36,36,8192,40960
36,37,9216,40960
37,37,6144,41984
37,36,7168,41984
37,37,8192,41984
37,36,1024,48128
37,37,2048,48128
36,37,1024,49152
36,37,1024,73728
36,37,2048,73728
36,37,3072,73728
36,37,8192,73728
36,36,9216,73728
36,37,13312,73728
36,37,17408,73728
36,36,20480,73728
37,37,1024,74752
37,37,2048,74752
37,37,7168,74752
37,36,8192,74752
37,37,12288,74752
37,37,16384,74752
37,36,19456,74752
37,37,1024,75776
37,37,6144,75776
37,36,7168,75776
37,37,11264,75776
37,37,15360,75776
37,36,18432,75776
37,37,5120,76800
37,36,6144,76800
37,37,10240,76800
37,37,14336,76800
37,36,17408,76800
37,36,1024,81920
37,37,5120,81920
37,37,9216,81920
37,36,12288,81920
36,37,4096,82944
36,37,8192,82944
36,36,11264,82944
37,37,4096,87040
37,36,7168,87040
37,36,3072,91136
43,44,3072,179200
43,44,4096,179200
43,37,11264,179200
43,43,13312,179200
43,43,14336,179200
43,43,15360,179200
43,43,16384,179200
43,43,17408,179200
44,44,1024,182272
44,37,8192,182272
44,43,10240,182272
44,43,11264,182272
44,43,12288,182272
44,43,13312,182272
44,43,14336,182272
44,37,18432,182272
44,37,20480,182272
44,37,7168,183296
44,43,9216,183296
44,43,10240,183296
44,43,11264,183296
44,43,12288,183296
44,43,13312,183296
44,37,17408,183296
44,37,19456,183296
37,43,2048,190464
37,43,3072,190464
37,43,4096,190464
37,43,5120,190464
37,43,6144,190464
37,37,10240,190464
37,37,12288,190464
37,43,19456,190464
37,43,20480,190464
43,43,1024,192512
43,43,2048,192512
43,43,3072,192512
43,43,4096,192512
43,37,8192,192512
43,37,10240,192512
43,43,17408,192512
43,43,18432,192512
43,43,19456,192512
43,43,20480,192512
43,43,1024,193536
43,43,2048,193536
43,43,3072,193536
43,37,7168,193536
43,37,9216,193536
43,43,16384,193536
43,43,17408,193536
43,43,18432,193536
43,43,19456,193536
43,43,20480,193536
43,43,1024,194560
43,43,2048,194560
43,37,6144,194560
43,37,8192,194560
43,43,15360,194560
43,43,16384,194560
43,43,17408,194560
43,43,18432,194560
43,43,19456,194560
43,43,20480,194560
43,43,1024,195584
43,37,5120,195584
43,37,7168,195584
43,43,14336,195584
43,43,15360,195584
43,43,16384,195584
43,43,17408,195584
43,43,18432,195584
43,43,19456,195584
43,37,4096,196608
43,37,6144,196608
43,43,13312,196608
43,43,14336,196608
43,43,15360,196608
43,43,16384,196608
43,43,17408,196608
43,43,18432,196608
43,43,20480,196608
37,37,2048,200704
37,43,9216,200704
37,43,10240,200704
37,43,11264,200704
37,43,12288,200704
37,43,13312,200704
37,43,14336,200704
37,43,16384,200704
37,38,20480,200704
37,43,7168,202752
37,43,8192,202752
37,43,9216,202752
37,43,10240,202752
37,43,11264,202752
37,43,12288,202752
37,43,14336,202752
37,38,18432,202752
37,43,19456,202752
37,38,20480,202752
43,43,1024,209920
43,43,2048,209920
43,43,3072,209920
43,43,4096,209920
43,43,5120,209920
43,43,7168,209920
43,38,11264,209920
43,43,12288,209920
43,38,13312,209920
43,43,16384,209920
43,74,17408,209920
43,43,18432,209920
43,43,19456,209920
43,43,20480,209920
43,43,1024,210944
43,43,2048,210944
43,43,3072,210944
43,43,4096,210944
43,43,6144,210944
43,38,10240,210944
43,43,11264,210944
43,38,12288,210944
43,43,15360,210944
43,74,16384,210944
43,43,17408,210944
43,43,18432,210944
43,43,19456,210944
43,43,20480,210944
43,43,1024,211968
43,43,2048,211968
43,43,3072,211968
43,43,5120,211968
43,38,9216,211968
43,43,10240,211968
43,38,11264,211968
43,43,14336,211968
43,74,15360,211968
43,43,16384,211968
43,43,17408,211968
43,43,18432,211968
43,43,19456,211968
43,43,20480,211968
43,43,1024,212992
43,43,2048,212992
43,43,4096,212992
43,38,8192,212992
43,43,9216,212992
43,38,10240,212992
43,43,13312,212992
43,74,14336,212992
43,43,15360,212992
43,43,16384,212992
43,43,17408,212992
43,43,18432,212992
43,43,19456,212992
43,74,20480,212992
43,43,1024,214016
43,43,3072,214016
43,38,7168,214016
43,43,8192,214016
43,38,9216,214016
43,43,12288,214016
43,74,13312,214016
43,43,14336,214016
43,43,15360,214016
43,43,16384,214016
43,43,17408,214016
43,43,18432,214016
43,74,19456,214016
43,43,2048,215040
43,38,6144,215040
43,43,7168,215040
43,38,8192,215040
43,43,11264,215040
43,74,12288,215040
43,43,13312,215040
43,43,14336,215040
43,43,15360,215040
43,43,16384,215040
43,43,17408,215040
43,74,18432,215040
43,43,20480,215040
43,38,4096,217088
43,43,5120,217088
43,38,6144,217088
43,43,9216,217088
43,74,10240,217088
43,43,11264,217088
43,43,12288,217088
43,43,13312,217088
43,43,14336,217088
43,43,15360,217088
43,74,16384,217088
43,43,18432,217088
43,65,19456,217088
43,78,20480,217088
38,43,1024,221184
38,38,2048,221184
38,43,5120,221184
38,74,6144,221184
38,43,7168,221184
38,43,8192,221184
38,43,9216,221184
38,43,10240,221184
38,43,11264,221184
38,74,12288,221184
38,43,14336,221184
38,65,15360,221184
38,78,16384,221184
38,78,17408,221184
43,38,1024,222208
43,43,4096,222208
43,74,5120,222208
43,43,6144,222208
43,43,7168,222208
43,43,8192,222208
43,43,9216,222208
43,43,10240,222208
43,74,11264,222208
43,43,13312,222208
43,65,14336,222208
43,78,15360,222208
43,78,16384,222208
43,37,17408,222208
38,43,3072,223232
38,74,4096,223232
38,43,5120,223232
38,43,6144,223232
38,43,7168,223232
38,43,8192,223232
38,43,9216,223232
38,74,10240,223232
38,43,12288,223232
38,65,13312,223232
38,78,14336,223232
38,78,15360,223232
38,37,16384,223232
38,37,17408,223232
43,74,1024,226304
43,43,2048,226304
43,43,3072,226304
43,43,4096,226304
43,43,5120,226304
43,43,6144,226304
43,74,7168,226304
43,43,9216,226304
43,65,10240,226304
43,78,11264,226304
43,78,12288,226304
43,37,13312,226304
43,37,14336,226304
43,37,15360,226304
74,43,1024,227328
74,43,2048,227328
74,43,3072,227328
74,43,4096,227328
74,43,5120,227328
74,74,6144,227328
74,43,8192,227328
74,65,9216,227328
74,78,10240,227328
74,78,11264,227328
74,37,12288,227328
74,37,13312,227328
74,37,14336,227328
74,37,15360,227328
43,43,1024,228352
43,43,2048,228352
43,43,3072,228352
43,43,4096,228352
43,74,5120,228352
43,43,7168,228352
43,65,8192,228352
43,78,9216,228352
43,78,10240,228352
43,37,11264,228352
43,37,12288,228352
43,37,13312,228352
43,37,14336,228352
43,37,15360,228352
43,43,1024,229376
43,43,2048,229376
43,43,3072,229376
43,74,4096,229376
43,43,6144,229376
43,65,7168,229376
43,78,8192,229376
43,78,9216,229376
43,37,10240,229376
43,37,11264,229376
43,37,12288,229376
43,37,13312,229376
43,37,14336,229376
43,37,15360,229376
43,43,1024,230400
43,43,2048,230400
43,74,3072,230400
43,43,5120,230400
43,65,6144,230400
43,78,7168,230400
43,78,8192,230400
43,37,9216,230400
43,37,10240,230400
43,37,11264,230400
43,37,12288,230400
43,37,13312,230400
43,37,14336,230400
43,37,15360,230400
43,43,1024,231424
43,74,2048,231424
43,43,4096,231424
43,65,5120,231424
43,78,6144,231424
43,78,7168,231424
43,37,8192,231424
43,37,9216,231424
43,37,10240,231424
43,37,11264,231424
43,37,12288,231424
43,37,13312,231424
43,37,14336,231424
43,74,1024,232448
43,43,3072,232448
43,65,4096,232448
43,78,5120,232448
43,78,6144,232448
43,37,7168,232448
43,37,8192,232448
43,37,9216,232448
43,37,10240,232448
43,37,11264,232448
43,37,12288,232448
43,37,13312,232448
74,43,2048,233472
74,65,3072,233472
74,78,4096,233472
74,78,5120,233472
74,37,6144,233472
74,37,7168,233472
74,37,8192,233472
74,37,9216,233472
74,37,10240,233472
74,37,11264,233472
74,37,12288,233472
43,65,1024,235520
43,78,2048,235520
43,78,3072,235520
43,37,4096,235520
43,37,5120,235520
43,37,6144,235520
43,37,7168,235520
43,37,8192,235520
43,37,9216,235520
43,37,10240,235520
43,36,19456,235520
43,55,20480,235520
65,78,1024,236544
65,78,2048,236544
65,37,3072,236544
65,37,4096,236544
65,37,5120,236544
65,37,6144,236544
65,37,7168,236544
65,37,8192,236544
65,37,9216,236544
65,36,18432,236544
65,55,19456,236544
78,78,1024,237568
78,37,2048,237568
78,37,3072,237568
78,37,4096,237568
78,37,5120,237568
78,37,6144,237568
78,37,7168,237568
78,37,8192,237568
78,36,17408,237568
78,55,18432,237568
78,55,20480,237568
78,37,1024,238592
78,37,2048,238592
78,37,3072,238592
78,37,4096,238592
78,37,5120,238592
78,37,6144,238592
78,37,7168,238592
78,36,16384,238592
78,55,17408,238592
78,55,19456,238592
78,19,20480,238592
37,37,1024,239616
37,37,2048,239616
37,37,3072,239616
37,37,4096,239616
37,37,5120,239616
37,37,6144,239616
37,36,15360,239616
37,55,16384,239616
37,55,18432,239616
37,19,19456,239616
37,37,1024,240640
37,37,2048,240640
37,37,3072,240640
37,37,4096,240640
37,37,5120,240640
37,36,14336,240640
37,55,15360,240640
37,55,17408,240640
37,19,18432,240640
37,43,20480,240640
37,37,1024,241664
37,37,2048,241664
37,37,3072,241664
37,37,4096,241664
37,36,13312,241664
37,55,14336,241664
37,55,16384,241664
37,19,17408,241664
37,43,19456,241664
37,37,1024,242688
37,37,2048,242688
37,37,3072,242688
37,36,12288,242688
37,55,13312,242688
37,55,15360,242688
37,19,16384,242688
37,43,18432,242688
37,37,1024,243712
37,37,2048,243712
37,36,11264,243712
37,55,12288,243712
37,55,14336,243712
37,19,15360,243712
37,43,17408,243712
37,48,20480,243712
37,37,1024,244736
37,36,10240,244736
37,55,11264,244736
37,55,13312,244736
37,19,14336,244736
37,43,16384,244736
37,48,19456,244736
37,36,9216,245760
37,55,10240,245760
37,55,12288,245760
37,19,13312,245760
37,43,15360,245760
37,48,18432,245760
37,43,20480,245760
36,55,1024,254976
36,55,3072,254976
36,19,4096,254976
36,43,6144,254976
36,48,9216,254976
36,43,11264,254976
36,43,12288,254976
36,42,14336,254976
36,43,15360,254976
36,23,17408,254976
36,43,20480,254976
55,55,2048,256000
55,19,3072,256000
55,43,5120,256000
55,48,8192,256000
55,43,10240,256000
55,43,11264,256000
55,42,13312,256000
55,43,14336,256000
55,23,16384,256000
55,43,19456,256000
55,43,20480,256000
55,19,1024,258048
55,43,3072,258048
55,48,6144,258048
55,43,8192,258048
55,43,9216,258048
55,42,11264,258048
55,43,12288,258048
55,23,14336,258048
55,43,17408,258048
55,43,18432,258048
55,43,20480,258048
19,43,2048,259072
19,48,5120,259072
19,43,7168,259072
19,43,8192,259072
19,42,10240,259072
19,43,11264,259072
19,23,13312,259072
19,43,16384,259072
19,43,17408,259072
19,43,19456,259072
19,43,20480,259072
43,48,3072,261120
43,43,5120,261120
43,43,6144,261120
43,42,8192,261120
43,43,9216,261120
43,23,11264,261120
43,43,14336,261120
43,43,15360,261120
43,43,17408,261120
43,43,18432,261120
43,42,19456,261120
43,43,20480,261120
48,43,2048,264192
48,43,3072,264192
48,42,5120,264192
48,43,6144,264192
48,23,8192,264192
48,43,11264,264192
48,43,12288,264192
48,43,14336,264192
48,43,15360,264192
48,42,16384,264192
48,43,17408,264192
48,54,19456,264192
48,24,20480,264192
43,43,1024,266240
43,42,3072,266240
43,43,4096,266240
43,23,6144,266240
43,43,9216,266240
43,43,10240,266240
43,43,12288,266240
43,43,13312,266240
43,42,14336,266240
43,43,15360,266240
43,54,17408,266240
43,24,18432,266240
43,42,2048,267264
43,43,3072,267264
43,23,5120,267264
43,43,8192,267264
43,43,9216,267264
43,43,11264,267264
43,43,12288,267264
43,42,13312,267264
43,43,14336,267264
43,54,16384,267264
43,24,17408,267264
43,27,20480,267264
42,43,1024,269312
42,23,3072,269312
42,43,6144,269312
42,43,7168,269312
42,43,9216,269312
42,43,10240,269312
42,42,11264,269312
42,43,12288,269312
42,54,14336,269312
42,24,15360,269312
42,27,18432,269312
42,72,20480,269312
43,23,2048,270336
43,43,5120,270336
43,43,6144,270336
43,43,8192,270336
43,43,9216,270336
43,42,10240,270336
43,43,11264,270336
43,54,13312,270336
43,24,14336,270336
43,27,17408,270336
43,72,19456,270336
23,43,3072,272384
23,43,4096,272384
23,43,6144,272384
23,43,7168,272384
23,42,8192,272384
23,43,9216,272384
23,54,11264,272384
23,24,12288,272384
23,27,15360,272384
23,72,17408,272384
23,36,20480,272384
43,43,1024,275456
43,43,3072,275456
43,43,4096,275456
43,42,5120,275456
43,43,6144,275456
43,54,8192,275456
43,24,9216,275456
43,27,12288,275456
43,72,14336,275456
43,36,17408,275456
43,36,19456,275456
43,61,20480,275456
43,43,2048,276480
43,43,3072,276480
43,42,4096,276480
43,43,5120,276480
43,54,7168,276480
43,24,8192,276480
43,27,11264,276480
43,72,13312,276480
43,36,16384,276480
43,36,18432,276480
43,61,19456,276480
43,36,20480,276480
43,43,1024,278528
43,42,2048,278528
43,43,3072,278528
43,54,5120,278528
43,24,6144,278528
43,27,9216,278528
43,72,11264,278528
43,36,14336,278528
43,36,16384,278528
43,61,17408,278528
43,36,18432,278528
43,55,20480,278528
43,42,1024,279552
43,43,2048,279552
43,54,4096,279552
43,24,5120,279552
43,27,8192,279552
43,72,10240,279552
43,36,13312,279552
43,36,15360,279552
43,61,16384,279552
43,36,17408,279552
43,55,19456,279552
42,43,1024,280576
42,54,3072,280576
42,24,4096,280576
42,27,7168,280576
42,72,9216,280576
42,36,12288,280576
42,36,14336,280576
42,61,15360,280576
42,36,16384,280576
42,55,18432,280576
42,29,20480,280576
43,54,2048,281600
43,24,3072,281600
43,27,6144,281600
43,72,8192,281600
43,36,11264,281600
43,36,13312,281600
43,61,14336,281600
43,36,15360,281600
43,55,17408,281600
43,29,19456,281600
43,43,20480,281600
54,24,1024,283648
54,27,4096,283648
54,72,6144,283648
54,36,9216,283648
54,36,11264,283648
54,61,12288,283648
54,36,13312,283648
54,55,15360,283648
54,29,17408,283648
54,43,18432,283648
24,27,3072,284672
24,72,5120,284672
24,36,8192,284672
24,36,10240,284672
24,61,11264,284672
24,36,12288,284672
24,55,14336,284672
24,29,16384,284672
24,43,17408,284672
24,25,20480,284672
27,72,2048,287744
27,36,5120,287744
27,36,7168,287744
27,61,8192,287744
27,36,9216,287744
27,55,11264,287744
27,29,13312,287744
27,43,14336,287744
27,25,17408,287744
27,43,19456,287744
27,22,20480,287744
72,36,3072,289792
72,36,5120,289792
72,61,6144,289792
72,36,7168,289792
72,55,9216,289792
72,29,11264,289792
72,43,12288,289792
72,25,15360,289792
72,43,17408,289792
72,22,18432,289792
72,22,20480,289792
36,36,2048,292864
36,61,3072,292864
36,36,4096,292864
36,55,6144,292864
36,29,8192,292864
36,43,9216,292864
36,25,12288,292864
36,43,14336,292864
36,22,15360,292864
36,22,17408,292864
36,51,20480,292864
36,61,1024,294912
36,36,2048,294912
36,55,4096,294912
36,29,6144,294912
36,43,7168,294912
36,25,10240,294912
36,43,12288,294912
36,22,13312,294912
36,22,15360,294912
36,51,18432,294912
61,36,1024,295936
61,55,3072,295936
61,29,5120,295936
61,43,6144,295936
61,25,9216,295936
61,43,11264,295936
61,22,12288,295936
61,22,14336,295936
61,51,17408,295936
61,43,20480,295936
36,55,2048,296960
36,29,4096,296960
36,43,5120,296960
36,25,8192,296960
36,43,10240,296960
36,22,11264,296960
36,22,13312,296960
36,51,16384,296960
36,43,19456,296960
36,43,20480,296960
55,29,2048,299008
55,43,3072,299008
55,25,6144,299008
55,43,8192,299008
55,22,9216,299008
55,22,11264,299008
55,51,14336,299008
55,43,17408,299008
55,43,18432,299008
55,43,19456,299008
55,43,20480,299008
29,43,1024,301056
29,25,4096,301056
29,43,6144,301056
29,22,7168,301056
29,22,9216,301056
29,51,12288,301056
29,43,15360,301056
29,43,16384,301056
29,43,17408,301056
29,43,18432,301056
29,22,19456,301056
29,64,20480,301056
43,25,3072,302080
43,43,5120,302080
43,22,6144,302080
43,22,8192,302080
43,51,11264,302080
43,43,14336,302080
43,43,15360,302080
43,43,16384,302080
43,43,17408,302080
43,22,18432,302080
43,64,19456,302080
43,43,20480,302080
25,43,2048,305152
25,22,3072,305152
25,22,5120,305152
25,51,8192,305152
25,43,11264,305152
25,43,12288,305152
25,43,13312,305152
25,43,14336,305152
25,22,15360,305152
25,64,16384,305152
25,43,17408,305152
25,48,19456,305152
25,29,20480,305152
43,22,1024,307200
43,22,3072,307200
43,51,6144,307200
43,43,9216,307200
43,43,10240,307200
43,43,11264,307200
43,43,12288,307200
43,22,13312,307200
43,64,14336,307200
43,43,15360,307200
43,48,17408,307200
43,29,18432,307200
43,27,20480,307200
22,22,2048,308224
22,51,5120,308224
22,43,8192,308224
22,43,9216,308224
22,43,10240,308224
22,43,11264,308224
22,22,12288,308224
22,64,13312,308224
22,43,14336,308224
22,48,16384,308224
22,29,17408,308224
22,27,19456,308224
22,54,20480,308224
22,51,3072,310272
22,43,6144,310272
22,43,7168,310272
22,43,8192,310272
22,43,9216,310272
22,22,10240,310272
22,64,11264,310272
22,43,12288,310272
22,48,14336,310272
22,29,15360,310272
22,27,17408,310272
22,54,18432,310272
22,30,19456,310272
51,43,3072,313344
51,43,4096,313344
51,43,5120,313344
51,43,6144,313344
51,22,7168,313344
51,64,8192,313344
51,43,9216,313344
51,48,11264,313344
51,29,12288,313344
51,27,14336,313344
51,54,15360,313344
51,30,16384,313344
43,43,1024,316416
43,43,2048,316416
43,43,3072,316416
43,22,4096,316416
43,64,5120,316416
43,43,6144,316416
43,48,8192,316416
43,29,9216,316416
43,27,11264,316416
43,54,12288,316416
43,30,13312,316416
43,43,1024,317440
43,43,2048,317440
43,22,3072,317440
43,64,4096,317440
43,43,5120,317440
43,48,7168,317440
43,29,8192,317440
43,27,10240,317440
43,54,11264,317440
43,30,12288,317440
43,43,1024,318464
43,22,2048,318464
43,64,3072,318464
43,43,4096,318464
43,48,6144,318464
43,29,7168,318464
43,27,9216,318464
43,54,10240,318464
43,30,11264,318464
43,22,1024,319488
43,64,2048,319488
43,43,3072,319488
43,48,5120,319488
43,29,6144,319488
43,27,8192,319488
43,54,9216,319488
43,30,10240,319488
22,64,1024,320512
22,43,2048,320512
22,48,4096,320512
22,29,5120,320512
22,27,7168,320512
22,54,8192,320512
22,30,9216,320512
64,43,1024,321536
64,48,3072,321536
64,29,4096,321536
64,27,6144,321536
64,54,7168,321536
64,30,8192,321536
43,48,2048,322560
43,29,3072,322560
43,27,5120,322560
43,54,6144,322560
43,30,7168,322560
48,29,1024,324608
48,27,3072,324608
48,54,4096,324608
48,30,5120,324608
29,27,2048,325632
29,54,3072,325632
29,30,4096,325632
27,54,1024,327680
27,30,2048,327680
54,30,1024,328704
