49,48,1024,56320
49,49,2048,56320
49,49,3072,56320
49,49,4096,56320
49,49,5120,56320
49,49,6144,56320
48,49,1024,57344
48,49,2048,57344
48,49,3072,57344
48,49,4096,57344
48,49,5120,57344
49,49,1024,58368
49,49,2048,58368
49,49,3072,58368
49,49,4096,58368
49,49,1024,59392
49,49,2048,59392
49,49,3072,59392
49,49,1024,60416
49,49,2048,60416
49,49,1024,61440
58,58,3072,94208
58,24,7168,94208
58,24,8192,94208
58,24,9216,94208
58,24,10240,94208
58,24,11264,94208
58,24,12288,94208
58,24,13312,94208
58,24,14336,94208
58,24,15360,94208
58,22,17408,94208
58,22,18432,94208
58,22,19456,94208
58,22,20480,94208
58,24,4096,97280
58,24,5120,97280
58,24,6144,97280
58,24,7168,97280
58,24,8192,97280
58,24,9216,97280
58,24,10240,97280
58,24,11264,97280
58,24,12288,97280
58,22,14336,97280
58,22,15360,97280
58,22,16384,97280
58,22,17408,97280
58,22,18432,97280
24,24,1024,101376
24,24,2048,101376
24,24,3072,101376
24,24,4096,101376
24,24,5120,101376
24,24,6144,101376
24,24,7168,101376
24,24,8192,101376
24,22,10240,101376
24,22,11264,101376
24,22,12288,101376
24,22,13312,101376
24,22,14336,101376
24,22,15360,101376
24,24,1024,102400
24,24,2048,102400
24,24,3072,102400
24,24,4096,102400
24,24,5120,102400
24,24,6144,102400
24,24,7168,102400
24,22,9216,102400
24,22,10240,102400
24,22,11264,102400
24,22,12288,102400
24,22,13312,102400
24,22,14336,102400
24,22,15360,102400
24,24,1024,103424
24,24,2048,103424
24,24,3072,103424
24,24,4096,103424
24,24,5120,103424
24,24,6144,103424
24,22,8192,103424
24,22,9216,103424
24,22,10240,103424
24,22,11264,103424
24,22,12288,103424
24,22,13312,103424
24,22,14336,103424
24,22,15360,103424
24,24,1024,104448
24,24,2048,104448
24,24,3072,104448
24,24,4096,104448
24,24,5120,104448
24,22,7168,104448
24,22,8192,104448
24,22,9216,104448
24,22,10240,104448
24,22,11264,104448
24,22,12288,104448
24,22,13312,104448
24,22,14336,104448
24,15,19456,104448
24,24,1024,105472
24,24,2048,105472
24,24,3072,105472
24,24,4096,105472
24,22,6144,105472
24,22,7168,105472
24,22,8192,105472
24,22,9216,105472
24,22,10240,105472
24,22,11264,105472
24,22,12288,105472
24,22,13312,105472
24,15,18432,105472
24,15,19456,105472
24,24,1024,106496
24,24,2048,106496
24,24,3072,106496
24,22,5120,106496
24,22,6144,106496
24,22,7168,106496
24,22,8192,106496
24,22,9216,106496
24,22,10240,106496
24,22,11264,106496
24,22,12288,106496
24,15,17408,106496
24,15,18432,106496
24,15,19456,106496
24,24,1024,107520
24,24,2048,107520
24,22,4096,107520
24,22,5120,107520
24,22,6144,107520
24,22,7168,107520
24,22,8192,107520
24,22,9216,107520
24,22,10240,107520
24,22,11264,107520
24,15,16384,107520
24,15,17408,107520
24,15,18432,107520
24,15,19456,107520
24,24,1024,108544
24,22,3072,108544
24,22,4096,108544
24,22,5120,108544
24,22,6144,108544
24,22,7168,108544
24,22,8192,108544
24,22,9216,108544
24,22,10240,108544
24,15,15360,108544
24,15,16384,108544
24,15,17408,108544
24,15,18432,108544
24,15,19456,108544
24,22,2048,109568
24,22,3072,109568
24,22,4096,109568
24,22,5120,109568
24,22,6144,109568
24,22,7168,109568
24,22,8192,109568
24,22,9216,109568
24,15,14336,109568
24,15,15360,109568
24,15,16384,109568
24,15,17408,109568
24,15,18432,109568
24,15,19456,109568
22,22,1024,111616
22,22,2048,111616
22,22,3072,111616
22,22,4096,111616
22,22,5120,111616
22,22,6144,111616
22,22,7168,111616
22,15,12288,111616
22,15,13312,111616
22,15,14336,111616
22,15,15360,111616
22,15,16384,111616
22,15,17408,111616
22,49,18432,111616
22,22,1024,112640
22,22,2048,112640
22,22,3072,112640
22,22,4096,112640
22,22,5120,112640
22,22,6144,112640
22,15,11264,112640
22,15,12288,112640
22,15,13312,112640
22,15,14336,112640
22,15,15360,112640
22,15,16384,112640
22,49,17408,112640
22,21,18432,112640
22,22,1024,113664
22,22,2048,113664
22,22,3072,113664
22,22,4096,113664
22,22,5120,113664
22,15,10240,113664
22,15,11264,113664
22,15,12288,113664
22,15,13312,113664
22,15,14336,113664
22,15,15360,113664
22,49,16384,113664
22,21,17408,113664
22,21,18432,113664
22,22,1024,114688
22,22,2048,114688
22,22,3072,114688
22,22,4096,114688
22,15,9216,114688
22,15,10240,114688
22,15,11264,114688
22,15,12288,114688
22,15,13312,114688
22,15,14336,114688
22,49,15360,114688
22,21,16384,114688
22,21,17408,114688
22,49,18432,114688
22,22,1024,115712
22,22,2048,115712
22,22,3072,115712
22,15,8192,115712
22,15,9216,115712
22,15,10240,115712
22,15,11264,115712
22,15,12288,115712
22,15,13312,115712
22,49,14336,115712
22,21,15360,115712
22,21,16384,115712
22,49,17408,115712
22,21,18432,115712
22,22,1024,116736
22,22,2048,116736
22,15,7168,116736
22,15,8192,116736
22,15,9216,116736
22,15,10240,116736
22,15,11264,116736
22,15,12288,116736
22,49,13312,116736
22,21,14336,116736
22,21,15360,116736
22,49,16384,116736
22,21,17408,116736
22,21,18432,116736
22,22,1024,117760
22,15,6144,117760
22,15,7168,117760
22,15,8192,117760
22,15,9216,117760
22,15,10240,117760
22,15,11264,117760
22,49,12288,117760
22,21,13312,117760
22,21,14336,117760
22,49,15360,117760
22,21,16384,117760
22,21,17408,117760
22,21,18432,117760
22,15,5120,118784
22,15,6144,118784
22,15,7168,118784
22,15,8192,118784
22,15,9216,118784
22,15,10240,118784
22,49,11264,118784
22,21,12288,118784
22,21,13312,118784
22,49,14336,118784
22,21,15360,118784
22,21,16384,118784
22,21,17408,118784
22,21,20480,118784
15,15,1024,123904
15,15,2048,123904
15,15,3072,123904
15,15,4096,123904
15,15,5120,123904
15,49,6144,123904
15,21,7168,123904
15,21,8192,123904
15,49,9216,123904
15,21,10240,123904
15,21,11264,123904
15,21,12288,123904
15,21,15360,123904
15,87,20480,123904
15,15,1024,124928
15,15,2048,124928
15,15,3072,124928
15,15,4096,124928
15,49,5120,124928
15,21,6144,124928
15,21,7168,124928
15,49,8192,124928
15,21,9216,124928
15,21,10240,124928
15,21,11264,124928
15,21,14336,124928
15,87,19456,124928
15,15,1024,125952
15,15,2048,125952
15,15,3072,125952
15,49,4096,125952
15,21,5120,125952
15,21,6144,125952
15,49,7168,125952
15,21,8192,125952
15,21,9216,125952
15,21,10240,125952
15,21,13312,125952
15,87,18432,125952
15,28,20480,125952
15,15,1024,126976
15,15,2048,126976
15,49,3072,126976
15,21,4096,126976
15,21,5120,126976
15,49,6144,126976
15,21,7168,126976
15,21,8192,126976
15,21,9216,126976
15,21,12288,126976
15,87,17408,126976
15,28,19456,126976
15,28,20480,126976
15,15,1024,128000
15,49,2048,128000
15,21,3072,128000
15,21,4096,128000
15,49,5120,128000
15,21,6144,128000
15,21,7168,128000
15,21,8192,128000
15,21,11264,128000
15,87,16384,128000
15,28,18432,128000
15,28,19456,128000
15,28,20480,128000
15,49,1024,129024
15,21,2048,129024
15,21,3072,129024
15,49,4096,129024
15,21,5120,129024
15,21,6144,129024
15,21,7168,129024
15,21,10240,129024
15,87,15360,129024
15,28,17408,129024
15,28,18432,129024
15,28,19456,129024
49,21,1024,130048
49,21,2048,130048
49,49,3072,130048
49,21,4096,130048
49,21,5120,130048
49,21,6144,130048
49,21,9216,130048
49,87,14336,130048
49,28,16384,130048
49,28,17408,130048
49,28,18432,130048
21,21,1024,131072
21,49,2048,131072
21,21,3072,131072
21,21,4096,131072
21,21,5120,131072
21,21,8192,131072
21,87,13312,131072
21,28,15360,131072
21,28,16384,131072
21,28,17408,131072
21,49,1024,132096
21,21,2048,132096
21,21,3072,132096
21,21,4096,132096
21,21,7168,132096
21,87,12288,132096
21,28,14336,132096
21,28,15360,132096
21,28,16384,132096
49,21,1024,133120
49,21,2048,133120
49,21,3072,133120
49,21,6144,133120
49,87,11264,133120
49,28,13312,133120
49,28,14336,133120
49,28,15360,133120
21,21,1024,134144
21,21,2048,134144
21,21,5120,134144
21,87,10240,134144
21,28,12288,134144
21,28,13312,134144
21,28,14336,134144
21,21,1024,135168
21,21,4096,135168
21,87,9216,135168
21,28,11264,135168
21,28,12288,135168
21,28,13312,135168
21,6,20480,135168
21,21,3072,136192
21,87,8192,136192
21,28,10240,136192
21,28,11264,136192
21,28,12288,136192
21,6,19456,136192
21,6,20480,136192
21,87,5120,139264
21,28,7168,139264
21,28,8192,139264
21,28,9216,139264
21,6,16384,139264
21,6,17408,139264
21,6,18432,139264
21,6,19456,139264
21,6,20480,139264
87,28,2048,144384
87,28,3072,144384
87,28,4096,144384
87,6,11264,144384
87,6,12288,144384
87,6,13312,144384
87,6,14336,144384
87,6,15360,144384
87,6,16384,144384
87,29,17408,144384
87,29,18432,144384
87,29,19456,144384
87,29,20480,144384
28,28,1024,146432
28,28,2048,146432
28,6,9216,146432
28,6,10240,146432
28,6,11264,146432
28,6,12288,146432
28,6,13312,146432
28,6,14336,146432
28,29,15360,146432
28,29,16384,146432
28,29,17408,146432
28,29,18432,146432
28,29,19456,146432
28,6,20480,146432
28,28,1024,147456
28,6,8192,147456
28,6,9216,147456
28,6,10240,147456
28,6,11264,147456
28,6,12288,147456
28,6,13312,147456
28,29,14336,147456
28,29,15360,147456
28,29,16384,147456
28,29,17408,147456
28,29,18432,147456
28,6,19456,147456
28,6,20480,147456
28,6,7168,148480
28,6,8192,148480
28,6,9216,148480
28,6,10240,148480
28,6,11264,148480
28,6,12288,148480
28,29,13312,148480
28,29,14336,148480
28,29,15360,148480
28,29,16384,148480
28,29,17408,148480
28,6,18432,148480
28,6,19456,148480
28,6,20480,148480
6,6,1024,155648
6,6,2048,155648
6,6,3072,155648
6,6,4096,155648
6,6,5120,155648
6,29,6144,155648
6,29,7168,155648
6,29,8192,155648
6,29,9216,155648
6,29,10240,155648
6,6,11264,155648
6,6,12288,155648
6,6,13312,155648
6,6,14336,155648
6,6,1024,156672
6,6,2048,156672
6,6,3072,156672
6,6,4096,156672
6,29,5120,156672
6,29,6144,156672
6,29,7168,156672
6,29,8192,156672
6,29,9216,156672
6,6,10240,156672
6,6,11264,156672
6,6,12288,156672
6,6,13312,156672
6,6,14336,156672
6,6,1024,157696
6,6,2048,157696
6,6,3072,157696
6,29,4096,157696
6,29,5120,157696
6,29,6144,157696
6,29,7168,157696
6,29,8192,157696
6,6,9216,157696
6,6,10240,157696
6,6,11264,157696
6,6,12288,157696
6,6,13312,157696
6,6,14336,157696
6,6,1024,158720
6,6,2048,158720
6,29,3072,158720
6,29,4096,158720
6,29,5120,158720
6,29,6144,158720
6,29,7168,158720
6,6,8192,158720
6,6,9216,158720
6,6,10240,158720
6,6,11264,158720
6,6,12288,158720
6,6,13312,158720
6,39,14336,158720
6,6,1024,159744
6,29,2048,159744
6,29,3072,159744
6,29,4096,159744
6,29,5120,159744
6,29,6144,159744
6,6,7168,159744
6,6,8192,159744
6,6,9216,159744
6,6,10240,159744
6,6,11264,159744
6,6,12288,159744
6,39,13312,159744
6,6,14336,159744
6,29,1024,160768
6,29,2048,160768
6,29,3072,160768
6,29,4096,160768
6,29,5120,160768
6,6,6144,160768
6,6,7168,160768
6,6,8192,160768
6,6,9216,160768
6,6,10240,160768
6,6,11264,160768
6,39,12288,160768
6,6,13312,160768
6,6,14336,160768
29,29,1024,161792
29,29,2048,161792
29,29,3072,161792
29,29,4096,161792
29,6,5120,161792
29,6,6144,161792
29,6,7168,161792
29,6,8192,161792
29,6,9216,161792
29,6,10240,161792
29,39,11264,161792
29,6,12288,161792
29,6,13312,161792
29,6,14336,161792
29,29,1024,162816
29,29,2048,162816
29,29,3072,162816
29,6,4096,162816
29,6,5120,162816
29,6,6144,162816
29,6,7168,162816
29,6,8192,162816
29,6,9216,162816
29,39,10240,162816
29,6,11264,162816
29,6,12288,162816
29,6,13312,162816
29,6,14336,162816
29,29,1024,163840
29,29,2048,163840
29,6,3072,163840
29,6,4096,163840
29,6,5120,163840
29,6,6144,163840
29,6,7168,163840
29,6,8192,163840
29,39,9216,163840
29,6,10240,163840
29,6,11264,163840
29,6,12288,163840
29,6,13312,163840
29,6,14336,163840
29,29,1024,164864
29,6,2048,164864
29,6,3072,164864
29,6,4096,164864
29,6,5120,164864
29,6,6144,164864
29,6,7168,164864
29,39,8192,164864
29,6,9216,164864
29,6,10240,164864
29,6,11264,164864
29,6,12288,164864
29,6,13312,164864
29,6,14336,164864
29,6,1024,165888
29,6,2048,165888
29,6,3072,165888
29,6,4096,165888
29,6,5120,165888
29,6,6144,165888
29,39,7168,165888
29,6,8192,165888
29,6,9216,165888
29,6,10240,165888
29,6,11264,165888
29,6,12288,165888
29,6,13312,165888
29,6,14336,165888
6,6,1024,166912
6,6,2048,166912
6,6,3072,166912
6,6,4096,166912
6,6,5120,166912
6,39,6144,166912
6,6,7168,166912
6,6,8192,166912
6,6,9216,166912
6,6,10240,166912
6,6,11264,166912
6,6,12288,166912
6,6,13312,166912
6,6,14336,166912
6,6,1024,167936
6,6,2048,167936
6,6,3072,167936
6,6,4096,167936
6,39,5120,167936
6,6,6144,167936
6,6,7168,167936
6,6,8192,167936
6,6,9216,167936
6,6,10240,167936
6,6,11264,167936
6,6,12288,167936
6,6,13312,167936
6,6,14336,167936
6,6,1024,168960
6,6,2048,168960
6,6,3072,168960
6,39,4096,168960
6,6,5120,168960
6,6,6144,168960
6,6,7168,168960
6,6,8192,168960
6,6,9216,168960
6,6,10240,168960
6,6,11264,168960
6,6,12288,168960
6,6,13312,168960
6,6,14336,168960
6,6,1024,169984
6,6,2048,169984
6,39,3072,169984
6,6,4096,169984
6,6,5120,169984
6,6,6144,169984
6,6,7168,169984
6,6,8192,169984
6,6,9216,169984
6,6,10240,169984
6,6,11264,169984
6,6,12288,169984
6,6,13312,169984
6,6,14336,169984
6,6,1024,171008
6,39,2048,171008
6,6,3072,171008
6,6,4096,171008
6,6,5120,171008
6,6,6144,171008
6,6,7168,171008
6,6,8192,171008
6,6,9216,171008
6,6,10240,171008
6,6,11264,171008
6,6,12288,171008
6,6,13312,171008
6,6,14336,171008
6,39,1024,172032
6,6,2048,172032
6,6,3072,172032
6,6,4096,172032
6,6,5120,172032
6,6,6144,172032
6,6,7168,172032
6,6,8192,172032
6,6,9216,172032
6,6,10240,172032
6,6,11264,172032
6,6,12288,172032
6,6,13312,172032
6,73,20480,172032
39,6,1024,173056
39,6,2048,173056
39,6,3072,173056
39,6,4096,173056
39,6,5120,173056
39,6,6144,173056
39,6,7168,173056
39,6,8192,173056
39,6,9216,173056
39,6,10240,173056
39,6,11264,173056
39,6,12288,173056
39,73,19456,173056
6,6,1024,174080
6,6,2048,174080
6,6,3072,174080
6,6,4096,174080
6,6,5120,174080
6,6,6144,174080
6,6,7168,174080
6,6,8192,174080
6,6,9216,174080
6,6,10240,174080
6,6,11264,174080
6,73,18432,174080
6,6,1024,175104
6,6,2048,175104
6,6,3072,175104
6,6,4096,175104
6,6,5120,175104
6,6,6144,175104
6,6,7168,175104
6,6,8192,175104
6,6,9216,175104
6,6,10240,175104
6,73,17408,175104
6,6,1024,176128
6,6,2048,176128
6,6,3072,176128
6,6,4096,176128
6,6,5120,176128
6,6,6144,176128
6,6,7168,176128
6,6,8192,176128
6,6,9216,176128
6,73,16384,176128
6,6,1024,177152
6,6,2048,177152
6,6,3072,177152
6,6,4096,177152
6,6,5120,177152
6,6,6144,177152
6,6,7168,177152
6,6,8192,177152
6,73,15360,177152
6,6,1024,178176
6,6,2048,178176
6,6,3072,178176
6,6,4096,178176
6,6,5120,178176
6,6,6144,178176
6,6,7168,178176
6,73,14336,178176
6,6,1024,179200
6,6,2048,179200
6,6,3072,179200
6,6,4096,179200
6,6,5120,179200
6,6,6144,179200
6,73,13312,179200
6,6,1024,180224
6,6,2048,180224
6,6,3072,180224
6,6,4096,180224
6,6,5120,180224
6,73,12288,180224
6,6,1024,181248
6,6,2048,181248
6,6,3072,181248
6,6,4096,181248
6,73,11264,181248
6,6,1024,182272
6,6,2048,182272
6,6,3072,182272
6,73,10240,182272
6,6,1024,183296
6,6,2048,183296
6,73,9216,183296
6,6,1024,184320
6,73,8192,184320
6,34,20480,184320
6,73,7168,185344
6,34,19456,185344
73,34,12288,192512
27,27,1024,269312
27,27,2048,269312
27,27,3072,269312
27,9,6144,269312
27,9,7168,269312
27,29,8192,269312
27,29,9216,269312
27,29,10240,269312
27,9,11264,269312
27,29,12288,269312
27,49,13312,269312
27,17,14336,269312
27,29,15360,269312
27,29,16384,269312
27,27,1024,270336
27,27,2048,270336
27,9,5120,270336
27,9,6144,270336
27,29,7168,270336
27,29,8192,270336
27,29,9216,270336
27,9,10240,270336
27,29,11264,270336
27,49,12288,270336
27,17,13312,270336
27,29,14336,270336
27,29,15360,270336
27,9,16384,270336
27,27,1024,271360
27,9,4096,271360
27,9,5120,271360
27,29,6144,271360
27,29,7168,271360
27,29,8192,271360
27,9,9216,271360
27,29,10240,271360
27,49,11264,271360
27,17,12288,271360
27,29,13312,271360
27,29,14336,271360
27,9,15360,271360
27,43,19456,271360
27,9,3072,272384
27,9,4096,272384
27,29,5120,272384
27,29,6144,272384
27,29,7168,272384
27,9,8192,272384
27,29,9216,272384
27,49,10240,272384
27,17,11264,272384
27,29,12288,272384
27,29,13312,272384
27,9,14336,272384
27,43,18432,272384
27,9,19456,272384
9,9,1024,275456
9,29,2048,275456
9,29,3072,275456
9,29,4096,275456
9,9,5120,275456
9,29,6144,275456
9,49,7168,275456
9,17,8192,275456
9,29,9216,275456
9,29,10240,275456
9,9,11264,275456
9,43,15360,275456
9,9,16384,275456
9,9,17408,275456
9,29,1024,276480
9,29,2048,276480
9,29,3072,276480
9,9,4096,276480
9,29,5120,276480
9,49,6144,276480
9,17,7168,276480
9,29,8192,276480
9,29,9216,276480
9,9,10240,276480
9,43,14336,276480
9,9,15360,276480
9,9,16384,276480
9,9,17408,276480
29,29,1024,277504
29,29,2048,277504
29,9,3072,277504
29,29,4096,277504
29,49,5120,277504
29,17,6144,277504
29,29,7168,277504
29,29,8192,277504
29,9,9216,277504
29,43,13312,277504
29,9,14336,277504
29,9,15360,277504
29,9,16384,277504
29,27,17408,277504
29,29,1024,278528
29,9,2048,278528
29,29,3072,278528
29,49,4096,278528
29,17,5120,278528
29,29,6144,278528
29,29,7168,278528
29,9,8192,278528
29,43,12288,278528
29,9,13312,278528
29,9,14336,278528
29,9,15360,278528
29,27,16384,278528
29,9,17408,278528
29,9,1024,279552
29,29,2048,279552
29,49,3072,279552
29,17,4096,279552
29,29,5120,279552
29,29,6144,279552
29,9,7168,279552
29,43,11264,279552
29,9,12288,279552
29,9,13312,279552
29,9,14336,279552
29,27,15360,279552
29,9,16384,279552
29,6,20480,279552
9,29,1024,280576
9,49,2048,280576
9,17,3072,280576
9,29,4096,280576
9,29,5120,280576
9,9,6144,280576
9,43,10240,280576
9,9,11264,280576
9,9,12288,280576
9,9,13312,280576
9,27,14336,280576
9,9,15360,280576
9,6,19456,280576
9,6,20480,280576
29,49,1024,281600
29,17,2048,281600
29,29,3072,281600
29,29,4096,281600
29,9,5120,281600
29,43,9216,281600
29,9,10240,281600
29,9,11264,281600
29,9,12288,281600
29,27,13312,281600
29,9,14336,281600
29,6,18432,281600
29,6,19456,281600
29,6,20480,281600
49,17,1024,282624
49,29,2048,282624
49,29,3072,282624
49,9,4096,282624
49,43,8192,282624
49,9,9216,282624
49,9,10240,282624
49,9,11264,282624
49,27,12288,282624
49,9,13312,282624
49,6,17408,282624
49,6,18432,282624
49,6,19456,282624
49,6,20480,282624
17,29,1024,283648
17,29,2048,283648
17,9,3072,283648
17,43,7168,283648
17,9,8192,283648
17,9,9216,283648
17,9,10240,283648
17,27,11264,283648
17,9,12288,283648
17,6,16384,283648
17,6,17408,283648
17,6,18432,283648
17,6,19456,283648
17,6,20480,283648
29,29,1024,284672
29,9,2048,284672
29,43,6144,284672
29,9,7168,284672
29,9,8192,284672
29,9,9216,284672
29,27,10240,284672
29,9,11264,284672
29,6,15360,284672
29,6,16384,284672
29,6,17408,284672
29,6,18432,284672
29,6,19456,284672
29,6,20480,284672
29,9,1024,285696
29,43,5120,285696
29,9,6144,285696
29,9,7168,285696
29,9,8192,285696
29,27,9216,285696
29,9,10240,285696
29,6,14336,285696
29,6,15360,285696
29,6,16384,285696
29,6,17408,285696
29,6,18432,285696
29,6,19456,285696
29,6,20480,285696
9,43,4096,286720
9,9,5120,286720
9,9,6144,286720
9,9,7168,286720
9,27,8192,286720
9,9,9216,286720
9,6,13312,286720
9,6,14336,286720
9,6,15360,286720
9,6,16384,286720
9,6,17408,286720
9,6,18432,286720
9,6,19456,286720
43,9,1024,290816
43,9,2048,290816
43,9,3072,290816
43,27,4096,290816
43,9,5120,290816
43,6,9216,290816
43,6,10240,290816
43,6,11264,290816
43,6,12288,290816
43,6,13312,290816
43,6,14336,290816
43,6,15360,290816
9,9,1024,291840
9,9,2048,291840
9,27,3072,291840
9,9,4096,291840
9,6,8192,291840
9,6,9216,291840
9,6,10240,291840
9,6,11264,291840
9,6,12288,291840
9,6,13312,291840
9,6,14336,291840
9,9,1024,292864
9,27,2048,292864
9,9,3072,292864
9,6,7168,292864
9,6,8192,292864
9,6,9216,292864
9,6,10240,292864
9,6,11264,292864
9,6,12288,292864
9,6,13312,292864
9,27,1024,293888
9,9,2048,293888
9,6,6144,293888
9,6,7168,293888
9,6,8192,293888
9,6,9216,293888
9,6,10240,293888
9,6,11264,293888
9,6,12288,293888
9,14,20480,293888
27,9,1024,294912
27,6,5120,294912
27,6,6144,294912
27,6,7168,294912
27,6,8192,294912
27,6,9216,294912
27,6,10240,294912
27,6,11264,294912
27,14,19456,294912
27,36,20480,294912
9,6,4096,295936
9,6,5120,295936
9,6,6144,295936
9,6,7168,295936
9,6,8192,295936
9,6,9216,295936
9,6,10240,295936
9,14,18432,295936
9,36,19456,295936
9,14,20480,295936
6,6,1024,300032
6,6,2048,300032
6,6,3072,300032
6,6,4096,300032
6,6,5120,300032
6,6,6144,300032
6,14,14336,300032
6,36,15360,300032
6,14,16384,300032
6,14,17408,300032
6,14,18432,300032
6,14,19456,300032
6,14,20480,300032
6,6,1024,301056
6,6,2048,301056
6,6,3072,301056
6,6,4096,301056
6,6,5120,301056
6,14,13312,301056
6,36,14336,301056
6,14,15360,301056
6,14,16384,301056
6,14,17408,301056
6,14,18432,301056
6,14,19456,301056
6,14,20480,301056
6,6,1024,302080
6,6,2048,302080
6,6,3072,302080
6,6,4096,302080
6,14,12288,302080
6,36,13312,302080
6,14,14336,302080
6,14,15360,302080
6,14,16384,302080
6,14,17408,302080
6,14,18432,302080
6,14,19456,302080
6,14,20480,302080
6,6,1024,303104
6,6,2048,303104
6,6,3072,303104
6,14,11264,303104
6,36,12288,303104
6,14,13312,303104
6,14,14336,303104
6,14,15360,303104
6,14,16384,303104
6,14,17408,303104
6,14,18432,303104
6,14,19456,303104
6,14,20480,303104
6,6,1024,304128
6,6,2048,304128
6,14,10240,304128
6,36,11264,304128
6,14,12288,304128
6,14,13312,304128
6,14,14336,304128
6,14,15360,304128
6,14,16384,304128
6,14,17408,304128
6,14,18432,304128
6,14,19456,304128
6,14,20480,304128
6,6,1024,305152
6,14,9216,305152
6,36,10240,305152
6,14,11264,305152
6,14,12288,305152
6,14,13312,305152
6,14,14336,305152
6,14,15360,305152
6,14,16384,305152
6,14,17408,305152
6,14,18432,305152
6,14,19456,305152
6,7,20480,305152
6,14,8192,306176
6,36,9216,306176
6,14,10240,306176
6,14,11264,306176
6,14,12288,306176
6,14,13312,306176
6,14,14336,306176
6,14,15360,306176
6,14,16384,306176
6,14,17408,306176
6,14,18432,306176
6,7,19456,306176
6,7,20480,306176
14,36,1024,314368
14,14,2048,314368
14,14,3072,314368
14,14,4096,314368
14,14,5120,314368
14,14,6144,314368
14,14,7168,314368
14,14,8192,314368
14,14,9216,314368
14,14,10240,314368
14,7,11264,314368
14,7,12288,314368
36,14,1024,315392
36,14,2048,315392
36,14,3072,315392
36,14,4096,315392
36,14,5120,315392
36,14,6144,315392
36,14,7168,315392
36,14,8192,315392
36,14,9216,315392
36,7,10240,315392
36,7,11264,315392
14,14,1024,316416
14,14,2048,316416
14,14,3072,316416
14,14,4096,316416
14,14,5120,316416
14,14,6144,316416
14,14,7168,316416
14,14,8192,316416
14,7,9216,316416
14,7,10240,316416
14,14,1024,317440
14,14,2048,317440
14,14,3072,317440
14,14,4096,317440
14,14,5120,317440
14,14,6144,317440
14,14,7168,317440
14,7,8192,317440
14,7,9216,317440
14,14,1024,318464
14,14,2048,318464
14,14,3072,318464
14,14,4096,318464
14,14,5120,318464
14,14,6144,318464
14,7,7168,318464
14,7,8192,318464
14,14,1024,319488
14,14,2048,319488
14,14,3072,319488
14,14,4096,319488
14,14,5120,319488
14,7,6144,319488
14,7,7168,319488
14,14,1024,320512
14,14,2048,320512
14,14,3072,320512
14,14,4096,320512
14,7,5120,320512
14,7,6144,320512
14,14,1024,321536
14,14,2048,321536
14,14,3072,321536
14,7,4096,321536
14,7,5120,321536
14,14,1024,322560
14,14,2048,322560
14,7,3072,322560
14,7,4096,322560
14,14,1024,323584
14,7,2048,323584
14,7,3072,323584
14,7,1024,324608
14,7,2048,324608
7,7,1024,325632
