21,23,3072,7168
21,27,11264,7168
23,27,8192,10240
27,48,14336,18432
27,24,15360,18432
27,22,17408,18432
27,22,19456,18432
48,24,1024,32768
48,22,3072,32768
48,22,5120,32768
48,16,11264,32768
48,49,12288,32768
48,82,13312,32768
48,82,14336,32768
48,14,15360,32768
48,73,16384,32768
48,24,17408,32768
48,41,19456,32768
48,41,20480,32768
24,22,2048,33792
24,22,4096,33792
24,16,10240,33792
24,49,11264,33792
24,82,12288,33792
24,82,13312,33792
24,14,14336,33792
24,73,15360,33792
24,24,16384,33792
24,41,18432,33792
24,41,19456,33792
22,22,2048,35840
22,16,8192,35840
22,49,9216,35840
22,82,10240,35840
22,82,11264,35840
22,14,12288,35840
22,73,13312,35840
22,24,14336,35840
22,41,16384,35840
22,41,17408,35840
22,16,19456,35840
22,16,20480,35840
22,16,6144,37888
22,49,7168,37888
22,82,8192,37888
22,82,9216,37888
22,14,10240,37888
22,73,11264,37888
22,24,12288,37888
22,41,14336,37888
22,41,15360,37888
22,16,17408,37888
22,16,18432,37888
22,16,19456,37888
22,16,20480,37888
16,49,1024,44032
16,82,2048,44032
16,82,3072,44032
16,14,4096,44032
16,73,5120,44032
16,24,6144,44032
16,41,8192,44032
16,41,9216,44032
16,16,11264,44032
16,16,12288,44032
16,16,13312,44032
16,16,14336,44032
16,41,15360,44032
16,41,16384,44032
49,82,1024,45056
49,82,2048,45056
49,14,3072,45056
49,73,4096,45056
49,24,5120,45056
49,41,7168,45056
49,41,8192,45056
49,16,10240,45056
49,16,11264,45056
49,16,12288,45056
49,16,13312,45056
49,41,14336,45056
49,41,15360,45056
49,41,16384,45056
82,82,1024,46080
82,14,2048,46080
82,73,3072,46080
82,24,4096,46080
82,41,6144,46080
82,41,7168,46080
82,16,9216,46080
82,16,10240,46080
82,16,11264,46080
82,16,12288,46080
82,41,13312,46080
82,41,14336,46080
82,41,15360,46080
82,47,17408,46080
82,14,1024,47104
82,73,2048,47104
82,24,3072,47104
82,41,5120,47104
82,41,6144,47104
82,16,8192,47104
82,16,9216,47104
82,16,10240,47104
82,16,11264,47104
82,41,12288,47104
82,41,13312,47104
82,41,14336,47104
82,47,16384,47104
82,46,17408,47104
14,73,1024,48128
14,24,2048,48128
14,41,4096,48128
14,41,5120,48128
14,16,7168,48128
14,16,8192,48128
14,16,9216,48128
14,16,10240,48128
14,41,11264,48128
14,41,12288,48128
14,41,13312,48128
14,47,15360,48128
14,46,16384,48128
14,47,17408,48128
73,24,1024,49152
73,41,3072,49152
73,41,4096,49152
73,16,6144,49152
73,16,7168,49152
73,16,8192,49152
73,16,9216,49152
73,41,10240,49152
73,41,11264,49152
73,41,12288,49152
73,47,14336,49152
73,46,15360,49152
73,47,16384,49152
73,129,17408,49152
24,41,2048,50176
24,41,3072,50176
24,16,5120,50176
24,16,6144,50176
24,16,7168,50176
24,16,8192,50176
24,41,9216,50176
24,41,10240,50176
24,41,11264,50176
24,47,13312,50176
24,46,14336,50176
24,47,15360,50176
24,129,16384,50176
24,11,17408,50176
41,41,1024,52224
41,16,3072,52224
41,16,4096,52224
41,16,5120,52224
41,16,6144,52224
41,41,7168,52224
41,41,8192,52224
41,41,9216,52224
41,47,11264,52224
41,46,12288,52224
41,47,13312,52224
41,129,14336,52224
41,11,15360,52224
41,147,16384,52224
41,16,2048,53248
41,16,3072,53248
41,16,4096,53248
41,16,5120,53248
41,41,6144,53248
41,41,7168,53248
41,41,8192,53248
41,47,10240,53248
41,46,11264,53248
41,47,12288,53248
41,129,13312,53248
41,11,14336,53248
41,147,15360,53248
41,91,16384,53248
16,16,1024,55296
16,16,2048,55296
16,16,3072,55296
16,41,4096,55296
16,41,5120,55296
16,41,6144,55296
16,47,8192,55296
16,46,9216,55296
16,47,10240,55296
16,129,11264,55296
16,11,12288,55296
16,147,13312,55296
16,91,14336,55296
16,148,15360,55296
16,16,1024,56320
16,16,2048,56320
16,41,3072,56320
16,41,4096,56320
16,41,5120,56320
16,47,7168,56320
16,46,8192,56320
16,47,9216,56320
16,129,10240,56320
16,11,11264,56320
16,147,12288,56320
16,91,13312,56320
16,148,14336,56320
16,36,15360,56320
16,16,1024,57344
16,41,2048,57344
16,41,3072,57344
16,41,4096,57344
16,47,6144,57344
16,46,7168,57344
16,47,8192,57344
16,129,9216,57344
16,11,10240,57344
16,147,11264,57344
16,91,12288,57344
16,148,13312,57344
16,36,14336,57344
16,37,15360,57344
16,41,1024,58368
16,41,2048,58368
16,41,3072,58368
16,47,5120,58368
16,46,6144,58368
16,47,7168,58368
16,129,8192,58368
16,11,9216,58368
16,147,10240,58368
16,91,11264,58368
16,148,12288,58368
16,36,13312,58368
16,37,14336,58368
16,15,15360,58368
41,41,1024,59392
41,41,2048,59392
41,47,4096,59392
41,46,5120,59392
41,47,6144,59392
41,129,7168,59392
41,11,8192,59392
41,147,9216,59392
41,91,10240,59392
41,148,11264,59392
41,36,12288,59392
41,37,13312,59392
41,15,14336,59392
41,54,15360,59392
41,41,1024,60416
41,47,3072,60416
41,46,4096,60416
41,47,5120,60416
41,129,6144,60416
41,11,7168,60416
41,147,8192,60416
41,91,9216,60416
41,148,10240,60416
41,36,11264,60416
41,37,12288,60416
41,15,13312,60416
41,54,14336,60416
41,27,15360,60416
41,47,2048,61440
41,46,3072,61440
41,47,4096,61440
41,129,5120,61440
41,11,6144,61440
41,147,7168,61440
41,91,8192,61440
41,148,9216,61440
41,36,10240,61440
41,37,11264,61440
41,15,12288,61440
41,54,13312,61440
41,27,14336,61440
41,124,16384,61440
47,46,1024,63488
47,47,2048,63488
47,129,3072,63488
47,11,4096,63488
47,147,5120,63488
47,91,6144,63488
47,148,7168,63488
47,36,8192,63488
47,37,9216,63488
47,15,10240,63488
47,54,11264,63488
47,27,12288,63488
47,124,14336,63488
47,161,15360,63488
46,47,1024,64512
46,129,2048,64512
46,11,3072,64512
46,147,4096,64512
46,91,5120,64512
46,148,6144,64512
46,36,7168,64512
46,37,8192,64512
46,15,9216,64512
46,54,10240,64512
46,27,11264,64512
46,124,13312,64512
46,161,14336,64512
46,32,15360,64512
47,129,1024,65536
47,11,2048,65536
47,147,3072,65536
47,91,4096,65536
47,148,5120,65536
47,36,6144,65536
47,37,7168,65536
47,15,8192,65536
47,54,9216,65536
47,27,10240,65536
47,124,12288,65536
47,161,13312,65536
47,32,14336,65536
47,123,15360,65536
129,11,1024,66560
129,147,2048,66560
129,91,3072,66560
129,148,4096,66560
129,36,5120,66560
129,37,6144,66560
129,15,7168,66560
129,54,8192,66560
129,27,9216,66560
129,124,11264,66560
129,161,12288,66560
129,32,13312,66560
129,123,14336,66560
129,41,15360,66560
11,147,1024,67584
11,91,2048,67584
11,148,3072,67584
11,36,4096,67584
11,37,5120,67584
11,15,6144,67584
11,54,7168,67584
11,27,8192,67584
11,124,10240,67584
11,161,11264,67584
11,32,12288,67584
11,123,13312,67584
11,41,14336,67584
11,41,15360,67584
147,91,1024,68608
147,148,2048,68608
147,36,3072,68608
147,37,4096,68608
147,15,5120,68608
147,54,6144,68608
147,27,7168,68608
147,124,9216,68608
147,161,10240,68608
147,32,11264,68608
147,123,12288,68608
147,41,13312,68608
147,41,14336,68608
147,82,15360,68608
91,148,1024,69632
91,36,2048,69632
91,37,3072,69632
91,15,4096,69632
91,54,5120,69632
91,27,6144,69632
91,124,8192,69632
91,161,9216,69632
91,32,10240,69632
91,123,11264,69632
91,41,12288,69632
91,41,13312,69632
91,82,14336,69632
91,46,16384,69632
148,36,1024,70656
148,37,2048,70656
148,15,3072,70656
148,54,4096,70656
148,27,5120,70656
148,124,7168,70656
148,161,8192,70656
148,32,9216,70656
148,123,10240,70656
148,41,11264,70656
148,41,12288,70656
148,82,13312,70656
148,46,15360,70656
148,46,16384,70656
36,37,1024,71680
36,15,2048,71680
36,54,3072,71680
36,27,4096,71680
36,124,6144,71680
36,161,7168,71680
36,32,8192,71680
36,123,9216,71680
36,41,10240,71680
36,41,11264,71680
36,82,12288,71680
36,46,14336,71680
36,46,15360,71680
36,46,16384,71680
37,15,1024,72704
37,54,2048,72704
37,27,3072,72704
37,124,5120,72704
37,161,6144,72704
37,32,7168,72704
37,123,8192,72704
37,41,9216,72704
37,41,10240,72704
37,82,11264,72704
37,46,13312,72704
37,46,14336,72704
37,46,15360,72704
37,146,16384,72704
15,54,1024,73728
15,27,2048,73728
15,124,4096,73728
15,161,5120,73728
15,32,6144,73728
15,123,7168,73728
15,41,8192,73728
15,41,9216,73728
15,82,10240,73728
15,46,12288,73728
15,46,13312,73728
15,46,14336,73728
15,146,15360,73728
15,48,16384,73728
54,27,1024,74752
54,124,3072,74752
54,161,4096,74752
54,32,5120,74752
54,123,6144,74752
54,41,7168,74752
54,41,8192,74752
54,82,9216,74752
54,46,11264,74752
54,46,12288,74752
54,46,13312,74752
54,146,14336,74752
54,48,15360,74752
54,15,17408,74752
27,124,2048,75776
27,161,3072,75776
27,32,4096,75776
27,123,5120,75776
27,41,6144,75776
27,41,7168,75776
27,82,8192,75776
27,46,10240,75776
27,46,11264,75776
27,46,12288,75776
27,146,13312,75776
27,48,14336,75776
27,15,16384,75776
27,41,19456,75776
124,161,1024,77824
124,32,2048,77824
124,123,3072,77824
124,41,4096,77824
124,41,5120,77824
124,82,6144,77824
124,46,8192,77824
124,46,9216,77824
124,46,10240,77824
124,146,11264,77824
124,48,12288,77824
124,15,14336,77824
124,41,17408,77824
124,92,18432,77824
161,32,1024,78848
161,123,2048,78848
161,41,3072,78848
161,41,4096,78848
161,82,5120,78848
161,46,7168,78848
161,46,8192,78848
161,46,9216,78848
161,146,10240,78848
161,48,11264,78848
161,15,13312,78848
161,41,16384,78848
161,92,17408,78848
161,10,18432,78848
32,123,1024,79872
32,41,2048,79872
32,41,3072,79872
32,82,4096,79872
32,46,6144,79872
32,46,7168,79872
32,46,8192,79872
32,146,9216,79872
32,48,10240,79872
32,15,12288,79872
32,41,15360,79872
32,92,16384,79872
32,10,17408,79872
32,123,20480,79872
123,41,1024,80896
123,41,2048,80896
123,82,3072,80896
123,46,5120,80896
123,46,6144,80896
123,46,7168,80896
123,146,8192,80896
123,48,9216,80896
123,15,11264,80896
123,41,14336,80896
123,92,15360,80896
123,10,16384,80896
123,123,19456,80896
123,9,20480,80896
41,41,1024,81920
41,82,2048,81920
41,46,4096,81920
41,46,5120,81920
41,46,6144,81920
41,146,7168,81920
41,48,8192,81920
41,15,10240,81920
41,41,13312,81920
41,92,14336,81920
41,10,15360,81920
41,123,18432,81920
41,9,19456,81920
41,82,1024,82944
41,46,3072,82944
41,46,4096,82944
41,46,5120,82944
41,146,6144,82944
41,48,7168,82944
41,15,9216,82944
41,41,12288,82944
41,92,13312,82944
41,10,14336,82944
41,123,17408,82944
41,9,18432,82944
41,82,20480,82944
82,46,2048,83968
82,46,3072,83968
82,46,4096,83968
82,146,5120,83968
82,48,6144,83968
82,15,8192,83968
82,41,11264,83968
82,92,12288,83968
82,10,13312,83968
82,123,16384,83968
82,9,17408,83968
82,82,19456,83968
46,46,1024,86016
46,46,2048,86016
46,146,3072,86016
46,48,4096,86016
46,15,6144,86016
46,41,9216,86016
46,92,10240,86016
46,10,11264,86016
46,123,14336,86016
46,9,15360,86016
46,82,17408,86016
46,46,1024,87040
46,146,2048,87040
46,48,3072,87040
46,15,5120,87040
46,41,8192,87040
46,92,9216,87040
46,10,10240,87040
46,123,13312,87040
46,9,14336,87040
46,82,16384,87040
46,146,1024,88064
46,48,2048,88064
46,15,4096,88064
46,41,7168,88064
46,92,8192,88064
46,10,9216,88064
46,123,12288,88064
46,9,13312,88064
46,82,15360,88064
146,48,1024,89088
146,15,3072,89088
146,41,6144,89088
146,92,7168,89088
146,10,8192,89088
146,123,11264,89088
146,9,12288,89088
146,82,14336,89088
48,15,2048,90112
48,41,5120,90112
48,92,6144,90112
48,10,7168,90112
48,123,10240,90112
48,9,11264,90112
48,82,13312,90112
15,41,3072,92160
15,92,4096,92160
15,10,5120,92160
15,123,8192,92160
15,9,9216,92160
15,82,11264,92160
15,46,19456,92160
15,10,20480,92160
41,92,1024,95232
41,10,2048,95232
41,123,5120,95232
41,9,6144,95232
41,82,8192,95232
41,46,16384,95232
41,10,17408,95232
41,9,18432,95232
41,123,20480,95232
92,10,1024,96256
92,123,4096,96256
92,9,5120,96256
92,82,7168,96256
92,46,15360,96256
92,10,16384,96256
92,9,17408,96256
92,123,19456,96256
92,49,20480,96256
10,123,3072,97280
10,9,4096,97280
10,82,6144,97280
10,46,14336,97280
10,10,15360,97280
10,9,16384,97280
10,123,18432,97280
10,49,19456,97280
10,61,20480,97280
123,9,1024,100352
123,82,3072,100352
123,46,11264,100352
123,10,12288,100352
123,9,13312,100352
123,123,15360,100352
123,49,16384,100352
123,61,17408,100352
9,82,2048,101376
9,46,10240,101376
9,10,11264,101376
9,9,12288,101376
9,123,14336,101376
9,49,15360,101376
9,61,16384,101376
82,46,8192,103424
82,10,9216,103424
82,9,10240,103424
82,123,12288,103424
82,49,13312,103424
82,61,14336,103424
82,49,19456,103424
46,10,1024,111616
46,9,2048,111616
46,123,4096,111616
46,49,5120,111616
46,61,6144,111616
46,49,11264,111616
46,23,14336,111616
46,41,17408,111616
46,41,18432,111616
46,41,19456,111616
46,41,20480,111616
10,9,1024,112640
10,123,3072,112640
10,49,4096,112640
10,61,5120,112640
10,49,10240,112640
10,23,13312,112640
10,41,16384,112640
10,41,17408,112640
10,41,18432,112640
10,41,19456,112640
9,123,2048,113664
9,49,3072,113664
9,61,4096,113664
9,49,9216,113664
9,23,12288,113664
9,41,15360,113664
9,41,16384,113664
9,41,17408,113664
9,41,18432,113664
9,10,20480,113664
123,49,1024,115712
123,61,2048,115712
123,49,7168,115712
123,23,10240,115712
123,41,13312,115712
123,41,14336,115712
123,41,15360,115712
123,41,16384,115712
123,10,18432,115712
123,10,19456,115712
123,46,20480,115712
49,61,1024,116736
49,49,6144,116736
49,23,9216,116736
49,41,12288,116736
49,41,13312,116736
49,41,14336,116736
49,41,15360,116736
49,10,17408,116736
49,10,18432,116736
49,46,19456,116736
61,49,5120,117760
61,23,8192,117760
61,41,11264,117760
61,41,12288,117760
61,41,13312,117760
61,41,14336,117760
61,10,16384,117760
61,10,17408,117760
61,46,18432,117760
61,23,20480,117760
49,23,3072,122880
49,41,6144,122880
49,41,7168,122880
49,41,8192,122880
49,41,9216,122880
49,10,11264,122880
49,10,12288,122880
49,46,13312,122880
49,23,15360,122880
49,27,17408,122880
49,15,18432,122880
49,15,19456,122880
23,41,3072,125952
23,41,4096,125952
23,41,5120,125952
23,41,6144,125952
23,10,8192,125952
23,10,9216,125952
23,46,10240,125952
23,23,12288,125952
23,27,14336,125952
23,15,15360,125952
23,15,16384,125952
41,41,1024,129024
41,41,2048,129024
41,41,3072,129024
41,10,5120,129024
41,10,6144,129024
41,46,7168,129024
41,23,9216,129024
41,27,11264,129024
41,15,12288,129024
41,15,13312,129024
41,16,18432,129024
41,16,19456,129024
41,82,20480,129024
41,41,1024,130048
41,41,2048,130048
41,10,4096,130048
41,10,5120,130048
41,46,6144,130048
41,23,8192,130048
41,27,10240,130048
41,15,11264,130048
41,15,12288,130048
41,16,17408,130048
41,16,18432,130048
41,82,19456,130048
41,123,20480,130048
41,41,1024,131072
41,10,3072,131072
41,10,4096,131072
41,46,5120,131072
41,23,7168,131072
41,27,9216,131072
41,15,10240,131072
41,15,11264,131072
41,16,16384,131072
41,16,17408,131072
41,82,18432,131072
41,123,19456,131072
41,16,20480,131072
41,10,2048,132096
41,10,3072,132096
41,46,4096,132096
41,23,6144,132096
41,27,8192,132096
41,15,9216,132096
41,15,10240,132096
41,16,15360,132096
41,16,16384,132096
41,82,17408,132096
41,123,18432,132096
41,16,19456,132096
41,16,20480,132096
10,10,1024,134144
10,46,2048,134144
10,23,4096,134144
10,27,6144,134144
10,15,7168,134144
10,15,8192,134144
10,16,13312,134144
10,16,14336,134144
10,82,15360,134144
10,123,16384,134144
10,16,17408,134144
10,16,18432,134144
10,46,20480,134144
10,46,1024,135168
10,23,3072,135168
10,27,5120,135168
10,15,6144,135168
10,15,7168,135168
10,16,12288,135168
10,16,13312,135168
10,82,14336,135168
10,123,15360,135168
10,16,16384,135168
10,16,17408,135168
10,46,19456,135168
46,23,2048,136192
46,27,4096,136192
46,15,5120,136192
46,15,6144,136192
46,16,11264,136192
46,16,12288,136192
46,82,13312,136192
46,123,14336,136192
46,16,15360,136192
46,16,16384,136192
46,46,18432,136192
46,130,20480,136192
23,27,2048,138240
23,15,3072,138240
23,15,4096,138240
23,16,9216,138240
23,16,10240,138240
23,82,11264,138240
23,123,12288,138240
23,16,13312,138240
23,16,14336,138240
23,46,16384,138240
23,130,18432,138240
23,37,19456,138240
23,73,20480,138240
27,15,1024,140288
27,15,2048,140288
27,16,7168,140288
27,16,8192,140288
27,82,9216,140288
27,123,10240,140288
27,16,11264,140288
27,16,12288,140288
27,46,14336,140288
27,130,16384,140288
27,37,17408,140288
27,73,18432,140288
27,73,19456,140288
15,15,1024,141312
15,16,6144,141312
15,16,7168,141312
15,82,8192,141312
15,123,9216,141312
15,16,10240,141312
15,16,11264,141312
15,46,13312,141312
15,130,15360,141312
15,37,16384,141312
15,73,17408,141312
15,73,18432,141312
15,16,5120,142336
15,16,6144,142336
15,82,7168,142336
15,123,8192,142336
15,16,9216,142336
15,16,10240,142336
15,46,12288,142336
15,130,14336,142336
15,37,15360,142336
15,73,16384,142336
15,73,17408,142336
15,121,20480,142336
16,16,1024,147456
16,82,2048,147456
16,123,3072,147456
16,16,4096,147456
16,16,5120,147456
16,46,7168,147456
16,130,9216,147456
16,37,10240,147456
16,73,11264,147456
16,73,12288,147456
16,121,15360,147456
16,15,16384,147456
16,15,17408,147456
16,15,18432,147456
16,82,1024,148480
16,123,2048,148480
16,16,3072,148480
16,16,4096,148480
16,46,6144,148480
16,130,8192,148480
16,37,9216,148480
16,73,10240,148480
16,73,11264,148480
16,121,14336,148480
16,15,15360,148480
16,15,16384,148480
16,15,17408,148480
82,123,1024,149504
82,16,2048,149504
82,16,3072,149504
82,46,5120,149504
82,130,7168,149504
82,37,8192,149504
82,73,9216,149504
82,73,10240,149504
82,121,13312,149504
82,15,14336,149504
82,15,15360,149504
82,15,16384,149504
82,16,20480,149504
123,16,1024,150528
123,16,2048,150528
123,46,4096,150528
123,130,6144,150528
123,37,7168,150528
123,73,8192,150528
123,73,9216,150528
123,121,12288,150528
123,15,13312,150528
123,15,14336,150528
123,15,15360,150528
123,16,19456,150528
123,16,20480,150528
16,16,1024,151552
16,46,3072,151552
16,130,5120,151552
16,37,6144,151552
16,73,7168,151552
16,73,8192,151552
16,121,11264,151552
16,15,12288,151552
16,15,13312,151552
16,15,14336,151552
16,16,18432,151552
16,16,19456,151552
16,82,20480,151552
16,46,2048,152576
16,130,4096,152576
16,37,5120,152576
16,73,6144,152576
16,73,7168,152576
16,121,10240,152576
16,15,11264,152576
16,15,12288,152576
16,15,13312,152576
16,16,17408,152576
16,16,18432,152576
16,82,19456,152576
16,41,20480,152576
46,130,2048,154624
46,37,3072,154624
46,73,4096,154624
46,73,5120,154624
46,121,8192,154624
46,15,9216,154624
46,15,10240,154624
46,15,11264,154624
46,16,15360,154624
46,16,16384,154624
46,82,17408,154624
46,41,18432,154624
46,41,19456,154624
130,37,1024,156672
130,73,2048,156672
130,73,3072,156672
130,121,6144,156672
130,15,7168,156672
130,15,8192,156672
130,15,9216,156672
130,16,13312,156672
130,16,14336,156672
130,82,15360,156672
130,41,16384,156672
130,41,17408,156672
130,41,19456,156672
130,187,20480,156672
37,73,1024,157696
37,73,2048,157696
37,121,5120,157696
37,15,6144,157696
37,15,7168,157696
37,15,8192,157696
37,16,12288,157696
37,16,13312,157696
37,82,14336,157696
37,41,15360,157696
37,41,16384,157696
37,41,18432,157696
37,187,19456,157696
73,73,1024,158720
73,121,4096,158720
73,15,5120,158720
73,15,6144,158720
73,15,7168,158720
73,16,11264,158720
73,16,12288,158720
73,82,13312,158720
73,41,14336,158720
73,41,15360,158720
73,41,17408,158720
73,187,18432,158720
73,121,3072,159744
73,15,4096,159744
73,15,5120,159744
73,15,6144,159744
73,16,10240,159744
73,16,11264,159744
73,82,12288,159744
73,41,13312,159744
73,41,14336,159744
73,41,16384,159744
73,187,17408,159744
73,97,20480,159744
121,15,1024,162816
121,15,2048,162816
121,15,3072,162816
121,16,7168,162816
121,16,8192,162816
121,82,9216,162816
121,41,10240,162816
121,41,11264,162816
121,41,13312,162816
121,187,14336,162816
121,97,17408,162816
121,10,20480,162816
15,15,1024,163840
15,15,2048,163840
15,16,6144,163840
15,16,7168,163840
15,82,8192,163840
15,41,9216,163840
15,41,10240,163840
15,41,12288,163840
15,187,13312,163840
15,97,16384,163840
15,10,19456,163840
15,15,1024,164864
15,16,5120,164864
15,16,6144,164864
15,82,7168,164864
15,41,8192,164864
15,41,9216,164864
15,41,11264,164864
15,187,12288,164864
15,97,15360,164864
15,10,18432,164864
15,16,4096,165888
15,16,5120,165888
15,82,6144,165888
15,41,7168,165888
15,41,8192,165888
15,41,10240,165888
15,187,11264,165888
15,97,14336,165888
15,10,17408,165888
16,16,1024,169984
16,82,2048,169984
16,41,3072,169984
16,41,4096,169984
16,41,6144,169984
16,187,7168,169984
16,97,10240,169984
16,10,13312,169984
16,46,18432,169984
16,125,20480,169984
16,82,1024,171008
16,41,2048,171008
16,41,3072,171008
16,41,5120,171008
16,187,6144,171008
16,97,9216,171008
16,10,12288,171008
16,46,17408,171008
16,125,19456,171008
16,121,20480,171008
82,41,1024,172032
82,41,2048,172032
82,41,4096,172032
82,187,5120,172032
82,97,8192,172032
82,10,11264,172032
82,46,16384,172032
82,125,18432,172032
82,121,19456,172032
41,41,1024,173056
41,41,3072,173056
41,187,4096,173056
41,97,7168,173056
41,10,10240,173056
41,46,15360,173056
41,125,17408,173056
41,121,18432,173056
41,49,20480,173056
41,41,2048,174080
41,187,3072,174080
41,97,6144,174080
41,10,9216,174080
41,46,14336,174080
41,125,16384,174080
41,121,17408,174080
41,49,19456,174080
41,187,1024,176128
41,97,4096,176128
41,10,7168,176128
41,46,12288,176128
41,125,14336,176128
41,121,15360,176128
41,49,17408,176128
41,35,20480,176128
187,97,3072,177152
187,10,6144,177152
187,46,11264,177152
187,125,13312,177152
187,121,14336,177152
187,49,16384,177152
187,35,19456,177152
97,10,3072,180224
97,46,8192,180224
97,125,10240,180224
97,121,11264,180224
97,49,13312,180224
97,35,16384,180224
10,46,5120,183296
10,125,7168,183296
10,121,8192,183296
10,49,10240,183296
10,35,13312,183296
10,146,19456,183296
10,146,20480,183296
46,125,2048,188416
46,121,3072,188416
46,49,5120,188416
46,35,8192,188416
46,146,14336,188416
46,146,15360,188416
46,130,17408,188416
46,130,18432,188416
46,130,19456,188416
125,121,1024,190464
125,49,3072,190464
125,35,6144,190464
125,146,12288,190464
125,146,13312,190464
125,130,15360,190464
125,130,16384,190464
125,130,17408,190464
125,121,20480,190464
121,49,2048,191488
121,35,5120,191488
121,146,11264,191488
121,146,12288,191488
121,130,14336,191488
121,130,15360,191488
121,130,16384,191488
121,121,19456,191488
121,10,20480,191488
49,35,3072,193536
49,146,9216,193536
49,146,10240,193536
49,130,12288,193536
49,130,13312,193536
49,130,14336,193536
49,121,17408,193536
49,10,18432,193536
49,146,20480,193536
35,146,6144,196608
35,146,7168,196608
35,130,9216,196608
35,130,10240,196608
35,130,11264,196608
35,121,14336,196608
35,10,15360,196608
35,146,17408,196608
35,146,18432,196608
35,36,19456,196608
146,146,1024,202752
146,130,3072,202752
146,130,4096,202752
146,130,5120,202752
146,121,8192,202752
146,10,9216,202752
146,146,11264,202752
146,146,12288,202752
146,36,13312,202752
146,15,15360,202752
146,16,16384,202752
146,55,19456,202752
146,130,2048,203776
146,130,3072,203776
146,130,4096,203776
146,121,7168,203776
146,10,8192,203776
146,146,10240,203776
146,146,11264,203776
146,36,12288,203776
146,15,14336,203776
146,16,15360,203776
146,55,18432,203776
130,130,1024,205824
130,130,2048,205824
130,121,5120,205824
130,10,6144,205824
130,146,8192,205824
130,146,9216,205824
130,36,10240,205824
130,15,12288,205824
130,16,13312,205824
130,55,16384,205824
130,49,19456,205824
130,49,20480,205824
130,130,1024,206848
130,121,4096,206848
130,10,5120,206848
130,146,7168,206848
130,146,8192,206848
130,36,9216,206848
130,15,11264,206848
130,16,12288,206848
130,55,15360,206848
130,49,18432,206848
130,49,19456,206848
130,49,20480,206848
130,121,3072,207872
130,10,4096,207872
130,146,6144,207872
130,146,7168,207872
130,36,8192,207872
130,15,10240,207872
130,16,11264,207872
130,55,14336,207872
130,49,17408,207872
130,49,18432,207872
130,49,19456,207872
130,22,20480,207872
121,10,1024,210944
121,146,3072,210944
121,146,4096,210944
121,36,5120,210944
121,15,7168,210944
121,16,8192,210944
121,55,11264,210944
121,49,14336,210944
121,49,15360,210944
121,49,16384,210944
121,22,17408,210944
10,146,2048,211968
10,146,3072,211968
10,36,4096,211968
10,15,6144,211968
10,16,7168,211968
10,55,10240,211968
10,49,13312,211968
10,49,14336,211968
10,49,15360,211968
10,22,16384,211968
146,146,1024,214016
146,36,2048,214016
146,15,4096,214016
146,16,5120,214016
146,55,8192,214016
146,49,11264,214016
146,49,12288,214016
146,49,13312,214016
146,22,14336,214016
146,36,1024,215040
146,15,3072,215040
146,16,4096,215040
146,55,7168,215040
146,49,10240,215040
146,49,11264,215040
146,49,12288,215040
146,22,13312,215040
36,15,2048,216064
36,16,3072,216064
36,55,6144,216064
36,49,9216,216064
36,49,10240,216064
36,49,11264,216064
36,22,12288,216064
15,16,1024,218112
15,55,4096,218112
15,49,7168,218112
15,49,8192,218112
15,49,9216,218112
15,22,10240,218112
16,55,3072,219136
16,49,6144,219136
16,49,7168,219136
16,49,8192,219136
16,22,9216,219136
55,49,3072,222208
55,49,4096,222208
55,49,5120,222208
55,22,6144,222208
49,49,1024,225280
49,49,2048,225280
49,22,3072,225280
49,49,1024,226304
49,22,2048,226304
49,22,1024,227328
27,37,4096,303104
27,43,15360,303104
27,24,16384,303104
27,49,17408,303104
27,24,18432,303104
27,49,19456,303104
37,43,11264,307200
37,24,12288,307200
37,49,13312,307200
37,24,14336,307200
37,49,15360,307200
37,26,17408,307200
37,73,18432,307200
43,24,1024,318464
43,49,2048,318464
43,24,3072,318464
43,49,4096,318464
43,26,6144,318464
43,73,7168,318464
24,49,1024,319488
24,24,2048,319488
24,49,3072,319488
24,26,5120,319488
24,73,6144,319488
49,24,1024,320512
49,49,2048,320512
49,26,4096,320512
49,73,5120,320512
24,49,1024,321536
24,26,3072,321536
24,73,4096,321536
49,26,2048,322560
49,73,3072,322560
26,73,1024,324608
