64,64,1024,0
64,62,2048,0
64,61,3072,0
64,62,4096,0
64,62,5120,0
64,82,7168,0
64,69,15360,0
64,62,1024,1024
64,61,2048,1024
64,62,3072,1024
64,62,4096,1024
64,82,6144,1024
64,69,14336,1024
64,69,20480,1024
62,61,1024,2048
62,62,2048,2048
62,62,3072,2048
62,82,5120,2048
62,69,13312,2048
62,69,19456,2048
61,62,1024,3072
61,62,2048,3072
61,82,4096,3072
61,69,12288,3072
61,69,18432,3072
62,62,1024,4096
62,82,3072,4096
62,69,11264,4096
62,69,17408,4096
62,82,2048,5120
62,69,10240,5120
62,69,16384,5120
82,69,8192,7168
82,69,14336,7168
69,69,6144,15360
69,61,15360,15360
69,61,16384,15360
69,52,17408,15360
69,58,18432,15360
69,58,19456,15360
69,58,20480,15360
69,61,9216,21504
69,61,10240,21504
69,52,11264,21504
69,58,12288,21504
69,58,13312,21504
69,58,14336,21504
69,58,15360,21504
69,58,16384,21504
69,58,18432,21504
69,58,19456,21504
69,58,20480,21504
61,61,1024,30720
61,52,2048,30720
61,58,3072,30720
61,58,4096,30720
61,58,5120,30720
61,58,6144,30720
61,58,7168,30720
61,58,9216,30720
61,58,10240,30720
61,58,11264,30720
61,58,15360,30720
61,58,16384,30720
61,46,20480,30720
61,52,1024,31744
61,58,2048,31744
61,58,3072,31744
61,58,4096,31744
61,58,5120,31744
61,58,6144,31744
61,58,8192,31744
61,58,9216,31744
61,58,10240,31744
61,58,14336,31744
61,58,15360,31744
61,46,19456,31744
61,46,20480,31744
52,58,1024,32768
52,58,2048,32768
52,58,3072,32768
52,58,4096,32768
52,58,5120,32768
52,58,7168,32768
52,58,8192,32768
52,58,9216,32768
52,58,13312,32768
52,58,14336,32768
52,46,18432,32768
52,46,19456,32768
52,46,20480,32768
58,58,1024,33792
58,58,2048,33792
58,58,3072,33792
58,58,4096,33792
58,58,6144,33792
58,58,7168,33792
58,58,8192,33792
58,58,12288,33792
58,58,13312,33792
58,46,17408,33792
58,46,18432,33792
58,46,19456,33792
58,92,20480,33792
58,58,1024,34816
58,58,2048,34816
58,58,3072,34816
58,58,5120,34816
58,58,6144,34816
58,58,7168,34816
58,58,11264,34816
58,58,12288,34816
58,46,16384,34816
58,46,17408,34816
58,46,18432,34816
58,92,19456,34816
58,93,20480,34816
58,58,1024,35840
58,58,2048,35840
58,58,4096,35840
58,58,5120,35840
58,58,6144,35840
58,58,10240,35840
58,58,11264,35840
58,46,15360,35840
58,46,16384,35840
58,46,17408,35840
58,92,18432,35840
58,93,19456,35840
58,93,20480,35840
58,58,1024,36864
58,58,3072,36864
58,58,4096,36864
58,58,5120,36864
58,58,9216,36864
58,58,10240,36864
58,46,14336,36864
58,46,15360,36864
58,46,16384,36864
58,92,17408,36864
58,93,18432,36864
58,93,19456,36864
58,93,20480,36864
58,58,2048,37888
58,58,3072,37888
58,58,4096,37888
58,58,8192,37888
58,58,9216,37888
58,46,13312,37888
58,46,14336,37888
58,46,15360,37888
58,92,16384,37888
58,93,17408,37888
58,93,18432,37888
58,93,19456,37888
58,93,20480,37888
58,58,1024,39936
58,58,2048,39936
58,58,6144,39936
58,58,7168,39936
58,46,11264,39936
58,46,12288,39936
58,46,13312,39936
58,92,14336,39936
58,93,15360,39936
58,93,16384,39936
58,93,17408,39936
58,93,18432,39936
58,93,19456,39936
58,93,20480,39936
58,58,1024,40960
58,58,5120,40960
58,58,6144,40960
58,46,10240,40960
58,46,11264,40960
58,46,12288,40960
58,92,13312,40960
58,93,14336,40960
58,93,15360,40960
58,93,16384,40960
58,93,17408,40960
58,93,18432,40960
58,93,19456,40960
58,47,20480,40960
58,58,4096,41984
58,58,5120,41984
58,46,9216,41984
58,46,10240,41984
58,46,11264,41984
58,92,12288,41984
58,93,13312,41984
58,93,14336,41984
58,93,15360,41984
58,93,16384,41984
58,93,17408,41984
58,93,18432,41984
58,47,19456,41984
58,82,20480,41984
58,58,1024,46080
58,46,5120,46080
58,46,6144,46080
58,46,7168,46080
58,92,8192,46080
58,93,9216,46080
58,93,10240,46080
58,93,11264,46080
58,93,12288,46080
58,93,13312,46080
58,93,14336,46080
58,47,15360,46080
58,82,16384,46080
58,82,18432,46080
58,46,4096,47104
58,46,5120,47104
58,46,6144,47104
58,92,7168,47104
58,93,8192,47104
58,93,9216,47104
58,93,10240,47104
58,93,11264,47104
58,93,12288,47104
58,93,13312,47104
58,47,14336,47104
58,82,15360,47104
58,82,17408,47104
58,82,18432,47104
46,46,1024,51200
46,46,2048,51200
46,92,3072,51200
46,93,4096,51200
46,93,5120,51200
46,93,6144,51200
46,93,7168,51200
46,93,8192,51200
46,93,9216,51200
46,47,10240,51200
46,82,11264,51200
46,82,13312,51200
46,82,14336,51200
46,82,15360,51200
46,46,1024,52224
46,92,2048,52224
46,93,3072,52224
46,93,4096,52224
46,93,5120,52224
46,93,6144,52224
46,93,7168,52224
46,93,8192,52224
46,47,9216,52224
46,82,10240,52224
46,82,12288,52224
46,82,13312,52224
46,82,14336,52224
46,82,15360,52224
46,92,1024,53248
46,93,2048,53248
46,93,3072,53248
46,93,4096,53248
46,93,5120,53248
46,93,6144,53248
46,93,7168,53248
46,47,8192,53248
46,82,9216,53248
46,82,11264,53248
46,82,12288,53248
46,82,13312,53248
46,82,14336,53248
46,82,15360,53248
92,93,1024,54272
92,93,2048,54272
92,93,3072,54272
92,93,4096,54272
92,93,5120,54272
92,93,6144,54272
92,47,7168,54272
92,82,8192,54272
92,82,10240,54272
92,82,11264,54272
92,82,12288,54272
92,82,13312,54272
92,82,14336,54272
92,82,15360,54272
93,93,1024,55296
93,93,2048,55296
93,93,3072,55296
93,93,4096,55296
93,93,5120,55296
93,47,6144,55296
93,82,7168,55296
93,82,9216,55296
93,82,10240,55296
93,82,11264,55296
93,82,12288,55296
93,82,13312,55296
93,82,14336,55296
93,82,15360,55296
93,93,1024,56320
93,93,2048,56320
93,93,3072,56320
93,93,4096,56320
93,47,5120,56320
93,82,6144,56320
93,82,8192,56320
93,82,9216,56320
93,82,10240,56320
93,82,11264,56320
93,82,12288,56320
93,82,13312,56320
93,82,14336,56320
93,82,15360,56320
93,93,1024,57344
93,93,2048,57344
93,93,3072,57344
93,47,4096,57344
93,82,5120,57344
93,82,7168,57344
93,82,8192,57344
93,82,9216,57344
93,82,10240,57344
93,82,11264,57344
93,82,12288,57344
93,82,13312,57344
93,82,14336,57344
93,82,15360,57344
93,93,1024,58368
93,93,2048,58368
93,47,3072,58368
93,82,4096,58368
93,82,6144,58368
93,82,7168,58368
93,82,8192,58368
93,82,9216,58368
93,82,10240,58368
93,82,11264,58368
93,82,12288,58368
93,82,13312,58368
93,82,14336,58368
93,81,15360,58368
93,93,1024,59392
93,47,2048,59392
93,82,3072,59392
93,82,5120,59392
93,82,6144,59392
93,82,7168,59392
93,82,8192,59392
93,82,9216,59392
93,82,10240,59392
93,82,11264,59392
93,82,12288,59392
93,82,13312,59392
93,81,14336,59392
93,81,15360,59392
93,47,1024,60416
93,82,2048,60416
93,82,4096,60416
93,82,5120,60416
93,82,6144,60416
93,82,7168,60416
93,82,8192,60416
93,82,9216,60416
93,82,10240,60416
93,82,11264,60416
93,82,12288,60416
93,81,13312,60416
93,81,14336,60416
93,77,15360,60416
47,82,1024,61440
47,82,3072,61440
47,82,4096,61440
47,82,5120,61440
47,82,6144,61440
47,82,7168,61440
47,82,8192,61440
47,82,9216,61440
47,82,10240,61440
47,82,11264,61440
47,81,12288,61440
47,81,13312,61440
47,77,14336,61440
47,77,15360,61440
82,82,2048,62464
82,82,3072,62464
82,82,4096,62464
82,82,5120,62464
82,82,6144,62464
82,82,7168,62464
82,82,8192,62464
82,82,9216,62464
82,82,10240,62464
82,81,11264,62464
82,81,12288,62464
82,77,13312,62464
82,77,14336,62464
82,77,15360,62464
82,82,1024,64512
82,82,2048,64512
82,82,3072,64512
82,82,4096,64512
82,82,5120,64512
82,82,6144,64512
82,82,7168,64512
82,82,8192,64512
82,81,9216,64512
82,81,10240,64512
82,77,11264,64512
82,77,12288,64512
82,77,13312,64512
82,77,14336,64512
82,82,1024,65536
82,82,2048,65536
82,82,3072,65536
82,82,4096,65536
82,82,5120,65536
82,82,6144,65536
82,82,7168,65536
82,81,8192,65536
82,81,9216,65536
82,77,10240,65536
82,77,11264,65536
82,77,12288,65536
82,77,13312,65536
82,77,14336,65536
82,82,1024,66560
82,82,2048,66560
82,82,3072,66560
82,82,4096,66560
82,82,5120,66560
82,82,6144,66560
82,81,7168,66560
82,81,8192,66560
82,77,9216,66560
82,77,10240,66560
82,77,11264,66560
82,77,12288,66560
82,77,13312,66560
82,77,14336,66560
82,82,1024,67584
82,82,2048,67584
82,82,3072,67584
82,82,4096,67584
82,82,5120,67584
82,81,6144,67584
82,81,7168,67584
82,77,8192,67584
82,77,9216,67584
82,77,10240,67584
82,77,11264,67584
82,77,12288,67584
82,77,13312,67584
82,77,14336,67584
82,82,1024,68608
82,82,2048,68608
82,82,3072,68608
82,82,4096,68608
82,81,5120,68608
82,81,6144,68608
82,77,7168,68608
82,77,8192,68608
82,77,9216,68608
82,77,10240,68608
82,77,11264,68608
82,77,12288,68608
82,77,13312,68608
82,77,14336,68608
82,82,1024,69632
82,82,2048,69632
82,82,3072,69632
82,81,4096,69632
82,81,5120,69632
82,77,6144,69632
82,77,7168,69632
82,77,8192,69632
82,77,9216,69632
82,77,10240,69632
82,77,11264,69632
82,77,12288,69632
82,77,13312,69632
82,61,14336,69632
82,82,1024,70656
82,82,2048,70656
82,81,3072,70656
82,81,4096,70656
82,77,5120,70656
82,77,6144,70656
82,77,7168,70656
82,77,8192,70656
82,77,9216,70656
82,77,10240,70656
82,77,11264,70656
82,77,12288,70656
82,61,13312,70656
82,62,14336,70656
82,82,1024,71680
82,81,2048,71680
82,81,3072,71680
82,77,4096,71680
82,77,5120,71680
82,77,6144,71680
82,77,7168,71680
82,77,8192,71680
82,77,9216,71680
82,77,10240,71680
82,77,11264,71680
82,61,12288,71680
82,62,13312,71680
82,61,14336,71680
82,81,1024,72704
82,81,2048,72704
82,77,3072,72704
82,77,4096,72704
82,77,5120,72704
82,77,6144,72704
82,77,7168,72704
82,77,8192,72704
82,77,9216,72704
82,77,10240,72704
82,61,11264,72704
82,62,12288,72704
82,61,13312,72704
82,103,14336,72704
81,81,1024,73728
81,77,2048,73728
81,77,3072,73728
81,77,4096,73728
81,77,5120,73728
81,77,6144,73728
81,77,7168,73728
81,77,8192,73728
81,77,9216,73728
81,61,10240,73728
81,62,11264,73728
81,61,12288,73728
81,103,13312,73728
81,62,14336,73728
81,77,1024,74752
81,77,2048,74752
81,77,3072,74752
81,77,4096,74752
81,77,5120,74752
81,77,6144,74752
81,77,7168,74752
81,77,8192,74752
81,61,9216,74752
81,62,10240,74752
81,61,11264,74752
81,103,12288,74752
81,62,13312,74752
81,104,14336,74752
77,77,1024,75776
77,77,2048,75776
77,77,3072,75776
77,77,4096,75776
77,77,5120,75776
77,77,6144,75776
77,77,7168,75776
77,61,8192,75776
77,62,9216,75776
77,61,10240,75776
77,103,11264,75776
77,62,12288,75776
77,104,13312,75776
77,104,14336,75776
77,77,1024,76800
77,77,2048,76800
77,77,3072,76800
77,77,4096,76800
77,77,5120,76800
77,77,6144,76800
77,61,7168,76800
77,62,8192,76800
77,61,9216,76800
77,103,10240,76800
77,62,11264,76800
77,104,12288,76800
77,104,13312,76800
77,104,14336,76800
77,77,1024,77824
77,77,2048,77824
77,77,3072,77824
77,77,4096,77824
77,77,5120,77824
77,61,6144,77824
77,62,7168,77824
77,61,8192,77824
77,103,9216,77824
77,62,10240,77824
77,104,11264,77824
77,104,12288,77824
77,104,13312,77824
77,104,14336,77824
77,77,1024,78848
77,77,2048,78848
77,77,3072,78848
77,77,4096,78848
77,61,5120,78848
77,62,6144,78848
77,61,7168,78848
77,103,8192,78848
77,62,9216,78848
77,104,10240,78848
77,104,11264,78848
77,104,12288,78848
77,104,13312,78848
77,104,14336,78848
77,77,1024,79872
77,77,2048,79872
77,77,3072,79872
77,61,4096,79872
77,62,5120,79872
77,61,6144,79872
77,103,7168,79872
77,62,8192,79872
77,104,9216,79872
77,104,10240,79872
77,104,11264,79872
77,104,12288,79872
77,104,13312,79872
77,104,14336,79872
77,77,1024,80896
77,77,2048,80896
77,61,3072,80896
77,62,4096,80896
77,61,5120,80896
77,103,6144,80896
77,62,7168,80896
77,104,8192,80896
77,104,9216,80896
77,104,10240,80896
77,104,11264,80896
77,104,12288,80896
77,104,13312,80896
77,104,14336,80896
77,77,1024,81920
77,61,2048,81920
77,62,3072,81920
77,61,4096,81920
77,103,5120,81920
77,62,6144,81920
77,104,7168,81920
77,104,8192,81920
77,104,9216,81920
77,104,10240,81920
77,104,11264,81920
77,104,12288,81920
77,104,13312,81920
77,104,14336,81920
77,61,1024,82944
77,62,2048,82944
77,61,3072,82944
77,103,4096,82944
77,62,5120,82944
77,104,6144,82944
77,104,7168,82944
77,104,8192,82944
77,104,9216,82944
77,104,10240,82944
77,104,11264,82944
77,104,12288,82944
77,104,13312,82944
77,155,14336,82944
61,62,1024,83968
61,61,2048,83968
61,103,3072,83968
61,62,4096,83968
61,104,5120,83968
61,104,6144,83968
61,104,7168,83968
61,104,8192,83968
61,104,9216,83968
61,104,10240,83968
61,104,11264,83968
61,104,12288,83968
61,155,13312,83968
61,104,14336,83968
62,61,1024,84992
62,103,2048,84992
62,62,3072,84992
62,104,4096,84992
62,104,5120,84992
62,104,6144,84992
62,104,7168,84992
62,104,8192,84992
62,104,9216,84992
62,104,10240,84992
62,104,11264,84992
62,155,12288,84992
62,104,13312,84992
62,155,14336,84992
61,103,1024,86016
61,62,2048,86016
61,104,3072,86016
61,104,4096,86016
61,104,5120,86016
61,104,6144,86016
61,104,7168,86016
61,104,8192,86016
61,104,9216,86016
61,104,10240,86016
61,155,11264,86016
61,104,12288,86016
61,155,13312,86016
61,52,14336,86016
103,62,1024,87040
103,104,2048,87040
103,104,3072,87040
103,104,4096,87040
103,104,5120,87040
103,104,6144,87040
103,104,7168,87040
103,104,8192,87040
103,104,9216,87040
103,155,10240,87040
103,104,11264,87040
103,155,12288,87040
103,52,13312,87040
103,52,14336,87040
62,104,1024,88064
62,104,2048,88064
62,104,3072,88064
62,104,4096,88064
62,104,5120,88064
62,104,6144,88064
62,104,7168,88064
62,104,8192,88064
62,155,9216,88064
62,104,10240,88064
62,155,11264,88064
62,52,12288,88064
62,52,13312,88064
62,52,14336,88064
104,104,1024,89088
104,104,2048,89088
104,104,3072,89088
104,104,4096,89088
104,104,5120,89088
104,104,6144,89088
104,104,7168,89088
104,155,8192,89088
104,104,9216,89088
104,155,10240,89088
104,52,11264,89088
104,52,12288,89088
104,52,13312,89088
104,41,14336,89088
104,104,1024,90112
104,104,2048,90112
104,104,3072,90112
104,104,4096,90112
104,104,5120,90112
104,104,6144,90112
104,155,7168,90112
104,104,8192,90112
104,155,9216,90112
104,52,10240,90112
104,52,11264,90112
104,52,12288,90112
104,41,13312,90112
104,41,14336,90112
104,104,1024,91136
104,104,2048,91136
104,104,3072,91136
104,104,4096,91136
104,104,5120,91136
104,155,6144,91136
104,104,7168,91136
104,155,8192,91136
104,52,9216,91136
104,52,10240,91136
104,52,11264,91136
104,41,12288,91136
104,41,13312,91136
104,41,14336,91136
104,104,1024,92160
104,104,2048,92160
104,104,3072,92160
104,104,4096,92160
104,155,5120,92160
104,104,6144,92160
104,155,7168,92160
104,52,8192,92160
104,52,9216,92160
104,52,10240,92160
104,41,11264,92160
104,41,12288,92160
104,41,13312,92160
104,61,14336,92160
104,104,1024,93184
104,104,2048,93184
104,104,3072,93184
104,155,4096,93184
104,104,5120,93184
104,155,6144,93184
104,52,7168,93184
104,52,8192,93184
104,52,9216,93184
104,41,10240,93184
104,41,11264,93184
104,41,12288,93184
104,61,13312,93184
104,247,14336,93184
104,104,1024,94208
104,104,2048,94208
104,155,3072,94208
104,104,4096,94208
104,155,5120,94208
104,52,6144,94208
104,52,7168,94208
104,52,8192,94208
104,41,9216,94208
104,41,10240,94208
104,41,11264,94208
104,61,12288,94208
104,247,13312,94208
104,103,14336,94208
104,104,1024,95232
104,155,2048,95232
104,104,3072,95232
104,155,4096,95232
104,52,5120,95232
104,52,6144,95232
104,52,7168,95232
104,41,8192,95232
104,41,9216,95232
104,41,10240,95232
104,61,11264,95232
104,247,12288,95232
104,103,13312,95232
104,92,14336,95232
104,155,1024,96256
104,104,2048,96256
104,155,3072,96256
104,52,4096,96256
104,52,5120,96256
104,52,6144,96256
104,41,7168,96256
104,41,8192,96256
104,41,9216,96256
104,61,10240,96256
104,247,11264,96256
104,103,12288,96256
104,92,13312,96256
104,92,14336,96256
155,104,1024,97280
155,155,2048,97280
155,52,3072,97280
155,52,4096,97280
155,52,5120,97280
155,41,6144,97280
155,41,7168,97280
155,41,8192,97280
155,61,9216,97280
155,247,10240,97280
155,103,11264,97280
155,92,12288,97280
155,92,13312,97280
155,92,14336,97280
104,155,1024,98304
104,52,2048,98304
104,52,3072,98304
104,52,4096,98304
104,41,5120,98304
104,41,6144,98304
104,41,7168,98304
104,61,8192,98304
104,247,9216,98304
104,103,10240,98304
104,92,11264,98304
104,92,12288,98304
104,92,13312,98304
104,92,14336,98304
155,52,1024,99328
155,52,2048,99328
155,52,3072,99328
155,41,4096,99328
155,41,5120,99328
155,41,6144,99328
155,61,7168,99328
155,247,8192,99328
155,103,9216,99328
155,92,10240,99328
155,92,11264,99328
155,92,12288,99328
155,92,13312,99328
155,92,14336,99328
52,52,1024,100352
52,52,2048,100352
52,41,3072,100352
52,41,4096,100352
52,41,5120,100352
52,61,6144,100352
52,247,7168,100352
52,103,8192,100352
52,92,9216,100352
52,92,10240,100352
52,92,11264,100352
52,92,12288,100352
52,92,13312,100352
52,82,14336,100352
52,52,1024,101376
52,41,2048,101376
52,41,3072,101376
52,41,4096,101376
52,61,5120,101376
52,247,6144,101376
52,103,7168,101376
52,92,8192,101376
52,92,9216,101376
52,92,10240,101376
52,92,11264,101376
52,92,12288,101376
52,82,13312,101376
52,82,14336,101376
52,41,1024,102400
52,41,2048,102400
52,41,3072,102400
52,61,4096,102400
52,247,5120,102400
52,103,6144,102400
52,92,7168,102400
52,92,8192,102400
52,92,9216,102400
52,92,10240,102400
52,92,11264,102400
52,82,12288,102400
52,82,13312,102400
52,232,14336,102400
41,41,1024,103424
41,41,2048,103424
41,61,3072,103424
41,247,4096,103424
41,103,5120,103424
41,92,6144,103424
41,92,7168,103424
41,92,8192,103424
41,92,9216,103424
41,92,10240,103424
41,82,11264,103424
41,82,12288,103424
41,232,13312,103424
41,82,14336,103424
41,41,1024,104448
41,61,2048,104448
41,247,3072,104448
41,103,4096,104448
41,92,5120,104448
41,92,6144,104448
41,92,7168,104448
41,92,8192,104448
41,92,9216,104448
41,82,10240,104448
41,82,11264,104448
41,232,12288,104448
41,82,13312,104448
41,82,14336,104448
41,61,1024,105472
41,247,2048,105472
41,103,3072,105472
41,92,4096,105472
41,92,5120,105472
41,92,6144,105472
41,92,7168,105472
41,92,8192,105472
41,82,9216,105472
41,82,10240,105472
41,232,11264,105472
41,82,12288,105472
41,82,13312,105472
41,77,14336,105472
61,247,1024,106496
61,103,2048,106496
61,92,3072,106496
61,92,4096,106496
61,92,5120,106496
61,92,6144,106496
61,92,7168,106496
61,82,8192,106496
61,82,9216,106496
61,232,10240,106496
61,82,11264,106496
61,82,12288,106496
61,77,13312,106496
61,77,14336,106496
247,103,1024,107520
247,92,2048,107520
247,92,3072,107520
247,92,4096,107520
247,92,5120,107520
247,92,6144,107520
247,82,7168,107520
247,82,8192,107520
247,232,9216,107520
247,82,10240,107520
247,82,11264,107520
247,77,12288,107520
247,77,13312,107520
247,77,14336,107520
103,92,1024,108544
103,92,2048,108544
103,92,3072,108544
103,92,4096,108544
103,92,5120,108544
103,82,6144,108544
103,82,7168,108544
103,232,8192,108544
103,82,9216,108544
103,82,10240,108544
103,77,11264,108544
103,77,12288,108544
103,77,13312,108544
103,77,14336,108544
92,92,1024,109568
92,92,2048,109568
92,92,3072,109568
92,92,4096,109568
92,82,5120,109568
92,82,6144,109568
92,232,7168,109568
92,82,8192,109568
92,82,9216,109568
92,77,10240,109568
92,77,11264,109568
92,77,12288,109568
92,77,13312,109568
92,77,14336,109568
92,92,1024,110592
92,92,2048,110592
92,92,3072,110592
92,82,4096,110592
92,82,5120,110592
92,232,6144,110592
92,82,7168,110592
92,82,8192,110592
92,77,9216,110592
92,77,10240,110592
92,77,11264,110592
92,77,12288,110592
92,77,13312,110592
92,77,14336,110592
92,92,1024,111616
92,92,2048,111616
92,82,3072,111616
92,82,4096,111616
92,232,5120,111616
92,82,6144,111616
92,82,7168,111616
92,77,8192,111616
92,77,9216,111616
92,77,10240,111616
92,77,11264,111616
92,77,12288,111616
92,77,13312,111616
92,77,14336,111616
92,92,1024,112640
92,82,2048,112640
92,82,3072,112640
92,232,4096,112640
92,82,5120,112640
92,82,6144,112640
92,77,7168,112640
92,77,8192,112640
92,77,9216,112640
92,77,10240,112640
92,77,11264,112640
92,77,12288,112640
92,77,13312,112640
92,77,14336,112640
92,82,1024,113664
92,82,2048,113664
92,232,3072,113664
92,82,4096,113664
92,82,5120,113664
92,77,6144,113664
92,77,7168,113664
92,77,8192,113664
92,77,9216,113664
92,77,10240,113664
92,77,11264,113664
92,77,12288,113664
92,77,13312,113664
92,77,14336,113664
82,82,1024,114688
82,232,2048,114688
82,82,3072,114688
82,82,4096,114688
82,77,5120,114688
82,77,6144,114688
82,77,7168,114688
82,77,8192,114688
82,77,9216,114688
82,77,10240,114688
82,77,11264,114688
82,77,12288,114688
82,77,13312,114688
82,77,14336,114688
82,232,1024,115712
82,82,2048,115712
82,82,3072,115712
82,77,4096,115712
82,77,5120,115712
82,77,6144,115712
82,77,7168,115712
82,77,8192,115712
82,77,9216,115712
82,77,10240,115712
82,77,11264,115712
82,77,12288,115712
82,77,13312,115712
82,61,14336,115712
232,82,1024,116736
232,82,2048,116736
232,77,3072,116736
232,77,4096,116736
232,77,5120,116736
232,77,6144,116736
232,77,7168,116736
232,77,8192,116736
232,77,9216,116736
232,77,10240,116736
232,77,11264,116736
232,77,12288,116736
232,61,13312,116736
232,77,14336,116736
82,82,1024,117760
82,77,2048,117760
82,77,3072,117760
82,77,4096,117760
82,77,5120,117760
82,77,6144,117760
82,77,7168,117760
82,77,8192,117760
82,77,9216,117760
82,77,10240,117760
82,77,11264,117760
82,61,12288,117760
82,77,13312,117760
82,104,14336,117760
82,77,1024,118784
82,77,2048,118784
82,77,3072,118784
82,77,4096,118784
82,77,5120,118784
82,77,6144,118784
82,77,7168,118784
82,77,8192,118784
82,77,9216,118784
82,77,10240,118784
82,61,11264,118784
82,77,12288,118784
82,104,13312,118784
82,104,14336,118784
77,77,1024,119808
77,77,2048,119808
77,77,3072,119808
77,77,4096,119808
77,77,5120,119808
77,77,6144,119808
77,77,7168,119808
77,77,8192,119808
77,77,9216,119808
77,61,10240,119808
77,77,11264,119808
77,104,12288,119808
77,104,13312,119808
77,245,14336,119808
77,77,1024,120832
77,77,2048,120832
77,77,3072,120832
77,77,4096,120832
77,77,5120,120832
77,77,6144,120832
77,77,7168,120832
77,77,8192,120832
77,61,9216,120832
77,77,10240,120832
77,104,11264,120832
77,104,12288,120832
77,245,13312,120832
77,245,14336,120832
77,77,1024,121856
77,77,2048,121856
77,77,3072,121856
77,77,4096,121856
77,77,5120,121856
77,77,6144,121856
77,77,7168,121856
77,61,8192,121856
77,77,9216,121856
77,104,10240,121856
77,104,11264,121856
77,245,12288,121856
77,245,13312,121856
77,245,14336,121856
77,77,1024,122880
77,77,2048,122880
77,77,3072,122880
77,77,4096,122880
77,77,5120,122880
77,77,6144,122880
77,61,7168,122880
77,77,8192,122880
77,104,9216,122880
77,104,10240,122880
77,245,11264,122880
77,245,12288,122880
77,245,13312,122880
77,245,14336,122880
77,77,1024,123904
77,77,2048,123904
77,77,3072,123904
77,77,4096,123904
77,77,5120,123904
77,61,6144,123904
77,77,7168,123904
77,104,8192,123904
77,104,9216,123904
77,245,10240,123904
77,245,11264,123904
77,245,12288,123904
77,245,13312,123904
77,103,14336,123904
77,77,1024,124928
77,77,2048,124928
77,77,3072,124928
77,77,4096,124928
77,61,5120,124928
77,77,6144,124928
77,104,7168,124928
77,104,8192,124928
77,245,9216,124928
77,245,10240,124928
77,245,11264,124928
77,245,12288,124928
77,103,13312,124928
77,207,14336,124928
77,77,1024,125952
77,77,2048,125952
77,77,3072,125952
77,61,4096,125952
77,77,5120,125952
77,104,6144,125952
77,104,7168,125952
77,245,8192,125952
77,245,9216,125952
77,245,10240,125952
77,245,11264,125952
77,103,12288,125952
77,207,13312,125952
77,207,14336,125952
77,77,1024,126976
77,77,2048,126976
77,61,3072,126976
77,77,4096,126976
77,104,5120,126976
77,104,6144,126976
77,245,7168,126976
77,245,8192,126976
77,245,9216,126976
77,245,10240,126976
77,103,11264,126976
77,207,12288,126976
77,207,13312,126976
77,207,14336,126976
77,77,1024,128000
77,61,2048,128000
77,77,3072,128000
77,104,4096,128000
77,104,5120,128000
77,245,6144,128000
77,245,7168,128000
77,245,8192,128000
77,245,9216,128000
77,103,10240,128000
77,207,11264,128000
77,207,12288,128000
77,207,13312,128000
77,207,14336,128000
77,61,1024,129024
77,77,2048,129024
77,104,3072,129024
77,104,4096,129024
77,245,5120,129024
77,245,6144,129024
77,245,7168,129024
77,245,8192,129024
77,103,9216,129024
77,207,10240,129024
77,207,11264,129024
77,207,12288,129024
77,207,13312,129024
77,116,14336,129024
61,77,1024,130048
61,104,2048,130048
61,104,3072,130048
61,245,4096,130048
61,245,5120,130048
61,245,6144,130048
61,245,7168,130048
61,103,8192,130048
61,207,9216,130048
61,207,10240,130048
61,207,11264,130048
61,207,12288,130048
61,116,13312,130048
61,58,14336,130048
77,104,1024,131072
77,104,2048,131072
77,245,3072,131072
77,245,4096,131072
77,245,5120,131072
77,245,6144,131072
77,103,7168,131072
77,207,8192,131072
77,207,9216,131072
77,207,10240,131072
77,207,11264,131072
77,116,12288,131072
77,58,13312,131072
77,58,14336,131072
104,104,1024,132096
104,245,2048,132096
104,245,3072,132096
104,245,4096,132096
104,245,5120,132096
104,103,6144,132096
104,207,7168,132096
104,207,8192,132096
104,207,9216,132096
104,207,10240,132096
104,116,11264,132096
104,58,12288,132096
104,58,13312,132096
104,116,14336,132096
104,245,1024,133120
104,245,2048,133120
104,245,3072,133120
104,245,4096,133120
104,103,5120,133120
104,207,6144,133120
104,207,7168,133120
104,207,8192,133120
104,207,9216,133120
104,116,10240,133120
104,58,11264,133120
104,58,12288,133120
104,116,13312,133120
104,58,14336,133120
245,245,1024,134144
245,245,2048,134144
245,245,3072,134144
245,103,4096,134144
245,207,5120,134144
245,207,6144,134144
245,207,7168,134144
245,207,8192,134144
245,116,9216,134144
245,58,10240,134144
245,58,11264,134144
245,116,12288,134144
245,58,13312,134144
245,58,14336,134144
245,245,1024,135168
245,245,2048,135168
245,103,3072,135168
245,207,4096,135168
245,207,5120,135168
245,207,6144,135168
245,207,7168,135168
245,116,8192,135168
245,58,9216,135168
245,58,10240,135168
245,116,11264,135168
245,58,12288,135168
245,58,13312,135168
245,116,14336,135168
245,245,1024,136192
245,103,2048,136192
245,207,3072,136192
245,207,4096,136192
245,207,5120,136192
245,207,6144,136192
245,116,7168,136192
245,58,8192,136192
245,58,9216,136192
245,116,10240,136192
245,58,11264,136192
245,58,12288,136192
245,116,13312,136192
245,61,14336,136192
245,103,1024,137216
245,207,2048,137216
245,207,3072,137216
245,207,4096,137216
245,207,5120,137216
245,116,6144,137216
245,58,7168,137216
245,58,8192,137216
245,116,9216,137216
245,58,10240,137216
245,58,11264,137216
245,116,12288,137216
245,61,13312,137216
245,62,14336,137216
103,207,1024,138240
103,207,2048,138240
103,207,3072,138240
103,207,4096,138240
103,116,5120,138240
103,58,6144,138240
103,58,7168,138240
103,116,8192,138240
103,58,9216,138240
103,58,10240,138240
103,116,11264,138240
103,61,12288,138240
103,62,13312,138240
103,62,14336,138240
207,207,1024,139264
207,207,2048,139264
207,207,3072,139264
207,116,4096,139264
207,58,5120,139264
207,58,6144,139264
207,116,7168,139264
207,58,8192,139264
207,58,9216,139264
207,116,10240,139264
207,61,11264,139264
207,62,12288,139264
207,62,13312,139264
207,69,14336,139264
207,207,1024,140288
207,207,2048,140288
207,116,3072,140288
207,58,4096,140288
207,58,5120,140288
207,116,6144,140288
207,58,7168,140288
207,58,8192,140288
207,116,9216,140288
207,61,10240,140288
207,62,11264,140288
207,62,12288,140288
207,69,13312,140288
207,69,14336,140288
207,207,1024,141312
207,116,2048,141312
207,58,3072,141312
207,58,4096,141312
207,116,5120,141312
207,58,6144,141312
207,58,7168,141312
207,116,8192,141312
207,61,9216,141312
207,62,10240,141312
207,62,11264,141312
207,69,12288,141312
207,69,13312,141312
207,70,14336,141312
207,116,1024,142336
207,58,2048,142336
207,58,3072,142336
207,116,4096,142336
207,58,5120,142336
207,58,6144,142336
207,116,7168,142336
207,61,8192,142336
207,62,9216,142336
207,62,10240,142336
207,69,11264,142336
207,69,12288,142336
207,70,13312,142336
207,77,14336,142336
116,58,1024,143360
116,58,2048,143360
116,116,3072,143360
116,58,4096,143360
116,58,5120,143360
116,116,6144,143360
116,61,7168,143360
116,62,8192,143360
116,62,9216,143360
116,69,10240,143360
116,69,11264,143360
116,70,12288,143360
116,77,13312,143360
116,77,14336,143360
58,58,1024,144384
58,116,2048,144384
58,58,3072,144384
58,58,4096,144384
58,116,5120,144384
58,61,6144,144384
58,62,7168,144384
58,62,8192,144384
58,69,9216,144384
58,69,10240,144384
58,70,11264,144384
58,77,12288,144384
58,77,13312,144384
58,77,14336,144384
58,116,1024,145408
58,58,2048,145408
58,58,3072,145408
58,116,4096,145408
58,61,5120,145408
58,62,6144,145408
58,62,7168,145408
58,69,8192,145408
58,69,9216,145408
58,70,10240,145408
58,77,11264,145408
58,77,12288,145408
58,77,13312,145408
58,77,14336,145408
116,58,1024,146432
116,58,2048,146432
116,116,3072,146432
116,61,4096,146432
116,62,5120,146432
116,62,6144,146432
116,69,7168,146432
116,69,8192,146432
116,70,9216,146432
116,77,10240,146432
116,77,11264,146432
116,77,12288,146432
116,77,13312,146432
116,82,14336,146432
58,58,1024,147456
58,116,2048,147456
58,61,3072,147456
58,62,4096,147456
58,62,5120,147456
58,69,6144,147456
58,69,7168,147456
58,70,8192,147456
58,77,9216,147456
58,77,10240,147456
58,77,11264,147456
58,77,12288,147456
58,82,13312,147456
58,233,14336,147456
58,116,1024,148480
58,61,2048,148480
58,62,3072,148480
58,62,4096,148480
58,69,5120,148480
58,69,6144,148480
58,70,7168,148480
58,77,8192,148480
58,77,9216,148480
58,77,10240,148480
58,77,11264,148480
58,82,12288,148480
58,233,13312,148480
58,82,14336,148480
116,61,1024,149504
116,62,2048,149504
116,62,3072,149504
116,69,4096,149504
116,69,5120,149504
116,70,6144,149504
116,77,7168,149504
116,77,8192,149504
116,77,9216,149504
116,77,10240,149504
116,82,11264,149504
116,233,12288,149504
116,82,13312,149504
116,92,14336,149504
61,62,1024,150528
61,62,2048,150528
61,69,3072,150528
61,69,4096,150528
61,70,5120,150528
61,77,6144,150528
61,77,7168,150528
61,77,8192,150528
61,77,9216,150528
61,82,10240,150528
61,233,11264,150528
61,82,12288,150528
61,92,13312,150528
62,62,1024,151552
62,69,2048,151552
62,69,3072,151552
62,70,4096,151552
62,77,5120,151552
62,77,6144,151552
62,77,7168,151552
62,77,8192,151552
62,82,9216,151552
62,233,10240,151552
62,82,11264,151552
62,92,12288,151552
62,69,1024,152576
62,69,2048,152576
62,70,3072,152576
62,77,4096,152576
62,77,5120,152576
62,77,6144,152576
62,77,7168,152576
62,82,8192,152576
62,233,9216,152576
62,82,10240,152576
62,92,11264,152576
69,69,1024,153600
69,70,2048,153600
69,77,3072,153600
69,77,4096,153600
69,77,5120,153600
69,77,6144,153600
69,82,7168,153600
69,233,8192,153600
69,82,9216,153600
69,92,10240,153600
69,70,1024,154624
69,77,2048,154624
69,77,3072,154624
69,77,4096,154624
69,77,5120,154624
69,82,6144,154624
69,233,7168,154624
69,82,8192,154624
69,92,9216,154624
70,77,1024,155648
70,77,2048,155648
70,77,3072,155648
70,77,4096,155648
70,82,5120,155648
70,233,6144,155648
70,82,7168,155648
70,92,8192,155648
77,77,1024,156672
77,77,2048,156672
77,77,3072,156672
77,82,4096,156672
77,233,5120,156672
77,82,6144,156672
77,92,7168,156672
77,77,1024,157696
77,77,2048,157696
77,82,3072,157696
77,233,4096,157696
77,82,5120,157696
77,92,6144,157696
77,77,1024,158720
77,82,2048,158720
77,233,3072,158720
77,82,4096,158720
77,92,5120,158720
77,82,1024,159744
77,233,2048,159744
77,82,3072,159744
77,92,4096,159744
82,233,1024,160768
82,82,2048,160768
82,92,3072,160768
233,82,1024,161792
233,92,2048,161792
82,92,1024,162816
