87,147,1024,0
87,147,2048,0
87,175,3072,0
87,175,4096,0
87,87,5120,0
87,147,6144,0
87,147,7168,0
87,73,8192,0
87,37,9216,0
87,58,10240,0
87,87,11264,0
87,87,12288,0
87,87,13312,0
87,87,14336,0
147,147,1024,1024
147,175,2048,1024
147,175,3072,1024
147,87,4096,1024
147,147,5120,1024
147,147,6144,1024
147,73,7168,1024
147,37,8192,1024
147,58,9216,1024
147,87,10240,1024
147,87,11264,1024
147,87,12288,1024
147,87,13312,1024
147,73,14336,1024
147,175,1024,2048
147,175,2048,2048
147,87,3072,2048
147,147,4096,2048
147,147,5120,2048
147,73,6144,2048
147,37,7168,2048
147,58,8192,2048
147,87,9216,2048
147,87,10240,2048
147,87,11264,2048
147,87,12288,2048
147,73,13312,2048
147,87,14336,2048
175,175,1024,3072
175,87,2048,3072
175,147,3072,3072
175,147,4096,3072
175,73,5120,3072
175,37,6144,3072
175,58,7168,3072
175,87,8192,3072
175,87,9216,3072
175,87,10240,3072
175,87,11264,3072
175,73,12288,3072
175,87,13312,3072
175,73,14336,3072
175,87,1024,4096
175,147,2048,4096
175,147,3072,4096
175,73,4096,4096
175,37,5120,4096
175,58,6144,4096
175,87,7168,4096
175,87,8192,4096
175,87,9216,4096
175,87,10240,4096
175,73,11264,4096
175,87,12288,4096
175,73,13312,4096
175,37,14336,4096
87,147,1024,5120
87,147,2048,5120
87,73,3072,5120
87,37,4096,5120
87,58,5120,5120
87,87,6144,5120
87,87,7168,5120
87,87,8192,5120
87,87,9216,5120
87,73,10240,5120
87,87,11264,5120
87,73,12288,5120
87,37,13312,5120
87,58,14336,5120
147,147,1024,6144
147,73,2048,6144
147,37,3072,6144
147,58,4096,6144
147,87,5120,6144
147,87,6144,6144
147,87,7168,6144
147,87,8192,6144
147,73,9216,6144
147,87,10240,6144
147,73,11264,6144
147,37,12288,6144
147,58,13312,6144
147,73,14336,6144
147,73,1024,7168
147,37,2048,7168
147,58,3072,7168
147,87,4096,7168
147,87,5120,7168
147,87,6144,7168
147,87,7168,7168
147,73,8192,7168
147,87,9216,7168
147,73,10240,7168
147,37,11264,7168
147,58,12288,7168
147,73,13312,7168
147,99,14336,7168
73,37,1024,8192
73,58,2048,8192
73,87,3072,8192
73,87,4096,8192
73,87,5120,8192
73,87,6144,8192
73,73,7168,8192
73,87,8192,8192
73,73,9216,8192
73,37,10240,8192
73,58,11264,8192
73,73,12288,8192
73,99,13312,8192
73,98,14336,8192
37,58,1024,9216
37,87,2048,9216
37,87,3072,9216
37,87,4096,9216
37,87,5120,9216
37,73,6144,9216
37,87,7168,9216
37,73,8192,9216
37,37,9216,9216
37,58,10240,9216
37,73,11264,9216
37,99,12288,9216
37,98,13312,9216
37,98,14336,9216
58,87,1024,10240
58,87,2048,10240
58,87,3072,10240
58,87,4096,10240
58,73,5120,10240
58,87,6144,10240
58,73,7168,10240
58,37,8192,10240
58,58,9216,10240
58,73,10240,10240
58,99,11264,10240
58,98,12288,10240
58,98,13312,10240
58,98,14336,10240
87,87,1024,11264
87,87,2048,11264
87,87,3072,11264
87,73,4096,11264
87,87,5120,11264
87,73,6144,11264
87,37,7168,11264
87,58,8192,11264
87,73,9216,11264
87,99,10240,11264
87,98,11264,11264
87,98,12288,11264
87,98,13312,11264
87,98,14336,11264
87,87,1024,12288
87,87,2048,12288
87,73,3072,12288
87,87,4096,12288
87,73,5120,12288
87,37,6144,12288
87,58,7168,12288
87,73,8192,12288
87,99,9216,12288
87,98,10240,12288
87,98,11264,12288
87,98,12288,12288
87,98,13312,12288
87,98,14336,12288
87,87,1024,13312
87,73,2048,13312
87,87,3072,13312
87,73,4096,13312
87,37,5120,13312
87,58,6144,13312
87,73,7168,13312
87,99,8192,13312
87,98,9216,13312
87,98,10240,13312
87,98,11264,13312
87,98,12288,13312
87,98,13312,13312
87,33,14336,13312
87,73,1024,14336
87,87,2048,14336
87,73,3072,14336
87,37,4096,14336
87,58,5120,14336
87,73,6144,14336
87,99,7168,14336
87,98,8192,14336
87,98,9216,14336
87,98,10240,14336
87,98,11264,14336
87,98,12288,14336
87,33,13312,14336
87,87,14336,14336
73,87,1024,15360
73,73,2048,15360
73,37,3072,15360
73,58,4096,15360
73,73,5120,15360
73,99,6144,15360
73,98,7168,15360
73,98,8192,15360
73,98,9216,15360
73,98,10240,15360
73,98,11264,15360
73,33,12288,15360
73,87,13312,15360
73,87,14336,15360
87,73,1024,16384
87,37,2048,16384
87,58,3072,16384
87,73,4096,16384
87,99,5120,16384
87,98,6144,16384
87,98,7168,16384
87,98,8192,16384
87,98,9216,16384
87,98,10240,16384
87,33,11264,16384
87,87,12288,16384
87,87,13312,16384
87,87,14336,16384
73,37,1024,17408
73,58,2048,17408
73,73,3072,17408
73,99,4096,17408
73,98,5120,17408
73,98,6144,17408
73,98,7168,17408
73,98,8192,17408
73,98,9216,17408
73,33,10240,17408
73,87,11264,17408
73,87,12288,17408
73,87,13312,17408
73,87,14336,17408
37,58,1024,18432
37,73,2048,18432
37,99,3072,18432
37,98,4096,18432
37,98,5120,18432
37,98,6144,18432
37,98,7168,18432
37,98,8192,18432
37,33,9216,18432
37,87,10240,18432
37,87,11264,18432
37,87,12288,18432
37,87,13312,18432
37,87,14336,18432
58,73,1024,19456
58,99,2048,19456
58,98,3072,19456
58,98,4096,19456
58,98,5120,19456
58,98,6144,19456
58,98,7168,19456
58,33,8192,19456
58,87,9216,19456
58,87,10240,19456
58,87,11264,19456
58,87,12288,19456
58,87,13312,19456
58,87,14336,19456
73,99,1024,20480
73,98,2048,20480
73,98,3072,20480
73,98,4096,20480
73,98,5120,20480
73,98,6144,20480
73,33,7168,20480
73,87,8192,20480
73,87,9216,20480
73,87,10240,20480
73,87,11264,20480
73,87,12288,20480
73,87,13312,20480
73,87,14336,20480
99,98,1024,21504
99,98,2048,21504
99,98,3072,21504
99,98,4096,21504
99,98,5120,21504
99,33,6144,21504
99,87,7168,21504
99,87,8192,21504
99,87,9216,21504
99,87,10240,21504
99,87,11264,21504
99,87,12288,21504
99,87,13312,21504
99,88,14336,21504
98,98,1024,22528
98,98,2048,22528
98,98,3072,22528
98,98,4096,22528
98,33,5120,22528
98,87,6144,22528
98,87,7168,22528
98,87,8192,22528
98,87,9216,22528
98,87,10240,22528
98,87,11264,22528
98,87,12288,22528
98,88,13312,22528
98,87,14336,22528
98,98,1024,23552
98,98,2048,23552
98,98,3072,23552
98,33,4096,23552
98,87,5120,23552
98,87,6144,23552
98,87,7168,23552
98,87,8192,23552
98,87,9216,23552
98,87,10240,23552
98,87,11264,23552
98,88,12288,23552
98,87,13312,23552
98,88,14336,23552
98,98,1024,24576
98,98,2048,24576
98,33,3072,24576
98,87,4096,24576
98,87,5120,24576
98,87,6144,24576
98,87,7168,24576
98,87,8192,24576
98,87,9216,24576
98,87,10240,24576
98,88,11264,24576
98,87,12288,24576
98,88,13312,24576
98,87,14336,24576
98,98,1024,25600
98,33,2048,25600
98,87,3072,25600
98,87,4096,25600
98,87,5120,25600
98,87,6144,25600
98,87,7168,25600
98,87,8192,25600
98,87,9216,25600
98,88,10240,25600
98,87,11264,25600
98,88,12288,25600
98,87,13312,25600
98,87,14336,25600
98,33,1024,26624
98,87,2048,26624
98,87,3072,26624
98,87,4096,26624
98,87,5120,26624
98,87,6144,26624
98,87,7168,26624
98,87,8192,26624
98,88,9216,26624
98,87,10240,26624
98,88,11264,26624
98,87,12288,26624
98,87,13312,26624
98,87,14336,26624
33,87,1024,27648
33,87,2048,27648
33,87,3072,27648
33,87,4096,27648
33,87,5120,27648
33,87,6144,27648
33,87,7168,27648
33,88,8192,27648
33,87,9216,27648
33,88,10240,27648
33,87,11264,27648
33,87,12288,27648
33,87,13312,27648
33,55,14336,27648
87,87,1024,28672
87,87,2048,28672
87,87,3072,28672
87,87,4096,28672
87,87,5120,28672
87,87,6144,28672
87,88,7168,28672
87,87,8192,28672
87,88,9216,28672
87,87,10240,28672
87,87,11264,28672
87,87,12288,28672
87,55,13312,28672
87,73,14336,28672
87,87,1024,29696
87,87,2048,29696
87,87,3072,29696
87,87,4096,29696
87,87,5120,29696
87,88,6144,29696
87,87,7168,29696
87,88,8192,29696
87,87,9216,29696
87,87,10240,29696
87,87,11264,29696
87,55,12288,29696
87,73,13312,29696
87,58,14336,29696
87,87,1024,30720
87,87,2048,30720
87,87,3072,30720
87,87,4096,30720
87,88,5120,30720
87,87,6144,30720
87,88,7168,30720
87,87,8192,30720
87,87,9216,30720
87,87,10240,30720
87,55,11264,30720
87,73,12288,30720
87,58,13312,30720
87,58,14336,30720
87,87,1024,31744
87,87,2048,31744
87,87,3072,31744
87,88,4096,31744
87,87,5120,31744
87,88,6144,31744
87,87,7168,31744
87,87,8192,31744
87,87,9216,31744
87,55,10240,31744
87,73,11264,31744
87,58,12288,31744
87,58,13312,31744
87,58,14336,31744
87,87,1024,32768
87,87,2048,32768
87,88,3072,32768
87,87,4096,32768
87,88,5120,32768
87,87,6144,32768
87,87,7168,32768
87,87,8192,32768
87,55,9216,32768
87,73,10240,32768
87,58,11264,32768
87,58,12288,32768
87,58,13312,32768
87,87,14336,32768
87,87,1024,33792
87,88,2048,33792
87,87,3072,33792
87,88,4096,33792
87,87,5120,33792
87,87,6144,33792
87,87,7168,33792
87,55,8192,33792
87,73,9216,33792
87,58,10240,33792
87,58,11264,33792
87,58,12288,33792
87,87,13312,33792
87,74,14336,33792
87,88,1024,34816
87,87,2048,34816
87,88,3072,34816
87,87,4096,34816
87,87,5120,34816
87,87,6144,34816
87,55,7168,34816
87,73,8192,34816
87,58,9216,34816
87,58,10240,34816
87,58,11264,34816
87,87,12288,34816
87,74,13312,34816
87,87,14336,34816
88,87,1024,35840
88,88,2048,35840
88,87,3072,35840
88,87,4096,35840
88,87,5120,35840
88,55,6144,35840
88,73,7168,35840
88,58,8192,35840
88,58,9216,35840
88,58,10240,35840
88,87,11264,35840
88,74,12288,35840
88,87,13312,35840
88,87,14336,35840
87,88,1024,36864
87,87,2048,36864
87,87,3072,36864
87,87,4096,36864
87,55,5120,36864
87,73,6144,36864
87,58,7168,36864
87,58,8192,36864
87,58,9216,36864
87,87,10240,36864
87,74,11264,36864
87,87,12288,36864
87,87,13312,36864
87,65,14336,36864
88,87,1024,37888
88,87,2048,37888
88,87,3072,37888
88,55,4096,37888
88,73,5120,37888
88,58,6144,37888
88,58,7168,37888
88,58,8192,37888
88,87,9216,37888
88,74,10240,37888
88,87,11264,37888
88,87,12288,37888
88,65,13312,37888
88,74,15360,37888
87,87,1024,38912
87,87,2048,38912
87,55,3072,38912
87,73,4096,38912
87,58,5120,38912
87,58,6144,38912
87,58,7168,38912
87,87,8192,38912
87,74,9216,38912
87,87,10240,38912
87,87,11264,38912
87,65,12288,38912
87,74,14336,38912
87,58,15360,38912
87,87,1024,39936
87,55,2048,39936
87,73,3072,39936
87,58,4096,39936
87,58,5120,39936
87,58,6144,39936
87,87,7168,39936
87,74,8192,39936
87,87,9216,39936
87,87,10240,39936
87,65,11264,39936
87,74,13312,39936
87,58,14336,39936
87,58,15360,39936
87,55,1024,40960
87,73,2048,40960
87,58,3072,40960
87,58,4096,40960
87,58,5120,40960
87,87,6144,40960
87,74,7168,40960
87,87,8192,40960
87,87,9216,40960
87,65,10240,40960
87,74,12288,40960
87,58,13312,40960
87,58,14336,40960
87,58,15360,40960
55,73,1024,41984
55,58,2048,41984
55,58,3072,41984
55,58,4096,41984
55,87,5120,41984
55,74,6144,41984
55,87,7168,41984
55,87,8192,41984
55,65,9216,41984
55,74,11264,41984
55,58,12288,41984
55,58,13312,41984
55,58,14336,41984
55,58,15360,41984
73,58,1024,43008
73,58,2048,43008
73,58,3072,43008
73,87,4096,43008
73,74,5120,43008
73,87,6144,43008
73,87,7168,43008
73,65,8192,43008
73,74,10240,43008
73,58,11264,43008
73,58,12288,43008
73,58,13312,43008
73,58,14336,43008
73,233,15360,43008
58,58,1024,44032
58,58,2048,44032
58,87,3072,44032
58,74,4096,44032
58,87,5120,44032
58,87,6144,44032
58,65,7168,44032
58,74,9216,44032
58,58,10240,44032
58,58,11264,44032
58,58,12288,44032
58,58,13312,44032
58,233,14336,44032
58,87,15360,44032
58,58,1024,45056
58,87,2048,45056
58,74,3072,45056
58,87,4096,45056
58,87,5120,45056
58,65,6144,45056
58,74,8192,45056
58,58,9216,45056
58,58,10240,45056
58,58,11264,45056
58,58,12288,45056
58,233,13312,45056
58,87,14336,45056
58,87,15360,45056
58,87,1024,46080
58,74,2048,46080
58,87,3072,46080
58,87,4096,46080
58,65,5120,46080
58,74,7168,46080
58,58,8192,46080
58,58,9216,46080
58,58,10240,46080
58,58,11264,46080
58,233,12288,46080
58,87,13312,46080
58,87,14336,46080
58,87,15360,46080
87,74,1024,47104
87,87,2048,47104
87,87,3072,47104
87,65,4096,47104
87,74,6144,47104
87,58,7168,47104
87,58,8192,47104
87,58,9216,47104
87,58,10240,47104
87,233,11264,47104
87,87,12288,47104
87,87,13312,47104
87,87,14336,47104
87,58,17408,47104
74,87,1024,48128
74,87,2048,48128
74,65,3072,48128
74,74,5120,48128
74,58,6144,48128
74,58,7168,48128
74,58,8192,48128
74,58,9216,48128
74,233,10240,48128
74,87,11264,48128
74,87,12288,48128
74,87,13312,48128
74,58,16384,48128
74,58,17408,48128
87,87,1024,49152
87,65,2048,49152
87,74,4096,49152
87,58,5120,49152
87,58,6144,49152
87,58,7168,49152
87,58,8192,49152
87,233,9216,49152
87,87,10240,49152
87,87,11264,49152
87,87,12288,49152
87,58,15360,49152
87,58,16384,49152
87,58,17408,49152
87,65,1024,50176
87,74,3072,50176
87,58,4096,50176
87,58,5120,50176
87,58,6144,50176
87,58,7168,50176
87,233,8192,50176
87,87,9216,50176
87,87,10240,50176
87,87,11264,50176
87,58,14336,50176
87,58,15360,50176
87,58,16384,50176
65,74,2048,51200
65,58,3072,51200
65,58,4096,51200
65,58,5120,51200
65,58,6144,51200
65,233,7168,51200
65,87,8192,51200
65,87,9216,51200
65,87,10240,51200
65,58,13312,51200
65,58,14336,51200
65,58,15360,51200
74,58,1024,53248
74,58,2048,53248
74,58,3072,53248
74,58,4096,53248
74,233,5120,53248
74,87,6144,53248
74,87,7168,53248
74,87,8192,53248
74,58,11264,53248
74,58,12288,53248
74,58,13312,53248
74,44,19456,53248
74,44,20480,53248
58,58,1024,54272
58,58,2048,54272
58,58,3072,54272
58,233,4096,54272
58,87,5120,54272
58,87,6144,54272
58,87,7168,54272
58,58,10240,54272
58,58,11264,54272
58,58,12288,54272
58,44,18432,54272
58,44,19456,54272
58,88,20480,54272
58,58,1024,55296
58,58,2048,55296
58,233,3072,55296
58,87,4096,55296
58,87,5120,55296
58,87,6144,55296
58,58,9216,55296
58,58,10240,55296
58,58,11264,55296
58,44,17408,55296
58,44,18432,55296
58,88,19456,55296
58,44,20480,55296
58,58,1024,56320
58,233,2048,56320
58,87,3072,56320
58,87,4096,56320
58,87,5120,56320
58,58,8192,56320
58,58,9216,56320
58,58,10240,56320
58,44,16384,56320
58,44,17408,56320
58,88,18432,56320
58,44,19456,56320
58,87,20480,56320
58,233,1024,57344
58,87,2048,57344
58,87,3072,57344
58,87,4096,57344
58,58,7168,57344
58,58,8192,57344
58,58,9216,57344
58,44,15360,57344
58,44,16384,57344
58,88,17408,57344
58,44,18432,57344
58,87,19456,57344
58,87,20480,57344
233,87,1024,58368
233,87,2048,58368
233,87,3072,58368
233,58,6144,58368
233,58,7168,58368
233,58,8192,58368
233,44,14336,58368
233,44,15360,58368
233,88,16384,58368
233,44,17408,58368
233,87,18432,58368
233,87,19456,58368
233,88,20480,58368
87,87,1024,59392
87,87,2048,59392
87,58,5120,59392
87,58,6144,59392
87,58,7168,59392
87,44,13312,59392
87,44,14336,59392
87,88,15360,59392
87,44,16384,59392
87,87,17408,59392
87,87,18432,59392
87,88,19456,59392
87,88,20480,59392
87,87,1024,60416
87,58,4096,60416
87,58,5120,60416
87,58,6144,60416
87,44,12288,60416
87,44,13312,60416
87,88,14336,60416
87,44,15360,60416
87,87,16384,60416
87,87,17408,60416
87,88,18432,60416
87,88,19456,60416
87,88,20480,60416
87,58,3072,61440
87,58,4096,61440
87,58,5120,61440
87,44,11264,61440
87,44,12288,61440
87,88,13312,61440
87,44,14336,61440
87,87,15360,61440
87,87,16384,61440
87,88,17408,61440
87,88,18432,61440
87,88,19456,61440
87,88,20480,61440
58,58,1024,64512
58,58,2048,64512
58,44,8192,64512
58,44,9216,64512
58,88,10240,64512
58,44,11264,64512
58,87,12288,64512
58,87,13312,64512
58,88,14336,64512
58,88,15360,64512
58,88,16384,64512
58,88,17408,64512
58,88,18432,64512
58,88,19456,64512
58,58,1024,65536
58,44,7168,65536
58,44,8192,65536
58,88,9216,65536
58,44,10240,65536
58,87,11264,65536
58,87,12288,65536
58,88,13312,65536
58,88,14336,65536
58,88,15360,65536
58,88,16384,65536
58,88,17408,65536
58,88,18432,65536
58,73,19456,65536
58,44,6144,66560
58,44,7168,66560
58,88,8192,66560
58,44,9216,66560
58,87,10240,66560
58,87,11264,66560
58,88,12288,66560
58,88,13312,66560
58,88,14336,66560
58,88,15360,66560
58,88,16384,66560
58,88,17408,66560
58,73,18432,66560
58,73,19456,66560
44,44,1024,72704
44,88,2048,72704
44,44,3072,72704
44,87,4096,72704
44,87,5120,72704
44,88,6144,72704
44,88,7168,72704
44,88,8192,72704
44,88,9216,72704
44,88,10240,72704
44,88,11264,72704
44,73,12288,72704
44,73,13312,72704
44,146,14336,72704
44,88,1024,73728
44,44,2048,73728
44,87,3072,73728
44,87,4096,73728
44,88,5120,73728
44,88,6144,73728
44,88,7168,73728
44,88,8192,73728
44,88,9216,73728
44,88,10240,73728
44,73,11264,73728
44,73,12288,73728
44,146,13312,73728
44,59,14336,73728
88,44,1024,74752
88,87,2048,74752
88,87,3072,74752
88,88,4096,74752
88,88,5120,74752
88,88,6144,74752
88,88,7168,74752
88,88,8192,74752
88,88,9216,74752
88,73,10240,74752
88,73,11264,74752
88,146,12288,74752
88,59,13312,74752
88,58,14336,74752
44,87,1024,75776
44,87,2048,75776
44,88,3072,75776
44,88,4096,75776
44,88,5120,75776
44,88,6144,75776
44,88,7168,75776
44,88,8192,75776
44,73,9216,75776
44,73,10240,75776
44,146,11264,75776
44,59,12288,75776
44,58,13312,75776
44,58,14336,75776
87,87,1024,76800
87,88,2048,76800
87,88,3072,76800
87,88,4096,76800
87,88,5120,76800
87,88,6144,76800
87,88,7168,76800
87,73,8192,76800
87,73,9216,76800
87,146,10240,76800
87,59,11264,76800
87,58,12288,76800
87,58,13312,76800
87,58,14336,76800
87,88,1024,77824
87,88,2048,77824
87,88,3072,77824
87,88,4096,77824
87,88,5120,77824
87,88,6144,77824
87,73,7168,77824
87,73,8192,77824
87,146,9216,77824
87,59,10240,77824
87,58,11264,77824
87,58,12288,77824
87,58,13312,77824
87,58,14336,77824
88,88,1024,78848
88,88,2048,78848
88,88,3072,78848
88,88,4096,78848
88,88,5120,78848
88,73,6144,78848
88,73,7168,78848
88,146,8192,78848
88,59,9216,78848
88,58,10240,78848
88,58,11264,78848
88,58,12288,78848
88,58,13312,78848
88,58,14336,78848
88,88,1024,79872
88,88,2048,79872
88,88,3072,79872
88,88,4096,79872
88,73,5120,79872
88,73,6144,79872
88,146,7168,79872
88,59,8192,79872
88,58,9216,79872
88,58,10240,79872
88,58,11264,79872
88,58,12288,79872
88,58,13312,79872
88,58,14336,79872
88,88,1024,80896
88,88,2048,80896
88,88,3072,80896
88,73,4096,80896
88,73,5120,80896
88,146,6144,80896
88,59,7168,80896
88,58,8192,80896
88,58,9216,80896
88,58,10240,80896
88,58,11264,80896
88,58,12288,80896
88,58,13312,80896
88,58,14336,80896
88,88,1024,81920
88,88,2048,81920
88,73,3072,81920
88,73,4096,81920
88,146,5120,81920
88,59,6144,81920
88,58,7168,81920
88,58,8192,81920
88,58,9216,81920
88,58,10240,81920
88,58,11264,81920
88,58,12288,81920
88,58,13312,81920
88,58,14336,81920
88,88,1024,82944
88,73,2048,82944
88,73,3072,82944
88,146,4096,82944
88,59,5120,82944
88,58,6144,82944
88,58,7168,82944
88,58,8192,82944
88,58,9216,82944
88,58,10240,82944
88,58,11264,82944
88,58,12288,82944
88,58,13312,82944
88,58,14336,82944
88,73,1024,83968
88,73,2048,83968
88,146,3072,83968
88,59,4096,83968
88,58,5120,83968
88,58,6144,83968
88,58,7168,83968
88,58,8192,83968
88,58,9216,83968
88,58,10240,83968
88,58,11264,83968
88,58,12288,83968
88,58,13312,83968
88,78,14336,83968
73,73,1024,84992
73,146,2048,84992
73,59,3072,84992
73,58,4096,84992
73,58,5120,84992
73,58,6144,84992
73,58,7168,84992
73,58,8192,84992
73,58,9216,84992
73,58,10240,84992
73,58,11264,84992
73,58,12288,84992
73,78,13312,84992
73,78,14336,84992
73,146,1024,86016
73,59,2048,86016
73,58,3072,86016
73,58,4096,86016
73,58,5120,86016
73,58,6144,86016
73,58,7168,86016
73,58,8192,86016
73,58,9216,86016
73,58,10240,86016
73,58,11264,86016
73,78,12288,86016
73,78,13312,86016
73,78,14336,86016
146,59,1024,87040
146,58,2048,87040
146,58,3072,87040
146,58,4096,87040
146,58,5120,87040
146,58,6144,87040
146,58,7168,87040
146,58,8192,87040
146,58,9216,87040
146,58,10240,87040
146,78,11264,87040
146,78,12288,87040
146,78,13312,87040
146,74,14336,87040
59,58,1024,88064
59,58,2048,88064
59,58,3072,88064
59,58,4096,88064
59,58,5120,88064
59,58,6144,88064
59,58,7168,88064
59,58,8192,88064
59,58,9216,88064
59,78,10240,88064
59,78,11264,88064
59,78,12288,88064
59,74,13312,88064
59,73,14336,88064
58,58,1024,89088
58,58,2048,89088
58,58,3072,89088
58,58,4096,89088
58,58,5120,89088
58,58,6144,89088
58,58,7168,89088
58,58,8192,89088
58,78,9216,89088
58,78,10240,89088
58,78,11264,89088
58,74,12288,89088
58,73,13312,89088
58,73,14336,89088
58,58,1024,90112
58,58,2048,90112
58,58,3072,90112
58,58,4096,90112
58,58,5120,90112
58,58,6144,90112
58,58,7168,90112
58,78,8192,90112
58,78,9216,90112
58,78,10240,90112
58,74,11264,90112
58,73,12288,90112
58,73,13312,90112
58,66,14336,90112
58,58,1024,91136
58,58,2048,91136
58,58,3072,91136
58,58,4096,91136
58,58,5120,91136
58,58,6144,91136
58,78,7168,91136
58,78,8192,91136
58,78,9216,91136
58,74,10240,91136
58,73,11264,91136
58,73,12288,91136
58,66,13312,91136
58,66,14336,91136
58,58,1024,92160
58,58,2048,92160
58,58,3072,92160
58,58,4096,92160
58,58,5120,92160
58,78,6144,92160
58,78,7168,92160
58,78,8192,92160
58,74,9216,92160
58,73,10240,92160
58,73,11264,92160
58,66,12288,92160
58,66,13312,92160
58,58,14336,92160
58,58,1024,93184
58,58,2048,93184
58,58,3072,93184
58,58,4096,93184
58,78,5120,93184
58,78,6144,93184
58,78,7168,93184
58,74,8192,93184
58,73,9216,93184
58,73,10240,93184
58,66,11264,93184
58,66,12288,93184
58,58,13312,93184
58,58,14336,93184
58,58,1024,94208
58,58,2048,94208
58,58,3072,94208
58,78,4096,94208
58,78,5120,94208
58,78,6144,94208
58,74,7168,94208
58,73,8192,94208
58,73,9216,94208
58,66,10240,94208
58,66,11264,94208
58,58,12288,94208
58,58,13312,94208
58,65,14336,94208
58,58,1024,95232
58,58,2048,95232
58,78,3072,95232
58,78,4096,95232
58,78,5120,95232
58,74,6144,95232
58,73,7168,95232
58,73,8192,95232
58,66,9216,95232
58,66,10240,95232
58,58,11264,95232
58,58,12288,95232
58,65,13312,95232
58,58,14336,95232
58,58,1024,96256
58,78,2048,96256
58,78,3072,96256
58,78,4096,96256
58,74,5120,96256
58,73,6144,96256
58,73,7168,96256
58,66,8192,96256
58,66,9216,96256
58,58,10240,96256
58,58,11264,96256
58,65,12288,96256
58,58,13312,96256
58,58,14336,96256
58,78,1024,97280
58,78,2048,97280
58,78,3072,97280
58,74,4096,97280
58,73,5120,97280
58,73,6144,97280
58,66,7168,97280
58,66,8192,97280
58,58,9216,97280
58,58,10240,97280
58,65,11264,97280
58,58,12288,97280
58,58,13312,97280
58,58,14336,97280
78,78,1024,98304
78,78,2048,98304
78,74,3072,98304
78,73,4096,98304
78,73,5120,98304
78,66,6144,98304
78,66,7168,98304
78,58,8192,98304
78,58,9216,98304
78,65,10240,98304
78,58,11264,98304
78,58,12288,98304
78,58,13312,98304
78,55,14336,98304
78,78,1024,99328
78,74,2048,99328
78,73,3072,99328
78,73,4096,99328
78,66,5120,99328
78,66,6144,99328
78,58,7168,99328
78,58,8192,99328
78,65,9216,99328
78,58,10240,99328
78,58,11264,99328
78,58,12288,99328
78,55,13312,99328
78,55,14336,99328
78,74,1024,100352
78,73,2048,100352
78,73,3072,100352
78,66,4096,100352
78,66,5120,100352
78,58,6144,100352
78,58,7168,100352
78,65,8192,100352
78,58,9216,100352
78,58,10240,100352
78,58,11264,100352
78,55,12288,100352
78,55,13312,100352
78,55,14336,100352
74,73,1024,101376
74,73,2048,101376
74,66,3072,101376
74,66,4096,101376
74,58,5120,101376
74,58,6144,101376
74,65,7168,101376
74,58,8192,101376
74,58,9216,101376
74,58,10240,101376
74,55,11264,101376
74,55,12288,101376
74,55,13312,101376
74,111,14336,101376
73,73,1024,102400
73,66,2048,102400
73,66,3072,102400
73,58,4096,102400
73,58,5120,102400
73,65,6144,102400
73,58,7168,102400
73,58,8192,102400
73,58,9216,102400
73,55,10240,102400
73,55,11264,102400
73,55,12288,102400
73,111,13312,102400
73,55,14336,102400
73,66,1024,103424
73,66,2048,103424
73,58,3072,103424
73,58,4096,103424
73,65,5120,103424
73,58,6144,103424
73,58,7168,103424
73,58,8192,103424
73,55,9216,103424
73,55,10240,103424
73,55,11264,103424
73,111,12288,103424
73,55,13312,103424
73,55,14336,103424
66,66,1024,104448
66,58,2048,104448
66,58,3072,104448
66,65,4096,104448
66,58,5120,104448
66,58,6144,104448
66,58,7168,104448
66,55,8192,104448
66,55,9216,104448
66,55,10240,104448
66,111,11264,104448
66,55,12288,104448
66,55,13312,104448
66,87,14336,104448
66,58,1024,105472
66,58,2048,105472
66,65,3072,105472
66,58,4096,105472
66,58,5120,105472
66,58,6144,105472
66,55,7168,105472
66,55,8192,105472
66,55,9216,105472
66,111,10240,105472
66,55,11264,105472
66,55,12288,105472
66,87,13312,105472
66,87,14336,105472
58,58,1024,106496
58,65,2048,106496
58,58,3072,106496
58,58,4096,106496
58,58,5120,106496
58,55,6144,106496
58,55,7168,106496
58,55,8192,106496
58,111,9216,106496
58,55,10240,106496
58,55,11264,106496
58,87,12288,106496
58,87,13312,106496
58,87,14336,106496
58,65,1024,107520
58,58,2048,107520
58,58,3072,107520
58,58,4096,107520
58,55,5120,107520
58,55,6144,107520
58,55,7168,107520
58,111,8192,107520
58,55,9216,107520
58,55,10240,107520
58,87,11264,107520
58,87,12288,107520
58,87,13312,107520
58,58,14336,107520
65,58,1024,108544
65,58,2048,108544
65,58,3072,108544
65,55,4096,108544
65,55,5120,108544
65,55,6144,108544
65,111,7168,108544
65,55,8192,108544
65,55,9216,108544
65,87,10240,108544
65,87,11264,108544
65,87,12288,108544
65,58,13312,108544
65,58,14336,108544
58,58,1024,109568
58,58,2048,109568
58,55,3072,109568
58,55,4096,109568
58,55,5120,109568
58,111,6144,109568
58,55,7168,109568
58,55,8192,109568
58,87,9216,109568
58,87,10240,109568
58,87,11264,109568
58,58,12288,109568
58,58,13312,109568
58,58,14336,109568
58,58,1024,110592
58,55,2048,110592
58,55,3072,110592
58,55,4096,110592
58,111,5120,110592
58,55,6144,110592
58,55,7168,110592
58,87,8192,110592
58,87,9216,110592
58,87,10240,110592
58,58,11264,110592
58,58,12288,110592
58,58,13312,110592
58,59,14336,110592
58,55,1024,111616
58,55,2048,111616
58,55,3072,111616
58,111,4096,111616
58,55,5120,111616
58,55,6144,111616
58,87,7168,111616
58,87,8192,111616
58,87,9216,111616
58,58,10240,111616
58,58,11264,111616
58,58,12288,111616
58,59,13312,111616
58,59,14336,111616
55,55,1024,112640
55,55,2048,112640
55,111,3072,112640
55,55,4096,112640
55,55,5120,112640
55,87,6144,112640
55,87,7168,112640
55,87,8192,112640
55,58,9216,112640
55,58,10240,112640
55,58,11264,112640
55,59,12288,112640
55,59,13312,112640
55,65,14336,112640
55,55,1024,113664
55,111,2048,113664
55,55,3072,113664
55,55,4096,113664
55,87,5120,113664
55,87,6144,113664
55,87,7168,113664
55,58,8192,113664
55,58,9216,113664
55,58,10240,113664
55,59,11264,113664
55,59,12288,113664
55,65,13312,113664
55,65,14336,113664
55,111,1024,114688
55,55,2048,114688
55,55,3072,114688
55,87,4096,114688
55,87,5120,114688
55,87,6144,114688
55,58,7168,114688
55,58,8192,114688
55,58,9216,114688
55,59,10240,114688
55,59,11264,114688
55,65,12288,114688
55,65,13312,114688
55,65,14336,114688
111,55,1024,115712
111,55,2048,115712
111,87,3072,115712
111,87,4096,115712
111,87,5120,115712
111,58,6144,115712
111,58,7168,115712
111,58,8192,115712
111,59,9216,115712
111,59,10240,115712
111,65,11264,115712
111,65,12288,115712
111,65,13312,115712
111,87,14336,115712
55,55,1024,116736
55,87,2048,116736
55,87,3072,116736
55,87,4096,116736
55,58,5120,116736
55,58,6144,116736
55,58,7168,116736
55,59,8192,116736
55,59,9216,116736
55,65,10240,116736
55,65,11264,116736
55,65,12288,116736
55,87,13312,116736
55,87,14336,116736
55,87,1024,117760
55,87,2048,117760
55,87,3072,117760
55,58,4096,117760
55,58,5120,117760
55,58,6144,117760
55,59,7168,117760
55,59,8192,117760
55,65,9216,117760
55,65,10240,117760
55,65,11264,117760
55,87,12288,117760
55,87,13312,117760
55,74,14336,117760
87,87,1024,118784
87,87,2048,118784
87,58,3072,118784
87,58,4096,118784
87,58,5120,118784
87,59,6144,118784
87,59,7168,118784
87,65,8192,118784
87,65,9216,118784
87,65,10240,118784
87,87,11264,118784
87,87,12288,118784
87,74,13312,118784
87,147,14336,118784
87,87,1024,119808
87,58,2048,119808
87,58,3072,119808
87,58,4096,119808
87,59,5120,119808
87,59,6144,119808
87,65,7168,119808
87,65,8192,119808
87,65,9216,119808
87,87,10240,119808
87,87,11264,119808
87,74,12288,119808
87,147,13312,119808
87,147,14336,119808
87,58,1024,120832
87,58,2048,120832
87,58,3072,120832
87,59,4096,120832
87,59,5120,120832
87,65,6144,120832
87,65,7168,120832
87,65,8192,120832
87,87,9216,120832
87,87,10240,120832
87,74,11264,120832
87,147,12288,120832
87,147,13312,120832
87,147,14336,120832
58,58,1024,121856
58,58,2048,121856
58,59,3072,121856
58,59,4096,121856
58,65,5120,121856
58,65,6144,121856
58,65,7168,121856
58,87,8192,121856
58,87,9216,121856
58,74,10240,121856
58,147,11264,121856
58,147,12288,121856
58,147,13312,121856
58,147,14336,121856
58,58,1024,122880
58,59,2048,122880
58,59,3072,122880
58,65,4096,122880
58,65,5120,122880
58,65,6144,122880
58,87,7168,122880
58,87,8192,122880
58,74,9216,122880
58,147,10240,122880
58,147,11264,122880
58,147,12288,122880
58,147,13312,122880
58,74,14336,122880
58,59,1024,123904
58,59,2048,123904
58,65,3072,123904
58,65,4096,123904
58,65,5120,123904
58,87,6144,123904
58,87,7168,123904
58,74,8192,123904
58,147,9216,123904
58,147,10240,123904
58,147,11264,123904
58,147,12288,123904
58,74,13312,123904
58,78,14336,123904
59,59,1024,124928
59,65,2048,124928
59,65,3072,124928
59,65,4096,124928
59,87,5120,124928
59,87,6144,124928
59,74,7168,124928
59,147,8192,124928
59,147,9216,124928
59,147,10240,124928
59,147,11264,124928
59,74,12288,124928
59,78,13312,124928
59,78,14336,124928
59,65,1024,125952
59,65,2048,125952
59,65,3072,125952
59,87,4096,125952
59,87,5120,125952
59,74,6144,125952
59,147,7168,125952
59,147,8192,125952
59,147,9216,125952
59,147,10240,125952
59,74,11264,125952
59,78,12288,125952
59,78,13312,125952
59,83,14336,125952
65,65,1024,126976
65,65,2048,126976
65,87,3072,126976
65,87,4096,126976
65,74,5120,126976
65,147,6144,126976
65,147,7168,126976
65,147,8192,126976
65,147,9216,126976
65,74,10240,126976
65,78,11264,126976
65,78,12288,126976
65,83,13312,126976
65,83,14336,126976
65,65,1024,128000
65,87,2048,128000
65,87,3072,128000
65,74,4096,128000
65,147,5120,128000
65,147,6144,128000
65,147,7168,128000
65,147,8192,128000
65,74,9216,128000
65,78,10240,128000
65,78,11264,128000
65,83,12288,128000
65,83,13312,128000
65,84,14336,128000
65,87,1024,129024
65,87,2048,129024
65,74,3072,129024
65,147,4096,129024
65,147,5120,129024
65,147,6144,129024
65,147,7168,129024
65,74,8192,129024
65,78,9216,129024
65,78,10240,129024
65,83,11264,129024
65,83,12288,129024
65,84,13312,129024
65,88,14336,129024
87,87,1024,130048
87,74,2048,130048
87,147,3072,130048
87,147,4096,130048
87,147,5120,130048
87,147,6144,130048
87,74,7168,130048
87,78,8192,130048
87,78,9216,130048
87,83,10240,130048
87,83,11264,130048
87,84,12288,130048
87,88,13312,130048
87,88,14336,130048
87,74,1024,131072
87,147,2048,131072
87,147,3072,131072
87,147,4096,131072
87,147,5120,131072
87,74,6144,131072
87,78,7168,131072
87,78,8192,131072
87,83,9216,131072
87,83,10240,131072
87,84,11264,131072
87,88,12288,131072
87,88,13312,131072
87,88,14336,131072
74,147,1024,132096
74,147,2048,132096
74,147,3072,132096
74,147,4096,132096
74,74,5120,132096
74,78,6144,132096
74,78,7168,132096
74,83,8192,132096
74,83,9216,132096
74,84,10240,132096
74,88,11264,132096
74,88,12288,132096
74,88,13312,132096
74,88,14336,132096
147,147,1024,133120
147,147,2048,133120
147,147,3072,133120
147,74,4096,133120
147,78,5120,133120
147,78,6144,133120
147,83,7168,133120
147,83,8192,133120
147,84,9216,133120
147,88,10240,133120
147,88,11264,133120
147,88,12288,133120
147,88,13312,133120
147,87,14336,133120
147,147,1024,134144
147,147,2048,134144
147,74,3072,134144
147,78,4096,134144
147,78,5120,134144
147,83,6144,134144
147,83,7168,134144
147,84,8192,134144
147,88,9216,134144
147,88,10240,134144
147,88,11264,134144
147,88,12288,134144
147,87,13312,134144
147,98,14336,134144
147,147,1024,135168
147,74,2048,135168
147,78,3072,135168
147,78,4096,135168
147,83,5120,135168
147,83,6144,135168
147,84,7168,135168
147,88,8192,135168
147,88,9216,135168
147,88,10240,135168
147,88,11264,135168
147,87,12288,135168
147,98,13312,135168
147,97,14336,135168
147,74,1024,136192
147,78,2048,136192
147,78,3072,136192
147,83,4096,136192
147,83,5120,136192
147,84,6144,136192
147,88,7168,136192
147,88,8192,136192
147,88,9216,136192
147,88,10240,136192
147,87,11264,136192
147,98,12288,136192
147,97,13312,136192
147,98,14336,136192
74,78,1024,137216
74,78,2048,137216
74,83,3072,137216
74,83,4096,137216
74,84,5120,137216
74,88,6144,137216
74,88,7168,137216
74,88,8192,137216
74,88,9216,137216
74,87,10240,137216
74,98,11264,137216
74,97,12288,137216
74,98,13312,137216
74,98,14336,137216
78,78,1024,138240
78,83,2048,138240
78,83,3072,138240
78,84,4096,138240
78,88,5120,138240
78,88,6144,138240
78,88,7168,138240
78,88,8192,138240
78,87,9216,138240
78,98,10240,138240
78,97,11264,138240
78,98,12288,138240
78,98,13312,138240
78,98,14336,138240
78,83,1024,139264
78,83,2048,139264
78,84,3072,139264
78,88,4096,139264
78,88,5120,139264
78,88,6144,139264
78,88,7168,139264
78,87,8192,139264
78,98,9216,139264
78,97,10240,139264
78,98,11264,139264
78,98,12288,139264
78,98,13312,139264
78,98,14336,139264
83,83,1024,140288
83,84,2048,140288
83,88,3072,140288
83,88,4096,140288
83,88,5120,140288
83,88,6144,140288
83,87,7168,140288
83,98,8192,140288
83,97,9216,140288
83,98,10240,140288
83,98,11264,140288
83,98,12288,140288
83,98,13312,140288
83,131,15360,140288
83,84,1024,141312
83,88,2048,141312
83,88,3072,141312
83,88,4096,141312
83,88,5120,141312
83,87,6144,141312
83,98,7168,141312
83,97,8192,141312
83,98,9216,141312
83,98,10240,141312
83,98,11264,141312
83,98,12288,141312
83,131,14336,141312
83,130,15360,141312
84,88,1024,142336
84,88,2048,142336
84,88,3072,142336
84,88,4096,142336
84,87,5120,142336
84,98,6144,142336
84,97,7168,142336
84,98,8192,142336
84,98,9216,142336
84,98,10240,142336
84,98,11264,142336
84,131,13312,142336
84,130,14336,142336
84,131,15360,142336
88,88,1024,143360
88,88,2048,143360
88,88,3072,143360
88,87,4096,143360
88,98,5120,143360
88,97,6144,143360
88,98,7168,143360
88,98,8192,143360
88,98,9216,143360
88,98,10240,143360
88,131,12288,143360
88,130,13312,143360
88,131,14336,143360
88,87,15360,143360
88,88,1024,144384
88,88,2048,144384
88,87,3072,144384
88,98,4096,144384
88,97,5120,144384
88,98,6144,144384
88,98,7168,144384
88,98,8192,144384
88,98,9216,144384
88,131,11264,144384
88,130,12288,144384
88,131,13312,144384
88,87,14336,144384
88,87,15360,144384
88,88,1024,145408
88,87,2048,145408
88,98,3072,145408
88,97,4096,145408
88,98,5120,145408
88,98,6144,145408
88,98,7168,145408
88,98,8192,145408
88,131,10240,145408
88,130,11264,145408
88,131,12288,145408
88,87,13312,145408
88,87,14336,145408
88,87,15360,145408
88,87,1024,146432
88,98,2048,146432
88,97,3072,146432
88,98,4096,146432
88,98,5120,146432
88,98,6144,146432
88,98,7168,146432
88,131,9216,146432
88,130,10240,146432
88,131,11264,146432
88,87,12288,146432
88,87,13312,146432
88,87,14336,146432
88,65,17408,146432
87,98,1024,147456
87,97,2048,147456
87,98,3072,147456
87,98,4096,147456
87,98,5120,147456
87,98,6144,147456
87,131,8192,147456
87,130,9216,147456
87,131,10240,147456
87,87,11264,147456
87,87,12288,147456
87,87,13312,147456
87,65,16384,147456
98,97,1024,148480
98,98,2048,148480
98,98,3072,148480
98,98,4096,148480
98,98,5120,148480
98,131,7168,148480
98,130,8192,148480
98,131,9216,148480
98,87,10240,148480
98,87,11264,148480
98,87,12288,148480
98,65,15360,148480
97,98,1024,149504
97,98,2048,149504
97,98,3072,149504
97,98,4096,149504
97,131,6144,149504
97,130,7168,149504
97,131,8192,149504
97,87,9216,149504
97,87,10240,149504
97,87,11264,149504
97,65,14336,149504
98,98,1024,150528
98,98,2048,150528
98,98,3072,150528
98,131,5120,150528
98,130,6144,150528
98,131,7168,150528
98,87,8192,150528
98,87,9216,150528
98,87,10240,150528
98,65,13312,150528
98,98,1024,151552
98,98,2048,151552
98,131,4096,151552
98,130,5120,151552
98,131,6144,151552
98,87,7168,151552
98,87,8192,151552
98,87,9216,151552
98,65,12288,151552
98,98,1024,152576
98,131,3072,152576
98,130,4096,152576
98,131,5120,152576
98,87,6144,152576
98,87,7168,152576
98,87,8192,152576
98,65,11264,152576
98,131,2048,153600
98,130,3072,153600
98,131,4096,153600
98,87,5120,153600
98,87,6144,153600
98,87,7168,153600
98,65,10240,153600
131,130,1024,155648
131,131,2048,155648
131,87,3072,155648
131,87,4096,155648
131,87,5120,155648
131,65,8192,155648
130,131,1024,156672
130,87,2048,156672
130,87,3072,156672
130,87,4096,156672
130,65,7168,156672
131,87,1024,157696
131,87,2048,157696
131,87,3072,157696
131,65,6144,157696
87,87,1024,158720
87,87,2048,158720
87,65,5120,158720
87,87,1024,159744
87,65,4096,159744
87,65,3072,160768
