38,23,2048,0
38,23,3072,0
38,129,3072,0
38,23,7168,0
38,23,8192,0
38,128,12288,0
38,24,16384,0
38,122,16384,0
38,24,18432,0
38,122,18432,0
38,41,20480,0
23,23,1024,2048
23,129,1024,2048
23,23,5120,2048
23,23,6144,2048
23,128,10240,2048
23,24,14336,2048
23,122,14336,2048
23,24,16384,2048
23,122,16384,2048
23,41,18432,2048
23,127,19456,2048
23,129,0,3072
23,23,4096,3072
23,23,5120,3072
23,128,9216,3072
23,24,13312,3072
23,122,13312,3072
23,24,15360,3072
23,122,15360,3072
23,41,17408,3072
23,127,18432,3072
23,65,20480,3072
23,128,20480,3072
129,23,4096,3072
129,23,5120,3072
129,128,9216,3072
129,24,13312,3072
129,122,13312,3072
129,24,15360,3072
129,122,15360,3072
129,41,17408,3072
129,127,18432,3072
129,65,20480,3072
129,128,20480,3072
23,23,1024,7168
23,128,5120,7168
23,24,9216,7168
23,122,9216,7168
23,24,11264,7168
23,122,11264,7168
23,41,13312,7168
23,127,14336,7168
23,65,16384,7168
23,128,16384,7168
23,96,17408,7168
23,18,18432,7168
23,96,18432,7168
23,18,19456,7168
23,128,4096,8192
23,24,8192,8192
23,122,8192,8192
23,24,10240,8192
23,122,10240,8192
23,41,12288,8192
23,127,13312,8192
23,65,15360,8192
23,128,15360,8192
23,96,16384,8192
23,18,17408,8192
23,96,17408,8192
23,18,18432,8192
23,96,18432,8192
128,24,4096,12288
128,122,4096,12288
128,24,6144,12288
128,122,6144,12288
128,41,8192,12288
128,127,9216,12288
128,65,11264,12288
128,128,11264,12288
128,96,12288,12288
128,18,13312,12288
128,96,13312,12288
128,18,14336,12288
128,96,14336,12288
128,48,16384,12288
24,122,0,16384
24,24,2048,16384
24,122,2048,16384
24,41,4096,16384
24,127,5120,16384
24,65,7168,16384
24,128,7168,16384
24,96,8192,16384
24,18,9216,16384
24,96,9216,16384
24,18,10240,16384
24,96,10240,16384
24,48,12288,16384
24,32,13312,16384
122,24,2048,16384
122,122,2048,16384
122,41,4096,16384
122,127,5120,16384
122,65,7168,16384
122,128,7168,16384
122,96,8192,16384
122,18,9216,16384
122,96,9216,16384
122,18,10240,16384
122,96,10240,16384
122,48,12288,16384
122,32,13312,16384
122,46,13312,16384
24,122,0,18432
24,41,2048,18432
24,127,3072,18432
24,65,5120,18432
24,128,5120,18432
24,96,6144,18432
24,18,7168,18432
24,96,7168,18432
24,18,8192,18432
24,96,8192,18432
24,48,10240,18432
24,32,11264,18432
24,46,11264,18432
24,46,14336,18432
122,41,2048,18432
122,127,3072,18432
122,65,5120,18432
122,128,5120,18432
122,96,6144,18432
122,18,7168,18432
122,96,7168,18432
122,18,8192,18432
122,96,8192,18432
122,48,10240,18432
122,32,11264,18432
122,46,11264,18432
122,46,14336,18432
122,48,15360,18432
41,127,1024,20480
41,65,3072,20480
41,128,3072,20480
41,96,4096,20480
41,18,5120,20480
41,96,5120,20480
41,18,6144,20480
41,96,6144,20480
41,48,8192,20480
41,32,9216,20480
41,46,9216,20480
41,46,12288,20480
41,48,13312,20480
41,30,16384,20480
127,65,2048,21504
127,128,2048,21504
127,96,3072,21504
127,18,4096,21504
127,96,4096,21504
127,18,5120,21504
127,96,5120,21504
127,48,7168,21504
127,32,8192,21504
127,46,8192,21504
127,46,11264,21504
127,48,12288,21504
127,30,15360,21504
65,128,0,23552
65,96,1024,23552
65,18,2048,23552
65,96,2048,23552
65,18,3072,23552
65,96,3072,23552
65,48,5120,23552
65,32,6144,23552
65,46,6144,23552
65,46,9216,23552
65,48,10240,23552
65,30,13312,23552
128,96,1024,23552
128,18,2048,23552
128,96,2048,23552
128,18,3072,23552
128,96,3072,23552
128,48,5120,23552
128,32,6144,23552
128,46,6144,23552
128,46,9216,23552
128,48,10240,23552
128,30,13312,23552
96,18,1024,24576
96,96,1024,24576
96,18,2048,24576
96,96,2048,24576
96,48,4096,24576
96,32,5120,24576
96,46,5120,24576
96,46,8192,24576
96,48,9216,24576
96,30,12288,24576
96,32,20480,24576
18,96,0,25600
18,18,1024,25600
18,96,1024,25600
18,48,3072,25600
18,32,4096,25600
18,46,4096,25600
18,46,7168,25600
18,48,8192,25600
18,30,11264,25600
18,32,19456,25600
18,49,20480,25600
96,18,1024,25600
96,96,1024,25600
96,48,3072,25600
96,32,4096,25600
96,46,4096,25600
96,46,7168,25600
96,48,8192,25600
96,30,11264,25600
96,32,19456,25600
96,49,20480,25600
18,96,0,26624
18,48,2048,26624
18,32,3072,26624
18,46,3072,26624
18,46,6144,26624
18,48,7168,26624
18,30,10240,26624
18,32,18432,26624
18,49,19456,26624
18,32,20480,26624
18,49,20480,26624
96,48,2048,26624
96,32,3072,26624
96,46,3072,26624
96,46,6144,26624
96,48,7168,26624
96,30,10240,26624
96,32,18432,26624
96,49,19456,26624
96,32,20480,26624
96,49,20480,26624
48,32,1024,28672
48,46,1024,28672
48,46,4096,28672
48,48,5120,28672
48,30,8192,28672
48,32,16384,28672
48,49,17408,28672
48,32,18432,28672
48,49,18432,28672
48,32,20480,28672
32,46,0,29696
32,46,3072,29696
32,48,4096,29696
32,30,7168,29696
32,32,15360,29696
32,49,16384,29696
32,32,17408,29696
32,49,17408,29696
32,32,19456,29696
32,32,20480,29696
46,46,3072,29696
46,48,4096,29696
46,30,7168,29696
46,32,15360,29696
46,49,16384,29696
46,32,17408,29696
46,49,17408,29696
46,32,19456,29696
46,32,20480,29696
46,48,1024,32768
46,30,4096,32768
46,32,12288,32768
46,49,13312,32768
46,32,14336,32768
46,49,14336,32768
46,32,16384,32768
46,32,17408,32768
46,18,19456,32768
46,18,20480,32768
48,30,3072,33792
48,32,11264,33792
48,49,12288,33792
48,32,13312,33792
48,49,13312,33792
48,32,15360,33792
48,32,16384,33792
48,18,18432,33792
48,18,19456,33792
30,32,8192,36864
30,49,9216,36864
30,32,10240,36864
30,49,10240,36864
30,32,12288,36864
30,32,13312,36864
30,18,15360,36864
30,18,16384,36864
32,49,1024,45056
32,32,2048,45056
32,49,2048,45056
32,32,4096,45056
32,32,5120,45056
32,18,7168,45056
32,18,8192,45056
32,18,18432,45056
49,32,1024,46080
49,49,1024,46080
49,32,3072,46080
49,32,4096,46080
49,18,6144,46080
49,18,7168,46080
49,18,17408,46080
32,49,0,47104
32,32,2048,47104
32,32,3072,47104
32,18,5120,47104
32,18,6144,47104
32,18,16384,47104
49,32,2048,47104
49,32,3072,47104
49,18,5120,47104
49,18,6144,47104
49,18,16384,47104
32,32,1024,49152
32,18,3072,49152
32,18,4096,49152
32,18,14336,49152
32,49,20480,49152
32,18,2048,50176
32,18,3072,50176
32,18,13312,50176
32,49,19456,50176
18,18,1024,52224
18,18,11264,52224
18,49,17408,52224
18,24,19456,52224
18,36,20480,52224
18,18,10240,53248
18,49,16384,53248
18,24,18432,53248
18,36,19456,53248
18,49,6144,63488
18,24,8192,63488
18,36,9216,63488
18,33,17408,63488
18,41,17408,63488
18,32,18432,63488
18,32,19456,63488
49,24,2048,69632
49,36,3072,69632
49,33,11264,69632
49,41,11264,69632
49,32,12288,69632
49,32,13312,69632
49,18,17408,69632
49,72,17408,69632
49,18,18432,69632
49,18,19456,69632
24,36,1024,71680
24,33,9216,71680
24,41,9216,71680
24,32,10240,71680
24,32,11264,71680
24,18,15360,71680
24,72,15360,71680
24,18,16384,71680
24,18,17408,71680
36,33,8192,72704
36,41,8192,72704
36,32,9216,72704
36,32,10240,72704
36,18,14336,72704
36,72,14336,72704
36,18,15360,72704
36,18,16384,72704
33,41,0,80896
33,32,1024,80896
33,32,2048,80896
33,18,6144,80896
33,72,6144,80896
33,18,7168,80896
33,18,8192,80896
33,18,17408,80896
33,18,19456,80896
41,32,1024,80896
41,32,2048,80896
41,18,6144,80896
41,72,6144,80896
41,18,7168,80896
41,18,8192,80896
41,18,17408,80896
41,18,19456,80896
32,32,1024,81920
32,18,5120,81920
32,72,5120,81920
32,18,6144,81920
32,18,7168,81920
32,18,16384,81920
32,18,18432,81920
32,18,20480,81920
32,18,4096,82944
32,72,4096,82944
32,18,5120,82944
32,18,6144,82944
32,18,15360,82944
32,18,17408,82944
32,18,19456,82944
18,72,0,87040
18,18,1024,87040
18,18,2048,87040
18,18,11264,87040
18,18,13312,87040
18,18,15360,87040
18,24,17408,87040
18,97,19456,87040
72,18,1024,87040
72,18,2048,87040
72,18,11264,87040
72,18,13312,87040
72,18,15360,87040
72,24,17408,87040
72,97,19456,87040
18,18,1024,88064
18,18,10240,88064
18,18,12288,88064
18,18,14336,88064
18,24,16384,88064
18,97,18432,88064
18,24,20480,88064
18,48,20480,88064
18,18,9216,89088
18,18,11264,89088
18,18,13312,89088
18,24,15360,89088
18,97,17408,89088
18,24,19456,89088
18,48,19456,89088
18,49,20480,89088
18,97,20480,89088
18,18,2048,98304
18,18,4096,98304
18,24,6144,98304
18,97,8192,98304
18,24,10240,98304
18,48,10240,98304
18,49,11264,98304
18,97,11264,98304
18,24,12288,98304
18,48,12288,98304
18,24,13312,98304
18,97,13312,98304
18,24,14336,98304
18,97,15360,98304
18,18,2048,100352
18,24,4096,100352
18,97,6144,100352
18,24,8192,100352
18,48,8192,100352
18,49,9216,100352
18,97,9216,100352
18,24,10240,100352
18,48,10240,100352
18,24,11264,100352
18,97,11264,100352
18,24,12288,100352
18,97,13312,100352
18,48,14336,100352
18,24,2048,102400
18,97,4096,102400
18,24,6144,102400
18,48,6144,102400
18,49,7168,102400
18,97,7168,102400
18,24,8192,102400
18,48,8192,102400
18,24,9216,102400
18,97,9216,102400
18,24,10240,102400
18,97,11264,102400
18,48,12288,102400
18,49,13312,102400
24,97,2048,104448
24,24,4096,104448
24,48,4096,104448
24,49,5120,104448
24,97,5120,104448
24,24,6144,104448
24,48,6144,104448
24,24,7168,104448
24,97,7168,104448
24,24,8192,104448
24,97,9216,104448
24,48,10240,104448
24,49,11264,104448
24,49,12288,104448
97,24,2048,106496
97,48,2048,106496
97,49,3072,106496
97,97,3072,106496
97,24,4096,106496
97,48,4096,106496
97,24,5120,106496
97,97,5120,106496
97,24,6144,106496
97,97,7168,106496
97,48,8192,106496
97,49,9216,106496
97,49,10240,106496
97,24,13312,106496
24,48,0,108544
24,49,1024,108544
24,97,1024,108544
24,24,2048,108544
24,48,2048,108544
24,24,3072,108544
24,97,3072,108544
24,24,4096,108544
24,97,5120,108544
24,48,6144,108544
24,49,7168,108544
24,49,8192,108544
24,24,11264,108544
24,48,11264,108544
48,49,1024,108544
48,97,1024,108544
48,24,2048,108544
48,48,2048,108544
48,24,3072,108544
48,97,3072,108544
48,24,4096,108544
48,97,5120,108544
48,48,6144,108544
48,49,7168,108544
48,49,8192,108544
48,24,11264,108544
48,48,11264,108544
48,48,12288,108544
49,97,0,109568
49,24,1024,109568
49,48,1024,109568
49,24,2048,109568
49,97,2048,109568
49,24,3072,109568
49,97,4096,109568
49,48,5120,109568
49,49,6144,109568
49,49,7168,109568
49,24,10240,109568
49,48,10240,109568
49,48,11264,109568
49,48,12288,109568
97,24,1024,109568
97,48,1024,109568
97,24,2048,109568
97,97,2048,109568
97,24,3072,109568
97,97,4096,109568
97,48,5120,109568
97,49,6144,109568
97,49,7168,109568
97,24,10240,109568
97,48,10240,109568
97,48,11264,109568
97,48,12288,109568
97,110,12288,109568
24,48,0,110592
24,24,1024,110592
24,97,1024,110592
24,24,2048,110592
24,97,3072,110592
24,48,4096,110592
24,49,5120,110592
24,49,6144,110592
24,24,9216,110592
24,48,9216,110592
24,48,10240,110592
24,48,11264,110592
24,110,11264,110592
24,48,13312,110592
48,24,1024,110592
48,97,1024,110592
48,24,2048,110592
48,97,3072,110592
48,48,4096,110592
48,49,5120,110592
48,49,6144,110592
48,24,9216,110592
48,48,9216,110592
48,48,10240,110592
48,48,11264,110592
48,110,11264,110592
48,48,13312,110592
48,49,14336,110592
24,97,0,111616
24,24,1024,111616
24,97,2048,111616
24,48,3072,111616
24,49,4096,111616
24,49,5120,111616
24,24,8192,111616
24,48,8192,111616
24,48,9216,111616
24,48,10240,111616
24,110,10240,111616
24,48,12288,111616
24,49,13312,111616
24,23,14336,111616
97,24,1024,111616
97,97,2048,111616
97,48,3072,111616
97,49,4096,111616
97,49,5120,111616
97,24,8192,111616
97,48,8192,111616
97,48,9216,111616
97,48,10240,111616
97,110,10240,111616
97,48,12288,111616
97,49,13312,111616
97,23,14336,111616
97,48,14336,111616
24,97,1024,112640
24,48,2048,112640
24,49,3072,112640
24,49,4096,112640
24,24,7168,112640
24,48,7168,112640
24,48,8192,112640
24,48,9216,112640
24,110,9216,112640
24,48,11264,112640
24,49,12288,112640
24,23,13312,112640
24,48,13312,112640
24,23,14336,112640
97,48,1024,113664
97,49,2048,113664
97,49,3072,113664
97,24,6144,113664
97,48,6144,113664
97,48,7168,113664
97,48,8192,113664
97,110,8192,113664
97,48,10240,113664
97,49,11264,113664
97,23,12288,113664
97,48,12288,113664
97,23,13312,113664
97,49,13312,113664
48,49,1024,114688
48,49,2048,114688
48,24,5120,114688
48,48,5120,114688
48,48,6144,114688
48,48,7168,114688
48,110,7168,114688
48,48,9216,114688
48,49,10240,114688
48,23,11264,114688
48,48,11264,114688
48,23,12288,114688
48,49,12288,114688
48,48,13312,114688
49,49,1024,115712
49,24,4096,115712
49,48,4096,115712
49,48,5120,115712
49,48,6144,115712
49,110,6144,115712
49,48,8192,115712
49,49,9216,115712
49,23,10240,115712
49,48,10240,115712
49,23,11264,115712
49,49,11264,115712
49,48,12288,115712
49,48,13312,115712
49,24,3072,116736
49,48,3072,116736
49,48,4096,116736
49,48,5120,116736
49,110,5120,116736
49,48,7168,116736
49,49,8192,116736
49,23,9216,116736
49,48,9216,116736
49,23,10240,116736
49,49,10240,116736
49,48,11264,116736
49,48,12288,116736
49,97,12288,116736
24,48,0,119808
24,48,1024,119808
24,48,2048,119808
24,110,2048,119808
24,48,4096,119808
24,49,5120,119808
24,23,6144,119808
24,48,6144,119808
24,23,7168,119808
24,49,7168,119808
24,48,8192,119808
24,48,9216,119808
24,97,9216,119808
24,23,11264,119808
48,48,1024,119808
48,48,2048,119808
48,110,2048,119808
48,48,4096,119808
48,49,5120,119808
48,23,6144,119808
48,48,6144,119808
48,23,7168,119808
48,49,7168,119808
48,48,8192,119808
48,48,9216,119808
48,97,9216,119808
48,23,11264,119808
48,49,13312,119808
48,48,1024,120832
48,110,1024,120832
48,48,3072,120832
48,49,4096,120832
48,23,5120,120832
48,48,5120,120832
48,23,6144,120832
48,49,6144,120832
48,48,7168,120832
48,48,8192,120832
48,97,8192,120832
48,23,10240,120832
48,49,12288,120832
48,23,14336,120832
48,110,0,121856
48,48,2048,121856
48,49,3072,121856
48,23,4096,121856
48,48,4096,121856
48,23,5120,121856
48,49,5120,121856
48,48,6144,121856
48,48,7168,121856
48,97,7168,121856
48,23,9216,121856
48,49,11264,121856
48,23,13312,121856
48,48,13312,121856
110,48,2048,121856
110,49,3072,121856
110,23,4096,121856
110,48,4096,121856
110,23,5120,121856
110,49,5120,121856
110,48,6144,121856
110,48,7168,121856
110,97,7168,121856
110,23,9216,121856
110,49,11264,121856
110,23,13312,121856
110,48,13312,121856
110,48,19456,121856
48,49,1024,123904
48,23,2048,123904
48,48,2048,123904
48,23,3072,123904
48,49,3072,123904
48,48,4096,123904
48,48,5120,123904
48,97,5120,123904
48,23,7168,123904
48,49,9216,123904
48,23,11264,123904
48,48,11264,123904
48,48,17408,123904
48,49,18432,123904
49,23,1024,124928
49,48,1024,124928
49,23,2048,124928
49,49,2048,124928
49,48,3072,124928
49,48,4096,124928
49,97,4096,124928
49,23,6144,124928
49,49,8192,124928
49,23,10240,124928
49,48,10240,124928
49,48,16384,124928
49,49,17408,124928
49,49,18432,124928
23,48,0,125952
23,23,1024,125952
23,49,1024,125952
23,48,2048,125952
23,48,3072,125952
23,97,3072,125952
23,23,5120,125952
23,49,7168,125952
23,23,9216,125952
23,48,9216,125952
23,48,15360,125952
23,49,16384,125952
23,49,17408,125952
48,23,1024,125952
48,49,1024,125952
48,48,2048,125952
48,48,3072,125952
48,97,3072,125952
48,23,5120,125952
48,49,7168,125952
48,23,9216,125952
48,48,9216,125952
48,48,15360,125952
48,49,16384,125952
48,49,17408,125952
23,49,0,126976
23,48,1024,126976
23,48,2048,126976
23,97,2048,126976
23,23,4096,126976
23,49,6144,126976
23,23,8192,126976
23,48,8192,126976
23,48,14336,126976
23,49,15360,126976
23,49,16384,126976
23,49,20480,126976
49,48,1024,126976
49,48,2048,126976
49,97,2048,126976
49,23,4096,126976
49,49,6144,126976
49,23,8192,126976
49,48,8192,126976
49,48,14336,126976
49,49,15360,126976
49,49,16384,126976
49,49,20480,126976
48,48,1024,128000
48,97,1024,128000
48,23,3072,128000
48,49,5120,128000
48,23,7168,128000
48,48,7168,128000
48,48,13312,128000
48,49,14336,128000
48,49,15360,128000
48,49,19456,128000
48,49,20480,128000
48,97,0,129024
48,23,2048,129024
48,49,4096,129024
48,23,6144,129024
48,48,6144,129024
48,48,12288,129024
48,49,13312,129024
48,49,14336,129024
48,49,18432,129024
48,49,19456,129024
48,49,20480,129024
97,23,2048,129024
97,49,4096,129024
97,23,6144,129024
97,48,6144,129024
97,48,12288,129024
97,49,13312,129024
97,49,14336,129024
97,49,18432,129024
97,49,19456,129024
97,49,20480,129024
23,49,2048,131072
23,23,4096,131072
23,48,4096,131072
23,48,10240,131072
23,49,11264,131072
23,49,12288,131072
23,49,16384,131072
23,49,17408,131072
23,49,18432,131072
23,49,19456,131072
23,49,20480,131072
23,97,20480,131072
49,23,2048,133120
49,48,2048,133120
49,48,8192,133120
49,49,9216,133120
49,49,10240,133120
49,49,14336,133120
49,49,15360,133120
49,49,16384,133120
49,49,17408,133120
49,49,18432,133120
49,97,18432,133120
49,21,20480,133120
49,43,20480,133120
23,48,0,135168
23,48,6144,135168
23,49,7168,135168
23,49,8192,135168
23,49,12288,135168
23,49,13312,135168
23,49,14336,135168
23,49,15360,135168
23,49,16384,135168
23,97,16384,135168
23,21,18432,135168
23,43,18432,135168
23,122,20480,135168
48,48,6144,135168
48,49,7168,135168
48,49,8192,135168
48,49,12288,135168
48,49,13312,135168
48,49,14336,135168
48,49,15360,135168
48,49,16384,135168
48,97,16384,135168
48,21,18432,135168
48,43,18432,135168
48,122,20480,135168
48,49,1024,141312
48,49,2048,141312
48,49,6144,141312
48,49,7168,141312
48,49,8192,141312
48,49,9216,141312
48,49,10240,141312
48,97,10240,141312
48,21,12288,141312
48,43,12288,141312
48,122,14336,141312
48,49,16384,141312
48,130,16384,141312
48,21,17408,141312
49,49,1024,142336
49,49,5120,142336
49,49,6144,142336
49,49,7168,142336
49,49,8192,142336
49,49,9216,142336
49,97,9216,142336
49,21,11264,142336
49,43,11264,142336
49,122,13312,142336
49,49,15360,142336
49,130,15360,142336
49,21,16384,142336
49,20,17408,142336
49,49,4096,143360
49,49,5120,143360
49,49,6144,143360
49,49,7168,143360
49,49,8192,143360
49,97,8192,143360
49,21,10240,143360
49,43,10240,143360
49,122,12288,143360
49,49,14336,143360
49,130,14336,143360
49,21,15360,143360
49,20,16384,143360
49,49,16384,143360
49,49,1024,147456
49,49,2048,147456
49,49,3072,147456
49,49,4096,147456
49,97,4096,147456
49,21,6144,147456
49,43,6144,147456
49,122,8192,147456
49,49,10240,147456
49,130,10240,147456
49,21,11264,147456
49,20,12288,147456
49,49,12288,147456
49,49,13312,147456
49,49,1024,148480
49,49,2048,148480
49,49,3072,148480
49,97,3072,148480
49,21,5120,148480
49,43,5120,148480
49,122,7168,148480
49,49,9216,148480
49,130,9216,148480
49,21,10240,148480
49,20,11264,148480
49,49,11264,148480
49,49,12288,148480
49,49,13312,148480
49,49,1024,149504
49,49,2048,149504
49,97,2048,149504
49,21,4096,149504
49,43,4096,149504
49,122,6144,149504
49,49,8192,149504
49,130,8192,149504
49,21,9216,149504
49,20,10240,149504
49,49,10240,149504
49,49,11264,149504
49,49,12288,149504
49,49,13312,149504
49,49,1024,150528
49,97,1024,150528
49,21,3072,150528
49,43,3072,150528
49,122,5120,150528
49,49,7168,150528
49,130,7168,150528
49,21,8192,150528
49,20,9216,150528
49,49,9216,150528
49,49,10240,150528
49,49,11264,150528
49,49,12288,150528
49,20,16384,150528
49,97,0,151552
49,21,2048,151552
49,43,2048,151552
49,122,4096,151552
49,49,6144,151552
49,130,6144,151552
49,21,7168,151552
49,20,8192,151552
49,49,8192,151552
49,49,9216,151552
49,49,10240,151552
49,49,11264,151552
49,20,15360,151552
49,48,17408,151552
97,21,2048,151552
97,43,2048,151552
97,122,4096,151552
97,49,6144,151552
97,130,6144,151552
97,21,7168,151552
97,20,8192,151552
97,49,8192,151552
97,49,9216,151552
97,49,10240,151552
97,49,11264,151552
97,20,15360,151552
97,48,17408,151552
97,48,18432,151552
21,43,0,153600
21,122,2048,153600
21,49,4096,153600
21,130,4096,153600
21,21,5120,153600
21,20,6144,153600
21,49,6144,153600
21,49,7168,153600
21,49,8192,153600
21,49,9216,153600
21,20,13312,153600
21,48,15360,153600
21,48,16384,153600
21,49,17408,153600
43,122,2048,153600
43,49,4096,153600
43,130,4096,153600
43,21,5120,153600
43,20,6144,153600
43,49,6144,153600
43,49,7168,153600
43,49,8192,153600
43,49,9216,153600
43,20,13312,153600
43,48,15360,153600
43,48,16384,153600
43,49,17408,153600
43,49,18432,153600
122,49,2048,155648
122,130,2048,155648
122,21,3072,155648
122,20,4096,155648
122,49,4096,155648
122,49,5120,155648
122,49,6144,155648
122,49,7168,155648
122,20,11264,155648
122,48,13312,155648
122,48,14336,155648
122,49,15360,155648
122,49,16384,155648
122,48,17408,155648
49,130,0,157696
49,21,1024,157696
49,20,2048,157696
49,49,2048,157696
49,49,3072,157696
49,49,4096,157696
49,49,5120,157696
49,20,9216,157696
49,48,11264,157696
49,48,12288,157696
49,49,13312,157696
49,49,14336,157696
49,48,15360,157696
49,18,19456,157696
130,21,1024,157696
130,20,2048,157696
130,49,2048,157696
130,49,3072,157696
130,49,4096,157696
130,49,5120,157696
130,20,9216,157696
130,48,11264,157696
130,48,12288,157696
130,49,13312,157696
130,49,14336,157696
130,48,15360,157696
130,18,19456,157696
130,18,20480,157696
21,20,1024,158720
21,49,1024,158720
21,49,2048,158720
21,49,3072,158720
21,49,4096,158720
21,20,8192,158720
21,48,10240,158720
21,48,11264,158720
21,49,12288,158720
21,49,13312,158720
21,48,14336,158720
21,18,18432,158720
21,18,19456,158720
21,18,20480,158720
20,49,0,159744
20,49,1024,159744
20,49,2048,159744
20,49,3072,159744
20,20,7168,159744
20,48,9216,159744
20,48,10240,159744
20,49,11264,159744
20,49,12288,159744
20,48,13312,159744
20,18,17408,159744
20,18,18432,159744
20,18,19456,159744
49,49,1024,159744
49,49,2048,159744
49,49,3072,159744
49,20,7168,159744
49,48,9216,159744
49,48,10240,159744
49,49,11264,159744
49,49,12288,159744
49,48,13312,159744
49,18,17408,159744
49,18,18432,159744
49,18,19456,159744
49,49,1024,160768
49,49,2048,160768
49,20,6144,160768
49,48,8192,160768
49,48,9216,160768
49,49,10240,160768
49,49,11264,160768
49,48,12288,160768
49,18,16384,160768
49,18,17408,160768
49,18,18432,160768
49,49,1024,161792
49,20,5120,161792
49,48,7168,161792
49,48,8192,161792
49,49,9216,161792
49,49,10240,161792
49,48,11264,161792
49,18,15360,161792
49,18,16384,161792
49,18,17408,161792
49,20,4096,162816
49,48,6144,162816
49,48,7168,162816
49,49,8192,162816
49,49,9216,162816
49,48,10240,162816
49,18,14336,162816
49,18,15360,162816
49,18,16384,162816
49,98,20480,162816
20,48,2048,166912
20,48,3072,166912
20,49,4096,166912
20,49,5120,166912
20,48,6144,166912
20,18,10240,166912
20,18,11264,166912
20,18,12288,166912
20,98,16384,166912
20,48,20480,166912
20,145,20480,166912
48,48,1024,168960
48,49,2048,168960
48,49,3072,168960
48,48,4096,168960
48,18,8192,168960
48,18,9216,168960
48,18,10240,168960
48,98,14336,168960
48,48,18432,168960
48,145,18432,168960
48,49,19456,168960
48,48,20480,168960
48,49,1024,169984
48,49,2048,169984
48,48,3072,169984
48,18,7168,169984
48,18,8192,169984
48,18,9216,169984
48,98,13312,169984
48,48,17408,169984
48,145,17408,169984
48,49,18432,169984
48,48,19456,169984
49,49,1024,171008
49,48,2048,171008
49,18,6144,171008
49,18,7168,171008
49,18,8192,171008
49,98,12288,171008
49,48,16384,171008
49,145,16384,171008
49,49,17408,171008
49,48,18432,171008
49,48,1024,172032
49,18,5120,172032
49,18,6144,172032
49,18,7168,172032
49,98,11264,172032
49,48,15360,172032
49,145,15360,172032
49,49,16384,172032
49,48,17408,172032
48,18,4096,173056
48,18,5120,173056
48,18,6144,173056
48,98,10240,173056
48,48,14336,173056
48,145,14336,173056
48,49,15360,173056
48,48,16384,173056
48,48,20480,173056
48,145,20480,173056
18,18,1024,177152
18,18,2048,177152
18,98,6144,177152
18,48,10240,177152
18,145,10240,177152
18,49,11264,177152
18,48,12288,177152
18,48,16384,177152
18,145,16384,177152
18,48,18432,177152
18,145,18432,177152
18,97,19456,177152
18,18,1024,178176
18,98,5120,178176
18,48,9216,178176
18,145,9216,178176
18,49,10240,178176
18,48,11264,178176
18,48,15360,178176
18,145,15360,178176
18,48,17408,178176
18,145,17408,178176
18,97,18432,178176
18,98,4096,179200
18,48,8192,179200
18,145,8192,179200
18,49,9216,179200
18,48,10240,179200
18,48,14336,179200
18,145,14336,179200
18,48,16384,179200
18,145,16384,179200
18,97,17408,179200
18,48,20480,179200
98,48,4096,183296
98,145,4096,183296
98,49,5120,183296
98,48,6144,183296
98,48,10240,183296
98,145,10240,183296
98,48,12288,183296
98,145,12288,183296
98,97,13312,183296
98,48,16384,183296
98,48,17408,183296
98,49,19456,183296
98,146,19456,183296
98,49,20480,183296
48,145,0,187392
48,49,1024,187392
48,48,2048,187392
48,48,6144,187392
48,145,6144,187392
48,48,8192,187392
48,145,8192,187392
48,97,9216,187392
48,48,12288,187392
48,48,13312,187392
48,49,15360,187392
48,146,15360,187392
48,49,16384,187392
48,97,16384,187392
145,49,1024,187392
145,48,2048,187392
145,48,6144,187392
145,145,6144,187392
145,48,8192,187392
145,145,8192,187392
145,97,9216,187392
145,48,12288,187392
145,48,13312,187392
145,49,15360,187392
145,146,15360,187392
145,49,16384,187392
145,97,16384,187392
49,48,1024,188416
49,48,5120,188416
49,145,5120,188416
49,48,7168,188416
49,145,7168,188416
49,97,8192,188416
49,48,11264,188416
49,48,12288,188416
49,49,14336,188416
49,146,14336,188416
49,49,15360,188416
49,97,15360,188416
48,48,4096,189440
48,145,4096,189440
48,48,6144,189440
48,145,6144,189440
48,97,7168,189440
48,48,10240,189440
48,48,11264,189440
48,49,13312,189440
48,146,13312,189440
48,49,14336,189440
48,97,14336,189440
48,46,20480,189440
48,145,0,193536
48,48,2048,193536
48,145,2048,193536
48,97,3072,193536
48,48,6144,193536
48,48,7168,193536
48,49,9216,193536
48,146,9216,193536
48,49,10240,193536
48,97,10240,193536
48,46,16384,193536
48,32,19456,193536
145,48,2048,193536
145,145,2048,193536
145,97,3072,193536
145,48,6144,193536
145,48,7168,193536
145,49,9216,193536
145,146,9216,193536
145,49,10240,193536
145,97,10240,193536
145,46,16384,193536
145,32,19456,193536
48,145,0,195584
48,97,1024,195584
48,48,4096,195584
48,48,5120,195584
48,49,7168,195584
48,146,7168,195584
48,49,8192,195584
48,97,8192,195584
48,46,14336,195584
48,32,17408,195584
145,97,1024,195584
145,48,4096,195584
145,48,5120,195584
145,49,7168,195584
145,146,7168,195584
145,49,8192,195584
145,97,8192,195584
145,46,14336,195584
145,32,17408,195584
97,48,3072,196608
97,48,4096,196608
97,49,6144,196608
97,146,6144,196608
97,49,7168,196608
97,97,7168,196608
97,46,13312,196608
97,32,16384,196608
48,48,1024,199680
48,49,3072,199680
48,146,3072,199680
48,49,4096,199680
48,97,4096,199680
48,46,10240,199680
48,32,13312,199680
48,37,19456,199680
48,36,20480,199680
48,49,2048,200704
48,146,2048,200704
48,49,3072,200704
48,97,3072,200704
48,46,9216,200704
48,32,12288,200704
48,37,18432,200704
48,36,19456,200704
49,146,0,202752
49,49,1024,202752
49,97,1024,202752
49,46,7168,202752
49,32,10240,202752
49,37,16384,202752
49,36,17408,202752
49,147,19456,202752
49,73,20480,202752
49,147,20480,202752
146,49,1024,202752
146,97,1024,202752
146,46,7168,202752
146,32,10240,202752
146,37,16384,202752
146,36,17408,202752
146,147,19456,202752
146,73,20480,202752
146,147,20480,202752
49,97,0,203776
49,46,6144,203776
49,32,9216,203776
49,37,15360,203776
49,36,16384,203776
49,147,18432,203776
49,73,19456,203776
49,147,19456,203776
97,46,6144,203776
97,32,9216,203776
97,37,15360,203776
97,36,16384,203776
97,147,18432,203776
97,73,19456,203776
97,147,19456,203776
46,32,3072,209920
46,37,9216,209920
46,36,10240,209920
46,147,12288,209920
46,73,13312,209920
46,147,13312,209920
46,73,15360,209920
46,146,15360,209920
46,146,17408,209920
46,36,18432,209920
46,146,18432,209920
46,36,19456,209920
46,73,19456,209920
46,146,19456,209920
32,37,6144,212992
32,36,7168,212992
32,147,9216,212992
32,73,10240,212992
32,147,10240,212992
32,73,12288,212992
32,146,12288,212992
32,146,14336,212992
32,36,15360,212992
32,146,15360,212992
32,36,16384,212992
32,73,16384,212992
32,146,16384,212992
32,146,18432,212992
37,36,1024,219136
37,147,3072,219136
37,73,4096,219136
37,147,4096,219136
37,73,6144,219136
37,146,6144,219136
37,146,8192,219136
37,36,9216,219136
37,146,9216,219136
37,36,10240,219136
37,73,10240,219136
37,146,10240,219136
37,146,12288,219136
37,36,13312,219136
36,147,2048,220160
36,73,3072,220160
36,147,3072,220160
36,73,5120,220160
36,146,5120,220160
36,146,7168,220160
36,36,8192,220160
36,146,8192,220160
36,36,9216,220160
36,73,9216,220160
36,146,9216,220160
36,146,11264,220160
36,36,12288,220160
36,146,12288,220160
147,73,1024,222208
147,147,1024,222208
147,73,3072,222208
147,146,3072,222208
147,146,5120,222208
147,36,6144,222208
147,146,6144,222208
147,36,7168,222208
147,73,7168,222208
147,146,7168,222208
147,146,9216,222208
147,36,10240,222208
147,146,10240,222208
147,36,11264,222208
73,147,0,223232
73,73,2048,223232
73,146,2048,223232
73,146,4096,223232
73,36,5120,223232
73,146,5120,223232
73,36,6144,223232
73,73,6144,223232
73,146,6144,223232
73,146,8192,223232
73,36,9216,223232
73,146,9216,223232
73,36,10240,223232
73,146,10240,223232
147,73,2048,223232
147,146,2048,223232
147,146,4096,223232
147,36,5120,223232
147,146,5120,223232
147,36,6144,223232
147,73,6144,223232
147,146,6144,223232
147,146,8192,223232
147,36,9216,223232
147,146,9216,223232
147,36,10240,223232
147,146,10240,223232
147,36,11264,223232
73,146,0,225280
73,146,2048,225280
73,36,3072,225280
73,146,3072,225280
73,36,4096,225280
73,73,4096,225280
73,146,4096,225280
73,146,6144,225280
73,36,7168,225280
73,146,7168,225280
73,36,8192,225280
73,146,8192,225280
73,36,9216,225280
73,73,9216,225280
146,146,2048,225280
146,36,3072,225280
146,146,3072,225280
146,36,4096,225280
146,73,4096,225280
146,146,4096,225280
146,146,6144,225280
146,36,7168,225280
146,146,7168,225280
146,36,8192,225280
146,146,8192,225280
146,36,9216,225280
146,73,9216,225280
146,146,9216,225280
146,36,1024,227328
146,146,1024,227328
146,36,2048,227328
146,73,2048,227328
146,146,2048,227328
146,146,4096,227328
146,36,5120,227328
146,146,5120,227328
146,36,6144,227328
146,146,6144,227328
146,36,7168,227328
146,73,7168,227328
146,146,7168,227328
146,36,8192,227328
36,146,0,228352
36,36,1024,228352
36,73,1024,228352
36,146,1024,228352
36,146,3072,228352
36,36,4096,228352
36,146,4096,228352
36,36,5120,228352
36,146,5120,228352
36,36,6144,228352
36,73,6144,228352
36,146,6144,228352
36,36,7168,228352
36,146,8192,228352
146,36,1024,228352
146,73,1024,228352
146,146,1024,228352
146,146,3072,228352
146,36,4096,228352
146,146,4096,228352
146,36,5120,228352
146,146,5120,228352
146,36,6144,228352
146,73,6144,228352
146,146,6144,228352
146,36,7168,228352
146,146,8192,228352
146,146,9216,228352
36,73,0,229376
36,146,0,229376
36,146,2048,229376
36,36,3072,229376
36,146,3072,229376
36,36,4096,229376
36,146,4096,229376
36,36,5120,229376
36,73,5120,229376
36,146,5120,229376
36,36,6144,229376
36,146,7168,229376
36,146,8192,229376
36,146,9216,229376
73,146,0,229376
73,146,2048,229376
73,36,3072,229376
73,146,3072,229376
73,36,4096,229376
73,146,4096,229376
73,36,5120,229376
73,73,5120,229376
73,146,5120,229376
73,36,6144,229376
73,146,7168,229376
73,146,8192,229376
73,146,9216,229376
73,73,10240,229376
146,146,2048,229376
146,36,3072,229376
146,146,3072,229376
146,36,4096,229376
146,146,4096,229376
146,36,5120,229376
146,73,5120,229376
146,146,5120,229376
146,36,6144,229376
146,146,7168,229376
146,146,8192,229376
146,146,9216,229376
146,73,10240,229376
146,73,11264,229376
146,36,1024,231424
146,146,1024,231424
146,36,2048,231424
146,146,2048,231424
146,36,3072,231424
146,73,3072,231424
146,146,3072,231424
146,36,4096,231424
146,146,5120,231424
146,146,6144,231424
146,146,7168,231424
146,73,8192,231424
146,73,9216,231424
146,146,9216,231424
36,146,0,232448
36,36,1024,232448
36,146,1024,232448
36,36,2048,232448
36,73,2048,232448
36,146,2048,232448
36,36,3072,232448
36,146,4096,232448
36,146,5120,232448
36,146,6144,232448
36,73,7168,232448
36,73,8192,232448
36,146,8192,232448
36,146,10240,232448
146,36,1024,232448
146,146,1024,232448
146,36,2048,232448
146,73,2048,232448
146,146,2048,232448
146,36,3072,232448
146,146,4096,232448
146,146,5120,232448
146,146,6144,232448
146,73,7168,232448
146,73,8192,232448
146,146,8192,232448
146,146,10240,232448
36,146,0,233472
36,36,1024,233472
36,73,1024,233472
36,146,1024,233472
36,36,2048,233472
36,146,3072,233472
36,146,4096,233472
36,146,5120,233472
36,73,6144,233472
36,73,7168,233472
36,146,7168,233472
36,146,9216,233472
146,36,1024,233472
146,73,1024,233472
146,146,1024,233472
146,36,2048,233472
146,146,3072,233472
146,146,4096,233472
146,146,5120,233472
146,73,6144,233472
146,73,7168,233472
146,146,7168,233472
146,146,9216,233472
36,73,0,234496
36,146,0,234496
36,36,1024,234496
36,146,2048,234496
36,146,3072,234496
36,146,4096,234496
36,73,5120,234496
36,73,6144,234496
36,146,6144,234496
36,146,8192,234496
73,146,0,234496
73,36,1024,234496
73,146,2048,234496
73,146,3072,234496
73,146,4096,234496
73,73,5120,234496
73,73,6144,234496
73,146,6144,234496
73,146,8192,234496
146,36,1024,234496
146,146,2048,234496
146,146,3072,234496
146,146,4096,234496
146,73,5120,234496
146,73,6144,234496
146,146,6144,234496
146,146,8192,234496
36,146,1024,235520
36,146,2048,235520
36,146,3072,235520
36,73,4096,235520
36,73,5120,235520
36,146,5120,235520
36,146,7168,235520
146,146,1024,236544
146,146,2048,236544
146,73,3072,236544
146,73,4096,236544
146,146,4096,236544
146,146,6144,236544
146,146,1024,237568
146,73,2048,237568
146,73,3072,237568
146,146,3072,237568
146,146,5120,237568
146,73,1024,238592
146,73,2048,238592
146,146,2048,238592
146,146,4096,238592
73,73,1024,239616
73,146,1024,239616
73,146,3072,239616
73,146,0,240640
73,146,2048,240640
146,146,2048,240640
24,24,1024,323584
24,24,3072,323584
24,24,4096,323584
24,49,5120,323584
24,24,2048,324608
24,24,3072,324608
24,49,4096,324608
24,24,1024,326656
24,49,2048,326656
24,49,1024,327680
