5,68,4096,3072
5,69,5120,3072
5,68,6144,3072
5,31,8192,3072
5,61,13312,3072
5,61,14336,3072
5,5,15360,3072
5,5,16384,3072
68,69,1024,7168
68,68,2048,7168
68,31,4096,7168
68,61,9216,7168
68,61,10240,7168
68,5,11264,7168
68,5,12288,7168
68,12,19456,7168
69,68,1024,8192
69,31,3072,8192
69,61,8192,8192
69,61,9216,8192
69,5,10240,8192
69,5,11264,8192
69,12,18432,8192
68,31,2048,9216
68,61,7168,9216
68,61,8192,9216
68,5,9216,9216
68,5,10240,9216
68,12,17408,9216
31,61,5120,11264
31,61,6144,11264
31,5,7168,11264
31,5,8192,11264
31,12,15360,11264
31,4,19456,11264
61,61,1024,16384
61,5,2048,16384
61,5,3072,16384
61,12,10240,16384
61,4,14336,16384
61,5,1024,17408
61,5,2048,17408
61,12,9216,17408
61,4,13312,17408
5,5,1024,18432
5,12,8192,18432
5,4,12288,18432
5,12,7168,19456
5,4,11264,19456
12,4,4096,26624
12,13,15360,26624
12,6,20480,26624
4,13,11264,30720
4,6,16384,30720
4,6,17408,30720
4,6,18432,30720
4,4,19456,30720
13,6,5120,41984
13,6,6144,41984
13,6,7168,41984
13,4,8192,41984
13,12,16384,41984
13,7,20480,41984
6,6,1024,47104
6,6,2048,47104
6,4,3072,47104
6,12,11264,47104
6,7,15360,47104
6,6,1024,48128
6,4,2048,48128
6,12,10240,48128
6,7,14336,48128
6,4,1024,49152
6,12,9216,49152
6,7,13312,49152
4,12,8192,50176
4,7,12288,50176
12,7,4096,58368
12,27,14336,58368
12,13,15360,58368
12,27,16384,58368
7,27,10240,62464
7,13,11264,62464
7,27,12288,62464
7,3,19456,62464
27,13,1024,72704
27,27,2048,72704
27,3,9216,72704
27,28,17408,72704
27,27,18432,72704
27,27,19456,72704
13,27,1024,73728
13,3,8192,73728
13,28,16384,73728
13,27,17408,73728
13,27,18432,73728
27,3,7168,74752
27,28,15360,74752
27,27,16384,74752
27,27,17408,74752
3,28,8192,81920
3,27,9216,81920
3,27,10240,81920
3,6,15360,81920
3,34,20480,81920
28,27,1024,90112
28,27,2048,90112
28,6,7168,90112
28,34,12288,90112
28,37,13312,90112
28,36,14336,90112
28,12,15360,90112
28,36,16384,90112
28,36,17408,90112
28,30,19456,90112
28,31,20480,90112
27,27,1024,91136
27,6,6144,91136
27,34,11264,91136
27,37,12288,91136
27,36,13312,91136
27,12,14336,91136
27,36,15360,91136
27,36,16384,91136
27,30,18432,91136
27,31,19456,91136
27,35,20480,91136
27,6,5120,92160
27,34,10240,92160
27,37,11264,92160
27,36,12288,92160
27,12,13312,92160
27,36,14336,92160
27,36,15360,92160
27,30,17408,92160
27,31,18432,92160
27,35,19456,92160
27,34,20480,92160
6,34,5120,97280
6,37,6144,97280
6,36,7168,97280
6,12,8192,97280
6,36,9216,97280
6,36,10240,97280
6,30,12288,97280
6,31,13312,97280
6,35,14336,97280
6,34,15360,97280
6,35,16384,97280
6,34,17408,97280
6,35,18432,97280
6,34,19456,97280
34,37,1024,102400
34,36,2048,102400
34,12,3072,102400
34,36,4096,102400
34,36,5120,102400
34,30,7168,102400
34,31,8192,102400
34,35,9216,102400
34,34,10240,102400
34,35,11264,102400
34,34,12288,102400
34,35,13312,102400
34,34,14336,102400
34,35,15360,102400
37,36,1024,103424
37,12,2048,103424
37,36,3072,103424
37,36,4096,103424
37,30,6144,103424
37,31,7168,103424
37,35,8192,103424
37,34,9216,103424
37,35,10240,103424
37,34,11264,103424
37,35,12288,103424
37,34,13312,103424
37,35,14336,103424
37,34,15360,103424
36,12,1024,104448
36,36,2048,104448
36,36,3072,104448
36,30,5120,104448
36,31,6144,104448
36,35,7168,104448
36,34,8192,104448
36,35,9216,104448
36,34,10240,104448
36,35,11264,104448
36,34,12288,104448
36,35,13312,104448
36,34,14336,104448
36,13,16384,104448
12,36,1024,105472
12,36,2048,105472
12,30,4096,105472
12,31,5120,105472
12,35,6144,105472
12,34,7168,105472
12,35,8192,105472
12,34,9216,105472
12,35,10240,105472
12,34,11264,105472
12,35,12288,105472
12,34,13312,105472
12,13,15360,105472
12,4,19456,105472
36,36,1024,106496
36,30,3072,106496
36,31,4096,106496
36,35,5120,106496
36,34,6144,106496
36,35,7168,106496
36,34,8192,106496
36,35,9216,106496
36,34,10240,106496
36,35,11264,106496
36,34,12288,106496
36,13,14336,106496
36,4,18432,106496
36,30,2048,107520
36,31,3072,107520
36,35,4096,107520
36,34,5120,107520
36,35,6144,107520
36,34,7168,107520
36,35,8192,107520
36,34,9216,107520
36,35,10240,107520
36,34,11264,107520
36,13,13312,107520
36,4,17408,107520
30,31,1024,109568
30,35,2048,109568
30,34,3072,109568
30,35,4096,109568
30,34,5120,109568
30,35,6144,109568
30,34,7168,109568
30,35,8192,109568
30,34,9216,109568
30,13,11264,109568
30,4,15360,109568
30,4,19456,109568
31,35,1024,110592
31,34,2048,110592
31,35,3072,110592
31,34,4096,110592
31,35,5120,110592
31,34,6144,110592
31,35,7168,110592
31,34,8192,110592
31,13,10240,110592
31,4,14336,110592
31,4,18432,110592
35,34,1024,111616
35,35,2048,111616
35,34,3072,111616
35,35,4096,111616
35,34,5120,111616
35,35,6144,111616
35,34,7168,111616
35,13,9216,111616
35,4,13312,111616
35,4,17408,111616
34,35,1024,112640
34,34,2048,112640
34,35,3072,112640
34,34,4096,112640
34,35,5120,112640
34,34,6144,112640
34,13,8192,112640
34,4,12288,112640
34,4,16384,112640
34,55,20480,112640
35,34,1024,113664
35,35,2048,113664
35,34,3072,113664
35,35,4096,113664
35,34,5120,113664
35,13,7168,113664
35,4,11264,113664
35,4,15360,113664
35,55,19456,113664
34,35,1024,114688
34,34,2048,114688
34,35,3072,114688
34,34,4096,114688
34,13,6144,114688
34,4,10240,114688
34,4,14336,114688
34,55,18432,114688
35,34,1024,115712
35,35,2048,115712
35,34,3072,115712
35,13,5120,115712
35,4,9216,115712
35,4,13312,115712
35,55,17408,115712
34,35,1024,116736
34,34,2048,116736
34,13,4096,116736
34,4,8192,116736
34,4,12288,116736
34,55,16384,116736
34,12,20480,116736
35,34,1024,117760
35,13,3072,117760
35,4,7168,117760
35,4,11264,117760
35,55,15360,117760
35,12,19456,117760
34,13,2048,118784
34,4,6144,118784
34,4,10240,118784
34,55,14336,118784
34,12,18432,118784
13,4,4096,120832
13,4,8192,120832
13,55,12288,120832
13,12,16384,120832
4,4,4096,124928
4,55,8192,124928
4,12,12288,124928
4,55,4096,129024
4,12,8192,129024
55,12,4096,133120
55,12,19456,133120
12,12,15360,137216
12,4,19456,137216
12,4,4096,152576
4,6,19456,156672
6,12,8192,176128
6,44,9216,176128
6,47,10240,176128
6,6,16384,176128
12,44,1024,184320
12,47,2048,184320
12,6,8192,184320
12,13,15360,184320
12,62,17408,184320
12,61,18432,184320
12,27,20480,184320
44,47,1024,185344
44,6,7168,185344
44,13,14336,185344
44,62,16384,185344
44,61,17408,185344
44,27,19456,185344
47,6,6144,186368
47,13,13312,186368
47,62,15360,186368
47,61,16384,186368
47,27,18432,186368
6,13,7168,192512
6,62,9216,192512
6,61,10240,192512
6,27,12288,192512
6,61,15360,192512
6,65,16384,192512
6,68,17408,192512
13,62,2048,199680
13,61,3072,199680
13,27,5120,199680
13,61,8192,199680
13,65,9216,199680
13,68,10240,199680
13,27,14336,199680
13,30,18432,199680
13,32,19456,199680
13,30,20480,199680
62,61,1024,201728
62,27,3072,201728
62,61,6144,201728
62,65,7168,201728
62,68,8192,201728
62,27,12288,201728
62,30,16384,201728
62,32,17408,201728
62,30,18432,201728
62,31,19456,201728
62,30,20480,201728
61,27,2048,202752
61,61,5120,202752
61,65,6144,202752
61,68,7168,202752
61,27,11264,202752
61,30,15360,202752
61,32,16384,202752
61,30,17408,202752
61,31,18432,202752
61,30,19456,202752
61,31,20480,202752
27,61,3072,204800
27,65,4096,204800
27,68,5120,204800
27,27,9216,204800
27,30,13312,204800
27,32,14336,204800
27,30,15360,204800
27,31,16384,204800
27,30,17408,204800
27,31,18432,204800
27,31,20480,204800
61,65,1024,207872
61,68,2048,207872
61,27,6144,207872
61,30,10240,207872
61,32,11264,207872
61,30,12288,207872
61,31,13312,207872
61,30,14336,207872
61,31,15360,207872
61,31,17408,207872
65,68,1024,208896
65,27,5120,208896
65,30,9216,208896
65,32,10240,208896
65,30,11264,208896
65,31,12288,208896
65,30,13312,208896
65,31,14336,208896
65,31,16384,208896
68,27,4096,209920
68,30,8192,209920
68,32,9216,209920
68,30,10240,209920
68,31,11264,209920
68,30,12288,209920
68,31,13312,209920
68,31,15360,209920
27,30,4096,214016
27,32,5120,214016
27,30,6144,214016
27,31,7168,214016
27,30,8192,214016
27,31,9216,214016
27,31,11264,214016
27,12,17408,214016
30,32,1024,218112
30,30,2048,218112
30,31,3072,218112
30,30,4096,218112
30,31,5120,218112
30,31,7168,218112
30,12,13312,218112
32,30,1024,219136
32,31,2048,219136
32,30,3072,219136
32,31,4096,219136
32,31,6144,219136
32,12,12288,219136
32,4,20480,219136
30,31,1024,220160
30,30,2048,220160
30,31,3072,220160
30,31,5120,220160
30,12,11264,220160
30,4,19456,220160
31,30,1024,221184
31,31,2048,221184
31,31,4096,221184
31,12,10240,221184
31,4,18432,221184
30,31,1024,222208
30,31,3072,222208
30,12,9216,222208
30,4,17408,222208
31,31,2048,223232
31,12,8192,223232
31,4,16384,223232
31,12,6144,225280
31,4,14336,225280
12,4,8192,231424
12,8,19456,231424
4,8,11264,239616
4,23,13312,239616
4,5,15360,239616
8,23,2048,250880
8,5,4096,250880
8,62,14336,250880
8,28,15360,250880
8,61,20480,250880
23,5,2048,252928
23,62,12288,252928
23,28,13312,252928
23,61,18432,252928
23,69,19456,252928
23,69,20480,252928
5,62,10240,254976
5,28,11264,254976
5,61,16384,254976
5,69,17408,254976
5,69,18432,254976
62,28,1024,265216
62,61,6144,265216
62,69,7168,265216
62,69,8192,265216
62,13,13312,265216
62,35,16384,265216
62,4,17408,265216
62,35,18432,265216
28,61,5120,266240
28,69,6144,266240
28,69,7168,266240
28,13,12288,266240
28,35,15360,266240
28,4,16384,266240
28,35,17408,266240
28,4,20480,266240
61,69,1024,271360
61,69,2048,271360
61,13,7168,271360
61,35,10240,271360
61,4,11264,271360
61,35,12288,271360
61,4,15360,271360
69,69,1024,272384
69,13,6144,272384
69,35,9216,272384
69,4,10240,272384
69,35,11264,272384
69,4,14336,272384
69,13,5120,273408
69,35,8192,273408
69,4,9216,273408
69,35,10240,273408
69,4,13312,273408
13,35,3072,278528
13,4,4096,278528
13,35,5120,278528
13,4,8192,278528
35,4,1024,281600
35,35,2048,281600
35,4,5120,281600
35,7,20480,281600
4,35,1024,282624
4,4,4096,282624
4,7,19456,282624
35,4,3072,283648
35,7,18432,283648
4,7,15360,286720
7,12,8192,302080
12,13,15360,310272
12,5,19456,310272
13,5,4096,325632
