19,19,1024,10240
19,46,18432,10240
19,46,17408,11264
46,23,9216,28672
46,23,10240,28672
46,23,11264,28672
46,18,18432,28672
23,23,1024,37888
23,23,2048,37888
23,18,9216,37888
23,23,1024,38912
23,18,8192,38912
23,18,7168,39936
18,21,16384,47104
18,42,16384,47104
18,47,17408,47104
18,47,18432,47104
18,46,19456,47104
18,47,20480,47104
21,42,0,63488
21,47,1024,63488
21,47,2048,63488
21,46,3072,63488
21,47,4096,63488
21,46,5120,63488
21,23,7168,63488
21,23,8192,63488
21,24,12288,63488
21,21,13312,63488
21,34,14336,63488
21,36,15360,63488
21,44,17408,63488
21,41,18432,63488
42,47,1024,63488
42,47,2048,63488
42,46,3072,63488
42,47,4096,63488
42,46,5120,63488
42,23,7168,63488
42,23,8192,63488
42,24,12288,63488
42,21,13312,63488
42,34,14336,63488
42,36,15360,63488
42,44,17408,63488
42,41,18432,63488
42,41,19456,63488
47,47,1024,64512
47,46,2048,64512
47,47,3072,64512
47,46,4096,64512
47,23,6144,64512
47,23,7168,64512
47,24,11264,64512
47,21,12288,64512
47,34,13312,64512
47,36,14336,64512
47,44,16384,64512
47,41,17408,64512
47,41,18432,64512
47,82,18432,64512
47,46,1024,65536
47,47,2048,65536
47,46,3072,65536
47,23,5120,65536
47,23,6144,65536
47,24,10240,65536
47,21,11264,65536
47,34,12288,65536
47,36,13312,65536
47,44,15360,65536
47,41,16384,65536
47,41,17408,65536
47,82,17408,65536
47,43,18432,65536
46,47,1024,66560
46,46,2048,66560
46,23,4096,66560
46,23,5120,66560
46,24,9216,66560
46,21,10240,66560
46,34,11264,66560
46,36,12288,66560
46,44,14336,66560
46,41,15360,66560
46,41,16384,66560
46,82,16384,66560
46,43,17408,66560
46,62,20480,66560
47,46,1024,67584
47,23,3072,67584
47,23,4096,67584
47,24,8192,67584
47,21,9216,67584
47,34,10240,67584
47,36,11264,67584
47,44,13312,67584
47,41,14336,67584
47,41,15360,67584
47,82,15360,67584
47,43,16384,67584
47,62,19456,67584
46,23,2048,68608
46,23,3072,68608
46,24,7168,68608
46,21,8192,68608
46,34,9216,68608
46,36,10240,68608
46,44,12288,68608
46,41,13312,68608
46,41,14336,68608
46,82,14336,68608
46,43,15360,68608
46,62,18432,68608
23,23,1024,70656
23,24,5120,70656
23,21,6144,70656
23,34,7168,70656
23,36,8192,70656
23,44,10240,70656
23,41,11264,70656
23,41,12288,70656
23,82,12288,70656
23,43,13312,70656
23,62,16384,70656
23,24,4096,71680
23,21,5120,71680
23,34,6144,71680
23,36,7168,71680
23,44,9216,71680
23,41,10240,71680
23,41,11264,71680
23,82,11264,71680
23,43,12288,71680
23,62,15360,71680
24,21,1024,75776
24,34,2048,75776
24,36,3072,75776
24,44,5120,75776
24,41,6144,75776
24,41,7168,75776
24,82,7168,75776
24,43,8192,75776
24,62,11264,75776
21,34,1024,76800
21,36,2048,76800
21,44,4096,76800
21,41,5120,76800
21,41,6144,76800
21,82,6144,76800
21,43,7168,76800
21,62,10240,76800
34,36,1024,77824
34,44,3072,77824
34,41,4096,77824
34,41,5120,77824
34,82,5120,77824
34,43,6144,77824
34,62,9216,77824
36,44,2048,78848
36,41,3072,78848
36,41,4096,78848
36,82,4096,78848
36,43,5120,78848
36,62,8192,78848
44,41,1024,80896
44,41,2048,80896
44,82,2048,80896
44,43,3072,80896
44,62,6144,80896
41,41,1024,81920
41,82,1024,81920
41,43,2048,81920
41,62,5120,81920
41,82,0,82944
41,43,1024,82944
41,62,4096,82944
82,43,1024,82944
82,62,4096,82944
43,62,3072,83968
28,32,6144,108544
28,34,8192,108544
28,35,10240,108544
28,23,11264,108544
32,34,2048,114688
32,35,4096,114688
32,23,5120,114688
32,62,18432,114688
34,35,2048,116736
34,23,3072,116736
34,62,16384,116736
35,23,1024,118784
35,62,14336,118784
23,62,13312,119808
23,75,20480,119808
62,75,7168,133120
62,74,8192,133120
62,35,10240,133120
75,74,1024,140288
75,35,3072,140288
74,35,2048,141312
31,23,2048,169984
31,23,13312,169984
31,23,14336,169984
31,23,15360,169984
31,23,17408,169984
23,23,11264,172032
23,23,12288,172032
23,23,13312,172032
23,23,15360,172032
23,23,1024,183296
23,23,2048,183296
23,23,4096,183296
23,21,19456,183296
23,21,20480,183296
23,23,1024,184320
23,23,3072,184320
23,21,18432,184320
23,21,19456,184320
23,25,20480,184320
23,23,2048,185344
23,21,17408,185344
23,21,18432,185344
23,25,19456,185344
23,30,20480,185344
23,21,15360,187392
23,21,16384,187392
23,25,17408,187392
23,30,18432,187392
23,45,19456,187392
23,46,20480,187392
21,21,1024,202752
21,25,2048,202752
21,30,3072,202752
21,45,4096,202752
21,46,5120,202752
21,63,6144,202752
21,94,6144,202752
21,60,7168,202752
21,91,7168,202752
21,62,8192,202752
21,59,9216,202752
21,46,11264,202752
21,46,12288,202752
21,71,17408,202752
21,25,1024,203776
21,30,2048,203776
21,45,3072,203776
21,46,4096,203776
21,63,5120,203776
21,94,5120,203776
21,60,6144,203776
21,91,6144,203776
21,62,7168,203776
21,59,8192,203776
21,46,10240,203776
21,46,11264,203776
21,71,16384,203776
21,106,16384,203776
25,30,1024,204800
25,45,2048,204800
25,46,3072,204800
25,63,4096,204800
25,94,4096,204800
25,60,5120,204800
25,91,5120,204800
25,62,6144,204800
25,59,7168,204800
25,46,9216,204800
25,46,10240,204800
25,71,15360,204800
25,106,15360,204800
25,87,19456,204800
30,45,1024,205824
30,46,2048,205824
30,63,3072,205824
30,94,3072,205824
30,60,4096,205824
30,91,4096,205824
30,62,5120,205824
30,59,6144,205824
30,46,8192,205824
30,46,9216,205824
30,71,14336,205824
30,106,14336,205824
30,87,18432,205824
45,46,1024,206848
45,63,2048,206848
45,94,2048,206848
45,60,3072,206848
45,91,3072,206848
45,62,4096,206848
45,59,5120,206848
45,46,7168,206848
45,46,8192,206848
45,71,13312,206848
45,106,13312,206848
45,87,17408,206848
45,82,20480,206848
46,63,1024,207872
46,94,1024,207872
46,60,2048,207872
46,91,2048,207872
46,62,3072,207872
46,59,4096,207872
46,46,6144,207872
46,46,7168,207872
46,71,12288,207872
46,106,12288,207872
46,87,16384,207872
46,82,19456,207872
63,94,0,208896
63,60,1024,208896
63,91,1024,208896
63,62,2048,208896
63,59,3072,208896
63,46,5120,208896
63,46,6144,208896
63,71,11264,208896
63,106,11264,208896
63,87,15360,208896
63,82,18432,208896
63,123,20480,208896
94,60,1024,208896
94,91,1024,208896
94,62,2048,208896
94,59,3072,208896
94,46,5120,208896
94,46,6144,208896
94,71,11264,208896
94,106,11264,208896
94,87,15360,208896
94,82,18432,208896
94,123,20480,208896
60,91,0,209920
60,62,1024,209920
60,59,2048,209920
60,46,4096,209920
60,46,5120,209920
60,71,10240,209920
60,106,10240,209920
60,87,14336,209920
60,82,17408,209920
60,123,19456,209920
91,62,1024,209920
91,59,2048,209920
91,46,4096,209920
91,46,5120,209920
91,71,10240,209920
91,106,10240,209920
91,87,14336,209920
91,82,17408,209920
91,123,19456,209920
62,59,1024,210944
62,46,3072,210944
62,46,4096,210944
62,71,9216,210944
62,106,9216,210944
62,87,13312,210944
62,82,16384,210944
62,123,18432,210944
59,46,2048,211968
59,46,3072,211968
59,71,8192,211968
59,106,8192,211968
59,87,12288,211968
59,82,15360,211968
59,123,17408,211968
59,82,20480,211968
46,46,1024,214016
46,71,6144,214016
46,106,6144,214016
46,87,10240,214016
46,82,13312,214016
46,123,15360,214016
46,82,18432,214016
46,79,19456,214016
46,71,5120,215040
46,106,5120,215040
46,87,9216,215040
46,82,12288,215040
46,123,14336,215040
46,82,17408,215040
46,79,18432,215040
46,78,20480,215040
71,106,0,220160
71,87,4096,220160
71,82,7168,220160
71,123,9216,220160
71,82,12288,220160
71,79,13312,220160
71,78,15360,220160
71,21,16384,220160
71,21,18432,220160
106,87,4096,220160
106,82,7168,220160
106,123,9216,220160
106,82,12288,220160
106,79,13312,220160
106,78,15360,220160
106,21,16384,220160
106,21,18432,220160
87,82,3072,224256
87,123,5120,224256
87,82,8192,224256
87,79,9216,224256
87,78,11264,224256
87,21,12288,224256
87,21,14336,224256
87,20,18432,224256
87,20,20480,224256
82,123,2048,227328
82,82,5120,227328
82,79,6144,227328
82,78,8192,227328
82,21,9216,227328
82,21,11264,227328
82,20,15360,227328
82,20,17408,227328
82,21,20480,227328
82,64,20480,227328
123,82,3072,229376
123,79,4096,229376
123,78,6144,229376
123,21,7168,229376
123,21,9216,229376
123,20,13312,229376
123,20,15360,229376
123,21,18432,229376
123,64,18432,229376
123,21,20480,229376
82,79,1024,232448
82,78,3072,232448
82,21,4096,232448
82,21,6144,232448
82,20,10240,232448
82,20,12288,232448
82,21,15360,232448
82,64,15360,232448
82,21,17408,232448
82,19,18432,232448
82,21,19456,232448
79,78,2048,233472
79,21,3072,233472
79,21,5120,233472
79,20,9216,233472
79,20,11264,233472
79,21,14336,233472
79,64,14336,233472
79,21,16384,233472
79,19,17408,233472
79,21,18432,233472
78,21,1024,235520
78,21,3072,235520
78,20,7168,235520
78,20,9216,235520
78,21,12288,235520
78,64,12288,235520
78,21,14336,235520
78,19,15360,235520
78,21,16384,235520
21,21,2048,236544
21,20,6144,236544
21,20,8192,236544
21,21,11264,236544
21,64,11264,236544
21,21,13312,236544
21,19,14336,236544
21,21,15360,236544
21,20,4096,238592
21,20,6144,238592
21,21,9216,238592
21,64,9216,238592
21,21,11264,238592
21,19,12288,238592
21,21,13312,238592
20,20,2048,242688
20,21,5120,242688
20,64,5120,242688
20,21,7168,242688
20,19,8192,242688
20,21,9216,242688
20,21,3072,244736
20,64,3072,244736
20,21,5120,244736
20,19,6144,244736
20,21,7168,244736
21,64,0,247808
21,21,2048,247808
21,19,3072,247808
21,21,4096,247808
64,21,2048,247808
64,19,3072,247808
64,21,4096,247808
21,19,1024,249856
21,21,2048,249856
19,21,1024,250880
31,49,1024,281600
31,48,2048,281600
31,60,3072,281600
31,57,4096,281600
31,55,5120,281600
31,37,6144,281600
31,37,7168,281600
31,37,8192,281600
31,37,9216,281600
31,37,10240,281600
31,73,13312,281600
31,69,14336,281600
31,69,20480,281600
49,48,1024,282624
49,60,2048,282624
49,57,3072,282624
49,55,4096,282624
49,37,5120,282624
49,37,6144,282624
49,37,7168,282624
49,37,8192,282624
49,37,9216,282624
49,73,12288,282624
49,69,13312,282624
49,69,19456,282624
49,69,20480,282624
48,60,1024,283648
48,57,2048,283648
48,55,3072,283648
48,37,4096,283648
48,37,5120,283648
48,37,6144,283648
48,37,7168,283648
48,37,8192,283648
48,73,11264,283648
48,69,12288,283648
48,69,18432,283648
48,69,19456,283648
60,57,1024,284672
60,55,2048,284672
60,37,3072,284672
60,37,4096,284672
60,37,5120,284672
60,37,6144,284672
60,37,7168,284672
60,73,10240,284672
60,69,11264,284672
60,69,17408,284672
60,69,18432,284672
57,55,1024,285696
57,37,2048,285696
57,37,3072,285696
57,37,4096,285696
57,37,5120,285696
57,37,6144,285696
57,73,9216,285696
57,69,10240,285696
57,69,16384,285696
57,69,17408,285696
55,37,1024,286720
55,37,2048,286720
55,37,3072,286720
55,37,4096,286720
55,37,5120,286720
55,73,8192,286720
55,69,9216,286720
55,69,15360,286720
55,69,16384,286720
37,37,1024,287744
37,37,2048,287744
37,37,3072,287744
37,37,4096,287744
37,73,7168,287744
37,69,8192,287744
37,69,14336,287744
37,69,15360,287744
37,37,1024,288768
37,37,2048,288768
37,37,3072,288768
37,73,6144,288768
37,69,7168,288768
37,69,13312,288768
37,69,14336,288768
37,37,1024,289792
37,37,2048,289792
37,73,5120,289792
37,69,6144,289792
37,69,12288,289792
37,69,13312,289792
37,37,1024,290816
37,73,4096,290816
37,69,5120,290816
37,69,11264,290816
37,69,12288,290816
37,73,3072,291840
37,69,4096,291840
37,69,10240,291840
37,69,11264,291840
73,69,1024,294912
73,69,7168,294912
73,69,8192,294912
69,69,6144,295936
69,69,7168,295936
69,69,1024,302080
69,23,19456,302080
69,23,18432,303104
