37,37,1024,1024
37,48,4096,1024
37,18,5120,1024
37,53,5120,1024
37,48,6144,1024
37,28,13312,1024
37,36,17408,1024
37,48,3072,2048
37,18,4096,2048
37,53,4096,2048
37,48,5120,2048
37,28,12288,2048
37,36,16384,2048
48,18,1024,5120
48,53,1024,5120
48,48,2048,5120
48,28,9216,5120
48,36,13312,5120
48,223,19456,5120
48,83,20480,5120
18,53,0,6144
18,48,1024,6144
18,28,8192,6144
18,36,12288,6144
18,223,18432,6144
18,83,19456,6144
18,83,20480,6144
18,223,20480,6144
53,48,1024,6144
53,28,8192,6144
53,36,12288,6144
53,223,18432,6144
53,83,19456,6144
53,83,20480,6144
53,223,20480,6144
48,28,7168,7168
48,36,11264,7168
48,223,17408,7168
48,83,18432,7168
48,83,19456,7168
48,223,19456,7168
48,74,20480,7168
28,36,4096,14336
28,223,10240,14336
28,83,11264,14336
28,83,12288,14336
28,223,12288,14336
28,74,13312,14336
36,223,6144,18432
36,83,7168,18432
36,83,8192,18432
36,223,8192,18432
36,74,9216,18432
36,18,17408,18432
36,56,18432,18432
36,56,19456,18432
36,56,20480,18432
223,83,1024,24576
223,83,2048,24576
223,223,2048,24576
223,74,3072,24576
223,18,11264,24576
223,56,12288,24576
223,56,13312,24576
223,56,14336,24576
223,74,15360,24576
223,74,20480,24576
83,83,1024,25600
83,223,1024,25600
83,74,2048,25600
83,18,10240,25600
83,56,11264,25600
83,56,12288,25600
83,56,13312,25600
83,74,14336,25600
83,74,19456,25600
83,74,20480,25600
83,223,0,26624
83,74,1024,26624
83,18,9216,26624
83,56,10240,26624
83,56,11264,26624
83,56,12288,26624
83,74,13312,26624
83,74,18432,26624
83,74,19456,26624
223,74,1024,26624
223,18,9216,26624
223,56,10240,26624
223,56,11264,26624
223,56,12288,26624
223,74,13312,26624
223,74,18432,26624
223,74,19456,26624
74,18,8192,27648
74,56,9216,27648
74,56,10240,27648
74,56,11264,27648
74,74,12288,27648
74,74,17408,27648
74,74,18432,27648
18,56,1024,35840
18,56,2048,35840
18,56,3072,35840
18,74,4096,35840
18,74,9216,35840
18,74,10240,35840
18,46,16384,35840
18,23,19456,35840
18,24,20480,35840
56,56,1024,36864
56,56,2048,36864
56,74,3072,36864
56,74,8192,36864
56,74,9216,36864
56,46,15360,36864
56,23,18432,36864
56,24,19456,36864
56,46,20480,36864
56,56,1024,37888
56,74,2048,37888
56,74,7168,37888
56,74,8192,37888
56,46,14336,37888
56,23,17408,37888
56,24,18432,37888
56,46,19456,37888
56,47,20480,37888
56,74,1024,38912
56,74,6144,38912
56,74,7168,38912
56,46,13312,38912
56,23,16384,38912
56,24,17408,38912
56,46,18432,38912
56,47,19456,38912
56,47,20480,38912
74,74,5120,39936
74,74,6144,39936
74,46,12288,39936
74,23,15360,39936
74,24,16384,39936
74,46,17408,39936
74,47,18432,39936
74,47,19456,39936
74,47,20480,39936
74,74,1024,45056
74,46,7168,45056
74,23,10240,45056
74,24,11264,45056
74,46,12288,45056
74,47,13312,45056
74,47,14336,45056
74,47,15360,45056
74,36,17408,45056
74,73,18432,45056
74,75,19456,45056
74,125,19456,45056
74,124,20480,45056
74,46,6144,46080
74,23,9216,46080
74,24,10240,46080
74,46,11264,46080
74,47,12288,46080
74,47,13312,46080
74,47,14336,46080
74,36,16384,46080
74,73,17408,46080
74,75,18432,46080
74,125,18432,46080
74,124,19456,46080
46,23,3072,52224
46,24,4096,52224
46,46,5120,52224
46,47,6144,52224
46,47,7168,52224
46,47,8192,52224
46,36,10240,52224
46,73,11264,52224
46,75,12288,52224
46,125,12288,52224
46,124,13312,52224
46,24,16384,52224
46,24,17408,52224
46,47,17408,52224
23,24,1024,55296
23,46,2048,55296
23,47,3072,55296
23,47,4096,55296
23,47,5120,55296
23,36,7168,55296
23,73,8192,55296
23,75,9216,55296
23,125,9216,55296
23,124,10240,55296
23,24,13312,55296
23,24,14336,55296
23,47,14336,55296
23,33,15360,55296
24,46,1024,56320
24,47,2048,56320
24,47,3072,56320
24,47,4096,56320
24,36,6144,56320
24,73,7168,56320
24,75,8192,56320
24,125,8192,56320
24,124,9216,56320
24,24,12288,56320
24,24,13312,56320
24,47,13312,56320
24,33,14336,56320
24,21,17408,56320
46,47,1024,57344
46,47,2048,57344
46,47,3072,57344
46,36,5120,57344
46,73,6144,57344
46,75,7168,57344
46,125,7168,57344
46,124,8192,57344
46,24,11264,57344
46,24,12288,57344
46,47,12288,57344
46,33,13312,57344
46,21,16384,57344
46,20,17408,57344
47,47,1024,58368
47,47,2048,58368
47,36,4096,58368
47,73,5120,58368
47,75,6144,58368
47,125,6144,58368
47,124,7168,58368
47,24,10240,58368
47,24,11264,58368
47,47,11264,58368
47,33,12288,58368
47,21,15360,58368
47,20,16384,58368
47,18,17408,58368
47,47,1024,59392
47,36,3072,59392
47,73,4096,59392
47,75,5120,59392
47,125,5120,59392
47,124,6144,59392
47,24,9216,59392
47,24,10240,59392
47,47,10240,59392
47,33,11264,59392
47,21,14336,59392
47,20,15360,59392
47,18,16384,59392
47,56,16384,59392
47,36,2048,60416
47,73,3072,60416
47,75,4096,60416
47,125,4096,60416
47,124,5120,60416
47,24,8192,60416
47,24,9216,60416
47,47,9216,60416
47,33,10240,60416
47,21,13312,60416
47,20,14336,60416
47,18,15360,60416
47,56,15360,60416
47,83,17408,60416
36,73,1024,62464
36,75,2048,62464
36,125,2048,62464
36,124,3072,62464
36,24,6144,62464
36,24,7168,62464
36,47,7168,62464
36,33,8192,62464
36,21,11264,62464
36,20,12288,62464
36,18,13312,62464
36,56,13312,62464
36,83,15360,62464
36,64,16384,62464
73,75,1024,63488
73,125,1024,63488
73,124,2048,63488
73,24,5120,63488
73,24,6144,63488
73,47,6144,63488
73,33,7168,63488
73,21,10240,63488
73,20,11264,63488
73,18,12288,63488
73,56,12288,63488
73,83,14336,63488
73,64,15360,63488
73,85,15360,63488
75,125,0,64512
75,124,1024,64512
75,24,4096,64512
75,24,5120,64512
75,47,5120,64512
75,33,6144,64512
75,21,9216,64512
75,20,10240,64512
75,18,11264,64512
75,56,11264,64512
75,83,13312,64512
75,64,14336,64512
75,85,14336,64512
75,81,15360,64512
125,124,1024,64512
125,24,4096,64512
125,24,5120,64512
125,47,5120,64512
125,33,6144,64512
125,21,9216,64512
125,20,10240,64512
125,18,11264,64512
125,56,11264,64512
125,83,13312,64512
125,64,14336,64512
125,85,14336,64512
125,81,15360,64512
125,64,16384,64512
124,24,3072,65536
124,24,4096,65536
124,47,4096,65536
124,33,5120,65536
124,21,8192,65536
124,20,9216,65536
124,18,10240,65536
124,56,10240,65536
124,83,12288,65536
124,64,13312,65536
124,85,13312,65536
124,81,14336,65536
124,64,15360,65536
124,85,15360,65536
24,24,1024,68608
24,47,1024,68608
24,33,2048,68608
24,21,5120,68608
24,20,6144,68608
24,18,7168,68608
24,56,7168,68608
24,83,9216,68608
24,64,10240,68608
24,85,10240,68608
24,81,11264,68608
24,64,12288,68608
24,85,12288,68608
24,21,14336,68608
24,47,0,69632
24,33,1024,69632
24,21,4096,69632
24,20,5120,69632
24,18,6144,69632
24,56,6144,69632
24,83,8192,69632
24,64,9216,69632
24,85,9216,69632
24,81,10240,69632
24,64,11264,69632
24,85,11264,69632
24,21,13312,69632
24,64,13312,69632
47,33,1024,69632
47,21,4096,69632
47,20,5120,69632
47,18,6144,69632
47,56,6144,69632
47,83,8192,69632
47,64,9216,69632
47,85,9216,69632
47,81,10240,69632
47,64,11264,69632
47,85,11264,69632
47,21,13312,69632
47,64,13312,69632
47,42,17408,69632
33,21,3072,70656
33,20,4096,70656
33,18,5120,70656
33,56,5120,70656
33,83,7168,70656
33,64,8192,70656
33,85,8192,70656
33,81,9216,70656
33,64,10240,70656
33,85,10240,70656
33,21,12288,70656
33,64,12288,70656
33,42,16384,70656
33,42,17408,70656
21,20,1024,73728
21,18,2048,73728
21,56,2048,73728
21,83,4096,73728
21,64,5120,73728
21,85,5120,73728
21,81,6144,73728
21,64,7168,73728
21,85,7168,73728
21,21,9216,73728
21,64,9216,73728
21,42,13312,73728
21,42,14336,73728
21,19,15360,73728
20,18,1024,74752
20,56,1024,74752
20,83,3072,74752
20,64,4096,74752
20,85,4096,74752
20,81,5120,74752
20,64,6144,74752
20,85,6144,74752
20,21,8192,74752
20,64,8192,74752
20,42,12288,74752
20,42,13312,74752
20,19,14336,74752
20,19,15360,74752
18,56,0,75776
18,83,2048,75776
18,64,3072,75776
18,85,3072,75776
18,81,4096,75776
18,64,5120,75776
18,85,5120,75776
18,21,7168,75776
18,64,7168,75776
18,42,11264,75776
18,42,12288,75776
18,19,13312,75776
18,19,14336,75776
56,83,2048,75776
56,64,3072,75776
56,85,3072,75776
56,81,4096,75776
56,64,5120,75776
56,85,5120,75776
56,21,7168,75776
56,64,7168,75776
56,42,11264,75776
56,42,12288,75776
56,19,13312,75776
56,19,14336,75776
83,64,1024,77824
83,85,1024,77824
83,81,2048,77824
83,64,3072,77824
83,85,3072,77824
83,21,5120,77824
83,64,5120,77824
83,42,9216,77824
83,42,10240,77824
83,19,11264,77824
83,19,12288,77824
64,85,0,78848
64,81,1024,78848
64,64,2048,78848
64,85,2048,78848
64,21,4096,78848
64,64,4096,78848
64,42,8192,78848
64,42,9216,78848
64,19,10240,78848
64,19,11264,78848
85,81,1024,78848
85,64,2048,78848
85,85,2048,78848
85,21,4096,78848
85,64,4096,78848
85,42,8192,78848
85,42,9216,78848
85,19,10240,78848
85,19,11264,78848
81,64,1024,79872
81,85,1024,79872
81,21,3072,79872
81,64,3072,79872
81,42,7168,79872
81,42,8192,79872
81,19,9216,79872
81,19,10240,79872
64,85,0,80896
64,21,2048,80896
64,64,2048,80896
64,42,6144,80896
64,42,7168,80896
64,19,8192,80896
64,19,9216,80896
85,21,2048,80896
85,64,2048,80896
85,42,6144,80896
85,42,7168,80896
85,19,8192,80896
85,19,9216,80896
21,64,0,82944
21,42,4096,82944
21,42,5120,82944
21,19,6144,82944
21,19,7168,82944
21,99,19456,82944
21,200,19456,82944
21,21,20480,82944
64,42,4096,82944
64,42,5120,82944
64,19,6144,82944
64,19,7168,82944
64,99,19456,82944
64,200,19456,82944
64,21,20480,82944
42,42,1024,87040
42,19,2048,87040
42,19,3072,87040
42,99,15360,87040
42,200,15360,87040
42,21,16384,87040
42,21,17408,87040
42,19,1024,88064
42,19,2048,88064
42,99,14336,88064
42,200,14336,88064
42,21,15360,88064
42,21,16384,88064
19,19,1024,89088
19,99,13312,89088
19,200,13312,89088
19,21,14336,89088
19,21,15360,89088
19,99,12288,90112
19,200,12288,90112
19,21,13312,90112
19,21,14336,90112
19,168,20480,90112
99,200,0,102400
99,21,1024,102400
99,21,2048,102400
99,168,8192,102400
99,42,13312,102400
99,42,14336,102400
99,45,20480,102400
200,21,1024,102400
200,21,2048,102400
200,168,8192,102400
200,42,13312,102400
200,42,14336,102400
200,45,20480,102400
21,21,1024,103424
21,168,7168,103424
21,42,12288,103424
21,42,13312,103424
21,45,19456,103424
21,33,20480,103424
21,168,6144,104448
21,42,11264,104448
21,42,12288,104448
21,45,18432,104448
21,33,19456,104448
21,19,20480,104448
168,42,5120,110592
168,42,6144,110592
168,45,12288,110592
168,33,13312,110592
168,19,14336,110592
168,62,18432,110592
168,42,19456,110592
42,42,1024,115712
42,45,7168,115712
42,33,8192,115712
42,19,9216,115712
42,62,13312,115712
42,42,14336,115712
42,18,17408,115712
42,19,19456,115712
42,59,19456,115712
42,56,20480,115712
42,45,6144,116736
42,33,7168,116736
42,19,8192,116736
42,62,12288,116736
42,42,13312,116736
42,18,16384,116736
42,19,18432,116736
42,59,18432,116736
42,56,19456,116736
42,19,20480,116736
45,33,1024,122880
45,19,2048,122880
45,62,6144,122880
45,42,7168,122880
45,18,10240,122880
45,19,12288,122880
45,59,12288,122880
45,56,13312,122880
45,19,14336,122880
45,18,15360,122880
45,56,15360,122880
33,19,1024,123904
33,62,5120,123904
33,42,6144,123904
33,18,9216,123904
33,19,11264,123904
33,59,11264,123904
33,56,12288,123904
33,19,13312,123904
33,18,14336,123904
33,56,14336,123904
19,62,4096,124928
19,42,5120,124928
19,18,8192,124928
19,19,10240,124928
19,59,10240,124928
19,56,11264,124928
19,19,12288,124928
19,18,13312,124928
19,56,13312,124928
19,18,20480,124928
62,42,1024,129024
62,18,4096,129024
62,19,6144,129024
62,59,6144,129024
62,56,7168,129024
62,19,8192,129024
62,18,9216,129024
62,56,9216,129024
62,18,16384,129024
62,18,17408,129024
62,27,20480,129024
42,18,3072,130048
42,19,5120,130048
42,59,5120,130048
42,56,6144,130048
42,19,7168,130048
42,18,8192,130048
42,56,8192,130048
42,18,15360,130048
42,18,16384,130048
42,27,19456,130048
18,19,2048,133120
18,59,2048,133120
18,56,3072,133120
18,19,4096,133120
18,18,5120,133120
18,56,5120,133120
18,18,12288,133120
18,18,13312,133120
18,27,16384,133120
18,50,18432,133120
19,59,0,135168
19,56,1024,135168
19,19,2048,135168
19,18,3072,135168
19,56,3072,135168
19,18,10240,135168
19,18,11264,135168
19,27,14336,135168
19,50,16384,135168
59,56,1024,135168
59,19,2048,135168
59,18,3072,135168
59,56,3072,135168
59,18,10240,135168
59,18,11264,135168
59,27,14336,135168
59,50,16384,135168
56,19,1024,136192
56,18,2048,136192
56,56,2048,136192
56,18,9216,136192
56,18,10240,136192
56,27,13312,136192
56,50,15360,136192
19,18,1024,137216
19,56,1024,137216
19,18,8192,137216
19,18,9216,137216
19,27,12288,137216
19,50,14336,137216
18,56,0,138240
18,18,7168,138240
18,18,8192,138240
18,27,11264,138240
18,50,13312,138240
56,18,7168,138240
56,18,8192,138240
56,27,11264,138240
56,50,13312,138240
18,18,1024,145408
18,27,4096,145408
18,50,6144,145408
18,56,20480,145408
18,27,3072,146432
18,50,5120,146432
18,56,19456,146432
27,50,2048,149504
27,56,16384,149504
50,56,14336,151552
56,56,11264,165888
56,56,12288,165888
56,56,13312,165888
56,18,14336,165888
56,56,14336,165888
56,42,20480,165888
56,56,1024,177152
56,56,2048,177152
56,18,3072,177152
56,56,3072,177152
56,42,9216,177152
56,42,10240,177152
56,42,13312,177152
56,42,15360,177152
56,56,20480,177152
56,56,1024,178176
56,18,2048,178176
56,56,2048,178176
56,42,8192,178176
56,42,9216,178176
56,42,12288,178176
56,42,14336,178176
56,56,19456,178176
56,56,20480,178176
56,18,1024,179200
56,56,1024,179200
56,42,7168,179200
56,42,8192,179200
56,42,11264,179200
56,42,13312,179200
56,56,18432,179200
56,56,19456,179200
56,56,20480,179200
18,56,0,180224
18,42,6144,180224
18,42,7168,180224
18,42,10240,180224
18,42,12288,180224
18,56,17408,180224
18,56,18432,180224
18,56,19456,180224
18,56,20480,180224
56,42,6144,180224
56,42,7168,180224
56,42,10240,180224
56,42,12288,180224
56,56,17408,180224
56,56,18432,180224
56,56,19456,180224
56,56,20480,180224
42,42,1024,186368
42,42,4096,186368
42,42,6144,186368
42,56,11264,186368
42,56,12288,186368
42,56,13312,186368
42,56,14336,186368
42,19,19456,186368
42,200,20480,186368
42,42,3072,187392
42,42,5120,187392
42,56,10240,187392
42,56,11264,187392
42,56,12288,187392
42,56,13312,187392
42,19,18432,187392
42,200,19456,187392
42,42,2048,190464
42,56,7168,190464
42,56,8192,190464
42,56,9216,190464
42,56,10240,190464
42,19,15360,190464
42,200,16384,190464
42,19,18432,190464
42,47,20480,190464
42,56,5120,192512
42,56,6144,192512
42,56,7168,192512
42,56,8192,192512
42,19,13312,192512
42,200,14336,192512
42,19,16384,192512
42,47,18432,192512
42,40,19456,192512
56,56,1024,197632
56,56,2048,197632
56,56,3072,197632
56,19,8192,197632
56,200,9216,197632
56,19,11264,197632
56,47,13312,197632
56,40,14336,197632
56,37,16384,197632
56,42,17408,197632
56,42,18432,197632
56,126,18432,197632
56,63,20480,197632
56,167,20480,197632
56,56,1024,198656
56,56,2048,198656
56,19,7168,198656
56,200,8192,198656
56,19,10240,198656
56,47,12288,198656
56,40,13312,198656
56,37,15360,198656
56,42,16384,198656
56,42,17408,198656
56,126,17408,198656
56,63,19456,198656
56,167,19456,198656
56,56,1024,199680
56,19,6144,199680
56,200,7168,199680
56,19,9216,199680
56,47,11264,199680
56,40,12288,199680
56,37,14336,199680
56,42,15360,199680
56,42,16384,199680
56,126,16384,199680
56,63,18432,199680
56,167,18432,199680
56,19,5120,200704
56,200,6144,200704
56,19,8192,200704
56,47,10240,200704
56,40,11264,200704
56,37,13312,200704
56,42,14336,200704
56,42,15360,200704
56,126,15360,200704
56,63,17408,200704
56,167,17408,200704
19,200,1024,205824
19,19,3072,205824
19,47,5120,205824
19,40,6144,205824
19,37,8192,205824
19,42,9216,205824
19,42,10240,205824
19,126,10240,205824
19,63,12288,205824
19,167,12288,205824
19,41,16384,205824
19,142,16384,205824
19,42,17408,205824
19,48,18432,205824
200,19,2048,206848
200,47,4096,206848
200,40,5120,206848
200,37,7168,206848
200,42,8192,206848
200,42,9216,206848
200,126,9216,206848
200,63,11264,206848
200,167,11264,206848
200,41,15360,206848
200,142,15360,206848
200,42,16384,206848
200,48,17408,206848
200,141,17408,206848
19,47,2048,208896
19,40,3072,208896
19,37,5120,208896
19,42,6144,208896
19,42,7168,208896
19,126,7168,208896
19,63,9216,208896
19,167,9216,208896
19,41,13312,208896
19,142,13312,208896
19,42,14336,208896
19,48,15360,208896
19,141,15360,208896
19,23,16384,208896
47,40,1024,210944
47,37,3072,210944
47,42,4096,210944
47,42,5120,210944
47,126,5120,210944
47,63,7168,210944
47,167,7168,210944
47,41,11264,210944
47,142,11264,210944
47,42,12288,210944
47,48,13312,210944
47,141,13312,210944
47,23,14336,210944
47,52,17408,210944
40,37,2048,211968
40,42,3072,211968
40,42,4096,211968
40,126,4096,211968
40,63,6144,211968
40,167,6144,211968
40,41,10240,211968
40,142,10240,211968
40,42,11264,211968
40,48,12288,211968
40,141,12288,211968
40,23,13312,211968
40,52,16384,211968
40,47,17408,211968
37,42,1024,214016
37,42,2048,214016
37,126,2048,214016
37,63,4096,214016
37,167,4096,214016
37,41,8192,214016
37,142,8192,214016
37,42,9216,214016
37,48,10240,214016
37,141,10240,214016
37,23,11264,214016
37,52,14336,214016
37,47,15360,214016
37,21,16384,214016
42,42,1024,215040
42,126,1024,215040
42,63,3072,215040
42,167,3072,215040
42,41,7168,215040
42,142,7168,215040
42,42,8192,215040
42,48,9216,215040
42,141,9216,215040
42,23,10240,215040
42,52,13312,215040
42,47,14336,215040
42,21,15360,215040
42,21,16384,215040
42,126,0,216064
42,63,2048,216064
42,167,2048,216064
42,41,6144,216064
42,142,6144,216064
42,42,7168,216064
42,48,8192,216064
42,141,8192,216064
42,23,9216,216064
42,52,12288,216064
42,47,13312,216064
42,21,14336,216064
42,21,15360,216064
42,43,18432,216064
126,63,2048,216064
126,167,2048,216064
126,41,6144,216064
126,142,6144,216064
126,42,7168,216064
126,48,8192,216064
126,141,8192,216064
126,23,9216,216064
126,52,12288,216064
126,47,13312,216064
126,21,14336,216064
126,21,15360,216064
126,43,18432,216064
126,42,19456,216064
63,167,0,218112
63,41,4096,218112
63,142,4096,218112
63,42,5120,218112
63,48,6144,218112
63,141,6144,218112
63,23,7168,218112
63,52,10240,218112
63,47,11264,218112
63,21,12288,218112
63,21,13312,218112
63,43,16384,218112
63,42,17408,218112
63,21,18432,218112
167,41,4096,218112
167,142,4096,218112
167,42,5120,218112
167,48,6144,218112
167,141,6144,218112
167,23,7168,218112
167,52,10240,218112
167,47,11264,218112
167,21,12288,218112
167,21,13312,218112
167,43,16384,218112
167,42,17408,218112
167,21,18432,218112
167,43,18432,218112
41,142,0,222208
41,42,1024,222208
41,48,2048,222208
41,141,2048,222208
41,23,3072,222208
41,52,6144,222208
41,47,7168,222208
41,21,8192,222208
41,21,9216,222208
41,43,12288,222208
41,42,13312,222208
41,21,14336,222208
41,43,14336,222208
41,37,15360,222208
142,42,1024,222208
142,48,2048,222208
142,141,2048,222208
142,23,3072,222208
142,52,6144,222208
142,47,7168,222208
142,21,8192,222208
142,21,9216,222208
142,43,12288,222208
142,42,13312,222208
142,21,14336,222208
142,43,14336,222208
142,37,15360,222208
142,56,15360,222208
42,48,1024,223232
42,141,1024,223232
42,23,2048,223232
42,52,5120,223232
42,47,6144,223232
42,21,7168,223232
42,21,8192,223232
42,43,11264,223232
42,42,12288,223232
42,21,13312,223232
42,43,13312,223232
42,37,14336,223232
42,56,14336,223232
42,36,15360,223232
48,141,0,224256
48,23,1024,224256
48,52,4096,224256
48,47,5120,224256
48,21,6144,224256
48,21,7168,224256
48,43,10240,224256
48,42,11264,224256
48,21,12288,224256
48,43,12288,224256
48,37,13312,224256
48,56,13312,224256
48,36,14336,224256
48,19,16384,224256
141,23,1024,224256
141,52,4096,224256
141,47,5120,224256
141,21,6144,224256
141,21,7168,224256
141,43,10240,224256
141,42,11264,224256
141,21,12288,224256
141,43,12288,224256
141,37,13312,224256
141,56,13312,224256
141,36,14336,224256
141,19,16384,224256
141,36,17408,224256
23,52,3072,225280
23,47,4096,225280
23,21,5120,225280
23,21,6144,225280
23,43,9216,225280
23,42,10240,225280
23,21,11264,225280
23,43,11264,225280
23,37,12288,225280
23,56,12288,225280
23,36,13312,225280
23,19,15360,225280
23,36,16384,225280
23,55,16384,225280
52,47,1024,228352
52,21,2048,228352
52,21,3072,228352
52,43,6144,228352
52,42,7168,228352
52,21,8192,228352
52,43,8192,228352
52,37,9216,228352
52,56,9216,228352
52,36,10240,228352
52,19,12288,228352
52,36,13312,228352
52,55,13312,228352
52,38,16384,228352
47,21,1024,229376
47,21,2048,229376
47,43,5120,229376
47,42,6144,229376
47,21,7168,229376
47,43,7168,229376
47,37,8192,229376
47,56,8192,229376
47,36,9216,229376
47,19,11264,229376
47,36,12288,229376
47,55,12288,229376
47,38,15360,229376
47,57,15360,229376
21,21,1024,230400
21,43,4096,230400
21,42,5120,230400
21,21,6144,230400
21,43,6144,230400
21,37,7168,230400
21,56,7168,230400
21,36,8192,230400
21,19,10240,230400
21,36,11264,230400
21,55,11264,230400
21,38,14336,230400
21,57,14336,230400
21,38,15360,230400
21,43,3072,231424
21,42,4096,231424
21,21,5120,231424
21,43,5120,231424
21,37,6144,231424
21,56,6144,231424
21,36,7168,231424
21,19,9216,231424
21,36,10240,231424
21,55,10240,231424
21,38,13312,231424
21,57,13312,231424
21,38,14336,231424
21,57,14336,231424
43,42,1024,234496
43,21,2048,234496
43,43,2048,234496
43,37,3072,234496
43,56,3072,234496
43,36,4096,234496
43,19,6144,234496
43,36,7168,234496
43,55,7168,234496
43,38,10240,234496
43,57,10240,234496
43,38,11264,234496
43,57,11264,234496
43,18,13312,234496
42,21,1024,235520
42,43,1024,235520
42,37,2048,235520
42,56,2048,235520
42,36,3072,235520
42,19,5120,235520
42,36,6144,235520
42,55,6144,235520
42,38,9216,235520
42,57,9216,235520
42,38,10240,235520
42,57,10240,235520
42,18,12288,235520
42,48,15360,235520
21,43,0,236544
21,37,1024,236544
21,56,1024,236544
21,36,2048,236544
21,19,4096,236544
21,36,5120,236544
21,55,5120,236544
21,38,8192,236544
21,57,8192,236544
21,38,9216,236544
21,57,9216,236544
21,18,11264,236544
21,48,14336,236544
43,37,1024,236544
43,56,1024,236544
43,36,2048,236544
43,19,4096,236544
43,36,5120,236544
43,55,5120,236544
43,38,8192,236544
43,57,8192,236544
43,38,9216,236544
43,57,9216,236544
43,18,11264,236544
43,48,14336,236544
37,56,0,237568
37,36,1024,237568
37,19,3072,237568
37,36,4096,237568
37,55,4096,237568
37,38,7168,237568
37,57,7168,237568
37,38,8192,237568
37,57,8192,237568
37,18,10240,237568
37,48,13312,237568
56,36,1024,237568
56,19,3072,237568
56,36,4096,237568
56,55,4096,237568
56,38,7168,237568
56,57,7168,237568
56,38,8192,237568
56,57,8192,237568
56,18,10240,237568
56,48,13312,237568
36,19,2048,238592
36,36,3072,238592
36,55,3072,238592
36,38,6144,238592
36,57,6144,238592
36,38,7168,238592
36,57,7168,238592
36,18,9216,238592
36,48,12288,238592
36,37,20480,238592
19,36,1024,240640
19,55,1024,240640
19,38,4096,240640
19,57,4096,240640
19,38,5120,240640
19,57,5120,240640
19,18,7168,240640
19,48,10240,240640
19,37,18432,240640
19,37,19456,240640
19,37,20480,240640
36,55,0,241664
36,38,3072,241664
36,57,3072,241664
36,38,4096,241664
36,57,4096,241664
36,18,6144,241664
36,48,9216,241664
36,37,17408,241664
36,37,18432,241664
36,37,19456,241664
55,38,3072,241664
55,57,3072,241664
55,38,4096,241664
55,57,4096,241664
55,18,6144,241664
55,48,9216,241664
55,37,17408,241664
55,37,18432,241664
55,37,19456,241664
38,57,0,244736
38,38,1024,244736
38,57,1024,244736
38,18,3072,244736
38,48,6144,244736
38,37,14336,244736
38,37,15360,244736
38,37,16384,244736
38,46,19456,244736
57,38,1024,244736
57,57,1024,244736
57,18,3072,244736
57,48,6144,244736
57,37,14336,244736
57,37,15360,244736
57,37,16384,244736
57,46,19456,244736
38,57,0,245760
38,18,2048,245760
38,48,5120,245760
38,37,13312,245760
38,37,14336,245760
38,37,15360,245760
38,46,18432,245760
38,57,20480,245760
38,142,20480,245760
57,18,2048,245760
57,48,5120,245760
57,37,13312,245760
57,37,14336,245760
57,37,15360,245760
57,46,18432,245760
57,57,20480,245760
57,142,20480,245760
18,48,3072,247808
18,37,11264,247808
18,37,12288,247808
18,37,13312,247808
18,46,16384,247808
18,57,18432,247808
18,142,18432,247808
18,57,19456,247808
18,143,19456,247808
48,37,8192,250880
48,37,9216,250880
48,37,10240,250880
48,46,13312,250880
48,57,15360,250880
48,142,15360,250880
48,57,16384,250880
48,143,16384,250880
48,66,20480,250880
37,37,1024,259072
37,37,2048,259072
37,46,5120,259072
37,57,7168,259072
37,142,7168,259072
37,57,8192,259072
37,143,8192,259072
37,66,12288,259072
37,55,14336,259072
37,56,15360,259072
37,75,16384,259072
37,86,18432,259072
37,72,19456,259072
37,66,20480,259072
37,37,1024,260096
37,46,4096,260096
37,57,6144,260096
37,142,6144,260096
37,57,7168,260096
37,143,7168,260096
37,66,11264,260096
37,55,13312,260096
37,56,14336,260096
37,75,15360,260096
37,86,17408,260096
37,72,18432,260096
37,66,19456,260096
37,19,20480,260096
37,46,3072,261120
37,57,5120,261120
37,142,5120,261120
37,57,6144,261120
37,143,6144,261120
37,66,10240,261120
37,55,12288,261120
37,56,13312,261120
37,75,14336,261120
37,86,16384,261120
37,72,17408,261120
37,66,18432,261120
37,19,19456,261120
37,55,19456,261120
46,57,2048,264192
46,142,2048,264192
46,57,3072,264192
46,143,3072,264192
46,66,7168,264192
46,55,9216,264192
46,56,10240,264192
46,75,11264,264192
46,86,13312,264192
46,72,14336,264192
46,66,15360,264192
46,19,16384,264192
46,55,16384,264192
46,55,17408,264192
57,142,0,266240
57,57,1024,266240
57,143,1024,266240
57,66,5120,266240
57,55,7168,266240
57,56,8192,266240
57,75,9216,266240
57,86,11264,266240
57,72,12288,266240
57,66,13312,266240
57,19,14336,266240
57,55,14336,266240
57,55,15360,266240
57,18,20480,266240
142,57,1024,266240
142,143,1024,266240
142,66,5120,266240
142,55,7168,266240
142,56,8192,266240
142,75,9216,266240
142,86,11264,266240
142,72,12288,266240
142,66,13312,266240
142,19,14336,266240
142,55,14336,266240
142,55,15360,266240
142,18,20480,266240
57,143,0,267264
57,66,4096,267264
57,55,6144,267264
57,56,7168,267264
57,75,8192,267264
57,86,10240,267264
57,72,11264,267264
57,66,12288,267264
57,19,13312,267264
57,55,13312,267264
57,55,14336,267264
57,18,19456,267264
143,66,4096,267264
143,55,6144,267264
143,56,7168,267264
143,75,8192,267264
143,86,10240,267264
143,72,11264,267264
143,66,12288,267264
143,19,13312,267264
143,55,13312,267264
143,55,14336,267264
143,18,19456,267264
66,55,2048,271360
66,56,3072,271360
66,75,4096,271360
66,86,6144,271360
66,72,7168,271360
66,66,8192,271360
66,19,9216,271360
66,55,9216,271360
66,55,10240,271360
66,18,15360,271360
66,18,17408,271360
66,18,18432,271360
66,19,19456,271360
66,209,19456,271360
55,56,1024,273408
55,75,2048,273408
55,86,4096,273408
55,72,5120,273408
55,66,6144,273408
55,19,7168,273408
55,55,7168,273408
55,55,8192,273408
55,18,13312,273408
55,18,15360,273408
55,18,16384,273408
55,19,17408,273408
55,209,17408,273408
55,18,18432,273408
56,75,1024,274432
56,86,3072,274432
56,72,4096,274432
56,66,5120,274432
56,19,6144,274432
56,55,6144,274432
56,55,7168,274432
56,18,12288,274432
56,18,14336,274432
56,18,15360,274432
56,19,16384,274432
56,209,16384,274432
56,18,17408,274432
56,19,18432,274432
75,86,2048,275456
75,72,3072,275456
75,66,4096,275456
75,19,5120,275456
75,55,5120,275456
75,55,6144,275456
75,18,11264,275456
75,18,13312,275456
75,18,14336,275456
75,19,15360,275456
75,209,15360,275456
75,18,16384,275456
75,19,17408,275456
75,18,18432,275456
86,72,1024,277504
86,66,2048,277504
86,19,3072,277504
86,55,3072,277504
86,55,4096,277504
86,18,9216,277504
86,18,11264,277504
86,18,12288,277504
86,19,13312,277504
86,209,13312,277504
86,18,14336,277504
86,19,15360,277504
86,18,16384,277504
86,19,17408,277504
72,66,1024,278528
72,19,2048,278528
72,55,2048,278528
72,55,3072,278528
72,18,8192,278528
72,18,10240,278528
72,18,11264,278528
72,19,12288,278528
72,209,12288,278528
72,18,13312,278528
72,19,14336,278528
72,18,15360,278528
72,19,16384,278528
72,74,16384,278528
66,19,1024,279552
66,55,1024,279552
66,55,2048,279552
66,18,7168,279552
66,18,9216,279552
66,18,10240,279552
66,19,11264,279552
66,209,11264,279552
66,18,12288,279552
66,19,13312,279552
66,18,14336,279552
66,19,15360,279552
66,74,15360,279552
66,74,16384,279552
19,55,0,280576
19,55,1024,280576
19,18,6144,280576
19,18,8192,280576
19,18,9216,280576
19,19,10240,280576
19,209,10240,280576
19,18,11264,280576
19,19,12288,280576
19,18,13312,280576
19,19,14336,280576
19,74,14336,280576
19,74,15360,280576
19,19,17408,280576
55,55,1024,280576
55,18,6144,280576
55,18,8192,280576
55,18,9216,280576
55,19,10240,280576
55,209,10240,280576
55,18,11264,280576
55,19,12288,280576
55,18,13312,280576
55,19,14336,280576
55,74,14336,280576
55,74,15360,280576
55,19,17408,280576
55,19,19456,280576
55,18,5120,281600
55,18,7168,281600
55,18,8192,281600
55,19,9216,281600
55,209,9216,281600
55,18,10240,281600
55,19,11264,281600
55,18,12288,281600
55,19,13312,281600
55,74,13312,281600
55,74,14336,281600
55,19,16384,281600
55,19,18432,281600
55,18,19456,281600
18,18,2048,286720
18,18,3072,286720
18,19,4096,286720
18,209,4096,286720
18,18,5120,286720
18,19,6144,286720
18,18,7168,286720
18,19,8192,286720
18,74,8192,286720
18,74,9216,286720
18,19,11264,286720
18,19,13312,286720
18,18,14336,286720
18,19,15360,286720
18,18,1024,288768
18,19,2048,288768
18,209,2048,288768
18,18,3072,288768
18,19,4096,288768
18,18,5120,288768
18,19,6144,288768
18,74,6144,288768
18,74,7168,288768
18,19,9216,288768
18,19,11264,288768
18,18,12288,288768
18,19,13312,288768
18,19,16384,288768
18,19,1024,289792
18,209,1024,289792
18,18,2048,289792
18,19,3072,289792
18,18,4096,289792
18,19,5120,289792
18,74,5120,289792
18,74,6144,289792
18,19,8192,289792
18,19,10240,289792
18,18,11264,289792
18,19,12288,289792
18,19,15360,289792
18,56,15360,289792
19,209,0,290816
19,18,1024,290816
19,19,2048,290816
19,18,3072,290816
19,19,4096,290816
19,74,4096,290816
19,74,5120,290816
19,19,7168,290816
19,19,9216,290816
19,18,10240,290816
19,19,11264,290816
19,19,14336,290816
19,56,14336,290816
19,37,20480,290816
209,18,1024,290816
209,19,2048,290816
209,18,3072,290816
209,19,4096,290816
209,74,4096,290816
209,74,5120,290816
209,19,7168,290816
209,19,9216,290816
209,18,10240,290816
209,19,11264,290816
209,19,14336,290816
209,56,14336,290816
209,37,20480,290816
18,19,1024,291840
18,18,2048,291840
18,19,3072,291840
18,74,3072,291840
18,74,4096,291840
18,19,6144,291840
18,19,8192,291840
18,18,9216,291840
18,19,10240,291840
18,19,13312,291840
18,56,13312,291840
18,37,19456,291840
19,18,1024,292864
19,19,2048,292864
19,74,2048,292864
19,74,3072,292864
19,19,5120,292864
19,19,7168,292864
19,18,8192,292864
19,19,9216,292864
19,19,12288,292864
19,56,12288,292864
19,37,18432,292864
18,19,1024,293888
18,74,1024,293888
18,74,2048,293888
18,19,4096,293888
18,19,6144,293888
18,18,7168,293888
18,19,8192,293888
18,19,11264,293888
18,56,11264,293888
18,37,17408,293888
19,74,0,294912
19,74,1024,294912
19,19,3072,294912
19,19,5120,294912
19,18,6144,294912
19,19,7168,294912
19,19,10240,294912
19,56,10240,294912
19,37,16384,294912
74,74,1024,294912
74,19,3072,294912
74,19,5120,294912
74,18,6144,294912
74,19,7168,294912
74,19,10240,294912
74,56,10240,294912
74,37,16384,294912
74,19,2048,295936
74,19,4096,295936
74,18,5120,295936
74,19,6144,295936
74,19,9216,295936
74,56,9216,295936
74,37,15360,295936
19,19,2048,297984
19,18,3072,297984
19,19,4096,297984
19,19,7168,297984
19,56,7168,297984
19,37,13312,297984
19,19,19456,297984
19,18,1024,300032
19,19,2048,300032
19,19,5120,300032
19,56,5120,300032
19,37,11264,300032
19,19,17408,300032
18,19,1024,301056
18,19,4096,301056
18,56,4096,301056
18,37,10240,301056
18,19,16384,301056
19,19,3072,302080
19,56,3072,302080
19,37,9216,302080
19,19,15360,302080
19,56,0,305152
19,37,6144,305152
19,19,12288,305152
56,37,6144,305152
56,19,12288,305152
37,19,6144,311296
37,69,16384,311296
37,115,16384,311296
37,72,17408,311296
19,69,10240,317440
19,115,10240,317440
19,72,11264,317440
69,115,0,327680
69,72,1024,327680
115,72,1024,327680
