11,11,1024,7168
11,11,2048,7168
11,11,3072,7168
11,11,4096,7168
11,13,17408,7168
11,13,18432,7168
11,15,20480,7168
11,11,1024,8192
11,11,2048,8192
11,11,3072,8192
11,13,16384,8192
11,13,17408,8192
11,15,19456,8192
11,15,20480,8192
11,11,1024,9216
11,11,2048,9216
11,13,15360,9216
11,13,16384,9216
11,15,18432,9216
11,15,19456,9216
11,15,20480,9216
11,11,1024,10240
11,13,14336,10240
11,13,15360,10240
11,15,17408,10240
11,15,18432,10240
11,15,19456,10240
11,15,20480,10240
11,13,13312,11264
11,13,14336,11264
11,15,16384,11264
11,15,17408,11264
11,15,18432,11264
11,15,19456,11264
11,15,20480,11264
13,13,1024,24576
13,15,3072,24576
13,15,4096,24576
13,15,5120,24576
13,15,6144,24576
13,15,7168,24576
13,15,2048,25600
13,15,3072,25600
13,15,4096,25600
13,15,5120,25600
13,15,6144,25600
15,15,1024,27648
15,15,2048,27648
15,15,3072,27648
15,15,4096,27648
15,15,1024,28672
15,15,2048,28672
15,15,3072,28672
15,15,1024,29696
15,15,2048,29696
15,15,1024,30720
15,18,20480,31744
18,17,10240,52224
18,17,11264,52224
18,16,12288,52224
18,13,13312,52224
18,13,14336,52224
18,13,15360,52224
18,13,16384,52224
18,13,17408,52224
18,13,18432,52224
17,17,1024,62464
17,16,2048,62464
17,13,3072,62464
17,13,4096,62464
17,13,5120,62464
17,13,6144,62464
17,13,7168,62464
17,13,8192,62464
17,15,11264,62464
17,15,12288,62464
17,15,13312,62464
17,15,14336,62464
17,15,15360,62464
17,15,16384,62464
17,16,1024,63488
17,13,2048,63488
17,13,3072,63488
17,13,4096,63488
17,13,5120,63488
17,13,6144,63488
17,13,7168,63488
17,15,10240,63488
17,15,11264,63488
17,15,12288,63488
17,15,13312,63488
17,15,14336,63488
17,15,15360,63488
17,15,16384,63488
16,13,1024,64512
16,13,2048,64512
16,13,3072,64512
16,13,4096,64512
16,13,5120,64512
16,13,6144,64512
16,15,9216,64512
16,15,10240,64512
16,15,11264,64512
16,15,12288,64512
16,15,13312,64512
16,15,14336,64512
16,15,15360,64512
13,13,1024,65536
13,13,2048,65536
13,13,3072,65536
13,13,4096,65536
13,13,5120,65536
13,15,8192,65536
13,15,9216,65536
13,15,10240,65536
13,15,11264,65536
13,15,12288,65536
13,15,13312,65536
13,15,14336,65536
13,13,1024,66560
13,13,2048,66560
13,13,3072,66560
13,13,4096,66560
13,15,7168,66560
13,15,8192,66560
13,15,9216,66560
13,15,10240,66560
13,15,11264,66560
13,15,12288,66560
13,15,13312,66560
13,13,1024,67584
13,13,2048,67584
13,13,3072,67584
13,15,6144,67584
13,15,7168,67584
13,15,8192,67584
13,15,9216,67584
13,15,10240,67584
13,15,11264,67584
13,15,12288,67584
13,17,20480,67584
13,13,1024,68608
13,13,2048,68608
13,15,5120,68608
13,15,6144,68608
13,15,7168,68608
13,15,8192,68608
13,15,9216,68608
13,15,10240,68608
13,15,11264,68608
13,17,19456,68608
13,17,20480,68608
13,13,1024,69632
13,15,4096,69632
13,15,5120,69632
13,15,6144,69632
13,15,7168,69632
13,15,8192,69632
13,15,9216,69632
13,15,10240,69632
13,17,18432,69632
13,17,19456,69632
13,15,3072,70656
13,15,4096,70656
13,15,5120,70656
13,15,6144,70656
13,15,7168,70656
13,15,8192,70656
13,15,9216,70656
13,17,17408,70656
13,17,18432,70656
15,15,1024,73728
15,15,2048,73728
15,15,3072,73728
15,15,4096,73728
15,15,5120,73728
15,15,6144,73728
15,17,14336,73728
15,17,15360,73728
15,13,18432,73728
15,15,1024,74752
15,15,2048,74752
15,15,3072,74752
15,15,4096,74752
15,15,5120,74752
15,17,13312,74752
15,17,14336,74752
15,13,17408,74752
15,15,1024,75776
15,15,2048,75776
15,15,3072,75776
15,15,4096,75776
15,17,12288,75776
15,17,13312,75776
15,13,16384,75776
15,22,20480,75776
15,15,1024,76800
15,15,2048,76800
15,15,3072,76800
15,17,11264,76800
15,17,12288,76800
15,13,15360,76800
15,22,19456,76800
15,15,1024,77824
15,15,2048,77824
15,17,10240,77824
15,17,11264,77824
15,13,14336,77824
15,22,18432,77824
15,19,20480,77824
15,15,1024,78848
15,17,9216,78848
15,17,10240,78848
15,13,13312,78848
15,22,17408,78848
15,19,19456,78848
15,17,8192,79872
15,17,9216,79872
15,13,12288,79872
15,22,16384,79872
15,19,18432,79872
17,17,1024,88064
17,13,4096,88064
17,22,8192,88064
17,19,10240,88064
17,13,3072,89088
17,22,7168,89088
17,19,9216,89088
13,22,4096,92160
13,19,6144,92160
22,19,2048,96256
11,14,2048,122880
11,15,4096,122880
11,15,5120,122880
11,15,6144,122880
14,15,2048,124928
14,15,3072,124928
14,15,4096,124928
15,15,1024,126976
15,15,2048,126976
15,15,1024,128000
