7,19,8192,1024
19,8,15360,9216
8,7,6144,24576
8,7,12288,24576
8,7,13312,24576
8,7,14336,24576
8,7,15360,24576
7,7,6144,30720
7,7,7168,30720
7,7,8192,30720
7,7,9216,30720
7,87,17408,30720
7,7,1024,36864
7,7,2048,36864
7,7,3072,36864
7,87,11264,36864
7,7,17408,36864
7,50,19456,36864
7,17,20480,36864
7,7,1024,37888
7,7,2048,37888
7,87,10240,37888
7,7,16384,37888
7,50,18432,37888
7,17,19456,37888
7,7,1024,38912
7,87,9216,38912
7,7,15360,38912
7,50,17408,38912
7,17,18432,38912
7,34,20480,38912
7,87,8192,39936
7,7,14336,39936
7,50,16384,39936
7,17,17408,39936
7,34,19456,39936
7,7,20480,39936
87,7,6144,48128
87,50,8192,48128
87,17,9216,48128
87,34,11264,48128
87,7,12288,48128
87,35,13312,48128
87,5,18432,48128
7,50,2048,54272
7,17,3072,54272
7,34,5120,54272
7,7,6144,54272
7,35,7168,54272
7,5,12288,54272
50,17,1024,56320
50,34,3072,56320
50,7,4096,56320
50,35,5120,56320
50,5,10240,56320
17,34,2048,57344
17,7,3072,57344
17,35,4096,57344
17,5,9216,57344
34,7,1024,59392
34,35,2048,59392
34,5,7168,59392
7,35,1024,60416
7,5,6144,60416
35,5,5120,61440
5,40,16384,66560
5,7,17408,66560
5,8,18432,66560
40,7,1024,82944
40,8,2048,82944
40,6,7168,82944
40,36,11264,82944
40,38,12288,82944
40,35,13312,82944
40,8,19456,82944
40,8,20480,82944
7,8,1024,83968
7,6,6144,83968
7,36,10240,83968
7,38,11264,83968
7,35,12288,83968
7,8,18432,83968
7,8,19456,83968
7,8,20480,83968
8,6,5120,84992
8,36,9216,84992
8,38,10240,84992
8,35,11264,84992
8,8,17408,84992
8,8,18432,84992
8,8,19456,84992
8,8,20480,84992
6,36,4096,90112
6,38,5120,90112
6,35,6144,90112
6,8,12288,90112
6,8,13312,90112
6,8,14336,90112
6,8,15360,90112
36,38,1024,94208
36,35,2048,94208
36,8,8192,94208
36,8,9216,94208
36,8,10240,94208
36,8,11264,94208
36,7,19456,94208
38,35,1024,95232
38,8,7168,95232
38,8,8192,95232
38,8,9216,95232
38,8,10240,95232
38,7,18432,95232
35,8,6144,96256
35,8,7168,96256
35,8,8192,96256
35,8,9216,96256
35,7,17408,96256
8,8,1024,102400
8,8,2048,102400
8,8,3072,102400
8,7,11264,102400
8,7,17408,102400
8,8,1024,103424
8,8,2048,103424
8,7,10240,103424
8,7,16384,103424
8,8,1024,104448
8,7,9216,104448
8,7,15360,104448
8,7,8192,105472
8,7,14336,105472
8,7,20480,105472
7,7,6144,113664
7,7,12288,113664
7,49,13312,113664
7,50,14336,113664
7,7,18432,113664
7,7,6144,119808
7,49,7168,119808
7,50,8192,119808
7,7,12288,119808
7,41,18432,119808
7,41,19456,119808
7,41,20480,119808
7,49,1024,125952
7,50,2048,125952
7,7,6144,125952
7,41,12288,125952
7,41,13312,125952
7,41,14336,125952
49,50,1024,126976
49,7,5120,126976
49,41,11264,126976
49,41,12288,126976
49,41,13312,126976
50,7,4096,128000
50,41,10240,128000
50,41,11264,128000
50,41,12288,128000
7,41,6144,132096
7,41,7168,132096
7,41,8192,132096
7,7,17408,132096
41,41,1024,138240
41,41,2048,138240
41,7,11264,138240
41,7,17408,138240
41,58,20480,138240
41,41,1024,139264
41,7,10240,139264
41,7,16384,139264
41,58,19456,139264
41,7,9216,140288
41,7,15360,140288
41,58,18432,140288
7,7,6144,149504
7,58,9216,149504
7,7,12288,149504
7,8,18432,149504
7,123,19456,149504
7,58,3072,155648
7,7,6144,155648
7,8,12288,155648
7,123,13312,155648
7,8,18432,155648
58,7,3072,158720
58,8,9216,158720
58,123,10240,158720
58,8,15360,158720
58,8,20480,158720
7,8,6144,161792
7,123,7168,161792
7,8,12288,161792
7,8,17408,161792
8,123,1024,167936
8,8,6144,167936
8,8,11264,167936
8,7,17408,167936
123,8,5120,168960
123,8,10240,168960
123,7,16384,168960
8,8,5120,174080
8,7,11264,174080
8,7,17408,174080
8,7,6144,179200
8,7,12288,179200
7,7,6144,185344
7,15,18432,185344
7,15,12288,191488
7,103,18432,191488
7,20,20480,191488
15,103,6144,203776
15,20,8192,203776
15,61,9216,203776
15,41,10240,203776
15,7,11264,203776
15,123,12288,203776
15,123,13312,203776
15,103,15360,203776
15,7,17408,203776
15,123,18432,203776
103,20,2048,209920
103,61,3072,209920
103,41,4096,209920
103,7,5120,209920
103,123,6144,209920
103,123,7168,209920
103,103,9216,209920
103,7,11264,209920
103,123,12288,209920
103,6,17408,209920
103,8,18432,209920
103,8,19456,209920
103,8,20480,209920
20,61,1024,211968
20,41,2048,211968
20,7,3072,211968
20,123,4096,211968
20,123,5120,211968
20,103,7168,211968
20,7,9216,211968
20,123,10240,211968
20,6,15360,211968
20,8,16384,211968
20,8,17408,211968
20,8,18432,211968
20,57,19456,211968
61,41,1024,212992
61,7,2048,212992
61,123,3072,212992
61,123,4096,212992
61,103,6144,212992
61,7,8192,212992
61,123,9216,212992
61,6,14336,212992
61,8,15360,212992
61,8,16384,212992
61,8,17408,212992
61,57,18432,212992
61,5,20480,212992
41,7,1024,214016
41,123,2048,214016
41,123,3072,214016
41,103,5120,214016
41,7,7168,214016
41,123,8192,214016
41,6,13312,214016
41,8,14336,214016
41,8,15360,214016
41,8,16384,214016
41,57,17408,214016
41,5,19456,214016
7,123,1024,215040
7,123,2048,215040
7,103,4096,215040
7,7,6144,215040
7,123,7168,215040
7,6,12288,215040
7,8,13312,215040
7,8,14336,215040
7,8,15360,215040
7,57,16384,215040
7,5,18432,215040
123,123,1024,216064
123,103,3072,216064
123,7,5120,216064
123,123,6144,216064
123,6,11264,216064
123,8,12288,216064
123,8,13312,216064
123,8,14336,216064
123,57,15360,216064
123,5,17408,216064
123,103,2048,217088
123,7,4096,217088
123,123,5120,217088
123,6,10240,217088
123,8,11264,217088
123,8,12288,217088
123,8,13312,217088
123,57,14336,217088
123,5,16384,217088
103,7,2048,219136
103,123,3072,219136
103,6,8192,219136
103,8,9216,219136
103,8,10240,219136
103,8,11264,219136
103,57,12288,219136
103,5,14336,219136
103,8,20480,219136
7,123,1024,221184
7,6,6144,221184
7,8,7168,221184
7,8,8192,221184
7,8,9216,221184
7,57,10240,221184
7,5,12288,221184
7,8,18432,221184
123,6,5120,222208
123,8,6144,222208
123,8,7168,222208
123,8,8192,222208
123,57,9216,222208
123,5,11264,222208
123,8,17408,222208
6,8,1024,227328
6,8,2048,227328
6,8,3072,227328
6,57,4096,227328
6,5,6144,227328
6,8,12288,227328
6,115,18432,227328
8,8,1024,228352
8,8,2048,228352
8,57,3072,228352
8,5,5120,228352
8,8,11264,228352
8,115,17408,228352
8,47,20480,228352
8,8,1024,229376
8,57,2048,229376
8,5,4096,229376
8,8,10240,229376
8,115,16384,229376
8,47,19456,229376
8,57,1024,230400
8,5,3072,230400
8,8,9216,230400
8,115,15360,230400
8,47,18432,230400
8,47,20480,230400
57,5,2048,231424
57,8,8192,231424
57,115,14336,231424
57,47,17408,231424
57,47,19456,231424
5,8,6144,233472
5,115,12288,233472
5,47,15360,233472
5,47,17408,233472
8,115,6144,239616
8,47,9216,239616
8,47,11264,239616
8,115,15360,239616
8,7,17408,239616
8,23,18432,239616
115,47,3072,245760
115,47,5120,245760
115,115,9216,245760
115,7,11264,245760
115,23,12288,245760
115,103,15360,245760
115,6,17408,245760
115,123,18432,245760
47,47,2048,248832
47,115,6144,248832
47,7,8192,248832
47,23,9216,248832
47,103,12288,248832
47,6,14336,248832
47,123,15360,248832
47,7,20480,248832
47,115,4096,250880
47,7,6144,250880
47,23,7168,250880
47,103,10240,250880
47,6,12288,250880
47,123,13312,250880
47,7,18432,250880
47,92,19456,250880
115,7,2048,254976
115,23,3072,254976
115,103,6144,254976
115,6,8192,254976
115,123,9216,254976
115,7,14336,254976
115,92,15360,254976
115,138,17408,254976
115,36,18432,254976
115,106,20480,254976
7,23,1024,257024
7,103,4096,257024
7,6,6144,257024
7,123,7168,257024
7,7,12288,257024
7,92,13312,257024
7,138,15360,257024
7,36,16384,257024
7,106,18432,257024
7,106,19456,257024
7,109,20480,257024
23,103,3072,258048
23,6,5120,258048
23,123,6144,258048
23,7,11264,258048
23,92,12288,258048
23,138,14336,258048
23,36,15360,258048
23,106,17408,258048
23,106,18432,258048
23,109,19456,258048
23,116,20480,258048
103,6,2048,261120
103,123,3072,261120
103,7,8192,261120
103,92,9216,261120
103,138,11264,261120
103,36,12288,261120
103,106,14336,261120
103,106,15360,261120
103,109,16384,261120
103,116,17408,261120
103,116,18432,261120
103,116,19456,261120
103,92,20480,261120
6,123,1024,263168
6,7,6144,263168
6,92,7168,263168
6,138,9216,263168
6,36,10240,263168
6,106,12288,263168
6,106,13312,263168
6,109,14336,263168
6,116,15360,263168
6,116,16384,263168
6,116,17408,263168
6,92,18432,263168
123,7,5120,264192
123,92,6144,264192
123,138,8192,264192
123,36,9216,264192
123,106,11264,264192
123,106,12288,264192
123,109,13312,264192
123,116,14336,264192
123,116,15360,264192
123,116,16384,264192
123,92,17408,264192
7,92,1024,269312
7,138,3072,269312
7,36,4096,269312
7,106,6144,269312
7,106,7168,269312
7,109,8192,269312
7,116,9216,269312
7,116,10240,269312
7,116,11264,269312
7,92,12288,269312
92,138,2048,270336
92,36,3072,270336
92,106,5120,270336
92,106,6144,270336
92,109,7168,270336
92,116,8192,270336
92,116,9216,270336
92,116,10240,270336
92,92,11264,270336
138,36,1024,272384
138,106,3072,272384
138,106,4096,272384
138,109,5120,272384
138,116,6144,272384
138,116,7168,272384
138,116,8192,272384
138,92,9216,272384
138,35,20480,272384
36,106,2048,273408
36,106,3072,273408
36,109,4096,273408
36,116,5120,273408
36,116,6144,273408
36,116,7168,273408
36,92,8192,273408
36,35,19456,273408
36,7,20480,273408
106,106,1024,275456
106,109,2048,275456
106,116,3072,275456
106,116,4096,275456
106,116,5120,275456
106,92,6144,275456
106,35,17408,275456
106,7,18432,275456
106,39,19456,275456
106,39,20480,275456
106,109,1024,276480
106,116,2048,276480
106,116,3072,276480
106,116,4096,276480
106,92,5120,276480
106,35,16384,276480
106,7,17408,276480
106,39,18432,276480
106,39,19456,276480
109,116,1024,277504
109,116,2048,277504
109,116,3072,277504
109,92,4096,277504
109,35,15360,277504
109,7,16384,277504
109,39,17408,277504
109,39,18432,277504
116,116,1024,278528
116,116,2048,278528
116,92,3072,278528
116,35,14336,278528
116,7,15360,278528
116,39,16384,278528
116,39,17408,278528
116,116,1024,279552
116,92,2048,279552
116,35,13312,279552
116,7,14336,279552
116,39,15360,279552
116,39,16384,279552
116,7,20480,279552
116,92,1024,280576
116,35,12288,280576
116,7,13312,280576
116,39,14336,280576
116,39,15360,280576
116,7,19456,280576
116,11,20480,280576
92,35,11264,281600
92,7,12288,281600
92,39,13312,281600
92,39,14336,281600
92,7,18432,281600
92,11,19456,281600
35,7,1024,292864
35,39,2048,292864
35,39,3072,292864
35,7,7168,292864
35,11,8192,292864
35,6,13312,292864
35,7,19456,292864
35,11,20480,292864
7,39,1024,293888
7,39,2048,293888
7,7,6144,293888
7,11,7168,293888
7,6,12288,293888
7,7,18432,293888
7,11,19456,293888
39,39,1024,294912
39,7,5120,294912
39,11,6144,294912
39,6,11264,294912
39,7,17408,294912
39,11,18432,294912
39,7,4096,295936
39,11,5120,295936
39,6,10240,295936
39,7,16384,295936
39,11,17408,295936
7,11,1024,300032
7,6,6144,300032
7,7,12288,300032
7,11,13312,300032
7,7,18432,300032
7,8,19456,300032
7,8,20480,300032
11,6,5120,301056
11,7,11264,301056
11,11,12288,301056
11,7,17408,301056
11,8,18432,301056
11,8,19456,301056
11,8,20480,301056
6,7,6144,306176
6,11,7168,306176
6,7,12288,306176
6,8,13312,306176
6,8,14336,306176
6,8,15360,306176
6,5,18432,306176
7,11,1024,312320
7,7,6144,312320
7,8,7168,312320
7,8,8192,312320
7,8,9216,312320
7,5,12288,312320
7,37,16384,312320
7,40,17408,312320
11,7,5120,313344
11,8,6144,313344
11,8,7168,313344
11,8,8192,313344
11,5,11264,313344
11,37,15360,313344
11,40,16384,313344
7,8,1024,318464
7,8,2048,318464
7,8,3072,318464
7,5,6144,318464
7,37,10240,318464
7,40,11264,318464
8,8,1024,319488
8,8,2048,319488
8,5,5120,319488
8,37,9216,319488
8,40,10240,319488
8,8,1024,320512
8,5,4096,320512
8,37,8192,320512
8,40,9216,320512
8,5,3072,321536
8,37,7168,321536
8,40,8192,321536
5,37,4096,324608
5,40,5120,324608
37,40,1024,328704
