14,14,1024,0
14,14,4096,0
14,14,5120,0
14,14,6144,0
14,14,7168,0
14,15,15360,0
14,14,3072,1024
14,14,4096,1024
14,14,5120,1024
14,14,6144,1024
14,15,14336,1024
14,14,1024,4096
14,14,2048,4096
14,14,3072,4096
14,15,11264,4096
14,14,1024,5120
14,14,2048,5120
14,15,10240,5120
14,14,1024,6144
14,15,9216,6144
14,15,8192,7168
15,13,14336,15360
15,18,18432,15360
15,18,19456,15360
15,18,20480,15360
13,18,4096,29696
13,18,5120,29696
13,18,6144,29696
13,18,10240,29696
13,18,11264,29696
13,18,13312,29696
13,16,16384,29696
13,16,17408,29696
18,18,1024,33792
18,18,2048,33792
18,18,6144,33792
18,18,7168,33792
18,18,9216,33792
18,16,12288,33792
18,16,13312,33792
18,16,19456,33792
18,16,20480,33792
18,18,1024,34816
18,18,5120,34816
18,18,6144,34816
18,18,8192,34816
18,16,11264,34816
18,16,12288,34816
18,16,18432,34816
18,16,19456,34816
18,16,20480,34816
18,18,4096,35840
18,18,5120,35840
18,18,7168,35840
18,16,10240,35840
18,16,11264,35840
18,16,17408,35840
18,16,18432,35840
18,16,19456,35840
18,18,1024,39936
18,18,3072,39936
18,16,6144,39936
18,16,7168,39936
18,16,13312,39936
18,16,14336,39936
18,16,15360,39936
18,18,2048,40960
18,16,5120,40960
18,16,6144,40960
18,16,12288,40960
18,16,13312,40960
18,16,14336,40960
18,16,3072,43008
18,16,4096,43008
18,16,10240,43008
18,16,11264,43008
18,16,12288,43008
16,16,1024,46080
16,16,7168,46080
16,16,8192,46080
16,16,9216,46080
16,14,18432,46080
16,14,19456,46080
16,16,6144,47104
16,16,7168,47104
16,16,8192,47104
16,14,17408,47104
16,14,18432,47104
16,16,1024,53248
16,16,2048,53248
16,14,11264,53248
16,14,12288,53248
16,16,16384,53248
16,16,17408,53248
16,16,1024,54272
16,14,10240,54272
16,14,11264,54272
16,16,15360,54272
16,16,16384,54272
16,15,20480,54272
16,14,9216,55296
16,14,10240,55296
16,16,14336,55296
16,16,15360,55296
16,15,19456,55296
16,16,20480,55296
14,14,1024,64512
14,16,5120,64512
14,16,6144,64512
14,15,10240,64512
14,16,11264,64512
14,16,4096,65536
14,16,5120,65536
14,15,9216,65536
14,16,10240,65536
16,16,1024,69632
16,15,5120,69632
16,16,6144,69632
16,15,4096,70656
16,16,5120,70656
15,16,1024,74752
16,16,1024,99328
16,16,12288,99328
16,16,13312,99328
16,16,11264,100352
16,16,12288,100352
16,16,1024,111616
16,16,14336,111616
16,16,13312,112640
16,15,14336,125952
16,14,15360,125952
16,14,16384,125952
15,14,1024,140288
15,14,2048,140288
15,16,8192,140288
15,18,16384,140288
15,16,17408,140288
15,16,18432,140288
15,16,19456,140288
15,16,20480,140288
14,14,1024,141312
14,16,7168,141312
14,18,15360,141312
14,16,16384,141312
14,16,17408,141312
14,16,18432,141312
14,16,19456,141312
14,16,20480,141312
14,16,6144,142336
14,18,14336,142336
14,16,15360,142336
14,16,16384,142336
14,16,17408,142336
14,16,18432,142336
14,16,19456,142336
16,18,8192,148480
16,16,9216,148480
16,16,10240,148480
16,16,11264,148480
16,16,12288,148480
16,16,13312,148480
16,14,15360,148480
18,16,1024,156672
18,16,2048,156672
18,16,3072,156672
18,16,4096,156672
18,16,5120,156672
18,14,7168,156672
16,16,1024,157696
16,16,2048,157696
16,16,3072,157696
16,16,4096,157696
16,14,6144,157696
16,16,1024,158720
16,16,2048,158720
16,16,3072,158720
16,14,5120,158720
16,16,1024,159744
16,16,2048,159744
16,14,4096,159744
16,16,1024,160768
16,14,3072,160768
16,14,2048,161792
