16,16,1024,4096
16,16,2048,4096
16,16,3072,4096
16,16,10240,4096
16,16,1024,5120
16,16,2048,5120
16,16,9216,5120
16,16,1024,6144
16,16,8192,6144
16,16,7168,7168
12,12,1024,55296
12,12,2048,55296
12,12,13312,55296
12,12,14336,55296
12,12,15360,55296
12,14,16384,55296
12,16,19456,55296
12,16,20480,55296
12,12,1024,56320
12,12,12288,56320
12,12,13312,56320
12,12,14336,56320
12,14,15360,56320
12,16,18432,56320
12,16,19456,56320
12,16,20480,56320
12,12,11264,57344
12,12,12288,57344
12,12,13312,57344
12,14,14336,57344
12,16,17408,57344
12,16,18432,57344
12,16,19456,57344
12,12,1024,68608
12,12,2048,68608
12,14,3072,68608
12,16,6144,68608
12,16,7168,68608
12,16,8192,68608
12,16,13312,68608
12,16,15360,68608
12,16,17408,68608
12,16,18432,68608
12,13,20480,68608
12,12,1024,69632
12,14,2048,69632
12,16,5120,69632
12,16,6144,69632
12,16,7168,69632
12,16,12288,69632
12,16,14336,69632
12,16,16384,69632
12,16,17408,69632
12,13,19456,69632
12,14,1024,70656
12,16,4096,70656
12,16,5120,70656
12,16,6144,70656
12,16,11264,70656
12,16,13312,70656
12,16,15360,70656
12,16,16384,70656
12,13,18432,70656
14,16,3072,71680
14,16,4096,71680
14,16,5120,71680
14,16,10240,71680
14,16,12288,71680
14,16,14336,71680
14,16,15360,71680
14,13,17408,71680
16,16,1024,74752
16,16,2048,74752
16,16,7168,74752
16,16,9216,74752
16,16,11264,74752
16,16,12288,74752
16,13,14336,74752
16,16,19456,74752
16,16,20480,74752
16,16,1024,75776
16,16,6144,75776
16,16,8192,75776
16,16,10240,75776
16,16,11264,75776
16,13,13312,75776
16,16,18432,75776
16,16,19456,75776
16,16,20480,75776
16,16,5120,76800
16,16,7168,76800
16,16,9216,76800
16,16,10240,76800
16,13,12288,76800
16,16,17408,76800
16,16,18432,76800
16,16,19456,76800
16,16,20480,76800
16,16,2048,81920
16,16,4096,81920
16,16,5120,81920
16,13,7168,81920
16,16,12288,81920
16,16,13312,81920
16,16,14336,81920
16,16,15360,81920
16,16,17408,81920
16,16,18432,81920
16,16,2048,83968
16,16,3072,83968
16,13,5120,83968
16,16,10240,83968
16,16,11264,83968
16,16,12288,83968
16,16,13312,83968
16,16,15360,83968
16,16,16384,83968
16,16,20480,83968
16,16,1024,86016
16,13,3072,86016
16,16,8192,86016
16,16,9216,86016
16,16,10240,86016
16,16,11264,86016
16,16,13312,86016
16,16,14336,86016
16,16,18432,86016
16,16,19456,86016
16,16,20480,86016
16,13,2048,87040
16,16,7168,87040
16,16,8192,87040
16,16,9216,87040
16,16,10240,87040
16,16,12288,87040
16,16,13312,87040
16,16,17408,87040
16,16,18432,87040
16,16,19456,87040
16,15,20480,87040
13,16,5120,89088
13,16,6144,89088
13,16,7168,89088
13,16,8192,89088
13,16,10240,89088
13,16,11264,89088
13,16,15360,89088
13,16,16384,89088
13,16,17408,89088
13,15,18432,89088
16,16,1024,94208
16,16,2048,94208
16,16,3072,94208
16,16,5120,94208
16,16,6144,94208
16,16,10240,94208
16,16,11264,94208
16,16,12288,94208
16,15,13312,94208
16,16,16384,94208
16,16,1024,95232
16,16,2048,95232
16,16,4096,95232
16,16,5120,95232
16,16,9216,95232
16,16,10240,95232
16,16,11264,95232
16,15,12288,95232
16,16,15360,95232
16,16,1024,96256
16,16,3072,96256
16,16,4096,96256
16,16,8192,96256
16,16,9216,96256
16,16,10240,96256
16,15,11264,96256
16,16,14336,96256
16,16,2048,97280
16,16,3072,97280
16,16,7168,97280
16,16,8192,97280
16,16,9216,97280
16,15,10240,97280
16,16,13312,97280
16,16,1024,99328
16,16,5120,99328
16,16,6144,99328
16,16,7168,99328
16,15,8192,99328
16,16,11264,99328
16,16,4096,100352
16,16,5120,100352
16,16,6144,100352
16,15,7168,100352
16,16,10240,100352
16,16,1024,104448
16,16,2048,104448
16,15,3072,104448
16,16,6144,104448
16,16,1024,105472
16,15,2048,105472
16,16,5120,105472
16,15,1024,106496
16,16,4096,106496
15,16,3072,107520
12,12,1024,134144
12,12,2048,134144
12,12,3072,134144
12,12,5120,134144
12,12,6144,134144
12,12,10240,134144
12,12,11264,134144
12,12,12288,134144
12,12,15360,134144
12,16,19456,134144
12,12,1024,135168
12,12,2048,135168
12,12,4096,135168
12,12,5120,135168
12,12,9216,135168
12,12,10240,135168
12,12,11264,135168
12,12,14336,135168
12,16,18432,135168
12,16,20480,135168
12,12,1024,136192
12,12,3072,136192
12,12,4096,136192
12,12,8192,136192
12,12,9216,136192
12,12,10240,136192
12,12,13312,136192
12,16,17408,136192
12,16,19456,136192
12,16,20480,136192
12,12,2048,137216
12,12,3072,137216
12,12,7168,137216
12,12,8192,137216
12,12,9216,137216
12,12,12288,137216
12,16,16384,137216
12,16,18432,137216
12,16,19456,137216
12,12,1024,139264
12,12,5120,139264
12,12,6144,139264
12,12,7168,139264
12,12,10240,139264
12,16,14336,139264
12,16,16384,139264
12,16,17408,139264
12,12,4096,140288
12,12,5120,140288
12,12,6144,140288
12,12,9216,140288
12,16,13312,140288
12,16,15360,140288
12,16,16384,140288
12,12,1024,144384
12,12,2048,144384
12,12,5120,144384
12,16,9216,144384
12,16,11264,144384
12,16,12288,144384
12,16,18432,144384
12,16,19456,144384
12,16,20480,144384
12,12,1024,145408
12,12,4096,145408
12,16,8192,145408
12,16,10240,145408
12,16,11264,145408
12,16,17408,145408
12,16,18432,145408
12,16,19456,145408
12,12,3072,146432
12,16,7168,146432
12,16,9216,146432
12,16,10240,146432
12,16,16384,146432
12,16,17408,146432
12,16,18432,146432
12,16,4096,149504
12,16,6144,149504
12,16,7168,149504
12,16,13312,149504
12,16,14336,149504
12,16,15360,149504
16,16,2048,153600
16,16,3072,153600
16,16,9216,153600
16,16,10240,153600
16,16,11264,153600
16,16,1024,155648
16,16,7168,155648
16,16,8192,155648
16,16,9216,155648
16,16,6144,156672
16,16,7168,156672
16,16,8192,156672
16,16,1024,162816
16,16,2048,162816
16,16,1024,163840
