26,32,12288,2048
26,33,13312,2048
26,267,15360,2048
26,31,17408,2048
26,47,17408,2048
32,33,1024,14336
32,267,3072,14336
32,31,5120,14336
32,47,5120,14336
32,21,19456,14336
33,267,2048,15360
33,31,4096,15360
33,47,4096,15360
33,21,18432,15360
267,31,2048,17408
267,47,2048,17408
267,21,16384,17408
31,47,0,19456
31,21,14336,19456
47,21,14336,19456
21,25,10240,33792
21,23,14336,33792
21,89,19456,33792
25,23,4096,44032
25,89,9216,44032
25,18,12288,44032
25,55,12288,44032
25,277,12288,44032
25,19,13312,44032
25,18,14336,44032
25,275,14336,44032
25,18,15360,44032
25,37,17408,44032
23,89,5120,48128
23,18,8192,48128
23,55,8192,48128
23,277,8192,48128
23,19,9216,48128
23,18,10240,48128
23,275,10240,48128
23,18,11264,48128
23,37,13312,48128
23,37,18432,48128
89,18,3072,53248
89,55,3072,53248
89,277,3072,53248
89,19,4096,53248
89,18,5120,53248
89,275,5120,53248
89,18,6144,53248
89,37,8192,53248
89,37,13312,53248
89,37,16384,53248
89,18,20480,53248
18,55,0,56320
18,277,0,56320
18,19,1024,56320
18,18,2048,56320
18,275,2048,56320
18,18,3072,56320
18,37,5120,56320
18,37,10240,56320
18,37,13312,56320
18,18,17408,56320
18,19,18432,56320
18,40,18432,56320
18,19,19456,56320
18,60,19456,56320
55,277,0,56320
55,19,1024,56320
55,18,2048,56320
55,275,2048,56320
55,18,3072,56320
55,37,5120,56320
55,37,10240,56320
55,37,13312,56320
55,18,17408,56320
55,19,18432,56320
55,40,18432,56320
55,19,19456,56320
55,60,19456,56320
55,181,19456,56320
277,19,1024,56320
277,18,2048,56320
277,275,2048,56320
277,18,3072,56320
277,37,5120,56320
277,37,10240,56320
277,37,13312,56320
277,18,17408,56320
277,19,18432,56320
277,40,18432,56320
277,19,19456,56320
277,60,19456,56320
277,181,19456,56320
277,61,20480,56320
19,18,1024,57344
19,275,1024,57344
19,18,2048,57344
19,37,4096,57344
19,37,9216,57344
19,37,12288,57344
19,18,16384,57344
19,19,17408,57344
19,40,17408,57344
19,19,18432,57344
19,60,18432,57344
19,181,18432,57344
19,61,19456,57344
19,18,20480,57344
18,275,0,58368
18,18,1024,58368
18,37,3072,58368
18,37,8192,58368
18,37,11264,58368
18,18,15360,58368
18,19,16384,58368
18,40,16384,58368
18,19,17408,58368
18,60,17408,58368
18,181,17408,58368
18,61,18432,58368
18,18,19456,58368
275,18,1024,58368
275,37,3072,58368
275,37,8192,58368
275,37,11264,58368
275,18,15360,58368
275,19,16384,58368
275,40,16384,58368
275,19,17408,58368
275,60,17408,58368
275,181,17408,58368
275,61,18432,58368
275,18,19456,58368
18,37,2048,59392
18,37,7168,59392
18,37,10240,59392
18,18,14336,59392
18,19,15360,59392
18,40,15360,59392
18,19,16384,59392
18,60,16384,59392
18,181,16384,59392
18,61,17408,59392
18,18,18432,59392
37,37,5120,61440
37,37,8192,61440
37,18,12288,61440
37,19,13312,61440
37,40,13312,61440
37,19,14336,61440
37,60,14336,61440
37,181,14336,61440
37,61,15360,61440
37,18,16384,61440
37,37,3072,66560
37,18,7168,66560
37,19,8192,66560
37,40,8192,66560
37,19,9216,66560
37,60,9216,66560
37,181,9216,66560
37,61,10240,66560
37,18,11264,66560
37,49,19456,66560
37,34,20480,66560
37,18,4096,69632
37,19,5120,69632
37,40,5120,69632
37,19,6144,69632
37,60,6144,69632
37,181,6144,69632
37,61,7168,69632
37,18,8192,69632
37,49,16384,69632
37,34,17408,69632
37,117,20480,69632
18,19,1024,73728
18,40,1024,73728
18,19,2048,73728
18,60,2048,73728
18,181,2048,73728
18,61,3072,73728
18,18,4096,73728
18,49,12288,73728
18,34,13312,73728
18,117,16384,73728
18,32,18432,73728
18,33,19456,73728
18,34,20480,73728
19,40,0,74752
19,19,1024,74752
19,60,1024,74752
19,181,1024,74752
19,61,2048,74752
19,18,3072,74752
19,49,11264,74752
19,34,12288,74752
19,117,15360,74752
19,32,17408,74752
19,33,18432,74752
19,34,19456,74752
40,19,1024,74752
40,60,1024,74752
40,181,1024,74752
40,61,2048,74752
40,18,3072,74752
40,49,11264,74752
40,34,12288,74752
40,117,15360,74752
40,32,17408,74752
40,33,18432,74752
40,34,19456,74752
19,60,0,75776
19,181,0,75776
19,61,1024,75776
19,18,2048,75776
19,49,10240,75776
19,34,11264,75776
19,117,14336,75776
19,32,16384,75776
19,33,17408,75776
19,34,18432,75776
60,181,0,75776
60,61,1024,75776
60,18,2048,75776
60,49,10240,75776
60,34,11264,75776
60,117,14336,75776
60,32,16384,75776
60,33,17408,75776
60,34,18432,75776
181,61,1024,75776
181,18,2048,75776
181,49,10240,75776
181,34,11264,75776
181,117,14336,75776
181,32,16384,75776
181,33,17408,75776
181,34,18432,75776
61,18,1024,76800
61,49,9216,76800
61,34,10240,76800
61,117,13312,76800
61,32,15360,76800
61,33,16384,76800
61,34,17408,76800
18,49,8192,77824
18,34,9216,77824
18,117,12288,77824
18,32,14336,77824
18,33,15360,77824
18,34,16384,77824
49,34,1024,86016
49,117,4096,86016
49,32,6144,86016
49,33,7168,86016
49,34,8192,86016
49,31,16384,86016
49,55,20480,86016
34,117,3072,87040
34,32,5120,87040
34,33,6144,87040
34,34,7168,87040
34,31,15360,87040
34,55,19456,87040
34,68,20480,87040
117,32,2048,90112
117,33,3072,90112
117,34,4096,90112
117,31,12288,90112
117,55,16384,90112
117,68,17408,90112
32,33,1024,92160
32,34,2048,92160
32,31,10240,92160
32,55,14336,92160
32,68,15360,92160
33,34,1024,93184
33,31,9216,93184
33,55,13312,93184
33,68,14336,93184
34,31,8192,94208
34,55,12288,94208
34,68,13312,94208
31,55,4096,102400
31,68,5120,102400
55,68,1024,106496
146,279,0,138240
146,41,6144,138240
146,66,11264,138240
146,115,11264,138240
146,31,16384,138240
146,61,17408,138240
146,92,17408,138240
146,61,18432,138240
146,92,18432,138240
146,60,19456,138240
146,56,20480,138240
279,41,6144,138240
279,66,11264,138240
279,115,11264,138240
279,31,16384,138240
279,61,17408,138240
279,92,17408,138240
279,61,18432,138240
279,92,18432,138240
279,60,19456,138240
279,56,20480,138240
41,66,5120,144384
41,115,5120,144384
41,31,10240,144384
41,61,11264,144384
41,92,11264,144384
41,61,12288,144384
41,92,12288,144384
41,60,13312,144384
41,56,14336,144384
41,40,16384,144384
66,115,0,149504
66,31,5120,149504
66,61,6144,149504
66,92,6144,149504
66,61,7168,149504
66,92,7168,149504
66,60,8192,149504
66,56,9216,149504
66,40,11264,149504
115,31,5120,149504
115,61,6144,149504
115,92,6144,149504
115,61,7168,149504
115,92,7168,149504
115,60,8192,149504
115,56,9216,149504
115,40,11264,149504
31,61,1024,154624
31,92,1024,154624
31,61,2048,154624
31,92,2048,154624
31,60,3072,154624
31,56,4096,154624
31,40,6144,154624
31,65,19456,154624
61,92,0,155648
61,61,1024,155648
61,92,1024,155648
61,60,2048,155648
61,56,3072,155648
61,40,5120,155648
61,65,18432,155648
92,61,1024,155648
92,92,1024,155648
92,60,2048,155648
92,56,3072,155648
92,40,5120,155648
92,65,18432,155648
61,92,0,156672
61,60,1024,156672
61,56,2048,156672
61,40,4096,156672
61,65,17408,156672
61,40,20480,156672
92,60,1024,156672
92,56,2048,156672
92,40,4096,156672
92,65,17408,156672
92,40,20480,156672
60,56,1024,157696
60,40,3072,157696
60,65,16384,157696
60,40,19456,157696
60,41,20480,157696
56,40,2048,158720
56,65,15360,158720
56,40,18432,158720
56,41,19456,158720
56,43,20480,158720
40,65,13312,160768
40,40,16384,160768
40,41,17408,160768
40,43,18432,160768
40,43,19456,160768
65,40,3072,174080
65,41,4096,174080
65,43,5120,174080
65,43,6144,174080
65,74,8192,174080
65,76,9216,174080
65,78,10240,174080
40,41,1024,177152
40,43,2048,177152
40,43,3072,177152
40,74,5120,177152
40,76,6144,177152
40,78,7168,177152
41,43,1024,178176
41,43,2048,178176
41,74,4096,178176
41,76,5120,178176
41,78,6144,178176
43,43,1024,179200
43,74,3072,179200
43,76,4096,179200
43,78,5120,179200
43,74,2048,180224
43,76,3072,180224
43,78,4096,180224
74,76,1024,182272
74,78,2048,182272
76,78,1024,183296
76,79,20480,183296
76,80,20480,183296
78,79,19456,184320
78,80,19456,184320
79,80,0,203776
79,41,3072,203776
79,62,4096,203776
79,83,4096,203776
79,312,4096,203776
79,42,5120,203776
79,46,7168,203776
79,39,9216,203776
79,40,9216,203776
79,21,11264,203776
79,52,15360,203776
79,79,17408,203776
80,41,3072,203776
80,62,4096,203776
80,83,4096,203776
80,312,4096,203776
80,42,5120,203776
80,46,7168,203776
80,39,9216,203776
80,40,9216,203776
80,21,11264,203776
80,52,15360,203776
80,79,17408,203776
41,62,1024,206848
41,83,1024,206848
41,312,1024,206848
41,42,2048,206848
41,46,4096,206848
41,39,6144,206848
41,40,6144,206848
41,21,8192,206848
41,52,12288,206848
41,79,14336,206848
62,83,0,207872
62,312,0,207872
62,42,1024,207872
62,46,3072,207872
62,39,5120,207872
62,40,5120,207872
62,21,7168,207872
62,52,11264,207872
62,79,13312,207872
83,312,0,207872
83,42,1024,207872
83,46,3072,207872
83,39,5120,207872
83,40,5120,207872
83,21,7168,207872
83,52,11264,207872
83,79,13312,207872
312,42,1024,207872
312,46,3072,207872
312,39,5120,207872
312,40,5120,207872
312,21,7168,207872
312,52,11264,207872
312,79,13312,207872
42,46,2048,208896
42,39,4096,208896
42,40,4096,208896
42,21,6144,208896
42,52,10240,208896
42,79,12288,208896
42,46,20480,208896
46,39,2048,210944
46,40,2048,210944
46,21,4096,210944
46,52,8192,210944
46,79,10240,210944
46,46,18432,210944
46,48,19456,210944
46,272,19456,210944
46,49,20480,210944
39,40,0,212992
39,21,2048,212992
39,52,6144,212992
39,79,8192,212992
39,46,16384,212992
39,48,17408,212992
39,272,17408,212992
39,49,18432,212992
39,51,19456,212992
39,51,20480,212992
40,21,2048,212992
40,52,6144,212992
40,79,8192,212992
40,46,16384,212992
40,48,17408,212992
40,272,17408,212992
40,49,18432,212992
40,51,19456,212992
40,51,20480,212992
21,52,4096,215040
21,79,6144,215040
21,46,14336,215040
21,48,15360,215040
21,272,15360,215040
21,49,16384,215040
21,51,17408,215040
21,51,18432,215040
21,49,20480,215040
52,79,2048,219136
52,46,10240,219136
52,48,11264,219136
52,272,11264,219136
52,49,12288,219136
52,51,13312,219136
52,51,14336,219136
52,49,16384,219136
52,63,17408,219136
52,62,18432,219136
52,62,19456,219136
52,46,20480,219136
79,46,8192,221184
79,48,9216,221184
79,272,9216,221184
79,49,10240,221184
79,51,11264,221184
79,51,12288,221184
79,49,14336,221184
79,63,15360,221184
79,62,16384,221184
79,62,17408,221184
79,46,18432,221184
79,19,20480,221184
46,48,1024,229376
46,272,1024,229376
46,49,2048,229376
46,51,3072,229376
46,51,4096,229376
46,49,6144,229376
46,63,7168,229376
46,62,8192,229376
46,62,9216,229376
46,46,10240,229376
46,19,12288,229376
46,18,13312,229376
46,19,14336,229376
46,18,15360,229376
48,272,0,230400
48,49,1024,230400
48,51,2048,230400
48,51,3072,230400
48,49,5120,230400
48,63,6144,230400
48,62,7168,230400
48,62,8192,230400
48,46,9216,230400
48,19,11264,230400
48,18,12288,230400
48,19,13312,230400
48,18,14336,230400
48,19,15360,230400
272,49,1024,230400
272,51,2048,230400
272,51,3072,230400
272,49,5120,230400
272,63,6144,230400
272,62,7168,230400
272,62,8192,230400
272,46,9216,230400
272,19,11264,230400
272,18,12288,230400
272,19,13312,230400
272,18,14336,230400
272,19,15360,230400
49,51,1024,231424
49,51,2048,231424
49,49,4096,231424
49,63,5120,231424
49,62,6144,231424
49,62,7168,231424
49,46,8192,231424
49,19,10240,231424
49,18,11264,231424
49,19,12288,231424
49,18,13312,231424
49,19,14336,231424
51,51,1024,232448
51,49,3072,232448
51,63,4096,232448
51,62,5120,232448
51,62,6144,232448
51,46,7168,232448
51,19,9216,232448
51,18,10240,232448
51,19,11264,232448
51,18,12288,232448
51,19,13312,232448
51,53,20480,232448
51,49,2048,233472
51,63,3072,233472
51,62,4096,233472
51,62,5120,233472
51,46,6144,233472
51,19,8192,233472
51,18,9216,233472
51,19,10240,233472
51,18,11264,233472
51,19,12288,233472
51,53,19456,233472
51,26,20480,233472
51,56,20480,233472
49,63,1024,235520
49,62,2048,235520
49,62,3072,235520
49,46,4096,235520
49,19,6144,235520
49,18,7168,235520
49,19,8192,235520
49,18,9216,235520
49,19,10240,235520
49,53,17408,235520
49,26,18432,235520
49,56,18432,235520
63,62,1024,236544
63,62,2048,236544
63,46,3072,236544
63,19,5120,236544
63,18,6144,236544
63,19,7168,236544
63,18,8192,236544
63,19,9216,236544
63,53,16384,236544
63,26,17408,236544
63,56,17408,236544
62,62,1024,237568
62,46,2048,237568
62,19,4096,237568
62,18,5120,237568
62,19,6144,237568
62,18,7168,237568
62,19,8192,237568
62,53,15360,237568
62,26,16384,237568
62,56,16384,237568
62,46,1024,238592
62,19,3072,238592
62,18,4096,238592
62,19,5120,238592
62,18,6144,238592
62,19,7168,238592
62,53,14336,238592
62,26,15360,238592
62,56,15360,238592
46,19,2048,239616
46,18,3072,239616
46,19,4096,239616
46,18,5120,239616
46,19,6144,239616
46,53,13312,239616
46,26,14336,239616
46,56,14336,239616
19,18,1024,241664
19,19,2048,241664
19,18,3072,241664
19,19,4096,241664
19,53,11264,241664
19,26,12288,241664
19,56,12288,241664
18,19,1024,242688
18,18,2048,242688
18,19,3072,242688
18,53,10240,242688
18,26,11264,242688
18,56,11264,242688
19,18,1024,243712
19,19,2048,243712
19,53,9216,243712
19,26,10240,243712
19,56,10240,243712
18,19,1024,244736
18,53,8192,244736
18,26,9216,244736
18,56,9216,244736
19,53,7168,245760
19,26,8192,245760
19,56,8192,245760
53,26,1024,252928
53,56,1024,252928
26,56,0,253952
118,122,3072,279552
118,41,6144,279552
118,41,7168,279552
118,41,8192,279552
118,42,9216,279552
118,39,10240,279552
118,38,12288,279552
118,39,20480,279552
122,41,3072,282624
122,41,4096,282624
122,41,5120,282624
122,42,6144,282624
122,39,7168,282624
122,38,9216,282624
122,39,17408,282624
122,41,18432,282624
41,41,1024,285696
41,41,2048,285696
41,42,3072,285696
41,39,4096,285696
41,38,6144,285696
41,39,14336,285696
41,41,15360,285696
41,62,19456,285696
41,41,1024,286720
41,42,2048,286720
41,39,3072,286720
41,38,5120,286720
41,39,13312,286720
41,41,14336,286720
41,62,18432,286720
41,42,1024,287744
41,39,2048,287744
41,38,4096,287744
41,39,12288,287744
41,41,13312,287744
41,62,17408,287744
41,33,20480,287744
42,39,1024,288768
42,38,3072,288768
42,39,11264,288768
42,41,12288,288768
42,62,16384,288768
42,33,19456,288768
42,31,20480,288768
39,38,2048,289792
39,39,10240,289792
39,41,11264,289792
39,62,15360,289792
39,33,18432,289792
39,31,19456,289792
38,39,8192,291840
38,41,9216,291840
38,62,13312,291840
38,33,16384,291840
38,31,17408,291840
38,267,19456,291840
39,41,1024,300032
39,62,5120,300032
39,33,8192,300032
39,31,9216,300032
39,267,11264,300032
39,267,18432,300032
39,28,19456,300032
41,62,4096,301056
41,33,7168,301056
41,31,8192,301056
41,267,10240,301056
41,267,17408,301056
41,28,18432,301056
62,33,3072,305152
62,31,4096,305152
62,267,6144,305152
62,267,13312,305152
62,28,14336,305152
33,31,1024,308224
33,267,3072,308224
33,267,10240,308224
33,28,11264,308224
31,267,2048,309248
31,267,9216,309248
31,28,10240,309248
267,267,7168,311296
267,28,8192,311296
267,28,1024,318464
