54,80,4096,2048
54,60,5120,2048
54,80,5120,2048
54,53,10240,2048
54,65,16384,2048
54,59,18432,2048
54,69,20480,2048
80,60,1024,6144
80,80,1024,6144
80,53,6144,6144
80,65,12288,6144
80,59,14336,6144
80,69,16384,6144
80,69,17408,6144
80,71,18432,6144
80,72,19456,6144
60,80,0,7168
60,53,5120,7168
60,65,11264,7168
60,59,13312,7168
60,69,15360,7168
60,69,16384,7168
60,71,17408,7168
60,72,18432,7168
80,53,5120,7168
80,65,11264,7168
80,59,13312,7168
80,69,15360,7168
80,69,16384,7168
80,71,17408,7168
80,72,18432,7168
53,65,6144,12288
53,59,8192,12288
53,69,10240,12288
53,69,11264,12288
53,71,12288,12288
53,72,13312,12288
53,66,16384,12288
53,60,20480,12288
65,59,2048,18432
65,69,4096,18432
65,69,5120,18432
65,71,6144,18432
65,72,7168,18432
65,66,10240,18432
65,60,14336,18432
65,61,18432,18432
65,55,19456,18432
65,18,20480,18432
65,54,20480,18432
59,69,2048,20480
59,69,3072,20480
59,71,4096,20480
59,72,5120,20480
59,66,8192,20480
59,60,12288,20480
59,61,16384,20480
59,55,17408,20480
59,18,18432,20480
59,54,18432,20480
69,69,1024,22528
69,71,2048,22528
69,72,3072,22528
69,66,6144,22528
69,60,10240,22528
69,61,14336,22528
69,55,15360,22528
69,18,16384,22528
69,54,16384,22528
69,18,19456,22528
69,71,1024,23552
69,72,2048,23552
69,66,5120,23552
69,60,9216,23552
69,61,13312,23552
69,55,14336,23552
69,18,15360,23552
69,54,15360,23552
69,18,18432,23552
71,72,1024,24576
71,66,4096,24576
71,60,8192,24576
71,61,12288,24576
71,55,13312,24576
71,18,14336,24576
71,54,14336,24576
71,18,17408,24576
72,66,3072,25600
72,60,7168,25600
72,61,11264,25600
72,55,12288,25600
72,18,13312,25600
72,54,13312,25600
72,18,16384,25600
72,47,20480,25600
66,60,4096,28672
66,61,8192,28672
66,55,9216,28672
66,18,10240,28672
66,54,10240,28672
66,18,13312,28672
66,47,17408,28672
66,47,18432,28672
66,49,19456,28672
66,49,20480,28672
60,61,4096,32768
60,55,5120,32768
60,18,6144,32768
60,54,6144,32768
60,18,9216,32768
60,47,13312,32768
60,47,14336,32768
60,49,15360,32768
60,49,16384,32768
60,32,17408,32768
60,49,17408,32768
60,63,19456,32768
61,55,1024,36864
61,18,2048,36864
61,54,2048,36864
61,18,5120,36864
61,47,9216,36864
61,47,10240,36864
61,49,11264,36864
61,49,12288,36864
61,32,13312,36864
61,49,13312,36864
61,63,15360,36864
61,60,20480,36864
55,18,1024,37888
55,54,1024,37888
55,18,4096,37888
55,47,8192,37888
55,47,9216,37888
55,49,10240,37888
55,49,11264,37888
55,32,12288,37888
55,49,12288,37888
55,63,14336,37888
55,60,19456,37888
55,62,20480,37888
18,54,0,38912
18,18,3072,38912
18,47,7168,38912
18,47,8192,38912
18,49,9216,38912
18,49,10240,38912
18,32,11264,38912
18,49,11264,38912
18,63,13312,38912
18,60,18432,38912
18,62,19456,38912
18,63,20480,38912
54,18,3072,38912
54,47,7168,38912
54,47,8192,38912
54,49,9216,38912
54,49,10240,38912
54,32,11264,38912
54,49,11264,38912
54,63,13312,38912
54,60,18432,38912
54,62,19456,38912
54,63,20480,38912
18,47,4096,41984
18,47,5120,41984
18,49,6144,41984
18,49,7168,41984
18,32,8192,41984
18,49,8192,41984
18,63,10240,41984
18,60,15360,41984
18,62,16384,41984
18,63,17408,41984
18,20,20480,41984
47,47,1024,46080
47,49,2048,46080
47,49,3072,46080
47,32,4096,46080
47,49,4096,46080
47,63,6144,46080
47,60,11264,46080
47,62,12288,46080
47,63,13312,46080
47,20,16384,46080
47,54,18432,46080
47,71,19456,46080
47,70,20480,46080
47,49,1024,47104
47,49,2048,47104
47,32,3072,47104
47,49,3072,47104
47,63,5120,47104
47,60,10240,47104
47,62,11264,47104
47,63,12288,47104
47,20,15360,47104
47,54,17408,47104
47,71,18432,47104
47,70,19456,47104
47,18,20480,47104
47,48,20480,47104
49,49,1024,48128
49,32,2048,48128
49,49,2048,48128
49,63,4096,48128
49,60,9216,48128
49,62,10240,48128
49,63,11264,48128
49,20,14336,48128
49,54,16384,48128
49,71,17408,48128
49,70,18432,48128
49,18,19456,48128
49,48,19456,48128
49,32,1024,49152
49,49,1024,49152
49,63,3072,49152
49,60,8192,49152
49,62,9216,49152
49,63,10240,49152
49,20,13312,49152
49,54,15360,49152
49,71,16384,49152
49,70,17408,49152
49,18,18432,49152
49,48,18432,49152
32,49,0,50176
32,63,2048,50176
32,60,7168,50176
32,62,8192,50176
32,63,9216,50176
32,20,12288,50176
32,54,14336,50176
32,71,15360,50176
32,70,16384,50176
32,18,17408,50176
32,48,17408,50176
49,63,2048,50176
49,60,7168,50176
49,62,8192,50176
49,63,9216,50176
49,20,12288,50176
49,54,14336,50176
49,71,15360,50176
49,70,16384,50176
49,18,17408,50176
49,48,17408,50176
63,60,5120,52224
63,62,6144,52224
63,63,7168,52224
63,20,10240,52224
63,54,12288,52224
63,71,13312,52224
63,70,14336,52224
63,18,15360,52224
63,48,15360,52224
60,62,1024,57344
60,63,2048,57344
60,20,5120,57344
60,54,7168,57344
60,71,8192,57344
60,70,9216,57344
60,18,10240,57344
60,48,10240,57344
60,73,18432,57344
62,63,1024,58368
62,20,4096,58368
62,54,6144,58368
62,71,7168,58368
62,70,8192,58368
62,18,9216,58368
62,48,9216,58368
62,73,17408,58368
63,20,3072,59392
63,54,5120,59392
63,71,6144,59392
63,70,7168,59392
63,18,8192,59392
63,48,8192,59392
63,73,16384,59392
20,54,2048,62464
20,71,3072,62464
20,70,4096,62464
20,18,5120,62464
20,48,5120,62464
20,73,13312,62464
54,71,1024,64512
54,70,2048,64512
54,18,3072,64512
54,48,3072,64512
54,73,11264,64512
54,61,19456,64512
54,61,20480,64512
71,70,1024,65536
71,18,2048,65536
71,48,2048,65536
71,73,10240,65536
71,61,18432,65536
71,61,19456,65536
70,18,1024,66560
70,48,1024,66560
70,73,9216,66560
70,61,17408,66560
70,61,18432,66560
18,48,0,67584
18,73,8192,67584
18,61,16384,67584
18,61,17408,67584
48,73,8192,67584
48,61,16384,67584
48,61,17408,67584
73,61,8192,75776
73,61,9216,75776
73,57,17408,75776
73,57,18432,75776
61,61,1024,83968
61,57,9216,83968
61,57,10240,83968
61,36,19456,83968
61,24,20480,83968
61,57,8192,84992
61,57,9216,84992
61,36,18432,84992
61,24,19456,84992
61,24,20480,84992
57,57,1024,93184
57,36,10240,93184
57,24,11264,93184
57,24,12288,93184
57,24,13312,93184
57,24,14336,93184
57,48,14336,93184
57,24,15360,93184
57,21,16384,93184
57,64,16384,93184
57,63,19456,93184
57,36,9216,94208
57,24,10240,94208
57,24,11264,94208
57,24,12288,94208
57,24,13312,94208
57,48,13312,94208
57,24,14336,94208
57,21,15360,94208
57,64,15360,94208
57,63,18432,94208
57,61,20480,94208
36,24,1024,103424
36,24,2048,103424
36,24,3072,103424
36,24,4096,103424
36,48,4096,103424
36,24,5120,103424
36,21,6144,103424
36,64,6144,103424
36,63,9216,103424
36,61,11264,103424
24,24,1024,104448
24,24,2048,104448
24,24,3072,104448
24,48,3072,104448
24,24,4096,104448
24,21,5120,104448
24,64,5120,104448
24,63,8192,104448
24,61,10240,104448
24,24,1024,105472
24,24,2048,105472
24,48,2048,105472
24,24,3072,105472
24,21,4096,105472
24,64,4096,105472
24,63,7168,105472
24,61,9216,105472
24,18,20480,105472
24,24,1024,106496
24,48,1024,106496
24,24,2048,106496
24,21,3072,106496
24,64,3072,106496
24,63,6144,106496
24,61,8192,106496
24,18,19456,106496
24,59,20480,106496
24,48,0,107520
24,24,1024,107520
24,21,2048,107520
24,64,2048,107520
24,63,5120,107520
24,61,7168,107520
24,18,18432,107520
24,59,19456,107520
24,58,20480,107520
48,24,1024,107520
48,21,2048,107520
48,64,2048,107520
48,63,5120,107520
48,61,7168,107520
48,18,18432,107520
48,59,19456,107520
48,58,20480,107520
24,21,1024,108544
24,64,1024,108544
24,63,4096,108544
24,61,6144,108544
24,18,17408,108544
24,59,18432,108544
24,58,19456,108544
24,60,20480,108544
21,64,0,109568
21,63,3072,109568
21,61,5120,109568
21,18,16384,109568
21,59,17408,109568
21,58,18432,109568
21,60,19456,109568
21,69,20480,109568
21,138,20480,109568
64,63,3072,109568
64,61,5120,109568
64,18,16384,109568
64,59,17408,109568
64,58,18432,109568
64,60,19456,109568
64,69,20480,109568
64,138,20480,109568
63,61,2048,112640
63,18,13312,112640
63,59,14336,112640
63,58,15360,112640
63,60,16384,112640
63,69,17408,112640
63,138,17408,112640
63,71,18432,112640
63,72,19456,112640
61,18,11264,114688
61,59,12288,114688
61,58,13312,114688
61,60,14336,114688
61,69,15360,114688
61,138,15360,114688
61,71,16384,114688
61,72,17408,114688
18,59,1024,125952
18,58,2048,125952
18,60,3072,125952
18,69,4096,125952
18,138,4096,125952
18,71,5120,125952
18,72,6144,125952
18,63,10240,125952
18,20,13312,125952
18,20,14336,125952
18,20,15360,125952
18,20,16384,125952
59,58,1024,126976
59,60,2048,126976
59,69,3072,126976
59,138,3072,126976
59,71,4096,126976
59,72,5120,126976
59,63,9216,126976
59,20,12288,126976
59,20,13312,126976
59,20,14336,126976
59,20,15360,126976
58,60,1024,128000
58,69,2048,128000
58,138,2048,128000
58,71,3072,128000
58,72,4096,128000
58,63,8192,128000
58,20,11264,128000
58,20,12288,128000
58,20,13312,128000
58,20,14336,128000
58,18,20480,128000
60,69,1024,129024
60,138,1024,129024
60,71,2048,129024
60,72,3072,129024
60,63,7168,129024
60,20,10240,129024
60,20,11264,129024
60,20,12288,129024
60,20,13312,129024
60,18,19456,129024
60,18,20480,129024
69,138,0,130048
69,71,1024,130048
69,72,2048,130048
69,63,6144,130048
69,20,9216,130048
69,20,10240,130048
69,20,11264,130048
69,20,12288,130048
69,18,18432,130048
69,18,19456,130048
138,71,1024,130048
138,72,2048,130048
138,63,6144,130048
138,20,9216,130048
138,20,10240,130048
138,20,11264,130048
138,20,12288,130048
138,18,18432,130048
138,18,19456,130048
71,72,1024,131072
71,63,5120,131072
71,20,8192,131072
71,20,9216,131072
71,20,10240,131072
71,20,11264,131072
71,18,17408,131072
71,18,18432,131072
72,63,4096,132096
72,20,7168,132096
72,20,8192,132096
72,20,9216,132096
72,20,10240,132096
72,18,16384,132096
72,18,17408,132096
63,20,3072,136192
63,20,4096,136192
63,20,5120,136192
63,20,6144,136192
63,18,12288,136192
63,18,13312,136192
63,24,17408,136192
63,24,18432,136192
63,48,18432,136192
63,48,19456,136192
20,20,1024,139264
20,20,2048,139264
20,20,3072,139264
20,18,9216,139264
20,18,10240,139264
20,24,14336,139264
20,24,15360,139264
20,48,15360,139264
20,48,16384,139264
20,20,1024,140288
20,20,2048,140288
20,18,8192,140288
20,18,9216,140288
20,24,13312,140288
20,24,14336,140288
20,48,14336,140288
20,48,15360,140288
20,20,1024,141312
20,18,7168,141312
20,18,8192,141312
20,24,12288,141312
20,24,13312,141312
20,48,13312,141312
20,48,14336,141312
20,18,6144,142336
20,18,7168,142336
20,24,11264,142336
20,24,12288,142336
20,48,12288,142336
20,48,13312,142336
18,18,1024,148480
18,24,5120,148480
18,24,6144,148480
18,48,6144,148480
18,48,7168,148480
18,38,20480,148480
18,24,4096,149504
18,24,5120,149504
18,48,5120,149504
18,48,6144,149504
18,38,19456,149504
18,32,20480,149504
24,24,1024,153600
24,48,1024,153600
24,48,2048,153600
24,38,15360,153600
24,32,16384,153600
24,24,17408,153600
24,36,19456,153600
24,48,0,154624
24,48,1024,154624
24,38,14336,154624
24,32,15360,154624
24,24,16384,154624
24,36,18432,154624
48,48,1024,154624
48,38,14336,154624
48,32,15360,154624
48,24,16384,154624
48,36,18432,154624
48,38,13312,155648
48,32,14336,155648
48,24,15360,155648
48,36,17408,155648
38,32,1024,168960
38,24,2048,168960
38,36,4096,168960
38,22,11264,168960
38,21,12288,168960
38,65,14336,168960
38,20,17408,168960
32,24,1024,169984
32,36,3072,169984
32,22,10240,169984
32,21,11264,169984
32,65,13312,169984
32,20,16384,169984
32,21,20480,169984
24,36,2048,171008
24,22,9216,171008
24,21,10240,171008
24,65,12288,171008
24,20,15360,171008
24,21,19456,171008
36,22,7168,173056
36,21,8192,173056
36,65,10240,173056
36,20,13312,173056
36,21,17408,173056
36,47,20480,173056
22,21,1024,180224
22,65,3072,180224
22,20,6144,180224
22,21,10240,180224
22,47,13312,180224
22,146,14336,180224
22,21,16384,180224
22,21,17408,180224
22,21,19456,180224
22,21,20480,180224
21,65,2048,181248
21,20,5120,181248
21,21,9216,181248
21,47,12288,181248
21,146,13312,181248
21,21,15360,181248
21,21,16384,181248
21,21,18432,181248
21,21,19456,181248
21,22,20480,181248
21,64,20480,181248
65,20,3072,183296
65,21,7168,183296
65,47,10240,183296
65,146,11264,183296
65,21,13312,183296
65,21,14336,183296
65,21,16384,183296
65,21,17408,183296
65,22,18432,183296
65,64,18432,183296
65,64,19456,183296
20,21,4096,186368
20,47,7168,186368
20,146,8192,186368
20,21,10240,186368
20,21,11264,186368
20,21,13312,186368
20,21,14336,186368
20,22,15360,186368
20,64,15360,186368
20,64,16384,186368
20,63,20480,186368
21,47,3072,190464
21,146,4096,190464
21,21,6144,190464
21,21,7168,190464
21,21,9216,190464
21,21,10240,190464
21,22,11264,190464
21,64,11264,190464
21,64,12288,190464
21,63,16384,190464
21,64,17408,190464
21,22,18432,190464
21,64,18432,190464
21,22,19456,190464
47,146,1024,193536
47,21,3072,193536
47,21,4096,193536
47,21,6144,193536
47,21,7168,193536
47,22,8192,193536
47,64,8192,193536
47,64,9216,193536
47,63,13312,193536
47,64,14336,193536
47,22,15360,193536
47,64,15360,193536
47,22,16384,193536
47,64,16384,193536
146,21,2048,194560
146,21,3072,194560
146,21,5120,194560
146,21,6144,194560
146,22,7168,194560
146,64,7168,194560
146,64,8192,194560
146,63,12288,194560
146,64,13312,194560
146,22,14336,194560
146,64,14336,194560
146,22,15360,194560
146,64,15360,194560
146,128,15360,194560
21,21,1024,196608
21,21,3072,196608
21,21,4096,196608
21,22,5120,196608
21,64,5120,196608
21,64,6144,196608
21,63,10240,196608
21,64,11264,196608
21,22,12288,196608
21,64,12288,196608
21,22,13312,196608
21,64,13312,196608
21,128,13312,196608
21,65,14336,196608
21,21,2048,197632
21,21,3072,197632
21,22,4096,197632
21,64,4096,197632
21,64,5120,197632
21,63,9216,197632
21,64,10240,197632
21,22,11264,197632
21,64,11264,197632
21,22,12288,197632
21,64,12288,197632
21,128,12288,197632
21,65,13312,197632
21,63,14336,197632
21,21,1024,199680
21,22,2048,199680
21,64,2048,199680
21,64,3072,199680
21,63,7168,199680
21,64,8192,199680
21,22,9216,199680
21,64,9216,199680
21,22,10240,199680
21,64,10240,199680
21,128,10240,199680
21,65,11264,199680
21,63,12288,199680
21,66,13312,199680
21,22,1024,200704
21,64,1024,200704
21,64,2048,200704
21,63,6144,200704
21,64,7168,200704
21,22,8192,200704
21,64,8192,200704
21,22,9216,200704
21,64,9216,200704
21,128,9216,200704
21,65,10240,200704
21,63,11264,200704
21,66,12288,200704
21,63,13312,200704
22,64,0,201728
22,64,1024,201728
22,63,5120,201728
22,64,6144,201728
22,22,7168,201728
22,64,7168,201728
22,22,8192,201728
22,64,8192,201728
22,128,8192,201728
22,65,9216,201728
22,63,10240,201728
22,66,11264,201728
22,63,12288,201728
22,64,13312,201728
64,64,1024,201728
64,63,5120,201728
64,64,6144,201728
64,22,7168,201728
64,64,7168,201728
64,22,8192,201728
64,64,8192,201728
64,128,8192,201728
64,65,9216,201728
64,63,10240,201728
64,66,11264,201728
64,63,12288,201728
64,64,13312,201728
64,21,14336,201728
64,63,4096,202752
64,64,5120,202752
64,22,6144,202752
64,64,6144,202752
64,22,7168,202752
64,64,7168,202752
64,128,7168,202752
64,65,8192,202752
64,63,9216,202752
64,66,10240,202752
64,63,11264,202752
64,64,12288,202752
64,21,13312,202752
64,22,14336,202752
63,64,1024,206848
63,22,2048,206848
63,64,2048,206848
63,22,3072,206848
63,64,3072,206848
63,128,3072,206848
63,65,4096,206848
63,63,5120,206848
63,66,6144,206848
63,63,7168,206848
63,64,8192,206848
63,21,9216,206848
63,22,10240,206848
63,49,12288,206848
64,22,1024,207872
64,64,1024,207872
64,22,2048,207872
64,64,2048,207872
64,128,2048,207872
64,65,3072,207872
64,63,4096,207872
64,66,5120,207872
64,63,6144,207872
64,64,7168,207872
64,21,8192,207872
64,22,9216,207872
64,49,11264,207872
64,41,14336,207872
22,64,0,208896
22,22,1024,208896
22,64,1024,208896
22,128,1024,208896
22,65,2048,208896
22,63,3072,208896
22,66,4096,208896
22,63,5120,208896
22,64,6144,208896
22,21,7168,208896
22,22,8192,208896
22,49,10240,208896
22,41,13312,208896
22,22,14336,208896
64,22,1024,208896
64,64,1024,208896
64,128,1024,208896
64,65,2048,208896
64,63,3072,208896
64,66,4096,208896
64,63,5120,208896
64,64,6144,208896
64,21,7168,208896
64,22,8192,208896
64,49,10240,208896
64,41,13312,208896
64,22,14336,208896
64,32,18432,208896
22,64,0,209920
22,128,0,209920
22,65,1024,209920
22,63,2048,209920
22,66,3072,209920
22,63,4096,209920
22,64,5120,209920
22,21,6144,209920
22,22,7168,209920
22,49,9216,209920
22,41,12288,209920
22,22,13312,209920
22,32,17408,209920
22,21,18432,209920
64,128,0,209920
64,65,1024,209920
64,63,2048,209920
64,66,3072,209920
64,63,4096,209920
64,64,5120,209920
64,21,6144,209920
64,22,7168,209920
64,49,9216,209920
64,41,12288,209920
64,22,13312,209920
64,32,17408,209920
64,21,18432,209920
64,27,20480,209920
128,65,1024,209920
128,63,2048,209920
128,66,3072,209920
128,63,4096,209920
128,64,5120,209920
128,21,6144,209920
128,22,7168,209920
128,49,9216,209920
128,41,12288,209920
128,22,13312,209920
128,32,17408,209920
128,21,18432,209920
128,27,20480,209920
65,63,1024,210944
65,66,2048,210944
65,63,3072,210944
65,64,4096,210944
65,21,5120,210944
65,22,6144,210944
65,49,8192,210944
65,41,11264,210944
65,22,12288,210944
65,32,16384,210944
65,21,17408,210944
65,27,19456,210944
63,66,1024,211968
63,63,2048,211968
63,64,3072,211968
63,21,4096,211968
63,22,5120,211968
63,49,7168,211968
63,41,10240,211968
63,22,11264,211968
63,32,15360,211968
63,21,16384,211968
63,27,18432,211968
66,63,1024,212992
66,64,2048,212992
66,21,3072,212992
66,22,4096,212992
66,49,6144,212992
66,41,9216,212992
66,22,10240,212992
66,32,14336,212992
66,21,15360,212992
66,27,17408,212992
63,64,1024,214016
63,21,2048,214016
63,22,3072,214016
63,49,5120,214016
63,41,8192,214016
63,22,9216,214016
63,32,13312,214016
63,21,14336,214016
63,27,16384,214016
64,21,1024,215040
64,22,2048,215040
64,49,4096,215040
64,41,7168,215040
64,22,8192,215040
64,32,12288,215040
64,21,13312,215040
64,27,15360,215040
21,22,1024,216064
21,49,3072,216064
21,41,6144,216064
21,22,7168,216064
21,32,11264,216064
21,21,12288,216064
21,27,14336,216064
21,33,20480,216064
21,56,20480,216064
22,49,2048,217088
22,41,5120,217088
22,22,6144,217088
22,32,10240,217088
22,21,11264,217088
22,27,13312,217088
22,33,19456,217088
22,56,19456,217088
22,33,20480,217088
49,41,3072,219136
49,22,4096,219136
49,32,8192,219136
49,21,9216,219136
49,27,11264,219136
49,33,17408,219136
49,56,17408,219136
49,33,18432,219136
49,32,20480,219136
41,22,1024,222208
41,32,5120,222208
41,21,6144,222208
41,27,8192,222208
41,33,14336,222208
41,56,14336,222208
41,33,15360,222208
41,32,17408,222208
41,24,18432,222208
41,33,20480,222208
22,32,4096,223232
22,21,5120,223232
22,27,7168,223232
22,33,13312,223232
22,56,13312,223232
22,33,14336,223232
22,32,16384,223232
22,24,17408,223232
22,33,19456,223232
22,32,20480,223232
32,21,1024,227328
32,27,3072,227328
32,33,9216,227328
32,56,9216,227328
32,33,10240,227328
32,32,12288,227328
32,24,13312,227328
32,33,15360,227328
32,32,16384,227328
32,32,18432,227328
32,31,19456,227328
32,30,20480,227328
21,27,2048,228352
21,33,8192,228352
21,56,8192,228352
21,33,9216,228352
21,32,11264,228352
21,24,12288,228352
21,33,14336,228352
21,32,15360,228352
21,32,17408,228352
21,31,18432,228352
21,30,19456,228352
21,31,20480,228352
27,33,6144,230400
27,56,6144,230400
27,33,7168,230400
27,32,9216,230400
27,24,10240,230400
27,33,12288,230400
27,32,13312,230400
27,32,15360,230400
27,31,16384,230400
27,30,17408,230400
27,31,18432,230400
27,30,19456,230400
27,31,20480,230400
33,56,0,236544
33,33,1024,236544
33,32,3072,236544
33,24,4096,236544
33,33,6144,236544
33,32,7168,236544
33,32,9216,236544
33,31,10240,236544
33,30,11264,236544
33,31,12288,236544
33,30,13312,236544
33,31,14336,236544
33,18,16384,236544
33,18,17408,236544
56,33,1024,236544
56,32,3072,236544
56,24,4096,236544
56,33,6144,236544
56,32,7168,236544
56,32,9216,236544
56,31,10240,236544
56,30,11264,236544
56,31,12288,236544
56,30,13312,236544
56,31,14336,236544
56,18,16384,236544
56,18,17408,236544
56,18,18432,236544
33,32,2048,237568
33,24,3072,237568
33,33,5120,237568
33,32,6144,237568
33,32,8192,237568
33,31,9216,237568
33,30,10240,237568
33,31,11264,237568
33,30,12288,237568
33,31,13312,237568
33,18,15360,237568
33,18,16384,237568
33,18,17408,237568
33,18,18432,237568
32,24,1024,239616
32,33,3072,239616
32,32,4096,239616
32,32,6144,239616
32,31,7168,239616
32,30,8192,239616
32,31,9216,239616
32,30,10240,239616
32,31,11264,239616
32,18,13312,239616
32,18,14336,239616
32,18,15360,239616
32,18,16384,239616
32,32,20480,239616
24,33,2048,240640
24,32,3072,240640
24,32,5120,240640
24,31,6144,240640
24,30,7168,240640
24,31,8192,240640
24,30,9216,240640
24,31,10240,240640
24,18,12288,240640
24,18,13312,240640
24,18,14336,240640
24,18,15360,240640
24,32,19456,240640
33,32,1024,242688
33,32,3072,242688
33,31,4096,242688
33,30,5120,242688
33,31,6144,242688
33,30,7168,242688
33,31,8192,242688
33,18,10240,242688
33,18,11264,242688
33,18,12288,242688
33,18,13312,242688
33,32,17408,242688
33,24,19456,242688
33,20,20480,242688
32,32,2048,243712
32,31,3072,243712
32,30,4096,243712
32,31,5120,243712
32,30,6144,243712
32,31,7168,243712
32,18,9216,243712
32,18,10240,243712
32,18,11264,243712
32,18,12288,243712
32,32,16384,243712
32,24,18432,243712
32,20,19456,243712
32,20,20480,243712
32,31,1024,245760
32,30,2048,245760
32,31,3072,245760
32,30,4096,245760
32,31,5120,245760
32,18,7168,245760
32,18,8192,245760
32,18,9216,245760
32,18,10240,245760
32,32,14336,245760
32,24,16384,245760
32,20,17408,245760
32,20,18432,245760
31,30,1024,246784
31,31,2048,246784
31,30,3072,246784
31,31,4096,246784
31,18,6144,246784
31,18,7168,246784
31,18,8192,246784
31,18,9216,246784
31,32,13312,246784
31,24,15360,246784
31,20,16384,246784
31,20,17408,246784
30,31,1024,247808
30,30,2048,247808
30,31,3072,247808
30,18,5120,247808
30,18,6144,247808
30,18,7168,247808
30,18,8192,247808
30,32,12288,247808
30,24,14336,247808
30,20,15360,247808
30,20,16384,247808
30,32,20480,247808
31,30,1024,248832
31,31,2048,248832
31,18,4096,248832
31,18,5120,248832
31,18,6144,248832
31,18,7168,248832
31,32,11264,248832
31,24,13312,248832
31,20,14336,248832
31,20,15360,248832
31,32,19456,248832
31,21,20480,248832
30,31,1024,249856
30,18,3072,249856
30,18,4096,249856
30,18,5120,249856
30,18,6144,249856
30,32,10240,249856
30,24,12288,249856
30,20,13312,249856
30,20,14336,249856
30,32,18432,249856
30,21,19456,249856
31,18,2048,250880
31,18,3072,250880
31,18,4096,250880
31,18,5120,250880
31,32,9216,250880
31,24,11264,250880
31,20,12288,250880
31,20,13312,250880
31,32,17408,250880
31,21,18432,250880
18,18,1024,252928
18,18,2048,252928
18,18,3072,252928
18,32,7168,252928
18,24,9216,252928
18,20,10240,252928
18,20,11264,252928
18,32,15360,252928
18,21,16384,252928
18,18,1024,253952
18,18,2048,253952
18,32,6144,253952
18,24,8192,253952
18,20,9216,253952
18,20,10240,253952
18,32,14336,253952
18,21,15360,253952
18,18,1024,254976
18,32,5120,254976
18,24,7168,254976
18,20,8192,254976
18,20,9216,254976
18,32,13312,254976
18,21,14336,254976
18,32,4096,256000
18,24,6144,256000
18,20,7168,256000
18,20,8192,256000
18,32,12288,256000
18,21,13312,256000
32,24,2048,260096
32,20,3072,260096
32,20,4096,260096
32,32,8192,260096
32,21,9216,260096
32,27,20480,260096
24,20,1024,262144
24,20,2048,262144
24,32,6144,262144
24,21,7168,262144
24,27,18432,262144
24,28,19456,262144
20,20,1024,263168
20,32,5120,263168
20,21,6144,263168
20,27,17408,263168
20,28,18432,263168
20,32,4096,264192
20,21,5120,264192
20,27,16384,264192
20,28,17408,264192
32,21,1024,268288
32,27,12288,268288
32,28,13312,268288
32,79,18432,268288
32,80,18432,268288
32,21,19456,268288
32,64,19456,268288
32,86,19456,268288
32,21,20480,268288
32,64,20480,268288
21,27,11264,269312
21,28,12288,269312
21,79,17408,269312
21,80,17408,269312
21,21,18432,269312
21,64,18432,269312
21,86,18432,269312
21,21,19456,269312
21,64,19456,269312
21,65,20480,269312
27,28,1024,280576
27,79,6144,280576
27,80,6144,280576
27,21,7168,280576
27,64,7168,280576
27,86,7168,280576
27,21,8192,280576
27,64,8192,280576
27,65,9216,280576
27,20,12288,280576
27,22,15360,280576
27,21,16384,280576
28,79,5120,281600
28,80,5120,281600
28,21,6144,281600
28,64,6144,281600
28,86,6144,281600
28,21,7168,281600
28,64,7168,281600
28,65,8192,281600
28,20,11264,281600
28,22,14336,281600
28,21,15360,281600
79,80,0,286720
79,21,1024,286720
79,64,1024,286720
79,86,1024,286720
79,21,2048,286720
79,64,2048,286720
79,65,3072,286720
79,20,6144,286720
79,22,9216,286720
79,21,10240,286720
79,21,16384,286720
79,41,19456,286720
80,21,1024,286720
80,64,1024,286720
80,86,1024,286720
80,21,2048,286720
80,64,2048,286720
80,65,3072,286720
80,20,6144,286720
80,22,9216,286720
80,21,10240,286720
80,21,16384,286720
80,41,19456,286720
21,64,0,287744
21,86,0,287744
21,21,1024,287744
21,64,1024,287744
21,65,2048,287744
21,20,5120,287744
21,22,8192,287744
21,21,9216,287744
21,21,15360,287744
21,41,18432,287744
21,65,20480,287744
64,86,0,287744
64,21,1024,287744
64,64,1024,287744
64,65,2048,287744
64,20,5120,287744
64,22,8192,287744
64,21,9216,287744
64,21,15360,287744
64,41,18432,287744
64,65,20480,287744
86,21,1024,287744
86,64,1024,287744
86,65,2048,287744
86,20,5120,287744
86,22,8192,287744
86,21,9216,287744
86,21,15360,287744
86,41,18432,287744
86,65,20480,287744
21,64,0,288768
21,65,1024,288768
21,20,4096,288768
21,22,7168,288768
21,21,8192,288768
21,21,14336,288768
21,41,17408,288768
21,65,19456,288768
21,64,20480,288768
21,85,20480,288768
64,65,1024,288768
64,20,4096,288768
64,22,7168,288768
64,21,8192,288768
64,21,14336,288768
64,41,17408,288768
64,65,19456,288768
64,64,20480,288768
64,85,20480,288768
65,20,3072,289792
65,22,6144,289792
65,21,7168,289792
65,21,13312,289792
65,41,16384,289792
65,65,18432,289792
65,64,19456,289792
65,85,19456,289792
65,63,20480,289792
20,22,3072,292864
20,21,4096,292864
20,21,10240,292864
20,41,13312,292864
20,65,15360,292864
20,64,16384,292864
20,85,16384,292864
20,63,17408,292864
20,22,19456,292864
20,66,19456,292864
20,21,20480,292864
20,65,20480,292864
22,21,1024,295936
22,21,7168,295936
22,41,10240,295936
22,65,12288,295936
22,64,13312,295936
22,85,13312,295936
22,63,14336,295936
22,22,16384,295936
22,66,16384,295936
22,21,17408,295936
22,65,17408,295936
22,65,18432,295936
22,65,19456,295936
22,21,20480,295936
21,21,6144,296960
21,41,9216,296960
21,65,11264,296960
21,64,12288,296960
21,85,12288,296960
21,63,13312,296960
21,22,15360,296960
21,66,15360,296960
21,21,16384,296960
21,65,16384,296960
21,65,17408,296960
21,65,18432,296960
21,21,19456,296960
21,65,19456,296960
21,41,3072,303104
21,65,5120,303104
21,64,6144,303104
21,85,6144,303104
21,63,7168,303104
21,22,9216,303104
21,66,9216,303104
21,21,10240,303104
21,65,10240,303104
21,65,11264,303104
21,65,12288,303104
21,21,13312,303104
21,65,13312,303104
21,65,14336,303104
41,65,2048,306176
41,64,3072,306176
41,85,3072,306176
41,63,4096,306176
41,22,6144,306176
41,66,6144,306176
41,21,7168,306176
41,65,7168,306176
41,65,8192,306176
41,65,9216,306176
41,21,10240,306176
41,65,10240,306176
41,65,11264,306176
41,66,12288,306176
65,64,1024,308224
65,85,1024,308224
65,63,2048,308224
65,22,4096,308224
65,66,4096,308224
65,21,5120,308224
65,65,5120,308224
65,65,6144,308224
65,65,7168,308224
65,21,8192,308224
65,65,8192,308224
65,65,9216,308224
65,66,10240,308224
65,63,11264,308224
64,85,0,309248
64,63,1024,309248
64,22,3072,309248
64,66,3072,309248
64,21,4096,309248
64,65,4096,309248
64,65,5120,309248
64,65,6144,309248
64,21,7168,309248
64,65,7168,309248
64,65,8192,309248
64,66,9216,309248
64,63,10240,309248
64,64,12288,309248
85,63,1024,309248
85,22,3072,309248
85,66,3072,309248
85,21,4096,309248
85,65,4096,309248
85,65,5120,309248
85,65,6144,309248
85,21,7168,309248
85,65,7168,309248
85,65,8192,309248
85,66,9216,309248
85,63,10240,309248
85,64,12288,309248
85,21,14336,309248
63,22,2048,310272
63,66,2048,310272
63,21,3072,310272
63,65,3072,310272
63,65,4096,310272
63,65,5120,310272
63,21,6144,310272
63,65,6144,310272
63,65,7168,310272
63,66,8192,310272
63,63,9216,310272
63,64,11264,310272
63,21,13312,310272
63,48,15360,310272
22,66,0,312320
22,21,1024,312320
22,65,1024,312320
22,65,2048,312320
22,65,3072,312320
22,21,4096,312320
22,65,4096,312320
22,65,5120,312320
22,66,6144,312320
22,63,7168,312320
22,64,9216,312320
22,21,11264,312320
22,48,13312,312320
66,21,1024,312320
66,65,1024,312320
66,65,2048,312320
66,65,3072,312320
66,21,4096,312320
66,65,4096,312320
66,65,5120,312320
66,66,6144,312320
66,63,7168,312320
66,64,9216,312320
66,21,11264,312320
66,48,13312,312320
21,65,0,313344
21,65,1024,313344
21,65,2048,313344
21,21,3072,313344
21,65,3072,313344
21,65,4096,313344
21,66,5120,313344
21,63,6144,313344
21,64,8192,313344
21,21,10240,313344
21,48,12288,313344
65,65,1024,313344
65,65,2048,313344
65,21,3072,313344
65,65,3072,313344
65,65,4096,313344
65,66,5120,313344
65,63,6144,313344
65,64,8192,313344
65,21,10240,313344
65,48,12288,313344
65,65,1024,314368
65,21,2048,314368
65,65,2048,314368
65,65,3072,314368
65,66,4096,314368
65,63,5120,314368
65,64,7168,314368
65,21,9216,314368
65,48,11264,314368
65,21,1024,315392
65,65,1024,315392
65,65,2048,315392
65,66,3072,315392
65,63,4096,315392
65,64,6144,315392
65,21,8192,315392
65,48,10240,315392
21,65,0,316416
21,65,1024,316416
21,66,2048,316416
21,63,3072,316416
21,64,5120,316416
21,21,7168,316416
21,48,9216,316416
65,65,1024,316416
65,66,2048,316416
65,63,3072,316416
65,64,5120,316416
65,21,7168,316416
65,48,9216,316416
65,66,1024,317440
65,63,2048,317440
65,64,4096,317440
65,21,6144,317440
65,48,8192,317440
66,63,1024,318464
66,64,3072,318464
66,21,5120,318464
66,48,7168,318464
63,64,2048,319488
63,21,4096,319488
63,48,6144,319488
64,21,2048,321536
64,48,4096,321536
21,48,2048,323584
