29,38,4096,0
29,19,6144,0
29,75,8192,0
29,116,9216,0
29,43,10240,0
29,91,11264,0
29,91,12288,0
29,90,13312,0
29,86,14336,0
29,87,15360,0
29,104,18432,0
29,46,20480,0
38,19,2048,4096
38,75,4096,4096
38,116,5120,4096
38,43,6144,4096
38,91,7168,4096
38,91,8192,4096
38,90,9216,4096
38,86,10240,4096
38,87,11264,4096
38,104,14336,4096
38,46,16384,4096
19,75,2048,6144
19,116,3072,6144
19,43,4096,6144
19,91,5120,6144
19,91,6144,6144
19,90,7168,6144
19,86,8192,6144
19,87,9216,6144
19,104,12288,6144
19,46,14336,6144
75,116,1024,8192
75,43,2048,8192
75,91,3072,8192
75,91,4096,8192
75,90,5120,8192
75,86,6144,8192
75,87,7168,8192
75,104,10240,8192
75,46,12288,8192
75,110,19456,8192
116,43,1024,9216
116,91,2048,9216
116,91,3072,9216
116,90,4096,9216
116,86,5120,9216
116,87,6144,9216
116,104,9216,9216
116,46,11264,9216
116,110,18432,9216
43,91,1024,10240
43,91,2048,10240
43,90,3072,10240
43,86,4096,10240
43,87,5120,10240
43,104,8192,10240
43,46,10240,10240
43,110,17408,10240
43,103,20480,10240
91,91,1024,11264
91,90,2048,11264
91,86,3072,11264
91,87,4096,11264
91,104,7168,11264
91,46,9216,11264
91,110,16384,11264
91,103,19456,11264
91,106,20480,11264
91,90,1024,12288
91,86,2048,12288
91,87,3072,12288
91,104,6144,12288
91,46,8192,12288
91,110,15360,12288
91,103,18432,12288
91,106,19456,12288
91,106,20480,12288
90,86,1024,13312
90,87,2048,13312
90,104,5120,13312
90,46,7168,13312
90,110,14336,13312
90,103,17408,13312
90,106,18432,13312
90,106,19456,13312
90,103,20480,13312
86,87,1024,14336
86,104,4096,14336
86,46,6144,14336
86,110,13312,14336
86,103,16384,14336
86,106,17408,14336
86,106,18432,14336
86,103,19456,14336
86,103,20480,14336
87,104,3072,15360
87,46,5120,15360
87,110,12288,15360
87,103,15360,15360
87,106,16384,15360
87,106,17408,15360
87,103,18432,15360
87,103,19456,15360
87,72,20480,15360
104,46,2048,18432
104,110,9216,18432
104,103,12288,18432
104,106,13312,18432
104,106,14336,18432
104,103,15360,18432
104,103,16384,18432
104,72,17408,18432
104,102,19456,18432
104,116,20480,18432
46,110,7168,20480
46,103,10240,20480
46,106,11264,20480
46,106,12288,20480
46,103,13312,20480
46,103,14336,20480
46,72,15360,20480
46,102,17408,20480
46,116,18432,20480
46,118,20480,20480
110,103,3072,27648
110,106,4096,27648
110,106,5120,27648
110,103,6144,27648
110,103,7168,27648
110,72,8192,27648
110,102,10240,27648
110,116,11264,27648
110,118,13312,27648
110,119,14336,27648
110,118,15360,27648
110,114,16384,27648
110,116,17408,27648
110,116,18432,27648
103,106,1024,30720
103,106,2048,30720
103,103,3072,30720
103,103,4096,30720
103,72,5120,30720
103,102,7168,30720
103,116,8192,30720
103,118,10240,30720
103,119,11264,30720
103,118,12288,30720
103,114,13312,30720
103,116,14336,30720
103,116,15360,30720
103,114,16384,30720
106,106,1024,31744
106,103,2048,31744
106,103,3072,31744
106,72,4096,31744
106,102,6144,31744
106,116,7168,31744
106,118,9216,31744
106,119,10240,31744
106,118,11264,31744
106,114,12288,31744
106,116,13312,31744
106,116,14336,31744
106,114,15360,31744
106,102,16384,31744
106,103,1024,32768
106,103,2048,32768
106,72,3072,32768
106,102,5120,32768
106,116,6144,32768
106,118,8192,32768
106,119,9216,32768
106,118,10240,32768
106,114,11264,32768
106,116,12288,32768
106,116,13312,32768
106,114,14336,32768
106,102,15360,32768
106,115,16384,32768
103,103,1024,33792
103,72,2048,33792
103,102,4096,33792
103,116,5120,33792
103,118,7168,33792
103,119,8192,33792
103,118,9216,33792
103,114,10240,33792
103,116,11264,33792
103,116,12288,33792
103,114,13312,33792
103,102,14336,33792
103,115,15360,33792
103,117,16384,33792
103,72,1024,34816
103,102,3072,34816
103,116,4096,34816
103,118,6144,34816
103,119,7168,34816
103,118,8192,34816
103,114,9216,34816
103,116,10240,34816
103,116,11264,34816
103,114,12288,34816
103,102,13312,34816
103,115,14336,34816
103,117,15360,34816
103,35,17408,34816
72,102,2048,35840
72,116,3072,35840
72,118,5120,35840
72,119,6144,35840
72,118,7168,35840
72,114,8192,35840
72,116,9216,35840
72,116,10240,35840
72,114,11264,35840
72,102,12288,35840
72,115,13312,35840
72,117,14336,35840
72,35,16384,35840
72,46,17408,35840
102,116,1024,37888
102,118,3072,37888
102,119,4096,37888
102,118,5120,37888
102,114,6144,37888
102,116,7168,37888
102,116,8192,37888
102,114,9216,37888
102,102,10240,37888
102,115,11264,37888
102,117,12288,37888
102,35,14336,37888
102,46,15360,37888
102,35,19456,37888
116,118,2048,38912
116,119,3072,38912
116,118,4096,38912
116,114,5120,38912
116,116,6144,38912
116,116,7168,38912
116,114,8192,38912
116,102,9216,38912
116,115,10240,38912
116,117,11264,38912
116,35,13312,38912
116,46,14336,38912
116,35,18432,38912
118,119,1024,40960
118,118,2048,40960
118,114,3072,40960
118,116,4096,40960
118,116,5120,40960
118,114,6144,40960
118,102,7168,40960
118,115,8192,40960
118,117,9216,40960
118,35,11264,40960
118,46,12288,40960
118,35,16384,40960
118,44,19456,40960
119,118,1024,41984
119,114,2048,41984
119,116,3072,41984
119,116,4096,41984
119,114,5120,41984
119,102,6144,41984
119,115,7168,41984
119,117,8192,41984
119,35,10240,41984
119,46,11264,41984
119,35,15360,41984
119,44,18432,41984
119,39,20480,41984
118,114,1024,43008
118,116,2048,43008
118,116,3072,43008
118,114,4096,43008
118,102,5120,43008
118,115,6144,43008
118,117,7168,43008
118,35,9216,43008
118,46,10240,43008
118,35,14336,43008
118,44,17408,43008
118,39,19456,43008
118,29,20480,43008
114,116,1024,44032
114,116,2048,44032
114,114,3072,44032
114,102,4096,44032
114,115,5120,44032
114,117,6144,44032
114,35,8192,44032
114,46,9216,44032
114,35,13312,44032
114,44,16384,44032
114,39,18432,44032
114,29,19456,44032
116,116,1024,45056
116,114,2048,45056
116,102,3072,45056
116,115,4096,45056
116,117,5120,45056
116,35,7168,45056
116,46,8192,45056
116,35,12288,45056
116,44,15360,45056
116,39,17408,45056
116,29,18432,45056
116,114,1024,46080
116,102,2048,46080
116,115,3072,46080
116,117,4096,46080
116,35,6144,46080
116,46,7168,46080
116,35,11264,46080
116,44,14336,46080
116,39,16384,46080
116,29,17408,46080
116,118,20480,46080
114,102,1024,47104
114,115,2048,47104
114,117,3072,47104
114,35,5120,47104
114,46,6144,47104
114,35,10240,47104
114,44,13312,47104
114,39,15360,47104
114,29,16384,47104
114,118,19456,47104
114,59,20480,47104
102,115,1024,48128
102,117,2048,48128
102,35,4096,48128
102,46,5120,48128
102,35,9216,48128
102,44,12288,48128
102,39,14336,48128
102,29,15360,48128
102,118,18432,48128
102,59,19456,48128
102,123,20480,48128
115,117,1024,49152
115,35,3072,49152
115,46,4096,49152
115,35,8192,49152
115,44,11264,49152
115,39,13312,49152
115,29,14336,49152
115,118,17408,49152
115,59,18432,49152
115,123,19456,49152
117,35,2048,50176
117,46,3072,50176
117,35,7168,50176
117,44,10240,50176
117,39,12288,50176
117,29,13312,50176
117,118,16384,50176
117,59,17408,50176
117,123,18432,50176
117,29,20480,50176
35,46,1024,52224
35,35,5120,52224
35,44,8192,52224
35,39,10240,52224
35,29,11264,52224
35,118,14336,52224
35,59,15360,52224
35,123,16384,52224
35,29,18432,52224
35,29,19456,52224
35,122,20480,52224
46,35,4096,53248
46,44,7168,53248
46,39,9216,53248
46,29,10240,53248
46,118,13312,53248
46,59,14336,53248
46,123,15360,53248
46,29,17408,53248
46,29,18432,53248
46,122,19456,53248
46,57,20480,53248
35,44,3072,57344
35,39,5120,57344
35,29,6144,57344
35,118,9216,57344
35,59,10240,57344
35,123,11264,57344
35,29,13312,57344
35,29,14336,57344
35,122,15360,57344
35,57,16384,57344
44,39,2048,60416
44,29,3072,60416
44,118,6144,60416
44,59,7168,60416
44,123,8192,60416
44,29,10240,60416
44,29,11264,60416
44,122,12288,60416
44,57,13312,60416
44,43,18432,60416
44,29,19456,60416
39,29,1024,62464
39,118,4096,62464
39,59,5120,62464
39,123,6144,62464
39,29,8192,62464
39,29,9216,62464
39,122,10240,62464
39,57,11264,62464
39,43,16384,62464
39,29,17408,62464
29,118,3072,63488
29,59,4096,63488
29,123,5120,63488
29,29,7168,63488
29,29,8192,63488
29,122,9216,63488
29,57,10240,63488
29,43,15360,63488
29,29,16384,63488
29,79,20480,63488
118,59,1024,66560
118,123,2048,66560
118,29,4096,66560
118,29,5120,66560
118,122,6144,66560
118,57,7168,66560
118,43,12288,66560
118,29,13312,66560
118,79,17408,66560
118,58,19456,66560
118,58,20480,66560
59,123,1024,67584
59,29,3072,67584
59,29,4096,67584
59,122,5120,67584
59,57,6144,67584
59,43,11264,67584
59,29,12288,67584
59,79,16384,67584
59,58,18432,67584
59,58,19456,67584
59,43,20480,67584
123,29,2048,68608
123,29,3072,68608
123,122,4096,68608
123,57,5120,68608
123,43,10240,68608
123,29,11264,68608
123,79,15360,68608
123,58,17408,68608
123,58,18432,68608
123,43,19456,68608
29,29,1024,70656
29,122,2048,70656
29,57,3072,70656
29,43,8192,70656
29,29,9216,70656
29,79,13312,70656
29,58,15360,70656
29,58,16384,70656
29,43,17408,70656
29,82,19456,70656
29,61,20480,70656
29,122,1024,71680
29,57,2048,71680
29,43,7168,71680
29,29,8192,71680
29,79,12288,71680
29,58,14336,71680
29,58,15360,71680
29,43,16384,71680
29,82,18432,71680
29,61,19456,71680
29,59,20480,71680
122,57,1024,72704
122,43,6144,72704
122,29,7168,72704
122,79,11264,72704
122,58,13312,72704
122,58,14336,72704
122,43,15360,72704
122,82,17408,72704
122,61,18432,72704
122,59,19456,72704
57,43,5120,73728
57,29,6144,73728
57,79,10240,73728
57,58,12288,73728
57,58,13312,73728
57,43,14336,73728
57,82,16384,73728
57,61,17408,73728
57,59,18432,73728
43,29,1024,78848
43,79,5120,78848
43,58,7168,78848
43,58,8192,78848
43,43,9216,78848
43,82,11264,78848
43,61,12288,78848
43,59,13312,78848
43,19,16384,78848
29,79,4096,79872
29,58,6144,79872
29,58,7168,79872
29,43,8192,79872
29,82,10240,79872
29,61,11264,79872
29,59,12288,79872
29,19,15360,79872
29,39,20480,79872
79,58,2048,83968
79,58,3072,83968
79,43,4096,83968
79,82,6144,83968
79,61,7168,83968
79,59,8192,83968
79,19,11264,83968
79,39,16384,83968
79,39,18432,83968
79,29,20480,83968
58,58,1024,86016
58,43,2048,86016
58,82,4096,86016
58,61,5120,86016
58,59,6144,86016
58,19,9216,86016
58,39,14336,86016
58,39,16384,86016
58,29,18432,86016
58,43,1024,87040
58,82,3072,87040
58,61,4096,87040
58,59,5120,87040
58,19,8192,87040
58,39,13312,87040
58,39,15360,87040
58,29,17408,87040
43,82,2048,88064
43,61,3072,88064
43,59,4096,88064
43,19,7168,88064
43,39,12288,88064
43,39,14336,88064
43,29,16384,88064
82,61,1024,90112
82,59,2048,90112
82,19,5120,90112
82,39,10240,90112
82,39,12288,90112
82,29,14336,90112
61,59,1024,91136
61,19,4096,91136
61,39,9216,91136
61,39,11264,91136
61,29,13312,91136
61,26,20480,91136
59,19,3072,92160
59,39,8192,92160
59,39,10240,92160
59,29,12288,92160
59,26,19456,92160
19,39,5120,95232
19,39,7168,95232
19,29,9216,95232
19,26,16384,95232
19,29,18432,95232
19,44,19456,95232
39,39,2048,100352
39,29,4096,100352
39,26,11264,100352
39,29,13312,100352
39,44,14336,100352
39,35,16384,100352
39,66,19456,100352
39,66,20480,100352
39,29,2048,102400
39,26,9216,102400
39,29,11264,102400
39,44,12288,102400
39,35,14336,102400
39,66,17408,102400
39,66,18432,102400
39,71,19456,102400
39,69,20480,102400
29,26,7168,104448
29,29,9216,104448
29,44,10240,104448
29,35,12288,104448
29,66,15360,104448
29,66,16384,104448
29,71,17408,104448
29,69,18432,104448
29,64,19456,104448
29,64,20480,104448
26,29,2048,111616
26,44,3072,111616
26,35,5120,111616
26,66,8192,111616
26,66,9216,111616
26,71,10240,111616
26,69,11264,111616
26,64,12288,111616
26,64,13312,111616
26,67,14336,111616
26,29,16384,111616
26,56,17408,111616
29,44,1024,113664
29,35,3072,113664
29,66,6144,113664
29,66,7168,113664
29,71,8192,113664
29,69,9216,113664
29,64,10240,113664
29,64,11264,113664
29,67,12288,113664
29,29,14336,113664
29,56,15360,113664
29,19,19456,113664
44,35,2048,114688
44,66,5120,114688
44,66,6144,114688
44,71,7168,114688
44,69,8192,114688
44,64,9216,114688
44,64,10240,114688
44,67,11264,114688
44,29,13312,114688
44,56,14336,114688
44,19,18432,114688
35,66,3072,116736
35,66,4096,116736
35,71,5120,116736
35,69,6144,116736
35,64,7168,116736
35,64,8192,116736
35,67,9216,116736
35,29,11264,116736
35,56,12288,116736
35,19,16384,116736
35,38,19456,116736
66,66,1024,119808
66,71,2048,119808
66,69,3072,119808
66,64,4096,119808
66,64,5120,119808
66,67,6144,119808
66,29,8192,119808
66,56,9216,119808
66,19,13312,119808
66,38,16384,119808
66,38,18432,119808
66,38,19456,119808
66,71,1024,120832
66,69,2048,120832
66,64,3072,120832
66,64,4096,120832
66,67,5120,120832
66,29,7168,120832
66,56,8192,120832
66,19,12288,120832
66,38,15360,120832
66,38,17408,120832
66,38,18432,120832
71,69,1024,121856
71,64,2048,121856
71,64,3072,121856
71,67,4096,121856
71,29,6144,121856
71,56,7168,121856
71,19,11264,121856
71,38,14336,121856
71,38,16384,121856
71,38,17408,121856
69,64,1024,122880
69,64,2048,122880
69,67,3072,122880
69,29,5120,122880
69,56,6144,122880
69,19,10240,122880
69,38,13312,122880
69,38,15360,122880
69,38,16384,122880
69,38,20480,122880
64,64,1024,123904
64,67,2048,123904
64,29,4096,123904
64,56,5120,123904
64,19,9216,123904
64,38,12288,123904
64,38,14336,123904
64,38,15360,123904
64,38,19456,123904
64,67,1024,124928
64,29,3072,124928
64,56,4096,124928
64,19,8192,124928
64,38,11264,124928
64,38,13312,124928
64,38,14336,124928
64,38,18432,124928
67,29,2048,125952
67,56,3072,125952
67,19,7168,125952
67,38,10240,125952
67,38,12288,125952
67,38,13312,125952
67,38,17408,125952
67,116,20480,125952
29,56,1024,128000
29,19,5120,128000
29,38,8192,128000
29,38,10240,128000
29,38,11264,128000
29,38,15360,128000
29,116,18432,128000
29,38,19456,128000
56,19,4096,129024
56,38,7168,129024
56,38,9216,129024
56,38,10240,129024
56,38,14336,129024
56,116,17408,129024
56,38,18432,129024
56,96,20480,129024
19,38,3072,133120
19,38,5120,133120
19,38,6144,133120
19,38,10240,133120
19,116,13312,133120
19,38,14336,133120
19,96,16384,133120
19,52,20480,133120
38,38,2048,136192
38,38,3072,136192
38,38,7168,136192
38,116,10240,136192
38,38,11264,136192
38,96,13312,136192
38,52,17408,136192
38,38,1024,138240
38,38,5120,138240
38,116,8192,138240
38,38,9216,138240
38,96,11264,138240
38,52,15360,138240
38,19,20480,138240
38,38,4096,139264
38,116,7168,139264
38,38,8192,139264
38,96,10240,139264
38,52,14336,139264
38,19,19456,139264
38,35,20480,139264
38,116,3072,143360
38,38,4096,143360
38,96,6144,143360
38,52,10240,143360
38,19,15360,143360
38,35,16384,143360
116,38,1024,146432
116,96,3072,146432
116,52,7168,146432
116,19,12288,146432
116,35,13312,146432
38,96,2048,147456
38,52,6144,147456
38,19,11264,147456
38,35,12288,147456
96,52,4096,149504
96,19,9216,149504
96,35,10240,149504
52,19,5120,153600
52,35,6144,153600
19,35,1024,158720
