51,52,1024,0
51,155,1024,0
51,52,2048,0
51,155,2048,0
51,52,3072,0
51,51,4096,0
51,48,12288,0
51,45,13312,0
51,41,14336,0
51,41,15360,0
51,41,16384,0
51,20,19456,0
52,155,0,1024
52,52,1024,1024
52,155,1024,1024
52,52,2048,1024
52,51,3072,1024
52,48,11264,1024
52,45,12288,1024
52,41,13312,1024
52,41,14336,1024
52,41,15360,1024
52,20,18432,1024
155,52,1024,1024
155,155,1024,1024
155,52,2048,1024
155,51,3072,1024
155,48,11264,1024
155,45,12288,1024
155,41,13312,1024
155,41,14336,1024
155,41,15360,1024
155,20,18432,1024
52,155,0,2048
52,52,1024,2048
52,51,2048,2048
52,48,10240,2048
52,45,11264,2048
52,41,12288,2048
52,41,13312,2048
52,41,14336,2048
52,20,17408,2048
155,52,1024,2048
155,51,2048,2048
155,48,10240,2048
155,45,11264,2048
155,41,12288,2048
155,41,13312,2048
155,41,14336,2048
155,20,17408,2048
52,51,1024,3072
52,48,9216,3072
52,45,10240,3072
52,41,11264,3072
52,41,12288,3072
52,41,13312,3072
52,20,16384,3072
51,48,8192,4096
51,45,9216,4096
51,41,10240,4096
51,41,11264,4096
51,41,12288,4096
51,20,15360,4096
48,45,1024,12288
48,41,2048,12288
48,41,3072,12288
48,41,4096,12288
48,20,7168,12288
45,41,1024,13312
45,41,2048,13312
45,41,3072,13312
45,20,6144,13312
41,41,1024,14336
41,41,2048,14336
41,20,5120,14336
41,41,1024,15360
41,20,4096,15360
41,20,3072,16384
34,51,0,46080
34,35,1024,46080
34,21,2048,46080
34,64,9216,46080
34,57,10240,46080
34,58,11264,46080
34,58,13312,46080
34,57,14336,46080
34,51,15360,46080
34,69,16384,46080
34,67,20480,46080
34,152,20480,46080
51,35,1024,46080
51,21,2048,46080
51,64,9216,46080
51,57,10240,46080
51,58,11264,46080
51,58,13312,46080
51,57,14336,46080
51,51,15360,46080
51,69,16384,46080
51,67,20480,46080
51,152,20480,46080
35,21,1024,47104
35,64,8192,47104
35,57,9216,47104
35,58,10240,47104
35,58,12288,47104
35,57,13312,47104
35,51,14336,47104
35,69,15360,47104
35,67,19456,47104
35,152,19456,47104
21,64,7168,48128
21,57,8192,48128
21,58,9216,48128
21,58,11264,48128
21,57,12288,48128
21,51,13312,48128
21,69,14336,48128
21,67,18432,48128
21,152,18432,48128
21,61,20480,48128
64,57,1024,55296
64,58,2048,55296
64,58,4096,55296
64,57,5120,55296
64,51,6144,55296
64,69,7168,55296
64,67,11264,55296
64,152,11264,55296
64,61,13312,55296
64,31,15360,55296
64,31,17408,55296
64,31,18432,55296
64,31,19456,55296
57,58,1024,56320
57,58,3072,56320
57,57,4096,56320
57,51,5120,56320
57,69,6144,56320
57,67,10240,56320
57,152,10240,56320
57,61,12288,56320
57,31,14336,56320
57,31,16384,56320
57,31,17408,56320
57,31,18432,56320
58,58,2048,57344
58,57,3072,57344
58,51,4096,57344
58,69,5120,57344
58,67,9216,57344
58,152,9216,57344
58,61,11264,57344
58,31,13312,57344
58,31,15360,57344
58,31,16384,57344
58,31,17408,57344
58,57,1024,59392
58,51,2048,59392
58,69,3072,59392
58,67,7168,59392
58,152,7168,59392
58,61,9216,59392
58,31,11264,59392
58,31,13312,59392
58,31,14336,59392
58,31,15360,59392
57,51,1024,60416
57,69,2048,60416
57,67,6144,60416
57,152,6144,60416
57,61,8192,60416
57,31,10240,60416
57,31,12288,60416
57,31,13312,60416
57,31,14336,60416
51,69,1024,61440
51,67,5120,61440
51,152,5120,61440
51,61,7168,61440
51,31,9216,61440
51,31,11264,61440
51,31,12288,61440
51,31,13312,61440
69,67,4096,62464
69,152,4096,62464
69,61,6144,62464
69,31,8192,62464
69,31,10240,62464
69,31,11264,62464
69,31,12288,62464
67,152,0,66560
67,61,2048,66560
67,31,4096,66560
67,31,6144,66560
67,31,7168,66560
67,31,8192,66560
152,61,2048,66560
152,31,4096,66560
152,31,6144,66560
152,31,7168,66560
152,31,8192,66560
61,31,2048,68608
61,31,4096,68608
61,31,5120,68608
61,31,6144,68608
31,31,2048,70656
31,31,3072,70656
31,31,4096,70656
31,31,1024,72704
31,31,2048,72704
31,31,1024,73728
31,31,1024,146432
31,53,2048,146432
31,177,2048,146432
31,61,4096,146432
31,163,5120,146432
31,143,6144,146432
31,61,7168,146432
31,143,7168,146432
31,61,10240,146432
31,61,11264,146432
31,82,11264,146432
31,62,12288,146432
31,61,13312,146432
31,102,13312,146432
31,53,1024,147456
31,177,1024,147456
31,61,3072,147456
31,163,4096,147456
31,143,5120,147456
31,61,6144,147456
31,143,6144,147456
31,61,9216,147456
31,61,10240,147456
31,82,10240,147456
31,62,11264,147456
31,61,12288,147456
31,102,12288,147456
31,57,14336,147456
53,177,0,148480
53,61,2048,148480
53,163,3072,148480
53,143,4096,148480
53,61,5120,148480
53,143,5120,148480
53,61,8192,148480
53,61,9216,148480
53,82,9216,148480
53,62,10240,148480
53,61,11264,148480
53,102,11264,148480
53,57,13312,148480
53,134,13312,148480
177,61,2048,148480
177,163,3072,148480
177,143,4096,148480
177,61,5120,148480
177,143,5120,148480
177,61,8192,148480
177,61,9216,148480
177,82,9216,148480
177,62,10240,148480
177,61,11264,148480
177,102,11264,148480
177,57,13312,148480
177,134,13312,148480
177,58,14336,148480
61,163,1024,150528
61,143,2048,150528
61,61,3072,150528
61,143,3072,150528
61,61,6144,150528
61,61,7168,150528
61,82,7168,150528
61,62,8192,150528
61,61,9216,150528
61,102,9216,150528
61,57,11264,150528
61,134,11264,150528
61,58,12288,150528
61,57,13312,150528
163,143,1024,151552
163,61,2048,151552
163,143,2048,151552
163,61,5120,151552
163,61,6144,151552
163,82,6144,151552
163,62,7168,151552
163,61,8192,151552
163,102,8192,151552
163,57,10240,151552
163,134,10240,151552
163,58,11264,151552
163,57,12288,151552
163,52,15360,151552
143,61,1024,152576
143,143,1024,152576
143,61,4096,152576
143,61,5120,152576
143,82,5120,152576
143,62,6144,152576
143,61,7168,152576
143,102,7168,152576
143,57,9216,152576
143,134,9216,152576
143,58,10240,152576
143,57,11264,152576
143,52,14336,152576
143,172,14336,152576
61,143,0,153600
61,61,3072,153600
61,61,4096,153600
61,82,4096,153600
61,62,5120,153600
61,61,6144,153600
61,102,6144,153600
61,57,8192,153600
61,134,8192,153600
61,58,9216,153600
61,57,10240,153600
61,52,13312,153600
61,172,13312,153600
61,61,15360,153600
143,61,3072,153600
143,61,4096,153600
143,82,4096,153600
143,62,5120,153600
143,61,6144,153600
143,102,6144,153600
143,57,8192,153600
143,134,8192,153600
143,58,9216,153600
143,57,10240,153600
143,52,13312,153600
143,172,13312,153600
143,61,15360,153600
143,61,16384,153600
61,61,1024,156672
61,82,1024,156672
61,62,2048,156672
61,61,3072,156672
61,102,3072,156672
61,57,5120,156672
61,134,5120,156672
61,58,6144,156672
61,57,7168,156672
61,52,10240,156672
61,172,10240,156672
61,61,12288,156672
61,61,13312,156672
61,61,18432,156672
61,82,0,157696
61,62,1024,157696
61,61,2048,157696
61,102,2048,157696
61,57,4096,157696
61,134,4096,157696
61,58,5120,157696
61,57,6144,157696
61,52,9216,157696
61,172,9216,157696
61,61,11264,157696
61,61,12288,157696
61,61,17408,157696
61,62,18432,157696
82,62,1024,157696
82,61,2048,157696
82,102,2048,157696
82,57,4096,157696
82,134,4096,157696
82,58,5120,157696
82,57,6144,157696
82,52,9216,157696
82,172,9216,157696
82,61,11264,157696
82,61,12288,157696
82,61,17408,157696
82,62,18432,157696
82,61,19456,157696
62,61,1024,158720
62,102,1024,158720
62,57,3072,158720
62,134,3072,158720
62,58,4096,158720
62,57,5120,158720
62,52,8192,158720
62,172,8192,158720
62,61,10240,158720
62,61,11264,158720
62,61,16384,158720
62,62,17408,158720
62,61,18432,158720
62,61,19456,158720
61,102,0,159744
61,57,2048,159744
61,134,2048,159744
61,58,3072,159744
61,57,4096,159744
61,52,7168,159744
61,172,7168,159744
61,61,9216,159744
61,61,10240,159744
61,61,15360,159744
61,62,16384,159744
61,61,17408,159744
61,61,18432,159744
61,61,19456,159744
102,57,2048,159744
102,134,2048,159744
102,58,3072,159744
102,57,4096,159744
102,52,7168,159744
102,172,7168,159744
102,61,9216,159744
102,61,10240,159744
102,61,15360,159744
102,62,16384,159744
102,61,17408,159744
102,61,18432,159744
102,61,19456,159744
57,134,0,161792
57,58,1024,161792
57,57,2048,161792
57,52,5120,161792
57,172,5120,161792
57,61,7168,161792
57,61,8192,161792
57,61,13312,161792
57,62,14336,161792
57,61,15360,161792
57,61,16384,161792
57,61,17408,161792
134,58,1024,161792
134,57,2048,161792
134,52,5120,161792
134,172,5120,161792
134,61,7168,161792
134,61,8192,161792
134,61,13312,161792
134,62,14336,161792
134,61,15360,161792
134,61,16384,161792
134,61,17408,161792
58,57,1024,162816
58,52,4096,162816
58,172,4096,162816
58,61,6144,162816
58,61,7168,162816
58,61,12288,162816
58,62,13312,162816
58,61,14336,162816
58,61,15360,162816
58,61,16384,162816
57,52,3072,163840
57,172,3072,163840
57,61,5120,163840
57,61,6144,163840
57,61,11264,163840
57,62,12288,163840
57,61,13312,163840
57,61,14336,163840
57,61,15360,163840
57,61,20480,163840
52,172,0,166912
52,61,2048,166912
52,61,3072,166912
52,61,8192,166912
52,62,9216,166912
52,61,10240,166912
52,61,11264,166912
52,61,12288,166912
52,61,17408,166912
172,61,2048,166912
172,61,3072,166912
172,61,8192,166912
172,62,9216,166912
172,61,10240,166912
172,61,11264,166912
172,61,12288,166912
172,61,17408,166912
61,61,1024,168960
61,61,6144,168960
61,62,7168,168960
61,61,8192,168960
61,61,9216,168960
61,61,10240,168960
61,61,15360,168960
61,61,5120,169984
61,62,6144,169984
61,61,7168,169984
61,61,8192,169984
61,61,9216,169984
61,61,14336,169984
61,62,1024,175104
61,61,2048,175104
61,61,3072,175104
61,61,4096,175104
61,61,9216,175104
62,61,1024,176128
62,61,2048,176128
62,61,3072,176128
62,61,8192,176128
61,61,1024,177152
61,61,2048,177152
61,61,7168,177152
61,61,1024,178176
61,61,6144,178176
61,61,5120,179200
61,49,20480,184320
49,69,2048,204800
49,122,2048,204800
49,61,4096,204800
49,122,4096,204800
49,123,6144,204800
49,61,7168,204800
49,81,7168,204800
49,113,8192,204800
49,58,11264,204800
49,58,12288,204800
49,34,16384,204800
49,39,17408,204800
69,122,0,206848
69,61,2048,206848
69,122,2048,206848
69,123,4096,206848
69,61,5120,206848
69,81,5120,206848
69,113,6144,206848
69,58,9216,206848
69,58,10240,206848
69,34,14336,206848
69,39,15360,206848
69,34,19456,206848
69,34,20480,206848
122,61,2048,206848
122,122,2048,206848
122,123,4096,206848
122,61,5120,206848
122,81,5120,206848
122,113,6144,206848
122,58,9216,206848
122,58,10240,206848
122,34,14336,206848
122,39,15360,206848
122,34,19456,206848
122,34,20480,206848
61,122,0,208896
61,123,2048,208896
61,61,3072,208896
61,81,3072,208896
61,113,4096,208896
61,58,7168,208896
61,58,8192,208896
61,34,12288,208896
61,39,13312,208896
61,34,17408,208896
61,34,18432,208896
61,37,20480,208896
122,123,2048,208896
122,61,3072,208896
122,81,3072,208896
122,113,4096,208896
122,58,7168,208896
122,58,8192,208896
122,34,12288,208896
122,39,13312,208896
122,34,17408,208896
122,34,18432,208896
122,37,20480,208896
123,61,1024,210944
123,81,1024,210944
123,113,2048,210944
123,58,5120,210944
123,58,6144,210944
123,34,10240,210944
123,39,11264,210944
123,34,15360,210944
123,34,16384,210944
123,37,18432,210944
123,35,19456,210944
123,30,20480,210944
61,81,0,211968
61,113,1024,211968
61,58,4096,211968
61,58,5120,211968
61,34,9216,211968
61,39,10240,211968
61,34,14336,211968
61,34,15360,211968
61,37,17408,211968
61,35,18432,211968
61,30,19456,211968
61,31,20480,211968
81,113,1024,211968
81,58,4096,211968
81,58,5120,211968
81,34,9216,211968
81,39,10240,211968
81,34,14336,211968
81,34,15360,211968
81,37,17408,211968
81,35,18432,211968
81,30,19456,211968
81,31,20480,211968
113,58,3072,212992
113,58,4096,212992
113,34,8192,212992
113,39,9216,212992
113,34,13312,212992
113,34,14336,212992
113,37,16384,212992
113,35,17408,212992
113,30,18432,212992
113,31,19456,212992
58,58,1024,216064
58,34,5120,216064
58,39,6144,216064
58,34,10240,216064
58,34,11264,216064
58,37,13312,216064
58,35,14336,216064
58,30,15360,216064
58,31,16384,216064
58,34,4096,217088
58,39,5120,217088
58,34,9216,217088
58,34,10240,217088
58,37,12288,217088
58,35,13312,217088
58,30,14336,217088
58,31,15360,217088
34,39,1024,221184
34,34,5120,221184
34,34,6144,221184
34,37,8192,221184
34,35,9216,221184
34,30,10240,221184
34,31,11264,221184
39,34,4096,222208
39,34,5120,222208
39,37,7168,222208
39,35,8192,222208
39,30,9216,222208
39,31,10240,222208
34,34,1024,226304
34,37,3072,226304
34,35,4096,226304
34,30,5120,226304
34,31,6144,226304
34,37,2048,227328
34,35,3072,227328
34,30,4096,227328
34,31,5120,227328
37,35,1024,229376
37,30,2048,229376
37,31,3072,229376
35,30,1024,230400
35,31,2048,230400
30,31,1024,231424
65,56,3072,256000
21,30,2048,283648
21,31,3072,283648
21,61,6144,283648
21,41,11264,283648
21,41,12288,283648
21,41,13312,283648
21,41,14336,283648
21,46,17408,283648
21,69,18432,283648
21,92,18432,283648
21,69,19456,283648
21,92,19456,283648
21,161,19456,283648
21,69,20480,283648
30,31,1024,285696
30,61,4096,285696
30,41,9216,285696
30,41,10240,285696
30,41,11264,285696
30,41,12288,285696
30,46,15360,285696
30,69,16384,285696
30,92,16384,285696
30,69,17408,285696
30,92,17408,285696
30,161,17408,285696
30,69,18432,285696
30,92,18432,285696
31,61,3072,286720
31,41,8192,286720
31,41,9216,286720
31,41,10240,286720
31,41,11264,286720
31,46,14336,286720
31,69,15360,286720
31,92,15360,286720
31,69,16384,286720
31,92,16384,286720
31,161,16384,286720
31,69,17408,286720
31,92,17408,286720
31,92,18432,286720
61,41,5120,289792
61,41,6144,289792
61,41,7168,289792
61,41,8192,289792
61,46,11264,289792
61,69,12288,289792
61,92,12288,289792
61,69,13312,289792
61,92,13312,289792
61,161,13312,289792
61,69,14336,289792
61,92,14336,289792
61,92,15360,289792
61,45,17408,289792
41,41,1024,294912
41,41,2048,294912
41,41,3072,294912
41,46,6144,294912
41,69,7168,294912
41,92,7168,294912
41,69,8192,294912
41,92,8192,294912
41,161,8192,294912
41,69,9216,294912
41,92,9216,294912
41,92,10240,294912
41,45,12288,294912
41,26,15360,294912
41,41,1024,295936
41,41,2048,295936
41,46,5120,295936
41,69,6144,295936
41,92,6144,295936
41,69,7168,295936
41,92,7168,295936
41,161,7168,295936
41,69,8192,295936
41,92,8192,295936
41,92,9216,295936
41,45,11264,295936
41,26,14336,295936
41,20,17408,295936
41,41,1024,296960
41,46,4096,296960
41,69,5120,296960
41,92,5120,296960
41,69,6144,296960
41,92,6144,296960
41,161,6144,296960
41,69,7168,296960
41,92,7168,296960
41,92,8192,296960
41,45,10240,296960
41,26,13312,296960
41,20,16384,296960
41,20,17408,296960
41,46,3072,297984
41,69,4096,297984
41,92,4096,297984
41,69,5120,297984
41,92,5120,297984
41,161,5120,297984
41,69,6144,297984
41,92,6144,297984
41,92,7168,297984
41,45,9216,297984
41,26,12288,297984
41,20,15360,297984
41,20,16384,297984
41,41,17408,297984
46,69,1024,301056
46,92,1024,301056
46,69,2048,301056
46,92,2048,301056
46,161,2048,301056
46,69,3072,301056
46,92,3072,301056
46,92,4096,301056
46,45,6144,301056
46,26,9216,301056
46,20,12288,301056
46,20,13312,301056
46,41,14336,301056
46,41,15360,301056
69,92,0,302080
69,69,1024,302080
69,92,1024,302080
69,161,1024,302080
69,69,2048,302080
69,92,2048,302080
69,92,3072,302080
69,45,5120,302080
69,26,8192,302080
69,20,11264,302080
69,20,12288,302080
69,41,13312,302080
69,41,14336,302080
69,41,15360,302080
92,69,1024,302080
92,92,1024,302080
92,161,1024,302080
92,69,2048,302080
92,92,2048,302080
92,92,3072,302080
92,45,5120,302080
92,26,8192,302080
92,20,11264,302080
92,20,12288,302080
92,41,13312,302080
92,41,14336,302080
92,41,15360,302080
92,41,16384,302080
69,92,0,303104
69,161,0,303104
69,69,1024,303104
69,92,1024,303104
69,92,2048,303104
69,45,4096,303104
69,26,7168,303104
69,20,10240,303104
69,20,11264,303104
69,41,12288,303104
69,41,13312,303104
69,41,14336,303104
69,41,15360,303104
69,41,16384,303104
92,161,0,303104
92,69,1024,303104
92,92,1024,303104
92,92,2048,303104
92,45,4096,303104
92,26,7168,303104
92,20,10240,303104
92,20,11264,303104
92,41,12288,303104
92,41,13312,303104
92,41,14336,303104
92,41,15360,303104
92,41,16384,303104
92,79,17408,303104
161,69,1024,303104
161,92,1024,303104
161,92,2048,303104
161,45,4096,303104
161,26,7168,303104
161,20,10240,303104
161,20,11264,303104
161,41,12288,303104
161,41,13312,303104
161,41,14336,303104
161,41,15360,303104
161,41,16384,303104
161,79,17408,303104
161,80,17408,303104
69,92,0,304128
69,92,1024,304128
69,45,3072,304128
69,26,6144,304128
69,20,9216,304128
69,20,10240,304128
69,41,11264,304128
69,41,12288,304128
69,41,13312,304128
69,41,14336,304128
69,41,15360,304128
69,79,16384,304128
69,80,16384,304128
69,92,17408,304128
92,92,1024,304128
92,45,3072,304128
92,26,6144,304128
92,20,9216,304128
92,20,10240,304128
92,41,11264,304128
92,41,12288,304128
92,41,13312,304128
92,41,14336,304128
92,41,15360,304128
92,79,16384,304128
92,80,16384,304128
92,92,17408,304128
92,91,18432,304128
92,45,2048,305152
92,26,5120,305152
92,20,8192,305152
92,20,9216,305152
92,41,10240,305152
92,41,11264,305152
92,41,12288,305152
92,41,13312,305152
92,41,14336,305152
92,79,15360,305152
92,80,15360,305152
92,92,16384,305152
92,91,17408,305152
92,20,20480,305152
45,26,3072,307200
45,20,6144,307200
45,20,7168,307200
45,41,8192,307200
45,41,9216,307200
45,41,10240,307200
45,41,11264,307200
45,41,12288,307200
45,79,13312,307200
45,80,13312,307200
45,92,14336,307200
45,91,15360,307200
45,20,18432,307200
45,20,19456,307200
26,20,3072,310272
26,20,4096,310272
26,41,5120,310272
26,41,6144,310272
26,41,7168,310272
26,41,8192,310272
26,41,9216,310272
26,79,10240,310272
26,80,10240,310272
26,92,11264,310272
26,91,12288,310272
26,20,15360,310272
26,20,16384,310272
26,20,17408,310272
20,20,1024,313344
20,41,2048,313344
20,41,3072,313344
20,41,4096,313344
20,41,5120,313344
20,41,6144,313344
20,79,7168,313344
20,80,7168,313344
20,92,8192,313344
20,91,9216,313344
20,20,12288,313344
20,20,13312,313344
20,20,14336,313344
20,21,15360,313344
20,41,1024,314368
20,41,2048,314368
20,41,3072,314368
20,41,4096,314368
20,41,5120,314368
20,79,6144,314368
20,80,6144,314368
20,92,7168,314368
20,91,8192,314368
20,20,11264,314368
20,20,12288,314368
20,20,13312,314368
20,21,14336,314368
20,41,14336,314368
41,41,1024,315392
41,41,2048,315392
41,41,3072,315392
41,41,4096,315392
41,79,5120,315392
41,80,5120,315392
41,92,6144,315392
41,91,7168,315392
41,20,10240,315392
41,20,11264,315392
41,20,12288,315392
41,21,13312,315392
41,41,13312,315392
41,20,14336,315392
41,41,1024,316416
41,41,2048,316416
41,41,3072,316416
41,79,4096,316416
41,80,4096,316416
41,92,5120,316416
41,91,6144,316416
41,20,9216,316416
41,20,10240,316416
41,20,11264,316416
41,21,12288,316416
41,41,12288,316416
41,20,13312,316416
41,41,1024,317440
41,41,2048,317440
41,79,3072,317440
41,80,3072,317440
41,92,4096,317440
41,91,5120,317440
41,20,8192,317440
41,20,9216,317440
41,20,10240,317440
41,21,11264,317440
41,41,11264,317440
41,20,12288,317440
41,41,1024,318464
41,79,2048,318464
41,80,2048,318464
41,92,3072,318464
41,91,4096,318464
41,20,7168,318464
41,20,8192,318464
41,20,9216,318464
41,21,10240,318464
41,41,10240,318464
41,20,11264,318464
41,79,1024,319488
41,80,1024,319488
41,92,2048,319488
41,91,3072,319488
41,20,6144,319488
41,20,7168,319488
41,20,8192,319488
41,21,9216,319488
41,41,9216,319488
41,20,10240,319488
79,80,0,320512
79,92,1024,320512
79,91,2048,320512
79,20,5120,320512
79,20,6144,320512
79,20,7168,320512
79,21,8192,320512
79,41,8192,320512
79,20,9216,320512
80,92,1024,320512
80,91,2048,320512
80,20,5120,320512
80,20,6144,320512
80,20,7168,320512
80,21,8192,320512
80,41,8192,320512
80,20,9216,320512
92,91,1024,321536
92,20,4096,321536
92,20,5120,321536
92,20,6144,321536
92,21,7168,321536
92,41,7168,321536
92,20,8192,321536
91,20,3072,322560
91,20,4096,322560
91,20,5120,322560
91,21,6144,322560
91,41,6144,322560
91,20,7168,322560
20,20,1024,325632
20,20,2048,325632
20,21,3072,325632
20,41,3072,325632
20,20,4096,325632
20,20,1024,326656
20,21,2048,326656
20,41,2048,326656
20,20,3072,326656
20,21,1024,327680
20,41,1024,327680
20,20,2048,327680
21,41,0,328704
21,20,1024,328704
41,20,1024,328704
