28,28,1024,28672
28,18,10240,28672
28,19,13312,28672
28,19,15360,28672
28,18,9216,29696
28,19,12288,29696
28,19,14336,29696
18,19,3072,38912
18,19,5120,38912
18,21,17408,38912
18,21,18432,38912
18,23,19456,38912
18,23,20480,38912
19,19,2048,41984
19,21,14336,41984
19,21,15360,41984
19,23,16384,41984
19,23,17408,41984
19,21,18432,41984
19,21,19456,41984
19,21,20480,41984
19,21,12288,44032
19,21,13312,44032
19,23,14336,44032
19,23,15360,44032
19,21,16384,44032
19,21,17408,44032
19,21,18432,44032
19,21,19456,44032
19,21,20480,44032
21,21,1024,56320
21,23,2048,56320
21,23,3072,56320
21,21,4096,56320
21,21,5120,56320
21,21,6144,56320
21,21,7168,56320
21,21,8192,56320
21,21,9216,56320
21,21,10240,56320
21,21,11264,56320
21,21,12288,56320
21,21,13312,56320
21,21,15360,56320
21,23,1024,57344
21,23,2048,57344
21,21,3072,57344
21,21,4096,57344
21,21,5120,57344
21,21,6144,57344
21,21,7168,57344
21,21,8192,57344
21,21,9216,57344
21,21,10240,57344
21,21,11264,57344
21,21,12288,57344
21,21,14336,57344
23,23,1024,58368
23,21,2048,58368
23,21,3072,58368
23,21,4096,58368
23,21,5120,58368
23,21,6144,58368
23,21,7168,58368
23,21,8192,58368
23,21,9216,58368
23,21,10240,58368
23,21,11264,58368
23,21,13312,58368
23,21,1024,59392
23,21,2048,59392
23,21,3072,59392
23,21,4096,59392
23,21,5120,59392
23,21,6144,59392
23,21,7168,59392
23,21,8192,59392
23,21,9216,59392
23,21,10240,59392
23,21,12288,59392
23,34,20480,59392
21,21,1024,60416
21,21,2048,60416
21,21,3072,60416
21,21,4096,60416
21,21,5120,60416
21,21,6144,60416
21,21,7168,60416
21,21,8192,60416
21,21,9216,60416
21,21,11264,60416
21,34,19456,60416
21,35,20480,60416
21,21,1024,61440
21,21,2048,61440
21,21,3072,61440
21,21,4096,61440
21,21,5120,61440
21,21,6144,61440
21,21,7168,61440
21,21,8192,61440
21,21,10240,61440
21,34,18432,61440
21,35,19456,61440
21,34,20480,61440
21,21,1024,62464
21,21,2048,62464
21,21,3072,62464
21,21,4096,62464
21,21,5120,62464
21,21,6144,62464
21,21,7168,62464
21,21,9216,62464
21,34,17408,62464
21,35,18432,62464
21,34,19456,62464
21,21,1024,63488
21,21,2048,63488
21,21,3072,63488
21,21,4096,63488
21,21,5120,63488
21,21,6144,63488
21,21,8192,63488
21,34,16384,63488
21,35,17408,63488
21,34,18432,63488
21,21,1024,64512
21,21,2048,64512
21,21,3072,64512
21,21,4096,64512
21,21,5120,64512
21,21,7168,64512
21,34,15360,64512
21,35,16384,64512
21,34,17408,64512
21,69,20480,64512
21,206,20480,64512
21,21,1024,65536
21,21,2048,65536
21,21,3072,65536
21,21,4096,65536
21,21,6144,65536
21,34,14336,65536
21,35,15360,65536
21,34,16384,65536
21,69,19456,65536
21,206,19456,65536
21,70,20480,65536
21,209,20480,65536
21,21,1024,66560
21,21,2048,66560
21,21,3072,66560
21,21,5120,66560
21,34,13312,66560
21,35,14336,66560
21,34,15360,66560
21,69,18432,66560
21,206,18432,66560
21,70,19456,66560
21,209,19456,66560
21,69,20480,66560
21,208,20480,66560
21,21,1024,67584
21,21,2048,67584
21,21,4096,67584
21,34,12288,67584
21,35,13312,67584
21,34,14336,67584
21,69,17408,67584
21,206,17408,67584
21,70,18432,67584
21,209,18432,67584
21,69,19456,67584
21,208,19456,67584
21,55,20480,67584
21,21,1024,68608
21,21,3072,68608
21,34,11264,68608
21,35,12288,68608
21,34,13312,68608
21,69,16384,68608
21,206,16384,68608
21,70,17408,68608
21,209,17408,68608
21,69,18432,68608
21,208,18432,68608
21,55,19456,68608
21,21,2048,69632
21,34,10240,69632
21,35,11264,69632
21,34,12288,69632
21,69,15360,69632
21,206,15360,69632
21,70,16384,69632
21,209,16384,69632
21,69,17408,69632
21,208,17408,69632
21,55,18432,69632
21,34,8192,71680
21,35,9216,71680
21,34,10240,71680
21,69,13312,71680
21,206,13312,71680
21,70,14336,71680
21,209,14336,71680
21,69,15360,71680
21,208,15360,71680
21,55,16384,71680
21,49,20480,71680
34,35,1024,79872
34,34,2048,79872
34,69,5120,79872
34,206,5120,79872
34,70,6144,79872
34,209,6144,79872
34,69,7168,79872
34,208,7168,79872
34,55,8192,79872
34,49,12288,79872
34,49,13312,79872
34,156,14336,79872
34,95,15360,79872
34,96,16384,79872
35,34,1024,80896
35,69,4096,80896
35,206,4096,80896
35,70,5120,80896
35,209,5120,80896
35,69,6144,80896
35,208,6144,80896
35,55,7168,80896
35,49,11264,80896
35,49,12288,80896
35,156,13312,80896
35,95,14336,80896
35,96,15360,80896
35,154,16384,80896
34,69,3072,81920
34,206,3072,81920
34,70,4096,81920
34,209,4096,81920
34,69,5120,81920
34,208,5120,81920
34,55,6144,81920
34,49,10240,81920
34,49,11264,81920
34,156,12288,81920
34,95,13312,81920
34,96,14336,81920
34,154,15360,81920
34,49,17408,81920
69,206,0,84992
69,70,1024,84992
69,209,1024,84992
69,69,2048,84992
69,208,2048,84992
69,55,3072,84992
69,49,7168,84992
69,49,8192,84992
69,156,9216,84992
69,95,10240,84992
69,96,11264,84992
69,154,12288,84992
69,49,14336,84992
69,48,15360,84992
206,70,1024,84992
206,209,1024,84992
206,69,2048,84992
206,208,2048,84992
206,55,3072,84992
206,49,7168,84992
206,49,8192,84992
206,156,9216,84992
206,95,10240,84992
206,96,11264,84992
206,154,12288,84992
206,49,14336,84992
206,48,15360,84992
70,209,0,86016
70,69,1024,86016
70,208,1024,86016
70,55,2048,86016
70,49,6144,86016
70,49,7168,86016
70,156,8192,86016
70,95,9216,86016
70,96,10240,86016
70,154,11264,86016
70,49,13312,86016
70,48,14336,86016
209,69,1024,86016
209,208,1024,86016
209,55,2048,86016
209,49,6144,86016
209,49,7168,86016
209,156,8192,86016
209,95,9216,86016
209,96,10240,86016
209,154,11264,86016
209,49,13312,86016
209,48,14336,86016
69,208,0,87040
69,55,1024,87040
69,49,5120,87040
69,49,6144,87040
69,156,7168,87040
69,95,8192,87040
69,96,9216,87040
69,154,10240,87040
69,49,12288,87040
69,48,13312,87040
69,46,20480,87040
208,55,1024,87040
208,49,5120,87040
208,49,6144,87040
208,156,7168,87040
208,95,8192,87040
208,96,9216,87040
208,154,10240,87040
208,49,12288,87040
208,48,13312,87040
208,46,20480,87040
55,49,4096,88064
55,49,5120,88064
55,156,6144,88064
55,95,7168,88064
55,96,8192,88064
55,154,9216,88064
55,49,11264,88064
55,48,12288,88064
55,46,19456,88064
55,23,20480,88064
49,49,1024,92160
49,156,2048,92160
49,95,3072,92160
49,96,4096,92160
49,154,5120,92160
49,49,7168,92160
49,48,8192,92160
49,46,15360,92160
49,23,16384,92160
49,23,17408,92160
49,23,18432,92160
49,23,19456,92160
49,156,1024,93184
49,95,2048,93184
49,96,3072,93184
49,154,4096,93184
49,49,6144,93184
49,48,7168,93184
49,46,14336,93184
49,23,15360,93184
49,23,16384,93184
49,23,17408,93184
49,23,18432,93184
156,95,1024,94208
156,96,2048,94208
156,154,3072,94208
156,49,5120,94208
156,48,6144,94208
156,46,13312,94208
156,23,14336,94208
156,23,15360,94208
156,23,16384,94208
156,23,17408,94208
95,96,1024,95232
95,154,2048,95232
95,49,4096,95232
95,48,5120,95232
95,46,12288,95232
95,23,13312,95232
95,23,14336,95232
95,23,15360,95232
95,23,16384,95232
96,154,1024,96256
96,49,3072,96256
96,48,4096,96256
96,46,11264,96256
96,23,12288,96256
96,23,13312,96256
96,23,14336,96256
96,23,15360,96256
154,49,2048,97280
154,48,3072,97280
154,46,10240,97280
154,23,11264,97280
154,23,12288,97280
154,23,13312,97280
154,23,14336,97280
49,48,1024,99328
49,46,8192,99328
49,23,9216,99328
49,23,10240,99328
49,23,11264,99328
49,23,12288,99328
48,46,7168,100352
48,23,8192,100352
48,23,9216,100352
48,23,10240,100352
48,23,11264,100352
46,23,1024,107520
46,23,2048,107520
46,23,3072,107520
46,23,4096,107520
46,18,14336,107520
46,21,15360,107520
46,42,15360,107520
46,21,16384,107520
46,58,17408,107520
46,45,18432,107520
46,60,20480,107520
23,23,1024,108544
23,23,2048,108544
23,23,3072,108544
23,18,13312,108544
23,21,14336,108544
23,42,14336,108544
23,21,15360,108544
23,58,16384,108544
23,45,17408,108544
23,60,19456,108544
23,23,1024,109568
23,23,2048,109568
23,18,12288,109568
23,21,13312,109568
23,42,13312,109568
23,21,14336,109568
23,58,15360,109568
23,45,16384,109568
23,60,18432,109568
23,23,1024,110592
23,18,11264,110592
23,21,12288,110592
23,42,12288,110592
23,21,13312,110592
23,58,14336,110592
23,45,15360,110592
23,60,17408,110592
23,20,20480,110592
23,18,10240,111616
23,21,11264,111616
23,42,11264,111616
23,21,12288,111616
23,58,13312,111616
23,45,14336,111616
23,60,16384,111616
23,20,19456,111616
23,21,20480,111616
18,21,1024,121856
18,42,1024,121856
18,21,2048,121856
18,58,3072,121856
18,45,4096,121856
18,60,6144,121856
18,20,9216,121856
18,21,10240,121856
18,83,12288,121856
21,42,0,122880
21,21,1024,122880
21,58,2048,122880
21,45,3072,122880
21,60,5120,122880
21,20,8192,122880
21,21,9216,122880
21,83,11264,122880
42,21,1024,122880
42,58,2048,122880
42,45,3072,122880
42,60,5120,122880
42,20,8192,122880
42,21,9216,122880
42,83,11264,122880
21,58,1024,123904
21,45,2048,123904
21,60,4096,123904
21,20,7168,123904
21,21,8192,123904
21,83,10240,123904
58,45,1024,124928
58,60,3072,124928
58,20,6144,124928
58,21,7168,124928
58,83,9216,124928
45,60,2048,125952
45,20,5120,125952
45,21,6144,125952
45,83,8192,125952
60,20,3072,128000
60,21,4096,128000
60,83,6144,128000
20,21,1024,131072
20,83,3072,131072
21,83,2048,132096
64,70,2048,159744
64,74,3072,159744
64,37,7168,159744
64,91,11264,159744
64,41,15360,159744
70,74,1024,161792
70,37,5120,161792
70,91,9216,161792
70,41,13312,161792
74,37,4096,162816
74,91,8192,162816
74,41,12288,162816
74,18,20480,162816
37,91,4096,166912
37,41,8192,166912
37,18,16384,166912
37,18,18432,166912
91,41,4096,171008
91,18,12288,171008
91,18,14336,171008
41,18,8192,175104
41,18,10240,175104
18,18,2048,183296
18,31,17408,183296
18,18,19456,183296
18,18,20480,183296
18,31,15360,185344
18,18,17408,185344
18,18,18432,185344
18,18,19456,185344
31,18,2048,200704
31,18,3072,200704
31,18,4096,200704
31,19,12288,200704
31,20,13312,200704
31,20,15360,200704
31,20,16384,200704
31,20,17408,200704
31,21,18432,200704
18,18,1024,202752
18,18,2048,202752
18,19,10240,202752
18,20,11264,202752
18,20,13312,202752
18,20,14336,202752
18,20,15360,202752
18,21,16384,202752
18,20,19456,202752
18,18,1024,203776
18,19,9216,203776
18,20,10240,203776
18,20,12288,203776
18,20,13312,203776
18,20,14336,203776
18,21,15360,203776
18,20,18432,203776
18,19,8192,204800
18,20,9216,204800
18,20,11264,204800
18,20,12288,204800
18,20,13312,204800
18,21,14336,204800
18,20,17408,204800
19,20,1024,212992
19,20,3072,212992
19,20,4096,212992
19,20,5120,212992
19,21,6144,212992
19,20,9216,212992
19,21,20480,212992
20,20,2048,214016
20,20,3072,214016
20,20,4096,214016
20,21,5120,214016
20,20,8192,214016
20,21,19456,214016
20,20,1024,216064
20,20,2048,216064
20,21,3072,216064
20,20,6144,216064
20,21,17408,216064
20,20,1024,217088
20,21,2048,217088
20,20,5120,217088
20,21,16384,217088
20,21,1024,218112
20,20,4096,218112
20,21,15360,218112
21,20,3072,219136
21,21,14336,219136
20,21,11264,222208
21,54,10240,233472
19,20,1024,286720
19,21,2048,286720
19,23,3072,286720
19,23,4096,286720
19,24,5120,286720
19,24,6144,286720
19,24,7168,286720
19,25,8192,286720
19,24,9216,286720
19,25,10240,286720
19,24,11264,286720
19,24,12288,286720
19,24,13312,286720
19,24,14336,286720
20,21,1024,287744
20,23,2048,287744
20,23,3072,287744
20,24,4096,287744
20,24,5120,287744
20,24,6144,287744
20,25,7168,287744
20,24,8192,287744
20,25,9216,287744
20,24,10240,287744
20,24,11264,287744
20,24,12288,287744
20,24,13312,287744
20,24,14336,287744
21,23,1024,288768
21,23,2048,288768
21,24,3072,288768
21,24,4096,288768
21,24,5120,288768
21,25,6144,288768
21,24,7168,288768
21,25,8192,288768
21,24,9216,288768
21,24,10240,288768
21,24,11264,288768
21,24,12288,288768
21,24,13312,288768
21,24,14336,288768
23,23,1024,289792
23,24,2048,289792
23,24,3072,289792
23,24,4096,289792
23,25,5120,289792
23,24,6144,289792
23,25,7168,289792
23,24,8192,289792
23,24,9216,289792
23,24,10240,289792
23,24,11264,289792
23,24,12288,289792
23,24,13312,289792
23,24,14336,289792
23,24,1024,290816
23,24,2048,290816
23,24,3072,290816
23,25,4096,290816
23,24,5120,290816
23,25,6144,290816
23,24,7168,290816
23,24,8192,290816
23,24,9216,290816
23,24,10240,290816
23,24,11264,290816
23,24,12288,290816
23,24,13312,290816
23,24,14336,290816
24,24,1024,291840
24,24,2048,291840
24,25,3072,291840
24,24,4096,291840
24,25,5120,291840
24,24,6144,291840
24,24,7168,291840
24,24,8192,291840
24,24,9216,291840
24,24,10240,291840
24,24,11264,291840
24,24,12288,291840
24,24,13312,291840
24,25,14336,291840
24,24,1024,292864
24,25,2048,292864
24,24,3072,292864
24,25,4096,292864
24,24,5120,292864
24,24,6144,292864
24,24,7168,292864
24,24,8192,292864
24,24,9216,292864
24,24,10240,292864
24,24,11264,292864
24,24,12288,292864
24,25,13312,292864
24,24,14336,292864
24,25,1024,293888
24,24,2048,293888
24,25,3072,293888
24,24,4096,293888
24,24,5120,293888
24,24,6144,293888
24,24,7168,293888
24,24,8192,293888
24,24,9216,293888
24,24,10240,293888
24,24,11264,293888
24,25,12288,293888
24,24,13312,293888
24,25,14336,293888
25,24,1024,294912
25,25,2048,294912
25,24,3072,294912
25,24,4096,294912
25,24,5120,294912
25,24,6144,294912
25,24,7168,294912
25,24,8192,294912
25,24,9216,294912
25,24,10240,294912
25,25,11264,294912
25,24,12288,294912
25,25,13312,294912
25,24,14336,294912
24,25,1024,295936
24,24,2048,295936
24,24,3072,295936
24,24,4096,295936
24,24,5120,295936
24,24,6144,295936
24,24,7168,295936
24,24,8192,295936
24,24,9216,295936
24,25,10240,295936
24,24,11264,295936
24,25,12288,295936
24,24,13312,295936
24,24,14336,295936
25,24,1024,296960
25,24,2048,296960
25,24,3072,296960
25,24,4096,296960
25,24,5120,296960
25,24,6144,296960
25,24,7168,296960
25,24,8192,296960
25,25,9216,296960
25,24,10240,296960
25,25,11264,296960
25,24,12288,296960
25,24,13312,296960
25,25,14336,296960
24,24,1024,297984
24,24,2048,297984
24,24,3072,297984
24,24,4096,297984
24,24,5120,297984
24,24,6144,297984
24,24,7168,297984
24,25,8192,297984
24,24,9216,297984
24,25,10240,297984
24,24,11264,297984
24,24,12288,297984
24,25,13312,297984
24,24,14336,297984
24,24,1024,299008
24,24,2048,299008
24,24,3072,299008
24,24,4096,299008
24,24,5120,299008
24,24,6144,299008
24,25,7168,299008
24,24,8192,299008
24,25,9216,299008
24,24,10240,299008
24,24,11264,299008
24,25,12288,299008
24,24,13312,299008
24,25,14336,299008
24,24,1024,300032
24,24,2048,300032
24,24,3072,300032
24,24,4096,300032
24,24,5120,300032
24,25,6144,300032
24,24,7168,300032
24,25,8192,300032
24,24,9216,300032
24,24,10240,300032
24,25,11264,300032
24,24,12288,300032
24,25,13312,300032
24,24,14336,300032
24,24,1024,301056
24,24,2048,301056
24,24,3072,301056
24,24,4096,301056
24,25,5120,301056
24,24,6144,301056
24,25,7168,301056
24,24,8192,301056
24,24,9216,301056
24,25,10240,301056
24,24,11264,301056
24,25,12288,301056
24,24,13312,301056
24,48,15360,301056
24,24,1024,302080
24,24,2048,302080
24,24,3072,302080
24,25,4096,302080
24,24,5120,302080
24,25,6144,302080
24,24,7168,302080
24,24,8192,302080
24,25,9216,302080
24,24,10240,302080
24,25,11264,302080
24,24,12288,302080
24,48,14336,302080
24,24,1024,303104
24,24,2048,303104
24,25,3072,303104
24,24,4096,303104
24,25,5120,303104
24,24,6144,303104
24,24,7168,303104
24,25,8192,303104
24,24,9216,303104
24,25,10240,303104
24,24,11264,303104
24,48,13312,303104
24,24,1024,304128
24,25,2048,304128
24,24,3072,304128
24,25,4096,304128
24,24,5120,304128
24,24,6144,304128
24,25,7168,304128
24,24,8192,304128
24,25,9216,304128
24,24,10240,304128
24,48,12288,304128
24,25,1024,305152
24,24,2048,305152
24,25,3072,305152
24,24,4096,305152
24,24,5120,305152
24,25,6144,305152
24,24,7168,305152
24,25,8192,305152
24,24,9216,305152
24,48,11264,305152
25,24,1024,306176
25,25,2048,306176
25,24,3072,306176
25,24,4096,306176
25,25,5120,306176
25,24,6144,306176
25,25,7168,306176
25,24,8192,306176
25,48,10240,306176
24,25,1024,307200
24,24,2048,307200
24,24,3072,307200
24,25,4096,307200
24,24,5120,307200
24,25,6144,307200
24,24,7168,307200
24,48,9216,307200
24,24,20480,307200
25,24,1024,308224
25,24,2048,308224
25,25,3072,308224
25,24,4096,308224
25,25,5120,308224
25,24,6144,308224
25,48,8192,308224
25,24,19456,308224
24,24,1024,309248
24,25,2048,309248
24,24,3072,309248
24,25,4096,309248
24,24,5120,309248
24,48,7168,309248
24,24,18432,309248
24,25,1024,310272
24,24,2048,310272
24,25,3072,310272
24,24,4096,310272
24,48,6144,310272
24,24,17408,310272
25,24,1024,311296
25,25,2048,311296
25,24,3072,311296
25,48,5120,311296
25,24,16384,311296
24,25,1024,312320
24,24,2048,312320
24,48,4096,312320
24,24,15360,312320
25,24,1024,313344
25,48,3072,313344
25,24,14336,313344
24,48,2048,314368
24,24,13312,314368
48,24,11264,316416
