41,13,8192,10240
41,13,9216,10240
41,13,10240,10240
41,13,11264,10240
13,13,1024,18432
13,13,2048,18432
13,13,3072,18432
13,14,19456,18432
13,13,1024,19456
13,13,2048,19456
13,14,18432,19456
13,13,1024,20480
13,14,17408,20480
13,14,16384,21504
22,12,4096,72704
22,11,5120,72704
22,23,6144,72704
22,11,7168,72704
22,34,15360,72704
12,11,1024,76800
12,23,2048,76800
12,11,3072,76800
12,34,11264,76800
12,23,19456,76800
11,23,1024,77824
11,11,2048,77824
11,34,10240,77824
11,23,18432,77824
23,11,1024,78848
23,34,9216,78848
23,23,17408,78848
11,34,8192,79872
11,23,16384,79872
34,23,8192,88064
34,46,15360,88064
34,44,16384,88064
34,17,17408,88064
34,17,18432,88064
34,17,19456,88064
34,17,20480,88064
23,46,7168,96256
23,44,8192,96256
23,17,9216,96256
23,17,10240,96256
23,17,11264,96256
23,17,12288,96256
46,44,1024,103424
46,17,2048,103424
46,17,3072,103424
46,17,4096,103424
46,17,5120,103424
46,42,19456,103424
44,17,1024,104448
44,17,2048,104448
44,17,3072,104448
44,17,4096,104448
44,42,18432,104448
44,15,20480,104448
17,17,1024,105472
17,17,2048,105472
17,17,3072,105472
17,42,17408,105472
17,15,19456,105472
17,15,20480,105472
17,17,1024,106496
17,17,2048,106496
17,42,16384,106496
17,15,18432,106496
17,15,19456,106496
17,15,20480,106496
17,17,1024,107520
17,42,15360,107520
17,15,17408,107520
17,15,18432,107520
17,15,19456,107520
17,42,14336,108544
17,15,16384,108544
17,15,17408,108544
17,15,18432,108544
42,15,2048,122880
42,15,3072,122880
42,15,4096,122880
42,15,12288,122880
42,15,13312,122880
42,15,14336,122880
42,15,15360,122880
42,16,16384,122880
42,16,19456,122880
15,15,1024,124928
15,15,2048,124928
15,15,10240,124928
15,15,11264,124928
15,15,12288,124928
15,15,13312,124928
15,16,14336,124928
15,16,17408,124928
15,34,19456,124928
15,69,20480,124928
15,15,1024,125952
15,15,9216,125952
15,15,10240,125952
15,15,11264,125952
15,15,12288,125952
15,16,13312,125952
15,16,16384,125952
15,34,18432,125952
15,69,19456,125952
15,17,20480,125952
15,15,8192,126976
15,15,9216,126976
15,15,10240,126976
15,15,11264,126976
15,16,12288,126976
15,16,15360,126976
15,34,17408,126976
15,69,18432,126976
15,17,19456,126976
15,92,20480,126976
15,15,1024,135168
15,15,2048,135168
15,15,3072,135168
15,16,4096,135168
15,16,7168,135168
15,34,9216,135168
15,69,10240,135168
15,17,11264,135168
15,92,12288,135168
15,19,14336,135168
15,19,15360,135168
15,19,16384,135168
15,184,18432,135168
15,20,19456,135168
15,15,1024,136192
15,15,2048,136192
15,16,3072,136192
15,16,6144,136192
15,34,8192,136192
15,69,9216,136192
15,17,10240,136192
15,92,11264,136192
15,19,13312,136192
15,19,14336,136192
15,19,15360,136192
15,184,17408,136192
15,20,18432,136192
15,205,19456,136192
15,15,1024,137216
15,16,2048,137216
15,16,5120,137216
15,34,7168,137216
15,69,8192,137216
15,17,9216,137216
15,92,10240,137216
15,19,12288,137216
15,19,13312,137216
15,19,14336,137216
15,184,16384,137216
15,20,17408,137216
15,205,18432,137216
15,61,19456,137216
15,16,1024,138240
15,16,4096,138240
15,34,6144,138240
15,69,7168,138240
15,17,8192,138240
15,92,9216,138240
15,19,11264,138240
15,19,12288,138240
15,19,13312,138240
15,184,15360,138240
15,20,16384,138240
15,205,17408,138240
15,61,18432,138240
15,61,19456,138240
16,16,3072,139264
16,34,5120,139264
16,69,6144,139264
16,17,7168,139264
16,92,8192,139264
16,19,10240,139264
16,19,11264,139264
16,19,12288,139264
16,184,14336,139264
16,20,15360,139264
16,205,16384,139264
16,61,17408,139264
16,61,18432,139264
16,41,19456,139264
16,34,2048,142336
16,69,3072,142336
16,17,4096,142336
16,92,5120,142336
16,19,7168,142336
16,19,8192,142336
16,19,9216,142336
16,184,11264,142336
16,20,12288,142336
16,205,13312,142336
16,61,14336,142336
16,61,15360,142336
16,41,16384,142336
16,10,17408,142336
34,69,1024,144384
34,17,2048,144384
34,92,3072,144384
34,19,5120,144384
34,19,6144,144384
34,19,7168,144384
34,184,9216,144384
34,20,10240,144384
34,205,11264,144384
34,61,12288,144384
34,61,13312,144384
34,41,14336,144384
34,10,15360,144384
34,41,16384,144384
69,17,1024,145408
69,92,2048,145408
69,19,4096,145408
69,19,5120,145408
69,19,6144,145408
69,184,8192,145408
69,20,9216,145408
69,205,10240,145408
69,61,11264,145408
69,61,12288,145408
69,41,13312,145408
69,10,14336,145408
69,41,15360,145408
69,40,16384,145408
17,92,1024,146432
17,19,3072,146432
17,19,4096,146432
17,19,5120,146432
17,184,7168,146432
17,20,8192,146432
17,205,9216,146432
17,61,10240,146432
17,61,11264,146432
17,41,12288,146432
17,10,13312,146432
17,41,14336,146432
17,40,15360,146432
17,82,16384,146432
92,19,2048,147456
92,19,3072,147456
92,19,4096,147456
92,184,6144,147456
92,20,7168,147456
92,205,8192,147456
92,61,9216,147456
92,61,10240,147456
92,41,11264,147456
92,10,12288,147456
92,41,13312,147456
92,40,14336,147456
92,82,15360,147456
92,41,16384,147456
19,19,1024,149504
19,19,2048,149504
19,184,4096,149504
19,20,5120,149504
19,205,6144,149504
19,61,7168,149504
19,61,8192,149504
19,41,9216,149504
19,10,10240,149504
19,41,11264,149504
19,40,12288,149504
19,82,13312,149504
19,41,14336,149504
19,19,1024,150528
19,184,3072,150528
19,20,4096,150528
19,205,5120,150528
19,61,6144,150528
19,61,7168,150528
19,41,8192,150528
19,10,9216,150528
19,41,10240,150528
19,40,11264,150528
19,82,12288,150528
19,41,13312,150528
19,184,2048,151552
19,20,3072,151552
19,205,4096,151552
19,61,5120,151552
19,61,6144,151552
19,41,7168,151552
19,10,8192,151552
19,41,9216,151552
19,40,10240,151552
19,82,11264,151552
19,41,12288,151552
184,20,1024,153600
184,205,2048,153600
184,61,3072,153600
184,61,4096,153600
184,41,5120,153600
184,10,6144,153600
184,41,7168,153600
184,40,8192,153600
184,82,9216,153600
184,41,10240,153600
20,205,1024,154624
20,61,2048,154624
20,61,3072,154624
20,41,4096,154624
20,10,5120,154624
20,41,6144,154624
20,40,7168,154624
20,82,8192,154624
20,41,9216,154624
205,61,1024,155648
205,61,2048,155648
205,41,3072,155648
205,10,4096,155648
205,41,5120,155648
205,40,6144,155648
205,82,7168,155648
205,41,8192,155648
61,61,1024,156672
61,41,2048,156672
61,10,3072,156672
61,41,4096,156672
61,40,5120,156672
61,82,6144,156672
61,41,7168,156672
61,41,1024,157696
61,10,2048,157696
61,41,3072,157696
61,40,4096,157696
61,82,5120,157696
61,41,6144,157696
41,10,1024,158720
41,41,2048,158720
41,40,3072,158720
41,82,4096,158720
41,41,5120,158720
10,41,1024,159744
10,40,2048,159744
10,82,3072,159744
10,41,4096,159744
41,40,1024,160768
41,82,2048,160768
41,41,3072,160768
40,82,1024,161792
40,41,2048,161792
82,41,1024,162816
