24,24,1024,1024
227,41,18432,38912
41,37,5120,57344
41,37,6144,57344
41,27,16384,57344
41,94,17408,57344
41,37,18432,57344
41,123,19456,57344
41,18,20480,57344
37,37,1024,62464
37,27,11264,62464
37,94,12288,62464
37,37,13312,62464
37,123,14336,62464
37,18,15360,62464
37,16,16384,62464
37,24,17408,62464
37,24,18432,62464
37,24,19456,62464
37,24,20480,62464
37,27,10240,63488
37,94,11264,63488
37,37,12288,63488
37,123,13312,63488
37,18,14336,63488
37,16,15360,63488
37,24,16384,63488
37,24,17408,63488
37,24,18432,63488
37,24,19456,63488
37,34,20480,63488
27,94,1024,73728
27,37,2048,73728
27,123,3072,73728
27,18,4096,73728
27,16,5120,73728
27,24,6144,73728
27,24,7168,73728
27,24,8192,73728
27,24,9216,73728
27,34,10240,73728
27,37,15360,73728
27,37,16384,73728
27,12,17408,73728
27,24,18432,73728
94,37,1024,74752
94,123,2048,74752
94,18,3072,74752
94,16,4096,74752
94,24,5120,74752
94,24,6144,74752
94,24,7168,74752
94,24,8192,74752
94,34,9216,74752
94,37,14336,74752
94,37,15360,74752
94,12,16384,74752
94,24,17408,74752
94,233,19456,74752
37,123,1024,75776
37,18,2048,75776
37,16,3072,75776
37,24,4096,75776
37,24,5120,75776
37,24,6144,75776
37,24,7168,75776
37,34,8192,75776
37,37,13312,75776
37,37,14336,75776
37,12,15360,75776
37,24,16384,75776
37,233,18432,75776
37,24,20480,75776
123,18,1024,76800
123,16,2048,76800
123,24,3072,76800
123,24,4096,76800
123,24,5120,76800
123,24,6144,76800
123,34,7168,76800
123,37,12288,76800
123,37,13312,76800
123,12,14336,76800
123,24,15360,76800
123,233,17408,76800
123,24,19456,76800
123,24,20480,76800
18,16,1024,77824
18,24,2048,77824
18,24,3072,77824
18,24,4096,77824
18,24,5120,77824
18,34,6144,77824
18,37,11264,77824
18,37,12288,77824
18,12,13312,77824
18,24,14336,77824
18,233,16384,77824
18,24,18432,77824
18,24,19456,77824
18,148,20480,77824
16,24,1024,78848
16,24,2048,78848
16,24,3072,78848
16,24,4096,78848
16,34,5120,78848
16,37,10240,78848
16,37,11264,78848
16,12,12288,78848
16,24,13312,78848
16,233,15360,78848
16,24,17408,78848
16,24,18432,78848
16,148,19456,78848
16,82,20480,78848
24,24,1024,79872
24,24,2048,79872
24,24,3072,79872
24,34,4096,79872
24,37,9216,79872
24,37,10240,79872
24,12,11264,79872
24,24,12288,79872
24,233,14336,79872
24,24,16384,79872
24,24,17408,79872
24,148,18432,79872
24,82,19456,79872
24,85,20480,79872
24,24,1024,80896
24,24,2048,80896
24,34,3072,80896
24,37,8192,80896
24,37,9216,80896
24,12,10240,80896
24,24,11264,80896
24,233,13312,80896
24,24,15360,80896
24,24,16384,80896
24,148,17408,80896
24,82,18432,80896
24,85,19456,80896
24,229,20480,80896
24,24,1024,81920
24,34,2048,81920
24,37,7168,81920
24,37,8192,81920
24,12,9216,81920
24,24,10240,81920
24,233,12288,81920
24,24,14336,81920
24,24,15360,81920
24,148,16384,81920
24,82,17408,81920
24,85,18432,81920
24,229,19456,81920
24,81,20480,81920
24,34,1024,82944
24,37,6144,82944
24,37,7168,82944
24,12,8192,82944
24,24,9216,82944
24,233,11264,82944
24,24,13312,82944
24,24,14336,82944
24,148,15360,82944
24,82,16384,82944
24,85,17408,82944
24,229,18432,82944
24,81,19456,82944
24,33,20480,82944
34,37,5120,83968
34,37,6144,83968
34,12,7168,83968
34,24,8192,83968
34,233,10240,83968
34,24,12288,83968
34,24,13312,83968
34,148,14336,83968
34,82,15360,83968
34,85,16384,83968
34,229,17408,83968
34,81,18432,83968
34,33,19456,83968
34,47,20480,83968
37,37,1024,89088
37,12,2048,89088
37,24,3072,89088
37,233,5120,89088
37,24,7168,89088
37,24,8192,89088
37,148,9216,89088
37,82,10240,89088
37,85,11264,89088
37,229,12288,89088
37,81,13312,89088
37,33,14336,89088
37,47,15360,89088
37,27,18432,89088
37,12,1024,90112
37,24,2048,90112
37,233,4096,90112
37,24,6144,90112
37,24,7168,90112
37,148,8192,90112
37,82,9216,90112
37,85,10240,90112
37,229,11264,90112
37,81,12288,90112
37,33,13312,90112
37,47,14336,90112
37,27,17408,90112
37,37,19456,90112
12,24,1024,91136
12,233,3072,91136
12,24,5120,91136
12,24,6144,91136
12,148,7168,91136
12,82,8192,91136
12,85,9216,91136
12,229,10240,91136
12,81,11264,91136
12,33,12288,91136
12,47,13312,91136
12,27,16384,91136
12,37,18432,91136
12,37,20480,91136
24,233,2048,92160
24,24,4096,92160
24,24,5120,92160
24,148,6144,92160
24,82,7168,92160
24,85,8192,92160
24,229,9216,92160
24,81,10240,92160
24,33,11264,92160
24,47,12288,92160
24,27,15360,92160
24,37,17408,92160
24,37,19456,92160
24,55,20480,92160
233,24,2048,94208
233,24,3072,94208
233,148,4096,94208
233,82,5120,94208
233,85,6144,94208
233,229,7168,94208
233,81,8192,94208
233,33,9216,94208
233,47,10240,94208
233,27,13312,94208
233,37,15360,94208
233,37,17408,94208
233,55,18432,94208
233,306,20480,94208
24,24,1024,96256
24,148,2048,96256
24,82,3072,96256
24,85,4096,96256
24,229,5120,96256
24,81,6144,96256
24,33,7168,96256
24,47,8192,96256
24,27,11264,96256
24,37,13312,96256
24,37,15360,96256
24,55,16384,96256
24,306,18432,96256
24,37,20480,96256
24,148,1024,97280
24,82,2048,97280
24,85,3072,97280
24,229,4096,97280
24,81,5120,97280
24,33,6144,97280
24,47,7168,97280
24,27,10240,97280
24,37,12288,97280
24,37,14336,97280
24,55,15360,97280
24,306,17408,97280
24,37,19456,97280
24,233,20480,97280
148,82,1024,98304
148,85,2048,98304
148,229,3072,98304
148,81,4096,98304
148,33,5120,98304
148,47,6144,98304
148,27,9216,98304
148,37,11264,98304
148,37,13312,98304
148,55,14336,98304
148,306,16384,98304
148,37,18432,98304
148,233,19456,98304
148,27,20480,98304
82,85,1024,99328
82,229,2048,99328
82,81,3072,99328
82,33,4096,99328
82,47,5120,99328
82,27,8192,99328
82,37,10240,99328
82,37,12288,99328
82,55,13312,99328
82,306,15360,99328
82,37,17408,99328
82,233,18432,99328
82,27,19456,99328
82,27,20480,99328
85,229,1024,100352
85,81,2048,100352
85,33,3072,100352
85,47,4096,100352
85,27,7168,100352
85,37,9216,100352
85,37,11264,100352
85,55,12288,100352
85,306,14336,100352
85,37,16384,100352
85,233,17408,100352
85,27,18432,100352
85,27,19456,100352
85,84,20480,100352
229,81,1024,101376
229,33,2048,101376
229,47,3072,101376
229,27,6144,101376
229,37,8192,101376
229,37,10240,101376
229,55,11264,101376
229,306,13312,101376
229,37,15360,101376
229,233,16384,101376
229,27,17408,101376
229,27,18432,101376
229,84,19456,101376
81,33,1024,102400
81,47,2048,102400
81,27,5120,102400
81,37,7168,102400
81,37,9216,102400
81,55,10240,102400
81,306,12288,102400
81,37,14336,102400
81,233,15360,102400
81,27,16384,102400
81,27,17408,102400
81,84,18432,102400
81,34,20480,102400
33,47,1024,103424
33,27,4096,103424
33,37,6144,103424
33,37,8192,103424
33,55,9216,103424
33,306,11264,103424
33,37,13312,103424
33,233,14336,103424
33,27,15360,103424
33,27,16384,103424
33,84,17408,103424
33,34,19456,103424
47,27,3072,104448
47,37,5120,104448
47,37,7168,104448
47,55,8192,104448
47,306,10240,104448
47,37,12288,104448
47,233,13312,104448
47,27,14336,104448
47,27,15360,104448
47,84,16384,104448
47,34,18432,104448
27,37,2048,107520
27,37,4096,107520
27,55,5120,107520
27,306,7168,107520
27,37,9216,107520
27,233,10240,107520
27,27,11264,107520
27,27,12288,107520
27,84,13312,107520
27,34,15360,107520
27,27,20480,107520
37,37,2048,109568
37,55,3072,109568
37,306,5120,109568
37,37,7168,109568
37,233,8192,109568
37,27,9216,109568
37,27,10240,109568
37,84,11264,109568
37,34,13312,109568
37,27,18432,109568
37,27,19456,109568
37,55,1024,111616
37,306,3072,111616
37,37,5120,111616
37,233,6144,111616
37,27,7168,111616
37,27,8192,111616
37,84,9216,111616
37,34,11264,111616
37,27,16384,111616
37,27,17408,111616
37,97,19456,111616
37,98,20480,111616
55,306,2048,112640
55,37,4096,112640
55,233,5120,112640
55,27,6144,112640
55,27,7168,112640
55,84,8192,112640
55,34,10240,112640
55,27,15360,112640
55,27,16384,112640
55,97,18432,112640
55,98,19456,112640
55,282,20480,112640
306,37,2048,114688
306,233,3072,114688
306,27,4096,114688
306,27,5120,114688
306,84,6144,114688
306,34,8192,114688
306,27,13312,114688
306,27,14336,114688
306,97,16384,114688
306,98,17408,114688
306,282,18432,114688
306,239,19456,114688
37,233,1024,116736
37,27,2048,116736
37,27,3072,116736
37,84,4096,116736
37,34,6144,116736
37,27,11264,116736
37,27,12288,116736
37,97,14336,116736
37,98,15360,116736
37,282,16384,116736
37,239,17408,116736
37,49,19456,116736
37,141,20480,116736
233,27,1024,117760
233,27,2048,117760
233,84,3072,117760
233,34,5120,117760
233,27,10240,117760
233,27,11264,117760
233,97,13312,117760
233,98,14336,117760
233,282,15360,117760
233,239,16384,117760
233,49,18432,117760
233,141,19456,117760
233,55,20480,117760
27,27,1024,118784
27,84,2048,118784
27,34,4096,118784
27,27,9216,118784
27,27,10240,118784
27,97,12288,118784
27,98,13312,118784
27,282,14336,118784
27,239,15360,118784
27,49,17408,118784
27,141,18432,118784
27,55,19456,118784
27,84,1024,119808
27,34,3072,119808
27,27,8192,119808
27,27,9216,119808
27,97,11264,119808
27,98,12288,119808
27,282,13312,119808
27,239,14336,119808
27,49,16384,119808
27,141,17408,119808
27,55,18432,119808
27,36,20480,119808
84,34,2048,120832
84,27,7168,120832
84,27,8192,120832
84,97,10240,120832
84,98,11264,120832
84,282,12288,120832
84,239,13312,120832
84,49,15360,120832
84,141,16384,120832
84,55,17408,120832
84,36,19456,120832
34,27,5120,122880
34,27,6144,122880
34,97,8192,122880
34,98,9216,122880
34,282,10240,122880
34,239,11264,122880
34,49,13312,122880
34,141,14336,122880
34,55,15360,122880
34,36,17408,122880
34,33,19456,122880
27,27,1024,128000
27,97,3072,128000
27,98,4096,128000
27,282,5120,128000
27,239,6144,128000
27,49,8192,128000
27,141,9216,128000
27,55,10240,128000
27,36,12288,128000
27,33,14336,128000
27,27,18432,128000
27,37,19456,128000
27,160,20480,128000
27,97,2048,129024
27,98,3072,129024
27,282,4096,129024
27,239,5120,129024
27,49,7168,129024
27,141,8192,129024
27,55,9216,129024
27,36,11264,129024
27,33,13312,129024
27,27,17408,129024
27,37,18432,129024
27,160,19456,129024
27,18,20480,129024
97,98,1024,131072
97,282,2048,131072
97,239,3072,131072
97,49,5120,131072
97,141,6144,131072
97,55,7168,131072
97,36,9216,131072
97,33,11264,131072
97,27,15360,131072
97,37,16384,131072
97,160,17408,131072
97,18,18432,131072
97,18,19456,131072
97,33,20480,131072
98,282,1024,132096
98,239,2048,132096
98,49,4096,132096
98,141,5120,132096
98,55,6144,132096
98,36,8192,132096
98,33,10240,132096
98,27,14336,132096
98,37,15360,132096
98,160,16384,132096
98,18,17408,132096
98,18,18432,132096
98,33,19456,132096
282,239,1024,133120
282,49,3072,133120
282,141,4096,133120
282,55,5120,133120
282,36,7168,133120
282,33,9216,133120
282,27,13312,133120
282,37,14336,133120
282,160,15360,133120
282,18,16384,133120
282,18,17408,133120
282,33,18432,133120
239,49,2048,134144
239,141,3072,134144
239,55,4096,134144
239,36,6144,134144
239,33,8192,134144
239,27,12288,134144
239,37,13312,134144
239,160,14336,134144
239,18,15360,134144
239,18,16384,134144
239,33,17408,134144
239,37,20480,134144
49,141,1024,136192
49,55,2048,136192
49,36,4096,136192
49,33,6144,136192
49,27,10240,136192
49,37,11264,136192
49,160,12288,136192
49,18,13312,136192
49,18,14336,136192
49,33,15360,136192
49,37,18432,136192
49,37,19456,136192
49,37,20480,136192
141,55,1024,137216
141,36,3072,137216
141,33,5120,137216
141,27,9216,137216
141,37,10240,137216
141,160,11264,137216
141,18,12288,137216
141,18,13312,137216
141,33,14336,137216
141,37,17408,137216
141,37,18432,137216
141,37,19456,137216
141,24,20480,137216
55,36,2048,138240
55,33,4096,138240
55,27,8192,138240
55,37,9216,138240
55,160,10240,138240
55,18,11264,138240
55,18,12288,138240
55,33,13312,138240
55,37,16384,138240
55,37,17408,138240
55,37,18432,138240
55,24,19456,138240
55,109,20480,138240
36,33,2048,140288
36,27,6144,140288
36,37,7168,140288
36,160,8192,140288
36,18,9216,140288
36,18,10240,140288
36,33,11264,140288
36,37,14336,140288
36,37,15360,140288
36,37,16384,140288
36,24,17408,140288
36,109,18432,140288
36,275,19456,140288
36,334,20480,140288
33,27,4096,142336
33,37,5120,142336
33,160,6144,142336
33,18,7168,142336
33,18,8192,142336
33,33,9216,142336
33,37,12288,142336
33,37,13312,142336
33,37,14336,142336
33,24,15360,142336
33,109,16384,142336
33,275,17408,142336
33,334,18432,142336
33,99,20480,142336
27,37,1024,146432
27,160,2048,146432
27,18,3072,146432
27,18,4096,146432
27,33,5120,146432
27,37,8192,146432
27,37,9216,146432
27,37,10240,146432
27,24,11264,146432
27,109,12288,146432
27,275,13312,146432
27,334,14336,146432
27,99,16384,146432
37,160,1024,147456
37,18,2048,147456
37,18,3072,147456
37,33,4096,147456
37,37,7168,147456
37,37,8192,147456
37,37,9216,147456
37,24,10240,147456
37,109,11264,147456
37,275,12288,147456
37,334,13312,147456
37,99,15360,147456
160,18,1024,148480
160,18,2048,148480
160,33,3072,148480
160,37,6144,148480
160,37,7168,148480
160,37,8192,148480
160,24,9216,148480
160,109,10240,148480
160,275,11264,148480
160,334,12288,148480
160,99,14336,148480
18,18,1024,149504
18,33,2048,149504
18,37,5120,149504
18,37,6144,149504
18,37,7168,149504
18,24,8192,149504
18,109,9216,149504
18,275,10240,149504
18,334,11264,149504
18,99,13312,149504
18,33,1024,150528
18,37,4096,150528
18,37,5120,150528
18,37,6144,150528
18,24,7168,150528
18,109,8192,150528
18,275,9216,150528
18,334,10240,150528
18,99,12288,150528
33,37,3072,151552
33,37,4096,151552
33,37,5120,151552
33,24,6144,151552
33,109,7168,151552
33,275,8192,151552
33,334,9216,151552
33,99,11264,151552
37,37,1024,154624
37,37,2048,154624
37,24,3072,154624
37,109,4096,154624
37,275,5120,154624
37,334,6144,154624
37,99,8192,154624
37,37,1024,155648
37,24,2048,155648
37,109,3072,155648
37,275,4096,155648
37,334,5120,155648
37,99,7168,155648
37,24,1024,156672
37,109,2048,156672
37,275,3072,156672
37,334,4096,156672
37,99,6144,156672
24,109,1024,157696
24,275,2048,157696
24,334,3072,157696
24,99,5120,157696
109,275,1024,158720
109,334,2048,158720
109,99,4096,158720
275,334,1024,159744
275,99,3072,159744
334,99,2048,160768
