36,43,5120,0
36,64,6144,0
36,48,8192,0
36,50,9216,0
36,51,10240,0
43,64,1024,5120
43,48,3072,5120
43,50,4096,5120
43,51,5120,5120
43,47,17408,5120
43,49,19456,5120
64,48,2048,6144
64,50,3072,6144
64,51,4096,6144
64,47,16384,6144
64,49,18432,6144
48,50,1024,8192
48,51,2048,8192
48,47,14336,8192
48,49,16384,8192
50,51,1024,9216
50,47,13312,9216
50,49,15360,9216
51,47,12288,10240
51,49,14336,10240
47,49,2048,22528
47,32,16384,22528
47,24,20480,22528
49,32,14336,24576
49,24,18432,24576
49,70,20480,24576
32,24,4096,38912
32,70,6144,38912
32,66,7168,38912
32,22,10240,38912
32,22,11264,38912
32,22,12288,38912
32,22,13312,38912
32,21,14336,38912
32,22,15360,38912
24,70,2048,43008
24,66,3072,43008
24,22,6144,43008
24,22,7168,43008
24,22,8192,43008
24,22,9216,43008
24,21,10240,43008
24,22,11264,43008
24,33,17408,43008
70,66,1024,45056
70,22,4096,45056
70,22,5120,45056
70,22,6144,45056
70,22,7168,45056
70,21,8192,45056
70,22,9216,45056
70,33,15360,45056
66,22,3072,46080
66,22,4096,46080
66,22,5120,46080
66,22,6144,46080
66,21,7168,46080
66,22,8192,46080
66,33,14336,46080
66,60,20480,46080
22,22,1024,49152
22,22,2048,49152
22,22,3072,49152
22,21,4096,49152
22,22,5120,49152
22,33,11264,49152
22,60,17408,49152
22,64,18432,49152
22,22,19456,49152
22,65,19456,49152
22,22,1024,50176
22,22,2048,50176
22,21,3072,50176
22,22,4096,50176
22,33,10240,50176
22,60,16384,50176
22,64,17408,50176
22,22,18432,50176
22,65,18432,50176
22,21,20480,50176
22,22,1024,51200
22,21,2048,51200
22,22,3072,51200
22,33,9216,51200
22,60,15360,51200
22,64,16384,51200
22,22,17408,51200
22,65,17408,51200
22,21,19456,51200
22,21,20480,51200
22,62,20480,51200
22,21,1024,52224
22,22,2048,52224
22,33,8192,52224
22,60,14336,52224
22,64,15360,52224
22,22,16384,52224
22,65,16384,52224
22,21,18432,52224
22,21,19456,52224
22,62,19456,52224
22,55,20480,52224
21,22,1024,53248
21,33,7168,53248
21,60,13312,53248
21,64,14336,53248
21,22,15360,53248
21,65,15360,53248
21,21,17408,53248
21,21,18432,53248
21,62,18432,53248
21,55,19456,53248
21,56,20480,53248
22,33,6144,54272
22,60,12288,54272
22,64,13312,54272
22,22,14336,54272
22,65,14336,54272
22,21,16384,54272
22,21,17408,54272
22,62,17408,54272
22,55,18432,54272
22,56,19456,54272
22,54,20480,54272
33,60,6144,60416
33,64,7168,60416
33,22,8192,60416
33,65,8192,60416
33,21,10240,60416
33,21,11264,60416
33,62,11264,60416
33,55,12288,60416
33,56,13312,60416
33,54,14336,60416
33,55,15360,60416
33,54,16384,60416
33,18,20480,60416
60,64,1024,66560
60,22,2048,66560
60,65,2048,66560
60,21,4096,66560
60,21,5120,66560
60,62,5120,66560
60,55,6144,66560
60,56,7168,66560
60,54,8192,66560
60,55,9216,66560
60,54,10240,66560
60,18,14336,66560
60,21,16384,66560
60,21,17408,66560
64,22,1024,67584
64,65,1024,67584
64,21,3072,67584
64,21,4096,67584
64,62,4096,67584
64,55,5120,67584
64,56,6144,67584
64,54,7168,67584
64,55,8192,67584
64,54,9216,67584
64,18,13312,67584
64,21,15360,67584
64,21,16384,67584
64,22,18432,67584
22,65,0,68608
22,21,2048,68608
22,21,3072,68608
22,62,3072,68608
22,55,4096,68608
22,56,5120,68608
22,54,6144,68608
22,55,7168,68608
22,54,8192,68608
22,18,12288,68608
22,21,14336,68608
22,21,15360,68608
22,22,17408,68608
22,54,17408,68608
65,21,2048,68608
65,21,3072,68608
65,62,3072,68608
65,55,4096,68608
65,56,5120,68608
65,54,6144,68608
65,55,7168,68608
65,54,8192,68608
65,18,12288,68608
65,21,14336,68608
65,21,15360,68608
65,22,17408,68608
65,54,17408,68608
65,21,18432,68608
21,21,1024,70656
21,62,1024,70656
21,55,2048,70656
21,56,3072,70656
21,54,4096,70656
21,55,5120,70656
21,54,6144,70656
21,18,10240,70656
21,21,12288,70656
21,21,13312,70656
21,22,15360,70656
21,54,15360,70656
21,21,16384,70656
21,59,16384,70656
21,62,0,71680
21,55,1024,71680
21,56,2048,71680
21,54,3072,71680
21,55,4096,71680
21,54,5120,71680
21,18,9216,71680
21,21,11264,71680
21,21,12288,71680
21,22,14336,71680
21,54,14336,71680
21,21,15360,71680
21,59,15360,71680
21,24,16384,71680
62,55,1024,71680
62,56,2048,71680
62,54,3072,71680
62,55,4096,71680
62,54,5120,71680
62,18,9216,71680
62,21,11264,71680
62,21,12288,71680
62,22,14336,71680
62,54,14336,71680
62,21,15360,71680
62,59,15360,71680
62,24,16384,71680
62,63,16384,71680
55,56,1024,72704
55,54,2048,72704
55,55,3072,72704
55,54,4096,72704
55,18,8192,72704
55,21,10240,72704
55,21,11264,72704
55,22,13312,72704
55,54,13312,72704
55,21,14336,72704
55,59,14336,72704
55,24,15360,72704
55,63,15360,72704
55,24,16384,72704
56,54,1024,73728
56,55,2048,73728
56,54,3072,73728
56,18,7168,73728
56,21,9216,73728
56,21,10240,73728
56,22,12288,73728
56,54,12288,73728
56,21,13312,73728
56,59,13312,73728
56,24,14336,73728
56,63,14336,73728
56,24,15360,73728
56,65,15360,73728
54,55,1024,74752
54,54,2048,74752
54,18,6144,74752
54,21,8192,74752
54,21,9216,74752
54,22,11264,74752
54,54,11264,74752
54,21,12288,74752
54,59,12288,74752
54,24,13312,74752
54,63,13312,74752
54,24,14336,74752
54,65,14336,74752
54,21,15360,74752
55,54,1024,75776
55,18,5120,75776
55,21,7168,75776
55,21,8192,75776
55,22,10240,75776
55,54,10240,75776
55,21,11264,75776
55,59,11264,75776
55,24,12288,75776
55,63,12288,75776
55,24,13312,75776
55,65,13312,75776
55,21,14336,75776
55,43,15360,75776
54,18,4096,76800
54,21,6144,76800
54,21,7168,76800
54,22,9216,76800
54,54,9216,76800
54,21,10240,76800
54,59,10240,76800
54,24,11264,76800
54,63,11264,76800
54,24,12288,76800
54,65,12288,76800
54,21,13312,76800
54,43,14336,76800
54,22,15360,76800
18,21,2048,80896
18,21,3072,80896
18,22,5120,80896
18,54,5120,80896
18,21,6144,80896
18,59,6144,80896
18,24,7168,80896
18,63,7168,80896
18,24,8192,80896
18,65,8192,80896
18,21,9216,80896
18,43,10240,80896
18,22,11264,80896
18,43,11264,80896
21,21,1024,82944
21,22,3072,82944
21,54,3072,82944
21,21,4096,82944
21,59,4096,82944
21,24,5120,82944
21,63,5120,82944
21,24,6144,82944
21,65,6144,82944
21,21,7168,82944
21,43,8192,82944
21,22,9216,82944
21,43,9216,82944
21,71,11264,82944
21,22,2048,83968
21,54,2048,83968
21,21,3072,83968
21,59,3072,83968
21,24,4096,83968
21,63,4096,83968
21,24,5120,83968
21,65,5120,83968
21,21,6144,83968
21,43,7168,83968
21,22,8192,83968
21,43,8192,83968
21,71,10240,83968
21,63,11264,83968
22,54,0,86016
22,21,1024,86016
22,59,1024,86016
22,24,2048,86016
22,63,2048,86016
22,24,3072,86016
22,65,3072,86016
22,21,4096,86016
22,43,5120,86016
22,22,6144,86016
22,43,6144,86016
22,71,8192,86016
22,63,9216,86016
22,50,12288,86016
54,21,1024,86016
54,59,1024,86016
54,24,2048,86016
54,63,2048,86016
54,24,3072,86016
54,65,3072,86016
54,21,4096,86016
54,43,5120,86016
54,22,6144,86016
54,43,6144,86016
54,71,8192,86016
54,63,9216,86016
54,50,12288,86016
21,59,0,87040
21,24,1024,87040
21,63,1024,87040
21,24,2048,87040
21,65,2048,87040
21,21,3072,87040
21,43,4096,87040
21,22,5120,87040
21,43,5120,87040
21,71,7168,87040
21,63,8192,87040
21,50,11264,87040
59,24,1024,87040
59,63,1024,87040
59,24,2048,87040
59,65,2048,87040
59,21,3072,87040
59,43,4096,87040
59,22,5120,87040
59,43,5120,87040
59,71,7168,87040
59,63,8192,87040
59,50,11264,87040
24,63,0,88064
24,24,1024,88064
24,65,1024,88064
24,21,2048,88064
24,43,3072,88064
24,22,4096,88064
24,43,4096,88064
24,71,6144,88064
24,63,7168,88064
24,50,10240,88064
63,24,1024,88064
63,65,1024,88064
63,21,2048,88064
63,43,3072,88064
63,22,4096,88064
63,43,4096,88064
63,71,6144,88064
63,63,7168,88064
63,50,10240,88064
24,65,0,89088
24,21,1024,89088
24,43,2048,89088
24,22,3072,89088
24,43,3072,89088
24,71,5120,89088
24,63,6144,89088
24,50,9216,89088
65,21,1024,89088
65,43,2048,89088
65,22,3072,89088
65,43,3072,89088
65,71,5120,89088
65,63,6144,89088
65,50,9216,89088
21,43,1024,90112
21,22,2048,90112
21,43,2048,90112
21,71,4096,90112
21,63,5120,90112
21,50,8192,90112
43,22,1024,91136
43,43,1024,91136
43,71,3072,91136
43,63,4096,91136
43,50,7168,91136
22,43,0,92160
22,71,2048,92160
22,63,3072,92160
22,50,6144,92160
43,71,2048,92160
43,63,3072,92160
43,50,6144,92160
71,63,1024,94208
71,50,4096,94208
63,50,3072,95232
50,32,18432,98304
50,60,19456,98304
32,60,1024,116736
32,20,6144,116736
32,20,7168,116736
32,20,9216,116736
32,24,11264,116736
32,48,11264,116736
32,49,12288,116736
32,27,17408,116736
32,48,17408,116736
60,20,5120,117760
60,20,6144,117760
60,20,8192,117760
60,24,10240,117760
60,48,10240,117760
60,49,11264,117760
60,27,16384,117760
60,48,16384,117760
60,20,20480,117760
20,20,1024,122880
20,20,3072,122880
20,24,5120,122880
20,48,5120,122880
20,49,6144,122880
20,27,11264,122880
20,48,11264,122880
20,20,15360,122880
20,22,16384,122880
20,21,17408,122880
20,21,20480,122880
20,20,2048,123904
20,24,4096,123904
20,48,4096,123904
20,49,5120,123904
20,27,10240,123904
20,48,10240,123904
20,20,14336,123904
20,22,15360,123904
20,21,16384,123904
20,21,19456,123904
20,24,2048,125952
20,48,2048,125952
20,49,3072,125952
20,27,8192,125952
20,48,8192,125952
20,20,12288,125952
20,22,13312,125952
20,21,14336,125952
20,21,17408,125952
20,18,19456,125952
24,48,0,128000
24,49,1024,128000
24,27,6144,128000
24,48,6144,128000
24,20,10240,128000
24,22,11264,128000
24,21,12288,128000
24,21,15360,128000
24,18,17408,128000
48,49,1024,128000
48,27,6144,128000
48,48,6144,128000
48,20,10240,128000
48,22,11264,128000
48,21,12288,128000
48,21,15360,128000
48,18,17408,128000
49,27,5120,129024
49,48,5120,129024
49,20,9216,129024
49,22,10240,129024
49,21,11264,129024
49,21,14336,129024
49,18,16384,129024
49,18,20480,129024
27,48,0,134144
27,20,4096,134144
27,22,5120,134144
27,21,6144,134144
27,21,9216,134144
27,18,11264,134144
27,18,15360,134144
48,20,4096,134144
48,22,5120,134144
48,21,6144,134144
48,21,9216,134144
48,18,11264,134144
48,18,15360,134144
20,22,1024,138240
20,21,2048,138240
20,21,5120,138240
20,18,7168,138240
20,18,11264,138240
20,53,18432,138240
20,58,19456,138240
20,63,20480,138240
22,21,1024,139264
22,21,4096,139264
22,18,6144,139264
22,18,10240,139264
22,53,17408,139264
22,58,18432,139264
22,63,19456,139264
22,21,20480,139264
21,21,3072,140288
21,18,5120,140288
21,18,9216,140288
21,53,16384,140288
21,58,17408,140288
21,63,18432,140288
21,21,19456,140288
21,21,20480,140288
21,18,2048,143360
21,18,6144,143360
21,53,13312,143360
21,58,14336,143360
21,63,15360,143360
21,21,16384,143360
21,21,17408,143360
21,21,18432,143360
21,62,19456,143360
21,56,20480,143360
18,18,4096,145408
18,53,11264,145408
18,58,12288,145408
18,63,13312,145408
18,21,14336,145408
18,21,15360,145408
18,21,16384,145408
18,62,17408,145408
18,56,18432,145408
18,55,19456,145408
18,55,20480,145408
18,53,7168,149504
18,58,8192,149504
18,63,9216,149504
18,21,10240,149504
18,21,11264,149504
18,21,12288,149504
18,62,13312,149504
18,56,14336,149504
18,55,15360,149504
18,55,16384,149504
18,53,17408,149504
18,18,18432,149504
53,58,1024,156672
53,63,2048,156672
53,21,3072,156672
53,21,4096,156672
53,21,5120,156672
53,62,6144,156672
53,56,7168,156672
53,55,8192,156672
53,55,9216,156672
53,53,10240,156672
53,18,11264,156672
53,18,15360,156672
53,21,17408,156672
53,21,18432,156672
58,63,1024,157696
58,21,2048,157696
58,21,3072,157696
58,21,4096,157696
58,62,5120,157696
58,56,6144,157696
58,55,7168,157696
58,55,8192,157696
58,53,9216,157696
58,18,10240,157696
58,18,14336,157696
58,21,16384,157696
58,21,17408,157696
58,21,19456,157696
63,21,1024,158720
63,21,2048,158720
63,21,3072,158720
63,62,4096,158720
63,56,5120,158720
63,55,6144,158720
63,55,7168,158720
63,53,8192,158720
63,18,9216,158720
63,18,13312,158720
63,21,15360,158720
63,21,16384,158720
63,21,18432,158720
63,21,19456,158720
21,21,1024,159744
21,21,2048,159744
21,62,3072,159744
21,56,4096,159744
21,55,5120,159744
21,55,6144,159744
21,53,7168,159744
21,18,8192,159744
21,18,12288,159744
21,21,14336,159744
21,21,15360,159744
21,21,17408,159744
21,21,18432,159744
21,59,18432,159744
21,21,1024,160768
21,62,2048,160768
21,56,3072,160768
21,55,4096,160768
21,55,5120,160768
21,53,6144,160768
21,18,7168,160768
21,18,11264,160768
21,21,13312,160768
21,21,14336,160768
21,21,16384,160768
21,21,17408,160768
21,59,17408,160768
21,24,18432,160768
21,62,1024,161792
21,56,2048,161792
21,55,3072,161792
21,55,4096,161792
21,53,5120,161792
21,18,6144,161792
21,18,10240,161792
21,21,12288,161792
21,21,13312,161792
21,21,15360,161792
21,21,16384,161792
21,59,16384,161792
21,24,17408,161792
21,61,17408,161792
62,56,1024,162816
62,55,2048,162816
62,55,3072,162816
62,53,4096,162816
62,18,5120,162816
62,18,9216,162816
62,21,11264,162816
62,21,12288,162816
62,21,14336,162816
62,21,15360,162816
62,59,15360,162816
62,24,16384,162816
62,61,16384,162816
62,64,17408,162816
56,55,1024,163840
56,55,2048,163840
56,53,3072,163840
56,18,4096,163840
56,18,8192,163840
56,21,10240,163840
56,21,11264,163840
56,21,13312,163840
56,21,14336,163840
56,59,14336,163840
56,24,15360,163840
56,61,15360,163840
56,64,16384,163840
56,21,17408,163840
55,55,1024,164864
55,53,2048,164864
55,18,3072,164864
55,18,7168,164864
55,21,9216,164864
55,21,10240,164864
55,21,12288,164864
55,21,13312,164864
55,59,13312,164864
55,24,14336,164864
55,61,14336,164864
55,64,15360,164864
55,21,16384,164864
55,43,17408,164864
55,53,1024,165888
55,18,2048,165888
55,18,6144,165888
55,21,8192,165888
55,21,9216,165888
55,21,11264,165888
55,21,12288,165888
55,59,12288,165888
55,24,13312,165888
55,61,13312,165888
55,64,14336,165888
55,21,15360,165888
55,43,16384,165888
55,18,17408,165888
53,18,1024,166912
53,18,5120,166912
53,21,7168,166912
53,21,8192,166912
53,21,10240,166912
53,21,11264,166912
53,59,11264,166912
53,24,12288,166912
53,61,12288,166912
53,64,13312,166912
53,21,14336,166912
53,43,15360,166912
53,18,16384,166912
53,44,16384,166912
18,18,4096,167936
18,21,6144,167936
18,21,7168,167936
18,21,9216,167936
18,21,10240,167936
18,59,10240,167936
18,24,11264,167936
18,61,11264,167936
18,64,12288,167936
18,21,13312,167936
18,43,14336,167936
18,18,15360,167936
18,44,15360,167936
18,21,2048,172032
18,21,3072,172032
18,21,5120,172032
18,21,6144,172032
18,59,6144,172032
18,24,7168,172032
18,61,7168,172032
18,64,8192,172032
18,21,9216,172032
18,43,10240,172032
18,18,11264,172032
18,44,11264,172032
21,21,1024,174080
21,21,3072,174080
21,21,4096,174080
21,59,4096,174080
21,24,5120,174080
21,61,5120,174080
21,64,6144,174080
21,21,7168,174080
21,43,8192,174080
21,18,9216,174080
21,44,9216,174080
21,21,2048,175104
21,21,3072,175104
21,59,3072,175104
21,24,4096,175104
21,61,4096,175104
21,64,5120,175104
21,21,6144,175104
21,43,7168,175104
21,18,8192,175104
21,44,8192,175104
21,21,1024,177152
21,59,1024,177152
21,24,2048,177152
21,61,2048,177152
21,64,3072,177152
21,21,4096,177152
21,43,5120,177152
21,18,6144,177152
21,44,6144,177152
21,59,0,178176
21,24,1024,178176
21,61,1024,178176
21,64,2048,178176
21,21,3072,178176
21,43,4096,178176
21,18,5120,178176
21,44,5120,178176
59,24,1024,178176
59,61,1024,178176
59,64,2048,178176
59,21,3072,178176
59,43,4096,178176
59,18,5120,178176
59,44,5120,178176
24,61,0,179200
24,64,1024,179200
24,21,2048,179200
24,43,3072,179200
24,18,4096,179200
24,44,4096,179200
61,64,1024,179200
61,21,2048,179200
61,43,3072,179200
61,18,4096,179200
61,44,4096,179200
64,21,1024,180224
64,43,2048,180224
64,18,3072,180224
64,44,3072,180224
21,43,1024,181248
21,18,2048,181248
21,44,2048,181248
43,18,1024,182272
43,44,1024,182272
18,44,0,183296
51,20,7168,205824
51,20,8192,205824
51,20,11264,205824
51,24,13312,205824
51,24,14336,205824
51,66,16384,205824
51,24,17408,205824
51,70,17408,205824
51,27,18432,205824
51,78,18432,205824
20,20,1024,212992
20,20,4096,212992
20,24,6144,212992
20,24,7168,212992
20,66,9216,212992
20,24,10240,212992
20,70,10240,212992
20,27,11264,212992
20,78,11264,212992
20,20,15360,212992
20,20,16384,212992
20,65,17408,212992
20,22,18432,212992
20,65,18432,212992
20,20,3072,214016
20,24,5120,214016
20,24,6144,214016
20,66,8192,214016
20,24,9216,214016
20,70,9216,214016
20,27,10240,214016
20,78,10240,214016
20,20,14336,214016
20,20,15360,214016
20,65,16384,214016
20,22,17408,214016
20,65,17408,214016
20,87,17408,214016
20,24,2048,217088
20,24,3072,217088
20,66,5120,217088
20,24,6144,217088
20,70,6144,217088
20,27,7168,217088
20,78,7168,217088
20,20,11264,217088
20,20,12288,217088
20,65,13312,217088
20,22,14336,217088
20,65,14336,217088
20,87,14336,217088
20,64,15360,217088
24,24,1024,219136
24,66,3072,219136
24,24,4096,219136
24,70,4096,219136
24,27,5120,219136
24,78,5120,219136
24,20,9216,219136
24,20,10240,219136
24,65,11264,219136
24,22,12288,219136
24,65,12288,219136
24,87,12288,219136
24,64,13312,219136
24,85,13312,219136
24,66,2048,220160
24,24,3072,220160
24,70,3072,220160
24,27,4096,220160
24,78,4096,220160
24,20,8192,220160
24,20,9216,220160
24,65,10240,220160
24,22,11264,220160
24,65,11264,220160
24,87,11264,220160
24,64,12288,220160
24,85,12288,220160
24,65,13312,220160
66,24,1024,222208
66,70,1024,222208
66,27,2048,222208
66,78,2048,222208
66,20,6144,222208
66,20,7168,222208
66,65,8192,222208
66,22,9216,222208
66,65,9216,222208
66,87,9216,222208
66,64,10240,222208
66,85,10240,222208
66,65,11264,222208
66,64,12288,222208
24,70,0,223232
24,27,1024,223232
24,78,1024,223232
24,20,5120,223232
24,20,6144,223232
24,65,7168,223232
24,22,8192,223232
24,65,8192,223232
24,87,8192,223232
24,64,9216,223232
24,85,9216,223232
24,65,10240,223232
24,64,11264,223232
24,62,12288,223232
70,27,1024,223232
70,78,1024,223232
70,20,5120,223232
70,20,6144,223232
70,65,7168,223232
70,22,8192,223232
70,65,8192,223232
70,87,8192,223232
70,64,9216,223232
70,85,9216,223232
70,65,10240,223232
70,64,11264,223232
70,62,12288,223232
70,64,13312,223232
27,78,0,224256
27,20,4096,224256
27,20,5120,224256
27,65,6144,224256
27,22,7168,224256
27,65,7168,224256
27,87,7168,224256
27,64,8192,224256
27,85,8192,224256
27,65,9216,224256
27,64,10240,224256
27,62,11264,224256
27,64,12288,224256
78,20,4096,224256
78,20,5120,224256
78,65,6144,224256
78,22,7168,224256
78,65,7168,224256
78,87,7168,224256
78,64,8192,224256
78,85,8192,224256
78,65,9216,224256
78,64,10240,224256
78,62,11264,224256
78,64,12288,224256
20,20,1024,228352
20,65,2048,228352
20,22,3072,228352
20,65,3072,228352
20,87,3072,228352
20,64,4096,228352
20,85,4096,228352
20,65,5120,228352
20,64,6144,228352
20,62,7168,228352
20,64,8192,228352
20,36,19456,228352
20,65,1024,229376
20,22,2048,229376
20,65,2048,229376
20,87,2048,229376
20,64,3072,229376
20,85,3072,229376
20,65,4096,229376
20,64,5120,229376
20,62,6144,229376
20,64,7168,229376
20,36,18432,229376
65,22,1024,230400
65,65,1024,230400
65,87,1024,230400
65,64,2048,230400
65,85,2048,230400
65,65,3072,230400
65,64,4096,230400
65,62,5120,230400
65,64,6144,230400
65,36,17408,230400
22,65,0,231424
22,87,0,231424
22,64,1024,231424
22,85,1024,231424
22,65,2048,231424
22,64,3072,231424
22,62,4096,231424
22,64,5120,231424
22,36,16384,231424
65,87,0,231424
65,64,1024,231424
65,85,1024,231424
65,65,2048,231424
65,64,3072,231424
65,62,4096,231424
65,64,5120,231424
65,36,16384,231424
87,64,1024,231424
87,85,1024,231424
87,65,2048,231424
87,64,3072,231424
87,62,4096,231424
87,64,5120,231424
87,36,16384,231424
64,85,0,232448
64,65,1024,232448
64,64,2048,232448
64,62,3072,232448
64,64,4096,232448
64,36,15360,232448
64,27,20480,232448
85,65,1024,232448
85,64,2048,232448
85,62,3072,232448
85,64,4096,232448
85,36,15360,232448
85,27,20480,232448
65,64,1024,233472
65,62,2048,233472
65,64,3072,233472
65,36,14336,233472
65,27,19456,233472
64,62,1024,234496
64,64,2048,234496
64,36,13312,234496
64,27,18432,234496
62,64,1024,235520
62,36,12288,235520
62,27,17408,235520
64,36,11264,236544
64,27,16384,236544
36,27,5120,247808
27,37,17408,252928
37,19,4096,270336
37,21,5120,270336
37,43,5120,270336
37,44,6144,270336
37,47,7168,270336
37,24,8192,270336
37,48,8192,270336
37,51,9216,270336
37,26,16384,270336
19,21,1024,274432
19,43,1024,274432
19,44,2048,274432
19,47,3072,274432
19,24,4096,274432
19,48,4096,274432
19,51,5120,274432
19,26,12288,274432
19,19,17408,274432
19,58,17408,274432
19,21,18432,274432
19,62,18432,274432
19,43,20480,274432
21,43,0,275456
21,44,1024,275456
21,47,2048,275456
21,24,3072,275456
21,48,3072,275456
21,51,4096,275456
21,26,11264,275456
21,19,16384,275456
21,58,16384,275456
21,21,17408,275456
21,62,17408,275456
21,43,19456,275456
21,21,20480,275456
21,43,20480,275456
43,44,1024,275456
43,47,2048,275456
43,24,3072,275456
43,48,3072,275456
43,51,4096,275456
43,26,11264,275456
43,19,16384,275456
43,58,16384,275456
43,21,17408,275456
43,62,17408,275456
43,43,19456,275456
43,21,20480,275456
43,43,20480,275456
44,47,1024,276480
44,24,2048,276480
44,48,2048,276480
44,51,3072,276480
44,26,10240,276480
44,19,15360,276480
44,58,15360,276480
44,21,16384,276480
44,62,16384,276480
44,43,18432,276480
44,21,19456,276480
44,43,19456,276480
44,22,20480,276480
44,44,20480,276480
47,24,1024,277504
47,48,1024,277504
47,51,2048,277504
47,26,9216,277504
47,19,14336,277504
47,58,14336,277504
47,21,15360,277504
47,62,15360,277504
47,43,17408,277504
47,21,18432,277504
47,43,18432,277504
47,22,19456,277504
47,44,19456,277504
24,48,0,278528
24,51,1024,278528
24,26,8192,278528
24,19,13312,278528
24,58,13312,278528
24,21,14336,278528
24,62,14336,278528
24,43,16384,278528
24,21,17408,278528
24,43,17408,278528
24,22,18432,278528
24,44,18432,278528
24,18,20480,278528
48,51,1024,278528
48,26,8192,278528
48,19,13312,278528
48,58,13312,278528
48,21,14336,278528
48,62,14336,278528
48,43,16384,278528
48,21,17408,278528
48,43,17408,278528
48,22,18432,278528
48,44,18432,278528
48,18,20480,278528
51,26,7168,279552
51,19,12288,279552
51,58,12288,279552
51,21,13312,279552
51,62,13312,279552
51,43,15360,279552
51,21,16384,279552
51,43,16384,279552
51,22,17408,279552
51,44,17408,279552
51,18,19456,279552
51,18,20480,279552
51,54,20480,279552
26,19,5120,286720
26,58,5120,286720
26,21,6144,286720
26,62,6144,286720
26,43,8192,286720
26,21,9216,286720
26,43,9216,286720
26,22,10240,286720
26,44,10240,286720
26,18,12288,286720
26,18,13312,286720
26,54,13312,286720
26,54,14336,286720
19,58,0,291840
19,21,1024,291840
19,62,1024,291840
19,43,3072,291840
19,21,4096,291840
19,43,4096,291840
19,22,5120,291840
19,44,5120,291840
19,18,7168,291840
19,18,8192,291840
19,54,8192,291840
19,54,9216,291840
19,21,17408,291840
58,21,1024,291840
58,62,1024,291840
58,43,3072,291840
58,21,4096,291840
58,43,4096,291840
58,22,5120,291840
58,44,5120,291840
58,18,7168,291840
58,18,8192,291840
58,54,8192,291840
58,54,9216,291840
58,21,17408,291840
21,62,0,292864
21,43,2048,292864
21,21,3072,292864
21,43,3072,292864
21,22,4096,292864
21,44,4096,292864
21,18,6144,292864
21,18,7168,292864
21,54,7168,292864
21,54,8192,292864
21,21,16384,292864
62,43,2048,292864
62,21,3072,292864
62,43,3072,292864
62,22,4096,292864
62,44,4096,292864
62,18,6144,292864
62,18,7168,292864
62,54,7168,292864
62,54,8192,292864
62,21,16384,292864
43,21,1024,294912
43,43,1024,294912
43,22,2048,294912
43,44,2048,294912
43,18,4096,294912
43,18,5120,294912
43,54,5120,294912
43,54,6144,294912
43,21,14336,294912
43,36,19456,294912
43,54,19456,294912
21,43,0,295936
21,22,1024,295936
21,44,1024,295936
21,18,3072,295936
21,18,4096,295936
21,54,4096,295936
21,54,5120,295936
21,21,13312,295936
21,36,18432,295936
21,54,18432,295936
43,22,1024,295936
43,44,1024,295936
43,18,3072,295936
43,18,4096,295936
43,54,4096,295936
43,54,5120,295936
43,21,13312,295936
43,36,18432,295936
43,54,18432,295936
22,44,0,296960
22,18,2048,296960
22,18,3072,296960
22,54,3072,296960
22,54,4096,296960
22,21,12288,296960
22,36,17408,296960
22,54,17408,296960
22,20,20480,296960
44,18,2048,296960
44,18,3072,296960
44,54,3072,296960
44,54,4096,296960
44,21,12288,296960
44,36,17408,296960
44,54,17408,296960
44,20,20480,296960
18,18,1024,299008
18,54,1024,299008
18,54,2048,299008
18,21,10240,299008
18,36,15360,299008
18,54,15360,299008
18,20,18432,299008
18,65,20480,299008
18,54,0,300032
18,54,1024,300032
18,21,9216,300032
18,36,14336,300032
18,54,14336,300032
18,20,17408,300032
18,65,19456,300032
54,54,1024,300032
54,21,9216,300032
54,36,14336,300032
54,54,14336,300032
54,20,17408,300032
54,65,19456,300032
54,21,8192,301056
54,36,13312,301056
54,54,13312,301056
54,20,16384,301056
54,65,18432,301056
21,36,5120,309248
21,54,5120,309248
21,20,8192,309248
21,65,10240,309248
36,54,0,314368
36,20,3072,314368
36,65,5120,314368
54,20,3072,314368
54,65,5120,314368
20,65,2048,317440
