15,9,8192,18432
15,10,17408,18432
9,10,9216,26624
10,113,14336,35840
10,122,18432,35840
10,307,19456,35840
113,122,4096,50176
113,307,5120,50176
113,60,7168,50176
113,12,10240,50176
113,115,11264,50176
113,174,12288,50176
113,174,13312,50176
113,116,14336,50176
113,117,15360,50176
113,248,16384,50176
113,105,18432,50176
113,10,19456,50176
122,307,1024,54272
122,60,3072,54272
122,12,6144,54272
122,115,7168,54272
122,174,8192,54272
122,174,9216,54272
122,116,10240,54272
122,117,11264,54272
122,248,12288,54272
122,105,14336,54272
122,10,15360,54272
122,103,18432,54272
307,60,2048,55296
307,12,5120,55296
307,115,6144,55296
307,174,7168,55296
307,174,8192,55296
307,116,9216,55296
307,117,10240,55296
307,248,11264,55296
307,105,13312,55296
307,10,14336,55296
307,103,17408,55296
307,102,20480,55296
60,12,3072,57344
60,115,4096,57344
60,174,5120,57344
60,174,6144,57344
60,116,7168,57344
60,117,8192,57344
60,248,9216,57344
60,105,11264,57344
60,10,12288,57344
60,103,15360,57344
60,102,18432,57344
12,115,1024,60416
12,174,2048,60416
12,174,3072,60416
12,116,4096,60416
12,117,5120,60416
12,248,6144,60416
12,105,8192,60416
12,10,9216,60416
12,103,12288,60416
12,102,15360,60416
115,174,1024,61440
115,174,2048,61440
115,116,3072,61440
115,117,4096,61440
115,248,5120,61440
115,105,7168,61440
115,10,8192,61440
115,103,11264,61440
115,102,14336,61440
174,174,1024,62464
174,116,2048,62464
174,117,3072,62464
174,248,4096,62464
174,105,6144,62464
174,10,7168,62464
174,103,10240,62464
174,102,13312,62464
174,116,1024,63488
174,117,2048,63488
174,248,3072,63488
174,105,5120,63488
174,10,6144,63488
174,103,9216,63488
174,102,12288,63488
116,117,1024,64512
116,248,2048,64512
116,105,4096,64512
116,10,5120,64512
116,103,8192,64512
116,102,11264,64512
117,248,1024,65536
117,105,3072,65536
117,10,4096,65536
117,103,7168,65536
117,102,10240,65536
248,105,2048,66560
248,10,3072,66560
248,103,6144,66560
248,102,9216,66560
105,10,1024,68608
105,103,4096,68608
105,102,7168,68608
10,103,3072,69632
10,102,6144,69632
103,102,3072,72704
10,15,17408,102400
15,10,8192,119808
15,139,9216,119808
15,138,10240,119808
15,137,11264,119808
15,10,16384,119808
15,10,17408,119808
10,139,1024,128000
10,138,2048,128000
10,137,3072,128000
10,10,8192,128000
10,10,9216,128000
10,11,16384,128000
139,138,1024,129024
139,137,2048,129024
139,10,7168,129024
139,10,8192,129024
139,11,15360,129024
138,137,1024,130048
138,10,6144,130048
138,10,7168,130048
138,11,14336,130048
137,10,5120,131072
137,10,6144,131072
137,11,13312,131072
10,10,1024,136192
10,11,8192,136192
10,116,20480,136192
10,11,7168,137216
10,116,19456,137216
11,116,12288,144384
11,61,14336,144384
11,58,17408,144384
11,58,18432,144384
116,61,2048,156672
116,58,5120,156672
116,58,6144,156672
61,58,3072,158720
61,58,4096,158720
58,58,1024,161792
