6,89,1024,5120
6,62,2048,5120
6,62,3072,5120
6,33,6144,5120
6,33,7168,5120
6,33,8192,5120
6,65,9216,5120
6,97,10240,5120
6,97,11264,5120
6,99,12288,5120
6,105,13312,5120
6,107,14336,5120
6,104,15360,5120
6,106,16384,5120
89,62,1024,6144
89,62,2048,6144
89,33,5120,6144
89,33,6144,6144
89,33,7168,6144
89,65,8192,6144
89,97,9216,6144
89,97,10240,6144
89,99,11264,6144
89,105,12288,6144
89,107,13312,6144
89,104,14336,6144
89,106,15360,6144
89,107,16384,6144
62,62,1024,7168
62,33,4096,7168
62,33,5120,7168
62,33,6144,7168
62,65,7168,7168
62,97,8192,7168
62,97,9216,7168
62,99,10240,7168
62,105,11264,7168
62,107,12288,7168
62,104,13312,7168
62,106,14336,7168
62,107,15360,7168
62,104,16384,7168
62,33,3072,8192
62,33,4096,8192
62,33,5120,8192
62,65,6144,8192
62,97,7168,8192
62,97,8192,8192
62,99,9216,8192
62,105,10240,8192
62,107,11264,8192
62,104,12288,8192
62,106,13312,8192
62,107,14336,8192
62,104,15360,8192
62,10,20480,8192
33,33,1024,11264
33,33,2048,11264
33,65,3072,11264
33,97,4096,11264
33,97,5120,11264
33,99,6144,11264
33,105,7168,11264
33,107,8192,11264
33,104,9216,11264
33,106,10240,11264
33,107,11264,11264
33,104,12288,11264
33,10,17408,11264
33,125,18432,11264
33,33,1024,12288
33,65,2048,12288
33,97,3072,12288
33,97,4096,12288
33,99,5120,12288
33,105,6144,12288
33,107,7168,12288
33,104,8192,12288
33,106,9216,12288
33,107,10240,12288
33,104,11264,12288
33,10,16384,12288
33,125,17408,12288
33,65,1024,13312
33,97,2048,13312
33,97,3072,13312
33,99,4096,13312
33,105,5120,13312
33,107,6144,13312
33,104,7168,13312
33,106,8192,13312
33,107,9216,13312
33,104,10240,13312
33,10,15360,13312
33,125,16384,13312
33,63,20480,13312
65,97,1024,14336
65,97,2048,14336
65,99,3072,14336
65,105,4096,14336
65,107,5120,14336
65,104,6144,14336
65,106,7168,14336
65,107,8192,14336
65,104,9216,14336
65,10,14336,14336
65,125,15360,14336
65,63,19456,14336
65,62,20480,14336
97,97,1024,15360
97,99,2048,15360
97,105,3072,15360
97,107,4096,15360
97,104,5120,15360
97,106,6144,15360
97,107,7168,15360
97,104,8192,15360
97,10,13312,15360
97,125,14336,15360
97,63,18432,15360
97,62,19456,15360
97,99,1024,16384
97,105,2048,16384
97,107,3072,16384
97,104,4096,16384
97,106,5120,16384
97,107,6144,16384
97,104,7168,16384
97,10,12288,16384
97,125,13312,16384
97,63,17408,16384
97,62,18432,16384
99,105,1024,17408
99,107,2048,17408
99,104,3072,17408
99,106,4096,17408
99,107,5120,17408
99,104,6144,17408
99,10,11264,17408
99,125,12288,17408
99,63,16384,17408
99,62,17408,17408
105,107,1024,18432
105,104,2048,18432
105,106,3072,18432
105,107,4096,18432
105,104,5120,18432
105,10,10240,18432
105,125,11264,18432
105,63,15360,18432
105,62,16384,18432
105,55,20480,18432
107,104,1024,19456
107,106,2048,19456
107,107,3072,19456
107,104,4096,19456
107,10,9216,19456
107,125,10240,19456
107,63,14336,19456
107,62,15360,19456
107,55,19456,19456
107,7,20480,19456
104,106,1024,20480
104,107,2048,20480
104,104,3072,20480
104,10,8192,20480
104,125,9216,20480
104,63,13312,20480
104,62,14336,20480
104,55,18432,20480
104,7,19456,20480
104,7,20480,20480
106,107,1024,21504
106,104,2048,21504
106,10,7168,21504
106,125,8192,21504
106,63,12288,21504
106,62,13312,21504
106,55,17408,21504
106,7,18432,21504
106,7,19456,21504
106,7,20480,21504
107,104,1024,22528
107,10,6144,22528
107,125,7168,22528
107,63,11264,22528
107,62,12288,22528
107,55,16384,22528
107,7,17408,22528
107,7,18432,22528
107,7,19456,22528
107,7,20480,22528
104,10,5120,23552
104,125,6144,23552
104,63,10240,23552
104,62,11264,23552
104,55,15360,23552
104,7,16384,23552
104,7,17408,23552
104,7,18432,23552
104,7,19456,23552
104,7,20480,23552
10,125,1024,28672
10,63,5120,28672
10,62,6144,28672
10,55,10240,28672
10,7,11264,28672
10,7,12288,28672
10,7,13312,28672
10,7,14336,28672
10,7,15360,28672
125,63,4096,29696
125,62,5120,29696
125,55,9216,29696
125,7,10240,29696
125,7,11264,29696
125,7,12288,29696
125,7,13312,29696
125,7,14336,29696
63,62,1024,33792
63,55,5120,33792
63,7,6144,33792
63,7,7168,33792
63,7,8192,33792
63,7,9216,33792
63,7,10240,33792
63,7,17408,33792
62,55,4096,34816
62,7,5120,34816
62,7,6144,34816
62,7,7168,34816
62,7,8192,34816
62,7,9216,34816
62,7,16384,34816
55,7,1024,38912
55,7,2048,38912
55,7,3072,38912
55,7,4096,38912
55,7,5120,38912
55,7,12288,38912
55,9,18432,38912
7,7,1024,39936
7,7,2048,39936
7,7,3072,39936
7,7,4096,39936
7,7,11264,39936
7,9,17408,39936
7,7,1024,40960
7,7,2048,40960
7,7,3072,40960
7,7,10240,40960
7,9,16384,40960
7,7,1024,41984
7,7,2048,41984
7,7,9216,41984
7,9,15360,41984
7,9,20480,41984
7,7,1024,43008
7,7,8192,43008
7,9,14336,43008
7,9,19456,43008
7,9,20480,43008
7,7,7168,44032
7,9,13312,44032
7,9,18432,44032
7,9,19456,44032
7,9,20480,44032
7,9,6144,51200
7,9,11264,51200
7,9,12288,51200
7,9,13312,51200
7,9,14336,51200
9,9,5120,57344
9,9,6144,57344
9,9,7168,57344
9,9,8192,57344
9,7,17408,57344
9,7,18432,57344
9,7,19456,57344
9,7,20480,57344
9,9,1024,62464
9,9,2048,62464
9,9,3072,62464
9,7,12288,62464
9,7,13312,62464
9,7,14336,62464
9,7,15360,62464
9,9,1024,63488
9,9,2048,63488
9,7,11264,63488
9,7,12288,63488
9,7,13312,63488
9,7,14336,63488
9,9,1024,64512
9,7,10240,64512
9,7,11264,64512
9,7,12288,64512
9,7,13312,64512
9,7,9216,65536
9,7,10240,65536
9,7,11264,65536
9,7,12288,65536
9,9,20480,65536
7,7,1024,74752
7,7,2048,74752
7,7,3072,74752
7,9,11264,74752
7,9,12288,74752
7,9,13312,74752
7,7,17408,74752
7,7,18432,74752
7,7,19456,74752
7,7,20480,74752
7,7,1024,75776
7,7,2048,75776
7,9,10240,75776
7,9,11264,75776
7,9,12288,75776
7,7,16384,75776
7,7,17408,75776
7,7,18432,75776
7,7,19456,75776
7,7,1024,76800
7,9,9216,76800
7,9,10240,76800
7,9,11264,76800
7,7,15360,76800
7,7,16384,76800
7,7,17408,76800
7,7,18432,76800
7,9,8192,77824
7,9,9216,77824
7,9,10240,77824
7,7,14336,77824
7,7,15360,77824
7,7,16384,77824
7,7,17408,77824
7,8,20480,77824
9,9,1024,86016
9,9,2048,86016
9,7,6144,86016
9,7,7168,86016
9,7,8192,86016
9,7,9216,86016
9,8,12288,86016
9,37,15360,86016
9,37,16384,86016
9,38,17408,86016
9,75,18432,86016
9,148,19456,86016
9,74,20480,86016
9,9,1024,87040
9,7,5120,87040
9,7,6144,87040
9,7,7168,87040
9,7,8192,87040
9,8,11264,87040
9,37,14336,87040
9,37,15360,87040
9,38,16384,87040
9,75,17408,87040
9,148,18432,87040
9,74,19456,87040
9,37,20480,87040
9,7,4096,88064
9,7,5120,88064
9,7,6144,88064
9,7,7168,88064
9,8,10240,88064
9,37,13312,88064
9,37,14336,88064
9,38,15360,88064
9,75,16384,88064
9,148,17408,88064
9,74,18432,88064
9,37,19456,88064
9,37,20480,88064
7,7,1024,92160
7,7,2048,92160
7,7,3072,92160
7,8,6144,92160
7,37,9216,92160
7,37,10240,92160
7,38,11264,92160
7,75,12288,92160
7,148,13312,92160
7,74,14336,92160
7,37,15360,92160
7,37,16384,92160
7,9,17408,92160
7,9,18432,92160
7,7,1024,93184
7,7,2048,93184
7,8,5120,93184
7,37,8192,93184
7,37,9216,93184
7,38,10240,93184
7,75,11264,93184
7,148,12288,93184
7,74,13312,93184
7,37,14336,93184
7,37,15360,93184
7,9,16384,93184
7,9,17408,93184
7,9,18432,93184
7,7,1024,94208
7,8,4096,94208
7,37,7168,94208
7,37,8192,94208
7,38,9216,94208
7,75,10240,94208
7,148,11264,94208
7,74,12288,94208
7,37,13312,94208
7,37,14336,94208
7,9,15360,94208
7,9,16384,94208
7,9,17408,94208
7,9,18432,94208
7,8,3072,95232
7,37,6144,95232
7,37,7168,95232
7,38,8192,95232
7,75,9216,95232
7,148,10240,95232
7,74,11264,95232
7,37,12288,95232
7,37,13312,95232
7,9,14336,95232
7,9,15360,95232
7,9,16384,95232
7,9,17408,95232
7,36,19456,95232
8,37,3072,98304
8,37,4096,98304
8,38,5120,98304
8,75,6144,98304
8,148,7168,98304
8,74,8192,98304
8,37,9216,98304
8,37,10240,98304
8,9,11264,98304
8,9,12288,98304
8,9,13312,98304
8,9,14336,98304
8,36,16384,98304
8,37,17408,98304
37,37,1024,101376
37,38,2048,101376
37,75,3072,101376
37,148,4096,101376
37,74,5120,101376
37,37,6144,101376
37,37,7168,101376
37,9,8192,101376
37,9,9216,101376
37,9,10240,101376
37,9,11264,101376
37,36,13312,101376
37,37,14336,101376
37,37,15360,101376
37,38,1024,102400
37,75,2048,102400
37,148,3072,102400
37,74,4096,102400
37,37,5120,102400
37,37,6144,102400
37,9,7168,102400
37,9,8192,102400
37,9,9216,102400
37,9,10240,102400
37,36,12288,102400
37,37,13312,102400
37,37,14336,102400
37,36,15360,102400
38,75,1024,103424
38,148,2048,103424
38,74,3072,103424
38,37,4096,103424
38,37,5120,103424
38,9,6144,103424
38,9,7168,103424
38,9,8192,103424
38,9,9216,103424
38,36,11264,103424
38,37,12288,103424
38,37,13312,103424
38,36,14336,103424
38,38,15360,103424
75,148,1024,104448
75,74,2048,104448
75,37,3072,104448
75,37,4096,104448
75,9,5120,104448
75,9,6144,104448
75,9,7168,104448
75,9,8192,104448
75,36,10240,104448
75,37,11264,104448
75,37,12288,104448
75,36,13312,104448
75,38,14336,104448
75,37,16384,104448
148,74,1024,105472
148,37,2048,105472
148,37,3072,105472
148,9,4096,105472
148,9,5120,105472
148,9,6144,105472
148,9,7168,105472
148,36,9216,105472
148,37,10240,105472
148,37,11264,105472
148,36,12288,105472
148,38,13312,105472
148,37,15360,105472
148,7,16384,105472
74,37,1024,106496
74,37,2048,106496
74,9,3072,106496
74,9,4096,106496
74,9,5120,106496
74,9,6144,106496
74,36,8192,106496
74,37,9216,106496
74,37,10240,106496
74,36,11264,106496
74,38,12288,106496
74,37,14336,106496
74,7,15360,106496
74,7,16384,106496
37,37,1024,107520
37,9,2048,107520
37,9,3072,107520
37,9,4096,107520
37,9,5120,107520
37,36,7168,107520
37,37,8192,107520
37,37,9216,107520
37,36,10240,107520
37,38,11264,107520
37,37,13312,107520
37,7,14336,107520
37,7,15360,107520
37,7,16384,107520
37,9,1024,108544
37,9,2048,108544
37,9,3072,108544
37,9,4096,108544
37,36,6144,108544
37,37,7168,108544
37,37,8192,108544
37,36,9216,108544
37,38,10240,108544
37,37,12288,108544
37,7,13312,108544
37,7,14336,108544
37,7,15360,108544
37,7,16384,108544
9,9,1024,109568
9,9,2048,109568
9,9,3072,109568
9,36,5120,109568
9,37,6144,109568
9,37,7168,109568
9,36,8192,109568
9,38,9216,109568
9,37,11264,109568
9,7,12288,109568
9,7,13312,109568
9,7,14336,109568
9,7,15360,109568
9,7,16384,109568
9,9,1024,110592
9,9,2048,110592
9,36,4096,110592
9,37,5120,110592
9,37,6144,110592
9,36,7168,110592
9,38,8192,110592
9,37,10240,110592
9,7,11264,110592
9,7,12288,110592
9,7,13312,110592
9,7,14336,110592
9,7,15360,110592
9,9,1024,111616
9,36,3072,111616
9,37,4096,111616
9,37,5120,111616
9,36,6144,111616
9,38,7168,111616
9,37,9216,111616
9,7,10240,111616
9,7,11264,111616
9,7,12288,111616
9,7,13312,111616
9,7,14336,111616
9,36,2048,112640
9,37,3072,112640
9,37,4096,112640
9,36,5120,112640
9,38,6144,112640
9,37,8192,112640
9,7,9216,112640
9,7,10240,112640
9,7,11264,112640
9,7,12288,112640
9,7,13312,112640
9,9,20480,112640
36,37,1024,114688
36,37,2048,114688
36,36,3072,114688
36,38,4096,114688
36,37,6144,114688
36,7,7168,114688
36,7,8192,114688
36,7,9216,114688
36,7,10240,114688
36,7,11264,114688
36,9,18432,114688
36,9,19456,114688
36,9,20480,114688
37,37,1024,115712
37,36,2048,115712
37,38,3072,115712
37,37,5120,115712
37,7,6144,115712
37,7,7168,115712
37,7,8192,115712
37,7,9216,115712
37,7,10240,115712
37,9,17408,115712
37,9,18432,115712
37,9,19456,115712
37,36,1024,116736
37,38,2048,116736
37,37,4096,116736
37,7,5120,116736
37,7,6144,116736
37,7,7168,116736
37,7,8192,116736
37,7,9216,116736
37,9,16384,116736
37,9,17408,116736
37,9,18432,116736
36,38,1024,117760
36,37,3072,117760
36,7,4096,117760
36,7,5120,117760
36,7,6144,117760
36,7,7168,117760
36,7,8192,117760
36,9,15360,117760
36,9,16384,117760
36,9,17408,117760
38,37,2048,118784
38,7,3072,118784
38,7,4096,118784
38,7,5120,118784
38,7,6144,118784
38,7,7168,118784
38,9,14336,118784
38,9,15360,118784
38,9,16384,118784
37,7,1024,120832
37,7,2048,120832
37,7,3072,120832
37,7,4096,120832
37,7,5120,120832
37,9,12288,120832
37,9,13312,120832
37,9,14336,120832
37,67,19456,120832
7,7,1024,121856
7,7,2048,121856
7,7,3072,121856
7,7,4096,121856
7,9,11264,121856
7,9,12288,121856
7,9,13312,121856
7,67,18432,121856
7,7,1024,122880
7,7,2048,122880
7,7,3072,122880
7,9,10240,122880
7,9,11264,122880
7,9,12288,122880
7,67,17408,122880
7,7,1024,123904
7,7,2048,123904
7,9,9216,123904
7,9,10240,123904
7,9,11264,123904
7,67,16384,123904
7,9,20480,123904
7,7,1024,124928
7,9,8192,124928
7,9,9216,124928
7,9,10240,124928
7,67,15360,124928
7,9,19456,124928
7,9,20480,124928
7,9,7168,125952
7,9,8192,125952
7,9,9216,125952
7,67,14336,125952
7,9,18432,125952
7,9,19456,125952
7,9,20480,125952
9,9,1024,133120
9,9,2048,133120
9,67,7168,133120
9,9,11264,133120
9,9,12288,133120
9,9,13312,133120
9,7,17408,133120
9,9,1024,134144
9,67,6144,134144
9,9,10240,134144
9,9,11264,134144
9,9,12288,134144
9,7,16384,134144
9,67,5120,135168
9,9,9216,135168
9,9,10240,135168
9,9,11264,135168
9,7,15360,135168
67,9,4096,140288
67,9,5120,140288
67,9,6144,140288
67,7,10240,140288
67,7,16384,140288
67,7,17408,140288
67,7,18432,140288
67,7,19456,140288
9,9,1024,144384
9,9,2048,144384
9,7,6144,144384
9,7,12288,144384
9,7,13312,144384
9,7,14336,144384
9,7,15360,144384
9,9,1024,145408
9,7,5120,145408
9,7,11264,145408
9,7,12288,145408
9,7,13312,145408
9,7,14336,145408
9,7,4096,146432
9,7,10240,146432
9,7,11264,146432
9,7,12288,146432
9,7,13312,146432
7,7,6144,150528
7,7,7168,150528
7,7,8192,150528
7,7,9216,150528
7,10,17408,150528
7,7,1024,156672
7,7,2048,156672
7,7,3072,156672
7,10,11264,156672
7,7,1024,157696
7,7,2048,157696
7,10,10240,157696
7,7,1024,158720
7,10,9216,158720
7,10,8192,159744
7,7,20480,159744
10,7,12288,167936
10,7,13312,167936
10,7,14336,167936
10,7,15360,167936
7,7,1024,180224
7,7,2048,180224
7,7,3072,180224
7,12,11264,180224
7,63,12288,180224
7,31,13312,180224
7,31,14336,180224
7,32,15360,180224
7,10,16384,180224
7,98,17408,180224
7,7,1024,181248
7,7,2048,181248
7,12,10240,181248
7,63,11264,181248
7,31,12288,181248
7,31,13312,181248
7,32,14336,181248
7,10,15360,181248
7,98,16384,181248
7,7,1024,182272
7,12,9216,182272
7,63,10240,182272
7,31,11264,182272
7,31,12288,182272
7,32,13312,182272
7,10,14336,182272
7,98,15360,182272
7,7,20480,182272
7,12,8192,183296
7,63,9216,183296
7,31,10240,183296
7,31,11264,183296
7,32,12288,183296
7,10,13312,183296
7,98,14336,183296
7,7,19456,183296
7,7,20480,183296
12,63,1024,191488
12,31,2048,191488
12,31,3072,191488
12,32,4096,191488
12,10,5120,191488
12,98,6144,191488
12,7,11264,191488
12,7,12288,191488
12,7,13312,191488
12,7,14336,191488
12,34,15360,191488
12,35,16384,191488
12,35,17408,191488
12,35,18432,191488
63,31,1024,192512
63,31,2048,192512
63,32,3072,192512
63,10,4096,192512
63,98,5120,192512
63,7,10240,192512
63,7,11264,192512
63,7,12288,192512
63,7,13312,192512
63,34,14336,192512
63,35,15360,192512
63,35,16384,192512
63,35,17408,192512
63,35,18432,192512
31,31,1024,193536
31,32,2048,193536
31,10,3072,193536
31,98,4096,193536
31,7,9216,193536
31,7,10240,193536
31,7,11264,193536
31,7,12288,193536
31,34,13312,193536
31,35,14336,193536
31,35,15360,193536
31,35,16384,193536
31,35,17408,193536
31,164,19456,193536
31,32,1024,194560
31,10,2048,194560
31,98,3072,194560
31,7,8192,194560
31,7,9216,194560
31,7,10240,194560
31,7,11264,194560
31,34,12288,194560
31,35,13312,194560
31,35,14336,194560
31,35,15360,194560
31,35,16384,194560
31,164,18432,194560
31,166,19456,194560
32,10,1024,195584
32,98,2048,195584
32,7,7168,195584
32,7,8192,195584
32,7,9216,195584
32,7,10240,195584
32,34,11264,195584
32,35,12288,195584
32,35,13312,195584
32,35,14336,195584
32,35,15360,195584
32,164,17408,195584
32,166,18432,195584
32,168,19456,195584
10,98,1024,196608
10,7,6144,196608
10,7,7168,196608
10,7,8192,196608
10,7,9216,196608
10,34,10240,196608
10,35,11264,196608
10,35,12288,196608
10,35,13312,196608
10,35,14336,196608
10,164,16384,196608
10,166,17408,196608
10,168,18432,196608
10,165,19456,196608
98,7,5120,197632
98,7,6144,197632
98,7,7168,197632
98,7,8192,197632
98,34,9216,197632
98,35,10240,197632
98,35,11264,197632
98,35,12288,197632
98,35,13312,197632
98,164,15360,197632
98,166,16384,197632
98,168,17408,197632
98,165,18432,197632
98,167,19456,197632
7,7,1024,202752
7,7,2048,202752
7,7,3072,202752
7,34,4096,202752
7,35,5120,202752
7,35,6144,202752
7,35,7168,202752
7,35,8192,202752
7,164,10240,202752
7,166,11264,202752
7,168,12288,202752
7,165,13312,202752
7,167,14336,202752
7,84,15360,202752
7,7,1024,203776
7,7,2048,203776
7,34,3072,203776
7,35,4096,203776
7,35,5120,203776
7,35,6144,203776
7,35,7168,203776
7,164,9216,203776
7,166,10240,203776
7,168,11264,203776
7,165,12288,203776
7,167,13312,203776
7,84,14336,203776
7,7,1024,204800
7,34,2048,204800
7,35,3072,204800
7,35,4096,204800
7,35,5120,204800
7,35,6144,204800
7,164,8192,204800
7,166,9216,204800
7,168,10240,204800
7,165,11264,204800
7,167,12288,204800
7,84,13312,204800
7,34,1024,205824
7,35,2048,205824
7,35,3072,205824
7,35,4096,205824
7,35,5120,205824
7,164,7168,205824
7,166,8192,205824
7,168,9216,205824
7,165,10240,205824
7,167,11264,205824
7,84,12288,205824
7,7,20480,205824
34,35,1024,206848
34,35,2048,206848
34,35,3072,206848
34,35,4096,206848
34,164,6144,206848
34,166,7168,206848
34,168,8192,206848
34,165,9216,206848
34,167,10240,206848
34,84,11264,206848
34,7,19456,206848
34,7,20480,206848
35,35,1024,207872
35,35,2048,207872
35,35,3072,207872
35,164,5120,207872
35,166,6144,207872
35,168,7168,207872
35,165,8192,207872
35,167,9216,207872
35,84,10240,207872
35,7,18432,207872
35,7,19456,207872
35,7,20480,207872
35,35,1024,208896
35,35,2048,208896
35,164,4096,208896
35,166,5120,208896
35,168,6144,208896
35,165,7168,208896
35,167,8192,208896
35,84,9216,208896
35,7,17408,208896
35,7,18432,208896
35,7,19456,208896
35,7,20480,208896
35,35,1024,209920
35,164,3072,209920
35,166,4096,209920
35,168,5120,209920
35,165,6144,209920
35,167,7168,209920
35,84,8192,209920
35,7,16384,209920
35,7,17408,209920
35,7,18432,209920
35,7,19456,209920
35,7,20480,209920
35,164,2048,210944
35,166,3072,210944
35,168,4096,210944
35,165,5120,210944
35,167,6144,210944
35,84,7168,210944
35,7,15360,210944
35,7,16384,210944
35,7,17408,210944
35,7,18432,210944
35,7,19456,210944
164,166,1024,212992
164,168,2048,212992
164,165,3072,212992
164,167,4096,212992
164,84,5120,212992
164,7,13312,212992
164,7,14336,212992
164,7,15360,212992
164,7,16384,212992
164,7,17408,212992
166,168,1024,214016
166,165,2048,214016
166,167,3072,214016
166,84,4096,214016
166,7,12288,214016
166,7,13312,214016
166,7,14336,214016
166,7,15360,214016
166,7,16384,214016
168,165,1024,215040
168,167,2048,215040
168,84,3072,215040
168,7,11264,215040
168,7,12288,215040
168,7,13312,215040
168,7,14336,215040
168,7,15360,215040
165,167,1024,216064
165,84,2048,216064
165,7,10240,216064
165,7,11264,216064
165,7,12288,216064
165,7,13312,216064
165,7,14336,216064
167,84,1024,217088
167,7,9216,217088
167,7,10240,217088
167,7,11264,217088
167,7,12288,217088
167,7,13312,217088
167,7,20480,217088
84,7,8192,218112
84,7,9216,218112
84,7,10240,218112
84,7,11264,218112
84,7,12288,218112
84,7,19456,218112
7,7,1024,226304
7,7,2048,226304
7,7,3072,226304
7,7,4096,226304
7,7,11264,226304
7,9,17408,226304
7,7,1024,227328
7,7,2048,227328
7,7,3072,227328
7,7,10240,227328
7,9,16384,227328
7,7,1024,228352
7,7,2048,228352
7,7,9216,228352
7,9,15360,228352
7,9,20480,228352
7,7,1024,229376
7,7,8192,229376
7,9,14336,229376
7,9,19456,229376
7,9,20480,229376
7,7,7168,230400
7,9,13312,230400
7,9,18432,230400
7,9,19456,230400
7,9,20480,230400
7,9,6144,237568
7,9,11264,237568
7,9,12288,237568
7,9,13312,237568
7,9,14336,237568
9,9,5120,243712
9,9,6144,243712
9,9,7168,243712
9,9,8192,243712
9,7,17408,243712
9,7,18432,243712
9,7,19456,243712
9,7,20480,243712
9,9,1024,248832
9,9,2048,248832
9,9,3072,248832
9,7,12288,248832
9,7,13312,248832
9,7,14336,248832
9,7,15360,248832
9,9,1024,249856
9,9,2048,249856
9,7,11264,249856
9,7,12288,249856
9,7,13312,249856
9,7,14336,249856
9,9,1024,250880
9,7,10240,250880
9,7,11264,250880
9,7,12288,250880
9,7,13312,250880
9,7,9216,251904
9,7,10240,251904
9,7,11264,251904
9,7,12288,251904
9,9,20480,251904
7,7,1024,261120
7,7,2048,261120
7,7,3072,261120
7,9,11264,261120
7,9,12288,261120
7,9,13312,261120
7,7,17408,261120
7,7,18432,261120
7,7,19456,261120
7,7,20480,261120
7,7,1024,262144
7,7,2048,262144
7,9,10240,262144
7,9,11264,262144
7,9,12288,262144
7,7,16384,262144
7,7,17408,262144
7,7,18432,262144
7,7,19456,262144
7,7,1024,263168
7,9,9216,263168
7,9,10240,263168
7,9,11264,263168
7,7,15360,263168
7,7,16384,263168
7,7,17408,263168
7,7,18432,263168
7,9,8192,264192
7,9,9216,264192
7,9,10240,264192
7,7,14336,264192
7,7,15360,264192
7,7,16384,264192
7,7,17408,264192
9,9,1024,272384
9,9,2048,272384
9,7,6144,272384
9,7,7168,272384
9,7,8192,272384
9,7,9216,272384
9,9,17408,272384
9,9,18432,272384
9,9,1024,273408
9,7,5120,273408
9,7,6144,273408
9,7,7168,273408
9,7,8192,273408
9,9,16384,273408
9,9,17408,273408
9,36,20480,273408
9,7,4096,274432
9,7,5120,274432
9,7,6144,274432
9,7,7168,274432
9,9,15360,274432
9,9,16384,274432
9,36,19456,274432
9,36,20480,274432
7,7,1024,278528
7,7,2048,278528
7,7,3072,278528
7,9,11264,278528
7,9,12288,278528
7,36,15360,278528
7,36,16384,278528
7,74,17408,278528
7,74,18432,278528
7,74,19456,278528
7,112,20480,278528
7,7,1024,279552
7,7,2048,279552
7,9,10240,279552
7,9,11264,279552
7,36,14336,279552
7,36,15360,279552
7,74,16384,279552
7,74,17408,279552
7,74,18432,279552
7,112,19456,279552
7,112,20480,279552
7,7,1024,280576
7,9,9216,280576
7,9,10240,280576
7,36,13312,280576
7,36,14336,280576
7,74,15360,280576
7,74,16384,280576
7,74,17408,280576
7,112,18432,280576
7,112,19456,280576
7,123,20480,280576
7,9,8192,281600
7,9,9216,281600
7,36,12288,281600
7,36,13312,281600
7,74,14336,281600
7,74,15360,281600
7,74,16384,281600
7,112,17408,281600
7,112,18432,281600
7,123,19456,281600
7,165,20480,281600
9,9,1024,289792
9,36,4096,289792
9,36,5120,289792
9,74,6144,289792
9,74,7168,289792
9,74,8192,289792
9,112,9216,289792
9,112,10240,289792
9,123,11264,289792
9,165,12288,289792
9,73,15360,289792
9,74,16384,289792
9,72,17408,289792
9,7,18432,289792
9,36,3072,290816
9,36,4096,290816
9,74,5120,290816
9,74,6144,290816
9,74,7168,290816
9,112,8192,290816
9,112,9216,290816
9,123,10240,290816
9,165,11264,290816
9,73,14336,290816
9,74,15360,290816
9,72,16384,290816
9,7,17408,290816
9,7,18432,290816
36,36,1024,293888
36,74,2048,293888
36,74,3072,293888
36,74,4096,293888
36,112,5120,293888
36,112,6144,293888
36,123,7168,293888
36,165,8192,293888
36,73,11264,293888
36,74,12288,293888
36,72,13312,293888
36,7,14336,293888
36,7,15360,293888
36,7,16384,293888
36,74,1024,294912
36,74,2048,294912
36,74,3072,294912
36,112,4096,294912
36,112,5120,294912
36,123,6144,294912
36,165,7168,294912
36,73,10240,294912
36,74,11264,294912
36,72,12288,294912
36,7,13312,294912
36,7,14336,294912
36,7,15360,294912
36,7,16384,294912
74,74,1024,295936
74,74,2048,295936
74,112,3072,295936
74,112,4096,295936
74,123,5120,295936
74,165,6144,295936
74,73,9216,295936
74,74,10240,295936
74,72,11264,295936
74,7,12288,295936
74,7,13312,295936
74,7,14336,295936
74,7,15360,295936
74,56,20480,295936
74,74,1024,296960
74,112,2048,296960
74,112,3072,296960
74,123,4096,296960
74,165,5120,296960
74,73,8192,296960
74,74,9216,296960
74,72,10240,296960
74,7,11264,296960
74,7,12288,296960
74,7,13312,296960
74,7,14336,296960
74,56,19456,296960
74,112,1024,297984
74,112,2048,297984
74,123,3072,297984
74,165,4096,297984
74,73,7168,297984
74,74,8192,297984
74,72,9216,297984
74,7,10240,297984
74,7,11264,297984
74,7,12288,297984
74,7,13312,297984
74,56,18432,297984
112,112,1024,299008
112,123,2048,299008
112,165,3072,299008
112,73,6144,299008
112,74,7168,299008
112,72,8192,299008
112,7,9216,299008
112,7,10240,299008
112,7,11264,299008
112,7,12288,299008
112,56,17408,299008
112,9,20480,299008
112,123,1024,300032
112,165,2048,300032
112,73,5120,300032
112,74,6144,300032
112,72,7168,300032
112,7,8192,300032
112,7,9216,300032
112,7,10240,300032
112,7,11264,300032
112,56,16384,300032
112,9,19456,300032
112,9,20480,300032
123,165,1024,301056
123,73,4096,301056
123,74,5120,301056
123,72,6144,301056
123,7,7168,301056
123,7,8192,301056
123,7,9216,301056
123,7,10240,301056
123,56,15360,301056
123,9,18432,301056
123,9,19456,301056
123,9,20480,301056
165,73,3072,302080
165,74,4096,302080
165,72,5120,302080
165,7,6144,302080
165,7,7168,302080
165,7,8192,302080
165,7,9216,302080
165,56,14336,302080
165,9,17408,302080
165,9,18432,302080
165,9,19456,302080
73,74,1024,305152
73,72,2048,305152
73,7,3072,305152
73,7,4096,305152
73,7,5120,305152
73,7,6144,305152
73,56,11264,305152
73,9,14336,305152
73,9,15360,305152
73,9,16384,305152
74,72,1024,306176
74,7,2048,306176
74,7,3072,306176
74,7,4096,306176
74,7,5120,306176
74,56,10240,306176
74,9,13312,306176
74,9,14336,306176
74,9,15360,306176
72,7,1024,307200
72,7,2048,307200
72,7,3072,307200
72,7,4096,307200
72,56,9216,307200
72,9,12288,307200
72,9,13312,307200
72,9,14336,307200
7,7,1024,308224
7,7,2048,308224
7,7,3072,308224
7,56,8192,308224
7,9,11264,308224
7,9,12288,308224
7,9,13312,308224
7,7,1024,309248
7,7,2048,309248
7,56,7168,309248
7,9,10240,309248
7,9,11264,309248
7,9,12288,309248
7,7,1024,310272
7,56,6144,310272
7,9,9216,310272
7,9,10240,310272
7,9,11264,310272
7,56,5120,311296
7,9,8192,311296
7,9,9216,311296
7,9,10240,311296
56,9,3072,316416
56,9,4096,316416
56,9,5120,316416
9,9,1024,319488
9,9,2048,319488
9,9,1024,320512
