10,6,1024,9216
10,8,19456,9216
6,8,18432,10240
8,9,3072,28672
8,9,4096,28672
8,9,5120,28672
8,9,7168,28672
8,10,8192,28672
8,10,16384,28672
8,10,17408,28672
9,9,1024,31744
9,9,2048,31744
9,9,4096,31744
9,10,5120,31744
9,10,13312,31744
9,10,14336,31744
9,6,19456,31744
9,9,1024,32768
9,9,3072,32768
9,10,4096,32768
9,10,12288,32768
9,10,13312,32768
9,6,18432,32768
9,144,20480,32768
9,9,2048,33792
9,10,3072,33792
9,10,11264,33792
9,10,12288,33792
9,6,17408,33792
9,144,19456,33792
9,144,20480,33792
9,10,1024,35840
9,10,9216,35840
9,10,10240,35840
9,6,15360,35840
9,144,17408,35840
9,144,18432,35840
10,10,8192,36864
10,10,9216,36864
10,6,14336,36864
10,144,16384,36864
10,144,17408,36864
10,10,20480,36864
10,10,1024,45056
10,6,6144,45056
10,144,8192,45056
10,144,9216,45056
10,10,12288,45056
10,140,14336,45056
10,144,15360,45056
10,7,20480,45056
10,6,5120,46080
10,144,7168,46080
10,144,8192,46080
10,10,11264,46080
10,140,13312,46080
10,144,14336,46080
10,7,19456,46080
6,144,2048,51200
6,144,3072,51200
6,10,6144,51200
6,140,8192,51200
6,144,9216,51200
6,7,14336,51200
6,6,17408,51200
144,144,1024,53248
144,10,4096,53248
144,140,6144,53248
144,144,7168,53248
144,7,12288,53248
144,6,15360,53248
144,10,3072,54272
144,140,5120,54272
144,144,6144,54272
144,7,11264,54272
144,6,14336,54272
10,140,2048,57344
10,144,3072,57344
10,7,8192,57344
10,6,11264,57344
140,144,1024,59392
140,7,6144,59392
140,6,9216,59392
140,6,19456,59392
144,7,5120,60416
144,6,8192,60416
144,6,18432,60416
7,6,3072,65536
7,6,13312,65536
6,6,10240,68608
6,122,19456,68608
6,122,9216,78848
6,9,13312,78848
6,123,16384,78848
6,41,19456,78848
122,9,4096,88064
122,123,7168,88064
122,41,10240,88064
122,7,18432,88064
9,123,3072,92160
9,41,6144,92160
9,7,14336,92160
9,144,18432,92160
9,41,19456,92160
9,10,20480,92160
123,41,3072,95232
123,7,11264,95232
123,144,15360,95232
123,41,16384,95232
123,10,17408,95232
41,7,8192,98304
41,144,12288,98304
41,41,13312,98304
41,10,14336,98304
41,144,18432,98304
7,144,4096,106496
7,41,5120,106496
7,10,6144,106496
7,144,10240,106496
7,10,14336,106496
7,10,17408,106496
7,10,18432,106496
7,16,19456,106496
7,14,20480,106496
144,41,1024,110592
144,10,2048,110592
144,144,6144,110592
144,10,10240,110592
144,10,13312,110592
144,10,14336,110592
144,16,15360,110592
144,14,16384,110592
144,10,17408,110592
144,14,18432,110592
144,14,19456,110592
144,14,20480,110592
41,10,1024,111616
41,144,5120,111616
41,10,9216,111616
41,10,12288,111616
41,10,13312,111616
41,16,14336,111616
41,14,15360,111616
41,10,16384,111616
41,14,17408,111616
41,14,18432,111616
41,14,19456,111616
41,14,20480,111616
10,144,4096,112640
10,10,8192,112640
10,10,11264,112640
10,10,12288,112640
10,16,13312,112640
10,14,14336,112640
10,10,15360,112640
10,14,16384,112640
10,14,17408,112640
10,14,18432,112640
10,14,19456,112640
10,14,20480,112640
144,10,4096,116736
144,10,7168,116736
144,10,8192,116736
144,16,9216,116736
144,14,10240,116736
144,10,11264,116736
144,14,12288,116736
144,14,13312,116736
144,14,14336,116736
144,14,15360,116736
144,14,16384,116736
144,122,17408,116736
144,14,18432,116736
144,14,19456,116736
10,10,3072,120832
10,10,4096,120832
10,16,5120,120832
10,14,6144,120832
10,10,7168,120832
10,14,8192,120832
10,14,9216,120832
10,14,10240,120832
10,14,11264,120832
10,14,12288,120832
10,122,13312,120832
10,14,14336,120832
10,14,15360,120832
10,10,20480,120832
10,10,1024,123904
10,16,2048,123904
10,14,3072,123904
10,10,4096,123904
10,14,5120,123904
10,14,6144,123904
10,14,7168,123904
10,14,8192,123904
10,14,9216,123904
10,122,10240,123904
10,14,11264,123904
10,14,12288,123904
10,10,17408,123904
10,17,20480,123904
10,16,1024,124928
10,14,2048,124928
10,10,3072,124928
10,14,4096,124928
10,14,5120,124928
10,14,6144,124928
10,14,7168,124928
10,14,8192,124928
10,122,9216,124928
10,14,10240,124928
10,14,11264,124928
10,10,16384,124928
10,17,19456,124928
16,14,1024,125952
16,10,2048,125952
16,14,3072,125952
16,14,4096,125952
16,14,5120,125952
16,14,6144,125952
16,14,7168,125952
16,122,8192,125952
16,14,9216,125952
16,14,10240,125952
16,10,15360,125952
16,17,18432,125952
14,10,1024,126976
14,14,2048,126976
14,14,3072,126976
14,14,4096,126976
14,14,5120,126976
14,14,6144,126976
14,122,7168,126976
14,14,8192,126976
14,14,9216,126976
14,10,14336,126976
14,17,17408,126976
14,8,20480,126976
10,14,1024,128000
10,14,2048,128000
10,14,3072,128000
10,14,4096,128000
10,14,5120,128000
10,122,6144,128000
10,14,7168,128000
10,14,8192,128000
10,10,13312,128000
10,17,16384,128000
10,8,19456,128000
14,14,1024,129024
14,14,2048,129024
14,14,3072,129024
14,14,4096,129024
14,122,5120,129024
14,14,6144,129024
14,14,7168,129024
14,10,12288,129024
14,17,15360,129024
14,8,18432,129024
14,109,20480,129024
14,14,1024,130048
14,14,2048,130048
14,14,3072,130048
14,122,4096,130048
14,14,5120,130048
14,14,6144,130048
14,10,11264,130048
14,17,14336,130048
14,8,17408,130048
14,109,19456,130048
14,8,20480,130048
14,14,1024,131072
14,14,2048,131072
14,122,3072,131072
14,14,4096,131072
14,14,5120,131072
14,10,10240,131072
14,17,13312,131072
14,8,16384,131072
14,109,18432,131072
14,8,19456,131072
14,10,20480,131072
14,14,1024,132096
14,122,2048,132096
14,14,3072,132096
14,14,4096,132096
14,10,9216,132096
14,17,12288,132096
14,8,15360,132096
14,109,17408,132096
14,8,18432,132096
14,10,19456,132096
14,122,1024,133120
14,14,2048,133120
14,14,3072,133120
14,10,8192,133120
14,17,11264,133120
14,8,14336,133120
14,109,16384,133120
14,8,17408,133120
14,10,18432,133120
122,14,1024,134144
122,14,2048,134144
122,10,7168,134144
122,17,10240,134144
122,8,13312,134144
122,109,15360,134144
122,8,16384,134144
122,10,17408,134144
14,14,1024,135168
14,10,6144,135168
14,17,9216,135168
14,8,12288,135168
14,109,14336,135168
14,8,15360,135168
14,10,16384,135168
14,10,5120,136192
14,17,8192,136192
14,8,11264,136192
14,109,13312,136192
14,8,14336,136192
14,10,15360,136192
10,17,3072,141312
10,8,6144,141312
10,109,8192,141312
10,8,9216,141312
10,10,10240,141312
10,6,20480,141312
17,8,3072,144384
17,109,5120,144384
17,8,6144,144384
17,10,7168,144384
17,6,17408,144384
17,10,20480,144384
8,109,2048,147456
8,8,3072,147456
8,10,4096,147456
8,6,14336,147456
8,10,17408,147456
8,6,19456,147456
109,8,1024,149504
109,10,2048,149504
109,6,12288,149504
109,10,15360,149504
109,6,17408,149504
8,10,1024,150528
8,6,11264,150528
8,10,14336,150528
8,6,16384,150528
10,6,10240,151552
10,10,13312,151552
10,6,15360,151552
6,10,3072,161792
6,6,5120,161792
6,7,13312,161792
6,10,15360,161792
6,10,16384,161792
6,41,20480,161792
10,6,2048,164864
10,7,10240,164864
10,10,12288,164864
10,10,13312,164864
10,41,17408,164864
10,10,18432,164864
6,7,8192,166912
6,10,10240,166912
6,10,11264,166912
6,41,15360,166912
6,10,16384,166912
7,10,2048,175104
7,10,3072,175104
7,41,7168,175104
7,10,8192,175104
7,10,14336,175104
7,10,16384,175104
10,10,1024,177152
10,41,5120,177152
10,10,6144,177152
10,10,12288,177152
10,10,14336,177152
10,41,4096,178176
10,10,5120,178176
10,10,11264,178176
10,10,13312,178176
41,10,1024,182272
41,10,7168,182272
41,10,9216,182272
41,7,20480,182272
10,10,6144,183296
10,10,8192,183296
10,7,19456,183296
10,14,20480,183296
10,10,2048,189440
10,7,13312,189440
10,14,14336,189440
10,14,15360,189440
10,13,16384,189440
10,144,17408,189440
10,7,11264,191488
10,14,12288,191488
10,14,13312,191488
10,13,14336,191488
10,144,15360,191488
7,14,1024,202752
7,14,2048,202752
7,13,3072,202752
7,144,4096,202752
7,14,13312,202752
7,6,14336,202752
14,14,1024,203776
14,13,2048,203776
14,144,3072,203776
14,14,12288,203776
14,6,13312,203776
14,13,1024,204800
14,144,2048,204800
14,14,11264,204800
14,6,12288,204800
13,144,1024,205824
13,14,10240,205824
13,6,11264,205824
144,14,9216,206848
144,6,10240,206848
14,6,1024,216064
14,7,14336,216064
14,18,15360,216064
14,9,18432,216064
14,9,19456,216064
14,9,20480,216064
6,7,13312,217088
6,18,14336,217088
6,9,17408,217088
6,9,18432,217088
6,9,19456,217088
6,18,20480,217088
7,18,1024,230400
7,9,4096,230400
7,9,5120,230400
7,9,6144,230400
7,18,7168,230400
7,18,8192,230400
7,18,9216,230400
7,18,11264,230400
7,18,12288,230400
7,18,13312,230400
7,82,17408,230400
18,9,3072,231424
18,9,4096,231424
18,9,5120,231424
18,18,6144,231424
18,18,7168,231424
18,18,8192,231424
18,18,10240,231424
18,18,11264,231424
18,18,12288,231424
18,82,16384,231424
9,9,1024,234496
9,9,2048,234496
9,18,3072,234496
9,18,4096,234496
9,18,5120,234496
9,18,7168,234496
9,18,8192,234496
9,18,9216,234496
9,82,13312,234496
9,10,19456,234496
9,10,20480,234496
9,9,1024,235520
9,18,2048,235520
9,18,3072,235520
9,18,4096,235520
9,18,6144,235520
9,18,7168,235520
9,18,8192,235520
9,82,12288,235520
9,10,18432,235520
9,10,19456,235520
9,18,1024,236544
9,18,2048,236544
9,18,3072,236544
9,18,5120,236544
9,18,6144,236544
9,18,7168,236544
9,82,11264,236544
9,10,17408,236544
9,10,18432,236544
9,9,20480,236544
18,18,1024,237568
18,18,2048,237568
18,18,4096,237568
18,18,5120,237568
18,18,6144,237568
18,82,10240,237568
18,10,16384,237568
18,10,17408,237568
18,9,19456,237568
18,18,1024,238592
18,18,3072,238592
18,18,4096,238592
18,18,5120,238592
18,82,9216,238592
18,10,15360,238592
18,10,16384,238592
18,9,18432,238592
18,10,20480,238592
18,18,2048,239616
18,18,3072,239616
18,18,4096,239616
18,82,8192,239616
18,10,14336,239616
18,10,15360,239616
18,9,17408,239616
18,10,19456,239616
18,18,1024,241664
18,18,2048,241664
18,82,6144,241664
18,10,12288,241664
18,10,13312,241664
18,9,15360,241664
18,10,17408,241664
18,18,1024,242688
18,82,5120,242688
18,10,11264,242688
18,10,12288,242688
18,9,14336,242688
18,10,16384,242688
18,82,4096,243712
18,10,10240,243712
18,10,11264,243712
18,9,13312,243712
18,10,15360,243712
18,33,20480,243712
82,10,6144,247808
82,10,7168,247808
82,9,9216,247808
82,10,11264,247808
82,33,16384,247808
10,10,1024,253952
10,9,3072,253952
10,10,5120,253952
10,33,10240,253952
10,6,20480,253952
10,9,2048,254976
10,10,4096,254976
10,33,9216,254976
10,6,19456,254976
10,144,20480,254976
9,10,2048,257024
9,33,7168,257024
9,6,17408,257024
9,144,18432,257024
10,33,5120,259072
10,6,15360,259072
10,144,16384,259072
10,10,20480,259072
33,6,10240,264192
33,144,11264,264192
33,10,15360,264192
33,10,16384,264192
33,122,17408,264192
33,7,20480,264192
6,144,1024,274432
6,10,5120,274432
6,10,6144,274432
6,122,7168,274432
6,7,10240,274432
6,143,11264,274432
6,122,12288,274432
6,7,13312,274432
144,10,4096,275456
144,10,5120,275456
144,122,6144,275456
144,7,9216,275456
144,143,10240,275456
144,122,11264,275456
144,7,12288,275456
144,122,20480,275456
10,10,1024,279552
10,122,2048,279552
10,7,5120,279552
10,143,6144,279552
10,122,7168,279552
10,7,8192,279552
10,122,16384,279552
10,122,1024,280576
10,7,4096,280576
10,143,5120,280576
10,122,6144,280576
10,7,7168,280576
10,122,15360,280576
122,7,3072,281600
122,143,4096,281600
122,122,5120,281600
122,7,6144,281600
122,122,14336,281600
7,143,1024,284672
7,122,2048,284672
7,7,3072,284672
7,122,11264,284672
143,122,1024,285696
143,7,2048,285696
143,122,10240,285696
122,7,1024,286720
122,122,9216,286720
7,122,8192,287744
122,6,16384,295936
6,10,14336,312320
