35,34,10240,4096
34,35,13312,14336
34,18,14336,14336
34,34,15360,14336
34,23,17408,14336
35,18,1024,27648
35,34,2048,27648
35,23,4096,27648
35,18,9216,27648
35,27,10240,27648
35,39,14336,27648
35,19,15360,27648
35,18,18432,27648
35,43,19456,27648
18,34,1024,28672
18,23,3072,28672
18,18,8192,28672
18,27,9216,28672
18,39,13312,28672
18,19,14336,28672
18,18,17408,28672
18,43,18432,28672
34,23,2048,29696
34,18,7168,29696
34,27,8192,29696
34,39,12288,29696
34,19,13312,29696
34,18,16384,29696
34,43,17408,29696
34,44,20480,29696
23,18,5120,31744
23,27,6144,31744
23,39,10240,31744
23,19,11264,31744
23,18,14336,31744
23,43,15360,31744
23,44,18432,31744
23,41,19456,31744
18,27,1024,36864
18,39,5120,36864
18,19,6144,36864
18,18,9216,36864
18,43,10240,36864
18,44,13312,36864
18,41,14336,36864
27,39,4096,37888
27,19,5120,37888
27,18,8192,37888
27,43,9216,37888
27,44,12288,37888
27,41,13312,37888
39,19,1024,41984
39,18,4096,41984
39,43,5120,41984
39,44,8192,41984
39,41,9216,41984
19,18,3072,43008
19,43,4096,43008
19,44,7168,43008
19,41,8192,43008
18,43,1024,46080
18,44,4096,46080
18,41,5120,46080
43,44,3072,47104
43,41,4096,47104
44,41,1024,50176
41,63,20480,51200
63,113,1024,71680
63,106,2048,71680
63,31,8192,71680
63,31,9216,71680
63,55,16384,71680
63,27,18432,71680
113,106,1024,72704
113,31,7168,72704
113,31,8192,72704
113,55,15360,72704
113,27,17408,72704
113,72,20480,72704
106,31,6144,73728
106,31,7168,73728
106,55,14336,73728
106,27,16384,73728
106,72,19456,73728
31,31,1024,79872
31,55,8192,79872
31,27,10240,79872
31,72,13312,79872
31,55,7168,80896
31,27,9216,80896
31,72,12288,80896
55,27,2048,88064
55,72,5120,88064
55,62,14336,88064
55,35,18432,88064
27,72,3072,90112
27,62,12288,90112
27,35,16384,90112
72,62,9216,93184
72,35,13312,93184
62,35,4096,102400
62,34,13312,102400
62,18,14336,102400
62,62,16384,102400
62,35,20480,102400
35,34,9216,106496
35,18,10240,106496
35,62,12288,106496
35,35,16384,106496
35,18,20480,106496
34,18,1024,115712
34,62,3072,115712
34,35,7168,115712
34,18,11264,115712
34,39,12288,115712
34,49,13312,115712
34,18,15360,115712
34,18,16384,115712
34,35,17408,115712
18,62,2048,116736
18,35,6144,116736
18,18,10240,116736
18,39,11264,116736
18,49,12288,116736
18,18,14336,116736
18,18,15360,116736
18,35,16384,116736
18,18,20480,116736
62,35,4096,118784
62,18,8192,118784
62,39,9216,118784
62,49,10240,118784
62,18,12288,118784
62,18,13312,118784
62,35,14336,118784
62,18,18432,118784
35,18,4096,122880
35,39,5120,122880
35,49,6144,122880
35,18,8192,122880
35,18,9216,122880
35,35,10240,122880
35,18,14336,122880
18,39,1024,126976
18,49,2048,126976
18,18,4096,126976
18,18,5120,126976
18,35,6144,126976
18,18,10240,126976
18,29,17408,126976
39,49,1024,128000
39,18,3072,128000
39,18,4096,128000
39,35,5120,128000
39,18,9216,128000
39,29,16384,128000
49,18,2048,129024
49,18,3072,129024
49,35,4096,129024
49,18,8192,129024
49,29,15360,129024
18,18,1024,131072
18,35,2048,131072
18,18,6144,131072
18,29,13312,131072
18,35,1024,132096
18,18,5120,132096
18,29,12288,132096
35,18,4096,133120
35,29,11264,133120
35,61,20480,133120
18,29,7168,137216
18,61,16384,137216
18,62,17408,137216
29,61,9216,144384
29,62,10240,144384
61,62,1024,153600
61,54,12288,153600
61,31,13312,153600
61,35,15360,153600
61,31,18432,153600
61,82,20480,153600
62,54,11264,154624
62,31,12288,154624
62,35,14336,154624
62,31,17408,154624
62,82,19456,154624
54,31,1024,165888
54,35,3072,165888
54,31,6144,165888
54,82,8192,165888
54,35,11264,165888
54,49,15360,165888
31,35,2048,166912
31,31,5120,166912
31,82,7168,166912
31,35,10240,166912
31,49,14336,166912
35,31,3072,168960
35,82,5120,168960
35,35,8192,168960
35,49,12288,168960
31,82,2048,172032
31,35,5120,172032
31,49,9216,172032
82,35,3072,174080
82,49,7168,174080
82,24,20480,174080
35,49,4096,177152
35,24,17408,177152
49,24,13312,181248
49,28,20480,181248
24,28,7168,194560
24,94,13312,194560
24,35,14336,194560
24,62,14336,194560
24,95,14336,194560
28,94,6144,201728
28,35,7168,201728
28,62,7168,201728
28,95,7168,201728
28,36,14336,201728
28,105,15360,201728
94,35,1024,207872
94,62,1024,207872
94,95,1024,207872
94,36,8192,207872
94,105,9216,207872
35,62,0,208896
35,95,0,208896
35,36,7168,208896
35,105,8192,208896
62,95,0,208896
62,36,7168,208896
62,105,8192,208896
95,36,7168,208896
95,105,8192,208896
36,105,1024,216064
36,53,18432,216064
36,52,19456,216064
36,106,19456,216064
36,26,20480,216064
36,51,20480,216064
105,53,17408,217088
105,52,18432,217088
105,106,18432,217088
105,26,19456,217088
105,51,19456,217088
53,52,1024,234496
53,106,1024,234496
53,26,2048,234496
53,51,2048,234496
53,52,4096,234496
53,104,5120,234496
53,104,6144,234496
53,52,10240,234496
53,23,16384,234496
53,45,17408,234496
52,106,0,235520
52,26,1024,235520
52,51,1024,235520
52,52,3072,235520
52,104,4096,235520
52,104,5120,235520
52,52,9216,235520
52,23,15360,235520
52,45,16384,235520
106,26,1024,235520
106,51,1024,235520
106,52,3072,235520
106,104,4096,235520
106,104,5120,235520
106,52,9216,235520
106,23,15360,235520
106,45,16384,235520
26,51,0,236544
26,52,2048,236544
26,104,3072,236544
26,104,4096,236544
26,52,8192,236544
26,23,14336,236544
26,45,15360,236544
26,77,20480,236544
26,157,20480,236544
51,52,2048,236544
51,104,3072,236544
51,104,4096,236544
51,52,8192,236544
51,23,14336,236544
51,45,15360,236544
51,77,20480,236544
51,157,20480,236544
52,104,1024,238592
52,104,2048,238592
52,52,6144,238592
52,23,12288,238592
52,45,13312,238592
52,77,18432,238592
52,157,18432,238592
52,79,19456,238592
104,104,1024,239616
104,52,5120,239616
104,23,11264,239616
104,45,12288,239616
104,77,17408,239616
104,157,17408,239616
104,79,18432,239616
104,52,4096,240640
104,23,10240,240640
104,45,11264,240640
104,77,16384,240640
104,157,16384,240640
104,79,17408,240640
52,23,6144,244736
52,45,7168,244736
52,77,12288,244736
52,157,12288,244736
52,79,13312,244736
52,35,18432,244736
23,45,1024,250880
23,77,6144,250880
23,157,6144,250880
23,79,7168,250880
23,35,12288,250880
23,53,16384,250880
45,77,5120,251904
45,157,5120,251904
45,79,6144,251904
45,35,11264,251904
45,53,15360,251904
77,157,0,257024
77,79,1024,257024
77,35,6144,257024
77,53,10240,257024
77,68,20480,257024
157,79,1024,257024
157,35,6144,257024
157,53,10240,257024
157,68,20480,257024
79,35,5120,258048
79,53,9216,258048
79,68,19456,258048
79,69,20480,258048
35,53,4096,263168
35,68,14336,263168
35,69,15360,263168
53,68,10240,267264
53,69,11264,267264
53,27,19456,267264
53,54,19456,267264
53,110,20480,267264
68,69,1024,277504
68,27,9216,277504
68,54,9216,277504
68,110,10240,277504
68,110,11264,277504
68,55,12288,277504
68,111,12288,277504
68,62,14336,277504
68,63,15360,277504
68,62,16384,277504
68,94,16384,277504
68,62,17408,277504
68,93,17408,277504
68,70,20480,277504
69,27,8192,278528
69,54,8192,278528
69,110,9216,278528
69,110,10240,278528
69,55,11264,278528
69,111,11264,278528
69,62,13312,278528
69,63,14336,278528
69,62,15360,278528
69,94,15360,278528
69,62,16384,278528
69,93,16384,278528
69,70,19456,278528
69,106,19456,278528
27,54,0,286720
27,110,1024,286720
27,110,2048,286720
27,55,3072,286720
27,111,3072,286720
27,62,5120,286720
27,63,6144,286720
27,62,7168,286720
27,94,7168,286720
27,62,8192,286720
27,93,8192,286720
27,70,11264,286720
27,106,11264,286720
27,35,16384,286720
54,110,1024,286720
54,110,2048,286720
54,55,3072,286720
54,111,3072,286720
54,62,5120,286720
54,63,6144,286720
54,62,7168,286720
54,94,7168,286720
54,62,8192,286720
54,93,8192,286720
54,70,11264,286720
54,106,11264,286720
54,35,16384,286720
110,110,1024,287744
110,55,2048,287744
110,111,2048,287744
110,62,4096,287744
110,63,5120,287744
110,62,6144,287744
110,94,6144,287744
110,62,7168,287744
110,93,7168,287744
110,70,10240,287744
110,106,10240,287744
110,35,15360,287744
110,55,1024,288768
110,111,1024,288768
110,62,3072,288768
110,63,4096,288768
110,62,5120,288768
110,94,5120,288768
110,62,6144,288768
110,93,6144,288768
110,70,9216,288768
110,106,9216,288768
110,35,14336,288768
55,111,0,289792
55,62,2048,289792
55,63,3072,289792
55,62,4096,289792
55,94,4096,289792
55,62,5120,289792
55,93,5120,289792
55,70,8192,289792
55,106,8192,289792
55,35,13312,289792
111,62,2048,289792
111,63,3072,289792
111,62,4096,289792
111,94,4096,289792
111,62,5120,289792
111,93,5120,289792
111,70,8192,289792
111,106,8192,289792
111,35,13312,289792
62,63,1024,291840
62,62,2048,291840
62,94,2048,291840
62,62,3072,291840
62,93,3072,291840
62,70,6144,291840
62,106,6144,291840
62,35,11264,291840
63,62,1024,292864
63,94,1024,292864
63,62,2048,292864
63,93,2048,292864
63,70,5120,292864
63,106,5120,292864
63,35,10240,292864
62,94,0,293888
62,62,1024,293888
62,93,1024,293888
62,70,4096,293888
62,106,4096,293888
62,35,9216,293888
62,47,20480,293888
94,62,1024,293888
94,93,1024,293888
94,70,4096,293888
94,106,4096,293888
94,35,9216,293888
94,47,20480,293888
62,93,0,294912
62,70,3072,294912
62,106,3072,294912
62,35,8192,294912
62,47,19456,294912
93,70,3072,294912
93,106,3072,294912
93,35,8192,294912
93,47,19456,294912
70,106,0,297984
70,35,5120,297984
70,47,16384,297984
70,35,19456,297984
106,35,5120,297984
106,47,16384,297984
106,35,19456,297984
35,47,11264,303104
35,35,14336,303104
35,38,16384,303104
35,26,20480,303104
47,35,3072,314368
47,38,5120,314368
47,26,9216,314368
47,26,10240,314368
47,53,11264,314368
47,61,12288,314368
47,61,13312,314368
35,38,2048,317440
35,26,6144,317440
35,26,7168,317440
35,53,8192,317440
35,61,9216,317440
35,61,10240,317440
38,26,4096,319488
38,26,5120,319488
38,53,6144,319488
38,61,7168,319488
38,61,8192,319488
26,26,1024,323584
26,53,2048,323584
26,61,3072,323584
26,61,4096,323584
26,53,1024,324608
26,61,2048,324608
26,61,3072,324608
53,61,1024,325632
53,61,2048,325632
61,61,1024,326656
