27,27,11264,0
27,31,12288,0
27,16,13312,0
27,37,15360,0
27,12,17408,0
27,15,18432,0
27,31,1024,11264
27,16,2048,11264
27,37,4096,11264
27,12,6144,11264
27,15,7168,11264
27,10,13312,11264
27,11,18432,11264
31,16,1024,12288
31,37,3072,12288
31,12,5120,12288
31,15,6144,12288
31,10,12288,12288
31,11,17408,12288
16,37,2048,13312
16,12,4096,13312
16,15,5120,13312
16,10,11264,13312
16,11,16384,13312
37,12,2048,15360
37,15,3072,15360
37,10,9216,15360
37,11,14336,15360
37,27,19456,15360
37,15,20480,15360
12,15,1024,17408
12,10,7168,17408
12,11,12288,17408
12,27,17408,17408
12,15,18432,17408
12,16,19456,17408
15,10,6144,18432
15,11,11264,18432
15,27,16384,18432
15,15,17408,18432
15,16,18432,18432
10,11,5120,24576
10,27,10240,24576
10,15,11264,24576
10,16,12288,24576
10,15,17408,24576
10,37,19456,24576
11,27,5120,29696
11,15,6144,29696
11,16,7168,29696
11,15,12288,29696
11,37,14336,29696
11,11,17408,29696
11,10,18432,29696
27,15,1024,34816
27,16,2048,34816
27,15,7168,34816
27,37,9216,34816
27,11,12288,34816
27,10,13312,34816
27,10,18432,34816
15,16,1024,35840
15,15,6144,35840
15,37,8192,35840
15,11,11264,35840
15,10,12288,35840
15,10,17408,35840
16,15,5120,36864
16,37,7168,36864
16,11,10240,36864
16,10,11264,36864
16,10,16384,36864
16,27,20480,36864
15,37,2048,41984
15,11,5120,41984
15,10,6144,41984
15,10,11264,41984
15,27,15360,41984
15,15,16384,41984
15,15,17408,41984
37,11,3072,44032
37,10,4096,44032
37,10,9216,44032
37,27,13312,44032
37,15,14336,44032
37,15,15360,44032
37,12,19456,44032
37,15,20480,44032
11,10,1024,47104
11,10,6144,47104
11,27,10240,47104
11,15,11264,47104
11,15,12288,47104
11,12,16384,47104
11,15,17408,47104
10,10,5120,48128
10,27,9216,48128
10,15,10240,48128
10,15,11264,48128
10,12,15360,48128
10,15,16384,48128
10,27,4096,53248
10,15,5120,53248
10,15,6144,53248
10,12,10240,53248
10,15,11264,53248
10,10,17408,53248
10,37,19456,53248
27,15,1024,57344
27,15,2048,57344
27,12,6144,57344
27,15,7168,57344
27,10,13312,57344
27,37,15360,57344
27,11,18432,57344
15,15,1024,58368
15,12,5120,58368
15,15,6144,58368
15,10,12288,58368
15,37,14336,58368
15,11,17408,58368
15,41,20480,58368
15,12,4096,59392
15,15,5120,59392
15,10,11264,59392
15,37,13312,59392
15,11,16384,59392
15,41,19456,59392
15,27,20480,59392
12,15,1024,63488
12,10,7168,63488
12,37,9216,63488
12,11,12288,63488
12,41,15360,63488
12,27,16384,63488
12,28,17408,63488
12,15,18432,63488
15,10,6144,64512
15,37,8192,64512
15,11,11264,64512
15,41,14336,64512
15,27,15360,64512
15,28,16384,64512
15,15,17408,64512
10,37,2048,70656
10,11,5120,70656
10,41,8192,70656
10,27,9216,70656
10,28,10240,70656
10,15,11264,70656
10,15,16384,70656
10,16,17408,70656
37,11,3072,72704
37,41,6144,72704
37,27,7168,72704
37,28,8192,72704
37,15,9216,72704
37,15,14336,72704
37,16,15360,72704
37,10,20480,72704
11,41,3072,75776
11,27,4096,75776
11,28,5120,75776
11,15,6144,75776
11,15,11264,75776
11,16,12288,75776
11,10,17408,75776
11,10,18432,75776
41,27,1024,78848
41,28,2048,78848
41,15,3072,78848
41,15,8192,78848
41,16,9216,78848
41,10,14336,78848
41,10,15360,78848
41,10,20480,78848
27,28,1024,79872
27,15,2048,79872
27,15,7168,79872
27,16,8192,79872
27,10,13312,79872
27,10,14336,79872
27,10,19456,79872
27,10,20480,79872
28,15,1024,80896
28,15,6144,80896
28,16,7168,80896
28,10,12288,80896
28,10,13312,80896
28,10,18432,80896
28,10,19456,80896
28,24,20480,80896
15,15,5120,81920
15,16,6144,81920
15,10,11264,81920
15,10,12288,81920
15,10,17408,81920
15,10,18432,81920
15,24,19456,81920
15,16,1024,87040
15,10,6144,87040
15,10,7168,87040
15,10,12288,87040
15,10,13312,87040
15,24,14336,87040
15,16,17408,87040
15,15,18432,87040
16,10,5120,88064
16,10,6144,88064
16,10,11264,88064
16,10,12288,88064
16,24,13312,88064
16,16,16384,88064
16,15,17408,88064
10,10,1024,93184
10,10,6144,93184
10,10,7168,93184
10,24,8192,93184
10,16,11264,93184
10,15,12288,93184
10,15,17408,93184
10,15,18432,93184
10,10,5120,94208
10,10,6144,94208
10,24,7168,94208
10,16,10240,94208
10,15,11264,94208
10,15,16384,94208
10,15,17408,94208
10,10,1024,99328
10,24,2048,99328
10,16,5120,99328
10,15,6144,99328
10,15,11264,99328
10,15,12288,99328
10,12,16384,99328
10,10,17408,99328
10,10,18432,99328
10,24,1024,100352
10,16,4096,100352
10,15,5120,100352
10,15,10240,100352
10,15,11264,100352
10,12,15360,100352
10,10,16384,100352
10,10,17408,100352
24,16,3072,101376
24,15,4096,101376
24,15,9216,101376
24,15,10240,101376
24,12,14336,101376
24,10,15360,101376
24,10,16384,101376
16,15,1024,104448
16,15,6144,104448
16,15,7168,104448
16,12,11264,104448
16,10,12288,104448
16,10,13312,104448
16,10,18432,104448
15,15,5120,105472
15,15,6144,105472
15,12,10240,105472
15,10,11264,105472
15,10,12288,105472
15,10,17408,105472
15,27,20480,105472
15,15,1024,110592
15,12,5120,110592
15,10,6144,110592
15,10,7168,110592
15,10,12288,110592
15,27,15360,110592
15,31,16384,110592
15,15,17408,110592
15,12,4096,111616
15,10,5120,111616
15,10,6144,111616
15,10,11264,111616
15,27,14336,111616
15,31,15360,111616
15,15,16384,111616
15,16,20480,111616
12,10,1024,115712
12,10,2048,115712
12,10,7168,115712
12,27,10240,115712
12,31,11264,115712
12,15,12288,115712
12,16,16384,115712
12,16,17408,115712
12,15,18432,115712
10,10,1024,116736
10,10,6144,116736
10,27,9216,116736
10,31,10240,116736
10,15,11264,116736
10,16,15360,116736
10,16,16384,116736
10,15,17408,116736
10,10,5120,117760
10,27,8192,117760
10,31,9216,117760
10,15,10240,117760
10,16,14336,117760
10,16,15360,117760
10,15,16384,117760
10,27,3072,122880
10,31,4096,122880
10,15,5120,122880
10,16,9216,122880
10,16,10240,122880
10,15,11264,122880
10,31,16384,122880
10,10,17408,122880
27,31,1024,125952
27,15,2048,125952
27,16,6144,125952
27,16,7168,125952
27,15,8192,125952
27,31,13312,125952
27,10,14336,125952
27,11,18432,125952
27,10,19456,125952
27,10,20480,125952
31,15,1024,126976
31,16,5120,126976
31,16,6144,126976
31,15,7168,126976
31,31,12288,126976
31,10,13312,126976
31,11,17408,126976
31,10,18432,126976
31,10,19456,126976
15,16,4096,128000
15,16,5120,128000
15,15,6144,128000
15,31,11264,128000
15,10,12288,128000
15,11,16384,128000
15,10,17408,128000
15,10,18432,128000
16,16,1024,132096
16,15,2048,132096
16,31,7168,132096
16,10,8192,132096
16,11,12288,132096
16,10,13312,132096
16,10,14336,132096
16,27,17408,132096
16,15,18432,132096
16,15,19456,132096
16,15,1024,133120
16,31,6144,133120
16,10,7168,133120
16,11,11264,133120
16,10,12288,133120
16,10,13312,133120
16,27,16384,133120
16,15,17408,133120
16,15,18432,133120
15,31,5120,134144
15,10,6144,134144
15,11,10240,134144
15,10,11264,134144
15,10,12288,134144
15,27,15360,134144
15,15,16384,134144
15,15,17408,134144
31,10,1024,139264
31,11,5120,139264
31,10,6144,139264
31,10,7168,139264
31,27,10240,139264
31,15,11264,139264
31,15,12288,139264
31,15,17408,139264
31,16,18432,139264
10,11,4096,140288
10,10,5120,140288
10,10,6144,140288
10,27,9216,140288
10,15,10240,140288
10,15,11264,140288
10,15,16384,140288
10,16,17408,140288
11,10,1024,144384
11,10,2048,144384
11,27,5120,144384
11,15,6144,144384
11,15,7168,144384
11,15,12288,144384
11,16,13312,144384
11,11,17408,144384
11,10,18432,144384
10,10,1024,145408
10,27,4096,145408
10,15,5120,145408
10,15,6144,145408
10,15,11264,145408
10,16,12288,145408
10,11,16384,145408
10,10,17408,145408
10,27,3072,146432
10,15,4096,146432
10,15,5120,146432
10,15,10240,146432
10,16,11264,146432
10,11,15360,146432
10,10,16384,146432
27,15,1024,149504
27,15,2048,149504
27,15,7168,149504
27,16,8192,149504
27,11,12288,149504
27,10,13312,149504
15,15,1024,150528
15,15,6144,150528
15,16,7168,150528
15,11,11264,150528
15,10,12288,150528
15,15,5120,151552
15,16,6144,151552
15,11,10240,151552
15,10,11264,151552
15,16,1024,156672
15,11,5120,156672
15,10,6144,156672
16,11,4096,157696
16,10,5120,157696
11,10,1024,161792
