98,99,2048,16384
98,98,3072,16384
98,18,19456,16384
99,98,1024,18432
99,18,17408,18432
98,18,16384,19456
66,49,9216,112640
66,19,14336,112640
66,221,17408,112640
49,19,5120,121856
49,221,8192,121856
49,283,16384,121856
19,221,3072,126976
19,283,11264,126976
19,141,18432,126976
19,352,18432,126976
221,283,8192,130048
221,141,15360,130048
221,352,15360,130048
221,157,19456,130048
283,141,7168,138240
283,352,7168,138240
283,157,11264,138240
141,352,0,145408
141,157,4096,145408
352,157,4096,145408
55,82,7168,179200
55,21,11264,179200
55,132,17408,179200
55,132,18432,179200
55,124,20480,179200
82,21,4096,186368
82,132,10240,186368
82,132,11264,186368
82,124,13312,186368
82,123,14336,186368
82,110,15360,186368
82,111,16384,186368
82,99,17408,186368
82,99,18432,186368
82,99,20480,186368
21,132,6144,190464
21,132,7168,190464
21,124,9216,190464
21,123,10240,190464
21,110,11264,190464
21,111,12288,190464
21,99,13312,190464
21,99,14336,190464
21,99,16384,190464
21,111,17408,190464
132,132,1024,196608
132,124,3072,196608
132,123,4096,196608
132,110,5120,196608
132,111,6144,196608
132,99,7168,196608
132,99,8192,196608
132,99,10240,196608
132,111,11264,196608
132,110,16384,196608
132,124,2048,197632
132,123,3072,197632
132,110,4096,197632
132,111,5120,197632
132,99,6144,197632
132,99,7168,197632
132,99,9216,197632
132,111,10240,197632
132,110,15360,197632
132,94,20480,197632
124,123,1024,199680
124,110,2048,199680
124,111,3072,199680
124,99,4096,199680
124,99,5120,199680
124,99,7168,199680
124,111,8192,199680
124,110,13312,199680
124,94,18432,199680
124,93,19456,199680
123,110,1024,200704
123,111,2048,200704
123,99,3072,200704
123,99,4096,200704
123,99,6144,200704
123,111,7168,200704
123,110,12288,200704
123,94,17408,200704
123,93,18432,200704
110,111,1024,201728
110,99,2048,201728
110,99,3072,201728
110,99,5120,201728
110,111,6144,201728
110,110,11264,201728
110,94,16384,201728
110,93,17408,201728
111,99,1024,202752
111,99,2048,202752
111,99,4096,202752
111,111,5120,202752
111,110,10240,202752
111,94,15360,202752
111,93,16384,202752
99,99,1024,203776
99,99,3072,203776
99,111,4096,203776
99,110,9216,203776
99,94,14336,203776
99,93,15360,203776
99,149,20480,203776
99,99,2048,204800
99,111,3072,204800
99,110,8192,204800
99,94,13312,204800
99,93,14336,204800
99,149,19456,204800
99,111,1024,206848
99,110,6144,206848
99,94,11264,206848
99,93,12288,206848
99,149,17408,206848
111,110,5120,207872
111,94,10240,207872
111,93,11264,207872
111,149,16384,207872
110,94,5120,212992
110,93,6144,212992
110,149,11264,212992
110,49,18432,212992
110,176,19456,212992
94,93,1024,218112
94,149,6144,218112
94,49,13312,218112
94,176,14336,218112
94,149,19456,218112
94,19,20480,218112
94,65,20480,218112
93,149,5120,219136
93,49,12288,219136
93,176,13312,219136
93,149,18432,219136
93,19,19456,219136
93,65,19456,219136
93,132,20480,219136
149,49,7168,224256
149,176,8192,224256
149,149,13312,224256
149,19,14336,224256
149,65,14336,224256
149,132,15360,224256
149,133,16384,224256
49,176,1024,231424
49,149,6144,231424
49,19,7168,231424
49,65,7168,231424
49,132,8192,231424
49,133,9216,231424
176,149,5120,232448
176,19,6144,232448
176,65,6144,232448
176,132,7168,232448
176,133,8192,232448
149,19,1024,237568
149,65,1024,237568
149,132,2048,237568
149,133,3072,237568
19,65,0,238592
19,132,1024,238592
19,133,2048,238592
65,132,1024,238592
65,133,2048,238592
132,133,1024,239616
150,248,11264,273408
150,165,12288,273408
248,165,1024,284672
248,49,13312,284672
165,49,12288,285696
165,147,20480,285696
49,147,8192,297984
49,147,14336,297984
147,147,6144,306176
147,124,16384,312320
