16,16,3072,1024
16,15,5120,1024
16,17,7168,1024
16,16,8192,1024
16,14,10240,1024
16,15,13312,1024
16,16,14336,1024
16,16,15360,1024
16,15,18432,1024
16,17,20480,1024
16,15,2048,4096
16,17,4096,4096
16,16,5120,4096
16,14,7168,4096
16,15,10240,4096
16,16,11264,4096
16,16,12288,4096
16,15,15360,4096
16,17,17408,4096
16,17,19456,4096
16,15,20480,4096
15,17,2048,6144
15,16,3072,6144
15,14,5120,6144
15,15,8192,6144
15,16,9216,6144
15,16,10240,6144
15,15,13312,6144
15,17,15360,6144
15,17,17408,6144
15,15,18432,6144
17,16,1024,8192
17,14,3072,8192
17,15,6144,8192
17,16,7168,8192
17,16,8192,8192
17,15,11264,8192
17,17,13312,8192
17,17,15360,8192
17,15,16384,8192
16,14,2048,9216
16,15,5120,9216
16,16,6144,9216
16,16,7168,9216
16,15,10240,9216
16,17,12288,9216
16,17,14336,9216
16,15,15360,9216
16,13,20480,9216
14,15,3072,11264
14,16,4096,11264
14,16,5120,11264
14,15,8192,11264
14,17,10240,11264
14,17,12288,11264
14,15,13312,11264
14,13,18432,11264
14,17,20480,11264
15,16,1024,14336
15,16,2048,14336
15,15,5120,14336
15,17,7168,14336
15,17,9216,14336
15,15,10240,14336
15,13,15360,14336
15,17,17408,14336
15,17,19456,14336
15,14,20480,14336
16,16,1024,15360
16,15,4096,15360
16,17,6144,15360
16,17,8192,15360
16,15,9216,15360
16,13,14336,15360
16,17,16384,15360
16,17,18432,15360
16,14,19456,15360
16,15,3072,16384
16,17,5120,16384
16,17,7168,16384
16,15,8192,16384
16,13,13312,16384
16,17,15360,16384
16,17,17408,16384
16,14,18432,16384
15,17,2048,19456
15,17,4096,19456
15,15,5120,19456
15,13,10240,19456
15,17,12288,19456
15,17,14336,19456
15,14,15360,19456
15,15,20480,19456
17,17,2048,21504
17,15,3072,21504
17,13,8192,21504
17,17,10240,21504
17,17,12288,21504
17,14,13312,21504
17,15,18432,21504
17,17,20480,21504
17,15,1024,23552
17,13,6144,23552
17,17,8192,23552
17,17,10240,23552
17,14,11264,23552
17,15,16384,23552
17,17,18432,23552
15,13,5120,24576
15,17,7168,24576
15,17,9216,24576
15,14,10240,24576
15,15,15360,24576
15,17,17408,24576
15,16,20480,24576
13,17,2048,29696
13,17,4096,29696
13,14,5120,29696
13,15,10240,29696
13,17,12288,29696
13,16,15360,29696
13,155,19456,29696
13,14,20480,29696
17,17,2048,31744
17,14,3072,31744
17,15,8192,31744
17,17,10240,31744
17,16,13312,31744
17,155,17408,31744
17,14,18432,31744
17,14,1024,33792
17,15,6144,33792
17,17,8192,33792
17,16,11264,33792
17,155,15360,33792
17,14,16384,33792
14,15,5120,34816
14,17,7168,34816
14,16,10240,34816
14,155,14336,34816
14,14,15360,34816
14,16,20480,34816
15,17,2048,39936
15,16,5120,39936
15,155,9216,39936
15,14,10240,39936
15,16,15360,39936
15,15,20480,39936
17,16,3072,41984
17,155,7168,41984
17,14,8192,41984
17,16,13312,41984
17,15,18432,41984
16,155,4096,45056
16,14,5120,45056
16,16,10240,45056
16,15,15360,45056
16,14,18432,45056
16,16,20480,45056
155,14,1024,49152
155,16,6144,49152
155,15,11264,49152
155,14,14336,49152
155,16,16384,49152
155,15,19456,49152
14,16,5120,50176
14,15,10240,50176
14,14,13312,50176
14,16,15360,50176
14,15,18432,50176
14,14,20480,50176
16,15,5120,55296
16,14,8192,55296
16,16,10240,55296
16,15,13312,55296
16,14,15360,55296
16,15,18432,55296
16,19,20480,55296
15,14,3072,60416
15,16,5120,60416
15,15,8192,60416
15,14,10240,60416
15,15,13312,60416
15,19,15360,60416
15,15,18432,60416
14,16,2048,63488
14,15,5120,63488
14,14,7168,63488
14,15,10240,63488
14,19,12288,63488
14,15,15360,63488
14,207,18432,63488
14,15,20480,63488
16,15,3072,65536
16,14,5120,65536
16,15,8192,65536
16,19,10240,65536
16,15,13312,65536
16,207,16384,65536
16,15,18432,65536
16,64,20480,65536
15,14,2048,68608
15,15,5120,68608
15,19,7168,68608
15,15,10240,68608
15,207,13312,68608
15,15,15360,68608
15,64,17408,68608
15,16,19456,68608
15,16,20480,68608
14,15,3072,70656
14,19,5120,70656
14,15,8192,70656
14,207,11264,70656
14,15,13312,70656
14,64,15360,70656
14,16,17408,70656
14,16,18432,70656
15,19,2048,73728
15,15,5120,73728
15,207,8192,73728
15,15,10240,73728
15,64,12288,73728
15,16,14336,73728
15,16,15360,73728
15,15,20480,73728
19,15,3072,75776
19,207,6144,75776
19,15,8192,75776
19,64,10240,75776
19,16,12288,75776
19,16,13312,75776
19,15,18432,75776
15,207,3072,78848
15,15,5120,78848
15,64,7168,78848
15,16,9216,78848
15,16,10240,78848
15,15,15360,78848
15,14,18432,78848
15,16,19456,78848
15,16,20480,78848
207,15,2048,81920
207,64,4096,81920
207,16,6144,81920
207,16,7168,81920
207,15,12288,81920
207,14,15360,81920
207,16,16384,81920
207,16,17408,81920
15,64,2048,83968
15,16,4096,83968
15,16,5120,83968
15,15,10240,83968
15,14,13312,83968
15,16,14336,83968
15,16,15360,83968
15,15,20480,83968
64,16,2048,86016
64,16,3072,86016
64,15,8192,86016
64,14,11264,86016
64,16,12288,86016
64,16,13312,86016
64,15,18432,86016
64,17,20480,86016
16,16,1024,88064
16,15,6144,88064
16,14,9216,88064
16,16,10240,88064
16,16,11264,88064
16,15,16384,88064
16,17,18432,88064
16,19,19456,88064
16,15,5120,89088
16,14,8192,89088
16,16,9216,89088
16,16,10240,89088
16,15,15360,89088
16,17,17408,89088
16,19,18432,89088
16,15,20480,89088
15,14,3072,94208
15,16,4096,94208
15,16,5120,94208
15,15,10240,94208
15,17,12288,94208
15,19,13312,94208
15,15,15360,94208
15,15,18432,94208
15,17,20480,94208
14,16,1024,97280
14,16,2048,97280
14,15,7168,97280
14,17,9216,97280
14,19,10240,97280
14,15,12288,97280
14,15,15360,97280
14,17,17408,97280
14,19,20480,97280
16,16,1024,98304
16,15,6144,98304
16,17,8192,98304
16,19,9216,98304
16,15,11264,98304
16,15,14336,98304
16,17,16384,98304
16,19,19456,98304
16,15,5120,99328
16,17,7168,99328
16,19,8192,99328
16,15,10240,99328
16,15,13312,99328
16,17,15360,99328
16,19,18432,99328
15,17,2048,104448
15,19,3072,104448
15,15,5120,104448
15,15,8192,104448
15,17,10240,104448
15,19,13312,104448
15,155,17408,104448
15,14,18432,104448
17,19,1024,106496
17,15,3072,106496
17,15,6144,106496
17,17,8192,106496
17,19,11264,106496
17,155,15360,106496
17,14,16384,106496
17,17,20480,106496
19,15,2048,107520
19,15,5120,107520
19,17,7168,107520
19,19,10240,107520
19,155,14336,107520
19,14,15360,107520
19,17,19456,107520
19,15,20480,107520
15,15,3072,109568
15,17,5120,109568
15,19,8192,109568
15,155,12288,109568
15,14,13312,109568
15,17,17408,109568
15,15,18432,109568
15,17,2048,112640
15,19,5120,112640
15,155,9216,112640
15,14,10240,112640
15,17,14336,112640
15,15,15360,112640
15,150,18432,112640
15,16,20480,112640
17,19,3072,114688
17,155,7168,114688
17,14,8192,114688
17,17,12288,114688
17,15,13312,114688
17,150,16384,114688
17,16,18432,114688
17,17,20480,114688
19,155,4096,117760
19,14,5120,117760
19,17,9216,117760
19,15,10240,117760
19,150,13312,117760
19,16,15360,117760
19,17,17408,117760
19,14,20480,117760
155,14,1024,121856
155,17,5120,121856
155,15,6144,121856
155,150,9216,121856
155,16,11264,121856
155,17,13312,121856
155,14,16384,121856
14,17,4096,122880
14,15,5120,122880
14,150,8192,122880
14,16,10240,122880
14,17,12288,122880
14,14,15360,122880
14,15,20480,122880
17,15,1024,126976
17,150,4096,126976
17,16,6144,126976
17,17,8192,126976
17,14,11264,126976
17,15,16384,126976
15,150,3072,128000
15,16,5120,128000
15,17,7168,128000
15,14,10240,128000
15,15,15360,128000
15,15,20480,128000
150,16,2048,131072
150,17,4096,131072
150,14,7168,131072
150,15,12288,131072
150,15,17408,131072
16,17,2048,133120
16,14,5120,133120
16,15,10240,133120
16,15,15360,133120
16,15,19456,133120
16,16,20480,133120
17,14,3072,135168
17,15,8192,135168
17,15,13312,135168
17,15,17408,135168
17,16,18432,135168
14,15,5120,138240
14,15,10240,138240
14,15,14336,138240
14,16,15360,138240
14,18,20480,138240
15,15,5120,143360
15,15,9216,143360
15,16,10240,143360
15,18,15360,143360
15,14,20480,143360
15,15,4096,148480
15,16,5120,148480
15,18,10240,148480
15,14,15360,148480
15,16,1024,152576
15,18,6144,152576
15,14,11264,152576
16,18,5120,153600
16,14,10240,153600
18,14,5120,158720
