12,11,5120,0
12,97,8192,0
12,48,9216,0
12,88,12288,0
12,12,13312,0
12,136,14336,0
12,45,17408,0
12,12,18432,0
12,48,19456,0
12,48,20480,0
11,97,3072,5120
11,48,4096,5120
11,88,7168,5120
11,12,8192,5120
11,136,9216,5120
11,45,12288,5120
11,12,13312,5120
11,48,14336,5120
11,48,15360,5120
11,12,16384,5120
11,192,18432,5120
11,98,20480,5120
97,48,1024,8192
97,88,4096,8192
97,12,5120,8192
97,136,6144,8192
97,45,9216,8192
97,12,10240,8192
97,48,11264,8192
97,48,12288,8192
97,12,13312,8192
97,192,15360,8192
97,98,17408,8192
97,12,18432,8192
48,88,3072,9216
48,12,4096,9216
48,136,5120,9216
48,45,8192,9216
48,12,9216,9216
48,48,10240,9216
48,48,11264,9216
48,12,12288,9216
48,192,14336,9216
48,98,16384,9216
48,12,17408,9216
48,16,20480,9216
88,12,1024,12288
88,136,2048,12288
88,45,5120,12288
88,12,6144,12288
88,48,7168,12288
88,48,8192,12288
88,12,9216,12288
88,192,11264,12288
88,98,13312,12288
88,12,14336,12288
88,16,17408,12288
88,30,19456,12288
12,136,1024,13312
12,45,4096,13312
12,12,5120,13312
12,48,6144,13312
12,48,7168,13312
12,12,8192,13312
12,192,10240,13312
12,98,12288,13312
12,12,13312,13312
12,16,16384,13312
12,30,18432,13312
136,45,3072,14336
136,12,4096,14336
136,48,5120,14336
136,48,6144,14336
136,12,7168,14336
136,192,9216,14336
136,98,11264,14336
136,12,12288,14336
136,16,15360,14336
136,30,17408,14336
136,12,20480,14336
45,12,1024,17408
45,48,2048,17408
45,48,3072,17408
45,12,4096,17408
45,192,6144,17408
45,98,8192,17408
45,12,9216,17408
45,16,12288,17408
45,30,14336,17408
45,12,17408,17408
45,127,19456,17408
12,48,1024,18432
12,48,2048,18432
12,12,3072,18432
12,192,5120,18432
12,98,7168,18432
12,12,8192,18432
12,16,11264,18432
12,30,13312,18432
12,12,16384,18432
12,127,18432,18432
48,48,1024,19456
48,12,2048,19456
48,192,4096,19456
48,98,6144,19456
48,12,7168,19456
48,16,10240,19456
48,30,12288,19456
48,12,15360,19456
48,127,17408,19456
48,49,20480,19456
48,12,1024,20480
48,192,3072,20480
48,98,5120,20480
48,12,6144,20480
48,16,9216,20480
48,30,11264,20480
48,12,14336,20480
48,127,16384,20480
48,49,19456,20480
12,192,2048,21504
12,98,4096,21504
12,12,5120,21504
12,16,8192,21504
12,30,10240,21504
12,12,13312,21504
12,127,15360,21504
12,49,18432,21504
192,98,2048,23552
192,12,3072,23552
192,16,6144,23552
192,30,8192,23552
192,12,11264,23552
192,127,13312,23552
192,49,16384,23552
192,12,19456,23552
98,12,1024,25600
98,16,4096,25600
98,30,6144,25600
98,12,9216,25600
98,127,11264,25600
98,49,14336,25600
98,12,17408,25600
12,16,3072,26624
12,30,5120,26624
12,12,8192,26624
12,127,10240,26624
12,49,13312,26624
12,12,16384,26624
16,30,2048,29696
16,12,5120,29696
16,127,7168,29696
16,49,10240,29696
16,12,13312,29696
16,11,18432,29696
16,48,20480,29696
30,12,3072,31744
30,127,5120,31744
30,49,8192,31744
30,12,11264,31744
30,11,16384,31744
30,48,18432,31744
30,117,19456,31744
12,127,2048,34816
12,49,5120,34816
12,12,8192,34816
12,11,13312,34816
12,48,15360,34816
12,117,16384,34816
12,28,18432,34816
127,49,3072,36864
127,12,6144,36864
127,11,11264,36864
127,48,13312,36864
127,117,14336,36864
127,28,16384,36864
127,11,19456,36864
49,12,3072,39936
49,11,8192,39936
49,48,10240,39936
49,117,11264,39936
49,28,13312,39936
49,11,16384,39936
49,45,20480,39936
12,11,5120,43008
12,48,7168,43008
12,117,8192,43008
12,28,10240,43008
12,11,13312,43008
12,45,17408,43008
12,12,18432,43008
12,49,19456,43008
12,18,20480,43008
11,48,2048,48128
11,117,3072,48128
11,28,5120,48128
11,11,8192,48128
11,45,12288,48128
11,12,13312,48128
11,49,14336,48128
11,18,15360,48128
11,12,16384,48128
11,194,18432,48128
11,96,20480,48128
48,117,1024,50176
48,28,3072,50176
48,11,6144,50176
48,45,10240,50176
48,12,11264,50176
48,49,12288,50176
48,18,13312,50176
48,12,14336,50176
48,194,16384,50176
48,96,18432,50176
48,12,19456,50176
117,28,2048,51200
117,11,5120,51200
117,45,9216,51200
117,12,10240,51200
117,49,11264,51200
117,18,12288,51200
117,12,13312,51200
117,194,15360,51200
117,96,17408,51200
117,12,18432,51200
28,11,3072,53248
28,45,7168,53248
28,12,8192,53248
28,49,9216,53248
28,18,10240,53248
28,12,11264,53248
28,194,13312,53248
28,96,15360,53248
28,12,16384,53248
28,12,19456,53248
11,45,4096,56320
11,12,5120,56320
11,49,6144,56320
11,18,7168,56320
11,12,8192,56320
11,194,10240,56320
11,96,12288,56320
11,12,13312,56320
11,12,16384,56320
11,29,18432,56320
45,12,1024,60416
45,49,2048,60416
45,18,3072,60416
45,12,4096,60416
45,194,6144,60416
45,96,8192,60416
45,12,9216,60416
45,12,12288,60416
45,29,14336,60416
45,12,17408,60416
45,51,19456,60416
12,49,1024,61440
12,18,2048,61440
12,12,3072,61440
12,194,5120,61440
12,96,7168,61440
12,12,8192,61440
12,12,11264,61440
12,29,13312,61440
12,12,16384,61440
12,51,18432,61440
49,18,1024,62464
49,12,2048,62464
49,194,4096,62464
49,96,6144,62464
49,12,7168,62464
49,12,10240,62464
49,29,12288,62464
49,12,15360,62464
49,51,17408,62464
49,16,20480,62464
18,12,1024,63488
18,194,3072,63488
18,96,5120,63488
18,12,6144,63488
18,12,9216,63488
18,29,11264,63488
18,12,14336,63488
18,51,16384,63488
18,16,19456,63488
12,194,2048,64512
12,96,4096,64512
12,12,5120,64512
12,12,8192,64512
12,29,10240,64512
12,12,13312,64512
12,51,15360,64512
12,16,18432,64512
194,96,2048,66560
194,12,3072,66560
194,12,6144,66560
194,29,8192,66560
194,12,11264,66560
194,51,13312,66560
194,16,16384,66560
194,12,19456,66560
96,12,1024,68608
96,12,4096,68608
96,29,6144,68608
96,12,9216,68608
96,51,11264,68608
96,16,14336,68608
96,12,17408,68608
12,12,3072,69632
12,29,5120,69632
12,12,8192,69632
12,51,10240,69632
12,16,13312,69632
12,12,16384,69632
12,29,2048,72704
12,12,5120,72704
12,51,7168,72704
12,16,10240,72704
12,12,13312,72704
12,12,18432,72704
29,12,3072,74752
29,51,5120,74752
29,16,8192,74752
29,12,11264,74752
29,12,16384,74752
12,51,2048,77824
12,16,5120,77824
12,12,8192,77824
12,12,13312,77824
51,16,3072,79872
51,12,6144,79872
51,12,11264,79872
51,12,19456,79872
16,12,3072,82944
16,12,8192,82944
16,12,16384,82944
12,12,5120,86016
12,12,13312,86016
12,193,18432,86016
12,193,20480,86016
12,12,8192,91136
12,193,13312,91136
12,193,15360,91136
12,19,16384,91136
12,19,18432,91136
12,103,20480,91136
12,193,5120,99328
12,193,7168,99328
12,19,8192,99328
12,19,10240,99328
12,103,12288,99328
12,12,13312,99328
12,29,18432,99328
193,193,2048,104448
193,19,3072,104448
193,19,5120,104448
193,103,7168,104448
193,12,8192,104448
193,29,13312,104448
193,12,16384,104448
193,19,1024,106496
193,19,3072,106496
193,103,5120,106496
193,12,6144,106496
193,29,11264,106496
193,12,14336,106496
193,12,19456,106496
19,19,2048,107520
19,103,4096,107520
19,12,5120,107520
19,29,10240,107520
19,12,13312,107520
19,12,18432,107520
19,103,2048,109568
19,12,3072,109568
19,29,8192,109568
19,12,11264,109568
19,12,16384,109568
19,12,19456,109568
103,12,1024,111616
103,29,6144,111616
103,12,9216,111616
103,12,14336,111616
103,12,17408,111616
12,29,5120,112640
12,12,8192,112640
12,12,13312,112640
12,12,16384,112640
29,12,3072,117760
29,12,8192,117760
29,12,11264,117760
29,12,16384,117760
29,48,19456,117760
12,12,5120,120832
12,12,8192,120832
12,12,13312,120832
12,48,16384,120832
12,30,18432,120832
12,12,3072,125952
12,12,8192,125952
12,48,11264,125952
12,30,13312,125952
12,11,16384,125952
12,43,20480,125952
12,12,5120,129024
12,48,8192,129024
12,30,10240,129024
12,11,13312,129024
12,43,17408,129024
12,12,18432,129024
12,48,3072,134144
12,30,5120,134144
12,11,8192,134144
12,43,12288,134144
12,12,13312,134144
12,11,16384,134144
12,18,18432,134144
48,30,2048,137216
48,11,5120,137216
48,43,9216,137216
48,12,10240,137216
48,11,13312,137216
48,18,15360,137216
48,11,18432,137216
30,11,3072,139264
30,43,7168,139264
30,12,8192,139264
30,11,11264,139264
30,18,13312,139264
30,11,16384,139264
11,43,4096,142336
11,12,5120,142336
11,11,8192,142336
11,18,10240,142336
11,11,13312,142336
11,12,18432,142336
43,12,1024,146432
43,11,4096,146432
43,18,6144,146432
43,11,9216,146432
43,12,14336,146432
43,12,17408,146432
12,11,3072,147456
12,18,5120,147456
12,11,8192,147456
12,12,13312,147456
12,12,16384,147456
11,18,2048,150528
11,11,5120,150528
11,12,10240,150528
11,12,13312,150528
18,11,3072,152576
18,12,8192,152576
18,12,11264,152576
11,12,5120,155648
11,12,8192,155648
12,12,3072,160768
