46,61,2048,0
46,61,3072,0
46,30,4096,0
46,30,5120,0
46,8,7168,0
46,23,9216,0
46,6,10240,0
46,8,12288,0
46,20,13312,0
46,41,14336,0
46,8,15360,0
46,20,16384,0
46,24,17408,0
46,20,18432,0
61,61,1024,2048
61,30,2048,2048
61,30,3072,2048
61,8,5120,2048
61,23,7168,2048
61,6,8192,2048
61,8,10240,2048
61,20,11264,2048
61,41,12288,2048
61,8,13312,2048
61,20,14336,2048
61,24,15360,2048
61,20,16384,2048
61,23,17408,2048
61,30,1024,3072
61,30,2048,3072
61,8,4096,3072
61,23,6144,3072
61,6,7168,3072
61,8,9216,3072
61,20,10240,3072
61,41,11264,3072
61,8,12288,3072
61,20,13312,3072
61,24,14336,3072
61,20,15360,3072
61,23,16384,3072
30,30,1024,4096
30,8,3072,4096
30,23,5120,4096
30,6,6144,4096
30,8,8192,4096
30,20,9216,4096
30,41,10240,4096
30,8,11264,4096
30,20,12288,4096
30,24,13312,4096
30,20,14336,4096
30,23,15360,4096
30,8,2048,5120
30,23,4096,5120
30,6,5120,5120
30,8,7168,5120
30,20,8192,5120
30,41,9216,5120
30,8,10240,5120
30,20,11264,5120
30,24,12288,5120
30,20,13312,5120
30,23,14336,5120
30,34,20480,5120
8,23,2048,7168
8,6,3072,7168
8,8,5120,7168
8,20,6144,7168
8,41,7168,7168
8,8,8192,7168
8,20,9216,7168
8,24,10240,7168
8,20,11264,7168
8,23,12288,7168
8,34,18432,7168
23,6,1024,9216
23,8,3072,9216
23,20,4096,9216
23,41,5120,9216
23,8,6144,9216
23,20,7168,9216
23,24,8192,9216
23,20,9216,9216
23,23,10240,9216
23,34,16384,9216
6,8,2048,10240
6,20,3072,10240
6,41,4096,10240
6,8,5120,10240
6,20,6144,10240
6,24,7168,10240
6,20,8192,10240
6,23,9216,10240
6,34,15360,10240
8,20,1024,12288
8,41,2048,12288
8,8,3072,12288
8,20,4096,12288
8,24,5120,12288
8,20,6144,12288
8,23,7168,12288
8,34,13312,12288
20,41,1024,13312
20,8,2048,13312
20,20,3072,13312
20,24,4096,13312
20,20,5120,13312
20,23,6144,13312
20,34,12288,13312
41,8,1024,14336
41,20,2048,14336
41,24,3072,14336
41,20,4096,14336
41,23,5120,14336
41,34,11264,14336
8,20,1024,15360
8,24,2048,15360
8,20,3072,15360
8,23,4096,15360
8,34,10240,15360
20,24,1024,16384
20,20,2048,16384
20,23,3072,16384
20,34,9216,16384
24,20,1024,17408
24,23,2048,17408
24,34,8192,17408
20,23,1024,18432
20,34,7168,18432
23,34,6144,19456
8,10,3072,48128
8,8,4096,48128
8,8,5120,48128
8,27,8192,48128
8,8,11264,48128
10,8,1024,51200
10,8,2048,51200
10,27,5120,51200
10,8,8192,51200
10,24,20480,51200
8,8,1024,52224
8,27,4096,52224
8,8,7168,52224
8,24,19456,52224
8,24,20480,52224
8,27,3072,53248
8,8,6144,53248
8,24,18432,53248
8,24,19456,53248
27,8,3072,56320
27,24,15360,56320
27,24,16384,56320
8,24,12288,59392
8,24,13312,59392
24,24,1024,71680
24,24,12288,71680
24,25,14336,71680
24,20,16384,71680
24,36,20480,71680
24,24,11264,72704
24,25,13312,72704
24,20,15360,72704
24,36,19456,72704
24,25,2048,83968
24,20,4096,83968
24,36,8192,83968
24,18,10240,83968
24,36,12288,83968
24,36,13312,83968
24,18,14336,83968
24,36,18432,83968
25,20,2048,86016
25,36,6144,86016
25,18,8192,86016
25,36,10240,86016
25,36,11264,86016
25,18,12288,86016
25,36,16384,86016
25,8,19456,86016
25,8,20480,86016
20,36,4096,88064
20,18,6144,88064
20,36,8192,88064
20,36,9216,88064
20,18,10240,88064
20,36,14336,88064
20,8,17408,88064
20,8,18432,88064
36,18,2048,92160
36,36,4096,92160
36,36,5120,92160
36,18,6144,92160
36,36,10240,92160
36,8,13312,92160
36,8,14336,92160
36,8,18432,92160
36,8,19456,92160
18,36,2048,94208
18,36,3072,94208
18,18,4096,94208
18,36,8192,94208
18,8,11264,94208
18,8,12288,94208
18,8,16384,94208
18,8,17408,94208
36,36,1024,96256
36,18,2048,96256
36,36,6144,96256
36,8,9216,96256
36,8,10240,96256
36,8,14336,96256
36,8,15360,96256
36,18,1024,97280
36,36,5120,97280
36,8,8192,97280
36,8,9216,97280
36,8,13312,97280
36,8,14336,97280
36,6,20480,97280
18,36,4096,98304
18,8,7168,98304
18,8,8192,98304
18,8,12288,98304
18,8,13312,98304
18,6,19456,98304
36,8,3072,102400
36,8,4096,102400
36,8,8192,102400
36,8,9216,102400
36,6,15360,102400
36,8,20480,102400
8,8,1024,105472
8,8,5120,105472
8,8,6144,105472
8,6,12288,105472
8,8,17408,105472
8,8,4096,106496
8,8,5120,106496
8,6,11264,106496
8,8,16384,106496
8,8,1024,110592
8,6,7168,110592
8,8,12288,110592
8,8,17408,110592
8,6,6144,111616
8,8,11264,111616
8,8,16384,111616
6,8,5120,117760
6,8,10240,117760
6,6,16384,117760
8,8,5120,122880
8,6,11264,122880
8,8,16384,122880
8,7,17408,122880
8,6,6144,128000
8,8,11264,128000
8,7,12288,128000
8,7,18432,128000
8,7,19456,128000
6,8,5120,134144
6,7,6144,134144
6,7,12288,134144
6,7,13312,134144
6,8,20480,134144
8,7,1024,139264
8,7,7168,139264
8,7,8192,139264
8,8,15360,139264
8,7,16384,139264
7,7,6144,140288
7,7,7168,140288
7,8,14336,140288
7,7,15360,140288
7,7,20480,140288
7,7,1024,146432
7,8,8192,146432
7,7,9216,146432
7,7,14336,146432
7,6,20480,146432
7,8,7168,147456
7,7,8192,147456
7,7,13312,147456
7,6,19456,147456
8,7,1024,154624
8,7,6144,154624
8,6,12288,154624
8,8,15360,154624
8,8,16384,154624
8,8,17408,154624
7,7,5120,155648
7,6,11264,155648
7,8,14336,155648
7,8,15360,155648
7,8,16384,155648
7,8,20480,155648
7,6,6144,160768
7,8,9216,160768
7,8,10240,160768
7,8,11264,160768
7,8,15360,160768
7,7,16384,160768
7,8,17408,160768
6,8,3072,166912
6,8,4096,166912
6,8,5120,166912
6,8,9216,166912
6,7,10240,166912
6,8,11264,166912
6,6,16384,166912
8,8,1024,169984
8,8,2048,169984
8,8,6144,169984
8,7,7168,169984
8,8,8192,169984
8,6,13312,169984
8,8,18432,169984
8,7,19456,169984
8,8,1024,171008
8,8,5120,171008
8,7,6144,171008
8,8,7168,171008
8,6,12288,171008
8,8,17408,171008
8,7,18432,171008
8,7,20480,171008
8,8,4096,172032
8,7,5120,172032
8,8,6144,172032
8,6,11264,172032
8,8,16384,172032
8,7,17408,172032
8,7,19456,172032
8,7,1024,176128
8,8,2048,176128
8,6,7168,176128
8,8,12288,176128
8,7,13312,176128
8,7,15360,176128
8,8,18432,176128
7,8,1024,177152
7,6,6144,177152
7,8,11264,177152
7,7,12288,177152
7,7,14336,177152
7,8,17408,177152
7,8,20480,177152
8,6,5120,178176
8,8,10240,178176
8,7,11264,178176
8,7,13312,178176
8,8,16384,178176
8,8,19456,178176
6,8,5120,183296
6,7,6144,183296
6,7,8192,183296
6,8,11264,183296
6,8,14336,183296
8,7,1024,188416
8,7,3072,188416
8,8,6144,188416
8,8,9216,188416
8,8,16384,188416
7,7,2048,189440
7,8,5120,189440
7,8,8192,189440
7,8,15360,189440
7,8,3072,191488
7,8,6144,191488
7,8,13312,191488
8,8,3072,194560
8,8,10240,194560
8,8,7168,197632
8,6,18432,197632
8,8,19456,197632
8,6,11264,204800
8,8,12288,204800
8,8,16384,204800
6,8,1024,216064
6,8,5120,216064
6,8,10240,216064
6,63,16384,216064
6,61,17408,216064
6,62,18432,216064
6,62,19456,216064
8,8,4096,217088
8,8,9216,217088
8,63,15360,217088
8,61,16384,217088
8,62,17408,217088
8,62,18432,217088
8,7,20480,217088
8,8,5120,221184
8,63,11264,221184
8,61,12288,221184
8,62,13312,221184
8,62,14336,221184
8,7,16384,221184
8,6,20480,221184
8,63,6144,226304
8,61,7168,226304
8,62,8192,226304
8,62,9216,226304
8,7,11264,226304
8,6,15360,226304
8,8,16384,226304
63,61,1024,232448
63,62,2048,232448
63,62,3072,232448
63,7,5120,232448
63,6,9216,232448
63,8,10240,232448
63,94,18432,232448
63,94,19456,232448
61,62,1024,233472
61,62,2048,233472
61,7,4096,233472
61,6,8192,233472
61,8,9216,233472
61,94,17408,233472
61,94,18432,233472
61,8,20480,233472
62,62,1024,234496
62,7,3072,234496
62,6,7168,234496
62,8,8192,234496
62,94,16384,234496
62,94,17408,234496
62,8,19456,234496
62,7,2048,235520
62,6,6144,235520
62,8,7168,235520
62,94,15360,235520
62,94,16384,235520
62,8,18432,235520
7,6,4096,237568
7,8,5120,237568
7,94,13312,237568
7,94,14336,237568
7,8,16384,237568
6,8,1024,241664
6,94,9216,241664
6,94,10240,241664
6,8,12288,241664
6,7,17408,241664
6,8,18432,241664
6,8,19456,241664
8,94,8192,242688
8,94,9216,242688
8,8,11264,242688
8,7,16384,242688
8,8,17408,242688
8,8,18432,242688
8,8,20480,242688
94,94,1024,250880
94,8,3072,250880
94,7,8192,250880
94,8,9216,250880
94,8,10240,250880
94,8,12288,250880
94,8,13312,250880
94,8,19456,250880
94,8,2048,251904
94,7,7168,251904
94,8,8192,251904
94,8,9216,251904
94,8,11264,251904
94,8,12288,251904
94,8,18432,251904
8,7,5120,253952
8,8,6144,253952
8,8,7168,253952
8,8,9216,253952
8,8,10240,253952
8,8,16384,253952
7,8,1024,259072
7,8,2048,259072
7,8,4096,259072
7,8,5120,259072
7,8,11264,259072
7,8,16384,259072
7,8,19456,259072
7,8,20480,259072
8,8,1024,260096
8,8,3072,260096
8,8,4096,260096
8,8,10240,260096
8,8,15360,260096
8,8,18432,260096
8,8,19456,260096
8,7,20480,260096
8,8,2048,261120
8,8,3072,261120
8,8,9216,261120
8,8,14336,261120
8,8,17408,261120
8,8,18432,261120
8,7,19456,261120
8,8,1024,263168
8,8,7168,263168
8,8,12288,263168
8,8,15360,263168
8,8,16384,263168
8,7,17408,263168
8,8,6144,264192
8,8,11264,264192
8,8,14336,264192
8,8,15360,264192
8,7,16384,264192
8,8,5120,270336
8,8,8192,270336
8,8,9216,270336
8,7,10240,270336
8,6,20480,270336
8,8,3072,275456
8,8,4096,275456
8,7,5120,275456
8,6,15360,275456
8,8,16384,275456
8,8,1024,278528
8,7,2048,278528
8,6,12288,278528
8,8,13312,278528
8,7,1024,279552
8,6,11264,279552
8,8,12288,279552
7,6,10240,280576
7,8,11264,280576
7,94,20480,280576
6,8,1024,290816
6,94,10240,290816
6,94,11264,290816
8,94,9216,291840
8,94,10240,291840
8,8,20480,291840
94,94,1024,301056
94,8,11264,301056
94,28,12288,301056
94,8,10240,302080
94,28,11264,302080
8,28,1024,312320
8,7,12288,312320
8,45,13312,312320
28,7,11264,313344
28,45,12288,313344
7,45,1024,324608
