17,12,10240,7168
17,21,13312,7168
17,16,17408,7168
12,21,3072,17408
12,16,7168,17408
21,16,4096,20480
16,11,19456,24576
11,22,2048,44032
11,22,7168,44032
11,22,12288,44032
11,21,13312,44032
11,20,18432,44032
11,12,20480,44032
22,22,5120,46080
22,22,10240,46080
22,21,11264,46080
22,20,16384,46080
22,12,18432,46080
22,22,20480,46080
22,22,5120,51200
22,21,6144,51200
22,20,11264,51200
22,12,13312,51200
22,22,15360,51200
22,12,18432,51200
22,11,19456,51200
22,21,1024,56320
22,20,6144,56320
22,12,8192,56320
22,22,10240,56320
22,12,13312,56320
22,11,14336,56320
22,24,18432,56320
21,20,5120,57344
21,12,7168,57344
21,22,9216,57344
21,12,12288,57344
21,11,13312,57344
21,24,17408,57344
21,11,20480,57344
20,12,2048,62464
20,22,4096,62464
20,12,7168,62464
20,11,8192,62464
20,24,12288,62464
20,11,15360,62464
20,24,17408,62464
20,21,20480,62464
12,22,2048,64512
12,12,5120,64512
12,11,6144,64512
12,24,10240,64512
12,11,13312,64512
12,24,15360,64512
12,21,18432,64512
22,12,3072,66560
22,11,4096,66560
22,24,8192,66560
22,11,11264,66560
22,24,13312,66560
22,21,16384,66560
12,11,1024,69632
12,24,5120,69632
12,11,8192,69632
12,24,10240,69632
12,21,13312,69632
12,21,18432,69632
11,24,4096,70656
11,11,7168,70656
11,24,9216,70656
11,21,12288,70656
11,21,17408,70656
24,11,3072,74752
24,24,5120,74752
24,21,8192,74752
24,21,13312,74752
24,22,18432,74752
11,24,2048,77824
11,21,5120,77824
11,21,10240,77824
11,22,15360,77824
11,22,20480,77824
24,21,3072,79872
24,21,8192,79872
24,22,13312,79872
24,22,18432,79872
21,21,5120,82944
21,22,10240,82944
21,22,15360,82944
21,11,18432,82944
21,22,20480,82944
21,22,5120,88064
21,22,10240,88064
21,11,13312,88064
21,22,15360,88064
21,21,16384,88064
21,12,18432,88064
22,22,5120,93184
22,11,8192,93184
22,22,10240,93184
22,21,11264,93184
22,12,13312,93184
22,12,18432,93184
22,11,3072,98304
22,22,5120,98304
22,21,6144,98304
22,12,8192,98304
22,12,13312,98304
22,21,16384,98304
22,24,18432,98304
11,22,2048,101376
11,21,3072,101376
11,12,5120,101376
11,12,10240,101376
11,21,13312,101376
11,24,15360,101376
11,24,20480,101376
22,21,1024,103424
22,12,3072,103424
22,12,8192,103424
22,21,11264,103424
22,24,13312,103424
22,24,18432,103424
21,12,2048,104448
21,12,7168,104448
21,21,10240,104448
21,24,12288,104448
21,24,17408,104448
21,21,20480,104448
12,12,5120,106496
12,21,8192,106496
12,24,10240,106496
12,24,15360,106496
12,21,18432,106496
12,21,3072,111616
12,24,5120,111616
12,24,10240,111616
12,21,13312,111616
12,21,18432,111616
21,24,2048,114688
21,24,7168,114688
21,21,10240,114688
21,21,15360,114688
21,21,20480,114688
24,24,5120,116736
24,21,8192,116736
24,21,13312,116736
24,21,18432,116736
24,21,3072,121856
24,21,8192,121856
24,21,13312,121856
24,22,18432,121856
21,21,5120,124928
21,21,10240,124928
21,22,15360,124928
21,11,18432,124928
21,21,5120,130048
21,22,10240,130048
21,11,13312,130048
21,11,18432,130048
21,22,20480,130048
21,22,5120,135168
21,11,8192,135168
21,11,13312,135168
21,22,15360,135168
21,22,20480,135168
22,11,3072,140288
22,11,8192,140288
22,22,10240,140288
22,22,15360,140288
11,11,5120,143360
11,22,7168,143360
11,22,12288,143360
11,24,20480,143360
11,22,2048,148480
11,22,7168,148480
11,24,15360,148480
22,22,5120,150528
22,24,13312,150528
22,24,8192,155648
