57,45,2048,4096
57,37,5120,4096
57,20,6144,4096
57,22,11264,4096
57,24,12288,4096
57,22,13312,4096
57,23,14336,4096
57,22,16384,4096
57,22,17408,4096
57,23,18432,4096
57,23,20480,4096
45,37,3072,6144
45,20,4096,6144
45,22,9216,6144
45,24,10240,6144
45,22,11264,6144
45,23,12288,6144
45,22,14336,6144
45,22,15360,6144
45,23,16384,6144
45,23,18432,6144
37,20,1024,9216
37,22,6144,9216
37,24,7168,9216
37,22,8192,9216
37,23,9216,9216
37,22,11264,9216
37,22,12288,9216
37,23,13312,9216
37,23,15360,9216
37,46,20480,9216
20,22,5120,10240
20,24,6144,10240
20,22,7168,10240
20,23,8192,10240
20,22,10240,10240
20,22,11264,10240
20,23,12288,10240
20,23,14336,10240
20,46,19456,10240
20,23,20480,10240
20,91,20480,10240
22,24,1024,15360
22,22,2048,15360
22,23,3072,15360
22,22,5120,15360
22,22,6144,15360
22,23,7168,15360
22,23,9216,15360
22,46,14336,15360
22,23,15360,15360
22,91,15360,15360
22,47,16384,15360
22,46,17408,15360
22,69,18432,15360
24,22,1024,16384
24,23,2048,16384
24,22,4096,16384
24,22,5120,16384
24,23,6144,16384
24,23,8192,16384
24,46,13312,16384
24,23,14336,16384
24,91,14336,16384
24,47,15360,16384
24,46,16384,16384
24,69,17408,16384
22,23,1024,17408
22,22,3072,17408
22,22,4096,17408
22,23,5120,17408
22,23,7168,17408
22,46,12288,17408
22,23,13312,17408
22,91,13312,17408
22,47,14336,17408
22,46,15360,17408
22,69,16384,17408
23,22,2048,18432
23,22,3072,18432
23,23,4096,18432
23,23,6144,18432
23,46,11264,18432
23,23,12288,18432
23,91,12288,18432
23,47,13312,18432
23,46,14336,18432
23,69,15360,18432
22,22,1024,20480
22,23,2048,20480
22,23,4096,20480
22,46,9216,20480
22,23,10240,20480
22,91,10240,20480
22,47,11264,20480
22,46,12288,20480
22,69,13312,20480
22,23,1024,21504
22,23,3072,21504
22,46,8192,21504
22,23,9216,21504
22,91,9216,21504
22,47,10240,21504
22,46,11264,21504
22,69,12288,21504
22,23,20480,21504
23,23,2048,22528
23,46,7168,22528
23,23,8192,22528
23,91,8192,22528
23,47,9216,22528
23,46,10240,22528
23,69,11264,22528
23,23,19456,22528
23,46,5120,24576
23,23,6144,24576
23,91,6144,24576
23,47,7168,24576
23,46,8192,24576
23,69,9216,24576
23,23,17408,24576
46,23,1024,29696
46,91,1024,29696
46,47,2048,29696
46,46,3072,29696
46,69,4096,29696
46,23,12288,29696
23,91,0,30720
23,47,1024,30720
23,46,2048,30720
23,69,3072,30720
23,23,11264,30720
91,47,1024,30720
91,46,2048,30720
91,69,3072,30720
91,23,11264,30720
47,46,1024,31744
47,69,2048,31744
47,23,10240,31744
46,69,1024,32768
46,23,9216,32768
69,23,8192,33792
69,33,20480,33792
23,33,12288,41984
23,33,14336,41984
23,20,15360,41984
23,41,15360,41984
23,20,16384,41984
23,26,18432,41984
23,27,19456,41984
23,26,20480,41984
33,33,2048,54272
33,20,3072,54272
33,41,3072,54272
33,20,4096,54272
33,26,6144,54272
33,27,7168,54272
33,26,8192,54272
33,23,16384,54272
33,47,16384,54272
33,23,18432,54272
33,46,18432,54272
33,20,1024,56320
33,41,1024,56320
33,20,2048,56320
33,26,4096,56320
33,27,5120,56320
33,26,6144,56320
33,23,14336,56320
33,47,14336,56320
33,23,16384,56320
33,46,16384,56320
33,23,20480,56320
20,41,0,57344
20,20,1024,57344
20,26,3072,57344
20,27,4096,57344
20,26,5120,57344
20,23,13312,57344
20,47,13312,57344
20,23,15360,57344
20,46,15360,57344
20,23,19456,57344
41,20,1024,57344
41,26,3072,57344
41,27,4096,57344
41,26,5120,57344
41,23,13312,57344
41,47,13312,57344
41,23,15360,57344
41,46,15360,57344
41,23,19456,57344
20,26,2048,58368
20,27,3072,58368
20,26,4096,58368
20,23,12288,58368
20,47,12288,58368
20,23,14336,58368
20,46,14336,58368
20,23,18432,58368
26,27,1024,60416
26,26,2048,60416
26,23,10240,60416
26,47,10240,60416
26,23,12288,60416
26,46,12288,60416
26,23,16384,60416
26,23,19456,60416
27,26,1024,61440
27,23,9216,61440
27,47,9216,61440
27,23,11264,61440
27,46,11264,61440
27,23,15360,61440
27,23,18432,61440
26,23,8192,62464
26,47,8192,62464
26,23,10240,62464
26,46,10240,62464
26,23,14336,62464
26,23,17408,62464
26,22,20480,62464
23,47,0,70656
23,23,2048,70656
23,46,2048,70656
23,23,6144,70656
23,23,9216,70656
23,22,12288,70656
23,69,17408,70656
23,33,19456,70656
47,23,2048,70656
47,46,2048,70656
47,23,6144,70656
47,23,9216,70656
47,22,12288,70656
47,69,17408,70656
47,33,19456,70656
23,46,0,72704
23,23,4096,72704
23,23,7168,72704
23,22,10240,72704
23,69,15360,72704
23,33,17408,72704
46,23,4096,72704
46,23,7168,72704
46,22,10240,72704
46,69,15360,72704
46,33,17408,72704
23,23,3072,76800
23,22,6144,76800
23,69,11264,76800
23,33,13312,76800
23,22,17408,76800
23,24,18432,76800
23,22,3072,79872
23,69,8192,79872
23,33,10240,79872
23,22,14336,79872
23,24,15360,79872
23,53,18432,79872
23,54,19456,79872
23,55,20480,79872
22,69,5120,82944
22,33,7168,82944
22,22,11264,82944
22,24,12288,82944
22,53,15360,82944
22,54,16384,82944
22,55,17408,82944
22,57,18432,82944
69,33,2048,88064
69,22,6144,88064
69,24,7168,88064
69,53,10240,88064
69,54,11264,88064
69,55,12288,88064
69,57,13312,88064
33,22,4096,90112
33,24,5120,90112
33,53,8192,90112
33,54,9216,90112
33,55,10240,90112
33,57,11264,90112
33,18,19456,90112
22,24,1024,94208
22,53,4096,94208
22,54,5120,94208
22,55,6144,94208
22,57,7168,94208
22,18,15360,94208
22,38,18432,94208
22,48,19456,94208
24,53,3072,95232
24,54,4096,95232
24,55,5120,95232
24,57,6144,95232
24,18,14336,95232
24,38,17408,95232
24,48,18432,95232
53,54,1024,98304
53,55,2048,98304
53,57,3072,98304
53,18,11264,98304
53,38,14336,98304
53,48,15360,98304
53,33,20480,98304
54,55,1024,99328
54,57,2048,99328
54,18,10240,99328
54,38,13312,99328
54,48,14336,99328
54,33,19456,99328
55,57,1024,100352
55,18,9216,100352
55,38,12288,100352
55,48,13312,100352
55,33,18432,100352
57,18,8192,101376
57,38,11264,101376
57,48,12288,101376
57,33,17408,101376
18,38,3072,109568
18,48,4096,109568
18,33,9216,109568
18,21,13312,109568
18,46,15360,109568
18,47,16384,109568
18,37,19456,109568
38,48,1024,112640
38,33,6144,112640
38,21,10240,112640
38,46,12288,112640
38,47,13312,112640
38,37,16384,112640
38,27,18432,112640
48,33,5120,113664
48,21,9216,113664
48,46,11264,113664
48,47,12288,113664
48,37,15360,113664
48,27,17408,113664
48,23,20480,113664
33,21,4096,118784
33,46,6144,118784
33,47,7168,118784
33,37,10240,118784
33,27,12288,118784
33,23,15360,118784
33,22,16384,118784
33,23,18432,118784
33,19,19456,118784
21,46,2048,122880
21,47,3072,122880
21,37,6144,122880
21,27,8192,122880
21,23,11264,122880
21,22,12288,122880
21,23,14336,122880
21,19,15360,122880
21,48,18432,122880
21,23,20480,122880
46,47,1024,124928
46,37,4096,124928
46,27,6144,124928
46,23,9216,124928
46,22,10240,124928
46,23,12288,124928
46,19,13312,124928
46,48,16384,124928
46,23,18432,124928
46,22,19456,124928
47,37,3072,125952
47,27,5120,125952
47,23,8192,125952
47,22,9216,125952
47,23,11264,125952
47,19,12288,125952
47,48,15360,125952
47,23,17408,125952
47,22,18432,125952
37,27,2048,129024
37,23,5120,129024
37,22,6144,129024
37,23,8192,129024
37,19,9216,129024
37,48,12288,129024
37,23,14336,129024
37,22,15360,129024
37,18,18432,129024
37,24,20480,129024
27,23,3072,131072
27,22,4096,131072
27,23,6144,131072
27,19,7168,131072
27,48,10240,131072
27,23,12288,131072
27,22,13312,131072
27,18,16384,131072
27,24,18432,131072
27,22,19456,131072
27,23,20480,131072
23,22,1024,134144
23,23,3072,134144
23,19,4096,134144
23,48,7168,134144
23,23,9216,134144
23,22,10240,134144
23,18,13312,134144
23,24,15360,134144
23,22,16384,134144
23,23,17408,134144
23,33,18432,134144
23,22,19456,134144
23,34,20480,134144
22,23,2048,135168
22,19,3072,135168
22,48,6144,135168
22,23,8192,135168
22,22,9216,135168
22,18,12288,135168
22,24,14336,135168
22,22,15360,135168
22,23,16384,135168
22,33,17408,135168
22,22,18432,135168
22,34,19456,135168
22,41,20480,135168
23,19,1024,137216
23,48,4096,137216
23,23,6144,137216
23,22,7168,137216
23,18,10240,137216
23,24,12288,137216
23,22,13312,137216
23,23,14336,137216
23,33,15360,137216
23,22,16384,137216
23,34,17408,137216
23,41,18432,137216
19,48,3072,138240
19,23,5120,138240
19,22,6144,138240
19,18,9216,138240
19,24,11264,138240
19,22,12288,138240
19,23,13312,138240
19,33,14336,138240
19,22,15360,138240
19,34,16384,138240
19,41,17408,138240
48,23,2048,141312
48,22,3072,141312
48,18,6144,141312
48,24,8192,141312
48,22,9216,141312
48,23,10240,141312
48,33,11264,141312
48,22,12288,141312
48,34,13312,141312
48,41,14336,141312
23,22,1024,143360
23,18,4096,143360
23,24,6144,143360
23,22,7168,143360
23,23,8192,143360
23,33,9216,143360
23,22,10240,143360
23,34,11264,143360
23,41,12288,143360
22,18,3072,144384
22,24,5120,144384
22,22,6144,144384
22,23,7168,144384
22,33,8192,144384
22,22,9216,144384
22,34,10240,144384
22,41,11264,144384
18,24,2048,147456
18,22,3072,147456
18,23,4096,147456
18,33,5120,147456
18,22,6144,147456
18,34,7168,147456
18,41,8192,147456
18,58,18432,147456
18,88,18432,147456
18,50,20480,147456
24,22,1024,149504
24,23,2048,149504
24,33,3072,149504
24,22,4096,149504
24,34,5120,149504
24,41,6144,149504
24,58,16384,149504
24,88,16384,149504
24,50,18432,149504
22,23,1024,150528
22,33,2048,150528
22,22,3072,150528
22,34,4096,150528
22,41,5120,150528
22,58,15360,150528
22,88,15360,150528
22,50,17408,150528
23,33,1024,151552
23,22,2048,151552
23,34,3072,151552
23,41,4096,151552
23,58,14336,151552
23,88,14336,151552
23,50,16384,151552
33,22,1024,152576
33,34,2048,152576
33,41,3072,152576
33,58,13312,152576
33,88,13312,152576
33,50,15360,152576
22,34,1024,153600
22,41,2048,153600
22,58,12288,153600
22,88,12288,153600
22,50,14336,153600
34,41,1024,154624
34,58,11264,154624
34,88,11264,154624
34,50,13312,154624
41,58,10240,155648
41,88,10240,155648
41,50,12288,155648
58,88,0,165888
58,50,2048,165888
58,44,14336,165888
88,50,2048,165888
88,44,14336,165888
50,44,12288,167936
44,22,12288,180224
44,22,13312,180224
44,23,16384,180224
44,57,18432,180224
44,57,19456,180224
22,22,1024,192512
22,23,4096,192512
22,57,6144,192512
22,57,7168,192512
22,42,20480,192512
22,23,3072,193536
22,57,5120,193536
22,57,6144,193536
22,42,19456,193536
23,57,2048,196608
23,57,3072,196608
23,42,16384,196608
23,29,18432,196608
23,56,18432,196608
23,55,20480,196608
23,90,20480,196608
57,57,1024,198656
57,42,14336,198656
57,29,16384,198656
57,56,16384,198656
57,55,18432,198656
57,90,18432,198656
57,57,19456,198656
57,42,13312,199680
57,29,15360,199680
57,56,15360,199680
57,55,17408,199680
57,90,17408,199680
57,57,18432,199680
57,88,20480,199680
42,29,2048,212992
42,56,2048,212992
42,55,4096,212992
42,90,4096,212992
42,57,5120,212992
42,88,7168,212992
42,29,8192,212992
42,23,14336,212992
42,26,17408,212992
42,29,20480,212992
29,56,0,215040
29,55,2048,215040
29,90,2048,215040
29,57,3072,215040
29,88,5120,215040
29,29,6144,215040
29,23,12288,215040
29,26,15360,215040
29,29,18432,215040
29,46,20480,215040
56,55,2048,215040
56,90,2048,215040
56,57,3072,215040
56,88,5120,215040
56,29,6144,215040
56,23,12288,215040
56,26,15360,215040
56,29,18432,215040
56,46,20480,215040
55,90,0,217088
55,57,1024,217088
55,88,3072,217088
55,29,4096,217088
55,23,10240,217088
55,26,13312,217088
55,29,16384,217088
55,46,18432,217088
90,57,1024,217088
90,88,3072,217088
90,29,4096,217088
90,23,10240,217088
90,26,13312,217088
90,29,16384,217088
90,46,18432,217088
57,88,2048,218112
57,29,3072,218112
57,23,9216,218112
57,26,12288,218112
57,29,15360,218112
57,46,17408,218112
88,29,1024,220160
88,23,7168,220160
88,26,10240,220160
88,29,13312,220160
88,46,15360,220160
29,23,6144,221184
29,26,9216,221184
29,29,12288,221184
29,46,14336,221184
23,26,3072,227328
23,29,6144,227328
23,46,8192,227328
26,29,3072,230400
26,46,5120,230400
26,60,18432,230400
26,121,18432,230400
26,60,19456,230400
26,120,19456,230400
26,121,20480,230400
29,46,2048,233472
29,60,15360,233472
29,121,15360,233472
29,60,16384,233472
29,120,16384,233472
29,121,17408,233472
46,60,13312,235520
46,121,13312,235520
46,60,14336,235520
46,120,14336,235520
46,121,15360,235520
60,121,0,248832
60,60,1024,248832
60,120,1024,248832
60,121,2048,248832
60,61,8192,248832
60,67,10240,248832
60,100,10240,248832
60,103,11264,248832
60,67,13312,248832
60,68,14336,248832
60,101,14336,248832
60,60,15360,248832
60,61,18432,248832
60,61,19456,248832
121,60,1024,248832
121,120,1024,248832
121,121,2048,248832
121,61,8192,248832
121,67,10240,248832
121,100,10240,248832
121,103,11264,248832
121,67,13312,248832
121,68,14336,248832
121,101,14336,248832
121,60,15360,248832
121,61,18432,248832
121,61,19456,248832
60,120,0,249856
60,121,1024,249856
60,61,7168,249856
60,67,9216,249856
60,100,9216,249856
60,103,10240,249856
60,67,12288,249856
60,68,13312,249856
60,101,13312,249856
60,60,14336,249856
60,61,17408,249856
60,61,18432,249856
120,121,1024,249856
120,61,7168,249856
120,67,9216,249856
120,100,9216,249856
120,103,10240,249856
120,67,12288,249856
120,68,13312,249856
120,101,13312,249856
120,60,14336,249856
120,61,17408,249856
120,61,18432,249856
121,61,6144,250880
121,67,8192,250880
121,100,8192,250880
121,103,9216,250880
121,67,11264,250880
121,68,12288,250880
121,101,12288,250880
121,60,13312,250880
121,61,16384,250880
121,61,17408,250880
121,51,20480,250880
61,67,2048,257024
61,100,2048,257024
61,103,3072,257024
61,67,5120,257024
61,68,6144,257024
61,101,6144,257024
61,60,7168,257024
61,61,10240,257024
61,61,11264,257024
61,51,14336,257024
61,54,15360,257024
61,57,16384,257024
61,58,17408,257024
61,58,18432,257024
67,100,0,259072
67,103,1024,259072
67,67,3072,259072
67,68,4096,259072
67,101,4096,259072
67,60,5120,259072
67,61,8192,259072
67,61,9216,259072
67,51,12288,259072
67,54,13312,259072
67,57,14336,259072
67,58,15360,259072
67,58,16384,259072
67,23,20480,259072
100,103,1024,259072
100,67,3072,259072
100,68,4096,259072
100,101,4096,259072
100,60,5120,259072
100,61,8192,259072
100,61,9216,259072
100,51,12288,259072
100,54,13312,259072
100,57,14336,259072
100,58,15360,259072
100,58,16384,259072
100,23,20480,259072
103,67,2048,260096
103,68,3072,260096
103,101,3072,260096
103,60,4096,260096
103,61,7168,260096
103,61,8192,260096
103,51,11264,260096
103,54,12288,260096
103,57,13312,260096
103,58,14336,260096
103,58,15360,260096
103,23,19456,260096
103,23,20480,260096
67,68,1024,262144
67,101,1024,262144
67,60,2048,262144
67,61,5120,262144
67,61,6144,262144
67,51,9216,262144
67,54,10240,262144
67,57,11264,262144
67,58,12288,262144
67,58,13312,262144
67,23,17408,262144
67,23,18432,262144
67,27,19456,262144
67,25,20480,262144
68,101,0,263168
68,60,1024,263168
68,61,4096,263168
68,61,5120,263168
68,51,8192,263168
68,54,9216,263168
68,57,10240,263168
68,58,11264,263168
68,58,12288,263168
68,23,16384,263168
68,23,17408,263168
68,27,18432,263168
68,25,19456,263168
68,21,20480,263168
101,60,1024,263168
101,61,4096,263168
101,61,5120,263168
101,51,8192,263168
101,54,9216,263168
101,57,10240,263168
101,58,11264,263168
101,58,12288,263168
101,23,16384,263168
101,23,17408,263168
101,27,18432,263168
101,25,19456,263168
101,21,20480,263168
60,61,3072,264192
60,61,4096,264192
60,51,7168,264192
60,54,8192,264192
60,57,9216,264192
60,58,10240,264192
60,58,11264,264192
60,23,15360,264192
60,23,16384,264192
60,27,17408,264192
60,25,18432,264192
60,21,19456,264192
60,22,20480,264192
61,61,1024,267264
61,51,4096,267264
61,54,5120,267264
61,57,6144,267264
61,58,7168,267264
61,58,8192,267264
61,23,12288,267264
61,23,13312,267264
61,27,14336,267264
61,25,15360,267264
61,21,16384,267264
61,22,17408,267264
61,23,18432,267264
61,22,19456,267264
61,51,3072,268288
61,54,4096,268288
61,57,5120,268288
61,58,6144,268288
61,58,7168,268288
61,23,11264,268288
61,23,12288,268288
61,27,13312,268288
61,25,14336,268288
61,21,15360,268288
61,22,16384,268288
61,23,17408,268288
61,22,18432,268288
61,24,19456,268288
51,54,1024,271360
51,57,2048,271360
51,58,3072,271360
51,58,4096,271360
51,23,8192,271360
51,23,9216,271360
51,27,10240,271360
51,25,11264,271360
51,21,12288,271360
51,22,13312,271360
51,23,14336,271360
51,22,15360,271360
51,24,16384,271360
51,22,17408,271360
54,57,1024,272384
54,58,2048,272384
54,58,3072,272384
54,23,7168,272384
54,23,8192,272384
54,27,9216,272384
54,25,10240,272384
54,21,11264,272384
54,22,12288,272384
54,23,13312,272384
54,22,14336,272384
54,24,15360,272384
54,22,16384,272384
54,23,17408,272384
57,58,1024,273408
57,58,2048,273408
57,23,6144,273408
57,23,7168,273408
57,27,8192,273408
57,25,9216,273408
57,21,10240,273408
57,22,11264,273408
57,23,12288,273408
57,22,13312,273408
57,24,14336,273408
57,22,15360,273408
57,23,16384,273408
57,23,17408,273408
58,58,1024,274432
58,23,5120,274432
58,23,6144,274432
58,27,7168,274432
58,25,8192,274432
58,21,9216,274432
58,22,10240,274432
58,23,11264,274432
58,22,12288,274432
58,24,13312,274432
58,22,14336,274432
58,23,15360,274432
58,23,16384,274432
58,22,17408,274432
58,23,4096,275456
58,23,5120,275456
58,27,6144,275456
58,25,7168,275456
58,21,8192,275456
58,22,9216,275456
58,23,10240,275456
58,22,11264,275456
58,24,12288,275456
58,22,13312,275456
58,23,14336,275456
58,23,15360,275456
58,22,16384,275456
58,23,17408,275456
23,23,1024,279552
23,27,2048,279552
23,25,3072,279552
23,21,4096,279552
23,22,5120,279552
23,23,6144,279552
23,22,7168,279552
23,24,8192,279552
23,22,9216,279552
23,23,10240,279552
23,23,11264,279552
23,22,12288,279552
23,23,13312,279552
23,27,1024,280576
23,25,2048,280576
23,21,3072,280576
23,22,4096,280576
23,23,5120,280576
23,22,6144,280576
23,24,7168,280576
23,22,8192,280576
23,23,9216,280576
23,23,10240,280576
23,22,11264,280576
23,23,12288,280576
27,25,1024,281600
27,21,2048,281600
27,22,3072,281600
27,23,4096,281600
27,22,5120,281600
27,24,6144,281600
27,22,7168,281600
27,23,8192,281600
27,23,9216,281600
27,22,10240,281600
27,23,11264,281600
25,21,1024,282624
25,22,2048,282624
25,23,3072,282624
25,22,4096,282624
25,24,5120,282624
25,22,6144,282624
25,23,7168,282624
25,23,8192,282624
25,22,9216,282624
25,23,10240,282624
25,38,20480,282624
21,22,1024,283648
21,23,2048,283648
21,22,3072,283648
21,24,4096,283648
21,22,5120,283648
21,23,6144,283648
21,23,7168,283648
21,22,8192,283648
21,23,9216,283648
21,38,19456,283648
21,48,20480,283648
22,23,1024,284672
22,22,2048,284672
22,24,3072,284672
22,22,4096,284672
22,23,5120,284672
22,23,6144,284672
22,22,7168,284672
22,23,8192,284672
22,38,18432,284672
22,48,19456,284672
23,22,1024,285696
23,24,2048,285696
23,22,3072,285696
23,23,4096,285696
23,23,5120,285696
23,22,6144,285696
23,23,7168,285696
23,38,17408,285696
23,48,18432,285696
22,24,1024,286720
22,22,2048,286720
22,23,3072,286720
22,23,4096,286720
22,22,5120,286720
22,23,6144,286720
22,38,16384,286720
22,48,17408,286720
24,22,1024,287744
24,23,2048,287744
24,23,3072,287744
24,22,4096,287744
24,23,5120,287744
24,38,15360,287744
24,48,16384,287744
22,23,1024,288768
22,23,2048,288768
22,22,3072,288768
22,23,4096,288768
22,38,14336,288768
22,48,15360,288768
23,23,1024,289792
23,22,2048,289792
23,23,3072,289792
23,38,13312,289792
23,48,14336,289792
23,22,1024,290816
23,23,2048,290816
23,38,12288,290816
23,48,13312,290816
22,23,1024,291840
22,38,11264,291840
22,48,12288,291840
23,38,10240,292864
23,48,11264,292864
38,48,1024,303104
38,51,13312,303104
38,19,15360,303104
38,19,16384,303104
38,19,17408,303104
48,51,12288,304128
48,19,14336,304128
48,19,15360,304128
48,19,16384,304128
48,51,20480,304128
51,19,2048,316416
51,19,3072,316416
51,19,4096,316416
51,51,8192,316416
51,51,9216,316416
19,19,1024,318464
19,19,2048,318464
19,51,6144,318464
19,51,7168,318464
19,19,1024,319488
19,51,5120,319488
19,51,6144,319488
19,51,4096,320512
19,51,5120,320512
51,51,1024,324608
