23,43,2048,0
23,92,2048,0
23,21,8192,0
23,18,13312,0
23,61,16384,0
23,18,17408,0
23,19,18432,0
43,92,0,2048
43,21,6144,2048
43,18,11264,2048
43,61,14336,2048
43,18,15360,2048
43,19,16384,2048
92,21,6144,2048
92,18,11264,2048
92,61,14336,2048
92,18,15360,2048
92,19,16384,2048
21,18,5120,8192
21,61,8192,8192
21,18,9216,8192
21,19,10240,8192
21,18,15360,8192
21,47,19456,8192
18,61,3072,13312
18,18,4096,13312
18,19,5120,13312
18,18,10240,13312
18,47,14336,13312
18,19,18432,13312
61,18,1024,16384
61,19,2048,16384
61,18,7168,16384
61,47,11264,16384
61,19,15360,16384
61,18,18432,16384
18,19,1024,17408
18,18,6144,17408
18,47,10240,17408
18,19,14336,17408
18,18,17408,17408
19,18,5120,18432
19,47,9216,18432
19,19,13312,18432
19,18,16384,18432
18,47,4096,23552
18,19,8192,23552
18,18,11264,23552
18,19,16384,23552
18,43,16384,23552
47,19,4096,27648
47,18,7168,27648
47,19,12288,27648
47,43,12288,27648
47,18,17408,27648
47,48,17408,27648
47,92,17408,27648
19,18,3072,31744
19,19,8192,31744
19,43,8192,31744
19,18,13312,31744
19,48,13312,31744
19,92,13312,31744
19,18,17408,31744
19,47,17408,31744
19,119,18432,31744
18,19,5120,34816
18,43,5120,34816
18,18,10240,34816
18,48,10240,34816
18,92,10240,34816
18,18,14336,34816
18,47,14336,34816
18,119,15360,34816
18,18,18432,34816
19,43,0,39936
19,18,5120,39936
19,48,5120,39936
19,92,5120,39936
19,18,9216,39936
19,47,9216,39936
19,119,10240,39936
19,18,13312,39936
19,94,19456,39936
19,94,20480,39936
43,18,5120,39936
43,48,5120,39936
43,92,5120,39936
43,18,9216,39936
43,47,9216,39936
43,119,10240,39936
43,18,13312,39936
43,94,19456,39936
43,94,20480,39936
18,48,0,45056
18,92,0,45056
18,18,4096,45056
18,47,4096,45056
18,119,5120,45056
18,18,8192,45056
18,94,14336,45056
18,94,15360,45056
48,92,0,45056
48,18,4096,45056
48,47,4096,45056
48,119,5120,45056
48,18,8192,45056
48,94,14336,45056
48,94,15360,45056
92,18,4096,45056
92,47,4096,45056
92,119,5120,45056
92,18,8192,45056
92,94,14336,45056
92,94,15360,45056
18,47,0,49152
18,119,1024,49152
18,18,4096,49152
18,94,10240,49152
18,94,11264,49152
18,18,17408,49152
18,48,17408,49152
18,32,18432,49152
18,51,20480,49152
47,119,1024,49152
47,18,4096,49152
47,94,10240,49152
47,94,11264,49152
47,18,17408,49152
47,48,17408,49152
47,32,18432,49152
47,51,20480,49152
119,18,3072,50176
119,94,9216,50176
119,94,10240,50176
119,18,16384,50176
119,48,16384,50176
119,32,17408,50176
119,51,19456,50176
119,18,20480,50176
119,47,20480,50176
18,94,6144,53248
18,94,7168,53248
18,18,13312,53248
18,48,13312,53248
18,32,14336,53248
18,51,16384,53248
18,18,17408,53248
18,47,17408,53248
18,18,18432,53248
18,29,19456,53248
94,94,1024,59392
94,18,7168,59392
94,48,7168,59392
94,32,8192,59392
94,51,10240,59392
94,18,11264,59392
94,47,11264,59392
94,18,12288,59392
94,29,13312,59392
94,18,15360,59392
94,18,6144,60416
94,48,6144,60416
94,32,7168,60416
94,51,9216,60416
94,18,10240,60416
94,47,10240,60416
94,18,11264,60416
94,29,12288,60416
94,18,14336,60416
18,48,0,66560
18,32,1024,66560
18,51,3072,66560
18,18,4096,66560
18,47,4096,66560
18,18,5120,66560
18,29,6144,66560
18,18,8192,66560
18,21,16384,66560
18,51,16384,66560
48,32,1024,66560
48,51,3072,66560
48,18,4096,66560
48,47,4096,66560
48,18,5120,66560
48,29,6144,66560
48,18,8192,66560
48,21,16384,66560
48,51,16384,66560
32,51,2048,67584
32,18,3072,67584
32,47,3072,67584
32,18,4096,67584
32,29,5120,67584
32,18,7168,67584
32,21,15360,67584
32,51,15360,67584
32,18,20480,67584
32,49,20480,67584
51,18,1024,69632
51,47,1024,69632
51,18,2048,69632
51,29,3072,69632
51,18,5120,69632
51,21,13312,69632
51,51,13312,69632
51,18,18432,69632
51,49,18432,69632
18,47,0,70656
18,18,1024,70656
18,29,2048,70656
18,18,4096,70656
18,21,12288,70656
18,51,12288,70656
18,18,17408,70656
18,49,17408,70656
18,124,20480,70656
47,18,1024,70656
47,29,2048,70656
47,18,4096,70656
47,21,12288,70656
47,51,12288,70656
47,18,17408,70656
47,49,17408,70656
47,124,20480,70656
18,29,1024,71680
18,18,3072,71680
18,21,11264,71680
18,51,11264,71680
18,18,16384,71680
18,49,16384,71680
18,124,19456,71680
18,18,20480,71680
18,47,20480,71680
29,18,2048,72704
29,21,10240,72704
29,51,10240,72704
29,18,15360,72704
29,49,15360,72704
29,124,18432,72704
29,18,19456,72704
29,47,19456,72704
29,45,20480,72704
18,21,8192,74752
18,51,8192,74752
18,18,13312,74752
18,49,13312,74752
18,124,16384,74752
18,18,17408,74752
18,47,17408,74752
18,45,18432,74752
18,27,19456,74752
21,51,0,82944
21,18,5120,82944
21,49,5120,82944
21,124,8192,82944
21,18,9216,82944
21,47,9216,82944
21,45,10240,82944
21,27,11264,82944
21,20,13312,82944
21,23,15360,82944
21,21,16384,82944
21,52,16384,82944
21,28,18432,82944
21,60,18432,82944
51,18,5120,82944
51,49,5120,82944
51,124,8192,82944
51,18,9216,82944
51,47,9216,82944
51,45,10240,82944
51,27,11264,82944
51,20,13312,82944
51,23,15360,82944
51,21,16384,82944
51,52,16384,82944
51,28,18432,82944
51,60,18432,82944
51,18,19456,82944
18,49,0,88064
18,124,3072,88064
18,18,4096,88064
18,47,4096,88064
18,45,5120,88064
18,27,6144,88064
18,20,8192,88064
18,23,10240,88064
18,21,11264,88064
18,52,11264,88064
18,28,13312,88064
18,60,13312,88064
18,18,14336,88064
18,51,14336,88064
49,124,3072,88064
49,18,4096,88064
49,47,4096,88064
49,45,5120,88064
49,27,6144,88064
49,20,8192,88064
49,23,10240,88064
49,21,11264,88064
49,52,11264,88064
49,28,13312,88064
49,60,13312,88064
49,18,14336,88064
49,51,14336,88064
49,18,15360,88064
124,18,1024,91136
124,47,1024,91136
124,45,2048,91136
124,27,3072,91136
124,20,5120,91136
124,23,7168,91136
124,21,8192,91136
124,52,8192,91136
124,28,10240,91136
124,60,10240,91136
124,18,11264,91136
124,51,11264,91136
124,18,12288,91136
124,54,13312,91136
18,47,0,92160
18,45,1024,92160
18,27,2048,92160
18,20,4096,92160
18,23,6144,92160
18,21,7168,92160
18,52,7168,92160
18,28,9216,92160
18,60,9216,92160
18,18,10240,92160
18,51,10240,92160
18,18,11264,92160
18,54,12288,92160
18,60,14336,92160
47,45,1024,92160
47,27,2048,92160
47,20,4096,92160
47,23,6144,92160
47,21,7168,92160
47,52,7168,92160
47,28,9216,92160
47,60,9216,92160
47,18,10240,92160
47,51,10240,92160
47,18,11264,92160
47,54,12288,92160
47,60,14336,92160
47,18,17408,92160
45,27,1024,93184
45,20,3072,93184
45,23,5120,93184
45,21,6144,93184
45,52,6144,93184
45,28,8192,93184
45,60,8192,93184
45,18,9216,93184
45,51,9216,93184
45,18,10240,93184
45,54,11264,93184
45,60,13312,93184
45,18,16384,93184
27,20,2048,94208
27,23,4096,94208
27,21,5120,94208
27,52,5120,94208
27,28,7168,94208
27,60,7168,94208
27,18,8192,94208
27,51,8192,94208
27,18,9216,94208
27,54,10240,94208
27,60,12288,94208
27,18,15360,94208
27,18,20480,94208
27,45,20480,94208
20,23,2048,96256
20,21,3072,96256
20,52,3072,96256
20,28,5120,96256
20,60,5120,96256
20,18,6144,96256
20,51,6144,96256
20,18,7168,96256
20,54,8192,96256
20,60,10240,96256
20,18,13312,96256
20,18,18432,96256
20,45,18432,96256
20,27,19456,96256
23,21,1024,98304
23,52,1024,98304
23,28,3072,98304
23,60,3072,98304
23,18,4096,98304
23,51,4096,98304
23,18,5120,98304
23,54,6144,98304
23,60,8192,98304
23,18,11264,98304
23,18,16384,98304
23,45,16384,98304
23,27,17408,98304
21,52,0,99328
21,28,2048,99328
21,60,2048,99328
21,18,3072,99328
21,51,3072,99328
21,18,4096,99328
21,54,5120,99328
21,60,7168,99328
21,18,10240,99328
21,18,15360,99328
21,45,15360,99328
21,27,16384,99328
21,24,20480,99328
21,66,20480,99328
52,28,2048,99328
52,60,2048,99328
52,18,3072,99328
52,51,3072,99328
52,18,4096,99328
52,54,5120,99328
52,60,7168,99328
52,18,10240,99328
52,18,15360,99328
52,45,15360,99328
52,27,16384,99328
52,24,20480,99328
52,66,20480,99328
28,60,0,101376
28,18,1024,101376
28,51,1024,101376
28,18,2048,101376
28,54,3072,101376
28,60,5120,101376
28,18,8192,101376
28,18,13312,101376
28,45,13312,101376
28,27,14336,101376
28,24,18432,101376
28,66,18432,101376
60,18,1024,101376
60,51,1024,101376
60,18,2048,101376
60,54,3072,101376
60,60,5120,101376
60,18,8192,101376
60,18,13312,101376
60,45,13312,101376
60,27,14336,101376
60,24,18432,101376
60,66,18432,101376
18,51,0,102400
18,18,1024,102400
18,54,2048,102400
18,60,4096,102400
18,18,7168,102400
18,18,12288,102400
18,45,12288,102400
18,27,13312,102400
18,24,17408,102400
18,66,17408,102400
51,18,1024,102400
51,54,2048,102400
51,60,4096,102400
51,18,7168,102400
51,18,12288,102400
51,45,12288,102400
51,27,13312,102400
51,24,17408,102400
51,66,17408,102400
18,54,1024,103424
18,60,3072,103424
18,18,6144,103424
18,18,11264,103424
18,45,11264,103424
18,27,12288,103424
18,24,16384,103424
18,66,16384,103424
54,60,2048,104448
54,18,5120,104448
54,18,10240,104448
54,45,10240,104448
54,27,11264,104448
54,24,15360,104448
54,66,15360,104448
60,18,3072,106496
60,18,8192,106496
60,45,8192,106496
60,27,9216,106496
60,24,13312,106496
60,66,13312,106496
18,18,5120,109568
18,45,5120,109568
18,27,6144,109568
18,24,10240,109568
18,66,10240,109568
18,23,18432,109568
18,45,0,114688
18,27,1024,114688
18,24,5120,114688
18,66,5120,114688
18,23,13312,114688
18,18,16384,114688
18,23,17408,114688
18,48,17408,114688
45,27,1024,114688
45,24,5120,114688
45,66,5120,114688
45,23,13312,114688
45,18,16384,114688
45,23,17408,114688
45,48,17408,114688
27,24,4096,115712
27,66,4096,115712
27,23,12288,115712
27,18,15360,115712
27,23,16384,115712
27,48,16384,115712
27,19,20480,115712
27,45,20480,115712
27,200,20480,115712
24,66,0,119808
24,23,8192,119808
24,18,11264,119808
24,23,12288,119808
24,48,12288,119808
24,19,16384,119808
24,45,16384,119808
24,200,16384,119808
24,23,17408,119808
66,23,8192,119808
66,18,11264,119808
66,23,12288,119808
66,48,12288,119808
66,19,16384,119808
66,45,16384,119808
66,200,16384,119808
66,23,17408,119808
23,18,3072,128000
23,23,4096,128000
23,48,4096,128000
23,19,8192,128000
23,45,8192,128000
23,200,8192,128000
23,23,9216,128000
23,24,13312,128000
23,67,13312,128000
23,24,14336,128000
23,21,17408,128000
23,22,19456,128000
18,23,1024,131072
18,48,1024,131072
18,19,5120,131072
18,45,5120,131072
18,200,5120,131072
18,23,6144,131072
18,24,10240,131072
18,67,10240,131072
18,24,11264,131072
18,21,14336,131072
18,22,16384,131072
18,18,18432,131072
23,48,0,132096
23,19,4096,132096
23,45,4096,132096
23,200,4096,132096
23,23,5120,132096
23,24,9216,132096
23,67,9216,132096
23,24,10240,132096
23,21,13312,132096
23,22,15360,132096
23,18,17408,132096
23,49,20480,132096
48,19,4096,132096
48,45,4096,132096
48,200,4096,132096
48,23,5120,132096
48,24,9216,132096
48,67,9216,132096
48,24,10240,132096
48,21,13312,132096
48,22,15360,132096
48,18,17408,132096
48,49,20480,132096
19,45,0,136192
19,200,0,136192
19,23,1024,136192
19,24,5120,136192
19,67,5120,136192
19,24,6144,136192
19,21,9216,136192
19,22,11264,136192
19,18,13312,136192
19,49,16384,136192
45,200,0,136192
45,23,1024,136192
45,24,5120,136192
45,67,5120,136192
45,24,6144,136192
45,21,9216,136192
45,22,11264,136192
45,18,13312,136192
45,49,16384,136192
200,23,1024,136192
200,24,5120,136192
200,67,5120,136192
200,24,6144,136192
200,21,9216,136192
200,22,11264,136192
200,18,13312,136192
200,49,16384,136192
23,24,4096,137216
23,67,4096,137216
23,24,5120,137216
23,21,8192,137216
23,22,10240,137216
23,18,12288,137216
23,49,15360,137216
23,23,20480,137216
24,67,0,141312
24,24,1024,141312
24,21,4096,141312
24,22,6144,141312
24,18,8192,141312
24,49,11264,141312
24,23,16384,141312
24,57,17408,141312
24,115,17408,141312
67,24,1024,141312
67,21,4096,141312
67,22,6144,141312
67,18,8192,141312
67,49,11264,141312
67,23,16384,141312
67,57,17408,141312
67,115,17408,141312
24,21,3072,142336
24,22,5120,142336
24,18,7168,142336
24,49,10240,142336
24,23,15360,142336
24,57,16384,142336
24,115,16384,142336
24,18,20480,142336
24,66,20480,142336
24,94,20480,142336
21,22,2048,145408
21,18,4096,145408
21,49,7168,145408
21,23,12288,145408
21,57,13312,145408
21,115,13312,145408
21,18,17408,145408
21,66,17408,145408
21,94,17408,145408
21,27,20480,145408
22,18,2048,147456
22,49,5120,147456
22,23,10240,147456
22,57,11264,147456
22,115,11264,147456
22,18,15360,147456
22,66,15360,147456
22,94,15360,147456
22,27,18432,147456
22,23,19456,147456
22,47,19456,147456
22,24,20480,147456
18,49,3072,149504
18,23,8192,149504
18,57,9216,149504
18,115,9216,149504
18,18,13312,149504
18,66,13312,149504
18,94,13312,149504
18,27,16384,149504
18,23,17408,149504
18,47,17408,149504
18,24,18432,149504
18,27,19456,149504
49,23,5120,152576
49,57,6144,152576
49,115,6144,152576
49,18,10240,152576
49,66,10240,152576
49,94,10240,152576
49,27,13312,152576
49,23,14336,152576
49,47,14336,152576
49,24,15360,152576
49,27,16384,152576
49,20,18432,152576
23,57,1024,157696
23,115,1024,157696
23,18,5120,157696
23,66,5120,157696
23,94,5120,157696
23,27,8192,157696
23,23,9216,157696
23,47,9216,157696
23,24,10240,157696
23,27,11264,157696
23,20,13312,157696
23,31,16384,157696
23,62,16384,157696
23,125,16384,157696
57,115,0,158720
57,18,4096,158720
57,66,4096,158720
57,94,4096,158720
57,27,7168,158720
57,23,8192,158720
57,47,8192,158720
57,24,9216,158720
57,27,10240,158720
57,20,12288,158720
57,31,15360,158720
57,62,15360,158720
57,125,15360,158720
57,25,17408,158720
115,18,4096,158720
115,66,4096,158720
115,94,4096,158720
115,27,7168,158720
115,23,8192,158720
115,47,8192,158720
115,24,9216,158720
115,27,10240,158720
115,20,12288,158720
115,31,15360,158720
115,62,15360,158720
115,125,15360,158720
115,25,17408,158720
115,22,20480,158720
18,66,0,162816
18,94,0,162816
18,27,3072,162816
18,23,4096,162816
18,47,4096,162816
18,24,5120,162816
18,27,6144,162816
18,20,8192,162816
18,31,11264,162816
18,62,11264,162816
18,125,11264,162816
18,25,13312,162816
18,22,16384,162816
18,101,16384,162816
66,94,0,162816
66,27,3072,162816
66,23,4096,162816
66,47,4096,162816
66,24,5120,162816
66,27,6144,162816
66,20,8192,162816
66,31,11264,162816
66,62,11264,162816
66,125,11264,162816
66,25,13312,162816
66,22,16384,162816
66,101,16384,162816
66,23,20480,162816
94,27,3072,162816
94,23,4096,162816
94,47,4096,162816
94,24,5120,162816
94,27,6144,162816
94,20,8192,162816
94,31,11264,162816
94,62,11264,162816
94,125,11264,162816
94,25,13312,162816
94,22,16384,162816
94,101,16384,162816
94,23,20480,162816
27,23,1024,165888
27,47,1024,165888
27,24,2048,165888
27,27,3072,165888
27,20,5120,165888
27,31,8192,165888
27,62,8192,165888
27,125,8192,165888
27,25,10240,165888
27,22,13312,165888
27,101,13312,165888
27,23,17408,165888
27,18,18432,165888
27,40,18432,165888
23,47,0,166912
23,24,1024,166912
23,27,2048,166912
23,20,4096,166912
23,31,7168,166912
23,62,7168,166912
23,125,7168,166912
23,25,9216,166912
23,22,12288,166912
23,101,12288,166912
23,23,16384,166912
23,18,17408,166912
23,40,17408,166912
23,18,20480,166912
47,24,1024,166912
47,27,2048,166912
47,20,4096,166912
47,31,7168,166912
47,62,7168,166912
47,125,7168,166912
47,25,9216,166912
47,22,12288,166912
47,101,12288,166912
47,23,16384,166912
47,18,17408,166912
47,40,17408,166912
47,18,20480,166912
24,27,1024,167936
24,20,3072,167936
24,31,6144,167936
24,62,6144,167936
24,125,6144,167936
24,25,8192,167936
24,22,11264,167936
24,101,11264,167936
24,23,15360,167936
24,18,16384,167936
24,40,16384,167936
24,18,19456,167936
24,18,20480,167936
24,61,20480,167936
27,20,2048,168960
27,31,5120,168960
27,62,5120,168960
27,125,5120,168960
27,25,7168,168960
27,22,10240,168960
27,101,10240,168960
27,23,14336,168960
27,18,15360,168960
27,40,15360,168960
27,18,18432,168960
27,18,19456,168960
27,61,19456,168960
27,18,20480,168960
20,31,3072,171008
20,62,3072,171008
20,125,3072,171008
20,25,5120,171008
20,22,8192,171008
20,101,8192,171008
20,23,12288,171008
20,18,13312,171008
20,40,13312,171008
20,18,16384,171008
20,18,17408,171008
20,61,17408,171008
20,18,18432,171008
31,62,0,174080
31,125,0,174080
31,25,2048,174080
31,22,5120,174080
31,101,5120,174080
31,23,9216,174080
31,18,10240,174080
31,40,10240,174080
31,18,13312,174080
31,18,14336,174080
31,61,14336,174080
31,18,15360,174080
31,27,20480,174080
62,125,0,174080
62,25,2048,174080
62,22,5120,174080
62,101,5120,174080
62,23,9216,174080
62,18,10240,174080
62,40,10240,174080
62,18,13312,174080
62,18,14336,174080
62,61,14336,174080
62,18,15360,174080
62,27,20480,174080
125,25,2048,174080
125,22,5120,174080
125,101,5120,174080
125,23,9216,174080
125,18,10240,174080
125,40,10240,174080
125,18,13312,174080
125,18,14336,174080
125,61,14336,174080
125,18,15360,174080
125,27,20480,174080
25,22,3072,176128
25,101,3072,176128
25,23,7168,176128
25,18,8192,176128
25,40,8192,176128
25,18,11264,176128
25,18,12288,176128
25,61,12288,176128
25,18,13312,176128
25,27,18432,176128
22,101,0,179200
22,23,4096,179200
22,18,5120,179200
22,40,5120,179200
22,18,8192,179200
22,18,9216,179200
22,61,9216,179200
22,18,10240,179200
22,27,15360,179200
22,53,18432,179200
101,23,4096,179200
101,18,5120,179200
101,40,5120,179200
101,18,8192,179200
101,18,9216,179200
101,61,9216,179200
101,18,10240,179200
101,27,15360,179200
101,53,18432,179200
23,18,1024,183296
23,40,1024,183296
23,18,4096,183296
23,18,5120,183296
23,61,5120,183296
23,18,6144,183296
23,27,11264,183296
23,53,14336,183296
23,23,17408,183296
18,40,0,184320
18,18,3072,184320
18,18,4096,184320
18,61,4096,184320
18,18,5120,184320
18,27,10240,184320
18,53,13312,184320
18,23,16384,184320
40,18,3072,184320
40,18,4096,184320
40,61,4096,184320
40,18,5120,184320
40,27,10240,184320
40,53,13312,184320
40,23,16384,184320
18,18,1024,187392
18,61,1024,187392
18,18,2048,187392
18,27,7168,187392
18,53,10240,187392
18,23,13312,187392
18,18,18432,187392
18,73,18432,187392
18,61,0,188416
18,18,1024,188416
18,27,6144,188416
18,53,9216,188416
18,23,12288,188416
18,18,17408,188416
18,73,17408,188416
18,24,20480,188416
18,47,20480,188416
61,18,1024,188416
61,27,6144,188416
61,53,9216,188416
61,23,12288,188416
61,18,17408,188416
61,73,17408,188416
61,24,20480,188416
61,47,20480,188416
18,27,5120,189440
18,53,8192,189440
18,23,11264,189440
18,18,16384,189440
18,73,16384,189440
18,24,19456,189440
18,47,19456,189440
18,18,20480,189440
27,53,3072,194560
27,23,6144,194560
27,18,11264,194560
27,73,11264,194560
27,24,14336,194560
27,47,14336,194560
27,18,15360,194560
27,22,16384,194560
27,45,16384,194560
27,31,17408,194560
27,19,19456,194560
53,23,3072,197632
53,18,8192,197632
53,73,8192,197632
53,24,11264,197632
53,47,11264,197632
53,18,12288,197632
53,22,13312,197632
53,45,13312,197632
53,31,14336,197632
53,19,16384,197632
53,19,18432,197632
53,74,18432,197632
53,60,19456,197632
53,180,19456,197632
23,18,5120,200704
23,73,5120,200704
23,24,8192,200704
23,47,8192,200704
23,18,9216,200704
23,22,10240,200704
23,45,10240,200704
23,31,11264,200704
23,19,13312,200704
23,19,15360,200704
23,74,15360,200704
23,60,16384,200704
23,180,16384,200704
18,73,0,205824
18,24,3072,205824
18,47,3072,205824
18,18,4096,205824
18,22,5120,205824
18,45,5120,205824
18,31,6144,205824
18,19,8192,205824
18,19,10240,205824
18,74,10240,205824
18,60,11264,205824
18,180,11264,205824
18,23,16384,205824
18,88,16384,205824
73,24,3072,205824
73,47,3072,205824
73,18,4096,205824
73,22,5120,205824
73,45,5120,205824
73,31,6144,205824
73,19,8192,205824
73,19,10240,205824
73,74,10240,205824
73,60,11264,205824
73,180,11264,205824
73,23,16384,205824
73,88,16384,205824
24,47,0,208896
24,18,1024,208896
24,22,2048,208896
24,45,2048,208896
24,31,3072,208896
24,19,5120,208896
24,19,7168,208896
24,74,7168,208896
24,60,8192,208896
24,180,8192,208896
24,23,13312,208896
24,88,13312,208896
24,23,18432,208896
24,29,19456,208896
47,18,1024,208896
47,22,2048,208896
47,45,2048,208896
47,31,3072,208896
47,19,5120,208896
47,19,7168,208896
47,74,7168,208896
47,60,8192,208896
47,180,8192,208896
47,23,13312,208896
47,88,13312,208896
47,23,18432,208896
47,29,19456,208896
18,22,1024,209920
18,45,1024,209920
18,31,2048,209920
18,19,4096,209920
18,19,6144,209920
18,74,6144,209920
18,60,7168,209920
18,180,7168,209920
18,23,12288,209920
18,88,12288,209920
18,23,17408,209920
18,29,18432,209920
22,45,0,210944
22,31,1024,210944
22,19,3072,210944
22,19,5120,210944
22,74,5120,210944
22,60,6144,210944
22,180,6144,210944
22,23,11264,210944
22,88,11264,210944
22,23,16384,210944
22,29,17408,210944
45,31,1024,210944
45,19,3072,210944
45,19,5120,210944
45,74,5120,210944
45,60,6144,210944
45,180,6144,210944
45,23,11264,210944
45,88,11264,210944
45,23,16384,210944
45,29,17408,210944
31,19,2048,211968
31,19,4096,211968
31,74,4096,211968
31,60,5120,211968
31,180,5120,211968
31,23,10240,211968
31,88,10240,211968
31,23,15360,211968
31,29,16384,211968
31,33,20480,211968
31,66,20480,211968
19,19,2048,214016
19,74,2048,214016
19,60,3072,214016
19,180,3072,214016
19,23,8192,214016
19,88,8192,214016
19,23,13312,214016
19,29,14336,214016
19,33,18432,214016
19,66,18432,214016
19,31,19456,214016
19,74,0,216064
19,60,1024,216064
19,180,1024,216064
19,23,6144,216064
19,88,6144,216064
19,23,11264,216064
19,29,12288,216064
19,33,16384,216064
19,66,16384,216064
19,31,17408,216064
74,60,1024,216064
74,180,1024,216064
74,23,6144,216064
74,88,6144,216064
74,23,11264,216064
74,29,12288,216064
74,33,16384,216064
74,66,16384,216064
74,31,17408,216064
60,180,0,217088
60,23,5120,217088
60,88,5120,217088
60,23,10240,217088
60,29,11264,217088
60,33,15360,217088
60,66,15360,217088
60,31,16384,217088
60,31,20480,217088
60,66,20480,217088
60,80,20480,217088
180,23,5120,217088
180,88,5120,217088
180,23,10240,217088
180,29,11264,217088
180,33,15360,217088
180,66,15360,217088
180,31,16384,217088
180,31,20480,217088
180,66,20480,217088
180,80,20480,217088
23,88,0,222208
23,23,5120,222208
23,29,6144,222208
23,33,10240,222208
23,66,10240,222208
23,31,11264,222208
23,31,15360,222208
23,66,15360,222208
23,80,15360,222208
23,18,19456,222208
88,23,5120,222208
88,29,6144,222208
88,33,10240,222208
88,66,10240,222208
88,31,11264,222208
88,31,15360,222208
88,66,15360,222208
88,80,15360,222208
88,18,19456,222208
23,29,1024,227328
23,33,5120,227328
23,66,5120,227328
23,31,6144,227328
23,31,10240,227328
23,66,10240,227328
23,80,10240,227328
23,18,14336,227328
23,18,18432,227328
23,132,18432,227328
29,33,4096,228352
29,66,4096,228352
29,31,5120,228352
29,31,9216,228352
29,66,9216,228352
29,80,9216,228352
29,18,13312,228352
29,18,17408,228352
29,132,17408,228352
29,23,20480,228352
33,66,0,232448
33,31,1024,232448
33,31,5120,232448
33,66,5120,232448
33,80,5120,232448
33,18,9216,232448
33,18,13312,232448
33,132,13312,232448
33,23,16384,232448
66,31,1024,232448
66,31,5120,232448
66,66,5120,232448
66,80,5120,232448
66,18,9216,232448
66,18,13312,232448
66,132,13312,232448
66,23,16384,232448
31,31,4096,233472
31,66,4096,233472
31,80,4096,233472
31,18,8192,233472
31,18,12288,233472
31,132,12288,233472
31,23,15360,233472
31,21,20480,233472
31,66,0,237568
31,80,0,237568
31,18,4096,237568
31,18,8192,237568
31,132,8192,237568
31,23,11264,237568
31,21,16384,237568
31,47,20480,237568
66,80,0,237568
66,18,4096,237568
66,18,8192,237568
66,132,8192,237568
66,23,11264,237568
66,21,16384,237568
66,47,20480,237568
80,18,4096,237568
80,18,8192,237568
80,132,8192,237568
80,23,11264,237568
80,21,16384,237568
80,47,20480,237568
18,18,4096,241664
18,132,4096,241664
18,23,7168,241664
18,21,12288,241664
18,47,16384,241664
18,18,17408,241664
18,66,17408,241664
18,132,0,245760
18,23,3072,245760
18,21,8192,245760
18,47,12288,245760
18,18,13312,245760
18,66,13312,245760
18,18,17408,245760
18,18,18432,245760
132,23,3072,245760
132,21,8192,245760
132,47,12288,245760
132,18,13312,245760
132,66,13312,245760
132,18,17408,245760
132,18,18432,245760
23,21,5120,248832
23,47,9216,248832
23,18,10240,248832
23,66,10240,248832
23,18,14336,248832
23,18,15360,248832
23,18,18432,248832
21,47,4096,253952
21,18,5120,253952
21,66,5120,253952
21,18,9216,253952
21,18,10240,253952
21,18,13312,253952
21,21,16384,253952
21,117,16384,253952
21,19,18432,253952
21,43,18432,253952
21,19,19456,253952
21,19,20480,253952
47,18,1024,258048
47,66,1024,258048
47,18,5120,258048
47,18,6144,258048
47,18,9216,258048
47,21,12288,258048
47,117,12288,258048
47,19,14336,258048
47,43,14336,258048
47,19,15360,258048
47,19,16384,258048
18,66,0,259072
18,18,4096,259072
18,18,5120,259072
18,18,8192,259072
18,21,11264,259072
18,117,11264,259072
18,19,13312,259072
18,43,13312,259072
18,19,14336,259072
18,19,15360,259072
66,18,4096,259072
66,18,5120,259072
66,18,8192,259072
66,21,11264,259072
66,117,11264,259072
66,19,13312,259072
66,43,13312,259072
66,19,14336,259072
66,19,15360,259072
18,18,1024,263168
18,18,4096,263168
18,21,7168,263168
18,117,7168,263168
18,19,9216,263168
18,43,9216,263168
18,19,10240,263168
18,19,11264,263168
18,18,17408,263168
18,67,17408,263168
18,123,20480,263168
18,18,3072,264192
18,21,6144,264192
18,117,6144,264192
18,19,8192,264192
18,43,8192,264192
18,19,9216,264192
18,19,10240,264192
18,18,16384,264192
18,67,16384,264192
18,123,19456,264192
18,18,20480,264192
18,21,3072,267264
18,117,3072,267264
18,19,5120,267264
18,43,5120,267264
18,19,6144,267264
18,19,7168,267264
18,18,13312,267264
18,67,13312,267264
18,123,16384,267264
18,18,17408,267264
18,26,18432,267264
21,117,0,270336
21,19,2048,270336
21,43,2048,270336
21,19,3072,270336
21,19,4096,270336
21,18,10240,270336
21,67,10240,270336
21,123,13312,270336
21,18,14336,270336
21,26,15360,270336
21,18,20480,270336
117,19,2048,270336
117,43,2048,270336
117,19,3072,270336
117,19,4096,270336
117,18,10240,270336
117,67,10240,270336
117,123,13312,270336
117,18,14336,270336
117,26,15360,270336
117,18,20480,270336
19,43,0,272384
19,19,1024,272384
19,19,2048,272384
19,18,8192,272384
19,67,8192,272384
19,123,11264,272384
19,18,12288,272384
19,26,13312,272384
19,18,18432,272384
43,19,1024,272384
43,19,2048,272384
43,18,8192,272384
43,67,8192,272384
43,123,11264,272384
43,18,12288,272384
43,26,13312,272384
43,18,18432,272384
19,19,1024,273408
19,18,7168,273408
19,67,7168,273408
19,123,10240,273408
19,18,11264,273408
19,26,12288,273408
19,18,17408,273408
19,18,6144,274432
19,67,6144,274432
19,123,9216,274432
19,18,10240,274432
19,26,11264,274432
19,18,16384,274432
19,104,20480,274432
18,67,0,280576
18,123,3072,280576
18,18,4096,280576
18,26,5120,280576
18,18,10240,280576
18,104,14336,280576
18,18,18432,280576
67,123,3072,280576
67,18,4096,280576
67,26,5120,280576
67,18,10240,280576
67,104,14336,280576
67,18,18432,280576
123,18,1024,283648
123,26,2048,283648
123,18,7168,283648
123,104,11264,283648
123,18,15360,283648
123,18,18432,283648
123,67,18432,283648
18,26,1024,284672
18,18,6144,284672
18,104,10240,284672
18,18,14336,284672
18,18,17408,284672
18,67,17408,284672
26,18,5120,285696
26,104,9216,285696
26,18,13312,285696
26,18,16384,285696
26,67,16384,285696
26,18,20480,285696
18,104,4096,290816
18,18,8192,290816
18,18,11264,290816
18,67,11264,290816
18,18,15360,290816
18,18,16384,290816
18,24,20480,290816
104,18,4096,294912
104,18,7168,294912
104,67,7168,294912
104,18,11264,294912
104,18,12288,294912
104,24,16384,294912
104,24,17408,294912
104,46,17408,294912
18,18,3072,299008
18,67,3072,299008
18,18,7168,299008
18,18,8192,299008
18,24,12288,299008
18,24,13312,299008
18,46,13312,299008
18,30,17408,299008
18,70,17408,299008
18,67,0,302080
18,18,4096,302080
18,18,5120,302080
18,24,9216,302080
18,24,10240,302080
18,46,10240,302080
18,30,14336,302080
18,70,14336,302080
18,18,18432,302080
67,18,4096,302080
67,18,5120,302080
67,24,9216,302080
67,24,10240,302080
67,46,10240,302080
67,30,14336,302080
67,70,14336,302080
67,18,18432,302080
18,18,1024,306176
18,24,5120,306176
18,24,6144,306176
18,46,6144,306176
18,30,10240,306176
18,70,10240,306176
18,18,14336,306176
18,18,17408,306176
18,24,4096,307200
18,24,5120,307200
18,46,5120,307200
18,30,9216,307200
18,70,9216,307200
18,18,13312,307200
18,18,16384,307200
24,24,1024,311296
24,46,1024,311296
24,30,5120,311296
24,70,5120,311296
24,18,9216,311296
24,18,12288,311296
24,23,17408,311296
24,46,0,312320
24,30,4096,312320
24,70,4096,312320
24,18,8192,312320
24,18,11264,312320
24,23,16384,312320
46,30,4096,312320
46,70,4096,312320
46,18,8192,312320
46,18,11264,312320
46,23,16384,312320
30,70,0,316416
30,18,4096,316416
30,18,7168,316416
30,23,12288,316416
70,18,4096,316416
70,18,7168,316416
70,23,12288,316416
18,18,3072,320512
18,23,8192,320512
18,23,5120,323584
