12,12,5120,2048
12,11,10240,2048
12,12,15360,2048
12,13,20480,2048
12,11,5120,7168
12,12,10240,7168
12,13,15360,7168
12,12,20480,7168
11,12,5120,12288
11,13,10240,12288
11,12,15360,12288
11,11,18432,12288
11,22,19456,12288
11,12,20480,12288
12,13,5120,17408
12,12,10240,17408
12,11,13312,17408
12,22,14336,17408
12,12,15360,17408
12,13,17408,17408
13,12,5120,22528
13,11,8192,22528
13,22,9216,22528
13,12,10240,22528
13,13,12288,22528
13,12,17408,22528
13,11,18432,22528
13,22,19456,22528
12,11,3072,27648
12,22,4096,27648
12,12,5120,27648
12,13,7168,27648
12,12,12288,27648
12,11,13312,27648
12,22,14336,27648
12,13,17408,27648
11,22,1024,30720
11,12,2048,30720
11,13,4096,30720
11,12,9216,30720
11,11,10240,30720
11,22,11264,30720
11,13,14336,30720
11,12,19456,30720
11,11,20480,30720
22,12,1024,31744
22,13,3072,31744
22,12,8192,31744
22,11,9216,31744
22,22,10240,31744
22,13,13312,31744
22,12,18432,31744
22,11,19456,31744
22,22,20480,31744
12,13,2048,32768
12,12,7168,32768
12,11,8192,32768
12,22,9216,32768
12,13,12288,32768
12,12,17408,32768
12,11,18432,32768
12,22,19456,32768
12,11,20480,32768
13,12,5120,34816
13,11,6144,34816
13,22,7168,34816
13,13,10240,34816
13,12,15360,34816
13,11,16384,34816
13,22,17408,34816
13,11,18432,34816
13,13,20480,34816
12,11,1024,39936
12,22,2048,39936
12,13,5120,39936
12,12,10240,39936
12,11,11264,39936
12,22,12288,39936
12,11,13312,39936
12,13,15360,39936
12,11,20480,39936
11,22,1024,40960
11,13,4096,40960
11,12,9216,40960
11,11,10240,40960
11,22,11264,40960
11,11,12288,40960
11,13,14336,40960
11,11,19456,40960
22,13,3072,41984
22,12,8192,41984
22,11,9216,41984
22,22,10240,41984
22,11,11264,41984
22,13,13312,41984
22,11,18432,41984
13,12,5120,45056
13,11,6144,45056
13,22,7168,45056
13,11,8192,45056
13,13,10240,45056
13,11,15360,45056
13,12,20480,45056
12,11,1024,50176
12,22,2048,50176
12,11,3072,50176
12,13,5120,50176
12,11,10240,50176
12,12,15360,50176
12,13,20480,50176
11,22,1024,51200
11,11,2048,51200
11,13,4096,51200
11,11,9216,51200
11,12,14336,51200
11,13,19456,51200
11,11,20480,51200
22,11,1024,52224
22,13,3072,52224
22,11,8192,52224
22,12,13312,52224
22,13,18432,52224
22,11,19456,52224
11,13,2048,53248
11,11,7168,53248
11,12,12288,53248
11,13,17408,53248
11,11,18432,53248
13,11,5120,55296
13,12,10240,55296
13,13,15360,55296
13,11,16384,55296
13,13,20480,55296
11,12,5120,60416
11,13,10240,60416
11,11,11264,60416
11,13,15360,60416
11,11,18432,60416
11,32,19456,60416
11,11,20480,60416
12,13,5120,65536
12,11,6144,65536
12,13,10240,65536
12,11,13312,65536
12,32,14336,65536
12,11,15360,65536
12,12,20480,65536
13,11,1024,70656
13,13,5120,70656
13,11,8192,70656
13,32,9216,70656
13,11,10240,70656
13,12,15360,70656
13,11,18432,70656
13,12,20480,70656
11,13,4096,71680
11,11,7168,71680
11,32,8192,71680
11,11,9216,71680
11,12,14336,71680
11,11,17408,71680
11,12,19456,71680
11,22,20480,71680
13,11,3072,75776
13,32,4096,75776
13,11,5120,75776
13,12,10240,75776
13,11,13312,75776
13,12,15360,75776
13,22,16384,75776
13,13,17408,75776
11,32,1024,78848
11,11,2048,78848
11,12,7168,78848
11,11,10240,78848
11,12,12288,78848
11,22,13312,78848
11,13,14336,78848
11,22,18432,78848
11,12,19456,78848
11,11,20480,78848
32,11,1024,79872
32,12,6144,79872
32,11,9216,79872
32,12,11264,79872
32,22,12288,79872
32,13,13312,79872
32,22,17408,79872
32,12,18432,79872
32,11,19456,79872
11,12,5120,80896
11,11,8192,80896
11,12,10240,80896
11,22,11264,80896
11,13,12288,80896
11,22,16384,80896
11,12,17408,80896
11,11,18432,80896
11,11,20480,80896
12,11,3072,86016
12,12,5120,86016
12,22,6144,86016
12,13,7168,86016
12,22,11264,86016
12,12,12288,86016
12,11,13312,86016
12,11,15360,86016
12,22,16384,86016
12,13,17408,86016
11,12,2048,89088
11,22,3072,89088
11,13,4096,89088
11,22,8192,89088
11,12,9216,89088
11,11,10240,89088
11,11,12288,89088
11,22,13312,89088
11,13,14336,89088
11,12,19456,89088
12,22,1024,91136
12,13,2048,91136
12,22,6144,91136
12,12,7168,91136
12,11,8192,91136
12,11,10240,91136
12,22,11264,91136
12,13,12288,91136
12,12,17408,91136
22,13,1024,92160
22,22,5120,92160
22,12,6144,92160
22,11,7168,92160
22,11,9216,92160
22,22,10240,92160
22,13,11264,92160
22,12,16384,92160
13,22,4096,93184
13,12,5120,93184
13,11,6144,93184
13,11,8192,93184
13,22,9216,93184
13,13,10240,93184
13,12,15360,93184
13,13,20480,93184
22,12,1024,97280
22,11,2048,97280
22,11,4096,97280
22,22,5120,97280
22,13,6144,97280
22,12,11264,97280
22,13,16384,97280
12,11,1024,98304
12,11,3072,98304
12,22,4096,98304
12,13,5120,98304
12,12,10240,98304
12,13,15360,98304
12,13,20480,98304
11,11,2048,99328
11,22,3072,99328
11,13,4096,99328
11,12,9216,99328
11,13,14336,99328
11,13,19456,99328
11,22,1024,101376
11,13,2048,101376
11,12,7168,101376
11,13,12288,101376
11,13,17408,101376
22,13,1024,102400
22,12,6144,102400
22,13,11264,102400
22,13,16384,102400
13,12,5120,103424
13,13,10240,103424
13,13,15360,103424
13,12,20480,103424
12,13,5120,108544
12,13,10240,108544
12,12,15360,108544
12,13,20480,108544
13,13,5120,113664
13,12,10240,113664
13,13,15360,113664
13,12,20480,113664
13,12,5120,118784
13,13,10240,118784
13,12,15360,118784
13,11,20480,118784
12,13,5120,123904
12,12,10240,123904
12,11,15360,123904
12,22,19456,123904
13,12,5120,129024
13,11,10240,129024
13,22,14336,129024
13,13,17408,129024
13,11,20480,129024
12,11,5120,134144
12,22,9216,134144
12,13,12288,134144
12,11,15360,134144
12,13,17408,134144
12,22,19456,134144
11,22,4096,139264
11,13,7168,139264
11,11,10240,139264
11,13,12288,139264
11,22,14336,139264
11,13,17408,139264
22,13,3072,143360
22,11,6144,143360
22,13,8192,143360
22,22,10240,143360
22,13,13312,143360
22,13,18432,143360
22,22,20480,143360
13,11,3072,146432
13,13,5120,146432
13,22,7168,146432
13,13,10240,146432
13,13,15360,146432
13,22,17408,146432
11,13,2048,149504
11,22,4096,149504
11,13,7168,149504
11,13,12288,149504
11,22,14336,149504
13,22,2048,151552
13,13,5120,151552
13,13,10240,151552
13,22,12288,151552
22,13,3072,153600
22,13,8192,153600
22,22,10240,153600
13,13,5120,156672
13,22,7168,156672
13,22,2048,161792
