3,3,1024,61440
3,3,2048,61440
3,3,4096,61440
3,3,5120,61440
3,3,6144,61440
3,3,7168,61440
3,3,1024,62464
3,3,3072,62464
3,3,4096,62464
3,3,5120,62464
3,3,6144,62464
3,3,2048,63488
3,3,3072,63488
3,3,4096,63488
3,3,5120,63488
3,3,20480,63488
3,3,1024,65536
3,3,2048,65536
3,3,3072,65536
3,3,18432,65536
3,3,19456,65536
3,3,20480,65536
3,3,1024,66560
3,3,2048,66560
3,3,17408,66560
3,3,18432,66560
3,3,19456,66560
3,3,20480,66560
3,3,1024,67584
3,3,16384,67584
3,3,17408,67584
3,3,18432,67584
3,3,19456,67584
3,3,15360,68608
3,3,16384,68608
3,3,17408,68608
3,3,18432,68608
3,3,1024,83968
3,3,2048,83968
3,3,3072,83968
3,3,1024,84992
3,3,2048,84992
3,3,1024,86016
11,6,2048,174080
11,6,8192,174080
11,6,13312,174080
11,4,18432,174080
6,6,6144,176128
6,6,11264,176128
6,4,16384,176128
6,6,5120,182272
6,4,10240,182272
6,12,15360,182272
6,6,16384,182272
6,4,5120,187392
6,12,10240,187392
6,6,11264,187392
6,6,16384,187392
4,12,5120,192512
4,6,6144,192512
4,6,11264,192512
4,6,17408,192512
12,6,1024,197632
12,6,6144,197632
12,6,12288,197632
12,6,17408,197632
6,6,5120,198656
6,6,11264,198656
6,6,16384,198656
6,6,6144,203776
6,6,11264,203776
6,6,16384,203776
6,3,19456,203776
6,3,20480,203776
6,6,5120,209920
6,6,10240,209920
6,3,13312,209920
6,3,14336,209920
6,3,15360,209920
6,6,16384,209920
6,6,5120,215040
6,3,8192,215040
6,3,9216,215040
6,3,10240,215040
6,6,11264,215040
6,6,16384,215040
6,3,3072,220160
6,3,4096,220160
6,3,5120,220160
6,6,6144,220160
6,6,11264,220160
6,3,19456,220160
3,3,1024,223232
3,3,2048,223232
3,6,3072,223232
3,6,8192,223232
3,3,16384,223232
3,3,18432,223232
3,6,19456,223232
3,3,1024,224256
3,6,2048,224256
3,6,7168,224256
3,3,15360,224256
3,3,17408,224256
3,6,18432,224256
3,6,1024,225280
3,6,6144,225280
3,3,14336,225280
3,3,16384,225280
3,6,17408,225280
6,6,5120,226304
6,3,13312,226304
6,3,15360,226304
6,6,16384,226304
6,3,8192,231424
6,3,10240,231424
6,6,11264,231424
6,6,16384,231424
3,3,2048,239616
3,6,3072,239616
3,6,8192,239616
3,6,19456,239616
3,6,1024,241664
3,6,6144,241664
3,6,17408,241664
6,6,5120,242688
6,6,16384,242688
6,6,11264,247808
6,3,16384,247808
6,3,5120,259072
6,6,11264,259072
6,6,16384,259072
3,6,6144,264192
3,6,11264,264192
3,5,17408,264192
6,6,5120,270336
6,5,11264,270336
6,6,16384,270336
6,5,6144,275456
6,6,11264,275456
6,8,16384,275456
5,6,5120,281600
5,8,10240,281600
5,5,16384,281600
6,8,5120,286720
6,5,11264,286720
6,6,16384,286720
8,5,6144,291840
8,6,11264,291840
8,5,17408,291840
5,6,5120,297984
5,5,11264,297984
5,6,16384,297984
6,5,6144,303104
6,6,11264,303104
6,7,16384,303104
5,6,5120,309248
5,7,10240,309248
5,4,15360,309248
5,6,16384,309248
6,7,5120,314368
6,4,10240,314368
6,6,11264,314368
6,6,16384,314368
7,4,5120,319488
7,6,6144,319488
7,6,11264,319488
7,7,16384,319488
4,6,1024,324608
4,6,6144,324608
4,7,11264,324608
4,6,17408,324608
6,6,5120,325632
6,7,10240,325632
6,6,16384,325632
6,7,5120,330752
6,6,11264,330752
6,6,16384,330752
6,11,19456,330752
7,6,6144,335872
7,6,11264,335872
7,11,14336,335872
7,12,16384,335872
7,6,17408,335872
6,6,5120,342016
6,11,8192,342016
6,12,10240,342016
6,6,11264,342016
6,6,16384,342016
6,11,3072,347136
6,12,5120,347136
6,6,6144,347136
6,6,11264,347136
6,8,16384,347136
11,12,2048,350208
11,6,3072,350208
11,6,8192,350208
11,8,13312,350208
11,6,19456,350208
12,6,1024,352256
12,6,6144,352256
12,8,11264,352256
12,6,17408,352256
6,6,5120,353280
6,8,10240,353280
6,6,16384,353280
6,8,5120,358400
6,6,11264,358400
6,6,16384,358400
8,6,6144,363520
8,6,11264,363520
8,8,16384,363520
6,6,5120,369664
6,8,10240,369664
6,6,16384,369664
6,8,5120,374784
6,6,11264,374784
6,6,16384,374784
8,6,6144,379904
8,6,11264,379904
8,6,17408,379904
8,3,20480,379904
6,6,5120,386048
6,6,11264,386048
6,3,14336,386048
6,6,16384,386048
6,6,6144,391168
6,3,9216,391168
6,6,11264,391168
6,8,16384,391168
6,6,17408,391168
6,3,3072,397312
6,6,5120,397312
6,8,10240,397312
6,6,11264,397312
6,6,16384,397312
6,3,18432,397312
3,6,2048,400384
3,8,7168,400384
3,6,8192,400384
3,6,13312,400384
3,3,15360,400384
3,6,18432,400384
6,8,5120,402432
6,6,6144,402432
6,6,11264,402432
6,3,13312,402432
6,6,16384,402432
8,6,1024,407552
8,6,6144,407552
8,3,8192,407552
8,6,11264,407552
8,6,17408,407552
6,6,5120,408576
6,3,7168,408576
6,6,10240,408576
6,6,16384,408576
6,3,2048,413696
6,6,5120,413696
6,6,11264,413696
6,6,16384,413696
3,6,3072,415744
3,6,9216,415744
3,6,14336,415744
3,7,19456,415744
6,6,6144,418816
6,6,11264,418816
6,7,16384,418816
6,6,5120,424960
6,7,10240,424960
6,6,16384,424960
6,4,17408,424960
6,4,18432,424960
6,7,5120,430080
6,6,11264,430080
6,4,12288,430080
6,4,13312,430080
6,6,16384,430080
7,6,6144,435200
7,4,7168,435200
7,4,8192,435200
7,6,11264,435200
7,8,16384,435200
7,5,17408,435200
6,4,1024,441344
6,4,2048,441344
6,6,5120,441344
6,8,10240,441344
6,5,11264,441344
6,6,16384,441344
4,4,1024,442368
4,6,4096,442368
4,8,9216,442368
4,5,10240,442368
4,6,15360,442368
4,6,20480,442368
4,6,3072,443392
4,8,8192,443392
4,5,9216,443392
4,6,14336,443392
4,6,19456,443392
6,8,5120,446464
6,5,6144,446464
6,6,11264,446464
6,6,16384,446464
8,5,1024,451584
8,6,6144,451584
8,6,11264,451584
8,4,16384,451584
8,5,17408,451584
5,6,5120,452608
5,6,10240,452608
5,4,15360,452608
5,5,16384,452608
6,6,5120,457728
6,4,10240,457728
6,5,11264,457728
6,6,16384,457728
6,4,5120,462848
6,5,6144,462848
6,6,11264,462848
6,7,16384,462848
4,5,1024,467968
4,6,6144,467968
4,7,11264,467968
4,6,17408,467968
4,4,18432,467968
5,6,5120,468992
5,7,10240,468992
5,6,16384,468992
5,4,17408,468992
6,7,5120,474112
6,6,11264,474112
6,4,12288,474112
6,6,16384,474112
7,6,6144,479232
7,4,7168,479232
7,6,11264,479232
6,4,1024,485376
6,6,5120,485376
6,6,16384,485376
4,6,4096,486400
4,6,15360,486400
4,7,20480,486400
6,6,11264,490496
6,7,16384,490496
6,7,5120,501760
6,6,11264,501760
6,6,16384,501760
7,6,6144,506880
7,6,11264,506880
7,11,19456,506880
7,11,20480,506880
6,6,5120,513024
6,11,13312,513024
6,11,14336,513024
6,6,16384,513024
6,4,18432,513024
6,11,8192,518144
6,11,9216,518144
6,6,11264,518144
6,4,13312,518144
6,6,16384,518144
11,11,1024,526336
11,6,3072,526336
11,4,5120,526336
11,6,8192,526336
11,12,13312,526336
11,5,14336,526336
11,6,19456,526336
11,6,2048,527360
11,4,4096,527360
11,6,7168,527360
11,12,12288,527360
11,5,13312,527360
11,6,18432,527360
6,4,2048,529408
6,6,5120,529408
6,12,10240,529408
6,5,11264,529408
6,6,16384,529408
4,6,3072,531456
4,12,8192,531456
4,5,9216,531456
4,6,14336,531456
4,12,19456,531456
6,12,5120,534528
6,5,6144,534528
6,6,11264,534528
6,12,16384,534528
12,5,1024,539648
12,6,6144,539648
12,12,11264,539648
12,5,17408,539648
5,6,5120,540672
5,12,10240,540672
5,5,16384,540672
6,12,5120,545792
6,5,11264,545792
6,6,16384,545792
12,5,6144,550912
12,6,11264,550912
5,6,5120,557056
5,6,16384,557056
5,3,19456,557056
5,3,20480,557056
6,6,11264,562176
6,3,14336,562176
6,3,15360,562176
6,7,16384,562176
6,3,3072,573440
6,3,4096,573440
6,7,5120,573440
6,6,11264,573440
6,6,16384,573440
3,3,1024,576512
3,7,2048,576512
3,6,8192,576512
3,6,13312,576512
3,7,18432,576512
3,7,1024,577536
3,6,7168,577536
3,6,12288,577536
3,7,17408,577536
7,6,6144,578560
7,6,11264,578560
7,7,16384,578560
6,6,5120,584704
6,7,10240,584704
6,6,16384,584704
6,7,5120,589824
6,6,11264,589824
6,6,16384,589824
7,6,6144,594944
7,6,11264,594944
7,6,17408,594944
6,6,5120,601088
6,6,11264,601088
6,6,16384,601088
6,6,6144,606208
6,6,11264,606208
6,7,16384,606208
6,6,5120,612352
6,7,10240,612352
6,6,16384,612352
6,7,5120,617472
6,6,11264,617472
6,6,16384,617472
7,6,6144,622592
7,6,11264,622592
7,12,16384,622592
6,6,5120,628736
6,12,10240,628736
6,6,16384,628736
6,12,5120,633856
6,6,11264,633856
6,6,16384,633856
12,6,6144,638976
12,6,11264,638976
12,6,17408,638976
6,6,5120,645120
6,6,11264,645120
6,6,16384,645120
6,6,6144,650240
6,6,11264,650240
6,11,16384,650240
6,6,5120,656384
6,11,10240,656384
6,6,16384,656384
6,11,5120,661504
6,6,11264,661504
6,6,16384,661504
11,6,6144,666624
11,6,11264,666624
11,11,16384,666624
11,6,17408,666624
6,6,5120,672768
6,11,10240,672768
6,6,11264,672768
6,6,16384,672768
6,11,5120,677888
6,6,6144,677888
6,6,11264,677888
6,7,16384,677888
11,6,1024,683008
11,6,6144,683008
11,7,11264,683008
11,6,17408,683008
11,11,19456,683008
6,6,5120,684032
6,7,10240,684032
6,6,16384,684032
6,11,18432,684032
6,7,5120,689152
6,6,11264,689152
6,11,13312,689152
6,6,16384,689152
6,4,18432,689152
7,6,6144,694272
7,11,8192,694272
7,6,11264,694272
7,4,13312,694272
6,11,2048,700416
6,6,5120,700416
6,4,7168,700416
6,6,16384,700416
11,6,3072,702464
11,4,5120,702464
11,6,14336,702464
11,6,19456,702464
6,4,2048,705536
6,6,11264,705536
6,6,16384,705536
4,6,9216,707584
4,6,14336,707584
4,12,19456,707584
4,5,20480,707584
6,6,5120,716800
6,12,10240,716800
6,5,11264,716800
6,6,16384,716800
6,12,5120,721920
6,5,6144,721920
6,6,11264,721920
6,7,16384,721920
12,5,1024,727040
12,6,6144,727040
12,7,11264,727040
12,6,17408,727040
5,6,5120,728064
5,7,10240,728064
5,6,16384,728064
6,7,5120,733184
6,6,11264,733184
6,6,16384,733184
7,6,6144,738304
7,6,11264,738304
7,3,16384,738304
7,6,17408,738304
6,6,5120,744448
6,3,10240,744448
6,6,11264,744448
6,6,16384,744448
6,3,5120,749568
6,6,6144,749568
6,6,11264,749568
6,7,16384,749568
3,6,1024,754688
3,6,6144,754688
3,7,11264,754688
3,3,16384,754688
3,6,17408,754688
6,6,5120,755712
6,7,10240,755712
6,3,15360,755712
6,6,16384,755712
6,7,5120,760832
6,3,10240,760832
6,6,11264,760832
6,6,16384,760832
7,3,5120,765952
7,6,6144,765952
7,6,11264,765952
7,7,16384,765952
3,6,1024,771072
3,6,6144,771072
3,7,11264,771072
3,6,17408,771072
6,6,5120,772096
6,7,10240,772096
6,6,16384,772096
6,7,5120,777216
6,6,11264,777216
6,6,16384,777216
6,4,19456,777216
7,6,6144,782336
7,6,11264,782336
7,4,14336,782336
7,6,17408,782336
6,6,5120,788480
6,4,8192,788480
6,6,11264,788480
6,6,16384,788480
6,4,3072,793600
6,6,6144,793600
6,6,11264,793600
4,6,3072,796672
4,6,8192,796672
4,6,19456,796672
6,6,5120,799744
6,6,16384,799744
6,6,11264,804864
6,6,16384,804864
6,6,5120,816128
6,6,16384,816128
6,6,11264,821248
6,6,16384,821248
6,4,17408,821248
6,6,5120,832512
6,4,6144,832512
6,6,11264,832512
6,6,16384,832512
6,4,1024,837632
6,6,6144,837632
6,6,11264,837632
6,4,16384,837632
4,6,5120,838656
4,6,10240,838656
4,4,15360,838656
6,6,5120,843776
6,4,10240,843776
6,6,16384,843776
6,11,17408,843776
6,4,5120,848896
6,6,11264,848896
6,11,12288,848896
6,7,16384,848896
4,6,6144,854016
4,11,7168,854016
4,7,11264,854016
6,11,1024,860160
6,7,5120,860160
6,6,16384,860160
6,11,18432,860160
6,11,19456,860160
11,7,4096,861184
11,6,15360,861184
11,11,17408,861184
11,11,18432,861184
11,11,20480,861184
7,6,11264,865280
7,11,13312,865280
7,11,14336,865280
7,11,16384,865280
6,11,2048,876544
6,11,3072,876544
6,11,5120,876544
6,6,11264,876544
6,6,16384,876544
11,11,1024,878592
11,11,3072,878592
11,6,9216,878592
11,6,14336,878592
11,4,19456,878592
11,5,20480,878592
11,11,2048,879616
11,6,8192,879616
11,6,13312,879616
11,4,18432,879616
11,5,19456,879616
11,6,6144,881664
11,6,11264,881664
11,4,16384,881664
11,5,17408,881664
6,6,5120,887808
6,4,10240,887808
6,5,11264,887808
6,6,16384,887808
6,4,5120,892928
6,5,6144,892928
6,6,11264,892928
6,7,16384,892928
4,5,1024,898048
4,6,6144,898048
4,7,11264,898048
4,6,17408,898048
5,6,5120,899072
5,7,10240,899072
5,6,16384,899072
6,7,5120,904192
6,6,11264,904192
6,6,16384,904192
7,6,6144,909312
7,6,11264,909312
7,6,16384,909312
7,6,17408,909312
6,6,5120,915456
6,6,10240,915456
6,6,11264,915456
6,6,16384,915456
6,6,5120,920576
6,6,6144,920576
6,6,11264,920576
6,6,16384,920576
6,6,1024,925696
6,6,6144,925696
6,6,11264,925696
6,6,5120,926720
6,6,10240,926720
6,6,5120,931840
6,6,16384,931840
6,6,11264,936960
6,8,16384,936960
6,6,17408,936960
6,8,5120,948224
6,6,6144,948224
6,6,11264,948224
6,6,16384,948224
8,6,1024,953344
8,6,6144,953344
8,6,11264,953344
8,3,16384,953344
6,6,5120,954368
6,6,10240,954368
6,3,15360,954368
6,6,5120,959488
6,3,10240,959488
6,6,16384,959488
6,3,5120,964608
6,6,11264,964608
6,7,16384,964608
3,6,6144,969728
3,7,11264,969728
3,5,17408,969728
6,7,5120,975872
6,5,11264,975872
6,6,16384,975872
7,5,6144,980992
7,6,11264,980992
7,8,16384,980992
5,6,5120,987136
5,8,10240,987136
5,5,16384,987136
6,8,5120,992256
6,5,11264,992256
6,6,16384,992256
8,5,6144,997376
8,6,11264,997376
8,5,17408,997376
5,6,5120,1003520
5,5,11264,1003520
5,6,16384,1003520
6,5,6144,1008640
6,6,11264,1008640
6,7,16384,1008640
5,6,5120,1014784
5,7,10240,1014784
5,4,15360,1014784
5,6,16384,1014784
6,7,5120,1019904
6,4,10240,1019904
6,6,11264,1019904
6,6,16384,1019904
7,4,5120,1025024
7,6,6144,1025024
7,6,11264,1025024
7,7,16384,1025024
7,6,17408,1025024
4,6,1024,1030144
4,6,6144,1030144
4,7,11264,1030144
4,6,12288,1030144
4,6,17408,1030144
6,6,5120,1031168
6,7,10240,1031168
6,6,11264,1031168
6,6,16384,1031168
6,7,5120,1036288
6,6,6144,1036288
6,6,11264,1036288
6,6,16384,1036288
6,11,19456,1036288
7,6,1024,1041408
7,6,6144,1041408
7,6,11264,1041408
7,11,14336,1041408
7,6,17408,1041408
7,4,19456,1041408
6,6,5120,1042432
6,6,10240,1042432
6,11,13312,1042432
6,6,16384,1042432
6,4,18432,1042432
6,6,5120,1047552
6,11,8192,1047552
6,6,11264,1047552
6,4,13312,1047552
6,6,16384,1047552
6,11,3072,1052672
6,6,6144,1052672
6,4,8192,1052672
6,6,11264,1052672
6,8,16384,1052672
11,6,3072,1055744
11,4,5120,1055744
11,6,8192,1055744
11,8,13312,1055744
11,6,19456,1055744
6,4,2048,1058816
6,6,5120,1058816
6,8,10240,1058816
6,6,16384,1058816
4,6,3072,1060864
4,8,8192,1060864
4,6,14336,1060864
4,6,19456,1060864
6,8,5120,1063936
6,6,11264,1063936
6,6,16384,1063936
8,6,6144,1069056
8,6,11264,1069056
8,4,16384,1069056
6,6,5120,1075200
6,4,10240,1075200
6,6,16384,1075200
6,4,5120,1080320
6,6,11264,1080320
6,7,16384,1080320
4,6,6144,1085440
4,7,11264,1085440
4,6,17408,1085440
6,7,5120,1091584
6,6,11264,1091584
6,6,16384,1091584
7,6,6144,1096704
7,6,11264,1096704
7,6,17408,1096704
6,6,5120,1102848
6,6,11264,1102848
6,6,16384,1102848
6,6,6144,1107968
6,6,11264,1107968
6,7,16384,1107968
6,6,5120,1114112
6,7,10240,1114112
6,6,16384,1114112
6,7,5120,1119232
6,6,11264,1119232
6,6,16384,1119232
7,6,6144,1124352
7,6,11264,1124352
7,7,16384,1124352
6,6,5120,1130496
6,7,10240,1130496
6,6,16384,1130496
6,4,17408,1130496
6,4,18432,1130496
6,7,5120,1135616
6,6,11264,1135616
6,4,12288,1135616
6,4,13312,1135616
6,6,16384,1135616
7,6,6144,1140736
7,4,7168,1140736
7,4,8192,1140736
7,6,11264,1140736
7,8,16384,1140736
7,5,17408,1140736
6,4,1024,1146880
6,4,2048,1146880
6,6,5120,1146880
6,8,10240,1146880
6,5,11264,1146880
6,6,16384,1146880
4,4,1024,1147904
4,6,4096,1147904
4,8,9216,1147904
4,5,10240,1147904
4,6,15360,1147904
4,7,20480,1147904
4,6,3072,1148928
4,8,8192,1148928
4,5,9216,1148928
4,6,14336,1148928
4,7,19456,1148928
6,8,5120,1152000
6,5,6144,1152000
6,6,11264,1152000
6,7,16384,1152000
8,5,1024,1157120
8,6,6144,1157120
8,7,11264,1157120
8,5,17408,1157120
5,6,5120,1158144
5,7,10240,1158144
5,5,16384,1158144
6,7,5120,1163264
6,5,11264,1163264
6,6,16384,1163264
7,5,6144,1168384
7,6,11264,1168384
7,8,16384,1168384
5,6,5120,1174528
5,8,10240,1174528
5,6,16384,1174528
6,8,5120,1179648
6,6,11264,1179648
6,6,16384,1179648
8,6,6144,1184768
8,6,11264,1184768
8,6,17408,1184768
6,6,5120,1190912
6,6,11264,1190912
6,6,16384,1190912
6,6,6144,1196032
6,6,11264,1196032
6,7,16384,1196032
6,6,5120,1202176
6,7,10240,1202176
6,6,16384,1202176
6,7,5120,1207296
6,6,11264,1207296
6,6,16384,1207296
7,6,6144,1212416
7,6,11264,1212416
7,11,19456,1212416
6,6,5120,1218560
6,11,13312,1218560
6,4,18432,1218560
6,11,8192,1223680
6,4,13312,1223680
11,4,5120,1231872
