18,18,6144,7168
18,18,17408,13312
18,18,7168,30720
18,26,9216,30720
18,26,2048,37888
18,19,14336,37888
18,18,15360,37888
18,22,16384,37888
18,40,16384,37888
26,19,12288,39936
26,18,13312,39936
26,22,14336,39936
26,40,14336,39936
19,18,1024,52224
19,22,2048,52224
19,40,2048,52224
19,41,15360,52224
19,19,19456,52224
18,22,1024,53248
18,40,1024,53248
18,41,14336,53248
18,19,18432,53248
18,39,20480,53248
18,40,20480,53248
22,40,0,54272
22,41,13312,54272
22,19,17408,54272
22,39,19456,54272
22,40,19456,54272
40,41,13312,54272
40,19,17408,54272
40,39,19456,54272
40,40,19456,54272
41,19,4096,67584
41,39,6144,67584
41,40,6144,67584
41,38,8192,67584
41,42,14336,67584
41,176,16384,67584
41,83,17408,67584
41,34,19456,67584
19,39,2048,71680
19,40,2048,71680
19,38,4096,71680
19,42,10240,71680
19,176,12288,71680
19,83,13312,71680
19,34,15360,71680
19,41,17408,71680
19,18,18432,71680
39,40,0,73728
39,38,2048,73728
39,42,8192,73728
39,176,10240,73728
39,83,11264,73728
39,34,13312,73728
39,41,15360,73728
39,18,16384,73728
39,19,19456,73728
40,38,2048,73728
40,42,8192,73728
40,176,10240,73728
40,83,11264,73728
40,34,13312,73728
40,41,15360,73728
40,18,16384,73728
40,19,19456,73728
38,42,6144,75776
38,176,8192,75776
38,83,9216,75776
38,34,11264,75776
38,41,13312,75776
38,18,14336,75776
38,19,17408,75776
38,20,20480,75776
38,108,20480,75776
42,176,2048,81920
42,83,3072,81920
42,34,5120,81920
42,41,7168,81920
42,18,8192,81920
42,19,11264,81920
42,20,14336,81920
42,108,14336,81920
42,44,18432,81920
176,83,1024,83968
176,34,3072,83968
176,41,5120,83968
176,18,6144,83968
176,19,9216,83968
176,20,12288,83968
176,108,12288,83968
176,44,16384,83968
83,34,2048,84992
83,41,4096,84992
83,18,5120,84992
83,19,8192,84992
83,20,11264,84992
83,108,11264,84992
83,44,15360,84992
83,54,20480,84992
34,41,2048,87040
34,18,3072,87040
34,19,6144,87040
34,20,9216,87040
34,108,9216,87040
34,44,13312,87040
34,54,18432,87040
34,53,19456,87040
34,195,20480,87040
41,18,1024,89088
41,19,4096,89088
41,20,7168,89088
41,108,7168,89088
41,44,11264,89088
41,54,16384,89088
41,53,17408,89088
41,195,18432,89088
41,36,19456,89088
41,41,20480,89088
18,19,3072,90112
18,20,6144,90112
18,108,6144,90112
18,44,10240,90112
18,54,15360,90112
18,53,16384,90112
18,195,17408,90112
18,36,18432,90112
18,41,19456,90112
19,20,3072,93184
19,108,3072,93184
19,44,7168,93184
19,54,12288,93184
19,53,13312,93184
19,195,14336,93184
19,36,15360,93184
19,41,16384,93184
19,110,19456,93184
20,108,0,96256
20,44,4096,96256
20,54,9216,96256
20,53,10240,96256
20,195,11264,96256
20,36,12288,96256
20,41,13312,96256
20,110,16384,96256
108,44,4096,96256
108,54,9216,96256
108,53,10240,96256
108,195,11264,96256
108,36,12288,96256
108,41,13312,96256
108,110,16384,96256
44,54,5120,100352
44,53,6144,100352
44,195,7168,100352
44,36,8192,100352
44,41,9216,100352
44,110,12288,100352
44,18,19456,100352
54,53,1024,105472
54,195,2048,105472
54,36,3072,105472
54,41,4096,105472
54,110,7168,105472
54,18,14336,105472
54,38,17408,105472
54,38,20480,105472
53,195,1024,106496
53,36,2048,106496
53,41,3072,106496
53,110,6144,106496
53,18,13312,106496
53,38,16384,106496
53,38,19456,106496
195,36,1024,107520
195,41,2048,107520
195,110,5120,107520
195,18,12288,107520
195,38,15360,107520
195,38,18432,107520
195,21,20480,107520
36,41,1024,108544
36,110,4096,108544
36,18,11264,108544
36,38,14336,108544
36,38,17408,108544
36,21,19456,108544
41,110,3072,109568
41,18,10240,109568
41,38,13312,109568
41,38,16384,109568
41,21,18432,109568
110,18,7168,112640
110,38,10240,112640
110,38,13312,112640
110,21,15360,112640
110,18,19456,112640
110,18,20480,112640
18,38,3072,119808
18,38,6144,119808
18,21,8192,119808
18,18,12288,119808
18,18,13312,119808
18,18,15360,119808
38,38,3072,122880
38,21,5120,122880
38,18,9216,122880
38,18,10240,122880
38,18,12288,122880
38,18,20480,122880
38,21,2048,125952
38,18,6144,125952
38,18,7168,125952
38,18,9216,125952
38,18,17408,125952
38,43,20480,125952
21,18,4096,128000
21,18,5120,128000
21,18,7168,128000
21,18,15360,128000
21,43,18432,128000
18,18,1024,132096
18,18,3072,132096
18,18,11264,132096
18,43,14336,132096
18,18,17408,132096
18,18,2048,133120
18,18,10240,133120
18,43,13312,133120
18,18,16384,133120
18,24,20480,133120
18,18,8192,135168
18,43,11264,135168
18,18,14336,135168
18,24,18432,135168
18,19,20480,135168
18,43,3072,143360
18,18,6144,143360
18,24,10240,143360
18,19,12288,143360
18,42,13312,143360
43,18,3072,146432
43,24,7168,146432
43,19,9216,146432
43,42,10240,146432
43,56,19456,146432
18,24,4096,149504
18,19,6144,149504
18,42,7168,149504
18,56,16384,149504
24,19,2048,153600
24,42,3072,153600
24,56,12288,153600
19,42,1024,155648
19,56,10240,155648
19,42,20480,155648
42,56,9216,156672
42,42,19456,156672
56,42,10240,165888
56,18,13312,165888
56,25,16384,165888
56,50,16384,165888
56,19,17408,165888
56,23,19456,165888
56,18,20480,165888
42,18,3072,176128
42,25,6144,176128
42,50,6144,176128
42,19,7168,176128
42,23,9216,176128
42,18,10240,176128
42,21,15360,176128
42,46,18432,176128
42,46,19456,176128
42,20,20480,176128
18,25,3072,179200
18,50,3072,179200
18,19,4096,179200
18,23,6144,179200
18,18,7168,179200
18,21,12288,179200
18,46,15360,179200
18,46,16384,179200
18,20,17408,179200
25,50,0,182272
25,19,1024,182272
25,23,3072,182272
25,18,4096,182272
25,21,9216,182272
25,46,12288,182272
25,46,13312,182272
25,20,14336,182272
25,36,19456,182272
50,19,1024,182272
50,23,3072,182272
50,18,4096,182272
50,21,9216,182272
50,46,12288,182272
50,46,13312,182272
50,20,14336,182272
50,36,19456,182272
19,23,2048,183296
19,18,3072,183296
19,21,8192,183296
19,46,11264,183296
19,46,12288,183296
19,20,13312,183296
19,36,18432,183296
19,46,20480,183296
23,18,1024,185344
23,21,6144,185344
23,46,9216,185344
23,46,10240,185344
23,20,11264,185344
23,36,16384,185344
23,46,18432,185344
18,21,5120,186368
18,46,8192,186368
18,46,9216,186368
18,20,10240,186368
18,36,15360,186368
18,46,17408,186368
21,46,3072,191488
21,46,4096,191488
21,20,5120,191488
21,36,10240,191488
21,46,12288,191488
21,18,17408,191488
46,46,1024,194560
46,20,2048,194560
46,36,7168,194560
46,46,9216,194560
46,18,14336,194560
46,20,1024,195584
46,36,6144,195584
46,46,8192,195584
46,18,13312,195584
20,36,5120,196608
20,46,7168,196608
20,18,12288,196608
36,46,2048,201728
36,18,7168,201728
36,43,16384,201728
36,20,19456,201728
46,18,5120,203776
46,43,14336,203776
46,20,17408,203776
18,43,9216,208896
18,20,12288,208896
18,19,17408,208896
18,18,18432,208896
18,18,19456,208896
43,20,3072,218112
43,19,8192,218112
43,18,9216,218112
43,18,10240,218112
43,18,14336,218112
20,19,5120,221184
20,18,6144,221184
20,18,7168,221184
20,18,11264,221184
20,18,20480,221184
19,18,1024,226304
19,18,2048,226304
19,18,6144,226304
19,18,15360,226304
19,111,18432,226304
19,89,19456,226304
19,95,20480,226304
18,18,1024,227328
18,18,5120,227328
18,18,14336,227328
18,111,17408,227328
18,89,18432,227328
18,95,19456,227328
18,18,4096,228352
18,18,13312,228352
18,111,16384,228352
18,89,17408,228352
18,95,18432,228352
18,18,9216,232448
18,111,12288,232448
18,89,13312,232448
18,95,14336,232448
18,111,3072,241664
18,89,4096,241664
18,95,5120,241664
111,89,1024,244736
111,95,2048,244736
89,95,1024,245760
18,76,0,268288
18,18,6144,268288
18,40,6144,268288
18,18,7168,268288
18,61,8192,268288
18,23,12288,268288
18,18,13312,268288
18,19,15360,268288
18,21,18432,268288
18,21,19456,268288
76,18,6144,268288
76,40,6144,268288
76,18,7168,268288
76,61,8192,268288
76,23,12288,268288
76,18,13312,268288
76,19,15360,268288
76,21,18432,268288
76,21,19456,268288
18,40,0,274432
18,18,1024,274432
18,61,2048,274432
18,23,6144,274432
18,18,7168,274432
18,19,9216,274432
18,21,12288,274432
18,21,13312,274432
18,53,15360,274432
40,18,1024,274432
40,61,2048,274432
40,23,6144,274432
40,18,7168,274432
40,19,9216,274432
40,21,12288,274432
40,21,13312,274432
40,53,15360,274432
18,61,1024,275456
18,23,5120,275456
18,18,6144,275456
18,19,8192,275456
18,21,11264,275456
18,21,12288,275456
18,53,14336,275456
61,23,4096,276480
61,18,5120,276480
61,19,7168,276480
61,21,10240,276480
61,21,11264,276480
61,53,13312,276480
61,36,20480,276480
61,54,20480,276480
23,18,1024,280576
23,19,3072,280576
23,21,6144,280576
23,21,7168,280576
23,53,9216,280576
23,36,16384,280576
23,54,16384,280576
23,18,17408,280576
23,40,17408,280576
18,19,2048,281600
18,21,5120,281600
18,21,6144,281600
18,53,8192,281600
18,36,15360,281600
18,54,15360,281600
18,18,16384,281600
18,40,16384,281600
19,21,3072,283648
19,21,4096,283648
19,53,6144,283648
19,36,13312,283648
19,54,13312,283648
19,18,14336,283648
19,40,14336,283648
19,42,19456,283648
19,18,20480,283648
19,49,20480,283648
21,21,1024,286720
21,53,3072,286720
21,36,10240,286720
21,54,10240,286720
21,18,11264,286720
21,40,11264,286720
21,42,16384,286720
21,18,17408,286720
21,49,17408,286720
21,43,20480,286720
21,53,2048,287744
21,36,9216,287744
21,54,9216,287744
21,18,10240,287744
21,40,10240,287744
21,42,15360,287744
21,18,16384,287744
21,49,16384,287744
21,43,19456,287744
53,36,7168,289792
53,54,7168,289792
53,18,8192,289792
53,40,8192,289792
53,42,13312,289792
53,18,14336,289792
53,49,14336,289792
53,43,17408,289792
53,19,20480,289792
53,58,20480,289792
36,54,0,296960
36,18,1024,296960
36,40,1024,296960
36,42,6144,296960
36,18,7168,296960
36,49,7168,296960
36,43,10240,296960
36,19,13312,296960
36,58,13312,296960
36,27,15360,296960
36,119,15360,296960
36,23,19456,296960
36,47,19456,296960
54,18,1024,296960
54,40,1024,296960
54,42,6144,296960
54,18,7168,296960
54,49,7168,296960
54,43,10240,296960
54,19,13312,296960
54,58,13312,296960
54,27,15360,296960
54,119,15360,296960
54,23,19456,296960
54,47,19456,296960
18,40,0,297984
18,42,5120,297984
18,18,6144,297984
18,49,6144,297984
18,43,9216,297984
18,19,12288,297984
18,58,12288,297984
18,27,14336,297984
18,119,14336,297984
18,23,18432,297984
18,47,18432,297984
18,21,20480,297984
18,51,20480,297984
40,42,5120,297984
40,18,6144,297984
40,49,6144,297984
40,43,9216,297984
40,19,12288,297984
40,58,12288,297984
40,27,14336,297984
40,119,14336,297984
40,23,18432,297984
40,47,18432,297984
40,21,20480,297984
40,51,20480,297984
42,18,1024,303104
42,49,1024,303104
42,43,4096,303104
42,19,7168,303104
42,58,7168,303104
42,27,9216,303104
42,119,9216,303104
42,23,13312,303104
42,47,13312,303104
42,21,15360,303104
42,51,15360,303104
42,47,18432,303104
42,18,19456,303104
42,19,20480,303104
18,49,0,304128
18,43,3072,304128
18,19,6144,304128
18,58,6144,304128
18,27,8192,304128
18,119,8192,304128
18,23,12288,304128
18,47,12288,304128
18,21,14336,304128
18,51,14336,304128
18,47,17408,304128
18,18,18432,304128
18,19,19456,304128
18,41,19456,304128
49,43,3072,304128
49,19,6144,304128
49,58,6144,304128
49,27,8192,304128
49,119,8192,304128
49,23,12288,304128
49,47,12288,304128
49,21,14336,304128
49,51,14336,304128
49,47,17408,304128
49,18,18432,304128
49,19,19456,304128
49,41,19456,304128
49,71,20480,304128
43,19,3072,307200
43,58,3072,307200
43,27,5120,307200
43,119,5120,307200
43,23,9216,307200
43,47,9216,307200
43,21,11264,307200
43,51,11264,307200
43,47,14336,307200
43,18,15360,307200
43,19,16384,307200
43,41,16384,307200
43,71,17408,307200
43,26,18432,307200
19,58,0,310272
19,27,2048,310272
19,119,2048,310272
19,23,6144,310272
19,47,6144,310272
19,21,8192,310272
19,51,8192,310272
19,47,11264,310272
19,18,12288,310272
19,19,13312,310272
19,41,13312,310272
19,71,14336,310272
19,26,15360,310272
19,45,16384,310272
58,27,2048,310272
58,119,2048,310272
58,23,6144,310272
58,47,6144,310272
58,21,8192,310272
58,51,8192,310272
58,47,11264,310272
58,18,12288,310272
58,19,13312,310272
58,41,13312,310272
58,71,14336,310272
58,26,15360,310272
58,45,16384,310272
58,112,16384,310272
27,119,0,312320
27,23,4096,312320
27,47,4096,312320
27,21,6144,312320
27,51,6144,312320
27,47,9216,312320
27,18,10240,312320
27,19,11264,312320
27,41,11264,312320
27,71,12288,312320
27,26,13312,312320
27,45,14336,312320
27,112,14336,312320
27,110,17408,312320
119,23,4096,312320
119,47,4096,312320
119,21,6144,312320
119,51,6144,312320
119,47,9216,312320
119,18,10240,312320
119,19,11264,312320
119,41,11264,312320
119,71,12288,312320
119,26,13312,312320
119,45,14336,312320
119,112,14336,312320
119,110,17408,312320
23,47,0,316416
23,21,2048,316416
23,51,2048,316416
23,47,5120,316416
23,18,6144,316416
23,19,7168,316416
23,41,7168,316416
23,71,8192,316416
23,26,9216,316416
23,45,10240,316416
23,112,10240,316416
23,110,13312,316416
47,21,2048,316416
47,51,2048,316416
47,47,5120,316416
47,18,6144,316416
47,19,7168,316416
47,41,7168,316416
47,71,8192,316416
47,26,9216,316416
47,45,10240,316416
47,112,10240,316416
47,110,13312,316416
21,51,0,318464
21,47,3072,318464
21,18,4096,318464
21,19,5120,318464
21,41,5120,318464
21,71,6144,318464
21,26,7168,318464
21,45,8192,318464
21,112,8192,318464
21,110,11264,318464
51,47,3072,318464
51,18,4096,318464
51,19,5120,318464
51,41,5120,318464
51,71,6144,318464
51,26,7168,318464
51,45,8192,318464
51,112,8192,318464
51,110,11264,318464
47,18,1024,321536
47,19,2048,321536
47,41,2048,321536
47,71,3072,321536
47,26,4096,321536
47,45,5120,321536
47,112,5120,321536
47,110,8192,321536
18,19,1024,322560
18,41,1024,322560
18,71,2048,322560
18,26,3072,322560
18,45,4096,322560
18,112,4096,322560
18,110,7168,322560
19,41,0,323584
19,71,1024,323584
19,26,2048,323584
19,45,3072,323584
19,112,3072,323584
19,110,6144,323584
41,71,1024,323584
41,26,2048,323584
41,45,3072,323584
41,112,3072,323584
41,110,6144,323584
71,26,1024,324608
71,45,2048,324608
71,112,2048,324608
71,110,5120,324608
26,45,1024,325632
26,112,1024,325632
26,110,4096,325632
45,112,0,326656
45,110,3072,326656
112,110,3072,326656
