256,298,9216,4096
298,31,18432,13312
31,33,7168,31744
31,144,10240,31744
31,75,12288,31744
31,147,13312,31744
31,75,14336,31744
31,75,15360,31744
31,75,16384,31744
31,75,17408,31744
31,75,19456,31744
33,144,3072,38912
33,75,5120,38912
33,147,6144,38912
33,75,7168,38912
33,75,8192,38912
33,75,9216,38912
33,75,10240,38912
33,75,12288,38912
33,76,16384,38912
33,150,19456,38912
144,75,2048,41984
144,147,3072,41984
144,75,4096,41984
144,75,5120,41984
144,75,6144,41984
144,75,7168,41984
144,75,9216,41984
144,76,13312,41984
144,150,16384,41984
75,147,1024,44032
75,75,2048,44032
75,75,3072,44032
75,75,4096,44032
75,75,5120,44032
75,75,7168,44032
75,76,11264,44032
75,150,14336,44032
147,75,1024,45056
147,75,2048,45056
147,75,3072,45056
147,75,4096,45056
147,75,6144,45056
147,76,10240,45056
147,150,13312,45056
75,75,1024,46080
75,75,2048,46080
75,75,3072,46080
75,75,5120,46080
75,76,9216,46080
75,150,12288,46080
75,19,20480,46080
75,75,1024,47104
75,75,2048,47104
75,75,4096,47104
75,76,8192,47104
75,150,11264,47104
75,19,19456,47104
75,75,1024,48128
75,75,3072,48128
75,76,7168,48128
75,150,10240,48128
75,19,18432,48128
75,75,2048,49152
75,76,6144,49152
75,150,9216,49152
75,19,17408,49152
75,76,4096,51200
75,150,7168,51200
75,19,15360,51200
75,26,20480,51200
76,150,3072,55296
76,19,11264,55296
76,26,16384,55296
150,19,8192,58368
150,26,13312,58368
19,26,5120,66560
19,116,19456,66560
26,116,14336,71680
116,52,10240,86016
51,98,19456,120832
98,94,5120,140288
98,95,6144,140288
98,57,8192,140288
98,115,8192,140288
98,126,13312,140288
98,96,14336,140288
98,93,17408,140288
98,224,20480,140288
94,95,1024,145408
94,57,3072,145408
94,115,3072,145408
94,126,8192,145408
94,96,9216,145408
94,93,12288,145408
94,224,15360,145408
95,57,2048,146432
95,115,2048,146432
95,126,7168,146432
95,96,8192,146432
95,93,11264,146432
95,224,14336,146432
57,115,0,148480
57,126,5120,148480
57,96,6144,148480
57,93,9216,148480
57,224,12288,148480
115,126,5120,148480
115,96,6144,148480
115,93,9216,148480
115,224,12288,148480
126,96,1024,153600
126,93,4096,153600
126,224,7168,153600
96,93,3072,154624
96,224,6144,154624
93,224,3072,157696
224,77,18432,160768
224,129,18432,160768
77,129,0,179200
77,24,6144,179200
129,24,6144,179200
97,21,17408,206848
21,45,11264,224256
21,78,12288,224256
21,95,14336,224256
21,63,19456,224256
21,95,19456,224256
45,78,1024,235520
45,95,3072,235520
45,63,8192,235520
45,95,8192,235520
45,57,12288,235520
45,85,12288,235520
45,31,14336,235520
45,129,15360,235520
45,256,16384,235520
45,63,17408,235520
45,125,17408,235520
45,19,18432,235520
78,95,2048,236544
78,63,7168,236544
78,95,7168,236544
78,57,11264,236544
78,85,11264,236544
78,31,13312,236544
78,129,14336,236544
78,256,15360,236544
78,63,16384,236544
78,125,16384,236544
78,19,17408,236544
78,194,20480,236544
95,63,5120,238592
95,95,5120,238592
95,57,9216,238592
95,85,9216,238592
95,31,11264,238592
95,129,12288,238592
95,256,13312,238592
95,63,14336,238592
95,125,14336,238592
95,19,15360,238592
95,194,18432,238592
95,57,20480,238592
63,95,0,243712
63,57,4096,243712
63,85,4096,243712
63,31,6144,243712
63,129,7168,243712
63,256,8192,243712
63,63,9216,243712
63,125,9216,243712
63,19,10240,243712
63,194,13312,243712
63,57,15360,243712
95,57,4096,243712
95,85,4096,243712
95,31,6144,243712
95,129,7168,243712
95,256,8192,243712
95,63,9216,243712
95,125,9216,243712
95,19,10240,243712
95,194,13312,243712
95,57,15360,243712
57,85,0,247808
57,31,2048,247808
57,129,3072,247808
57,256,4096,247808
57,63,5120,247808
57,125,5120,247808
57,19,6144,247808
57,194,9216,247808
57,57,11264,247808
85,31,2048,247808
85,129,3072,247808
85,256,4096,247808
85,63,5120,247808
85,125,5120,247808
85,19,6144,247808
85,194,9216,247808
85,57,11264,247808
31,129,1024,249856
31,256,2048,249856
31,63,3072,249856
31,125,3072,249856
31,19,4096,249856
31,194,7168,249856
31,57,9216,249856
129,256,1024,250880
129,63,2048,250880
129,125,2048,250880
129,19,3072,250880
129,194,6144,250880
129,57,8192,250880
256,63,1024,251904
256,125,1024,251904
256,19,2048,251904
256,194,5120,251904
256,57,7168,251904
63,125,0,252928
63,19,1024,252928
63,194,4096,252928
63,57,6144,252928
63,18,20480,252928
125,19,1024,252928
125,194,4096,252928
125,57,6144,252928
125,18,20480,252928
19,194,3072,253952
19,57,5120,253952
19,18,19456,253952
194,57,2048,257024
194,18,16384,257024
194,76,20480,257024
57,18,14336,259072
57,76,18432,259072
57,75,19456,259072
57,113,19456,259072
57,76,20480,259072
57,113,20480,259072
18,76,4096,273408
18,75,5120,273408
18,113,5120,273408
18,76,6144,273408
18,113,6144,273408
18,124,8192,273408
18,165,8192,273408
18,116,9216,273408
18,130,10240,273408
18,127,11264,273408
18,72,12288,273408
18,120,14336,273408
18,74,15360,273408
18,111,15360,273408
76,75,1024,277504
76,113,1024,277504
76,76,2048,277504
76,113,2048,277504
76,124,4096,277504
76,165,4096,277504
76,116,5120,277504
76,130,6144,277504
76,127,7168,277504
76,72,8192,277504
76,120,10240,277504
76,74,11264,277504
76,111,11264,277504
76,77,13312,277504
75,113,0,278528
75,76,1024,278528
75,113,1024,278528
75,124,3072,278528
75,165,3072,278528
75,116,4096,278528
75,130,5120,278528
75,127,6144,278528
75,72,7168,278528
75,120,9216,278528
75,74,10240,278528
75,111,10240,278528
75,77,12288,278528
75,74,13312,278528
113,76,1024,278528
113,113,1024,278528
113,124,3072,278528
113,165,3072,278528
113,116,4096,278528
113,130,5120,278528
113,127,6144,278528
113,72,7168,278528
113,120,9216,278528
113,74,10240,278528
113,111,10240,278528
113,77,12288,278528
113,74,13312,278528
113,18,14336,278528
76,113,0,279552
76,124,2048,279552
76,165,2048,279552
76,116,3072,279552
76,130,4096,279552
76,127,5120,279552
76,72,6144,279552
76,120,8192,279552
76,74,9216,279552
76,111,9216,279552
76,77,11264,279552
76,74,12288,279552
76,18,13312,279552
113,124,2048,279552
113,165,2048,279552
113,116,3072,279552
113,130,4096,279552
113,127,5120,279552
113,72,6144,279552
113,120,8192,279552
113,74,9216,279552
113,111,9216,279552
113,77,11264,279552
113,74,12288,279552
113,18,13312,279552
124,165,0,281600
124,116,1024,281600
124,130,2048,281600
124,127,3072,281600
124,72,4096,281600
124,120,6144,281600
124,74,7168,281600
124,111,7168,281600
124,77,9216,281600
124,74,10240,281600
124,18,11264,281600
165,116,1024,281600
165,130,2048,281600
165,127,3072,281600
165,72,4096,281600
165,120,6144,281600
165,74,7168,281600
165,111,7168,281600
165,77,9216,281600
165,74,10240,281600
165,18,11264,281600
116,130,1024,282624
116,127,2048,282624
116,72,3072,282624
116,120,5120,282624
116,74,6144,282624
116,111,6144,282624
116,77,8192,282624
116,74,9216,282624
116,18,10240,282624
116,291,20480,282624
130,127,1024,283648
130,72,2048,283648
130,120,4096,283648
130,74,5120,283648
130,111,5120,283648
130,77,7168,283648
130,74,8192,283648
130,18,9216,283648
130,291,19456,283648
130,77,20480,283648
127,72,1024,284672
127,120,3072,284672
127,74,4096,284672
127,111,4096,284672
127,77,6144,284672
127,74,7168,284672
127,18,8192,284672
127,291,18432,284672
127,77,19456,284672
127,75,20480,284672
72,120,2048,285696
72,74,3072,285696
72,111,3072,285696
72,77,5120,285696
72,74,6144,285696
72,18,7168,285696
72,291,17408,285696
72,77,18432,285696
72,75,19456,285696
72,73,20480,285696
120,74,1024,287744
120,111,1024,287744
120,77,3072,287744
120,74,4096,287744
120,18,5120,287744
120,291,15360,287744
120,77,16384,287744
120,75,17408,287744
120,73,18432,287744
120,297,20480,287744
74,111,0,288768
74,77,2048,288768
74,74,3072,288768
74,18,4096,288768
74,291,14336,288768
74,77,15360,288768
74,75,16384,288768
74,73,17408,288768
74,297,19456,288768
111,77,2048,288768
111,74,3072,288768
111,18,4096,288768
111,291,14336,288768
111,77,15360,288768
111,75,16384,288768
111,73,17408,288768
111,297,19456,288768
77,74,1024,290816
77,18,2048,290816
77,291,12288,290816
77,77,13312,290816
77,75,14336,290816
77,73,15360,290816
77,297,17408,290816
74,18,1024,291840
74,291,11264,291840
74,77,12288,291840
74,75,13312,291840
74,73,14336,291840
74,297,16384,291840
18,291,10240,292864
18,77,11264,292864
18,75,12288,292864
18,73,13312,292864
18,297,15360,292864
291,77,1024,303104
291,75,2048,303104
291,73,3072,303104
291,297,5120,303104
291,62,15360,303104
291,64,16384,303104
291,63,17408,303104
77,75,1024,304128
77,73,2048,304128
77,297,4096,304128
77,62,14336,304128
77,64,15360,304128
77,63,16384,304128
75,73,1024,305152
75,297,3072,305152
75,62,13312,305152
75,64,14336,305152
75,63,15360,305152
75,21,20480,305152
73,297,2048,306176
73,62,12288,306176
73,64,13312,306176
73,63,14336,306176
73,21,19456,306176
73,50,20480,306176
297,62,10240,308224
297,64,11264,308224
297,63,12288,308224
297,21,17408,308224
297,50,18432,308224
297,54,19456,308224
62,64,1024,318464
62,63,2048,318464
62,21,7168,318464
62,50,8192,318464
62,54,9216,318464
64,63,1024,319488
64,21,6144,319488
64,50,7168,319488
64,54,8192,319488
63,21,5120,320512
63,50,6144,320512
63,54,7168,320512
21,50,1024,325632
21,54,2048,325632
50,54,1024,326656
