11,10,4096,0
11,9,6144,0
11,9,8192,0
11,8,11264,0
11,4,16384,0
11,8,20480,0
10,9,2048,4096
10,9,4096,4096
10,8,7168,4096
10,4,12288,4096
10,8,16384,4096
9,9,2048,6144
9,8,5120,6144
9,4,10240,6144
9,8,14336,6144
9,5,19456,6144
9,8,3072,8192
9,4,8192,8192
9,8,12288,8192
9,5,17408,8192
8,4,5120,11264
8,8,9216,11264
8,5,14336,11264
4,8,4096,16384
4,5,9216,16384
4,8,18432,16384
8,5,5120,20480
8,8,14336,20480
8,11,17408,20480
8,9,18432,20480
8,9,20480,20480
5,8,9216,25600
5,11,12288,25600
5,9,13312,25600
5,9,15360,25600
5,11,19456,25600
8,11,3072,34816
8,9,4096,34816
8,9,6144,34816
8,11,10240,34816
8,9,14336,34816
11,9,1024,37888
11,9,3072,37888
11,11,7168,37888
11,9,11264,37888
11,9,20480,37888
9,9,2048,38912
9,11,6144,38912
9,9,10240,38912
9,9,19456,38912
9,11,4096,40960
9,9,8192,40960
9,9,17408,40960
11,9,4096,45056
11,9,13312,45056
11,8,18432,45056
9,9,9216,49152
9,8,14336,49152
9,8,5120,58368
9,9,14336,58368
9,7,18432,58368
8,9,9216,63488
8,7,13312,63488
8,8,16384,63488
8,8,19456,63488
9,7,4096,72704
9,8,7168,72704
9,8,10240,72704
9,8,14336,72704
9,8,19456,72704
7,8,3072,76800
7,8,6144,76800
7,8,10240,76800
7,8,15360,76800
8,8,3072,79872
8,8,7168,79872
8,8,12288,79872
8,15,18432,79872
8,10,20480,79872
8,8,4096,82944
8,8,9216,82944
8,15,15360,82944
8,10,17408,82944
8,10,18432,82944
8,10,19456,82944
8,9,20480,82944
8,8,5120,87040
8,15,11264,87040
8,10,13312,87040
8,10,14336,87040
8,10,15360,87040
8,9,16384,87040
8,13,17408,87040
8,9,18432,87040
8,7,19456,87040
8,15,6144,92160
8,10,8192,92160
8,10,9216,92160
8,10,10240,92160
8,9,11264,92160
8,13,12288,92160
8,9,13312,92160
8,7,14336,92160
8,6,17408,92160
8,9,18432,92160
15,10,2048,98304
15,10,3072,98304
15,10,4096,98304
15,9,5120,98304
15,13,6144,98304
15,9,7168,98304
15,7,8192,98304
15,6,11264,98304
15,9,12288,98304
15,10,16384,98304
15,10,17408,98304
15,10,20480,98304
10,10,1024,100352
10,10,2048,100352
10,9,3072,100352
10,13,4096,100352
10,9,5120,100352
10,7,6144,100352
10,6,9216,100352
10,9,10240,100352
10,10,14336,100352
10,10,15360,100352
10,10,18432,100352
10,5,20480,100352
10,10,1024,101376
10,9,2048,101376
10,13,3072,101376
10,9,4096,101376
10,7,5120,101376
10,6,8192,101376
10,9,9216,101376
10,10,13312,101376
10,10,14336,101376
10,10,17408,101376
10,5,19456,101376
10,9,1024,102400
10,13,2048,102400
10,9,3072,102400
10,7,4096,102400
10,6,7168,102400
10,9,8192,102400
10,10,12288,102400
10,10,13312,102400
10,10,16384,102400
10,5,18432,102400
9,13,1024,103424
9,9,2048,103424
9,7,3072,103424
9,6,6144,103424
9,9,7168,103424
9,10,11264,103424
9,10,12288,103424
9,10,15360,103424
9,5,17408,103424
9,10,20480,103424
13,9,1024,104448
13,7,2048,104448
13,6,5120,104448
13,9,6144,104448
13,10,10240,104448
13,10,11264,104448
13,10,14336,104448
13,5,16384,104448
13,10,19456,104448
13,9,20480,104448
9,7,1024,105472
9,6,4096,105472
9,9,5120,105472
9,10,9216,105472
9,10,10240,105472
9,10,13312,105472
9,5,15360,105472
9,10,18432,105472
9,9,19456,105472
7,6,3072,106496
7,9,4096,106496
7,10,8192,106496
7,10,9216,106496
7,10,12288,106496
7,5,14336,106496
7,10,17408,106496
7,9,18432,106496
6,9,1024,109568
6,10,5120,109568
6,10,6144,109568
6,10,9216,109568
6,5,11264,109568
6,10,14336,109568
6,9,15360,109568
6,10,19456,109568
6,10,20480,109568
9,10,4096,110592
9,10,5120,110592
9,10,8192,110592
9,5,10240,110592
9,10,13312,110592
9,9,14336,110592
9,10,18432,110592
9,10,19456,110592
10,10,1024,114688
10,10,4096,114688
10,5,6144,114688
10,10,9216,114688
10,9,10240,114688
10,10,14336,114688
10,10,15360,114688
10,10,18432,114688
10,10,19456,114688
10,5,20480,114688
10,10,3072,115712
10,5,5120,115712
10,10,8192,115712
10,9,9216,115712
10,10,13312,115712
10,10,14336,115712
10,10,17408,115712
10,10,18432,115712
10,5,19456,115712
10,5,2048,118784
10,10,5120,118784
10,9,6144,118784
10,10,10240,118784
10,10,11264,118784
10,10,14336,118784
10,10,15360,118784
10,5,16384,118784
10,10,19456,118784
10,8,20480,118784
5,10,3072,120832
5,9,4096,120832
5,10,8192,120832
5,10,9216,120832
5,10,12288,120832
5,10,13312,120832
5,5,14336,120832
5,10,17408,120832
5,8,18432,120832
10,9,1024,123904
10,10,5120,123904
10,10,6144,123904
10,10,9216,123904
10,10,10240,123904
10,5,11264,123904
10,10,14336,123904
10,8,15360,123904
10,10,18432,123904
10,10,19456,123904
10,5,20480,123904
9,10,4096,124928
9,10,5120,124928
9,10,8192,124928
9,10,9216,124928
9,5,10240,124928
9,10,13312,124928
9,8,14336,124928
9,10,17408,124928
9,10,18432,124928
9,5,19456,124928
10,10,1024,129024
10,10,4096,129024
10,10,5120,129024
10,5,6144,129024
10,10,9216,129024
10,8,10240,129024
10,10,13312,129024
10,10,14336,129024
10,5,15360,129024
10,10,18432,129024
10,10,19456,129024
10,4,20480,129024
10,10,3072,130048
10,10,4096,130048
10,5,5120,130048
10,10,8192,130048
10,8,9216,130048
10,10,12288,130048
10,10,13312,130048
10,5,14336,130048
10,10,17408,130048
10,10,18432,130048
10,4,19456,130048
10,10,1024,133120
10,5,2048,133120
10,10,5120,133120
10,8,6144,133120
10,10,9216,133120
10,10,10240,133120
10,5,11264,133120
10,10,14336,133120
10,10,15360,133120
10,4,16384,133120
10,9,20480,133120
10,5,1024,134144
10,10,4096,134144
10,8,5120,134144
10,10,8192,134144
10,10,9216,134144
10,5,10240,134144
10,10,13312,134144
10,10,14336,134144
10,4,15360,134144
10,9,19456,134144
10,10,20480,134144
5,10,3072,135168
5,8,4096,135168
5,10,7168,135168
5,10,8192,135168
5,5,9216,135168
5,10,12288,135168
5,10,13312,135168
5,4,14336,135168
5,9,18432,135168
5,10,19456,135168
10,8,1024,138240
10,10,4096,138240
10,10,5120,138240
10,5,6144,138240
10,10,9216,138240
10,10,10240,138240
10,4,11264,138240
10,9,15360,138240
10,10,16384,138240
8,10,3072,139264
8,10,4096,139264
8,5,5120,139264
8,10,8192,139264
8,10,9216,139264
8,4,10240,139264
8,9,14336,139264
8,10,15360,139264
10,10,1024,142336
10,5,2048,142336
10,10,5120,142336
10,10,6144,142336
10,4,7168,142336
10,9,11264,142336
10,10,12288,142336
10,10,19456,142336
10,14,20480,142336
10,5,1024,143360
10,10,4096,143360
10,10,5120,143360
10,4,6144,143360
10,9,10240,143360
10,10,11264,143360
10,10,18432,143360
10,14,19456,143360
5,10,3072,144384
5,10,4096,144384
5,4,5120,144384
5,9,9216,144384
5,10,10240,144384
5,10,17408,144384
5,14,18432,144384
10,10,1024,147456
10,4,2048,147456
10,9,6144,147456
10,10,7168,147456
10,10,14336,147456
10,14,15360,147456
10,10,19456,147456
10,8,20480,147456
10,4,1024,148480
10,9,5120,148480
10,10,6144,148480
10,10,13312,148480
10,14,14336,148480
10,10,18432,148480
10,8,19456,148480
4,9,4096,149504
4,10,5120,149504
4,10,12288,149504
4,14,13312,149504
4,10,17408,149504
4,8,18432,149504
9,10,1024,153600
9,10,8192,153600
9,14,9216,153600
9,10,13312,153600
9,8,14336,153600
9,10,17408,153600
9,13,18432,153600
10,10,7168,154624
10,14,8192,154624
10,10,12288,154624
10,8,13312,154624
10,10,16384,154624
10,13,17408,154624
10,14,1024,161792
10,10,5120,161792
10,8,6144,161792
10,10,9216,161792
10,13,10240,161792
10,10,14336,161792
10,8,15360,161792
14,10,4096,162816
14,8,5120,162816
14,10,8192,162816
14,13,9216,162816
14,10,13312,162816
14,8,14336,162816
10,8,1024,166912
10,10,4096,166912
10,13,5120,166912
10,10,9216,166912
10,8,10240,166912
10,10,18432,166912
10,10,19456,166912
8,10,3072,167936
8,13,4096,167936
8,10,8192,167936
8,8,9216,167936
8,10,17408,167936
8,10,18432,167936
10,13,1024,171008
10,10,5120,171008
10,8,6144,171008
10,10,14336,171008
10,10,15360,171008
10,10,20480,171008
13,10,4096,172032
13,8,5120,172032
13,10,13312,172032
13,10,14336,172032
13,10,19456,172032
10,8,1024,176128
10,10,9216,176128
10,10,10240,176128
10,10,15360,176128
10,10,18432,176128
10,10,19456,176128
10,9,20480,176128
8,10,8192,177152
8,10,9216,177152
8,10,14336,177152
8,10,17408,177152
8,10,18432,177152
8,9,19456,177152
10,10,1024,185344
10,10,6144,185344
10,10,9216,185344
10,10,10240,185344
10,9,11264,185344
10,10,14336,185344
10,10,15360,185344
10,10,17408,185344
10,9,20480,185344
10,10,5120,186368
10,10,8192,186368
10,10,9216,186368
10,9,10240,186368
10,10,13312,186368
10,10,14336,186368
10,10,16384,186368
10,9,19456,186368
10,10,3072,191488
10,10,4096,191488
10,9,5120,191488
10,10,8192,191488
10,10,9216,191488
10,10,11264,191488
10,9,14336,191488
10,12,16384,191488
10,10,1024,194560
10,9,2048,194560
10,10,5120,194560
10,10,6144,194560
10,10,8192,194560
10,9,11264,194560
10,12,13312,194560
10,20,18432,194560
10,20,19456,194560
10,10,20480,194560
10,9,1024,195584
10,10,4096,195584
10,10,5120,195584
10,10,7168,195584
10,9,10240,195584
10,12,12288,195584
10,20,17408,195584
10,20,18432,195584
10,10,19456,195584
9,10,3072,196608
9,10,4096,196608
9,10,6144,196608
9,9,9216,196608
9,12,11264,196608
9,20,16384,196608
9,20,17408,196608
9,10,18432,196608
10,10,1024,199680
10,10,3072,199680
10,9,6144,199680
10,12,8192,199680
10,20,13312,199680
10,20,14336,199680
10,10,15360,199680
10,13,20480,199680
10,10,2048,200704
10,9,5120,200704
10,12,7168,200704
10,20,12288,200704
10,20,13312,200704
10,10,14336,200704
10,13,19456,200704
10,9,3072,202752
10,12,5120,202752
10,20,10240,202752
10,20,11264,202752
10,10,12288,202752
10,13,17408,202752
9,12,2048,205824
9,20,7168,205824
9,20,8192,205824
9,10,9216,205824
9,13,14336,205824
12,20,5120,207872
12,20,6144,207872
12,10,7168,207872
12,13,12288,207872
20,20,1024,212992
20,10,2048,212992
20,13,7168,212992
20,14,16384,212992
20,10,1024,214016
20,13,6144,214016
20,14,15360,214016
20,7,20480,214016
10,13,5120,215040
10,14,14336,215040
10,7,19456,215040
10,11,20480,215040
13,14,9216,220160
13,7,14336,220160
13,11,15360,220160
14,7,5120,229376
14,11,6144,229376
14,9,14336,229376
14,9,16384,229376
14,11,18432,229376
14,8,19456,229376
7,11,1024,234496
7,9,9216,234496
7,9,11264,234496
7,11,13312,234496
7,8,14336,234496
7,13,18432,234496
11,9,8192,235520
11,9,10240,235520
11,11,12288,235520
11,8,13312,235520
11,13,17408,235520
9,9,2048,243712
9,11,4096,243712
9,8,5120,243712
9,13,9216,243712
9,13,14336,243712
9,8,19456,243712
9,11,2048,245760
9,8,3072,245760
9,13,7168,245760
9,13,12288,245760
9,8,17408,245760
11,8,1024,247808
11,13,5120,247808
11,13,10240,247808
11,8,15360,247808
11,10,19456,247808
8,13,4096,248832
8,13,9216,248832
8,8,14336,248832
8,10,18432,248832
13,13,5120,252928
13,8,10240,252928
13,10,14336,252928
13,10,18432,252928
13,9,19456,252928
13,10,20480,252928
13,8,5120,258048
13,10,9216,258048
13,10,13312,258048
13,9,14336,258048
13,10,15360,258048
13,10,18432,258048
13,9,19456,258048
8,10,4096,263168
8,10,8192,263168
8,9,9216,263168
8,10,10240,263168
8,10,13312,263168
8,9,14336,263168
8,12,18432,263168
8,12,20480,263168
10,10,4096,267264
10,9,5120,267264
10,10,6144,267264
10,10,9216,267264
10,9,10240,267264
10,12,14336,267264
10,12,16384,267264
10,13,19456,267264
10,9,1024,271360
10,10,2048,271360
10,10,5120,271360
10,9,6144,271360
10,12,10240,271360
10,12,12288,271360
10,13,15360,271360
9,10,1024,272384
9,10,4096,272384
9,9,5120,272384
9,12,9216,272384
9,12,11264,272384
9,13,14336,272384
10,10,3072,273408
10,9,4096,273408
10,12,8192,273408
10,12,10240,273408
10,13,13312,273408
10,9,1024,276480
10,12,5120,276480
10,12,7168,276480
10,13,10240,276480
9,12,4096,277504
9,12,6144,277504
9,13,9216,277504
12,12,2048,281600
12,13,5120,281600
12,13,18432,281600
12,9,19456,281600
12,13,3072,283648
12,13,16384,283648
12,9,17408,283648
13,13,13312,286720
13,9,14336,286720
13,9,1024,300032
13,13,15360,300032
13,9,19456,300032
9,13,14336,301056
9,9,18432,301056
9,9,20480,301056
13,9,4096,315392
13,9,6144,315392
13,9,7168,315392
13,11,9216,315392
9,9,2048,319488
9,9,3072,319488
9,11,5120,319488
9,9,1024,321536
9,11,3072,321536
9,11,2048,322560
