24,16,1024,0
24,63,2048,0
24,29,3072,0
24,61,4096,0
24,16,5120,0
24,16,6144,0
24,29,8192,0
24,20,10240,0
24,20,12288,0
24,28,13312,0
24,126,16384,0
24,28,18432,0
24,27,20480,0
16,63,1024,1024
16,29,2048,1024
16,61,3072,1024
16,16,4096,1024
16,16,5120,1024
16,29,7168,1024
16,20,9216,1024
16,20,11264,1024
16,28,12288,1024
16,126,15360,1024
16,28,17408,1024
16,27,19456,1024
16,33,20480,1024
63,29,1024,2048
63,61,2048,2048
63,16,3072,2048
63,16,4096,2048
63,29,6144,2048
63,20,8192,2048
63,20,10240,2048
63,28,11264,2048
63,126,14336,2048
63,28,16384,2048
63,27,18432,2048
63,33,19456,2048
29,61,1024,3072
29,16,2048,3072
29,16,3072,3072
29,29,5120,3072
29,20,7168,3072
29,20,9216,3072
29,28,10240,3072
29,126,13312,3072
29,28,15360,3072
29,27,17408,3072
29,33,18432,3072
29,28,20480,3072
61,16,1024,4096
61,16,2048,4096
61,29,4096,4096
61,20,6144,4096
61,20,8192,4096
61,28,9216,4096
61,126,12288,4096
61,28,14336,4096
61,27,16384,4096
61,33,17408,4096
61,28,19456,4096
16,16,1024,5120
16,29,3072,5120
16,20,5120,5120
16,20,7168,5120
16,28,8192,5120
16,126,11264,5120
16,28,13312,5120
16,27,15360,5120
16,33,16384,5120
16,28,18432,5120
16,29,2048,6144
16,20,4096,6144
16,20,6144,6144
16,28,7168,6144
16,126,10240,6144
16,28,12288,6144
16,27,14336,6144
16,33,15360,6144
16,28,17408,6144
16,16,20480,6144
29,20,2048,8192
29,20,4096,8192
29,28,5120,8192
29,126,8192,8192
29,28,10240,8192
29,27,12288,8192
29,33,13312,8192
29,28,15360,8192
29,16,18432,8192
29,28,20480,8192
20,20,2048,10240
20,28,3072,10240
20,126,6144,10240
20,28,8192,10240
20,27,10240,10240
20,33,11264,10240
20,28,13312,10240
20,16,16384,10240
20,28,18432,10240
20,20,20480,10240
20,28,1024,12288
20,126,4096,12288
20,28,6144,12288
20,27,8192,12288
20,33,9216,12288
20,28,11264,12288
20,16,14336,12288
20,28,16384,12288
20,20,18432,12288
20,41,20480,12288
28,126,3072,13312
28,28,5120,13312
28,27,7168,13312
28,33,8192,13312
28,28,10240,13312
28,16,13312,13312
28,28,15360,13312
28,20,17408,13312
28,41,19456,13312
28,28,20480,13312
126,28,2048,16384
126,27,4096,16384
126,33,5120,16384
126,28,7168,16384
126,16,10240,16384
126,28,12288,16384
126,20,14336,16384
126,41,16384,16384
126,28,17408,16384
126,15,18432,16384
126,24,20480,16384
28,27,2048,18432
28,33,3072,18432
28,28,5120,18432
28,16,8192,18432
28,28,10240,18432
28,20,12288,18432
28,41,14336,18432
28,28,15360,18432
28,15,16384,18432
28,24,18432,18432
28,27,20480,18432
27,33,1024,20480
27,28,3072,20480
27,16,6144,20480
27,28,8192,20480
27,20,10240,20480
27,41,12288,20480
27,28,13312,20480
27,15,14336,20480
27,24,16384,20480
27,27,18432,20480
27,24,19456,20480
27,24,20480,20480
33,28,2048,21504
33,16,5120,21504
33,28,7168,21504
33,20,9216,21504
33,41,11264,21504
33,28,12288,21504
33,15,13312,21504
33,24,15360,21504
33,27,17408,21504
33,24,18432,21504
33,24,19456,21504
33,32,20480,21504
28,16,3072,23552
28,28,5120,23552
28,20,7168,23552
28,41,9216,23552
28,28,10240,23552
28,15,11264,23552
28,24,13312,23552
28,27,15360,23552
28,24,16384,23552
28,24,17408,23552
28,32,18432,23552
28,61,20480,23552
16,28,2048,26624
16,20,4096,26624
16,41,6144,26624
16,28,7168,26624
16,15,8192,26624
16,24,10240,26624
16,27,12288,26624
16,24,13312,26624
16,24,14336,26624
16,32,15360,26624
16,61,17408,26624
16,15,18432,26624
16,68,20480,26624
28,20,2048,28672
28,41,4096,28672
28,28,5120,28672
28,15,6144,28672
28,24,8192,28672
28,27,10240,28672
28,24,11264,28672
28,24,12288,28672
28,32,13312,28672
28,61,15360,28672
28,15,16384,28672
28,68,18432,28672
20,41,2048,30720
20,28,3072,30720
20,15,4096,30720
20,24,6144,30720
20,27,8192,30720
20,24,9216,30720
20,24,10240,30720
20,32,11264,30720
20,61,13312,30720
20,15,14336,30720
20,68,16384,30720
20,15,19456,30720
41,28,1024,32768
41,15,2048,32768
41,24,4096,32768
41,27,6144,32768
41,24,7168,32768
41,24,8192,32768
41,32,9216,32768
41,61,11264,32768
41,15,12288,32768
41,68,14336,32768
41,15,17408,32768
28,15,1024,33792
28,24,3072,33792
28,27,5120,33792
28,24,6144,33792
28,24,7168,33792
28,32,8192,33792
28,61,10240,33792
28,15,11264,33792
28,68,13312,33792
28,15,16384,33792
15,24,2048,34816
15,27,4096,34816
15,24,5120,34816
15,24,6144,34816
15,32,7168,34816
15,61,9216,34816
15,15,10240,34816
15,68,12288,34816
15,15,15360,34816
15,41,20480,34816
24,27,2048,36864
24,24,3072,36864
24,24,4096,36864
24,32,5120,36864
24,61,7168,36864
24,15,8192,36864
24,68,10240,36864
24,15,13312,36864
24,41,18432,36864
24,24,19456,36864
24,24,20480,36864
27,24,1024,38912
27,24,2048,38912
27,32,3072,38912
27,61,5120,38912
27,15,6144,38912
27,68,8192,38912
27,15,11264,38912
27,41,16384,38912
27,24,17408,38912
27,24,18432,38912
27,24,20480,38912
24,24,1024,39936
24,32,2048,39936
24,61,4096,39936
24,15,5120,39936
24,68,7168,39936
24,15,10240,39936
24,41,15360,39936
24,24,16384,39936
24,24,17408,39936
24,24,19456,39936
24,27,20480,39936
24,32,1024,40960
24,61,3072,40960
24,15,4096,40960
24,68,6144,40960
24,15,9216,40960
24,41,14336,40960
24,24,15360,40960
24,24,16384,40960
24,24,18432,40960
24,27,19456,40960
24,13,20480,40960
32,61,2048,41984
32,15,3072,41984
32,68,5120,41984
32,15,8192,41984
32,41,13312,41984
32,24,14336,41984
32,24,15360,41984
32,24,17408,41984
32,27,18432,41984
32,13,19456,41984
61,15,1024,44032
61,68,3072,44032
61,15,6144,44032
61,41,11264,44032
61,24,12288,44032
61,24,13312,44032
61,24,15360,44032
61,27,16384,44032
61,13,17408,44032
15,68,2048,45056
15,15,5120,45056
15,41,10240,45056
15,24,11264,45056
15,24,12288,45056
15,24,14336,45056
15,27,15360,45056
15,13,16384,45056
15,32,20480,45056
68,15,3072,47104
68,41,8192,47104
68,24,9216,47104
68,24,10240,47104
68,24,12288,47104
68,27,13312,47104
68,13,14336,47104
68,32,18432,47104
68,15,19456,47104
68,20,20480,47104
15,41,5120,50176
15,24,6144,50176
15,24,7168,50176
15,24,9216,50176
15,27,10240,50176
15,13,11264,50176
15,32,15360,50176
15,15,16384,50176
15,20,17408,50176
15,20,20480,50176
41,24,1024,55296
41,24,2048,55296
41,24,4096,55296
41,27,5120,55296
41,13,6144,55296
41,32,10240,55296
41,15,11264,55296
41,20,12288,55296
41,20,15360,55296
41,52,19456,55296
41,19,20480,55296
24,24,1024,56320
24,24,3072,56320
24,27,4096,56320
24,13,5120,56320
24,32,9216,56320
24,15,10240,56320
24,20,11264,56320
24,20,14336,56320
24,52,18432,56320
24,19,19456,56320
24,23,20480,56320
24,24,2048,57344
24,27,3072,57344
24,13,4096,57344
24,32,8192,57344
24,15,9216,57344
24,20,10240,57344
24,20,13312,57344
24,52,17408,57344
24,19,18432,57344
24,23,19456,57344
24,24,20480,57344
24,27,1024,59392
24,13,2048,59392
24,32,6144,59392
24,15,7168,59392
24,20,8192,59392
24,20,11264,59392
24,52,15360,59392
24,19,16384,59392
24,23,17408,59392
24,24,18432,59392
24,27,20480,59392
27,13,1024,60416
27,32,5120,60416
27,15,6144,60416
27,20,7168,60416
27,20,10240,60416
27,52,14336,60416
27,19,15360,60416
27,23,16384,60416
27,24,17408,60416
27,27,19456,60416
27,24,20480,60416
13,32,4096,61440
13,15,5120,61440
13,20,6144,61440
13,20,9216,61440
13,52,13312,61440
13,19,14336,61440
13,23,15360,61440
13,24,16384,61440
13,27,18432,61440
13,24,19456,61440
13,24,20480,61440
32,15,1024,65536
32,20,2048,65536
32,20,5120,65536
32,52,9216,65536
32,19,10240,65536
32,23,11264,65536
32,24,12288,65536
32,27,14336,65536
32,24,15360,65536
32,24,16384,65536
32,371,18432,65536
32,32,20480,65536
15,20,1024,66560
15,20,4096,66560
15,52,8192,66560
15,19,9216,66560
15,23,10240,66560
15,24,11264,66560
15,27,13312,66560
15,24,14336,66560
15,24,15360,66560
15,371,17408,66560
15,32,19456,66560
15,15,20480,66560
20,20,3072,67584
20,52,7168,67584
20,19,8192,67584
20,23,9216,67584
20,24,10240,67584
20,27,12288,67584
20,24,13312,67584
20,24,14336,67584
20,371,16384,67584
20,32,18432,67584
20,15,19456,67584
20,52,4096,70656
20,19,5120,70656
20,23,6144,70656
20,24,7168,70656
20,27,9216,70656
20,24,10240,70656
20,24,11264,70656
20,371,13312,70656
20,32,15360,70656
20,15,16384,70656
20,41,20480,70656
52,19,1024,74752
52,23,2048,74752
52,24,3072,74752
52,27,5120,74752
52,24,6144,74752
52,24,7168,74752
52,371,9216,74752
52,32,11264,74752
52,15,12288,74752
52,41,16384,74752
19,23,1024,75776
19,24,2048,75776
19,27,4096,75776
19,24,5120,75776
19,24,6144,75776
19,371,8192,75776
19,32,10240,75776
19,15,11264,75776
19,41,15360,75776
19,20,20480,75776
23,24,1024,76800
23,27,3072,76800
23,24,4096,76800
23,24,5120,76800
23,371,7168,76800
23,32,9216,76800
23,15,10240,76800
23,41,14336,76800
23,20,19456,76800
23,24,20480,76800
24,27,2048,77824
24,24,3072,77824
24,24,4096,77824
24,371,6144,77824
24,32,8192,77824
24,15,9216,77824
24,41,13312,77824
24,20,18432,77824
24,24,19456,77824
24,24,20480,77824
27,24,1024,79872
27,24,2048,79872
27,371,4096,79872
27,32,6144,79872
27,15,7168,79872
27,41,11264,79872
27,20,16384,79872
27,24,17408,79872
27,24,18432,79872
24,24,1024,80896
24,371,3072,80896
24,32,5120,80896
24,15,6144,80896
24,41,10240,80896
24,20,15360,80896
24,24,16384,80896
24,24,17408,80896
24,27,20480,80896
24,371,2048,81920
24,32,4096,81920
24,15,5120,81920
24,41,9216,81920
24,20,14336,81920
24,24,15360,81920
24,24,16384,81920
24,27,19456,81920
24,119,20480,81920
371,32,2048,83968
371,15,3072,83968
371,41,7168,83968
371,20,12288,83968
371,24,13312,83968
371,24,14336,83968
371,27,17408,83968
371,119,18432,83968
32,15,1024,86016
32,41,5120,86016
32,20,10240,86016
32,24,11264,86016
32,24,12288,86016
32,27,15360,86016
32,119,16384,86016
32,16,20480,86016
15,41,4096,87040
15,20,9216,87040
15,24,10240,87040
15,24,11264,87040
15,27,14336,87040
15,119,15360,87040
15,16,19456,87040
15,14,20480,87040
41,20,5120,91136
41,24,6144,91136
41,24,7168,91136
41,27,10240,91136
41,119,11264,91136
41,16,15360,91136
41,14,16384,91136
41,41,20480,91136
20,24,1024,96256
20,24,2048,96256
20,27,5120,96256
20,119,6144,96256
20,16,10240,96256
20,14,11264,96256
20,41,15360,96256
20,20,17408,96256
20,29,18432,96256
24,24,1024,97280
24,27,4096,97280
24,119,5120,97280
24,16,9216,97280
24,14,10240,97280
24,41,14336,97280
24,20,16384,97280
24,29,17408,97280
24,24,20480,97280
24,27,3072,98304
24,119,4096,98304
24,16,8192,98304
24,14,9216,98304
24,41,13312,98304
24,20,15360,98304
24,29,16384,98304
24,24,19456,98304
27,119,1024,101376
27,16,5120,101376
27,14,6144,101376
27,41,10240,101376
27,20,12288,101376
27,29,13312,101376
27,24,16384,101376
27,27,18432,101376
27,24,20480,101376
119,16,4096,102400
119,14,5120,102400
119,41,9216,102400
119,20,11264,102400
119,29,12288,102400
119,24,15360,102400
119,27,17408,102400
119,24,19456,102400
119,33,20480,102400
16,14,1024,106496
16,41,5120,106496
16,20,7168,106496
16,29,8192,106496
16,24,11264,106496
16,27,13312,106496
16,24,15360,106496
16,33,16384,106496
16,30,20480,106496
14,41,4096,107520
14,20,6144,107520
14,29,7168,107520
14,24,10240,107520
14,27,12288,107520
14,24,14336,107520
14,33,15360,107520
14,30,19456,107520
41,20,2048,111616
41,29,3072,111616
41,24,6144,111616
41,27,8192,111616
41,24,10240,111616
41,33,11264,111616
41,30,15360,111616
41,29,18432,111616
41,38,19456,111616
20,29,1024,113664
20,24,4096,113664
20,27,6144,113664
20,24,8192,113664
20,33,9216,113664
20,30,13312,113664
20,29,16384,113664
20,38,17408,113664
20,28,20480,113664
29,24,3072,114688
29,27,5120,114688
29,24,7168,114688
29,33,8192,114688
29,30,12288,114688
29,29,15360,114688
29,38,16384,114688
29,28,19456,114688
29,20,20480,114688
24,27,2048,117760
24,24,4096,117760
24,33,5120,117760
24,30,9216,117760
24,29,12288,117760
24,38,13312,117760
24,28,16384,117760
24,20,17408,117760
27,24,2048,119808
27,33,3072,119808
27,30,7168,119808
27,29,10240,119808
27,38,11264,119808
27,28,14336,119808
27,20,15360,119808
24,33,1024,121856
24,30,5120,121856
24,29,8192,121856
24,38,9216,121856
24,28,12288,121856
24,20,13312,121856
33,30,4096,122880
33,29,7168,122880
33,38,8192,122880
33,28,11264,122880
33,20,12288,122880
33,28,20480,122880
30,29,3072,126976
30,38,4096,126976
30,28,7168,126976
30,20,8192,126976
30,28,16384,126976
30,32,17408,126976
30,29,20480,126976
29,38,1024,130048
29,28,4096,130048
29,20,5120,130048
29,28,13312,130048
29,32,14336,130048
29,29,17408,130048
38,28,3072,131072
38,20,4096,131072
38,28,12288,131072
38,32,13312,131072
38,29,16384,131072
38,39,20480,131072
28,20,1024,134144
28,28,9216,134144
28,32,10240,134144
28,29,13312,134144
28,39,17408,134144
20,28,8192,135168
20,32,9216,135168
20,29,12288,135168
20,39,16384,135168
20,20,20480,135168
28,32,1024,143360
28,29,4096,143360
28,39,8192,143360
28,20,12288,143360
28,192,15360,143360
28,31,20480,143360
32,29,3072,144384
32,39,7168,144384
32,20,11264,144384
32,192,14336,144384
32,31,19456,144384
29,39,4096,147456
29,20,8192,147456
29,192,11264,147456
29,31,16384,147456
39,20,4096,151552
39,192,7168,151552
39,31,12288,151552
20,192,3072,155648
20,31,8192,155648
192,31,5120,158720
