73,65,2048,0
73,64,3072,0
73,64,4096,0
73,62,5120,0
73,62,6144,0
73,67,7168,0
73,66,8192,0
73,66,9216,0
73,66,10240,0
73,66,11264,0
73,60,12288,0
73,64,13312,0
73,65,14336,0
73,41,17408,0
65,64,1024,2048
65,64,2048,2048
65,62,3072,2048
65,62,4096,2048
65,67,5120,2048
65,66,6144,2048
65,66,7168,2048
65,66,8192,2048
65,66,9216,2048
65,60,10240,2048
65,64,11264,2048
65,65,12288,2048
65,41,15360,2048
65,53,16384,2048
64,64,1024,3072
64,62,2048,3072
64,62,3072,3072
64,67,4096,3072
64,66,5120,3072
64,66,6144,3072
64,66,7168,3072
64,66,8192,3072
64,60,9216,3072
64,64,10240,3072
64,65,11264,3072
64,41,14336,3072
64,53,15360,3072
64,109,16384,3072
64,62,1024,4096
64,62,2048,4096
64,67,3072,4096
64,66,4096,4096
64,66,5120,4096
64,66,6144,4096
64,66,7168,4096
64,60,8192,4096
64,64,9216,4096
64,65,10240,4096
64,41,13312,4096
64,53,14336,4096
64,109,15360,4096
64,60,16384,4096
62,62,1024,5120
62,67,2048,5120
62,66,3072,5120
62,66,4096,5120
62,66,5120,5120
62,66,6144,5120
62,60,7168,5120
62,64,8192,5120
62,65,9216,5120
62,41,12288,5120
62,53,13312,5120
62,109,14336,5120
62,60,15360,5120
62,109,16384,5120
62,67,1024,6144
62,66,2048,6144
62,66,3072,6144
62,66,4096,6144
62,66,5120,6144
62,60,6144,6144
62,64,7168,6144
62,65,8192,6144
62,41,11264,6144
62,53,12288,6144
62,109,13312,6144
62,60,14336,6144
62,109,15360,6144
62,108,16384,6144
67,66,1024,7168
67,66,2048,7168
67,66,3072,7168
67,66,4096,7168
67,60,5120,7168
67,64,6144,7168
67,65,7168,7168
67,41,10240,7168
67,53,11264,7168
67,109,12288,7168
67,60,13312,7168
67,109,14336,7168
67,108,15360,7168
67,70,16384,7168
66,66,1024,8192
66,66,2048,8192
66,66,3072,8192
66,60,4096,8192
66,64,5120,8192
66,65,6144,8192
66,41,9216,8192
66,53,10240,8192
66,109,11264,8192
66,60,12288,8192
66,109,13312,8192
66,108,14336,8192
66,70,15360,8192
66,79,16384,8192
66,66,1024,9216
66,66,2048,9216
66,60,3072,9216
66,64,4096,9216
66,65,5120,9216
66,41,8192,9216
66,53,9216,9216
66,109,10240,9216
66,60,11264,9216
66,109,12288,9216
66,108,13312,9216
66,70,14336,9216
66,79,15360,9216
66,80,16384,9216
66,66,1024,10240
66,60,2048,10240
66,64,3072,10240
66,65,4096,10240
66,41,7168,10240
66,53,8192,10240
66,109,9216,10240
66,60,10240,10240
66,109,11264,10240
66,108,12288,10240
66,70,13312,10240
66,79,14336,10240
66,80,15360,10240
66,81,16384,10240
66,60,1024,11264
66,64,2048,11264
66,65,3072,11264
66,41,6144,11264
66,53,7168,11264
66,109,8192,11264
66,60,9216,11264
66,109,10240,11264
66,108,11264,11264
66,70,12288,11264
66,79,13312,11264
66,80,14336,11264
66,81,15360,11264
66,82,16384,11264
60,64,1024,12288
60,65,2048,12288
60,41,5120,12288
60,53,6144,12288
60,109,7168,12288
60,60,8192,12288
60,109,9216,12288
60,108,10240,12288
60,70,11264,12288
60,79,12288,12288
60,80,13312,12288
60,81,14336,12288
60,82,15360,12288
60,81,16384,12288
64,65,1024,13312
64,41,4096,13312
64,53,5120,13312
64,109,6144,13312
64,60,7168,13312
64,109,8192,13312
64,108,9216,13312
64,70,10240,13312
64,79,11264,13312
64,80,12288,13312
64,81,13312,13312
64,82,14336,13312
64,81,15360,13312
64,87,16384,13312
65,41,3072,14336
65,53,4096,14336
65,109,5120,14336
65,60,6144,14336
65,109,7168,14336
65,108,8192,14336
65,70,9216,14336
65,79,10240,14336
65,80,11264,14336
65,81,12288,14336
65,82,13312,14336
65,81,14336,14336
65,87,15360,14336
65,81,16384,14336
41,53,1024,17408
41,109,2048,17408
41,60,3072,17408
41,109,4096,17408
41,108,5120,17408
41,70,6144,17408
41,79,7168,17408
41,80,8192,17408
41,81,9216,17408
41,82,10240,17408
41,81,11264,17408
41,87,12288,17408
41,81,13312,17408
41,74,14336,17408
53,109,1024,18432
53,60,2048,18432
53,109,3072,18432
53,108,4096,18432
53,70,5120,18432
53,79,6144,18432
53,80,7168,18432
53,81,8192,18432
53,82,9216,18432
53,81,10240,18432
53,87,11264,18432
53,81,12288,18432
53,74,13312,18432
53,84,14336,18432
109,60,1024,19456
109,109,2048,19456
109,108,3072,19456
109,70,4096,19456
109,79,5120,19456
109,80,6144,19456
109,81,7168,19456
109,82,8192,19456
109,81,9216,19456
109,87,10240,19456
109,81,11264,19456
109,74,12288,19456
109,84,13312,19456
109,74,14336,19456
60,109,1024,20480
60,108,2048,20480
60,70,3072,20480
60,79,4096,20480
60,80,5120,20480
60,81,6144,20480
60,82,7168,20480
60,81,8192,20480
60,87,9216,20480
60,81,10240,20480
60,74,11264,20480
60,84,12288,20480
60,74,13312,20480
60,74,14336,20480
109,108,1024,21504
109,70,2048,21504
109,79,3072,21504
109,80,4096,21504
109,81,5120,21504
109,82,6144,21504
109,81,7168,21504
109,87,8192,21504
109,81,9216,21504
109,74,10240,21504
109,84,11264,21504
109,74,12288,21504
109,74,13312,21504
109,74,14336,21504
108,70,1024,22528
108,79,2048,22528
108,80,3072,22528
108,81,4096,22528
108,82,5120,22528
108,81,6144,22528
108,87,7168,22528
108,81,8192,22528
108,74,9216,22528
108,84,10240,22528
108,74,11264,22528
108,74,12288,22528
108,74,13312,22528
108,74,14336,22528
70,79,1024,23552
70,80,2048,23552
70,81,3072,23552
70,82,4096,23552
70,81,5120,23552
70,87,6144,23552
70,81,7168,23552
70,74,8192,23552
70,84,9216,23552
70,74,10240,23552
70,74,11264,23552
70,74,12288,23552
70,74,13312,23552
70,71,14336,23552
79,80,1024,24576
79,81,2048,24576
79,82,3072,24576
79,81,4096,24576
79,87,5120,24576
79,81,6144,24576
79,74,7168,24576
79,84,8192,24576
79,74,9216,24576
79,74,10240,24576
79,74,11264,24576
79,74,12288,24576
79,71,13312,24576
79,71,14336,24576
80,81,1024,25600
80,82,2048,25600
80,81,3072,25600
80,87,4096,25600
80,81,5120,25600
80,74,6144,25600
80,84,7168,25600
80,74,8192,25600
80,74,9216,25600
80,74,10240,25600
80,74,11264,25600
80,71,12288,25600
80,71,13312,25600
80,71,14336,25600
81,82,1024,26624
81,81,2048,26624
81,87,3072,26624
81,81,4096,26624
81,74,5120,26624
81,84,6144,26624
81,74,7168,26624
81,74,8192,26624
81,74,9216,26624
81,74,10240,26624
81,71,11264,26624
81,71,12288,26624
81,71,13312,26624
81,71,14336,26624
82,81,1024,27648
82,87,2048,27648
82,81,3072,27648
82,74,4096,27648
82,84,5120,27648
82,74,6144,27648
82,74,7168,27648
82,74,8192,27648
82,74,9216,27648
82,71,10240,27648
82,71,11264,27648
82,71,12288,27648
82,71,13312,27648
82,71,14336,27648
81,87,1024,28672
81,81,2048,28672
81,74,3072,28672
81,84,4096,28672
81,74,5120,28672
81,74,6144,28672
81,74,7168,28672
81,74,8192,28672
81,71,9216,28672
81,71,10240,28672
81,71,11264,28672
81,71,12288,28672
81,71,13312,28672
81,74,14336,28672
87,81,1024,29696
87,74,2048,29696
87,84,3072,29696
87,74,4096,29696
87,74,5120,29696
87,74,6144,29696
87,74,7168,29696
87,71,8192,29696
87,71,9216,29696
87,71,10240,29696
87,71,11264,29696
87,71,12288,29696
87,74,13312,29696
87,50,15360,29696
81,74,1024,30720
81,84,2048,30720
81,74,3072,30720
81,74,4096,30720
81,74,5120,30720
81,74,6144,30720
81,71,7168,30720
81,71,8192,30720
81,71,9216,30720
81,71,10240,30720
81,71,11264,30720
81,74,12288,30720
81,50,14336,30720
81,162,15360,30720
74,84,1024,31744
74,74,2048,31744
74,74,3072,31744
74,74,4096,31744
74,74,5120,31744
74,71,6144,31744
74,71,7168,31744
74,71,8192,31744
74,71,9216,31744
74,71,10240,31744
74,74,11264,31744
74,50,13312,31744
74,162,14336,31744
74,80,15360,31744
84,74,1024,32768
84,74,2048,32768
84,74,3072,32768
84,74,4096,32768
84,71,5120,32768
84,71,6144,32768
84,71,7168,32768
84,71,8192,32768
84,71,9216,32768
84,74,10240,32768
84,50,12288,32768
84,162,13312,32768
84,80,14336,32768
84,70,15360,32768
74,74,1024,33792
74,74,2048,33792
74,74,3072,33792
74,71,4096,33792
74,71,5120,33792
74,71,6144,33792
74,71,7168,33792
74,71,8192,33792
74,74,9216,33792
74,50,11264,33792
74,162,12288,33792
74,80,13312,33792
74,70,14336,33792
74,73,15360,33792
74,74,1024,34816
74,74,2048,34816
74,71,3072,34816
74,71,4096,34816
74,71,5120,34816
74,71,6144,34816
74,71,7168,34816
74,74,8192,34816
74,50,10240,34816
74,162,11264,34816
74,80,12288,34816
74,70,13312,34816
74,73,14336,34816
74,74,15360,34816
74,74,1024,35840
74,71,2048,35840
74,71,3072,35840
74,71,4096,35840
74,71,5120,35840
74,71,6144,35840
74,74,7168,35840
74,50,9216,35840
74,162,10240,35840
74,80,11264,35840
74,70,12288,35840
74,73,13312,35840
74,74,14336,35840
74,74,15360,35840
74,71,1024,36864
74,71,2048,36864
74,71,3072,36864
74,71,4096,36864
74,71,5120,36864
74,74,6144,36864
74,50,8192,36864
74,162,9216,36864
74,80,10240,36864
74,70,11264,36864
74,73,12288,36864
74,74,13312,36864
74,74,14336,36864
71,71,1024,37888
71,71,2048,37888
71,71,3072,37888
71,71,4096,37888
71,74,5120,37888
71,50,7168,37888
71,162,8192,37888
71,80,9216,37888
71,70,10240,37888
71,73,11264,37888
71,74,12288,37888
71,74,13312,37888
71,96,20480,37888
71,71,1024,38912
71,71,2048,38912
71,71,3072,38912
71,74,4096,38912
71,50,6144,38912
71,162,7168,38912
71,80,8192,38912
71,70,9216,38912
71,73,10240,38912
71,74,11264,38912
71,74,12288,38912
71,96,19456,38912
71,97,20480,38912
71,71,1024,39936
71,71,2048,39936
71,74,3072,39936
71,50,5120,39936
71,162,6144,39936
71,80,7168,39936
71,70,8192,39936
71,73,9216,39936
71,74,10240,39936
71,74,11264,39936
71,96,18432,39936
71,97,19456,39936
71,97,20480,39936
71,71,1024,40960
71,74,2048,40960
71,50,4096,40960
71,162,5120,40960
71,80,6144,40960
71,70,7168,40960
71,73,8192,40960
71,74,9216,40960
71,74,10240,40960
71,96,17408,40960
71,97,18432,40960
71,97,19456,40960
71,72,20480,40960
71,74,1024,41984
71,50,3072,41984
71,162,4096,41984
71,80,5120,41984
71,70,6144,41984
71,73,7168,41984
71,74,8192,41984
71,74,9216,41984
71,96,16384,41984
71,97,17408,41984
71,97,18432,41984
71,72,19456,41984
71,57,20480,41984
74,50,2048,43008
74,162,3072,43008
74,80,4096,43008
74,70,5120,43008
74,73,6144,43008
74,74,7168,43008
74,74,8192,43008
74,96,15360,43008
74,97,16384,43008
74,97,17408,43008
74,72,18432,43008
74,57,19456,43008
74,72,20480,43008
50,162,1024,45056
50,80,2048,45056
50,70,3072,45056
50,73,4096,45056
50,74,5120,45056
50,74,6144,45056
50,96,13312,45056
50,97,14336,45056
50,97,15360,45056
50,72,16384,45056
50,57,17408,45056
50,72,18432,45056
50,72,19456,45056
50,91,20480,45056
162,80,1024,46080
162,70,2048,46080
162,73,3072,46080
162,74,4096,46080
162,74,5120,46080
162,96,12288,46080
162,97,13312,46080
162,97,14336,46080
162,72,15360,46080
162,57,16384,46080
162,72,17408,46080
162,72,18432,46080
162,91,19456,46080
162,97,20480,46080
80,70,1024,47104
80,73,2048,47104
80,74,3072,47104
80,74,4096,47104
80,96,11264,47104
80,97,12288,47104
80,97,13312,47104
80,72,14336,47104
80,57,15360,47104
80,72,16384,47104
80,72,17408,47104
80,91,18432,47104
80,97,19456,47104
80,99,20480,47104
70,73,1024,48128
70,74,2048,48128
70,74,3072,48128
70,96,10240,48128
70,97,11264,48128
70,97,12288,48128
70,72,13312,48128
70,57,14336,48128
70,72,15360,48128
70,72,16384,48128
70,91,17408,48128
70,97,18432,48128
70,99,19456,48128
70,96,20480,48128
73,74,1024,49152
73,74,2048,49152
73,96,9216,49152
73,97,10240,49152
73,97,11264,49152
73,72,12288,49152
73,57,13312,49152
73,72,14336,49152
73,72,15360,49152
73,91,16384,49152
73,97,17408,49152
73,99,18432,49152
73,96,19456,49152
73,96,20480,49152
74,74,1024,50176
74,96,8192,50176
74,97,9216,50176
74,97,10240,50176
74,72,11264,50176
74,57,12288,50176
74,72,13312,50176
74,72,14336,50176
74,91,15360,50176
74,97,16384,50176
74,99,17408,50176
74,96,18432,50176
74,96,19456,50176
74,98,20480,50176
74,96,7168,51200
74,97,8192,51200
74,97,9216,51200
74,72,10240,51200
74,57,11264,51200
74,72,12288,51200
74,72,13312,51200
74,91,14336,51200
74,97,15360,51200
74,99,16384,51200
74,96,17408,51200
74,96,18432,51200
74,98,19456,51200
74,98,20480,51200
96,97,1024,58368
96,97,2048,58368
96,72,3072,58368
96,57,4096,58368
96,72,5120,58368
96,72,6144,58368
96,91,7168,58368
96,97,8192,58368
96,99,9216,58368
96,96,10240,58368
96,96,11264,58368
96,98,12288,58368
96,98,13312,58368
96,45,14336,58368
97,97,1024,59392
97,72,2048,59392
97,57,3072,59392
97,72,4096,59392
97,72,5120,59392
97,91,6144,59392
97,97,7168,59392
97,99,8192,59392
97,96,9216,59392
97,96,10240,59392
97,98,11264,59392
97,98,12288,59392
97,45,13312,59392
97,149,14336,59392
97,72,1024,60416
97,57,2048,60416
97,72,3072,60416
97,72,4096,60416
97,91,5120,60416
97,97,6144,60416
97,99,7168,60416
97,96,8192,60416
97,96,9216,60416
97,98,10240,60416
97,98,11264,60416
97,45,12288,60416
97,149,13312,60416
97,97,14336,60416
72,57,1024,61440
72,72,2048,61440
72,72,3072,61440
72,91,4096,61440
72,97,5120,61440
72,99,6144,61440
72,96,7168,61440
72,96,8192,61440
72,98,9216,61440
72,98,10240,61440
72,45,11264,61440
72,149,12288,61440
72,97,13312,61440
72,152,14336,61440
57,72,1024,62464
57,72,2048,62464
57,91,3072,62464
57,97,4096,62464
57,99,5120,62464
57,96,6144,62464
57,96,7168,62464
57,98,8192,62464
57,98,9216,62464
57,45,10240,62464
57,149,11264,62464
57,97,12288,62464
57,152,13312,62464
57,69,14336,62464
72,72,1024,63488
72,91,2048,63488
72,97,3072,63488
72,99,4096,63488
72,96,5120,63488
72,96,6144,63488
72,98,7168,63488
72,98,8192,63488
72,45,9216,63488
72,149,10240,63488
72,97,11264,63488
72,152,12288,63488
72,69,13312,63488
72,68,14336,63488
72,91,1024,64512
72,97,2048,64512
72,99,3072,64512
72,96,4096,64512
72,96,5120,64512
72,98,6144,64512
72,98,7168,64512
72,45,8192,64512
72,149,9216,64512
72,97,10240,64512
72,152,11264,64512
72,69,12288,64512
72,68,13312,64512
72,70,14336,64512
91,97,1024,65536
91,99,2048,65536
91,96,3072,65536
91,96,4096,65536
91,98,5120,65536
91,98,6144,65536
91,45,7168,65536
91,149,8192,65536
91,97,9216,65536
91,152,10240,65536
91,69,11264,65536
91,68,12288,65536
91,70,13312,65536
91,73,14336,65536
97,99,1024,66560
97,96,2048,66560
97,96,3072,66560
97,98,4096,66560
97,98,5120,66560
97,45,6144,66560
97,149,7168,66560
97,97,8192,66560
97,152,9216,66560
97,69,10240,66560
97,68,11264,66560
97,70,12288,66560
97,73,13312,66560
97,74,14336,66560
99,96,1024,67584
99,96,2048,67584
99,98,3072,67584
99,98,4096,67584
99,45,5120,67584
99,149,6144,67584
99,97,7168,67584
99,152,8192,67584
99,69,9216,67584
99,68,10240,67584
99,70,11264,67584
99,73,12288,67584
99,74,13312,67584
99,74,14336,67584
96,96,1024,68608
96,98,2048,68608
96,98,3072,68608
96,45,4096,68608
96,149,5120,68608
96,97,6144,68608
96,152,7168,68608
96,69,8192,68608
96,68,9216,68608
96,70,10240,68608
96,73,11264,68608
96,74,12288,68608
96,74,13312,68608
96,43,14336,68608
96,98,1024,69632
96,98,2048,69632
96,45,3072,69632
96,149,4096,69632
96,97,5120,69632
96,152,6144,69632
96,69,7168,69632
96,68,8192,69632
96,70,9216,69632
96,73,10240,69632
96,74,11264,69632
96,74,12288,69632
96,43,13312,69632
96,100,14336,69632
98,98,1024,70656
98,45,2048,70656
98,149,3072,70656
98,97,4096,70656
98,152,5120,70656
98,69,6144,70656
98,68,7168,70656
98,70,8192,70656
98,73,9216,70656
98,74,10240,70656
98,74,11264,70656
98,43,12288,70656
98,100,13312,70656
98,70,14336,70656
98,45,1024,71680
98,149,2048,71680
98,97,3072,71680
98,152,4096,71680
98,69,5120,71680
98,68,6144,71680
98,70,7168,71680
98,73,8192,71680
98,74,9216,71680
98,74,10240,71680
98,43,11264,71680
98,100,12288,71680
98,70,13312,71680
98,153,14336,71680
45,149,1024,72704
45,97,2048,72704
45,152,3072,72704
45,69,4096,72704
45,68,5120,72704
45,70,6144,72704
45,73,7168,72704
45,74,8192,72704
45,74,9216,72704
45,43,10240,72704
45,100,11264,72704
45,70,12288,72704
45,153,13312,72704
45,343,14336,72704
149,97,1024,73728
149,152,2048,73728
149,69,3072,73728
149,68,4096,73728
149,70,5120,73728
149,73,6144,73728
149,74,7168,73728
149,74,8192,73728
149,43,9216,73728
149,100,10240,73728
149,70,11264,73728
149,153,12288,73728
149,343,13312,73728
149,349,14336,73728
97,152,1024,74752
97,69,2048,74752
97,68,3072,74752
97,70,4096,74752
97,73,5120,74752
97,74,6144,74752
97,74,7168,74752
97,43,8192,74752
97,100,9216,74752
97,70,10240,74752
97,153,11264,74752
97,343,12288,74752
97,349,13312,74752
97,238,14336,74752
152,69,1024,75776
152,68,2048,75776
152,70,3072,75776
152,73,4096,75776
152,74,5120,75776
152,74,6144,75776
152,43,7168,75776
152,100,8192,75776
152,70,9216,75776
152,153,10240,75776
152,343,11264,75776
152,349,12288,75776
152,238,13312,75776
152,332,14336,75776
69,68,1024,76800
69,70,2048,76800
69,73,3072,76800
69,74,4096,76800
69,74,5120,76800
69,43,6144,76800
69,100,7168,76800
69,70,8192,76800
69,153,9216,76800
69,343,10240,76800
69,349,11264,76800
69,238,12288,76800
69,332,13312,76800
69,146,14336,76800
68,70,1024,77824
68,73,2048,77824
68,74,3072,77824
68,74,4096,77824
68,43,5120,77824
68,100,6144,77824
68,70,7168,77824
68,153,8192,77824
68,343,9216,77824
68,349,10240,77824
68,238,11264,77824
68,332,12288,77824
68,146,13312,77824
68,74,14336,77824
70,73,1024,78848
70,74,2048,78848
70,74,3072,78848
70,43,4096,78848
70,100,5120,78848
70,70,6144,78848
70,153,7168,78848
70,343,8192,78848
70,349,9216,78848
70,238,10240,78848
70,332,11264,78848
70,146,12288,78848
70,74,13312,78848
70,143,14336,78848
73,74,1024,79872
73,74,2048,79872
73,43,3072,79872
73,100,4096,79872
73,70,5120,79872
73,153,6144,79872
73,343,7168,79872
73,349,8192,79872
73,238,9216,79872
73,332,10240,79872
73,146,11264,79872
73,74,12288,79872
73,143,13312,79872
73,65,14336,79872
74,74,1024,80896
74,43,2048,80896
74,100,3072,80896
74,70,4096,80896
74,153,5120,80896
74,343,6144,80896
74,349,7168,80896
74,238,8192,80896
74,332,9216,80896
74,146,10240,80896
74,74,11264,80896
74,143,12288,80896
74,65,13312,80896
74,125,14336,80896
74,43,1024,81920
74,100,2048,81920
74,70,3072,81920
74,153,4096,81920
74,343,5120,81920
74,349,6144,81920
74,238,7168,81920
74,332,8192,81920
74,146,9216,81920
74,74,10240,81920
74,143,11264,81920
74,65,12288,81920
74,125,13312,81920
74,125,14336,81920
43,100,1024,82944
43,70,2048,82944
43,153,3072,82944
43,343,4096,82944
43,349,5120,82944
43,238,6144,82944
43,332,7168,82944
43,146,8192,82944
43,74,9216,82944
43,143,10240,82944
43,65,11264,82944
43,125,12288,82944
43,125,13312,82944
43,124,14336,82944
100,70,1024,83968
100,153,2048,83968
100,343,3072,83968
100,349,4096,83968
100,238,5120,83968
100,332,6144,83968
100,146,7168,83968
100,74,8192,83968
100,143,9216,83968
100,65,10240,83968
100,125,11264,83968
100,125,12288,83968
100,124,13312,83968
100,82,15360,83968
70,153,1024,84992
70,343,2048,84992
70,349,3072,84992
70,238,4096,84992
70,332,5120,84992
70,146,6144,84992
70,74,7168,84992
70,143,8192,84992
70,65,9216,84992
70,125,10240,84992
70,125,11264,84992
70,124,12288,84992
70,82,14336,84992
70,97,16384,84992
153,343,1024,86016
153,349,2048,86016
153,238,3072,86016
153,332,4096,86016
153,146,5120,86016
153,74,6144,86016
153,143,7168,86016
153,65,8192,86016
153,125,9216,86016
153,125,10240,86016
153,124,11264,86016
153,82,13312,86016
153,97,15360,86016
153,41,18432,86016
343,349,1024,87040
343,238,2048,87040
343,332,3072,87040
343,146,4096,87040
343,74,5120,87040
343,143,6144,87040
343,65,7168,87040
343,125,8192,87040
343,125,9216,87040
343,124,10240,87040
343,82,12288,87040
343,97,14336,87040
343,41,17408,87040
343,49,19456,87040
349,238,1024,88064
349,332,2048,88064
349,146,3072,88064
349,74,4096,88064
349,143,5120,88064
349,65,6144,88064
349,125,7168,88064
349,125,8192,88064
349,124,9216,88064
349,82,11264,88064
349,97,13312,88064
349,41,16384,88064
349,49,18432,88064
349,27,19456,88064
238,332,1024,89088
238,146,2048,89088
238,74,3072,89088
238,143,4096,89088
238,65,5120,89088
238,125,6144,89088
238,125,7168,89088
238,124,8192,89088
238,82,10240,89088
238,97,12288,89088
238,41,15360,89088
238,49,17408,89088
238,27,18432,89088
238,55,19456,89088
332,146,1024,90112
332,74,2048,90112
332,143,3072,90112
332,65,4096,90112
332,125,5120,90112
332,125,6144,90112
332,124,7168,90112
332,82,9216,90112
332,97,11264,90112
332,41,14336,90112
332,49,16384,90112
332,27,17408,90112
332,55,18432,90112
332,127,19456,90112
146,74,1024,91136
146,143,2048,91136
146,65,3072,91136
146,125,4096,91136
146,125,5120,91136
146,124,6144,91136
146,82,8192,91136
146,97,10240,91136
146,41,13312,91136
146,49,15360,91136
146,27,16384,91136
146,55,17408,91136
146,127,18432,91136
146,92,19456,91136
74,143,1024,92160
74,65,2048,92160
74,125,3072,92160
74,125,4096,92160
74,124,5120,92160
74,82,7168,92160
74,97,9216,92160
74,41,12288,92160
74,49,14336,92160
74,27,15360,92160
74,55,16384,92160
74,127,17408,92160
74,92,18432,92160
74,144,19456,92160
143,65,1024,93184
143,125,2048,93184
143,125,3072,93184
143,124,4096,93184
143,82,6144,93184
143,97,8192,93184
143,41,11264,93184
143,49,13312,93184
143,27,14336,93184
143,55,15360,93184
143,127,16384,93184
143,92,17408,93184
143,144,18432,93184
143,162,19456,93184
65,125,1024,94208
65,125,2048,94208
65,124,3072,94208
65,82,5120,94208
65,97,7168,94208
65,41,10240,94208
65,49,12288,94208
65,27,13312,94208
65,55,14336,94208
65,127,15360,94208
65,92,16384,94208
65,144,17408,94208
65,162,18432,94208
65,162,19456,94208
125,125,1024,95232
125,124,2048,95232
125,82,4096,95232
125,97,6144,95232
125,41,9216,95232
125,49,11264,95232
125,27,12288,95232
125,55,13312,95232
125,127,14336,95232
125,92,15360,95232
125,144,16384,95232
125,162,17408,95232
125,162,18432,95232
125,161,19456,95232
125,124,1024,96256
125,82,3072,96256
125,97,5120,96256
125,41,8192,96256
125,49,10240,96256
125,27,11264,96256
125,55,12288,96256
125,127,13312,96256
125,92,14336,96256
125,144,15360,96256
125,162,16384,96256
125,162,17408,96256
125,161,18432,96256
125,323,19456,96256
124,82,2048,97280
124,97,4096,97280
124,41,7168,97280
124,49,9216,97280
124,27,10240,97280
124,55,11264,97280
124,127,12288,97280
124,92,13312,97280
124,144,14336,97280
124,162,15360,97280
124,162,16384,97280
124,161,17408,97280
124,323,18432,97280
124,41,19456,97280
82,97,2048,99328
82,41,5120,99328
82,49,7168,99328
82,27,8192,99328
82,55,9216,99328
82,127,10240,99328
82,92,11264,99328
82,144,12288,99328
82,162,13312,99328
82,162,14336,99328
82,161,15360,99328
82,323,16384,99328
82,41,17408,99328
82,133,19456,99328
97,41,3072,101376
97,49,5120,101376
97,27,6144,101376
97,55,7168,101376
97,127,8192,101376
97,92,9216,101376
97,144,10240,101376
97,162,11264,101376
97,162,12288,101376
97,161,13312,101376
97,323,14336,101376
97,41,15360,101376
97,133,17408,101376
97,147,18432,101376
41,49,2048,104448
41,27,3072,104448
41,55,4096,104448
41,127,5120,104448
41,92,6144,104448
41,144,7168,104448
41,162,8192,104448
41,162,9216,104448
41,161,10240,104448
41,323,11264,104448
41,41,12288,104448
41,133,14336,104448
41,147,15360,104448
41,147,16384,104448
49,27,1024,106496
49,55,2048,106496
49,127,3072,106496
49,92,4096,106496
49,144,5120,106496
49,162,6144,106496
49,162,7168,106496
49,161,8192,106496
49,323,9216,106496
49,41,10240,106496
49,133,12288,106496
49,147,13312,106496
49,147,14336,106496
49,146,15360,106496
27,55,1024,107520
27,127,2048,107520
27,92,3072,107520
27,144,4096,107520
27,162,5120,107520
27,162,6144,107520
27,161,7168,107520
27,323,8192,107520
27,41,9216,107520
27,133,11264,107520
27,147,12288,107520
27,147,13312,107520
27,146,14336,107520
27,147,15360,107520
55,127,1024,108544
55,92,2048,108544
55,144,3072,108544
55,162,4096,108544
55,162,5120,108544
55,161,6144,108544
55,323,7168,108544
55,41,8192,108544
55,133,10240,108544
55,147,11264,108544
55,147,12288,108544
55,146,13312,108544
55,147,14336,108544
55,147,15360,108544
127,92,1024,109568
127,144,2048,109568
127,162,3072,109568
127,162,4096,109568
127,161,5120,109568
127,323,6144,109568
127,41,7168,109568
127,133,9216,109568
127,147,10240,109568
127,147,11264,109568
127,146,12288,109568
127,147,13312,109568
127,147,14336,109568
127,147,15360,109568
92,144,1024,110592
92,162,2048,110592
92,162,3072,110592
92,161,4096,110592
92,323,5120,110592
92,41,6144,110592
92,133,8192,110592
92,147,9216,110592
92,147,10240,110592
92,146,11264,110592
92,147,12288,110592
92,147,13312,110592
92,147,14336,110592
92,142,15360,110592
144,162,1024,111616
144,162,2048,111616
144,161,3072,111616
144,323,4096,111616
144,41,5120,111616
144,133,7168,111616
144,147,8192,111616
144,147,9216,111616
144,146,10240,111616
144,147,11264,111616
144,147,12288,111616
144,147,13312,111616
144,142,14336,111616
144,143,15360,111616
162,162,1024,112640
162,161,2048,112640
162,323,3072,112640
162,41,4096,112640
162,133,6144,112640
162,147,7168,112640
162,147,8192,112640
162,146,9216,112640
162,147,10240,112640
162,147,11264,112640
162,147,12288,112640
162,142,13312,112640
162,143,14336,112640
162,129,15360,112640
162,161,1024,113664
162,323,2048,113664
162,41,3072,113664
162,133,5120,113664
162,147,6144,113664
162,147,7168,113664
162,146,8192,113664
162,147,9216,113664
162,147,10240,113664
162,147,11264,113664
162,142,12288,113664
162,143,13312,113664
162,129,14336,113664
162,41,15360,113664
161,323,1024,114688
161,41,2048,114688
161,133,4096,114688
161,147,5120,114688
161,147,6144,114688
161,146,7168,114688
161,147,8192,114688
161,147,9216,114688
161,147,10240,114688
161,142,11264,114688
161,143,12288,114688
161,129,13312,114688
161,41,14336,114688
161,56,15360,114688
323,41,1024,115712
323,133,3072,115712
323,147,4096,115712
323,147,5120,115712
323,146,6144,115712
323,147,7168,115712
323,147,8192,115712
323,147,9216,115712
323,142,10240,115712
323,143,11264,115712
323,129,12288,115712
323,41,13312,115712
323,56,14336,115712
323,55,15360,115712
41,133,2048,116736
41,147,3072,116736
41,147,4096,116736
41,146,5120,116736
41,147,6144,116736
41,147,7168,116736
41,147,8192,116736
41,142,9216,116736
41,143,10240,116736
41,129,11264,116736
41,41,12288,116736
41,56,13312,116736
41,55,14336,116736
41,55,15360,116736
133,147,1024,118784
133,147,2048,118784
133,146,3072,118784
133,147,4096,118784
133,147,5120,118784
133,147,6144,118784
133,142,7168,118784
133,143,8192,118784
133,129,9216,118784
133,41,10240,118784
133,56,11264,118784
133,55,12288,118784
133,55,13312,118784
133,55,14336,118784
147,147,1024,119808
147,146,2048,119808
147,147,3072,119808
147,147,4096,119808
147,147,5120,119808
147,142,6144,119808
147,143,7168,119808
147,129,8192,119808
147,41,9216,119808
147,56,10240,119808
147,55,11264,119808
147,55,12288,119808
147,55,13312,119808
147,49,14336,119808
147,146,1024,120832
147,147,2048,120832
147,147,3072,120832
147,147,4096,120832
147,142,5120,120832
147,143,6144,120832
147,129,7168,120832
147,41,8192,120832
147,56,9216,120832
147,55,10240,120832
147,55,11264,120832
147,55,12288,120832
147,49,13312,120832
147,56,14336,120832
146,147,1024,121856
146,147,2048,121856
146,147,3072,121856
146,142,4096,121856
146,143,5120,121856
146,129,6144,121856
146,41,7168,121856
146,56,8192,121856
146,55,9216,121856
146,55,10240,121856
146,55,11264,121856
146,49,12288,121856
146,56,13312,121856
146,60,14336,121856
147,147,1024,122880
147,147,2048,122880
147,142,3072,122880
147,143,4096,122880
147,129,5120,122880
147,41,6144,122880
147,56,7168,122880
147,55,8192,122880
147,55,9216,122880
147,55,10240,122880
147,49,11264,122880
147,56,12288,122880
147,60,13312,122880
147,61,14336,122880
147,147,1024,123904
147,142,2048,123904
147,143,3072,123904
147,129,4096,123904
147,41,5120,123904
147,56,6144,123904
147,55,7168,123904
147,55,8192,123904
147,55,9216,123904
147,49,10240,123904
147,56,11264,123904
147,60,12288,123904
147,61,13312,123904
147,62,14336,123904
147,142,1024,124928
147,143,2048,124928
147,129,3072,124928
147,41,4096,124928
147,56,5120,124928
147,55,6144,124928
147,55,7168,124928
147,55,8192,124928
147,49,9216,124928
147,56,10240,124928
147,60,11264,124928
147,61,12288,124928
147,62,13312,124928
147,61,14336,124928
142,143,1024,125952
142,129,2048,125952
142,41,3072,125952
142,56,4096,125952
142,55,5120,125952
142,55,6144,125952
142,55,7168,125952
142,49,8192,125952
142,56,9216,125952
142,60,10240,125952
142,61,11264,125952
142,62,12288,125952
142,61,13312,125952
142,59,14336,125952
143,129,1024,126976
143,41,2048,126976
143,56,3072,126976
143,55,4096,126976
143,55,5120,126976
143,55,6144,126976
143,49,7168,126976
143,56,8192,126976
143,60,9216,126976
143,61,10240,126976
143,62,11264,126976
143,61,12288,126976
143,59,13312,126976
143,61,14336,126976
129,41,1024,128000
129,56,2048,128000
129,55,3072,128000
129,55,4096,128000
129,55,5120,128000
129,49,6144,128000
129,56,7168,128000
129,60,8192,128000
129,61,9216,128000
129,62,10240,128000
129,61,11264,128000
129,59,12288,128000
129,61,13312,128000
129,187,14336,128000
41,56,1024,129024
41,55,2048,129024
41,55,3072,129024
41,55,4096,129024
41,49,5120,129024
41,56,6144,129024
41,60,7168,129024
41,61,8192,129024
41,62,9216,129024
41,61,10240,129024
41,59,11264,129024
41,61,12288,129024
41,187,13312,129024
41,180,14336,129024
56,55,1024,130048
56,55,2048,130048
56,55,3072,130048
56,49,4096,130048
56,56,5120,130048
56,60,6144,130048
56,61,7168,130048
56,62,8192,130048
56,61,9216,130048
56,59,10240,130048
56,61,11264,130048
56,187,12288,130048
56,180,13312,130048
56,162,14336,130048
55,55,1024,131072
55,55,2048,131072
55,49,3072,131072
55,56,4096,131072
55,60,5120,131072
55,61,6144,131072
55,62,7168,131072
55,61,8192,131072
55,59,9216,131072
55,61,10240,131072
55,187,11264,131072
55,180,12288,131072
55,162,13312,131072
55,165,14336,131072
55,55,1024,132096
55,49,2048,132096
55,56,3072,132096
55,60,4096,132096
55,61,5120,132096
55,62,6144,132096
55,61,7168,132096
55,59,8192,132096
55,61,9216,132096
55,187,10240,132096
55,180,11264,132096
55,162,12288,132096
55,165,13312,132096
55,183,14336,132096
55,49,1024,133120
55,56,2048,133120
55,60,3072,133120
55,61,4096,133120
55,62,5120,133120
55,61,6144,133120
55,59,7168,133120
55,61,8192,133120
55,187,9216,133120
55,180,10240,133120
55,162,11264,133120
55,165,12288,133120
55,183,13312,133120
55,91,14336,133120
49,56,1024,134144
49,60,2048,134144
49,61,3072,134144
49,62,4096,134144
49,61,5120,134144
49,59,6144,134144
49,61,7168,134144
49,187,8192,134144
49,180,9216,134144
49,162,10240,134144
49,165,11264,134144
49,183,12288,134144
49,91,13312,134144
49,107,14336,134144
56,60,1024,135168
56,61,2048,135168
56,62,3072,135168
56,61,4096,135168
56,59,5120,135168
56,61,6144,135168
56,187,7168,135168
56,180,8192,135168
56,162,9216,135168
56,165,10240,135168
56,183,11264,135168
56,91,12288,135168
56,107,13312,135168
56,430,14336,135168
60,61,1024,136192
60,62,2048,136192
60,61,3072,136192
60,59,4096,136192
60,61,5120,136192
60,187,6144,136192
60,180,7168,136192
60,162,8192,136192
60,165,9216,136192
60,183,10240,136192
60,91,11264,136192
60,107,12288,136192
60,430,13312,136192
60,434,14336,136192
61,62,1024,137216
61,61,2048,137216
61,59,3072,137216
61,61,4096,137216
61,187,5120,137216
61,180,6144,137216
61,162,7168,137216
61,165,8192,137216
61,183,9216,137216
61,91,10240,137216
61,107,11264,137216
61,430,12288,137216
61,434,13312,137216
61,194,14336,137216
62,61,1024,138240
62,59,2048,138240
62,61,3072,138240
62,187,4096,138240
62,180,5120,138240
62,162,6144,138240
62,165,7168,138240
62,183,8192,138240
62,91,9216,138240
62,107,10240,138240
62,430,11264,138240
62,434,12288,138240
62,194,13312,138240
62,193,14336,138240
61,59,1024,139264
61,61,2048,139264
61,187,3072,139264
61,180,4096,139264
61,162,5120,139264
61,165,6144,139264
61,183,7168,139264
61,91,8192,139264
61,107,9216,139264
61,430,10240,139264
61,434,11264,139264
61,194,12288,139264
61,193,13312,139264
61,187,14336,139264
59,61,1024,140288
59,187,2048,140288
59,180,3072,140288
59,162,4096,140288
59,165,5120,140288
59,183,6144,140288
59,91,7168,140288
59,107,8192,140288
59,430,9216,140288
59,434,10240,140288
59,194,11264,140288
59,193,12288,140288
59,187,13312,140288
59,275,14336,140288
61,187,1024,141312
61,180,2048,141312
61,162,3072,141312
61,165,4096,141312
61,183,5120,141312
61,91,6144,141312
61,107,7168,141312
61,430,8192,141312
61,434,9216,141312
61,194,10240,141312
61,193,11264,141312
61,187,12288,141312
61,275,13312,141312
61,366,14336,141312
187,180,1024,142336
187,162,2048,142336
187,165,3072,142336
187,183,4096,142336
187,91,5120,142336
187,107,6144,142336
187,430,7168,142336
187,434,8192,142336
187,194,9216,142336
187,193,10240,142336
187,187,11264,142336
187,275,12288,142336
187,366,13312,142336
187,369,14336,142336
180,162,1024,143360
180,165,2048,143360
180,183,3072,143360
180,91,4096,143360
180,107,5120,143360
180,430,6144,143360
180,434,7168,143360
180,194,8192,143360
180,193,9216,143360
180,187,10240,143360
180,275,11264,143360
180,366,12288,143360
180,369,13312,143360
180,110,14336,143360
162,165,1024,144384
162,183,2048,144384
162,91,3072,144384
162,107,4096,144384
162,430,5120,144384
162,434,6144,144384
162,194,7168,144384
162,193,8192,144384
162,187,9216,144384
162,275,10240,144384
162,366,11264,144384
162,369,12288,144384
162,110,13312,144384
162,31,14336,144384
165,183,1024,145408
165,91,2048,145408
165,107,3072,145408
165,430,4096,145408
165,434,5120,145408
165,194,6144,145408
165,193,7168,145408
165,187,8192,145408
165,275,9216,145408
165,366,10240,145408
165,369,11264,145408
165,110,12288,145408
165,31,13312,145408
165,145,14336,145408
183,91,1024,146432
183,107,2048,146432
183,430,3072,146432
183,434,4096,146432
183,194,5120,146432
183,193,6144,146432
183,187,7168,146432
183,275,8192,146432
183,366,9216,146432
183,369,10240,146432
183,110,11264,146432
183,31,12288,146432
183,145,13312,146432
183,159,14336,146432
91,107,1024,147456
91,430,2048,147456
91,434,3072,147456
91,194,4096,147456
91,193,5120,147456
91,187,6144,147456
91,275,7168,147456
91,366,8192,147456
91,369,9216,147456
91,110,10240,147456
91,31,11264,147456
91,145,12288,147456
91,159,13312,147456
91,171,14336,147456
107,430,1024,148480
107,434,2048,148480
107,194,3072,148480
107,193,4096,148480
107,187,5120,148480
107,275,6144,148480
107,366,7168,148480
107,369,8192,148480
107,110,9216,148480
107,31,10240,148480
107,145,11264,148480
107,159,12288,148480
107,171,13312,148480
107,170,14336,148480
430,434,1024,149504
430,194,2048,149504
430,193,3072,149504
430,187,4096,149504
430,275,5120,149504
430,366,6144,149504
430,369,7168,149504
430,110,8192,149504
430,31,9216,149504
430,145,10240,149504
430,159,11264,149504
430,171,12288,149504
430,170,13312,149504
430,168,14336,149504
434,194,1024,150528
434,193,2048,150528
434,187,3072,150528
434,275,4096,150528
434,366,5120,150528
434,369,6144,150528
434,110,7168,150528
434,31,8192,150528
434,145,9216,150528
434,159,10240,150528
434,171,11264,150528
434,170,12288,150528
434,168,13312,150528
194,193,1024,151552
194,187,2048,151552
194,275,3072,151552
194,366,4096,151552
194,369,5120,151552
194,110,6144,151552
194,31,7168,151552
194,145,8192,151552
194,159,9216,151552
194,171,10240,151552
194,170,11264,151552
194,168,12288,151552
193,187,1024,152576
193,275,2048,152576
193,366,3072,152576
193,369,4096,152576
193,110,5120,152576
193,31,6144,152576
193,145,7168,152576
193,159,8192,152576
193,171,9216,152576
193,170,10240,152576
193,168,11264,152576
187,275,1024,153600
187,366,2048,153600
187,369,3072,153600
187,110,4096,153600
187,31,5120,153600
187,145,6144,153600
187,159,7168,153600
187,171,8192,153600
187,170,9216,153600
187,168,10240,153600
275,366,1024,154624
275,369,2048,154624
275,110,3072,154624
275,31,4096,154624
275,145,5120,154624
275,159,6144,154624
275,171,7168,154624
275,170,8192,154624
275,168,9216,154624
366,369,1024,155648
366,110,2048,155648
366,31,3072,155648
366,145,4096,155648
366,159,5120,155648
366,171,6144,155648
366,170,7168,155648
366,168,8192,155648
369,110,1024,156672
369,31,2048,156672
369,145,3072,156672
369,159,4096,156672
369,171,5120,156672
369,170,6144,156672
369,168,7168,156672
110,31,1024,157696
110,145,2048,157696
110,159,3072,157696
110,171,4096,157696
110,170,5120,157696
110,168,6144,157696
31,145,1024,158720
31,159,2048,158720
31,171,3072,158720
31,170,4096,158720
31,168,5120,158720
145,159,1024,159744
145,171,2048,159744
145,170,3072,159744
145,168,4096,159744
159,171,1024,160768
159,170,2048,160768
159,168,3072,160768
171,170,1024,161792
171,168,2048,161792
170,168,1024,162816
