14,22,4096,4096
14,14,5120,4096
14,37,7168,4096
14,15,8192,4096
14,74,9216,4096
14,14,13312,4096
14,12,16384,4096
22,14,1024,8192
22,37,3072,8192
22,15,4096,8192
22,74,5120,8192
22,14,9216,8192
22,12,12288,8192
22,15,17408,8192
22,14,20480,8192
14,37,2048,9216
14,15,3072,9216
14,74,4096,9216
14,14,8192,9216
14,12,11264,9216
14,15,16384,9216
14,14,19456,9216
37,15,1024,11264
37,74,2048,11264
37,14,6144,11264
37,12,9216,11264
37,15,14336,11264
37,14,17408,11264
37,14,19456,11264
15,74,1024,12288
15,14,5120,12288
15,12,8192,12288
15,15,13312,12288
15,14,16384,12288
15,14,18432,12288
15,37,20480,12288
74,14,4096,13312
74,12,7168,13312
74,15,12288,13312
74,14,15360,13312
74,14,17408,13312
74,37,19456,13312
74,14,20480,13312
14,12,3072,17408
14,15,8192,17408
14,14,11264,17408
14,14,13312,17408
14,37,15360,17408
14,14,16384,17408
12,15,5120,20480
12,14,8192,20480
12,14,10240,20480
12,37,12288,20480
12,14,13312,20480
15,14,3072,25600
15,14,5120,25600
15,37,7168,25600
15,14,8192,25600
15,12,16384,25600
14,14,2048,28672
14,37,4096,28672
14,14,5120,28672
14,12,13312,28672
14,37,2048,30720
14,14,3072,30720
14,12,11264,30720
14,14,19456,30720
37,14,1024,32768
37,12,9216,32768
37,14,17408,32768
37,13,19456,32768
37,18,20480,32768
14,12,8192,33792
14,14,16384,33792
14,13,18432,33792
14,18,19456,33792
12,14,8192,41984
12,13,10240,41984
12,18,11264,41984
12,12,16384,41984
14,13,2048,50176
14,18,3072,50176
14,12,8192,50176
14,15,13312,50176
14,15,16384,50176
14,13,19456,50176
13,18,1024,52224
13,12,6144,52224
13,15,11264,52224
13,15,14336,52224
13,13,17408,52224
13,13,19456,52224
18,12,5120,53248
18,15,10240,53248
18,15,13312,53248
18,13,16384,53248
18,13,18432,53248
12,15,5120,58368
12,15,8192,58368
12,13,11264,58368
12,13,13312,58368
12,17,16384,58368
15,15,3072,63488
15,13,6144,63488
15,13,8192,63488
15,17,11264,63488
15,16,16384,63488
15,13,3072,66560
15,13,5120,66560
15,17,8192,66560
15,16,13312,66560
15,18,18432,66560
15,12,19456,66560
13,13,2048,69632
13,17,5120,69632
13,16,10240,69632
13,18,15360,69632
13,12,16384,69632
13,15,18432,69632
13,17,3072,71680
13,16,8192,71680
13,18,13312,71680
13,12,14336,71680
13,15,16384,71680
13,13,19456,71680
17,16,5120,74752
17,18,10240,74752
17,12,11264,74752
17,15,13312,74752
17,13,16384,74752
16,18,5120,79872
16,12,6144,79872
16,15,8192,79872
16,13,11264,79872
16,17,16384,79872
18,12,1024,84992
18,15,3072,84992
18,13,6144,84992
18,17,11264,84992
18,15,19456,84992
12,15,2048,86016
12,13,5120,86016
12,17,10240,86016
12,15,18432,86016
15,13,3072,88064
15,17,8192,88064
15,15,16384,88064
13,17,5120,91136
13,15,13312,91136
13,15,18432,91136
17,15,8192,96256
17,15,13312,96256
17,16,16384,96256
15,15,5120,104448
15,16,8192,104448
15,15,13312,104448
15,14,16384,104448
15,18,17408,104448
15,16,3072,109568
15,15,8192,109568
15,14,11264,109568
15,18,12288,109568
15,16,16384,109568
15,18,18432,109568
15,16,19456,109568
16,15,5120,112640
16,14,8192,112640
16,18,9216,112640
16,16,13312,112640
16,18,15360,112640
16,16,16384,112640
16,50,18432,112640
15,14,3072,117760
15,18,4096,117760
15,16,8192,117760
15,18,10240,117760
15,16,11264,117760
15,50,13312,117760
15,15,16384,117760
15,15,19456,117760
14,18,1024,120832
14,16,5120,120832
14,18,7168,120832
14,16,8192,120832
14,50,10240,120832
14,15,13312,120832
14,15,16384,120832
14,14,18432,120832
14,18,19456,120832
18,16,4096,121856
18,18,6144,121856
18,16,7168,121856
18,50,9216,121856
18,15,12288,121856
18,15,15360,121856
18,14,17408,121856
18,18,18432,121856
18,15,20480,121856
16,18,2048,125952
16,16,3072,125952
16,50,5120,125952
16,15,8192,125952
16,15,11264,125952
16,14,13312,125952
16,18,14336,125952
16,15,16384,125952
18,16,1024,128000
18,50,3072,128000
18,15,6144,128000
18,15,9216,128000
18,14,11264,128000
18,18,12288,128000
18,15,14336,128000
16,50,2048,129024
16,15,5120,129024
16,15,8192,129024
16,14,10240,129024
16,18,11264,129024
16,15,13312,129024
50,15,3072,131072
50,15,6144,131072
50,14,8192,131072
50,18,9216,131072
50,15,11264,131072
50,16,19456,131072
15,15,3072,134144
15,14,5120,134144
15,18,6144,134144
15,15,8192,134144
15,16,16384,134144
15,14,2048,137216
15,18,3072,137216
15,15,5120,137216
15,16,13312,137216
15,14,19456,137216
14,18,1024,139264
14,15,3072,139264
14,16,11264,139264
14,14,17408,139264
14,15,19456,139264
18,15,2048,140288
18,16,10240,140288
18,14,16384,140288
18,15,18432,140288
15,16,8192,142336
15,14,14336,142336
15,15,16384,142336
15,18,19456,142336
16,14,6144,150528
16,15,8192,150528
16,18,11264,150528
14,15,2048,156672
14,18,5120,156672
15,18,3072,158720
