170,111,1024,0
170,21,3072,0
170,29,9216,0
170,30,14336,0
170,37,19456,0
111,21,2048,1024
111,29,8192,1024
111,30,13312,1024
111,37,18432,1024
21,29,6144,3072
21,30,11264,3072
21,37,16384,3072
29,30,5120,9216
29,37,10240,9216
29,19,15360,9216
29,52,18432,9216
29,108,18432,9216
29,31,20480,9216
30,37,5120,14336
30,19,10240,14336
30,52,13312,14336
30,108,13312,14336
30,31,15360,14336
30,30,17408,14336
30,20,20480,14336
37,19,5120,19456
37,52,8192,19456
37,108,8192,19456
37,31,10240,19456
37,30,12288,19456
37,20,15360,19456
37,19,16384,19456
37,84,16384,19456
37,83,18432,19456
19,52,3072,24576
19,108,3072,24576
19,31,5120,24576
19,30,7168,24576
19,20,10240,24576
19,19,11264,24576
19,84,11264,24576
19,83,13312,24576
19,21,19456,24576
52,108,0,27648
52,31,2048,27648
52,30,4096,27648
52,20,7168,27648
52,19,8192,27648
52,84,8192,27648
52,83,10240,27648
52,21,16384,27648
108,31,2048,27648
108,30,4096,27648
108,20,7168,27648
108,19,8192,27648
108,84,8192,27648
108,83,10240,27648
108,21,16384,27648
31,30,2048,29696
31,20,5120,29696
31,19,6144,29696
31,84,6144,29696
31,83,8192,29696
31,21,14336,29696
30,20,3072,31744
30,19,4096,31744
30,84,4096,31744
30,83,6144,31744
30,21,12288,31744
20,19,1024,34816
20,84,1024,34816
20,83,3072,34816
20,21,9216,34816
20,19,19456,34816
19,84,0,35840
19,83,2048,35840
19,21,8192,35840
19,19,18432,35840
19,30,20480,35840
84,83,2048,35840
84,21,8192,35840
84,19,18432,35840
84,30,20480,35840
83,21,6144,37888
83,19,16384,37888
83,30,18432,37888
21,19,10240,44032
21,30,12288,44032
21,37,15360,44032
21,99,15360,44032
21,199,15360,44032
21,93,16384,44032
21,196,16384,44032
21,30,17408,44032
21,148,20480,44032
21,176,20480,44032
19,30,2048,54272
19,37,5120,54272
19,99,5120,54272
19,199,5120,54272
19,93,6144,54272
19,196,6144,54272
19,30,7168,54272
19,148,10240,54272
19,176,10240,54272
19,19,19456,54272
19,19,20480,54272
30,37,3072,56320
30,99,3072,56320
30,199,3072,56320
30,93,4096,56320
30,196,4096,56320
30,30,5120,56320
30,148,8192,56320
30,176,8192,56320
30,19,17408,56320
30,19,18432,56320
37,99,0,59392
37,199,0,59392
37,93,1024,59392
37,196,1024,59392
37,30,2048,59392
37,148,5120,59392
37,176,5120,59392
37,19,14336,59392
37,19,15360,59392
37,146,20480,59392
99,199,0,59392
99,93,1024,59392
99,196,1024,59392
99,30,2048,59392
99,148,5120,59392
99,176,5120,59392
99,19,14336,59392
99,19,15360,59392
99,146,20480,59392
199,93,1024,59392
199,196,1024,59392
199,30,2048,59392
199,148,5120,59392
199,176,5120,59392
199,19,14336,59392
199,19,15360,59392
199,146,20480,59392
93,196,0,60416
93,30,1024,60416
93,148,4096,60416
93,176,4096,60416
93,19,13312,60416
93,19,14336,60416
93,146,19456,60416
196,30,1024,60416
196,148,4096,60416
196,176,4096,60416
196,19,13312,60416
196,19,14336,60416
196,146,19456,60416
30,148,3072,61440
30,176,3072,61440
30,19,12288,61440
30,19,13312,61440
30,146,18432,61440
148,176,0,64512
148,19,9216,64512
148,19,10240,64512
148,146,15360,64512
148,111,18432,64512
148,20,19456,64512
176,19,9216,64512
176,19,10240,64512
176,146,15360,64512
176,111,18432,64512
176,20,19456,64512
19,19,1024,73728
19,146,6144,73728
19,111,9216,73728
19,20,10240,73728
19,75,13312,73728
19,86,13312,73728
19,19,20480,73728
19,146,5120,74752
19,111,8192,74752
19,20,9216,74752
19,75,12288,74752
19,86,12288,74752
19,19,19456,74752
146,111,3072,79872
146,20,4096,79872
146,75,7168,79872
146,86,7168,79872
146,19,14336,79872
146,30,16384,79872
111,20,1024,82944
111,75,4096,82944
111,86,4096,82944
111,19,11264,82944
111,30,13312,82944
111,18,18432,82944
20,75,3072,83968
20,86,3072,83968
20,19,10240,83968
20,30,12288,83968
20,18,17408,83968
20,19,20480,83968
75,86,0,87040
75,19,7168,87040
75,30,9216,87040
75,18,14336,87040
75,19,17408,87040
75,30,19456,87040
86,19,7168,87040
86,30,9216,87040
86,18,14336,87040
86,19,17408,87040
86,30,19456,87040
19,30,2048,94208
19,18,7168,94208
19,19,10240,94208
19,30,12288,94208
19,61,15360,94208
19,43,19456,94208
30,18,5120,96256
30,19,8192,96256
30,30,10240,96256
30,61,13312,96256
30,43,17408,96256
18,19,3072,101376
18,30,5120,101376
18,61,8192,101376
18,43,12288,101376
18,84,18432,101376
18,222,18432,101376
19,30,2048,104448
19,61,5120,104448
19,43,9216,104448
19,84,15360,104448
19,222,15360,104448
19,19,19456,104448
30,61,3072,106496
30,43,7168,106496
30,84,13312,106496
30,222,13312,106496
30,19,17408,106496
30,19,20480,106496
61,43,4096,109568
61,84,10240,109568
61,222,10240,109568
61,19,14336,109568
61,19,17408,109568
43,84,6144,113664
43,222,6144,113664
43,19,10240,113664
43,19,13312,113664
43,27,17408,113664
84,222,0,119808
84,19,4096,119808
84,19,7168,119808
84,27,11264,119808
84,30,16384,119808
84,46,18432,119808
84,31,19456,119808
84,48,19456,119808
222,19,4096,119808
222,19,7168,119808
222,27,11264,119808
222,30,16384,119808
222,46,18432,119808
222,31,19456,119808
222,48,19456,119808
19,19,3072,123904
19,27,7168,123904
19,30,12288,123904
19,46,14336,123904
19,31,15360,123904
19,48,15360,123904
19,21,19456,123904
19,126,19456,123904
19,98,20480,123904
19,27,4096,126976
19,30,9216,126976
19,46,11264,126976
19,31,12288,126976
19,48,12288,126976
19,21,16384,126976
19,126,16384,126976
19,98,17408,126976
19,94,18432,126976
19,109,19456,126976
19,93,20480,126976
27,30,5120,131072
27,46,7168,131072
27,31,8192,131072
27,48,8192,131072
27,21,12288,131072
27,126,12288,131072
27,98,13312,131072
27,94,14336,131072
27,109,15360,131072
27,93,16384,131072
30,46,2048,136192
30,31,3072,136192
30,48,3072,136192
30,21,7168,136192
30,126,7168,136192
30,98,8192,136192
30,94,9216,136192
30,109,10240,136192
30,93,11264,136192
30,19,17408,136192
30,92,20480,136192
46,31,1024,138240
46,48,1024,138240
46,21,5120,138240
46,126,5120,138240
46,98,6144,138240
46,94,7168,138240
46,109,8192,138240
46,93,9216,138240
46,19,15360,138240
46,92,18432,138240
46,118,19456,138240
46,114,20480,138240
31,48,0,139264
31,21,4096,139264
31,126,4096,139264
31,98,5120,139264
31,94,6144,139264
31,109,7168,139264
31,93,8192,139264
31,19,14336,139264
31,92,17408,139264
31,118,18432,139264
31,114,19456,139264
48,21,4096,139264
48,126,4096,139264
48,98,5120,139264
48,94,6144,139264
48,109,7168,139264
48,93,8192,139264
48,19,14336,139264
48,92,17408,139264
48,118,18432,139264
48,114,19456,139264
21,126,0,143360
21,98,1024,143360
21,94,2048,143360
21,109,3072,143360
21,93,4096,143360
21,19,10240,143360
21,92,13312,143360
21,118,14336,143360
21,114,15360,143360
21,27,17408,143360
21,19,20480,143360
21,83,20480,143360
126,98,1024,143360
126,94,2048,143360
126,109,3072,143360
126,93,4096,143360
126,19,10240,143360
126,92,13312,143360
126,118,14336,143360
126,114,15360,143360
126,27,17408,143360
126,19,20480,143360
126,83,20480,143360
98,94,1024,144384
98,109,2048,144384
98,93,3072,144384
98,19,9216,144384
98,92,12288,144384
98,118,13312,144384
98,114,14336,144384
98,27,16384,144384
98,19,19456,144384
98,83,19456,144384
98,107,20480,144384
94,109,1024,145408
94,93,2048,145408
94,19,8192,145408
94,92,11264,145408
94,118,12288,145408
94,114,13312,145408
94,27,15360,145408
94,19,18432,145408
94,83,18432,145408
94,107,19456,145408
94,56,20480,145408
94,94,20480,145408
109,93,1024,146432
109,19,7168,146432
109,92,10240,146432
109,118,11264,146432
109,114,12288,146432
109,27,14336,146432
109,19,17408,146432
109,83,17408,146432
109,107,18432,146432
109,56,19456,146432
109,94,19456,146432
109,94,20480,146432
93,19,6144,147456
93,92,9216,147456
93,118,10240,147456
93,114,11264,147456
93,27,13312,147456
93,19,16384,147456
93,83,16384,147456
93,107,17408,147456
93,56,18432,147456
93,94,18432,147456
93,94,19456,147456
93,84,20480,147456
19,92,3072,153600
19,118,4096,153600
19,114,5120,153600
19,27,7168,153600
19,19,10240,153600
19,83,10240,153600
19,107,11264,153600
19,56,12288,153600
19,94,12288,153600
19,94,13312,153600
19,84,14336,153600
19,105,16384,153600
92,118,1024,156672
92,114,2048,156672
92,27,4096,156672
92,19,7168,156672
92,83,7168,156672
92,107,8192,156672
92,56,9216,156672
92,94,9216,156672
92,94,10240,156672
92,84,11264,156672
92,105,13312,156672
118,114,1024,157696
118,27,3072,157696
118,19,6144,157696
118,83,6144,157696
118,107,7168,157696
118,56,8192,157696
118,94,8192,157696
118,94,9216,157696
118,84,10240,157696
118,105,12288,157696
114,27,2048,158720
114,19,5120,158720
114,83,5120,158720
114,107,6144,158720
114,56,7168,158720
114,94,7168,158720
114,94,8192,158720
114,84,9216,158720
114,105,11264,158720
114,48,20480,158720
27,19,3072,160768
27,83,3072,160768
27,107,4096,160768
27,56,5120,160768
27,94,5120,160768
27,94,6144,160768
27,84,7168,160768
27,105,9216,160768
27,48,18432,160768
27,50,19456,160768
19,83,0,163840
19,107,1024,163840
19,56,2048,163840
19,94,2048,163840
19,94,3072,163840
19,84,4096,163840
19,105,6144,163840
19,48,15360,163840
19,50,16384,163840
19,19,19456,163840
19,201,19456,163840
19,202,20480,163840
83,107,1024,163840
83,56,2048,163840
83,94,2048,163840
83,94,3072,163840
83,84,4096,163840
83,105,6144,163840
83,48,15360,163840
83,50,16384,163840
83,19,19456,163840
83,201,19456,163840
83,202,20480,163840
107,56,1024,164864
107,94,1024,164864
107,94,2048,164864
107,84,3072,164864
107,105,5120,164864
107,48,14336,164864
107,50,15360,164864
107,19,18432,164864
107,201,18432,164864
107,202,19456,164864
56,94,0,165888
56,94,1024,165888
56,84,2048,165888
56,105,4096,165888
56,48,13312,165888
56,50,14336,165888
56,19,17408,165888
56,201,17408,165888
56,202,18432,165888
56,142,20480,165888
94,94,1024,165888
94,84,2048,165888
94,105,4096,165888
94,48,13312,165888
94,50,14336,165888
94,19,17408,165888
94,201,17408,165888
94,202,18432,165888
94,142,20480,165888
94,84,1024,166912
94,105,3072,166912
94,48,12288,166912
94,50,13312,166912
94,19,16384,166912
94,201,16384,166912
94,202,17408,166912
94,142,19456,166912
84,105,2048,167936
84,48,11264,167936
84,50,12288,167936
84,19,15360,167936
84,201,15360,167936
84,202,16384,167936
84,142,18432,167936
84,125,20480,167936
105,48,9216,169984
105,50,10240,169984
105,19,13312,169984
105,201,13312,169984
105,202,14336,169984
105,142,16384,169984
105,125,18432,169984
105,18,20480,169984
48,50,1024,179200
48,19,4096,179200
48,201,4096,179200
48,202,5120,179200
48,142,7168,179200
48,125,9216,179200
48,18,11264,179200
48,19,14336,179200
48,18,15360,179200
48,18,16384,179200
48,64,19456,179200
48,86,19456,179200
50,19,3072,180224
50,201,3072,180224
50,202,4096,180224
50,142,6144,180224
50,125,8192,180224
50,18,10240,180224
50,19,13312,180224
50,18,14336,180224
50,18,15360,180224
50,64,18432,180224
50,86,18432,180224
50,118,20480,180224
19,201,0,183296
19,202,1024,183296
19,142,3072,183296
19,125,5120,183296
19,18,7168,183296
19,19,10240,183296
19,18,11264,183296
19,18,12288,183296
19,64,15360,183296
19,86,15360,183296
19,118,17408,183296
19,48,20480,183296
201,202,1024,183296
201,142,3072,183296
201,125,5120,183296
201,18,7168,183296
201,19,10240,183296
201,18,11264,183296
201,18,12288,183296
201,64,15360,183296
201,86,15360,183296
201,118,17408,183296
201,48,20480,183296
202,142,2048,184320
202,125,4096,184320
202,18,6144,184320
202,19,9216,184320
202,18,10240,184320
202,18,11264,184320
202,64,14336,184320
202,86,14336,184320
202,118,16384,184320
202,48,19456,184320
142,125,2048,186368
142,18,4096,186368
142,19,7168,186368
142,18,8192,186368
142,18,9216,186368
142,64,12288,186368
142,86,12288,186368
142,118,14336,186368
142,48,17408,186368
142,73,19456,186368
142,97,19456,186368
142,95,20480,186368
125,18,2048,188416
125,19,5120,188416
125,18,6144,188416
125,18,7168,188416
125,64,10240,188416
125,86,10240,188416
125,118,12288,188416
125,48,15360,188416
125,73,17408,188416
125,97,17408,188416
125,95,18432,188416
125,123,19456,188416
125,127,20480,188416
18,19,3072,190464
18,18,4096,190464
18,18,5120,190464
18,64,8192,190464
18,86,8192,190464
18,118,10240,190464
18,48,13312,190464
18,73,15360,190464
18,97,15360,190464
18,95,16384,190464
18,123,17408,190464
18,127,18432,190464
19,18,1024,193536
19,18,2048,193536
19,64,5120,193536
19,86,5120,193536
19,118,7168,193536
19,48,10240,193536
19,73,12288,193536
19,97,12288,193536
19,95,13312,193536
19,123,14336,193536
19,127,15360,193536
19,19,19456,193536
18,18,1024,194560
18,64,4096,194560
18,86,4096,194560
18,118,6144,194560
18,48,9216,194560
18,73,11264,194560
18,97,11264,194560
18,95,12288,194560
18,123,13312,194560
18,127,14336,194560
18,19,18432,194560
18,64,3072,195584
18,86,3072,195584
18,118,5120,195584
18,48,8192,195584
18,73,10240,195584
18,97,10240,195584
18,95,11264,195584
18,123,12288,195584
18,127,13312,195584
18,19,17408,195584
64,86,0,198656
64,118,2048,198656
64,48,5120,198656
64,73,7168,198656
64,97,7168,198656
64,95,8192,198656
64,123,9216,198656
64,127,10240,198656
64,19,14336,198656
86,118,2048,198656
86,48,5120,198656
86,73,7168,198656
86,97,7168,198656
86,95,8192,198656
86,123,9216,198656
86,127,10240,198656
86,19,14336,198656
118,48,3072,200704
118,73,5120,200704
118,97,5120,200704
118,95,6144,200704
118,123,7168,200704
118,127,8192,200704
118,19,12288,200704
48,73,2048,203776
48,97,2048,203776
48,95,3072,203776
48,123,4096,203776
48,127,5120,203776
48,19,9216,203776
48,19,19456,203776
48,189,19456,203776
73,97,0,205824
73,95,1024,205824
73,123,2048,205824
73,127,3072,205824
73,19,7168,205824
73,19,17408,205824
73,189,17408,205824
73,30,19456,205824
73,127,20480,205824
97,95,1024,205824
97,123,2048,205824
97,127,3072,205824
97,19,7168,205824
97,19,17408,205824
97,189,17408,205824
97,30,19456,205824
97,127,20480,205824
95,123,1024,206848
95,127,2048,206848
95,19,6144,206848
95,19,16384,206848
95,189,16384,206848
95,30,18432,206848
95,127,19456,206848
123,127,1024,207872
123,19,5120,207872
123,19,15360,207872
123,189,15360,207872
123,30,17408,207872
123,127,18432,207872
127,19,4096,208896
127,19,14336,208896
127,189,14336,208896
127,30,16384,208896
127,127,17408,208896
19,19,10240,212992
19,189,10240,212992
19,30,12288,212992
19,127,13312,212992
19,27,17408,212992
19,19,20480,212992
19,73,20480,212992
19,184,20480,212992
19,189,0,223232
19,30,2048,223232
19,127,3072,223232
19,27,7168,223232
19,19,10240,223232
19,73,10240,223232
19,184,10240,223232
19,185,15360,223232
19,19,19456,223232
19,128,20480,223232
189,30,2048,223232
189,127,3072,223232
189,27,7168,223232
189,19,10240,223232
189,73,10240,223232
189,184,10240,223232
189,185,15360,223232
189,19,19456,223232
189,128,20480,223232
30,127,1024,225280
30,27,5120,225280
30,19,8192,225280
30,73,8192,225280
30,184,8192,225280
30,185,13312,225280
30,19,17408,225280
30,128,18432,225280
30,129,19456,225280
30,143,20480,225280
127,27,4096,226304
127,19,7168,226304
127,73,7168,226304
127,184,7168,226304
127,185,12288,226304
127,19,16384,226304
127,128,17408,226304
127,129,18432,226304
127,143,19456,226304
127,41,20480,226304
27,19,3072,230400
27,73,3072,230400
27,184,3072,230400
27,185,8192,230400
27,19,12288,230400
27,128,13312,230400
27,129,14336,230400
27,143,15360,230400
27,41,16384,230400
27,23,18432,230400
27,23,19456,230400
19,73,0,233472
19,184,0,233472
19,185,5120,233472
19,19,9216,233472
19,128,10240,233472
19,129,11264,233472
19,143,12288,233472
19,41,13312,233472
19,23,15360,233472
19,23,16384,233472
19,20,19456,233472
73,184,0,233472
73,185,5120,233472
73,19,9216,233472
73,128,10240,233472
73,129,11264,233472
73,143,12288,233472
73,41,13312,233472
73,23,15360,233472
73,23,16384,233472
73,20,19456,233472
184,185,5120,233472
184,19,9216,233472
184,128,10240,233472
184,129,11264,233472
184,143,12288,233472
184,41,13312,233472
184,23,15360,233472
184,23,16384,233472
184,20,19456,233472
185,19,4096,238592
185,128,5120,238592
185,129,6144,238592
185,143,7168,238592
185,41,8192,238592
185,23,10240,238592
185,23,11264,238592
185,20,14336,238592
185,70,19456,238592
185,114,19456,238592
185,70,20480,238592
185,105,20480,238592
19,128,1024,242688
19,129,2048,242688
19,143,3072,242688
19,41,4096,242688
19,23,6144,242688
19,23,7168,242688
19,20,10240,242688
19,70,15360,242688
19,114,15360,242688
19,70,16384,242688
19,105,16384,242688
19,30,17408,242688
19,19,20480,242688
19,202,20480,242688
128,129,1024,243712
128,143,2048,243712
128,41,3072,243712
128,23,5120,243712
128,23,6144,243712
128,20,9216,243712
128,70,14336,243712
128,114,14336,243712
128,70,15360,243712
128,105,15360,243712
128,30,16384,243712
128,19,19456,243712
128,202,19456,243712
129,143,1024,244736
129,41,2048,244736
129,23,4096,244736
129,23,5120,244736
129,20,8192,244736
129,70,13312,244736
129,114,13312,244736
129,70,14336,244736
129,105,14336,244736
129,30,15360,244736
129,19,18432,244736
129,202,18432,244736
143,41,1024,245760
143,23,3072,245760
143,23,4096,245760
143,20,7168,245760
143,70,12288,245760
143,114,12288,245760
143,70,13312,245760
143,105,13312,245760
143,30,14336,245760
143,19,17408,245760
143,202,17408,245760
143,169,20480,245760
41,23,2048,246784
41,23,3072,246784
41,20,6144,246784
41,70,11264,246784
41,114,11264,246784
41,70,12288,246784
41,105,12288,246784
41,30,13312,246784
41,19,16384,246784
41,202,16384,246784
41,169,19456,246784
41,166,20480,246784
23,23,1024,248832
23,20,4096,248832
23,70,9216,248832
23,114,9216,248832
23,70,10240,248832
23,105,10240,248832
23,30,11264,248832
23,19,14336,248832
23,202,14336,248832
23,169,17408,248832
23,166,18432,248832
23,20,3072,249856
23,70,8192,249856
23,114,8192,249856
23,70,9216,249856
23,105,9216,249856
23,30,10240,249856
23,19,13312,249856
23,202,13312,249856
23,169,16384,249856
23,166,17408,249856
20,70,5120,252928
20,114,5120,252928
20,70,6144,252928
20,105,6144,252928
20,30,7168,252928
20,19,10240,252928
20,202,10240,252928
20,169,13312,252928
20,166,14336,252928
70,114,0,258048
70,70,1024,258048
70,105,1024,258048
70,30,2048,258048
70,19,5120,258048
70,202,5120,258048
70,169,8192,258048
70,166,9216,258048
70,70,19456,258048
70,133,19456,258048
70,74,20480,258048
70,125,20480,258048
114,70,1024,258048
114,105,1024,258048
114,30,2048,258048
114,19,5120,258048
114,202,5120,258048
114,169,8192,258048
114,166,9216,258048
114,70,19456,258048
114,133,19456,258048
114,74,20480,258048
114,125,20480,258048
70,105,0,259072
70,30,1024,259072
70,19,4096,259072
70,202,4096,259072
70,169,7168,259072
70,166,8192,259072
70,70,18432,259072
70,133,18432,259072
70,74,19456,259072
70,125,19456,259072
105,30,1024,259072
105,19,4096,259072
105,202,4096,259072
105,169,7168,259072
105,166,8192,259072
105,70,18432,259072
105,133,18432,259072
105,74,19456,259072
105,125,19456,259072
30,19,3072,260096
30,202,3072,260096
30,169,6144,260096
30,166,7168,260096
30,70,17408,260096
30,133,17408,260096
30,74,18432,260096
30,125,18432,260096
19,202,0,263168
19,169,3072,263168
19,166,4096,263168
19,70,14336,263168
19,133,14336,263168
19,74,15360,263168
19,125,15360,263168
19,19,19456,263168
19,139,19456,263168
202,169,3072,263168
202,166,4096,263168
202,70,14336,263168
202,133,14336,263168
202,74,15360,263168
202,125,15360,263168
202,19,19456,263168
202,139,19456,263168
169,166,1024,266240
169,70,11264,266240
169,133,11264,266240
169,74,12288,266240
169,125,12288,266240
169,19,16384,266240
169,139,16384,266240
169,98,18432,266240
169,71,19456,266240
169,96,19456,266240
169,71,20480,266240
169,96,20480,266240
166,70,10240,267264
166,133,10240,267264
166,74,11264,267264
166,125,11264,267264
166,19,15360,267264
166,139,15360,267264
166,98,17408,267264
166,71,18432,267264
166,96,18432,267264
166,71,19456,267264
166,96,19456,267264
166,125,20480,267264
70,133,0,277504
70,74,1024,277504
70,125,1024,277504
70,19,5120,277504
70,139,5120,277504
70,98,7168,277504
70,71,8192,277504
70,96,8192,277504
70,71,9216,277504
70,96,9216,277504
70,125,10240,277504
70,60,11264,277504
133,74,1024,277504
133,125,1024,277504
133,19,5120,277504
133,139,5120,277504
133,98,7168,277504
133,71,8192,277504
133,96,8192,277504
133,71,9216,277504
133,96,9216,277504
133,125,10240,277504
133,60,11264,277504
74,125,0,278528
74,19,4096,278528
74,139,4096,278528
74,98,6144,278528
74,71,7168,278528
74,96,7168,278528
74,71,8192,278528
74,96,8192,278528
74,125,9216,278528
74,60,10240,278528
125,19,4096,278528
125,139,4096,278528
125,98,6144,278528
125,71,7168,278528
125,96,7168,278528
125,71,8192,278528
125,96,8192,278528
125,125,9216,278528
125,60,10240,278528
19,139,0,282624
19,98,2048,282624
19,71,3072,282624
19,96,3072,282624
19,71,4096,282624
19,96,4096,282624
19,125,5120,282624
19,60,6144,282624
19,111,17408,282624
139,98,2048,282624
139,71,3072,282624
139,96,3072,282624
139,71,4096,282624
139,96,4096,282624
139,125,5120,282624
139,60,6144,282624
139,111,17408,282624
98,71,1024,284672
98,96,1024,284672
98,71,2048,284672
98,96,2048,284672
98,125,3072,284672
98,60,4096,284672
98,111,15360,284672
71,96,0,285696
71,71,1024,285696
71,96,1024,285696
71,125,2048,285696
71,60,3072,285696
71,111,14336,285696
96,71,1024,285696
96,96,1024,285696
96,125,2048,285696
96,60,3072,285696
96,111,14336,285696
71,96,0,286720
71,125,1024,286720
71,60,2048,286720
71,111,13312,286720
71,30,20480,286720
96,125,1024,286720
96,60,2048,286720
96,111,13312,286720
96,30,20480,286720
125,60,1024,287744
125,111,12288,287744
125,30,19456,287744
60,111,11264,288768
60,30,18432,288768
111,30,7168,300032
111,57,12288,300032
111,84,12288,300032
111,111,13312,300032
111,167,13312,300032
111,158,15360,300032
111,197,15360,300032
111,30,17408,300032
111,140,17408,300032
30,57,5120,307200
30,84,5120,307200
30,111,6144,307200
30,167,6144,307200
30,158,8192,307200
30,197,8192,307200
30,30,10240,307200
30,140,10240,307200
30,116,15360,307200
30,125,16384,307200
30,62,17408,307200
30,124,17408,307200
30,28,19456,307200
30,128,20480,307200
57,84,0,312320
57,111,1024,312320
57,167,1024,312320
57,158,3072,312320
57,197,3072,312320
57,30,5120,312320
57,140,5120,312320
57,116,10240,312320
57,125,11264,312320
57,62,12288,312320
57,124,12288,312320
57,28,14336,312320
57,128,15360,312320
57,113,16384,312320
84,111,1024,312320
84,167,1024,312320
84,158,3072,312320
84,197,3072,312320
84,30,5120,312320
84,140,5120,312320
84,116,10240,312320
84,125,11264,312320
84,62,12288,312320
84,124,12288,312320
84,28,14336,312320
84,128,15360,312320
84,113,16384,312320
111,167,0,313344
111,158,2048,313344
111,197,2048,313344
111,30,4096,313344
111,140,4096,313344
111,116,9216,313344
111,125,10240,313344
111,62,11264,313344
111,124,11264,313344
111,28,13312,313344
111,128,14336,313344
111,113,15360,313344
167,158,2048,313344
167,197,2048,313344
167,30,4096,313344
167,140,4096,313344
167,116,9216,313344
167,125,10240,313344
167,62,11264,313344
167,124,11264,313344
167,28,13312,313344
167,128,14336,313344
167,113,15360,313344
158,197,0,315392
158,30,2048,315392
158,140,2048,315392
158,116,7168,315392
158,125,8192,315392
158,62,9216,315392
158,124,9216,315392
158,28,11264,315392
158,128,12288,315392
158,113,13312,315392
197,30,2048,315392
197,140,2048,315392
197,116,7168,315392
197,125,8192,315392
197,62,9216,315392
197,124,9216,315392
197,28,11264,315392
197,128,12288,315392
197,113,13312,315392
30,140,0,317440
30,116,5120,317440
30,125,6144,317440
30,62,7168,317440
30,124,7168,317440
30,28,9216,317440
30,128,10240,317440
30,113,11264,317440
140,116,5120,317440
140,125,6144,317440
140,62,7168,317440
140,124,7168,317440
140,28,9216,317440
140,128,10240,317440
140,113,11264,317440
116,125,1024,322560
116,62,2048,322560
116,124,2048,322560
116,28,4096,322560
116,128,5120,322560
116,113,6144,322560
125,62,1024,323584
125,124,1024,323584
125,28,3072,323584
125,128,4096,323584
125,113,5120,323584
62,124,0,324608
62,28,2048,324608
62,128,3072,324608
62,113,4096,324608
124,28,2048,324608
124,128,3072,324608
124,113,4096,324608
28,128,1024,326656
28,113,2048,326656
128,113,1024,327680
