56,65,5120,0
56,44,7168,0
56,22,9216,0
56,52,9216,0
56,65,11264,0
56,47,13312,0
56,65,14336,0
56,32,18432,0
65,44,2048,5120
65,22,4096,5120
65,52,4096,5120
65,65,6144,5120
65,47,8192,5120
65,65,9216,5120
65,32,13312,5120
65,59,16384,5120
65,26,19456,5120
65,53,19456,5120
44,22,2048,7168
44,52,2048,7168
44,65,4096,7168
44,47,6144,7168
44,65,7168,7168
44,32,11264,7168
44,59,14336,7168
44,26,17408,7168
44,53,17408,7168
44,20,20480,7168
44,49,20480,7168
22,52,0,9216
22,65,2048,9216
22,47,4096,9216
22,65,5120,9216
22,32,9216,9216
22,59,12288,9216
22,26,15360,9216
22,53,15360,9216
22,20,18432,9216
22,49,18432,9216
22,49,20480,9216
52,65,2048,9216
52,47,4096,9216
52,65,5120,9216
52,32,9216,9216
52,59,12288,9216
52,26,15360,9216
52,53,15360,9216
52,20,18432,9216
52,49,18432,9216
52,49,20480,9216
65,47,2048,11264
65,65,3072,11264
65,32,7168,11264
65,59,10240,11264
65,26,13312,11264
65,53,13312,11264
65,20,16384,11264
65,49,16384,11264
65,49,18432,11264
65,23,19456,11264
65,47,19456,11264
47,65,1024,13312
47,32,5120,13312
47,59,8192,13312
47,26,11264,13312
47,53,11264,13312
47,20,14336,13312
47,49,14336,13312
47,49,16384,13312
47,23,17408,13312
47,47,17408,13312
47,50,20480,13312
65,32,4096,14336
65,59,7168,14336
65,26,10240,14336
65,53,10240,14336
65,20,13312,14336
65,49,13312,14336
65,49,15360,14336
65,23,16384,14336
65,47,16384,14336
65,50,19456,14336
32,59,3072,18432
32,26,6144,18432
32,53,6144,18432
32,20,9216,18432
32,49,9216,18432
32,49,11264,18432
32,23,12288,18432
32,47,12288,18432
32,50,15360,18432
32,46,17408,18432
32,50,19456,18432
32,48,20480,18432
59,26,3072,21504
59,53,3072,21504
59,20,6144,21504
59,49,6144,21504
59,49,8192,21504
59,23,9216,21504
59,47,9216,21504
59,50,12288,21504
59,46,14336,21504
59,50,16384,21504
59,48,17408,21504
59,42,20480,21504
26,53,0,24576
26,20,3072,24576
26,49,3072,24576
26,49,5120,24576
26,23,6144,24576
26,47,6144,24576
26,50,9216,24576
26,46,11264,24576
26,50,13312,24576
26,48,14336,24576
26,42,17408,24576
26,25,19456,24576
26,18,20480,24576
53,20,3072,24576
53,49,3072,24576
53,49,5120,24576
53,23,6144,24576
53,47,6144,24576
53,50,9216,24576
53,46,11264,24576
53,50,13312,24576
53,48,14336,24576
53,42,17408,24576
53,25,19456,24576
53,18,20480,24576
20,49,0,27648
20,49,2048,27648
20,23,3072,27648
20,47,3072,27648
20,50,6144,27648
20,46,8192,27648
20,50,10240,27648
20,48,11264,27648
20,42,14336,27648
20,25,16384,27648
20,18,17408,27648
20,37,18432,27648
49,49,2048,27648
49,23,3072,27648
49,47,3072,27648
49,50,6144,27648
49,46,8192,27648
49,50,10240,27648
49,48,11264,27648
49,42,14336,27648
49,25,16384,27648
49,18,17408,27648
49,37,18432,27648
49,23,1024,29696
49,47,1024,29696
49,50,4096,29696
49,46,6144,29696
49,50,8192,29696
49,48,9216,29696
49,42,12288,29696
49,25,14336,29696
49,18,15360,29696
49,37,16384,29696
49,43,20480,29696
23,47,0,30720
23,50,3072,30720
23,46,5120,30720
23,50,7168,30720
23,48,8192,30720
23,42,11264,30720
23,25,13312,30720
23,18,14336,30720
23,37,15360,30720
23,43,19456,30720
23,37,20480,30720
47,50,3072,30720
47,46,5120,30720
47,50,7168,30720
47,48,8192,30720
47,42,11264,30720
47,25,13312,30720
47,18,14336,30720
47,37,15360,30720
47,43,19456,30720
47,37,20480,30720
50,46,2048,33792
50,50,4096,33792
50,48,5120,33792
50,42,8192,33792
50,25,10240,33792
50,18,11264,33792
50,37,12288,33792
50,43,16384,33792
50,37,17408,33792
46,50,2048,35840
46,48,3072,35840
46,42,6144,35840
46,25,8192,35840
46,18,9216,35840
46,37,10240,35840
46,43,14336,35840
46,37,15360,35840
50,48,1024,37888
50,42,4096,37888
50,25,6144,37888
50,18,7168,37888
50,37,8192,37888
50,43,12288,37888
50,37,13312,37888
50,84,19456,37888
48,42,3072,38912
48,25,5120,38912
48,18,6144,38912
48,37,7168,38912
48,43,11264,38912
48,37,12288,38912
48,84,18432,38912
48,43,20480,38912
42,25,2048,41984
42,18,3072,41984
42,37,4096,41984
42,43,8192,41984
42,37,9216,41984
42,84,15360,41984
42,43,17408,41984
42,68,18432,41984
42,65,19456,41984
42,43,20480,41984
25,18,1024,44032
25,37,2048,44032
25,43,6144,44032
25,37,7168,44032
25,84,13312,44032
25,43,15360,44032
25,68,16384,44032
25,65,17408,44032
25,43,18432,44032
25,64,19456,44032
25,45,20480,44032
18,37,1024,45056
18,43,5120,45056
18,37,6144,45056
18,84,12288,45056
18,43,14336,45056
18,68,15360,45056
18,65,16384,45056
18,43,17408,45056
18,64,18432,45056
18,45,19456,45056
37,43,4096,46080
37,37,5120,46080
37,84,11264,46080
37,43,13312,46080
37,68,14336,46080
37,65,15360,46080
37,43,16384,46080
37,64,17408,46080
37,45,18432,46080
43,37,1024,50176
43,84,7168,50176
43,43,9216,50176
43,68,10240,50176
43,65,11264,50176
43,43,12288,50176
43,64,13312,50176
43,45,14336,50176
43,31,18432,50176
37,84,6144,51200
37,43,8192,51200
37,68,9216,51200
37,65,10240,51200
37,43,11264,51200
37,64,12288,51200
37,45,13312,51200
37,31,17408,51200
84,43,2048,57344
84,68,3072,57344
84,65,4096,57344
84,43,5120,57344
84,64,6144,57344
84,45,7168,57344
84,31,11264,57344
84,30,15360,57344
84,28,17408,57344
84,55,19456,57344
84,55,20480,57344
43,68,1024,59392
43,65,2048,59392
43,43,3072,59392
43,64,4096,59392
43,45,5120,59392
43,31,9216,59392
43,30,13312,59392
43,28,15360,59392
43,55,17408,59392
43,55,18432,59392
43,28,20480,59392
68,65,1024,60416
68,43,2048,60416
68,64,3072,60416
68,45,4096,60416
68,31,8192,60416
68,30,12288,60416
68,28,14336,60416
68,55,16384,60416
68,55,17408,60416
68,28,19456,60416
65,43,1024,61440
65,64,2048,61440
65,45,3072,61440
65,31,7168,61440
65,30,11264,61440
65,28,13312,61440
65,55,15360,61440
65,55,16384,61440
65,28,18432,61440
65,51,20480,61440
43,64,1024,62464
43,45,2048,62464
43,31,6144,62464
43,30,10240,62464
43,28,12288,62464
43,55,14336,62464
43,55,15360,62464
43,28,17408,62464
43,51,19456,62464
64,45,1024,63488
64,31,5120,63488
64,30,9216,63488
64,28,11264,63488
64,55,13312,63488
64,55,14336,63488
64,28,16384,63488
64,51,18432,63488
64,51,20480,63488
45,31,4096,64512
45,30,8192,64512
45,28,10240,64512
45,55,12288,64512
45,55,13312,64512
45,28,15360,64512
45,51,17408,64512
45,51,19456,64512
45,25,20480,64512
45,50,20480,64512
31,30,4096,68608
31,28,6144,68608
31,55,8192,68608
31,55,9216,68608
31,28,11264,68608
31,51,13312,68608
31,51,15360,68608
31,25,16384,68608
31,50,16384,68608
31,49,17408,68608
31,51,19456,68608
30,28,2048,72704
30,55,4096,72704
30,55,5120,72704
30,28,7168,72704
30,51,9216,72704
30,51,11264,72704
30,25,12288,72704
30,50,12288,72704
30,49,13312,72704
30,51,15360,72704
30,26,18432,72704
30,74,19456,72704
30,46,20480,72704
28,55,2048,74752
28,55,3072,74752
28,28,5120,74752
28,51,7168,74752
28,51,9216,74752
28,25,10240,74752
28,50,10240,74752
28,49,11264,74752
28,51,13312,74752
28,26,16384,74752
28,74,17408,74752
28,46,18432,74752
55,55,1024,76800
55,28,3072,76800
55,51,5120,76800
55,51,7168,76800
55,25,8192,76800
55,50,8192,76800
55,49,9216,76800
55,51,11264,76800
55,26,14336,76800
55,74,15360,76800
55,46,16384,76800
55,50,19456,76800
55,74,20480,76800
55,28,2048,77824
55,51,4096,77824
55,51,6144,77824
55,25,7168,77824
55,50,7168,77824
55,49,8192,77824
55,51,10240,77824
55,26,13312,77824
55,74,14336,77824
55,46,15360,77824
55,50,18432,77824
55,74,19456,77824
55,75,20480,77824
28,51,2048,79872
28,51,4096,79872
28,25,5120,79872
28,50,5120,79872
28,49,6144,79872
28,51,8192,79872
28,26,11264,79872
28,74,12288,79872
28,46,13312,79872
28,50,16384,79872
28,74,17408,79872
28,75,18432,79872
28,53,19456,79872
51,51,2048,81920
51,25,3072,81920
51,50,3072,81920
51,49,4096,81920
51,51,6144,81920
51,26,9216,81920
51,74,10240,81920
51,46,11264,81920
51,50,14336,81920
51,74,15360,81920
51,75,16384,81920
51,53,17408,81920
51,25,1024,83968
51,50,1024,83968
51,49,2048,83968
51,51,4096,83968
51,26,7168,83968
51,74,8192,83968
51,46,9216,83968
51,50,12288,83968
51,74,13312,83968
51,75,14336,83968
51,53,15360,83968
25,50,0,84992
25,49,1024,84992
25,51,3072,84992
25,26,6144,84992
25,74,7168,84992
25,46,8192,84992
25,50,11264,84992
25,74,12288,84992
25,75,13312,84992
25,53,14336,84992
25,43,20480,84992
50,49,1024,84992
50,51,3072,84992
50,26,6144,84992
50,74,7168,84992
50,46,8192,84992
50,50,11264,84992
50,74,12288,84992
50,75,13312,84992
50,53,14336,84992
50,43,20480,84992
49,51,2048,86016
49,26,5120,86016
49,74,6144,86016
49,46,7168,86016
49,50,10240,86016
49,74,11264,86016
49,75,12288,86016
49,53,13312,86016
49,43,19456,86016
51,26,3072,88064
51,74,4096,88064
51,46,5120,88064
51,50,8192,88064
51,74,9216,88064
51,75,10240,88064
51,53,11264,88064
51,43,17408,88064
51,23,19456,88064
51,47,19456,88064
26,74,1024,91136
26,46,2048,91136
26,50,5120,91136
26,74,6144,91136
26,75,7168,91136
26,53,8192,91136
26,43,14336,91136
26,23,16384,91136
26,47,16384,91136
26,50,18432,91136
26,71,20480,91136
74,46,1024,92160
74,50,4096,92160
74,74,5120,92160
74,75,6144,92160
74,53,7168,92160
74,43,13312,92160
74,23,15360,92160
74,47,15360,92160
74,50,17408,92160
74,71,19456,92160
46,50,3072,93184
46,74,4096,93184
46,75,5120,93184
46,53,6144,93184
46,43,12288,93184
46,23,14336,93184
46,47,14336,93184
46,50,16384,93184
46,71,18432,93184
46,51,20480,93184
50,74,1024,96256
50,75,2048,96256
50,53,3072,96256
50,43,9216,96256
50,23,11264,96256
50,47,11264,96256
50,50,13312,96256
50,71,15360,96256
50,51,17408,96256
50,45,18432,96256
74,75,1024,97280
74,53,2048,97280
74,43,8192,97280
74,23,10240,97280
74,47,10240,97280
74,50,12288,97280
74,71,14336,97280
74,51,16384,97280
74,45,17408,97280
75,53,1024,98304
75,43,7168,98304
75,23,9216,98304
75,47,9216,98304
75,50,11264,98304
75,71,13312,98304
75,51,15360,98304
75,45,16384,98304
75,47,20480,98304
53,43,6144,99328
53,23,8192,99328
53,47,8192,99328
53,50,10240,99328
53,71,12288,99328
53,51,14336,99328
53,45,15360,99328
53,47,19456,99328
53,61,20480,99328
43,23,2048,105472
43,47,2048,105472
43,50,4096,105472
43,71,6144,105472
43,51,8192,105472
43,45,9216,105472
43,47,13312,105472
43,61,14336,105472
43,48,19456,105472
23,47,0,107520
23,50,2048,107520
23,71,4096,107520
23,51,6144,107520
23,45,7168,107520
23,47,11264,107520
23,61,12288,107520
23,48,17408,107520
47,50,2048,107520
47,71,4096,107520
47,51,6144,107520
47,45,7168,107520
47,47,11264,107520
47,61,12288,107520
47,48,17408,107520
50,71,2048,109568
50,51,4096,109568
50,45,5120,109568
50,47,9216,109568
50,61,10240,109568
50,48,15360,109568
50,71,19456,109568
50,41,20480,109568
71,51,2048,111616
71,45,3072,111616
71,47,7168,111616
71,61,8192,111616
71,48,13312,111616
71,71,17408,111616
71,41,18432,111616
51,45,1024,113664
51,47,5120,113664
51,61,6144,113664
51,48,11264,113664
51,71,15360,113664
51,41,16384,113664
51,56,19456,113664
45,47,4096,114688
45,61,5120,114688
45,48,10240,114688
45,71,14336,114688
45,41,15360,114688
45,56,18432,114688
45,50,20480,114688
47,61,1024,118784
47,48,6144,118784
47,71,10240,118784
47,41,11264,118784
47,56,14336,118784
47,50,16384,118784
47,65,17408,118784
47,24,19456,118784
47,45,20480,118784
61,48,5120,119808
61,71,9216,119808
61,41,10240,119808
61,56,13312,119808
61,50,15360,119808
61,65,16384,119808
61,24,18432,119808
61,45,19456,119808
48,71,4096,124928
48,41,5120,124928
48,56,8192,124928
48,50,10240,124928
48,65,11264,124928
48,24,13312,124928
48,45,14336,124928
48,42,17408,124928
48,49,19456,124928
71,41,1024,129024
71,56,4096,129024
71,50,6144,129024
71,65,7168,129024
71,24,9216,129024
71,45,10240,129024
71,42,13312,129024
71,49,15360,129024
71,39,17408,129024
71,40,17408,129024
41,56,3072,130048
41,50,5120,130048
41,65,6144,130048
41,24,8192,130048
41,45,9216,130048
41,42,12288,130048
41,49,14336,130048
41,39,16384,130048
41,40,16384,130048
41,70,20480,130048
56,50,2048,133120
56,65,3072,133120
56,24,5120,133120
56,45,6144,133120
56,42,9216,133120
56,49,11264,133120
56,39,13312,133120
56,40,13312,133120
56,70,17408,133120
56,66,20480,133120
50,65,1024,135168
50,24,3072,135168
50,45,4096,135168
50,42,7168,135168
50,49,9216,135168
50,39,11264,135168
50,40,11264,135168
50,70,15360,135168
50,66,18432,135168
50,38,20480,135168
65,24,2048,136192
65,45,3072,136192
65,42,6144,136192
65,49,8192,136192
65,39,10240,136192
65,40,10240,136192
65,70,14336,136192
65,66,17408,136192
65,38,19456,136192
65,48,20480,136192
24,45,1024,138240
24,42,4096,138240
24,49,6144,138240
24,39,8192,138240
24,40,8192,138240
24,70,12288,138240
24,66,15360,138240
24,38,17408,138240
24,48,18432,138240
45,42,3072,139264
45,49,5120,139264
45,39,7168,139264
45,40,7168,139264
45,70,11264,139264
45,66,14336,139264
45,38,16384,139264
45,48,17408,139264
42,49,2048,142336
42,39,4096,142336
42,40,4096,142336
42,70,8192,142336
42,66,11264,142336
42,38,13312,142336
42,48,14336,142336
42,70,18432,142336
42,63,20480,142336
49,39,2048,144384
49,40,2048,144384
49,70,6144,144384
49,66,9216,144384
49,38,11264,144384
49,48,12288,144384
49,70,16384,144384
49,63,18432,144384
39,40,0,146432
39,70,4096,146432
39,66,7168,146432
39,38,9216,146432
39,48,10240,146432
39,70,14336,146432
39,63,16384,146432
40,70,4096,146432
40,66,7168,146432
40,38,9216,146432
40,48,10240,146432
40,70,14336,146432
40,63,16384,146432
70,66,3072,150528
70,38,5120,150528
70,48,6144,150528
70,70,10240,150528
70,63,12288,150528
70,19,17408,150528
66,38,2048,153600
66,48,3072,153600
66,70,7168,153600
66,63,9216,153600
66,19,14336,153600
38,48,1024,155648
38,70,5120,155648
38,63,7168,155648
38,19,12288,155648
38,41,20480,155648
48,70,4096,156672
48,63,6144,156672
48,19,11264,156672
48,41,19456,156672
70,63,2048,160768
70,19,7168,160768
70,41,15360,160768
63,19,5120,162816
63,41,13312,162816
19,41,8192,167936
20,41,15360,253952
20,72,18432,253952
20,71,19456,253952
20,71,20480,253952
41,72,3072,269312
41,71,4096,269312
41,71,5120,269312
41,61,10240,269312
41,25,14336,269312
72,71,1024,272384
72,71,2048,272384
72,61,7168,272384
72,25,11264,272384
71,71,1024,273408
71,61,6144,273408
71,25,10240,273408
71,61,5120,274432
71,25,9216,274432
61,25,4096,279552
61,44,18432,279552
61,44,20480,279552
25,44,14336,283648
25,44,16384,283648
25,31,20480,283648
44,44,2048,297984
44,31,6144,297984
44,50,9216,297984
44,71,11264,297984
44,31,4096,300032
44,50,7168,300032
44,71,9216,300032
31,50,3072,304128
31,71,5120,304128
31,35,19456,304128
50,71,2048,307200
50,35,16384,307200
71,35,14336,309248
