18,13,5120,0
18,16,8192,0
18,18,9216,0
18,13,14336,0
18,18,18432,0
13,16,3072,5120
13,18,4096,5120
13,13,9216,5120
13,18,13312,5120
13,14,18432,5120
16,18,1024,8192
16,13,6144,8192
16,18,10240,8192
16,14,15360,8192
16,18,19456,8192
18,13,5120,9216
18,18,9216,9216
18,14,14336,9216
18,18,18432,9216
13,18,4096,14336
13,14,9216,14336
13,18,13312,14336
13,14,18432,14336
18,14,5120,18432
18,18,9216,18432
18,14,14336,18432
14,18,4096,23552
14,14,9216,23552
14,14,18432,23552
14,12,19456,23552
18,14,5120,27648
18,14,14336,27648
18,12,15360,27648
14,14,9216,32768
14,12,10240,32768
14,14,18432,32768
14,12,19456,32768
14,12,1024,41984
14,14,9216,41984
14,12,10240,41984
14,18,14336,41984
14,11,18432,41984
14,13,19456,41984
12,14,8192,43008
12,12,9216,43008
12,18,13312,43008
12,11,17408,43008
12,13,18432,43008
14,12,1024,51200
14,18,5120,51200
14,11,9216,51200
14,13,10240,51200
14,16,13312,51200
14,18,14336,51200
14,13,19456,51200
12,18,4096,52224
12,11,8192,52224
12,13,9216,52224
12,16,12288,52224
12,18,13312,52224
12,13,18432,52224
18,11,4096,56320
18,13,5120,56320
18,16,8192,56320
18,18,9216,56320
18,13,14336,56320
18,16,17408,56320
18,18,18432,56320
11,13,1024,60416
11,16,4096,60416
11,18,5120,60416
11,13,10240,60416
11,16,13312,60416
11,18,14336,60416
11,13,19456,60416
13,16,3072,61440
13,18,4096,61440
13,13,9216,61440
13,16,12288,61440
13,18,13312,61440
13,13,18432,61440
16,18,1024,64512
16,13,6144,64512
16,16,9216,64512
16,18,10240,64512
16,13,15360,64512
16,18,19456,64512
18,13,5120,65536
18,16,8192,65536
18,18,9216,65536
18,13,14336,65536
18,18,18432,65536
13,16,3072,70656
13,18,4096,70656
13,13,9216,70656
13,18,13312,70656
13,93,17408,70656
13,14,18432,70656
16,18,1024,73728
16,13,6144,73728
16,18,10240,73728
16,93,14336,73728
16,14,15360,73728
16,18,19456,73728
18,13,5120,74752
18,18,9216,74752
18,93,13312,74752
18,14,14336,74752
18,18,18432,74752
13,18,4096,79872
13,93,8192,79872
13,14,9216,79872
13,18,13312,79872
13,14,18432,79872
18,93,4096,83968
18,14,5120,83968
18,18,9216,83968
18,14,14336,83968
93,14,1024,88064
93,18,5120,88064
93,14,10240,88064
93,14,19456,88064
93,12,20480,88064
14,18,4096,89088
14,14,9216,89088
14,14,18432,89088
14,12,19456,89088
18,14,5120,93184
18,14,14336,93184
18,12,15360,93184
14,14,9216,98304
14,12,10240,98304
14,14,18432,98304
14,12,19456,98304
14,12,1024,107520
14,14,9216,107520
14,12,10240,107520
14,14,18432,107520
14,12,19456,107520
12,14,8192,108544
12,12,9216,108544
12,14,17408,108544
12,12,18432,108544
14,12,1024,116736
14,14,9216,116736
14,12,10240,116736
14,16,13312,116736
14,18,14336,116736
14,15,18432,116736
14,13,19456,116736
12,14,8192,117760
12,12,9216,117760
12,16,12288,117760
12,18,13312,117760
12,15,17408,117760
12,13,18432,117760
14,12,1024,125952
14,16,4096,125952
14,18,5120,125952
14,15,9216,125952
14,13,10240,125952
14,16,13312,125952
14,18,14336,125952
14,13,19456,125952
12,16,3072,126976
12,18,4096,126976
12,15,8192,126976
12,13,9216,126976
12,16,12288,126976
12,18,13312,126976
12,13,18432,126976
16,18,1024,130048
16,15,5120,130048
16,13,6144,130048
16,16,9216,130048
16,18,10240,130048
16,13,15360,130048
16,18,19456,130048
18,15,4096,131072
18,13,5120,131072
18,16,8192,131072
18,18,9216,131072
18,13,14336,131072
18,18,18432,131072
15,13,1024,135168
15,16,4096,135168
15,18,5120,135168
15,13,10240,135168
15,18,14336,135168
15,13,19456,135168
13,16,3072,136192
13,18,4096,136192
13,13,9216,136192
13,18,13312,136192
13,13,18432,136192
16,18,1024,139264
16,13,6144,139264
16,18,10240,139264
16,13,15360,139264
16,18,19456,139264
18,13,5120,140288
18,18,9216,140288
18,13,14336,140288
18,18,18432,140288
13,18,4096,145408
13,13,9216,145408
13,18,13312,145408
13,14,18432,145408
18,13,5120,149504
18,18,9216,149504
18,14,14336,149504
13,18,4096,154624
13,14,9216,154624
18,14,5120,158720
