19,18,6144,2048
19,20,8192,2048
19,31,10240,2048
19,20,12288,2048
19,18,18432,2048
19,20,20480,2048
18,20,2048,8192
18,31,4096,8192
18,20,6144,8192
18,18,12288,8192
18,20,14336,8192
18,20,18432,8192
18,18,19456,8192
20,31,2048,10240
20,20,4096,10240
20,18,10240,10240
20,20,12288,10240
20,20,16384,10240
20,18,17408,10240
31,20,2048,12288
31,18,8192,12288
31,20,10240,12288
31,20,14336,12288
31,18,15360,12288
20,18,6144,14336
20,20,8192,14336
20,20,12288,14336
20,18,13312,14336
20,20,19456,14336
18,20,2048,20480
18,20,6144,20480
18,18,7168,20480
18,20,13312,20480
20,20,4096,22528
20,18,5120,22528
20,20,11264,22528
20,18,1024,26624
20,20,7168,26624
20,18,17408,26624
20,20,19456,26624
18,20,6144,27648
18,18,16384,27648
18,20,18432,27648
18,31,20480,27648
20,18,10240,33792
20,20,12288,33792
20,31,14336,33792
20,20,16384,33792
18,20,2048,44032
18,31,4096,44032
18,20,6144,44032
18,18,12288,44032
18,20,14336,44032
18,20,18432,44032
18,18,19456,44032
20,31,2048,46080
20,20,4096,46080
20,18,10240,46080
20,20,12288,46080
20,20,16384,46080
20,18,17408,46080
31,20,2048,48128
31,18,8192,48128
31,20,10240,48128
31,20,14336,48128
31,18,15360,48128
20,18,6144,50176
20,20,8192,50176
20,20,12288,50176
20,18,13312,50176
20,20,19456,50176
20,20,20480,50176
18,20,2048,56320
18,20,6144,56320
18,18,7168,56320
18,20,13312,56320
18,20,14336,56320
18,18,19456,56320
18,19,20480,56320
20,20,4096,58368
20,18,5120,58368
20,20,11264,58368
20,20,12288,58368
20,18,17408,58368
20,19,18432,58368
20,18,1024,62464
20,20,7168,62464
20,20,8192,62464
20,18,13312,62464
20,19,14336,62464
20,18,17408,62464
20,20,19456,62464
18,20,6144,63488
18,20,7168,63488
18,18,12288,63488
18,19,13312,63488
18,18,16384,63488
18,20,18432,63488
18,31,20480,63488
20,20,1024,69632
20,18,6144,69632
20,19,7168,69632
20,18,10240,69632
20,20,12288,69632
20,31,14336,69632
20,19,16384,69632
20,18,5120,70656
20,19,6144,70656
20,18,9216,70656
20,20,11264,70656
20,31,13312,70656
20,19,15360,70656
18,19,1024,75776
18,18,4096,75776
18,20,6144,75776
18,31,8192,75776
18,19,10240,75776
18,18,16384,75776
18,20,18432,75776
19,18,3072,76800
19,20,5120,76800
19,31,7168,76800
19,19,9216,76800
19,18,15360,76800
19,20,17408,76800
18,20,2048,79872
18,31,4096,79872
18,19,6144,79872
18,18,12288,79872
18,20,14336,79872
18,20,18432,79872
18,18,19456,79872
20,31,2048,81920
20,19,4096,81920
20,18,10240,81920
20,20,12288,81920
20,20,16384,81920
20,18,17408,81920
31,19,2048,83968
31,18,8192,83968
31,20,10240,83968
31,20,14336,83968
31,18,15360,83968
19,18,6144,86016
19,20,8192,86016
19,20,12288,86016
19,18,13312,86016
19,20,20480,86016
18,20,2048,92160
18,20,6144,92160
18,18,7168,92160
18,20,14336,92160
18,20,18432,92160
18,18,19456,92160
18,18,20480,92160
20,20,4096,94208
20,18,5120,94208
20,20,12288,94208
20,20,16384,94208
20,18,17408,94208
20,18,18432,94208
20,18,1024,98304
20,20,8192,98304
20,20,12288,98304
20,18,13312,98304
20,18,14336,98304
20,18,17408,98304
20,20,19456,98304
18,20,7168,99328
18,20,11264,99328
18,18,12288,99328
18,18,13312,99328
18,18,16384,99328
18,20,18432,99328
20,20,4096,106496
20,18,5120,106496
20,18,6144,106496
20,18,9216,106496
20,20,11264,106496
20,18,1024,110592
20,18,2048,110592
20,18,5120,110592
20,20,7168,110592
20,18,17408,110592
20,20,19456,110592
18,18,1024,111616
18,18,4096,111616
18,20,6144,111616
18,18,16384,111616
18,20,18432,111616
18,31,20480,111616
18,18,3072,112640
18,20,5120,112640
18,18,15360,112640
18,20,17408,112640
18,31,19456,112640
18,20,2048,115712
18,18,12288,115712
18,20,14336,115712
18,31,16384,115712
18,20,18432,115712
20,18,10240,117760
20,20,12288,117760
20,31,14336,117760
20,20,16384,117760
18,20,2048,128000
18,31,4096,128000
18,20,6144,128000
18,18,12288,128000
18,20,14336,128000
18,20,18432,128000
18,18,19456,128000
20,31,2048,130048
20,20,4096,130048
20,18,10240,130048
20,20,12288,130048
20,20,16384,130048
20,18,17408,130048
31,20,2048,132096
31,18,8192,132096
31,20,10240,132096
31,20,14336,132096
31,18,15360,132096
20,18,6144,134144
20,20,8192,134144
20,20,12288,134144
20,18,13312,134144
20,20,19456,134144
18,20,2048,140288
18,20,6144,140288
18,18,7168,140288
18,20,13312,140288
18,19,19456,140288
18,19,20480,140288
20,20,4096,142336
20,18,5120,142336
20,20,11264,142336
20,19,17408,142336
20,19,18432,142336
20,18,1024,146432
20,20,7168,146432
20,19,13312,146432
20,19,14336,146432
20,18,17408,146432
18,20,6144,147456
18,19,12288,147456
18,19,13312,147456
18,18,16384,147456
20,19,6144,153600
20,19,7168,153600
20,18,10240,153600
19,19,1024,159744
19,18,4096,159744
19,18,3072,160768
