27,46,0,0
27,55,1024,0
27,55,2048,0
27,56,6144,0
27,24,7168,0
27,32,12288,0
27,27,15360,0
27,27,16384,0
27,54,17408,0
27,43,20480,0
46,55,1024,0
46,55,2048,0
46,56,6144,0
46,24,7168,0
46,32,12288,0
46,27,15360,0
46,27,16384,0
46,54,17408,0
46,43,20480,0
55,55,1024,1024
55,56,5120,1024
55,24,6144,1024
55,32,11264,1024
55,27,14336,1024
55,27,15360,1024
55,54,16384,1024
55,43,19456,1024
55,31,20480,1024
55,56,4096,2048
55,24,5120,2048
55,32,10240,2048
55,27,13312,2048
55,27,14336,2048
55,54,15360,2048
55,43,18432,2048
55,31,19456,2048
55,24,20480,2048
56,24,1024,6144
56,32,6144,6144
56,27,9216,6144
56,27,10240,6144
56,54,11264,6144
56,43,14336,6144
56,31,15360,6144
56,24,16384,6144
56,62,17408,6144
56,19,18432,6144
24,32,5120,7168
24,27,8192,7168
24,27,9216,7168
24,54,10240,7168
24,43,13312,7168
24,31,14336,7168
24,24,15360,7168
24,62,16384,7168
24,19,17408,7168
32,27,3072,12288
32,27,4096,12288
32,54,5120,12288
32,43,8192,12288
32,31,9216,12288
32,24,10240,12288
32,62,11264,12288
32,19,12288,12288
27,27,1024,15360
27,54,2048,15360
27,43,5120,15360
27,31,6144,15360
27,24,7168,15360
27,62,8192,15360
27,19,9216,15360
27,65,19456,15360
27,81,20480,15360
27,54,1024,16384
27,43,4096,16384
27,31,5120,16384
27,24,6144,16384
27,62,7168,16384
27,19,8192,16384
27,65,18432,16384
27,81,19456,16384
27,28,20480,16384
54,43,3072,17408
54,31,4096,17408
54,24,5120,17408
54,62,6144,17408
54,19,7168,17408
54,65,17408,17408
54,81,18432,17408
54,28,19456,17408
43,31,1024,20480
43,24,2048,20480
43,62,3072,20480
43,19,4096,20480
43,65,14336,20480
43,81,15360,20480
43,28,16384,20480
43,21,19456,20480
43,41,19456,20480
43,24,20480,20480
31,24,1024,21504
31,62,2048,21504
31,19,3072,21504
31,65,13312,21504
31,81,14336,21504
31,28,15360,21504
31,21,18432,21504
31,41,18432,21504
31,24,19456,21504
24,62,1024,22528
24,19,2048,22528
24,65,12288,22528
24,81,13312,22528
24,28,14336,22528
24,21,17408,22528
24,41,17408,22528
24,24,18432,22528
24,27,20480,22528
62,19,1024,23552
62,65,11264,23552
62,81,12288,23552
62,28,13312,23552
62,21,16384,23552
62,41,16384,23552
62,24,17408,23552
62,27,19456,23552
19,65,10240,24576
19,81,11264,24576
19,28,12288,24576
19,21,15360,24576
19,41,15360,24576
19,24,16384,24576
19,27,18432,24576
65,81,1024,34816
65,28,2048,34816
65,21,5120,34816
65,41,5120,34816
65,24,6144,34816
65,27,8192,34816
65,25,11264,34816
65,54,13312,34816
65,164,13312,34816
65,19,14336,34816
65,66,14336,34816
65,163,14336,34816
65,65,15360,34816
65,27,16384,34816
81,28,1024,35840
81,21,4096,35840
81,41,4096,35840
81,24,5120,35840
81,27,7168,35840
81,25,10240,35840
81,54,12288,35840
81,164,12288,35840
81,19,13312,35840
81,66,13312,35840
81,163,13312,35840
81,65,14336,35840
81,27,15360,35840
81,32,16384,35840
28,21,3072,36864
28,41,3072,36864
28,24,4096,36864
28,27,6144,36864
28,25,9216,36864
28,54,11264,36864
28,164,11264,36864
28,19,12288,36864
28,66,12288,36864
28,163,12288,36864
28,65,13312,36864
28,27,14336,36864
28,32,15360,36864
28,62,18432,36864
21,41,0,39936
21,24,1024,39936
21,27,3072,39936
21,25,6144,39936
21,54,8192,39936
21,164,8192,39936
21,19,9216,39936
21,66,9216,39936
21,163,9216,39936
21,65,10240,39936
21,27,11264,39936
21,32,12288,39936
21,62,15360,39936
21,241,15360,39936
41,24,1024,39936
41,27,3072,39936
41,25,6144,39936
41,54,8192,39936
41,164,8192,39936
41,19,9216,39936
41,66,9216,39936
41,163,9216,39936
41,65,10240,39936
41,27,11264,39936
41,32,12288,39936
41,62,15360,39936
41,241,15360,39936
41,29,16384,39936
24,27,2048,40960
24,25,5120,40960
24,54,7168,40960
24,164,7168,40960
24,19,8192,40960
24,66,8192,40960
24,163,8192,40960
24,65,9216,40960
24,27,10240,40960
24,32,11264,40960
24,62,14336,40960
24,241,14336,40960
24,29,15360,40960
24,54,15360,40960
27,25,3072,43008
27,54,5120,43008
27,164,5120,43008
27,19,6144,43008
27,66,6144,43008
27,163,6144,43008
27,65,7168,43008
27,27,8192,43008
27,32,9216,43008
27,62,12288,43008
27,241,12288,43008
27,29,13312,43008
27,54,13312,43008
27,55,15360,43008
25,54,2048,46080
25,164,2048,46080
25,19,3072,46080
25,66,3072,46080
25,163,3072,46080
25,65,4096,46080
25,27,5120,46080
25,32,6144,46080
25,62,9216,46080
25,241,9216,46080
25,29,10240,46080
25,54,10240,46080
25,55,12288,46080
25,57,16384,46080
54,164,0,48128
54,19,1024,48128
54,66,1024,48128
54,163,1024,48128
54,65,2048,48128
54,27,3072,48128
54,32,4096,48128
54,62,7168,48128
54,241,7168,48128
54,29,8192,48128
54,54,8192,48128
54,55,10240,48128
54,57,14336,48128
54,139,16384,48128
164,19,1024,48128
164,66,1024,48128
164,163,1024,48128
164,65,2048,48128
164,27,3072,48128
164,32,4096,48128
164,62,7168,48128
164,241,7168,48128
164,29,8192,48128
164,54,8192,48128
164,55,10240,48128
164,57,14336,48128
164,139,16384,48128
164,29,17408,48128
19,66,0,49152
19,163,0,49152
19,65,1024,49152
19,27,2048,49152
19,32,3072,49152
19,62,6144,49152
19,241,6144,49152
19,29,7168,49152
19,54,7168,49152
19,55,9216,49152
19,57,13312,49152
19,139,15360,49152
19,29,16384,49152
19,58,18432,49152
66,163,0,49152
66,65,1024,49152
66,27,2048,49152
66,32,3072,49152
66,62,6144,49152
66,241,6144,49152
66,29,7168,49152
66,54,7168,49152
66,55,9216,49152
66,57,13312,49152
66,139,15360,49152
66,29,16384,49152
66,58,18432,49152
66,55,19456,49152
163,65,1024,49152
163,27,2048,49152
163,32,3072,49152
163,62,6144,49152
163,241,6144,49152
163,29,7168,49152
163,54,7168,49152
163,55,9216,49152
163,57,13312,49152
163,139,15360,49152
163,29,16384,49152
163,58,18432,49152
163,55,19456,49152
163,110,19456,49152
65,27,1024,50176
65,32,2048,50176
65,62,5120,50176
65,241,5120,50176
65,29,6144,50176
65,54,6144,50176
65,55,8192,50176
65,57,12288,50176
65,139,14336,50176
65,29,15360,50176
65,58,17408,50176
65,55,18432,50176
65,110,18432,50176
27,32,1024,51200
27,62,4096,51200
27,241,4096,51200
27,29,5120,51200
27,54,5120,51200
27,55,7168,51200
27,57,11264,51200
27,139,13312,51200
27,29,14336,51200
27,58,16384,51200
27,55,17408,51200
27,110,17408,51200
27,28,20480,51200
27,55,20480,51200
32,62,3072,52224
32,241,3072,52224
32,29,4096,52224
32,54,4096,52224
32,55,6144,52224
32,57,10240,52224
32,139,12288,52224
32,29,13312,52224
32,58,15360,52224
32,55,16384,52224
32,110,16384,52224
32,28,19456,52224
32,55,19456,52224
62,241,0,55296
62,29,1024,55296
62,54,1024,55296
62,55,3072,55296
62,57,7168,55296
62,139,9216,55296
62,29,10240,55296
62,58,12288,55296
62,55,13312,55296
62,110,13312,55296
62,28,16384,55296
62,55,16384,55296
62,90,18432,55296
62,83,20480,55296
241,29,1024,55296
241,54,1024,55296
241,55,3072,55296
241,57,7168,55296
241,139,9216,55296
241,29,10240,55296
241,58,12288,55296
241,55,13312,55296
241,110,13312,55296
241,28,16384,55296
241,55,16384,55296
241,90,18432,55296
241,83,20480,55296
29,54,0,56320
29,55,2048,56320
29,57,6144,56320
29,139,8192,56320
29,29,9216,56320
29,58,11264,56320
29,55,12288,56320
29,110,12288,56320
29,28,15360,56320
29,55,15360,56320
29,90,17408,56320
29,83,19456,56320
54,55,2048,56320
54,57,6144,56320
54,139,8192,56320
54,29,9216,56320
54,58,11264,56320
54,55,12288,56320
54,110,12288,56320
54,28,15360,56320
54,55,15360,56320
54,90,17408,56320
54,83,19456,56320
55,57,4096,58368
55,139,6144,58368
55,29,7168,58368
55,58,9216,58368
55,55,10240,58368
55,110,10240,58368
55,28,13312,58368
55,55,13312,58368
55,90,15360,58368
55,83,17408,58368
57,139,2048,62464
57,29,3072,62464
57,58,5120,62464
57,55,6144,62464
57,110,6144,62464
57,28,9216,62464
57,55,9216,62464
57,90,11264,62464
57,83,13312,62464
57,84,17408,62464
139,29,1024,64512
139,58,3072,64512
139,55,4096,64512
139,110,4096,64512
139,28,7168,64512
139,55,7168,64512
139,90,9216,64512
139,83,11264,64512
139,84,15360,64512
29,58,2048,65536
29,55,3072,65536
29,110,3072,65536
29,28,6144,65536
29,55,6144,65536
29,90,8192,65536
29,83,10240,65536
29,84,14336,65536
29,60,20480,65536
58,55,1024,67584
58,110,1024,67584
58,28,4096,67584
58,55,4096,67584
58,90,6144,67584
58,83,8192,67584
58,84,12288,67584
58,60,18432,67584
58,79,19456,67584
58,80,19456,67584
55,110,0,68608
55,28,3072,68608
55,55,3072,68608
55,90,5120,68608
55,83,7168,68608
55,84,11264,68608
55,60,17408,68608
55,79,18432,68608
55,80,18432,68608
110,28,3072,68608
110,55,3072,68608
110,90,5120,68608
110,83,7168,68608
110,84,11264,68608
110,60,17408,68608
110,79,18432,68608
110,80,18432,68608
28,55,0,71680
28,90,2048,71680
28,83,4096,71680
28,84,8192,71680
28,60,14336,71680
28,79,15360,71680
28,80,15360,71680
28,56,20480,71680
28,111,20480,71680
55,90,2048,71680
55,83,4096,71680
55,84,8192,71680
55,60,14336,71680
55,79,15360,71680
55,80,15360,71680
55,56,20480,71680
55,111,20480,71680
90,83,2048,73728
90,84,6144,73728
90,60,12288,73728
90,79,13312,73728
90,80,13312,73728
90,56,18432,73728
90,111,18432,73728
90,56,19456,73728
90,111,19456,73728
83,84,4096,75776
83,60,10240,75776
83,79,11264,75776
83,80,11264,75776
83,56,16384,75776
83,111,16384,75776
83,56,17408,75776
83,111,17408,75776
84,60,6144,79872
84,79,7168,79872
84,80,7168,79872
84,56,12288,79872
84,111,12288,79872
84,56,13312,79872
84,111,13312,79872
60,79,1024,86016
60,80,1024,86016
60,56,6144,86016
60,111,6144,86016
60,56,7168,86016
60,111,7168,86016
60,57,16384,86016
60,55,18432,86016
60,27,20480,86016
79,80,0,87040
79,56,5120,87040
79,111,5120,87040
79,56,6144,87040
79,111,6144,87040
79,57,15360,87040
79,55,17408,87040
79,27,19456,87040
79,56,20480,87040
80,56,5120,87040
80,111,5120,87040
80,56,6144,87040
80,111,6144,87040
80,57,15360,87040
80,55,17408,87040
80,27,19456,87040
80,56,20480,87040
56,111,0,92160
56,56,1024,92160
56,111,1024,92160
56,57,10240,92160
56,55,12288,92160
56,27,14336,92160
56,56,15360,92160
56,80,19456,92160
111,56,1024,92160
111,111,1024,92160
111,57,10240,92160
111,55,12288,92160
111,27,14336,92160
111,56,15360,92160
111,80,19456,92160
56,111,0,93184
56,57,9216,93184
56,55,11264,93184
56,27,13312,93184
56,56,14336,93184
56,80,18432,93184
111,57,9216,93184
111,55,11264,93184
111,27,13312,93184
111,56,14336,93184
111,80,18432,93184
57,55,2048,102400
57,27,4096,102400
57,56,5120,102400
57,80,9216,102400
57,55,12288,102400
57,79,14336,102400
57,80,14336,102400
57,83,18432,102400
55,27,2048,104448
55,56,3072,104448
55,80,7168,104448
55,55,10240,104448
55,79,12288,104448
55,80,12288,104448
55,83,16384,104448
55,78,19456,104448
27,56,1024,106496
27,80,5120,106496
27,55,8192,106496
27,79,10240,106496
27,80,10240,106496
27,83,14336,106496
27,78,17408,106496
27,27,19456,106496
56,80,4096,107520
56,55,7168,107520
56,79,9216,107520
56,80,9216,107520
56,83,13312,107520
56,78,16384,107520
56,27,18432,107520
80,55,3072,111616
80,79,5120,111616
80,80,5120,111616
80,83,9216,111616
80,78,12288,111616
80,27,14336,111616
80,57,17408,111616
80,27,19456,111616
55,79,2048,114688
55,80,2048,114688
55,83,6144,114688
55,78,9216,114688
55,27,11264,114688
55,57,14336,114688
55,27,16384,114688
79,80,0,116736
79,83,4096,116736
79,78,7168,116736
79,27,9216,116736
79,57,12288,116736
79,27,14336,116736
80,83,4096,116736
80,78,7168,116736
80,27,9216,116736
80,57,12288,116736
80,27,14336,116736
83,78,3072,120832
83,27,5120,120832
83,57,8192,120832
83,27,10240,120832
83,77,17408,120832
83,81,17408,120832
78,27,2048,123904
78,57,5120,123904
78,27,7168,123904
78,77,14336,123904
78,81,14336,123904
78,79,18432,123904
78,80,18432,123904
27,57,3072,125952
27,27,5120,125952
27,77,12288,125952
27,81,12288,125952
27,79,16384,125952
27,80,16384,125952
27,59,19456,125952
27,74,20480,125952
57,27,2048,129024
57,77,9216,129024
57,81,9216,129024
57,79,13312,129024
57,80,13312,129024
57,59,16384,129024
57,74,17408,129024
27,77,7168,131072
27,81,7168,131072
27,79,11264,131072
27,80,11264,131072
27,59,14336,131072
27,74,15360,131072
77,81,0,138240
77,79,4096,138240
77,80,4096,138240
77,59,7168,138240
77,74,8192,138240
77,30,15360,138240
81,79,4096,138240
81,80,4096,138240
81,59,7168,138240
81,74,8192,138240
81,30,15360,138240
79,80,0,142336
79,59,3072,142336
79,74,4096,142336
79,30,11264,142336
79,55,17408,142336
79,53,20480,142336
80,59,3072,142336
80,74,4096,142336
80,30,11264,142336
80,55,17408,142336
80,53,20480,142336
59,74,1024,145408
59,30,8192,145408
59,55,14336,145408
59,53,17408,145408
59,57,20480,145408
74,30,7168,146432
74,55,13312,146432
74,53,16384,146432
74,57,19456,146432
74,57,20480,146432
74,115,20480,146432
30,55,6144,153600
30,53,9216,153600
30,57,12288,153600
30,57,13312,153600
30,115,13312,153600
30,59,16384,153600
30,28,17408,153600
30,55,19456,153600
55,53,3072,159744
55,57,6144,159744
55,57,7168,159744
55,115,7168,159744
55,59,10240,159744
55,28,11264,159744
55,55,13312,159744
55,56,15360,159744
55,56,18432,159744
55,110,18432,159744
55,57,19456,159744
53,57,3072,162816
53,57,4096,162816
53,115,4096,162816
53,59,7168,162816
53,28,8192,162816
53,55,10240,162816
53,56,12288,162816
53,56,15360,162816
53,110,15360,162816
53,57,16384,162816
53,27,18432,162816
53,29,19456,162816
53,56,20480,162816
57,57,1024,165888
57,115,1024,165888
57,59,4096,165888
57,28,5120,165888
57,55,7168,165888
57,56,9216,165888
57,56,12288,165888
57,110,12288,165888
57,57,13312,165888
57,27,15360,165888
57,29,16384,165888
57,56,17408,165888
57,56,18432,165888
57,115,0,166912
57,59,3072,166912
57,28,4096,166912
57,55,6144,166912
57,56,8192,166912
57,56,11264,166912
57,110,11264,166912
57,57,12288,166912
57,27,14336,166912
57,29,15360,166912
57,56,16384,166912
57,56,17408,166912
115,59,3072,166912
115,28,4096,166912
115,55,6144,166912
115,56,8192,166912
115,56,11264,166912
115,110,11264,166912
115,57,12288,166912
115,27,14336,166912
115,29,15360,166912
115,56,16384,166912
115,56,17408,166912
59,28,1024,169984
59,55,3072,169984
59,56,5120,169984
59,56,8192,169984
59,110,8192,169984
59,57,9216,169984
59,27,11264,169984
59,29,12288,169984
59,56,13312,169984
59,56,14336,169984
59,29,19456,169984
28,55,2048,171008
28,56,4096,171008
28,56,7168,171008
28,110,7168,171008
28,57,8192,171008
28,27,10240,171008
28,29,11264,171008
28,56,12288,171008
28,56,13312,171008
28,29,18432,171008
55,56,2048,173056
55,56,5120,173056
55,110,5120,173056
55,57,6144,173056
55,27,8192,173056
55,29,9216,173056
55,56,10240,173056
55,56,11264,173056
55,29,16384,173056
55,18,19456,173056
56,56,3072,175104
56,110,3072,175104
56,57,4096,175104
56,27,6144,175104
56,29,7168,175104
56,56,8192,175104
56,56,9216,175104
56,29,14336,175104
56,18,17408,175104
56,25,20480,175104
56,110,0,178176
56,57,1024,178176
56,27,3072,178176
56,29,4096,178176
56,56,5120,178176
56,56,6144,178176
56,29,11264,178176
56,18,14336,178176
56,25,17408,178176
110,57,1024,178176
110,27,3072,178176
110,29,4096,178176
110,56,5120,178176
110,56,6144,178176
110,29,11264,178176
110,18,14336,178176
110,25,17408,178176
57,27,2048,179200
57,29,3072,179200
57,56,4096,179200
57,56,5120,179200
57,29,10240,179200
57,18,13312,179200
57,25,16384,179200
27,29,1024,181248
27,56,2048,181248
27,56,3072,181248
27,29,8192,181248
27,18,11264,181248
27,25,14336,181248
29,56,1024,182272
29,56,2048,182272
29,29,7168,182272
29,18,10240,182272
29,25,13312,182272
29,56,20480,182272
56,56,1024,183296
56,29,6144,183296
56,18,9216,183296
56,25,12288,183296
56,56,19456,183296
56,29,5120,184320
56,18,8192,184320
56,25,11264,184320
56,56,18432,184320
29,18,3072,189440
29,25,6144,189440
29,56,13312,189440
29,27,17408,189440
29,18,18432,189440
29,27,19456,189440
18,25,3072,192512
18,56,10240,192512
18,27,14336,192512
18,18,15360,192512
18,27,16384,192512
18,26,18432,192512
25,56,7168,195584
25,27,11264,195584
25,18,12288,195584
25,27,13312,195584
25,26,15360,195584
25,54,19456,195584
25,190,19456,195584
25,56,20480,195584
56,27,4096,202752
56,18,5120,202752
56,27,6144,202752
56,26,8192,202752
56,54,12288,202752
56,190,12288,202752
56,56,13312,202752
56,25,14336,202752
56,55,15360,202752
56,18,17408,202752
56,53,18432,202752
27,18,1024,206848
27,27,2048,206848
27,26,4096,206848
27,54,8192,206848
27,190,8192,206848
27,56,9216,206848
27,25,10240,206848
27,55,11264,206848
27,18,13312,206848
27,53,14336,206848
27,28,17408,206848
18,27,1024,207872
18,26,3072,207872
18,54,7168,207872
18,190,7168,207872
18,56,8192,207872
18,25,9216,207872
18,55,10240,207872
18,18,12288,207872
18,53,13312,207872
18,28,16384,207872
27,26,2048,208896
27,54,6144,208896
27,190,6144,208896
27,56,7168,208896
27,25,8192,208896
27,55,9216,208896
27,18,11264,208896
27,53,12288,208896
27,28,15360,208896
26,54,4096,210944
26,190,4096,210944
26,56,5120,210944
26,25,6144,210944
26,55,7168,210944
26,18,9216,210944
26,53,10240,210944
26,28,13312,210944
54,190,0,215040
54,56,1024,215040
54,25,2048,215040
54,55,3072,215040
54,18,5120,215040
54,53,6144,215040
54,28,9216,215040
54,18,17408,215040
54,26,19456,215040
54,28,20480,215040
54,194,20480,215040
190,56,1024,215040
190,25,2048,215040
190,55,3072,215040
190,18,5120,215040
190,53,6144,215040
190,28,9216,215040
190,18,17408,215040
190,26,19456,215040
190,28,20480,215040
190,194,20480,215040
56,25,1024,216064
56,55,2048,216064
56,18,4096,216064
56,53,5120,216064
56,28,8192,216064
56,18,16384,216064
56,26,18432,216064
56,28,19456,216064
56,194,19456,216064
25,55,1024,217088
25,18,3072,217088
25,53,4096,217088
25,28,7168,217088
25,18,15360,217088
25,26,17408,217088
25,28,18432,217088
25,194,18432,217088
55,18,2048,218112
55,53,3072,218112
55,28,6144,218112
55,18,14336,218112
55,26,16384,218112
55,28,17408,218112
55,194,17408,218112
55,52,20480,218112
18,53,1024,220160
18,28,4096,220160
18,18,12288,220160
18,26,14336,220160
18,28,15360,220160
18,194,15360,220160
18,52,18432,220160
18,54,20480,220160
53,28,3072,221184
53,18,11264,221184
53,26,13312,221184
53,28,14336,221184
53,194,14336,221184
53,52,17408,221184
53,54,19456,221184
28,18,8192,224256
28,26,10240,224256
28,28,11264,224256
28,194,11264,224256
28,52,14336,224256
28,54,16384,224256
18,26,2048,232448
18,28,3072,232448
18,194,3072,232448
18,52,6144,232448
18,54,8192,232448
18,18,15360,232448
18,20,17408,232448
18,28,18432,232448
26,28,1024,234496
26,194,1024,234496
26,52,4096,234496
26,54,6144,234496
26,18,13312,234496
26,20,15360,234496
26,28,16384,234496
26,54,19456,234496
28,194,0,235520
28,52,3072,235520
28,54,5120,235520
28,18,12288,235520
28,20,14336,235520
28,28,15360,235520
28,54,18432,235520
194,52,3072,235520
194,54,5120,235520
194,18,12288,235520
194,20,14336,235520
194,28,15360,235520
194,54,18432,235520
52,54,2048,238592
52,18,9216,238592
52,20,11264,238592
52,28,12288,238592
52,54,15360,238592
52,22,18432,238592
52,56,19456,238592
52,55,20480,238592
54,18,7168,240640
54,20,9216,240640
54,28,10240,240640
54,54,13312,240640
54,22,16384,240640
54,56,17408,240640
54,55,18432,240640
18,20,2048,247808
18,28,3072,247808
18,54,6144,247808
18,22,9216,247808
18,56,10240,247808
18,55,11264,247808
18,56,16384,247808
18,18,18432,247808
18,29,19456,247808
20,28,1024,249856
20,54,4096,249856
20,22,7168,249856
20,56,8192,249856
20,55,9216,249856
20,56,14336,249856
20,18,16384,249856
20,29,17408,249856
20,18,19456,249856
20,54,20480,249856
28,54,3072,250880
28,22,6144,250880
28,56,7168,250880
28,55,8192,250880
28,56,13312,250880
28,18,15360,250880
28,29,16384,250880
28,18,18432,250880
28,54,19456,250880
54,22,3072,253952
54,56,4096,253952
54,55,5120,253952
54,56,10240,253952
54,18,12288,253952
54,29,13312,253952
54,18,15360,253952
54,54,16384,253952
54,29,19456,253952
22,56,1024,257024
22,55,2048,257024
22,56,7168,257024
22,18,9216,257024
22,29,10240,257024
22,18,12288,257024
22,54,13312,257024
22,29,16384,257024
56,55,1024,258048
56,56,6144,258048
56,18,8192,258048
56,29,9216,258048
56,18,11264,258048
56,54,12288,258048
56,29,15360,258048
56,51,20480,258048
55,56,5120,259072
55,18,7168,259072
55,29,8192,259072
55,18,10240,259072
55,54,11264,259072
55,29,14336,259072
55,51,19456,259072
56,18,2048,264192
56,29,3072,264192
56,18,5120,264192
56,54,6144,264192
56,29,9216,264192
56,51,14336,264192
56,23,17408,264192
56,50,17408,264192
56,55,18432,264192
56,80,20480,264192
18,29,1024,266240
18,18,3072,266240
18,54,4096,266240
18,29,7168,266240
18,51,12288,266240
18,23,15360,266240
18,50,15360,266240
18,55,16384,266240
18,80,18432,266240
29,18,2048,267264
29,54,3072,267264
29,29,6144,267264
29,51,11264,267264
29,23,14336,267264
29,50,14336,267264
29,55,15360,267264
29,80,17408,267264
18,54,1024,269312
18,29,4096,269312
18,51,9216,269312
18,23,12288,269312
18,50,12288,269312
18,55,13312,269312
18,80,15360,269312
18,53,19456,269312
54,29,3072,270336
54,51,8192,270336
54,23,11264,270336
54,50,11264,270336
54,55,12288,270336
54,80,14336,270336
54,53,18432,270336
54,21,20480,270336
29,51,5120,273408
29,23,8192,273408
29,50,8192,273408
29,55,9216,273408
29,80,11264,273408
29,53,15360,273408
29,21,17408,273408
29,30,19456,273408
29,23,20480,273408
29,50,20480,273408
51,23,3072,278528
51,50,3072,278528
51,55,4096,278528
51,80,6144,278528
51,53,10240,278528
51,21,12288,278528
51,30,14336,278528
51,23,15360,278528
51,50,15360,278528
51,46,16384,278528
23,50,0,281600
23,55,1024,281600
23,80,3072,281600
23,53,7168,281600
23,21,9216,281600
23,30,11264,281600
23,23,12288,281600
23,50,12288,281600
23,46,13312,281600
50,55,1024,281600
50,80,3072,281600
50,53,7168,281600
50,21,9216,281600
50,30,11264,281600
50,23,12288,281600
50,50,12288,281600
50,46,13312,281600
55,80,2048,282624
55,53,6144,282624
55,21,8192,282624
55,30,10240,282624
55,23,11264,282624
55,50,11264,282624
55,46,12288,282624
80,53,4096,284672
80,21,6144,284672
80,30,8192,284672
80,23,9216,284672
80,50,9216,284672
80,46,10240,284672
53,21,2048,288768
53,30,4096,288768
53,23,5120,288768
53,50,5120,288768
53,46,6144,288768
53,24,17408,288768
21,30,2048,290816
21,23,3072,290816
21,50,3072,290816
21,46,4096,290816
21,24,15360,290816
21,27,19456,290816
30,23,1024,292864
30,50,1024,292864
30,46,2048,292864
30,24,13312,292864
30,27,17408,292864
23,50,0,293888
23,46,1024,293888
23,24,12288,293888
23,27,16384,293888
50,46,1024,293888
50,24,12288,293888
50,27,16384,293888
46,24,11264,294912
46,27,15360,294912
46,24,20480,294912
24,27,4096,306176
24,24,9216,306176
24,138,13312,306176
24,122,14336,306176
24,54,18432,306176
24,53,19456,306176
27,24,5120,310272
27,138,9216,310272
27,122,10240,310272
27,54,14336,310272
27,53,15360,310272
24,138,4096,315392
24,122,5120,315392
24,54,9216,315392
24,53,10240,315392
138,122,1024,319488
138,54,5120,319488
138,53,6144,319488
122,54,4096,320512
122,53,5120,320512
54,53,1024,324608
