98,62,4096,1024
98,58,5120,1024
98,60,6144,1024
98,62,8192,1024
98,59,9216,1024
98,61,12288,1024
98,91,12288,1024
98,96,18432,1024
98,60,19456,1024
98,19,20480,1024
62,58,1024,5120
62,60,2048,5120
62,62,4096,5120
62,59,5120,5120
62,61,8192,5120
62,91,8192,5120
62,96,14336,5120
62,60,15360,5120
62,19,16384,5120
62,63,17408,5120
62,29,19456,5120
62,29,20480,5120
58,60,1024,6144
58,62,3072,6144
58,59,4096,6144
58,61,7168,6144
58,91,7168,6144
58,96,13312,6144
58,60,14336,6144
58,19,15360,6144
58,63,16384,6144
58,29,18432,6144
58,29,19456,6144
58,59,20480,6144
60,62,2048,7168
60,59,3072,7168
60,61,6144,7168
60,91,6144,7168
60,96,12288,7168
60,60,13312,7168
60,19,14336,7168
60,63,15360,7168
60,29,17408,7168
60,29,18432,7168
60,59,19456,7168
62,59,1024,9216
62,61,4096,9216
62,91,4096,9216
62,96,10240,9216
62,60,11264,9216
62,19,12288,9216
62,63,13312,9216
62,29,15360,9216
62,29,16384,9216
62,59,17408,9216
62,29,19456,9216
62,29,20480,9216
59,61,3072,10240
59,91,3072,10240
59,96,9216,10240
59,60,10240,10240
59,19,11264,10240
59,63,12288,10240
59,29,14336,10240
59,29,15360,10240
59,59,16384,10240
59,29,18432,10240
59,29,19456,10240
59,60,20480,10240
59,91,20480,10240
61,91,0,13312
61,96,6144,13312
61,60,7168,13312
61,19,8192,13312
61,63,9216,13312
61,29,11264,13312
61,29,12288,13312
61,59,13312,13312
61,29,15360,13312
61,29,16384,13312
61,60,17408,13312
61,91,17408,13312
61,55,19456,13312
91,96,6144,13312
91,60,7168,13312
91,19,8192,13312
91,63,9216,13312
91,29,11264,13312
91,29,12288,13312
91,59,13312,13312
91,29,15360,13312
91,29,16384,13312
91,60,17408,13312
91,91,17408,13312
91,55,19456,13312
96,60,1024,19456
96,19,2048,19456
96,63,3072,19456
96,29,5120,19456
96,29,6144,19456
96,59,7168,19456
96,29,9216,19456
96,29,10240,19456
96,60,11264,19456
96,91,11264,19456
96,55,13312,19456
96,22,15360,19456
96,57,16384,19456
96,33,19456,19456
60,19,1024,20480
60,63,2048,20480
60,29,4096,20480
60,29,5120,20480
60,59,6144,20480
60,29,8192,20480
60,29,9216,20480
60,60,10240,20480
60,91,10240,20480
60,55,12288,20480
60,22,14336,20480
60,57,15360,20480
60,33,18432,20480
19,63,1024,21504
19,29,3072,21504
19,29,4096,21504
19,59,5120,21504
19,29,7168,21504
19,29,8192,21504
19,60,9216,21504
19,91,9216,21504
19,55,11264,21504
19,22,13312,21504
19,57,14336,21504
19,33,17408,21504
19,58,20480,21504
19,87,20480,21504
63,29,2048,22528
63,29,3072,22528
63,59,4096,22528
63,29,6144,22528
63,29,7168,22528
63,60,8192,22528
63,91,8192,22528
63,55,10240,22528
63,22,12288,22528
63,57,13312,22528
63,33,16384,22528
63,58,19456,22528
63,87,19456,22528
63,54,20480,22528
29,29,1024,24576
29,59,2048,24576
29,29,4096,24576
29,29,5120,24576
29,60,6144,24576
29,91,6144,24576
29,55,8192,24576
29,22,10240,24576
29,57,11264,24576
29,33,14336,24576
29,58,17408,24576
29,87,17408,24576
29,54,18432,24576
29,60,20480,24576
29,59,1024,25600
29,29,3072,25600
29,29,4096,25600
29,60,5120,25600
29,91,5120,25600
29,55,7168,25600
29,22,9216,25600
29,57,10240,25600
29,33,13312,25600
29,58,16384,25600
29,87,16384,25600
29,54,17408,25600
29,60,19456,25600
29,151,19456,25600
59,29,2048,26624
59,29,3072,26624
59,60,4096,26624
59,91,4096,26624
59,55,6144,26624
59,22,8192,26624
59,57,9216,26624
59,33,12288,26624
59,58,15360,26624
59,87,15360,26624
59,54,16384,26624
59,60,18432,26624
59,151,18432,26624
29,29,1024,28672
29,60,2048,28672
29,91,2048,28672
29,55,4096,28672
29,22,6144,28672
29,57,7168,28672
29,33,10240,28672
29,58,13312,28672
29,87,13312,28672
29,54,14336,28672
29,60,16384,28672
29,151,16384,28672
29,51,19456,28672
29,60,1024,29696
29,91,1024,29696
29,55,3072,29696
29,22,5120,29696
29,57,6144,29696
29,33,9216,29696
29,58,12288,29696
29,87,12288,29696
29,54,13312,29696
29,60,15360,29696
29,151,15360,29696
29,51,18432,29696
60,91,0,30720
60,55,2048,30720
60,22,4096,30720
60,57,5120,30720
60,33,8192,30720
60,58,11264,30720
60,87,11264,30720
60,54,12288,30720
60,60,14336,30720
60,151,14336,30720
60,51,17408,30720
60,113,20480,30720
91,55,2048,30720
91,22,4096,30720
91,57,5120,30720
91,33,8192,30720
91,58,11264,30720
91,87,11264,30720
91,54,12288,30720
91,60,14336,30720
91,151,14336,30720
91,51,17408,30720
91,113,20480,30720
55,22,2048,32768
55,57,3072,32768
55,33,6144,32768
55,58,9216,32768
55,87,9216,32768
55,54,10240,32768
55,60,12288,32768
55,151,12288,32768
55,51,15360,32768
55,113,18432,32768
55,100,19456,32768
22,57,1024,34816
22,33,4096,34816
22,58,7168,34816
22,87,7168,34816
22,54,8192,34816
22,60,10240,34816
22,151,10240,34816
22,51,13312,34816
22,113,16384,34816
22,100,17408,34816
22,93,20480,34816
57,33,3072,35840
57,58,6144,35840
57,87,6144,35840
57,54,7168,35840
57,60,9216,35840
57,151,9216,35840
57,51,12288,35840
57,113,15360,35840
57,100,16384,35840
57,93,19456,35840
57,55,20480,35840
33,58,3072,38912
33,87,3072,38912
33,54,4096,38912
33,60,6144,38912
33,151,6144,38912
33,51,9216,38912
33,113,12288,38912
33,100,13312,38912
33,93,16384,38912
33,55,17408,38912
33,22,19456,38912
58,87,0,41984
58,54,1024,41984
58,60,3072,41984
58,151,3072,41984
58,51,6144,41984
58,113,9216,41984
58,100,10240,41984
58,93,13312,41984
58,55,14336,41984
58,22,16384,41984
58,60,19456,41984
58,90,19456,41984
87,54,1024,41984
87,60,3072,41984
87,151,3072,41984
87,51,6144,41984
87,113,9216,41984
87,100,10240,41984
87,93,13312,41984
87,55,14336,41984
87,22,16384,41984
87,60,19456,41984
87,90,19456,41984
54,60,2048,43008
54,151,2048,43008
54,51,5120,43008
54,113,8192,43008
54,100,9216,43008
54,93,12288,43008
54,55,13312,43008
54,22,15360,43008
54,60,18432,43008
54,90,18432,43008
60,151,0,45056
60,51,3072,45056
60,113,6144,45056
60,100,7168,45056
60,93,10240,45056
60,55,11264,45056
60,22,13312,45056
60,60,16384,45056
60,90,16384,45056
151,51,3072,45056
151,113,6144,45056
151,100,7168,45056
151,93,10240,45056
151,55,11264,45056
151,22,13312,45056
151,60,16384,45056
151,90,16384,45056
51,113,3072,48128
51,100,4096,48128
51,93,7168,48128
51,55,8192,48128
51,22,10240,48128
51,60,13312,48128
51,90,13312,48128
113,100,1024,51200
113,93,4096,51200
113,55,5120,51200
113,22,7168,51200
113,60,10240,51200
113,90,10240,51200
113,73,19456,51200
100,93,3072,52224
100,55,4096,52224
100,22,6144,52224
100,60,9216,52224
100,90,9216,52224
100,73,18432,52224
93,55,1024,55296
93,22,3072,55296
93,60,6144,55296
93,90,6144,55296
93,73,15360,55296
55,22,2048,56320
55,60,5120,56320
55,90,5120,56320
55,73,14336,56320
22,60,3072,58368
22,90,3072,58368
22,73,12288,58368
60,90,0,61440
60,73,9216,61440
60,22,20480,61440
90,73,9216,61440
90,22,20480,61440
73,22,11264,70656
73,50,12288,70656
73,62,15360,70656
73,57,17408,70656
22,50,1024,81920
22,62,4096,81920
22,57,6144,81920
22,29,12288,81920
22,62,15360,81920
22,61,19456,81920
50,62,3072,82944
50,57,5120,82944
50,29,11264,82944
50,62,14336,82944
50,61,18432,82944
50,124,20480,82944
62,57,2048,86016
62,29,8192,86016
62,62,11264,86016
62,61,15360,86016
62,124,17408,86016
62,56,18432,86016
62,22,19456,86016
62,59,20480,86016
57,29,6144,88064
57,62,9216,88064
57,61,13312,88064
57,124,15360,88064
57,56,16384,88064
57,22,17408,88064
57,59,18432,88064
29,62,3072,94208
29,61,7168,94208
29,124,9216,94208
29,56,10240,94208
29,22,11264,94208
29,59,12288,94208
29,56,16384,94208
29,59,17408,94208
29,118,17408,94208
62,61,4096,97280
62,124,6144,97280
62,56,7168,97280
62,22,8192,97280
62,59,9216,97280
62,56,13312,97280
62,59,14336,97280
62,118,14336,97280
62,31,18432,97280
62,26,19456,97280
62,59,20480,97280
61,124,2048,101376
61,56,3072,101376
61,22,4096,101376
61,59,5120,101376
61,56,9216,101376
61,59,10240,101376
61,118,10240,101376
61,31,14336,101376
61,26,15360,101376
61,59,16384,101376
61,60,19456,101376
124,56,1024,103424
124,22,2048,103424
124,59,3072,103424
124,56,7168,103424
124,59,8192,103424
124,118,8192,103424
124,31,12288,103424
124,26,13312,103424
124,59,14336,103424
124,60,17408,103424
56,22,1024,104448
56,59,2048,104448
56,56,6144,104448
56,59,7168,104448
56,118,7168,104448
56,31,11264,104448
56,26,12288,104448
56,59,13312,104448
56,60,16384,104448
22,59,1024,105472
22,56,5120,105472
22,59,6144,105472
22,118,6144,105472
22,31,10240,105472
22,26,11264,105472
22,59,12288,105472
22,60,15360,105472
59,56,4096,106496
59,59,5120,106496
59,118,5120,106496
59,31,9216,106496
59,26,10240,106496
59,59,11264,106496
59,60,14336,106496
56,59,1024,110592
56,118,1024,110592
56,31,5120,110592
56,26,6144,110592
56,59,7168,110592
56,60,10240,110592
56,55,20480,110592
59,118,0,111616
59,31,4096,111616
59,26,5120,111616
59,59,6144,111616
59,60,9216,111616
59,55,19456,111616
59,24,20480,111616
118,31,4096,111616
118,26,5120,111616
118,59,6144,111616
118,60,9216,111616
118,55,19456,111616
118,24,20480,111616
31,26,1024,115712
31,59,2048,115712
31,60,5120,115712
31,55,15360,115712
31,24,16384,115712
31,60,18432,115712
31,60,19456,115712
31,29,20480,115712
26,59,1024,116736
26,60,4096,116736
26,55,14336,116736
26,24,15360,116736
26,60,17408,116736
26,60,18432,116736
26,29,19456,116736
26,124,20480,116736
59,60,3072,117760
59,55,13312,117760
59,24,14336,117760
59,60,16384,117760
59,60,17408,117760
59,29,18432,117760
59,124,19456,117760
60,55,10240,120832
60,24,11264,120832
60,60,13312,120832
60,60,14336,120832
60,29,15360,120832
60,124,16384,120832
60,91,19456,120832
55,24,1024,131072
55,60,3072,131072
55,60,4096,131072
55,29,5120,131072
55,124,6144,131072
55,91,9216,131072
55,54,14336,131072
24,60,2048,132096
24,60,3072,132096
24,29,4096,132096
24,124,5120,132096
24,91,8192,132096
24,54,13312,132096
24,48,20480,132096
60,60,1024,134144
60,29,2048,134144
60,124,3072,134144
60,91,6144,134144
60,54,11264,134144
60,48,18432,134144
60,57,20480,134144
60,29,1024,135168
60,124,2048,135168
60,91,5120,135168
60,54,10240,135168
60,48,17408,135168
60,57,19456,135168
29,124,1024,136192
29,91,4096,136192
29,54,9216,136192
29,48,16384,136192
29,57,18432,136192
124,91,3072,137216
124,54,8192,137216
124,48,15360,137216
124,57,17408,137216
124,52,20480,137216
91,54,5120,140288
91,48,12288,140288
91,57,14336,140288
91,52,17408,140288
54,48,7168,145408
54,57,9216,145408
54,52,12288,145408
54,49,16384,145408
54,98,16384,145408
54,53,18432,145408
48,57,2048,152576
48,52,5120,152576
48,49,9216,152576
48,98,9216,152576
48,53,11264,152576
48,30,14336,152576
48,65,17408,152576
48,74,20480,152576
57,52,3072,154624
57,49,7168,154624
57,98,7168,154624
57,53,9216,154624
57,30,12288,154624
57,65,15360,154624
57,74,18432,154624
52,49,4096,157696
52,98,4096,157696
52,53,6144,157696
52,30,9216,157696
52,65,12288,157696
52,74,15360,157696
49,98,0,161792
49,53,2048,161792
49,30,5120,161792
49,65,8192,161792
49,74,11264,161792
49,105,17408,161792
49,65,18432,161792
98,53,2048,161792
98,30,5120,161792
98,65,8192,161792
98,74,11264,161792
98,105,17408,161792
98,65,18432,161792
53,30,3072,163840
53,65,6144,163840
53,74,9216,163840
53,105,15360,163840
53,65,16384,163840
53,70,20480,163840
30,65,3072,166912
30,74,6144,166912
30,105,12288,166912
30,65,13312,166912
30,70,17408,166912
65,74,3072,169984
65,105,9216,169984
65,65,10240,169984
65,70,14336,169984
74,105,6144,173056
74,65,7168,173056
74,70,11264,173056
74,51,20480,173056
105,65,1024,179200
105,70,5120,179200
105,51,14336,179200
105,22,19456,179200
105,51,20480,179200
65,70,4096,180224
65,51,13312,180224
65,22,18432,180224
65,51,19456,180224
70,51,9216,184320
70,22,14336,184320
70,51,15360,184320
70,57,17408,184320
70,29,20480,184320
51,22,5120,193536
51,51,6144,193536
51,57,8192,193536
51,29,11264,193536
51,54,12288,193536
51,60,14336,193536
22,51,1024,198656
22,57,3072,198656
22,29,6144,198656
22,54,7168,198656
22,60,9216,198656
22,56,20480,198656
51,57,2048,199680
51,29,5120,199680
51,54,6144,199680
51,60,8192,199680
51,56,19456,199680
57,29,3072,201728
57,54,4096,201728
57,60,6144,201728
57,56,17408,201728
57,22,20480,201728
57,47,20480,201728
29,54,1024,204800
29,60,3072,204800
29,56,14336,204800
29,22,17408,204800
29,47,17408,204800
54,60,2048,205824
54,56,13312,205824
54,22,16384,205824
54,47,16384,205824
54,47,20480,205824
60,56,11264,207872
60,22,14336,207872
60,47,14336,207872
60,47,18432,207872
60,18,19456,207872
60,47,20480,207872
56,22,3072,219136
56,47,3072,219136
56,47,7168,219136
56,18,8192,219136
56,47,9216,219136
56,46,10240,219136
56,58,13312,219136
22,47,0,222208
22,47,4096,222208
22,18,5120,222208
22,47,6144,222208
22,46,7168,222208
22,58,10240,222208
47,47,4096,222208
47,18,5120,222208
47,47,6144,222208
47,46,7168,222208
47,58,10240,222208
47,18,1024,226304
47,47,2048,226304
47,46,3072,226304
47,58,6144,226304
47,24,17408,226304
18,47,1024,227328
18,46,2048,227328
18,58,5120,227328
18,24,16384,227328
47,46,1024,228352
47,58,4096,228352
47,24,15360,228352
46,58,3072,229376
46,24,14336,229376
58,24,11264,232448
58,24,19456,232448
24,24,8192,243712
24,24,11264,243712
24,24,12288,243712
24,24,3072,251904
24,24,4096,251904
24,24,1024,254976
24,24,20480,254976
24,24,19456,256000
24,24,4096,275456
24,24,5120,275456
24,40,6144,275456
24,24,14336,275456
24,26,20480,275456
24,24,1024,279552
24,40,2048,279552
24,24,10240,279552
24,26,16384,279552
24,23,19456,279552
24,40,1024,280576
24,24,9216,280576
24,26,15360,280576
24,23,18432,280576
40,24,8192,281600
40,26,14336,281600
40,23,17408,281600
24,26,6144,289792
24,23,9216,289792
24,24,17408,289792
26,23,3072,295936
26,24,11264,295936
26,18,17408,295936
26,64,20480,295936
23,24,8192,299008
23,18,14336,299008
23,64,17408,299008
24,18,6144,307200
24,64,9216,307200
24,22,15360,307200
24,24,17408,307200
18,64,3072,313344
18,22,9216,313344
18,24,11264,313344
64,22,6144,316416
64,24,8192,316416
22,24,2048,322560
