264,18,4096,2048
264,18,5120,2048
264,36,6144,2048
264,243,9216,2048
264,155,10240,2048
264,18,14336,2048
264,75,14336,2048
264,74,15360,2048
264,43,18432,2048
264,24,19456,2048
264,19,20480,2048
264,74,20480,2048
18,18,1024,6144
18,36,2048,6144
18,243,5120,6144
18,155,6144,6144
18,18,10240,6144
18,75,10240,6144
18,74,11264,6144
18,43,14336,6144
18,24,15360,6144
18,19,16384,6144
18,74,16384,6144
18,20,19456,6144
18,30,20480,6144
18,36,1024,7168
18,243,4096,7168
18,155,5120,7168
18,18,9216,7168
18,75,9216,7168
18,74,10240,7168
18,43,13312,7168
18,24,14336,7168
18,19,15360,7168
18,74,15360,7168
18,20,18432,7168
18,30,19456,7168
36,243,3072,8192
36,155,4096,8192
36,18,8192,8192
36,75,8192,8192
36,74,9216,8192
36,43,12288,8192
36,24,13312,8192
36,19,14336,8192
36,74,14336,8192
36,20,17408,8192
36,30,18432,8192
243,155,1024,11264
243,18,5120,11264
243,75,5120,11264
243,74,6144,11264
243,43,9216,11264
243,24,10240,11264
243,19,11264,11264
243,74,11264,11264
243,20,14336,11264
243,30,15360,11264
243,24,20480,11264
155,18,4096,12288
155,75,4096,12288
155,74,5120,12288
155,43,8192,12288
155,24,9216,12288
155,19,10240,12288
155,74,10240,12288
155,20,13312,12288
155,30,14336,12288
155,24,19456,12288
18,75,0,16384
18,74,1024,16384
18,43,4096,16384
18,24,5120,16384
18,19,6144,16384
18,74,6144,16384
18,20,9216,16384
18,30,10240,16384
18,24,15360,16384
18,29,17408,16384
18,18,19456,16384
18,18,20480,16384
75,74,1024,16384
75,43,4096,16384
75,24,5120,16384
75,19,6144,16384
75,74,6144,16384
75,20,9216,16384
75,30,10240,16384
75,24,15360,16384
75,29,17408,16384
75,18,19456,16384
75,18,20480,16384
74,43,3072,17408
74,24,4096,17408
74,19,5120,17408
74,74,5120,17408
74,20,8192,17408
74,30,9216,17408
74,24,14336,17408
74,29,16384,17408
74,18,18432,17408
74,18,19456,17408
43,24,1024,20480
43,19,2048,20480
43,74,2048,20480
43,20,5120,20480
43,30,6144,20480
43,24,11264,20480
43,29,13312,20480
43,18,15360,20480
43,18,16384,20480
24,19,1024,21504
24,74,1024,21504
24,20,4096,21504
24,30,5120,21504
24,24,10240,21504
24,29,12288,21504
24,18,14336,21504
24,18,15360,21504
19,74,0,22528
19,20,3072,22528
19,30,4096,22528
19,24,9216,22528
19,29,11264,22528
19,18,13312,22528
19,18,14336,22528
74,20,3072,22528
74,30,4096,22528
74,24,9216,22528
74,29,11264,22528
74,18,13312,22528
74,18,14336,22528
20,30,1024,25600
20,24,6144,25600
20,29,8192,25600
20,18,10240,25600
20,18,11264,25600
20,18,20480,25600
30,24,5120,26624
30,29,7168,26624
30,18,9216,26624
30,18,10240,26624
30,18,19456,26624
30,18,20480,26624
24,29,2048,31744
24,18,4096,31744
24,18,5120,31744
24,18,14336,31744
24,18,15360,31744
29,18,2048,33792
29,18,3072,33792
29,18,12288,33792
29,18,13312,33792
29,24,20480,33792
18,18,1024,35840
18,18,10240,35840
18,18,11264,35840
18,24,18432,35840
18,18,20480,35840
18,18,9216,36864
18,18,10240,36864
18,24,17408,36864
18,18,19456,36864
18,18,1024,46080
18,24,8192,46080
18,18,10240,46080
18,29,18432,46080
18,18,19456,46080
18,18,20480,46080
18,24,7168,47104
18,18,9216,47104
18,29,17408,47104
18,18,18432,47104
18,18,19456,47104
18,27,20480,47104
24,18,2048,54272
24,29,10240,54272
24,18,11264,54272
24,18,12288,54272
24,27,13312,54272
24,38,14336,54272
24,41,16384,54272
24,166,17408,54272
24,36,20480,54272
18,29,8192,56320
18,18,9216,56320
18,18,10240,56320
18,27,11264,56320
18,38,12288,56320
18,41,14336,56320
18,166,15360,56320
18,36,18432,56320
18,18,19456,56320
18,39,20480,56320
29,18,1024,64512
29,18,2048,64512
29,27,3072,64512
29,38,4096,64512
29,41,6144,64512
29,166,7168,64512
29,36,10240,64512
29,18,11264,64512
29,39,12288,64512
29,39,13312,64512
29,40,13312,64512
29,35,15360,64512
29,37,18432,64512
29,38,20480,64512
18,18,1024,65536
18,27,2048,65536
18,38,3072,65536
18,41,5120,65536
18,166,6144,65536
18,36,9216,65536
18,18,10240,65536
18,39,11264,65536
18,39,12288,65536
18,40,12288,65536
18,35,14336,65536
18,37,17408,65536
18,38,19456,65536
18,18,20480,65536
18,27,1024,66560
18,38,2048,66560
18,41,4096,66560
18,166,5120,66560
18,36,8192,66560
18,18,9216,66560
18,39,10240,66560
18,39,11264,66560
18,40,11264,66560
18,35,13312,66560
18,37,16384,66560
18,38,18432,66560
18,18,19456,66560
18,73,19456,66560
27,38,1024,67584
27,41,3072,67584
27,166,4096,67584
27,36,7168,67584
27,18,8192,67584
27,39,9216,67584
27,39,10240,67584
27,40,10240,67584
27,35,12288,67584
27,37,15360,67584
27,38,17408,67584
27,18,18432,67584
27,73,18432,67584
27,74,19456,67584
38,41,2048,68608
38,166,3072,68608
38,36,6144,68608
38,18,7168,68608
38,39,8192,68608
38,39,9216,68608
38,40,9216,68608
38,35,11264,68608
38,37,14336,68608
38,38,16384,68608
38,18,17408,68608
38,73,17408,68608
38,74,18432,68608
41,166,1024,70656
41,36,4096,70656
41,18,5120,70656
41,39,6144,70656
41,39,7168,70656
41,40,7168,70656
41,35,9216,70656
41,37,12288,70656
41,38,14336,70656
41,18,15360,70656
41,73,15360,70656
41,74,16384,70656
41,37,19456,70656
41,74,19456,70656
166,36,3072,71680
166,18,4096,71680
166,39,5120,71680
166,39,6144,71680
166,40,6144,71680
166,35,8192,71680
166,37,11264,71680
166,38,13312,71680
166,18,14336,71680
166,73,14336,71680
166,74,15360,71680
166,37,18432,71680
166,74,18432,71680
166,148,18432,71680
36,18,1024,74752
36,39,2048,74752
36,39,3072,74752
36,40,3072,74752
36,35,5120,74752
36,37,8192,74752
36,38,10240,74752
36,18,11264,74752
36,73,11264,74752
36,74,12288,74752
36,37,15360,74752
36,74,15360,74752
36,148,15360,74752
36,24,16384,74752
18,39,1024,75776
18,39,2048,75776
18,40,2048,75776
18,35,4096,75776
18,37,7168,75776
18,38,9216,75776
18,18,10240,75776
18,73,10240,75776
18,74,11264,75776
18,37,14336,75776
18,74,14336,75776
18,148,14336,75776
18,24,15360,75776
18,76,16384,75776
39,39,1024,76800
39,40,1024,76800
39,35,3072,76800
39,37,6144,76800
39,38,8192,76800
39,18,9216,76800
39,73,9216,76800
39,74,10240,76800
39,37,13312,76800
39,74,13312,76800
39,148,13312,76800
39,24,14336,76800
39,76,15360,76800
39,76,16384,76800
39,40,0,77824
39,35,2048,77824
39,37,5120,77824
39,38,7168,77824
39,18,8192,77824
39,73,8192,77824
39,74,9216,77824
39,37,12288,77824
39,74,12288,77824
39,148,12288,77824
39,24,13312,77824
39,76,14336,77824
39,76,15360,77824
39,18,17408,77824
40,35,2048,77824
40,37,5120,77824
40,38,7168,77824
40,18,8192,77824
40,73,8192,77824
40,74,9216,77824
40,37,12288,77824
40,74,12288,77824
40,148,12288,77824
40,24,13312,77824
40,76,14336,77824
40,76,15360,77824
40,18,17408,77824
40,75,17408,77824
35,37,3072,79872
35,38,5120,79872
35,18,6144,79872
35,73,6144,79872
35,74,7168,79872
35,37,10240,79872
35,74,10240,79872
35,148,10240,79872
35,24,11264,79872
35,76,12288,79872
35,76,13312,79872
35,18,15360,79872
35,75,15360,79872
35,24,16384,79872
37,38,2048,82944
37,18,3072,82944
37,73,3072,82944
37,74,4096,82944
37,37,7168,82944
37,74,7168,82944
37,148,7168,82944
37,24,8192,82944
37,76,9216,82944
37,76,10240,82944
37,18,12288,82944
37,75,12288,82944
37,24,13312,82944
37,77,13312,82944
38,18,1024,84992
38,73,1024,84992
38,74,2048,84992
38,37,5120,84992
38,74,5120,84992
38,148,5120,84992
38,24,6144,84992
38,76,7168,84992
38,76,8192,84992
38,18,10240,84992
38,75,10240,84992
38,24,11264,84992
38,77,11264,84992
38,20,12288,84992
18,73,0,86016
18,74,1024,86016
18,37,4096,86016
18,74,4096,86016
18,148,4096,86016
18,24,5120,86016
18,76,6144,86016
18,76,7168,86016
18,18,9216,86016
18,75,9216,86016
18,24,10240,86016
18,77,10240,86016
18,20,11264,86016
18,37,13312,86016
73,74,1024,86016
73,37,4096,86016
73,74,4096,86016
73,148,4096,86016
73,24,5120,86016
73,76,6144,86016
73,76,7168,86016
73,18,9216,86016
73,75,9216,86016
73,24,10240,86016
73,77,10240,86016
73,20,11264,86016
73,37,13312,86016
73,39,14336,86016
74,37,3072,87040
74,74,3072,87040
74,148,3072,87040
74,24,4096,87040
74,76,5120,87040
74,76,6144,87040
74,18,8192,87040
74,75,8192,87040
74,24,9216,87040
74,77,9216,87040
74,20,10240,87040
74,37,12288,87040
74,39,13312,87040
74,78,13312,87040
37,74,0,90112
37,148,0,90112
37,24,1024,90112
37,76,2048,90112
37,76,3072,90112
37,18,5120,90112
37,75,5120,90112
37,24,6144,90112
37,77,6144,90112
37,20,7168,90112
37,37,9216,90112
37,39,10240,90112
37,78,10240,90112
37,76,11264,90112
74,148,0,90112
74,24,1024,90112
74,76,2048,90112
74,76,3072,90112
74,18,5120,90112
74,75,5120,90112
74,24,6144,90112
74,77,6144,90112
74,20,7168,90112
74,37,9216,90112
74,39,10240,90112
74,78,10240,90112
74,76,11264,90112
74,24,13312,90112
148,24,1024,90112
148,76,2048,90112
148,76,3072,90112
148,18,5120,90112
148,75,5120,90112
148,24,6144,90112
148,77,6144,90112
148,20,7168,90112
148,37,9216,90112
148,39,10240,90112
148,78,10240,90112
148,76,11264,90112
148,24,13312,90112
148,18,15360,90112
24,76,1024,91136
24,76,2048,91136
24,18,4096,91136
24,75,4096,91136
24,24,5120,91136
24,77,5120,91136
24,20,6144,91136
24,37,8192,91136
24,39,9216,91136
24,78,9216,91136
24,76,10240,91136
24,24,12288,91136
24,18,14336,91136
24,18,15360,91136
76,76,1024,92160
76,18,3072,92160
76,75,3072,92160
76,24,4096,92160
76,77,4096,92160
76,20,5120,92160
76,37,7168,92160
76,39,8192,92160
76,78,8192,92160
76,76,9216,92160
76,24,11264,92160
76,18,13312,92160
76,18,14336,92160
76,29,19456,92160
76,18,2048,93184
76,75,2048,93184
76,24,3072,93184
76,77,3072,93184
76,20,4096,93184
76,37,6144,93184
76,39,7168,93184
76,78,7168,93184
76,76,8192,93184
76,24,10240,93184
76,18,12288,93184
76,18,13312,93184
76,29,18432,93184
18,75,0,95232
18,24,1024,95232
18,77,1024,95232
18,20,2048,95232
18,37,4096,95232
18,39,5120,95232
18,78,5120,95232
18,76,6144,95232
18,24,8192,95232
18,18,10240,95232
18,18,11264,95232
18,29,16384,95232
18,18,20480,95232
75,24,1024,95232
75,77,1024,95232
75,20,2048,95232
75,37,4096,95232
75,39,5120,95232
75,78,5120,95232
75,76,6144,95232
75,24,8192,95232
75,18,10240,95232
75,18,11264,95232
75,29,16384,95232
75,18,20480,95232
24,77,0,96256
24,20,1024,96256
24,37,3072,96256
24,39,4096,96256
24,78,4096,96256
24,76,5120,96256
24,24,7168,96256
24,18,9216,96256
24,18,10240,96256
24,29,15360,96256
24,18,19456,96256
24,19,20480,96256
77,20,1024,96256
77,37,3072,96256
77,39,4096,96256
77,78,4096,96256
77,76,5120,96256
77,24,7168,96256
77,18,9216,96256
77,18,10240,96256
77,29,15360,96256
77,18,19456,96256
77,19,20480,96256
20,37,2048,97280
20,39,3072,97280
20,78,3072,97280
20,76,4096,97280
20,24,6144,97280
20,18,8192,97280
20,18,9216,97280
20,29,14336,97280
20,18,18432,97280
20,19,19456,97280
37,39,1024,99328
37,78,1024,99328
37,76,2048,99328
37,24,4096,99328
37,18,6144,99328
37,18,7168,99328
37,29,12288,99328
37,18,16384,99328
37,19,17408,99328
39,78,0,100352
39,76,1024,100352
39,24,3072,100352
39,18,5120,100352
39,18,6144,100352
39,29,11264,100352
39,18,15360,100352
39,19,16384,100352
78,76,1024,100352
78,24,3072,100352
78,18,5120,100352
78,18,6144,100352
78,29,11264,100352
78,18,15360,100352
78,19,16384,100352
76,24,2048,101376
76,18,4096,101376
76,18,5120,101376
76,29,10240,101376
76,18,14336,101376
76,19,15360,101376
24,18,2048,103424
24,18,3072,103424
24,29,8192,103424
24,18,12288,103424
24,19,13312,103424
18,18,1024,105472
18,29,6144,105472
18,18,10240,105472
18,19,11264,105472
18,18,19456,105472
18,18,20480,105472
18,29,5120,106496
18,18,9216,106496
18,19,10240,106496
18,18,18432,106496
18,18,19456,106496
29,18,4096,111616
29,19,5120,111616
29,18,13312,111616
29,18,14336,111616
18,19,1024,115712
18,18,9216,115712
18,18,10240,115712
18,29,17408,115712
18,18,19456,115712
18,18,20480,115712
19,18,8192,116736
19,18,9216,116736
19,29,16384,116736
19,18,18432,116736
19,18,19456,116736
18,18,1024,124928
18,29,8192,124928
18,18,10240,124928
18,18,11264,124928
18,19,19456,124928
18,18,20480,124928
18,29,7168,125952
18,18,9216,125952
18,18,10240,125952
18,19,18432,125952
18,18,19456,125952
18,19,20480,125952
29,18,2048,133120
29,18,3072,133120
29,19,11264,133120
29,18,12288,133120
29,19,13312,133120
29,29,16384,133120
29,24,19456,133120
18,18,1024,135168
18,19,9216,135168
18,18,10240,135168
18,19,11264,135168
18,29,14336,135168
18,24,17408,135168
18,18,19456,135168
18,206,19456,135168
18,18,20480,135168
18,19,8192,136192
18,18,9216,136192
18,19,10240,136192
18,29,13312,136192
18,24,16384,136192
18,18,18432,136192
18,206,18432,136192
18,18,19456,136192
19,18,1024,144384
19,19,2048,144384
19,29,5120,144384
19,24,8192,144384
19,18,10240,144384
19,206,10240,144384
19,18,11264,144384
19,29,15360,144384
19,18,20480,144384
18,19,1024,145408
18,29,4096,145408
18,24,7168,145408
18,18,9216,145408
18,206,9216,145408
18,18,10240,145408
18,29,14336,145408
18,18,19456,145408
18,18,20480,145408
19,29,3072,146432
19,24,6144,146432
19,18,8192,146432
19,206,8192,146432
19,18,9216,146432
19,29,13312,146432
19,18,18432,146432
19,18,19456,146432
29,24,3072,149504
29,18,5120,149504
29,206,5120,149504
29,18,6144,149504
29,29,10240,149504
29,18,15360,149504
29,18,16384,149504
29,19,18432,149504
29,19,19456,149504
24,18,2048,152576
24,206,2048,152576
24,18,3072,152576
24,29,7168,152576
24,18,12288,152576
24,18,13312,152576
24,19,15360,152576
24,19,16384,152576
18,206,0,154624
18,18,1024,154624
18,29,5120,154624
18,18,10240,154624
18,18,11264,154624
18,19,13312,154624
18,19,14336,154624
18,18,20480,154624
206,18,1024,154624
206,29,5120,154624
206,18,10240,154624
206,18,11264,154624
206,19,13312,154624
206,19,14336,154624
206,18,20480,154624
18,29,4096,155648
18,18,9216,155648
18,18,10240,155648
18,19,12288,155648
18,19,13312,155648
18,18,19456,155648
18,19,20480,155648
29,18,5120,159744
29,18,6144,159744
29,19,8192,159744
29,19,9216,159744
29,18,15360,159744
29,19,16384,159744
29,18,19456,159744
18,18,1024,164864
18,19,3072,164864
18,19,4096,164864
18,18,10240,164864
18,19,11264,164864
18,18,14336,164864
18,24,16384,164864
18,29,17408,164864
18,24,18432,164864
18,18,19456,164864
18,29,20480,164864
18,19,2048,165888
18,19,3072,165888
18,18,9216,165888
18,19,10240,165888
18,18,13312,165888
18,24,15360,165888
18,29,16384,165888
18,24,17408,165888
18,18,18432,165888
18,29,19456,165888
19,19,1024,167936
19,18,7168,167936
19,19,8192,167936
19,18,11264,167936
19,24,13312,167936
19,29,14336,167936
19,24,15360,167936
19,18,16384,167936
19,29,17408,167936
19,18,6144,168960
19,19,7168,168960
19,18,10240,168960
19,24,12288,168960
19,29,13312,168960
19,24,14336,168960
19,18,15360,168960
19,29,16384,168960
19,19,20480,168960
18,19,1024,175104
18,18,4096,175104
18,24,6144,175104
18,29,7168,175104
18,24,8192,175104
18,18,9216,175104
18,29,10240,175104
18,19,14336,175104
18,19,15360,175104
18,29,16384,175104
18,29,17408,175104
18,18,19456,175104
18,18,20480,175104
19,18,3072,176128
19,24,5120,176128
19,29,6144,176128
19,24,7168,176128
19,18,8192,176128
19,29,9216,176128
19,19,13312,176128
19,19,14336,176128
19,29,15360,176128
19,29,16384,176128
19,18,18432,176128
19,18,19456,176128
18,24,2048,179200
18,29,3072,179200
18,24,4096,179200
18,18,5120,179200
18,29,6144,179200
18,19,10240,179200
18,19,11264,179200
18,29,12288,179200
18,29,13312,179200
18,18,15360,179200
18,18,16384,179200
24,29,1024,181248
24,24,2048,181248
24,18,3072,181248
24,29,4096,181248
24,19,8192,181248
24,19,9216,181248
24,29,10240,181248
24,29,11264,181248
24,18,13312,181248
24,18,14336,181248
24,19,20480,181248
29,24,1024,182272
29,18,2048,182272
29,29,3072,182272
29,19,7168,182272
29,19,8192,182272
29,29,9216,182272
29,29,10240,182272
29,18,12288,182272
29,18,13312,182272
29,19,19456,182272
29,19,20480,182272
24,18,1024,183296
24,29,2048,183296
24,19,6144,183296
24,19,7168,183296
24,29,8192,183296
24,29,9216,183296
24,18,11264,183296
24,18,12288,183296
24,19,18432,183296
24,19,19456,183296
18,29,1024,184320
18,19,5120,184320
18,19,6144,184320
18,29,7168,184320
18,29,8192,184320
18,18,10240,184320
18,18,11264,184320
18,19,17408,184320
18,19,18432,184320
18,18,20480,184320
29,19,4096,185344
29,19,5120,185344
29,29,6144,185344
29,29,7168,185344
29,18,9216,185344
29,18,10240,185344
29,19,16384,185344
29,19,17408,185344
29,18,19456,185344
29,19,20480,185344
19,19,1024,189440
19,29,2048,189440
19,29,3072,189440
19,18,5120,189440
19,18,6144,189440
19,19,12288,189440
19,19,13312,189440
19,18,15360,189440
19,19,16384,189440
19,29,20480,189440
19,29,1024,190464
19,29,2048,190464
19,18,4096,190464
19,18,5120,190464
19,19,11264,190464
19,19,12288,190464
19,18,14336,190464
19,19,15360,190464
19,29,19456,190464
19,28,20480,190464
29,29,1024,191488
29,18,3072,191488
29,18,4096,191488
29,19,10240,191488
29,19,11264,191488
29,18,13312,191488
29,19,14336,191488
29,29,18432,191488
29,28,19456,191488
29,18,2048,192512
29,18,3072,192512
29,19,9216,192512
29,19,10240,192512
29,18,12288,192512
29,19,13312,192512
29,29,17408,192512
29,28,18432,192512
18,18,1024,194560
18,19,7168,194560
18,19,8192,194560
18,18,10240,194560
18,19,11264,194560
18,29,15360,194560
18,28,16384,194560
18,19,6144,195584
18,19,7168,195584
18,18,9216,195584
18,19,10240,195584
18,29,14336,195584
18,28,15360,195584
19,19,1024,201728
19,18,3072,201728
19,19,4096,201728
19,29,8192,201728
19,28,9216,201728
19,36,16384,201728
19,37,17408,201728
19,82,19456,201728
19,160,20480,201728
19,18,2048,202752
19,19,3072,202752
19,29,7168,202752
19,28,8192,202752
19,36,15360,202752
19,37,16384,202752
19,82,18432,202752
19,160,19456,202752
18,19,1024,204800
18,29,5120,204800
18,28,6144,204800
18,36,13312,204800
18,37,14336,204800
18,82,16384,204800
18,160,17408,204800
19,29,4096,205824
19,28,5120,205824
19,36,12288,205824
19,37,13312,205824
19,82,15360,205824
19,160,16384,205824
19,77,20480,205824
19,81,20480,205824
29,28,1024,209920
29,36,8192,209920
29,37,9216,209920
29,82,11264,209920
29,160,12288,209920
29,77,16384,209920
29,81,16384,209920
29,78,17408,209920
29,119,17408,209920
29,154,18432,209920
28,36,7168,210944
28,37,8192,210944
28,82,10240,210944
28,160,11264,210944
28,77,15360,210944
28,81,15360,210944
28,78,16384,210944
28,119,16384,210944
28,154,17408,210944
36,37,1024,218112
36,82,3072,218112
36,160,4096,218112
36,77,8192,218112
36,81,8192,218112
36,78,9216,218112
36,119,9216,218112
36,154,10240,218112
36,19,15360,218112
36,19,16384,218112
37,82,2048,219136
37,160,3072,219136
37,77,7168,219136
37,81,7168,219136
37,78,8192,219136
37,119,8192,219136
37,154,9216,219136
37,19,14336,219136
37,19,15360,219136
82,160,1024,221184
82,77,5120,221184
82,81,5120,221184
82,78,6144,221184
82,119,6144,221184
82,154,7168,221184
82,19,12288,221184
82,19,13312,221184
82,69,20480,221184
160,77,4096,222208
160,81,4096,222208
160,78,5120,222208
160,119,5120,222208
160,154,6144,222208
160,19,11264,222208
160,19,12288,222208
160,69,19456,222208
160,35,20480,222208
77,81,0,226304
77,78,1024,226304
77,119,1024,226304
77,154,2048,226304
77,19,7168,226304
77,19,8192,226304
77,69,15360,226304
77,35,16384,226304
77,36,19456,226304
77,40,19456,226304
77,111,19456,226304
81,78,1024,226304
81,119,1024,226304
81,154,2048,226304
81,19,7168,226304
81,19,8192,226304
81,69,15360,226304
81,35,16384,226304
81,36,19456,226304
81,40,19456,226304
81,111,19456,226304
78,119,0,227328
78,154,1024,227328
78,19,6144,227328
78,19,7168,227328
78,69,14336,227328
78,35,15360,227328
78,36,18432,227328
78,40,18432,227328
78,111,18432,227328
78,76,20480,227328
78,156,20480,227328
119,154,1024,227328
119,19,6144,227328
119,19,7168,227328
119,69,14336,227328
119,35,15360,227328
119,36,18432,227328
119,40,18432,227328
119,111,18432,227328
119,76,20480,227328
119,156,20480,227328
154,19,5120,228352
154,19,6144,228352
154,69,13312,228352
154,35,14336,228352
154,36,17408,228352
154,40,17408,228352
154,111,17408,228352
154,76,19456,228352
154,156,19456,228352
19,19,1024,233472
19,69,8192,233472
19,35,9216,233472
19,36,12288,233472
19,40,12288,233472
19,111,12288,233472
19,76,14336,233472
19,156,14336,233472
19,69,7168,234496
19,35,8192,234496
19,36,11264,234496
19,40,11264,234496
19,111,11264,234496
19,76,13312,234496
19,156,13312,234496
69,35,1024,241664
69,36,4096,241664
69,40,4096,241664
69,111,4096,241664
69,76,6144,241664
69,156,6144,241664
69,18,17408,241664
69,19,18432,241664
69,18,19456,241664
35,36,3072,242688
35,40,3072,242688
35,111,3072,242688
35,76,5120,242688
35,156,5120,242688
35,18,16384,242688
35,19,17408,242688
35,18,18432,242688
35,37,20480,242688
36,40,0,245760
36,111,0,245760
36,76,2048,245760
36,156,2048,245760
36,18,13312,245760
36,19,14336,245760
36,18,15360,245760
36,37,17408,245760
36,29,18432,245760
36,28,19456,245760
36,18,20480,245760
36,71,20480,245760
40,111,0,245760
40,76,2048,245760
40,156,2048,245760
40,18,13312,245760
40,19,14336,245760
40,18,15360,245760
40,37,17408,245760
40,29,18432,245760
40,28,19456,245760
40,18,20480,245760
40,71,20480,245760
111,76,2048,245760
111,156,2048,245760
111,18,13312,245760
111,19,14336,245760
111,18,15360,245760
111,37,17408,245760
111,29,18432,245760
111,28,19456,245760
111,18,20480,245760
111,71,20480,245760
76,156,0,247808
76,18,11264,247808
76,19,12288,247808
76,18,13312,247808
76,37,15360,247808
76,29,16384,247808
76,28,17408,247808
76,18,18432,247808
76,71,18432,247808
76,18,19456,247808
76,71,19456,247808
76,29,20480,247808
76,71,20480,247808
156,18,11264,247808
156,19,12288,247808
156,18,13312,247808
156,37,15360,247808
156,29,16384,247808
156,28,17408,247808
156,18,18432,247808
156,71,18432,247808
156,18,19456,247808
156,71,19456,247808
156,29,20480,247808
156,71,20480,247808
18,19,1024,259072
18,18,2048,259072
18,37,4096,259072
18,29,5120,259072
18,28,6144,259072
18,18,7168,259072
18,71,7168,259072
18,18,8192,259072
18,71,8192,259072
18,29,9216,259072
18,71,9216,259072
18,29,10240,259072
18,71,10240,259072
18,72,12288,259072
19,18,1024,260096
19,37,3072,260096
19,29,4096,260096
19,28,5120,260096
19,18,6144,260096
19,71,6144,260096
19,18,7168,260096
19,71,7168,260096
19,29,8192,260096
19,71,8192,260096
19,29,9216,260096
19,71,9216,260096
19,72,11264,260096
19,72,12288,260096
18,37,2048,261120
18,29,3072,261120
18,28,4096,261120
18,18,5120,261120
18,71,5120,261120
18,18,6144,261120
18,71,6144,261120
18,29,7168,261120
18,71,7168,261120
18,29,8192,261120
18,71,8192,261120
18,72,10240,261120
18,72,11264,261120
18,18,12288,261120
37,29,1024,263168
37,28,2048,263168
37,18,3072,263168
37,71,3072,263168
37,18,4096,263168
37,71,4096,263168
37,29,5120,263168
37,71,5120,263168
37,29,6144,263168
37,71,6144,263168
37,72,8192,263168
37,72,9216,263168
37,18,10240,263168
37,72,11264,263168
29,28,1024,264192
29,18,2048,264192
29,71,2048,264192
29,18,3072,264192
29,71,3072,264192
29,29,4096,264192
29,71,4096,264192
29,29,5120,264192
29,71,5120,264192
29,72,7168,264192
29,72,8192,264192
29,18,9216,264192
29,72,10240,264192
29,73,11264,264192
28,18,1024,265216
28,71,1024,265216
28,18,2048,265216
28,71,2048,265216
28,29,3072,265216
28,71,3072,265216
28,29,4096,265216
28,71,4096,265216
28,72,6144,265216
28,72,7168,265216
28,18,8192,265216
28,72,9216,265216
28,73,10240,265216
28,74,11264,265216
18,71,0,266240
18,18,1024,266240
18,71,1024,266240
18,29,2048,266240
18,71,2048,266240
18,29,3072,266240
18,71,3072,266240
18,72,5120,266240
18,72,6144,266240
18,18,7168,266240
18,72,8192,266240
18,73,9216,266240
18,74,10240,266240
18,74,11264,266240
71,18,1024,266240
71,71,1024,266240
71,29,2048,266240
71,71,2048,266240
71,29,3072,266240
71,71,3072,266240
71,72,5120,266240
71,72,6144,266240
71,18,7168,266240
71,72,8192,266240
71,73,9216,266240
71,74,10240,266240
71,74,11264,266240
71,151,11264,266240
18,71,0,267264
18,29,1024,267264
18,71,1024,267264
18,29,2048,267264
18,71,2048,267264
18,72,4096,267264
18,72,5120,267264
18,18,6144,267264
18,72,7168,267264
18,73,8192,267264
18,74,9216,267264
18,74,10240,267264
18,151,10240,267264
18,74,11264,267264
71,29,1024,267264
71,71,1024,267264
71,29,2048,267264
71,71,2048,267264
71,72,4096,267264
71,72,5120,267264
71,18,6144,267264
71,72,7168,267264
71,73,8192,267264
71,74,9216,267264
71,74,10240,267264
71,151,10240,267264
71,74,11264,267264
71,150,11264,267264
29,71,0,268288
29,29,1024,268288
29,71,1024,268288
29,72,3072,268288
29,72,4096,268288
29,18,5120,268288
29,72,6144,268288
29,73,7168,268288
29,74,8192,268288
29,74,9216,268288
29,151,9216,268288
29,74,10240,268288
29,150,10240,268288
29,73,11264,268288
71,29,1024,268288
71,71,1024,268288
71,72,3072,268288
71,72,4096,268288
71,18,5120,268288
71,72,6144,268288
71,73,7168,268288
71,74,8192,268288
71,74,9216,268288
71,151,9216,268288
71,74,10240,268288
71,150,10240,268288
71,73,11264,268288
71,149,11264,268288
29,71,0,269312
29,72,2048,269312
29,72,3072,269312
29,18,4096,269312
29,72,5120,269312
29,73,6144,269312
29,74,7168,269312
29,74,8192,269312
29,151,8192,269312
29,74,9216,269312
29,150,9216,269312
29,73,10240,269312
29,149,10240,269312
29,73,11264,269312
71,72,2048,269312
71,72,3072,269312
71,18,4096,269312
71,72,5120,269312
71,73,6144,269312
71,74,7168,269312
71,74,8192,269312
71,151,8192,269312
71,74,9216,269312
71,150,9216,269312
71,73,10240,269312
71,149,10240,269312
71,73,11264,269312
71,149,11264,269312
72,72,1024,271360
72,18,2048,271360
72,72,3072,271360
72,73,4096,271360
72,74,5120,271360
72,74,6144,271360
72,151,6144,271360
72,74,7168,271360
72,150,7168,271360
72,73,8192,271360
72,149,8192,271360
72,73,9216,271360
72,149,9216,271360
72,73,10240,271360
72,18,1024,272384
72,72,2048,272384
72,73,3072,272384
72,74,4096,272384
72,74,5120,272384
72,151,5120,272384
72,74,6144,272384
72,150,6144,272384
72,73,7168,272384
72,149,7168,272384
72,73,8192,272384
72,149,8192,272384
72,73,9216,272384
72,73,10240,272384
18,72,1024,273408
18,73,2048,273408
18,74,3072,273408
18,74,4096,273408
18,151,4096,273408
18,74,5120,273408
18,150,5120,273408
18,73,6144,273408
18,149,6144,273408
18,73,7168,273408
18,149,7168,273408
18,73,8192,273408
18,73,9216,273408
18,148,9216,273408
72,73,1024,274432
72,74,2048,274432
72,74,3072,274432
72,151,3072,274432
72,74,4096,274432
72,150,4096,274432
72,73,5120,274432
72,149,5120,274432
72,73,6144,274432
72,149,6144,274432
72,73,7168,274432
72,73,8192,274432
72,148,8192,274432
72,18,9216,274432
73,74,1024,275456
73,74,2048,275456
73,151,2048,275456
73,74,3072,275456
73,150,3072,275456
73,73,4096,275456
73,149,4096,275456
73,73,5120,275456
73,149,5120,275456
73,73,6144,275456
73,73,7168,275456
73,148,7168,275456
73,18,8192,275456
73,73,8192,275456
74,74,1024,276480
74,151,1024,276480
74,74,2048,276480
74,150,2048,276480
74,73,3072,276480
74,149,3072,276480
74,73,4096,276480
74,149,4096,276480
74,73,5120,276480
74,73,6144,276480
74,148,6144,276480
74,18,7168,276480
74,73,7168,276480
74,18,8192,276480
74,151,0,277504
74,74,1024,277504
74,150,1024,277504
74,73,2048,277504
74,149,2048,277504
74,73,3072,277504
74,149,3072,277504
74,73,4096,277504
74,73,5120,277504
74,148,5120,277504
74,18,6144,277504
74,73,6144,277504
74,18,7168,277504
74,76,9216,277504
151,74,1024,277504
151,150,1024,277504
151,73,2048,277504
151,149,2048,277504
151,73,3072,277504
151,149,3072,277504
151,73,4096,277504
151,73,5120,277504
151,148,5120,277504
151,18,6144,277504
151,73,6144,277504
151,18,7168,277504
151,76,9216,277504
151,152,9216,277504
74,150,0,278528
74,73,1024,278528
74,149,1024,278528
74,73,2048,278528
74,149,2048,278528
74,73,3072,278528
74,73,4096,278528
74,148,4096,278528
74,18,5120,278528
74,73,5120,278528
74,18,6144,278528
74,76,8192,278528
74,152,8192,278528
74,77,9216,278528
150,73,1024,278528
150,149,1024,278528
150,73,2048,278528
150,149,2048,278528
150,73,3072,278528
150,73,4096,278528
150,148,4096,278528
150,18,5120,278528
150,73,5120,278528
150,18,6144,278528
150,76,8192,278528
150,152,8192,278528
150,77,9216,278528
150,180,9216,278528
73,149,0,279552
73,73,1024,279552
73,149,1024,279552
73,73,2048,279552
73,73,3072,279552
73,148,3072,279552
73,18,4096,279552
73,73,4096,279552
73,18,5120,279552
73,76,7168,279552
73,152,7168,279552
73,77,8192,279552
73,180,8192,279552
73,18,14336,279552
149,73,1024,279552
149,149,1024,279552
149,73,2048,279552
149,73,3072,279552
149,148,3072,279552
149,18,4096,279552
149,73,4096,279552
149,18,5120,279552
149,76,7168,279552
149,152,7168,279552
149,77,8192,279552
149,180,8192,279552
149,18,14336,279552
73,149,0,280576
73,73,1024,280576
73,73,2048,280576
73,148,2048,280576
73,18,3072,280576
73,73,3072,280576
73,18,4096,280576
73,76,6144,280576
73,152,6144,280576
73,77,7168,280576
73,180,7168,280576
73,18,13312,280576
73,25,20480,280576
149,73,1024,280576
149,73,2048,280576
149,148,2048,280576
149,18,3072,280576
149,73,3072,280576
149,18,4096,280576
149,76,6144,280576
149,152,6144,280576
149,77,7168,280576
149,180,7168,280576
149,18,13312,280576
149,25,20480,280576
73,73,1024,281600
73,148,1024,281600
73,18,2048,281600
73,73,2048,281600
73,18,3072,281600
73,76,5120,281600
73,152,5120,281600
73,77,6144,281600
73,180,6144,281600
73,18,12288,281600
73,25,19456,281600
73,148,0,282624
73,18,1024,282624
73,73,1024,282624
73,18,2048,282624
73,76,4096,282624
73,152,4096,282624
73,77,5120,282624
73,180,5120,282624
73,18,11264,282624
73,25,18432,282624
73,19,20480,282624
148,18,1024,282624
148,73,1024,282624
148,18,2048,282624
148,76,4096,282624
148,152,4096,282624
148,77,5120,282624
148,180,5120,282624
148,18,11264,282624
148,25,18432,282624
148,19,20480,282624
18,73,0,283648
18,18,1024,283648
18,76,3072,283648
18,152,3072,283648
18,77,4096,283648
18,180,4096,283648
18,18,10240,283648
18,25,17408,283648
18,19,19456,283648
18,18,20480,283648
73,18,1024,283648
73,76,3072,283648
73,152,3072,283648
73,77,4096,283648
73,180,4096,283648
73,18,10240,283648
73,25,17408,283648
73,19,19456,283648
73,18,20480,283648
18,76,2048,284672
18,152,2048,284672
18,77,3072,284672
18,180,3072,284672
18,18,9216,284672
18,25,16384,284672
18,19,18432,284672
18,18,19456,284672
76,152,0,286720
76,77,1024,286720
76,180,1024,286720
76,18,7168,286720
76,25,14336,286720
76,19,16384,286720
76,18,17408,286720
152,77,1024,286720
152,180,1024,286720
152,18,7168,286720
152,25,14336,286720
152,19,16384,286720
152,18,17408,286720
77,180,0,287744
77,18,6144,287744
77,25,13312,287744
77,19,15360,287744
77,18,16384,287744
180,18,6144,287744
180,25,13312,287744
180,19,15360,287744
180,18,16384,287744
18,25,7168,293888
18,19,9216,293888
18,18,10240,293888
18,18,19456,293888
18,19,20480,293888
25,19,2048,301056
25,18,3072,301056
25,18,12288,301056
25,19,13312,301056
19,18,1024,303104
19,18,10240,303104
19,19,11264,303104
19,19,19456,303104
19,18,20480,303104
18,18,9216,304128
18,19,10240,304128
18,19,18432,304128
18,18,19456,304128
18,19,1024,313344
18,19,9216,313344
18,18,10240,313344
18,29,13312,313344
18,29,14336,313344
19,19,8192,314368
19,18,9216,314368
19,29,12288,314368
19,29,13312,314368
19,18,1024,322560
19,29,4096,322560
19,29,5120,322560
18,29,3072,323584
18,29,4096,323584
29,29,1024,326656
