19,9,1024,0
19,9,4096,0
19,8,6144,0
19,8,14336,0
9,9,3072,1024
9,8,5120,1024
9,8,13312,1024
9,30,20480,1024
9,8,2048,4096
9,8,10240,4096
9,30,17408,4096
9,29,19456,4096
8,8,8192,6144
8,30,15360,6144
8,29,17408,6144
8,9,19456,6144
8,30,7168,14336
8,29,9216,14336
8,9,11264,14336
8,9,13312,14336
8,10,15360,14336
8,9,18432,14336
30,29,2048,21504
30,9,4096,21504
30,9,6144,21504
30,10,8192,21504
30,9,11264,21504
30,9,17408,21504
30,9,19456,21504
29,9,2048,23552
29,9,4096,23552
29,10,6144,23552
29,9,9216,23552
29,9,15360,23552
29,9,17408,23552
29,10,19456,23552
9,9,2048,25600
9,10,4096,25600
9,9,7168,25600
9,9,13312,25600
9,9,15360,25600
9,10,17408,25600
9,9,20480,25600
9,10,2048,27648
9,9,5120,27648
9,9,11264,27648
9,9,13312,27648
9,10,15360,27648
9,9,18432,27648
10,9,3072,29696
10,9,9216,29696
10,9,11264,29696
10,10,13312,29696
10,9,16384,29696
9,9,6144,32768
9,9,8192,32768
9,10,10240,32768
9,9,13312,32768
9,9,19456,32768
9,9,2048,38912
9,10,4096,38912
9,9,7168,38912
9,9,13312,38912
9,9,15360,38912
9,9,17408,38912
9,19,18432,38912
9,9,20480,38912
9,10,2048,40960
9,9,5120,40960
9,9,11264,40960
9,9,13312,40960
9,9,15360,40960
9,19,16384,40960
9,9,18432,40960
10,9,3072,43008
10,9,9216,43008
10,9,11264,43008
10,9,13312,43008
10,19,14336,43008
10,9,16384,43008
9,9,6144,46080
9,9,8192,46080
9,9,10240,46080
9,19,11264,46080
9,9,13312,46080
9,9,19456,46080
9,9,2048,52224
9,9,4096,52224
9,19,5120,52224
9,9,7168,52224
9,9,13312,52224
9,10,16384,52224
9,29,18432,52224
9,29,20480,52224
9,9,2048,54272
9,19,3072,54272
9,9,5120,54272
9,9,11264,54272
9,10,14336,54272
9,29,16384,54272
9,29,18432,54272
9,29,20480,54272
9,19,1024,56320
9,9,3072,56320
9,9,9216,56320
9,10,12288,56320
9,29,14336,56320
9,29,16384,56320
9,29,18432,56320
9,9,19456,56320
19,9,2048,57344
19,9,8192,57344
19,10,11264,57344
19,29,13312,57344
19,29,15360,57344
19,29,17408,57344
19,9,18432,57344
9,9,6144,59392
9,10,9216,59392
9,29,11264,59392
9,29,13312,59392
9,29,15360,59392
9,9,16384,59392
9,9,19456,59392
9,10,3072,65536
9,29,5120,65536
9,29,7168,65536
9,29,9216,65536
9,9,10240,65536
9,9,13312,65536
9,9,15360,65536
9,10,16384,65536
9,9,18432,65536
10,29,2048,68608
10,29,4096,68608
10,29,6144,68608
10,9,7168,68608
10,9,10240,68608
10,9,12288,68608
10,10,13312,68608
10,9,15360,68608
10,9,18432,68608
29,29,2048,70656
29,29,4096,70656
29,9,5120,70656
29,9,8192,70656
29,9,10240,70656
29,10,11264,70656
29,9,13312,70656
29,9,16384,70656
29,29,2048,72704
29,9,3072,72704
29,9,6144,72704
29,9,8192,72704
29,10,9216,72704
29,9,11264,72704
29,9,14336,72704
29,19,19456,72704
29,9,1024,74752
29,9,4096,74752
29,9,6144,74752
29,10,7168,74752
29,9,9216,74752
29,9,12288,74752
29,19,17408,74752
9,9,3072,75776
9,9,5120,75776
9,10,6144,75776
9,9,8192,75776
9,9,11264,75776
9,19,16384,75776
9,8,20480,75776
9,9,2048,78848
9,10,3072,78848
9,9,5120,78848
9,9,8192,78848
9,19,13312,78848
9,8,17408,78848
9,19,18432,78848
9,19,19456,78848
9,9,20480,78848
9,10,1024,80896
9,9,3072,80896
9,9,6144,80896
9,19,11264,80896
9,8,15360,80896
9,19,16384,80896
9,19,17408,80896
9,9,18432,80896
10,9,2048,81920
10,9,5120,81920
10,19,10240,81920
10,8,14336,81920
10,19,15360,81920
10,19,16384,81920
10,9,17408,81920
9,9,3072,83968
9,19,8192,83968
9,8,12288,83968
9,19,13312,83968
9,19,14336,83968
9,9,15360,83968
9,19,5120,87040
9,8,9216,87040
9,19,10240,87040
9,19,11264,87040
9,9,12288,87040
9,19,18432,87040
9,9,20480,87040
19,8,4096,92160
19,19,5120,92160
19,19,6144,92160
19,9,7168,92160
19,19,13312,92160
19,9,15360,92160
19,8,17408,92160
19,19,18432,92160
8,19,1024,96256
8,19,2048,96256
8,9,3072,96256
8,19,9216,96256
8,9,11264,96256
8,8,13312,96256
8,19,14336,96256
19,19,1024,97280
19,9,2048,97280
19,19,8192,97280
19,9,10240,97280
19,8,12288,97280
19,19,13312,97280
19,10,20480,97280
19,9,1024,98304
19,19,7168,98304
19,9,9216,98304
19,8,11264,98304
19,19,12288,98304
19,10,19456,98304
19,20,20480,98304
9,19,6144,99328
9,9,8192,99328
9,8,10240,99328
9,19,11264,99328
9,10,18432,99328
9,20,19456,99328
19,9,2048,105472
19,8,4096,105472
19,19,5120,105472
19,10,12288,105472
19,20,13312,105472
19,9,15360,105472
19,8,17408,105472
19,10,19456,105472
9,8,2048,107520
9,19,3072,107520
9,10,10240,107520
9,20,11264,107520
9,9,13312,107520
9,8,15360,107520
9,10,17408,107520
8,19,1024,109568
8,10,8192,109568
8,20,9216,109568
8,9,11264,109568
8,8,13312,109568
8,10,15360,109568
19,10,7168,110592
19,20,8192,110592
19,9,10240,110592
19,8,12288,110592
19,10,14336,110592
10,20,1024,117760
10,9,3072,117760
10,8,5120,117760
10,10,7168,117760
10,9,14336,117760
10,19,15360,117760
20,9,2048,118784
20,8,4096,118784
20,10,6144,118784
20,9,13312,118784
20,19,14336,118784
9,8,2048,120832
9,10,4096,120832
9,9,11264,120832
9,19,12288,120832
8,10,2048,122880
8,9,9216,122880
8,19,10240,122880
8,30,19456,122880
10,9,7168,124928
10,19,8192,124928
10,30,17408,124928
10,9,19456,124928
10,9,20480,124928
9,19,1024,132096
9,30,10240,132096
9,9,12288,132096
9,9,13312,132096
9,19,14336,132096
9,9,17408,132096
9,9,19456,132096
19,30,9216,133120
19,9,11264,133120
19,9,12288,133120
19,19,13312,133120
19,9,16384,133120
19,9,18432,133120
30,9,2048,142336
30,9,3072,142336
30,19,4096,142336
30,9,7168,142336
30,9,9216,142336
30,19,16384,142336
30,9,17408,142336
30,15,19456,142336
30,9,20480,142336
9,9,1024,144384
9,19,2048,144384
9,9,5120,144384
9,9,7168,144384
9,19,14336,144384
9,9,15360,144384
9,15,17408,144384
9,9,18432,144384
9,19,1024,145408
9,9,4096,145408
9,9,6144,145408
9,19,13312,145408
9,9,14336,145408
9,15,16384,145408
9,9,17408,145408
19,9,3072,146432
19,9,5120,146432
19,19,12288,146432
19,9,13312,146432
19,15,15360,146432
19,9,16384,146432
9,9,2048,149504
9,19,9216,149504
9,9,10240,149504
9,15,12288,149504
9,9,13312,149504
9,19,7168,151552
9,9,8192,151552
9,15,10240,151552
9,9,11264,151552
19,9,1024,158720
19,15,3072,158720
19,9,4096,158720
9,15,2048,159744
9,9,3072,159744
15,9,1024,161792
