26,59,4096,1024
26,45,7168,1024
26,39,9216,1024
26,40,9216,1024
26,86,12288,1024
26,26,13312,1024
26,40,14336,1024
26,30,17408,1024
26,43,20480,1024
59,45,3072,5120
59,39,5120,5120
59,40,5120,5120
59,86,8192,5120
59,26,9216,5120
59,40,10240,5120
59,30,13312,5120
59,43,16384,5120
59,83,19456,5120
59,80,20480,5120
45,39,2048,8192
45,40,2048,8192
45,86,5120,8192
45,26,6144,8192
45,40,7168,8192
45,30,10240,8192
45,43,13312,8192
45,83,16384,8192
45,80,17408,8192
45,89,20480,8192
39,40,0,10240
39,86,3072,10240
39,26,4096,10240
39,40,5120,10240
39,30,8192,10240
39,43,11264,10240
39,83,14336,10240
39,80,15360,10240
39,89,18432,10240
39,74,19456,10240
39,59,20480,10240
40,86,3072,10240
40,26,4096,10240
40,40,5120,10240
40,30,8192,10240
40,43,11264,10240
40,83,14336,10240
40,80,15360,10240
40,89,18432,10240
40,74,19456,10240
40,59,20480,10240
86,26,1024,13312
86,40,2048,13312
86,30,5120,13312
86,43,8192,13312
86,83,11264,13312
86,80,12288,13312
86,89,15360,13312
86,74,16384,13312
86,59,17408,13312
86,59,18432,13312
26,40,1024,14336
26,30,4096,14336
26,43,7168,14336
26,83,10240,14336
26,80,11264,14336
26,89,14336,14336
26,74,15360,14336
26,59,16384,14336
26,59,17408,14336
40,30,3072,15360
40,43,6144,15360
40,83,9216,15360
40,80,10240,15360
40,89,13312,15360
40,74,14336,15360
40,59,15360,15360
40,59,16384,15360
40,77,20480,15360
30,43,3072,18432
30,83,6144,18432
30,80,7168,18432
30,89,10240,18432
30,74,11264,18432
30,59,12288,18432
30,59,13312,18432
30,77,17408,18432
30,42,20480,18432
43,83,3072,21504
43,80,4096,21504
43,89,7168,21504
43,74,8192,21504
43,59,9216,21504
43,59,10240,21504
43,77,14336,21504
43,42,17408,21504
43,43,18432,21504
43,27,20480,21504
43,45,20480,21504
83,80,1024,24576
83,89,4096,24576
83,74,5120,24576
83,59,6144,24576
83,59,7168,24576
83,77,11264,24576
83,42,14336,24576
83,43,15360,24576
83,27,17408,24576
83,45,17408,24576
80,89,3072,25600
80,74,4096,25600
80,59,5120,25600
80,59,6144,25600
80,77,10240,25600
80,42,13312,25600
80,43,14336,25600
80,27,16384,25600
80,45,16384,25600
89,74,1024,28672
89,59,2048,28672
89,59,3072,28672
89,77,7168,28672
89,42,10240,28672
89,43,11264,28672
89,27,13312,28672
89,45,13312,28672
89,39,19456,28672
89,40,19456,28672
74,59,1024,29696
74,59,2048,29696
74,77,6144,29696
74,42,9216,29696
74,43,10240,29696
74,27,12288,29696
74,45,12288,29696
74,39,18432,29696
74,40,18432,29696
74,33,20480,29696
59,59,1024,30720
59,77,5120,30720
59,42,8192,30720
59,43,9216,30720
59,27,11264,30720
59,45,11264,30720
59,39,17408,30720
59,40,17408,30720
59,33,19456,30720
59,30,20480,30720
59,77,4096,31744
59,42,7168,31744
59,43,8192,31744
59,27,10240,31744
59,45,10240,31744
59,39,16384,31744
59,40,16384,31744
59,33,18432,31744
59,30,19456,31744
59,66,20480,31744
77,42,3072,35840
77,43,4096,35840
77,27,6144,35840
77,45,6144,35840
77,39,12288,35840
77,40,12288,35840
77,33,14336,35840
77,30,15360,35840
77,66,16384,35840
77,62,19456,35840
77,63,20480,35840
42,43,1024,38912
42,27,3072,38912
42,45,3072,38912
42,39,9216,38912
42,40,9216,38912
42,33,11264,38912
42,30,12288,38912
42,66,13312,38912
42,62,16384,38912
42,63,17408,38912
42,33,19456,38912
43,27,2048,39936
43,45,2048,39936
43,39,8192,39936
43,40,8192,39936
43,33,10240,39936
43,30,11264,39936
43,66,12288,39936
43,62,15360,39936
43,63,16384,39936
43,33,18432,39936
27,45,0,41984
27,39,6144,41984
27,40,6144,41984
27,33,8192,41984
27,30,9216,41984
27,66,10240,41984
27,62,13312,41984
27,63,14336,41984
27,33,16384,41984
45,39,6144,41984
45,40,6144,41984
45,33,8192,41984
45,30,9216,41984
45,66,10240,41984
45,62,13312,41984
45,63,14336,41984
45,33,16384,41984
39,40,0,48128
39,33,2048,48128
39,30,3072,48128
39,66,4096,48128
39,62,7168,48128
39,63,8192,48128
39,33,10240,48128
39,95,15360,48128
39,26,20480,48128
39,63,20480,48128
40,33,2048,48128
40,30,3072,48128
40,66,4096,48128
40,62,7168,48128
40,63,8192,48128
40,33,10240,48128
40,95,15360,48128
40,26,20480,48128
40,63,20480,48128
33,30,1024,50176
33,66,2048,50176
33,62,5120,50176
33,63,6144,50176
33,33,8192,50176
33,95,13312,50176
33,26,18432,50176
33,63,18432,50176
33,40,19456,50176
33,36,20480,50176
30,66,1024,51200
30,62,4096,51200
30,63,5120,51200
30,33,7168,51200
30,95,12288,51200
30,26,17408,51200
30,63,17408,51200
30,40,18432,51200
30,36,19456,51200
66,62,3072,52224
66,63,4096,52224
66,33,6144,52224
66,95,11264,52224
66,26,16384,52224
66,63,16384,52224
66,40,17408,52224
66,36,18432,52224
66,30,20480,52224
62,63,1024,55296
62,33,3072,55296
62,95,8192,55296
62,26,13312,55296
62,63,13312,55296
62,40,14336,55296
62,36,15360,55296
62,30,17408,55296
63,33,2048,56320
63,95,7168,56320
63,26,12288,56320
63,63,12288,56320
63,40,13312,56320
63,36,14336,56320
63,30,16384,56320
63,33,20480,56320
63,66,20480,56320
33,95,5120,58368
33,26,10240,58368
33,63,10240,58368
33,40,11264,58368
33,36,12288,58368
33,30,14336,58368
33,33,18432,58368
33,66,18432,58368
33,52,20480,58368
33,98,20480,58368
95,26,5120,63488
95,63,5120,63488
95,40,6144,63488
95,36,7168,63488
95,30,9216,63488
95,33,13312,63488
95,66,13312,63488
95,52,15360,63488
95,98,15360,63488
95,74,18432,63488
26,63,0,68608
26,40,1024,68608
26,36,2048,68608
26,30,4096,68608
26,33,8192,68608
26,66,8192,68608
26,52,10240,68608
26,98,10240,68608
26,74,13312,68608
26,34,16384,68608
26,59,17408,68608
26,33,18432,68608
63,40,1024,68608
63,36,2048,68608
63,30,4096,68608
63,33,8192,68608
63,66,8192,68608
63,52,10240,68608
63,98,10240,68608
63,74,13312,68608
63,34,16384,68608
63,59,17408,68608
63,33,18432,68608
40,36,1024,69632
40,30,3072,69632
40,33,7168,69632
40,66,7168,69632
40,52,9216,69632
40,98,9216,69632
40,74,12288,69632
40,34,15360,69632
40,59,16384,69632
40,33,17408,69632
36,30,2048,70656
36,33,6144,70656
36,66,6144,70656
36,52,8192,70656
36,98,8192,70656
36,74,11264,70656
36,34,14336,70656
36,59,15360,70656
36,33,16384,70656
36,40,20480,70656
30,33,4096,72704
30,66,4096,72704
30,52,6144,72704
30,98,6144,72704
30,74,9216,72704
30,34,12288,72704
30,59,13312,72704
30,33,14336,72704
30,40,18432,72704
30,25,20480,72704
33,66,0,76800
33,52,2048,76800
33,98,2048,76800
33,74,5120,76800
33,34,8192,76800
33,59,9216,76800
33,33,10240,76800
33,40,14336,76800
33,25,16384,76800
33,69,17408,76800
33,28,18432,76800
33,40,19456,76800
66,52,2048,76800
66,98,2048,76800
66,74,5120,76800
66,34,8192,76800
66,59,9216,76800
66,33,10240,76800
66,40,14336,76800
66,25,16384,76800
66,69,17408,76800
66,28,18432,76800
66,40,19456,76800
52,98,0,78848
52,74,3072,78848
52,34,6144,78848
52,59,7168,78848
52,33,8192,78848
52,40,12288,78848
52,25,14336,78848
52,69,15360,78848
52,28,16384,78848
52,40,17408,78848
52,66,20480,78848
98,74,3072,78848
98,34,6144,78848
98,59,7168,78848
98,33,8192,78848
98,40,12288,78848
98,25,14336,78848
98,69,15360,78848
98,28,16384,78848
98,40,17408,78848
98,66,20480,78848
74,34,3072,81920
74,59,4096,81920
74,33,5120,81920
74,40,9216,81920
74,25,11264,81920
74,69,12288,81920
74,28,13312,81920
74,40,14336,81920
74,66,17408,81920
74,68,19456,81920
34,59,1024,84992
34,33,2048,84992
34,40,6144,84992
34,25,8192,84992
34,69,9216,84992
34,28,10240,84992
34,40,11264,84992
34,66,14336,84992
34,68,16384,84992
34,58,18432,84992
34,34,20480,84992
59,33,1024,86016
59,40,5120,86016
59,25,7168,86016
59,69,8192,86016
59,28,9216,86016
59,40,10240,86016
59,66,13312,86016
59,68,15360,86016
59,58,17408,86016
59,34,19456,86016
59,52,20480,86016
33,40,4096,87040
33,25,6144,87040
33,69,7168,87040
33,28,8192,87040
33,40,9216,87040
33,66,12288,87040
33,68,14336,87040
33,58,16384,87040
33,34,18432,87040
33,52,19456,87040
40,25,2048,91136
40,69,3072,91136
40,28,4096,91136
40,40,5120,91136
40,66,8192,91136
40,68,10240,91136
40,58,12288,91136
40,34,14336,91136
40,52,15360,91136
40,37,17408,91136
40,58,18432,91136
40,64,19456,91136
25,69,1024,93184
25,28,2048,93184
25,40,3072,93184
25,66,6144,93184
25,68,8192,93184
25,58,10240,93184
25,34,12288,93184
25,52,13312,93184
25,37,15360,93184
25,58,16384,93184
25,64,17408,93184
25,36,19456,93184
25,59,19456,93184
69,28,1024,94208
69,40,2048,94208
69,66,5120,94208
69,68,7168,94208
69,58,9216,94208
69,34,11264,94208
69,52,12288,94208
69,37,14336,94208
69,58,15360,94208
69,64,16384,94208
69,36,18432,94208
69,59,18432,94208
28,40,1024,95232
28,66,4096,95232
28,68,6144,95232
28,58,8192,95232
28,34,10240,95232
28,52,11264,95232
28,37,13312,95232
28,58,14336,95232
28,64,15360,95232
28,36,17408,95232
28,59,17408,95232
28,69,20480,95232
40,66,3072,96256
40,68,5120,96256
40,58,7168,96256
40,34,9216,96256
40,52,10240,96256
40,37,12288,96256
40,58,13312,96256
40,64,14336,96256
40,36,16384,96256
40,59,16384,96256
40,69,19456,96256
66,68,2048,99328
66,58,4096,99328
66,34,6144,99328
66,52,7168,99328
66,37,9216,99328
66,58,10240,99328
66,64,11264,99328
66,36,13312,99328
66,59,13312,99328
66,69,16384,99328
66,33,19456,99328
68,58,2048,101376
68,34,4096,101376
68,52,5120,101376
68,37,7168,101376
68,58,8192,101376
68,64,9216,101376
68,36,11264,101376
68,59,11264,101376
68,69,14336,101376
68,33,17408,101376
68,37,19456,101376
68,43,19456,101376
68,69,20480,101376
58,34,2048,103424
58,52,3072,103424
58,37,5120,103424
58,58,6144,103424
58,64,7168,103424
58,36,9216,103424
58,59,9216,103424
58,69,12288,103424
58,33,15360,103424
58,37,17408,103424
58,43,17408,103424
58,69,18432,103424
58,18,19456,103424
58,41,19456,103424
34,52,1024,105472
34,37,3072,105472
34,58,4096,105472
34,64,5120,105472
34,36,7168,105472
34,59,7168,105472
34,69,10240,105472
34,33,13312,105472
34,37,15360,105472
34,43,15360,105472
34,69,16384,105472
34,18,17408,105472
34,41,17408,105472
34,31,18432,105472
52,37,2048,106496
52,58,3072,106496
52,64,4096,106496
52,36,6144,106496
52,59,6144,106496
52,69,9216,106496
52,33,12288,106496
52,37,14336,106496
52,43,14336,106496
52,69,15360,106496
52,18,16384,106496
52,41,16384,106496
52,31,17408,106496
52,36,18432,106496
37,58,1024,108544
37,64,2048,108544
37,36,4096,108544
37,59,4096,108544
37,69,7168,108544
37,33,10240,108544
37,37,12288,108544
37,43,12288,108544
37,69,13312,108544
37,18,14336,108544
37,41,14336,108544
37,31,15360,108544
37,36,16384,108544
37,66,17408,108544
58,64,1024,109568
58,36,3072,109568
58,59,3072,109568
58,69,6144,109568
58,33,9216,109568
58,37,11264,109568
58,43,11264,109568
58,69,12288,109568
58,18,13312,109568
58,41,13312,109568
58,31,14336,109568
58,36,15360,109568
58,66,16384,109568
58,37,19456,109568
64,36,2048,110592
64,59,2048,110592
64,69,5120,110592
64,33,8192,110592
64,37,10240,110592
64,43,10240,110592
64,69,11264,110592
64,18,12288,110592
64,41,12288,110592
64,31,13312,110592
64,36,14336,110592
64,66,15360,110592
64,37,18432,110592
64,72,18432,110592
36,59,0,112640
36,69,3072,112640
36,33,6144,112640
36,37,8192,112640
36,43,8192,112640
36,69,9216,112640
36,18,10240,112640
36,41,10240,112640
36,31,11264,112640
36,36,12288,112640
36,66,13312,112640
36,37,16384,112640
36,72,16384,112640
36,66,17408,112640
59,69,3072,112640
59,33,6144,112640
59,37,8192,112640
59,43,8192,112640
59,69,9216,112640
59,18,10240,112640
59,41,10240,112640
59,31,11264,112640
59,36,12288,112640
59,66,13312,112640
59,37,16384,112640
59,72,16384,112640
59,66,17408,112640
59,52,20480,112640
69,33,3072,115712
69,37,5120,115712
69,43,5120,115712
69,69,6144,115712
69,18,7168,115712
69,41,7168,115712
69,31,8192,115712
69,36,9216,115712
69,66,10240,115712
69,37,13312,115712
69,72,13312,115712
69,66,14336,115712
69,52,17408,115712
69,34,18432,115712
33,37,2048,118784
33,43,2048,118784
33,69,3072,118784
33,18,4096,118784
33,41,4096,118784
33,31,5120,118784
33,36,6144,118784
33,66,7168,118784
33,37,10240,118784
33,72,10240,118784
33,66,11264,118784
33,52,14336,118784
33,34,15360,118784
33,33,20480,118784
37,43,0,120832
37,69,1024,120832
37,18,2048,120832
37,41,2048,120832
37,31,3072,120832
37,36,4096,120832
37,66,5120,120832
37,37,8192,120832
37,72,8192,120832
37,66,9216,120832
37,52,12288,120832
37,34,13312,120832
37,33,18432,120832
37,69,19456,120832
43,69,1024,120832
43,18,2048,120832
43,41,2048,120832
43,31,3072,120832
43,36,4096,120832
43,66,5120,120832
43,37,8192,120832
43,72,8192,120832
43,66,9216,120832
43,52,12288,120832
43,34,13312,120832
43,33,18432,120832
43,69,19456,120832
69,18,1024,121856
69,41,1024,121856
69,31,2048,121856
69,36,3072,121856
69,66,4096,121856
69,37,7168,121856
69,72,7168,121856
69,66,8192,121856
69,52,11264,121856
69,34,12288,121856
69,33,17408,121856
69,69,18432,121856
18,41,0,122880
18,31,1024,122880
18,36,2048,122880
18,66,3072,122880
18,37,6144,122880
18,72,6144,122880
18,66,7168,122880
18,52,10240,122880
18,34,11264,122880
18,33,16384,122880
18,69,17408,122880
41,31,1024,122880
41,36,2048,122880
41,66,3072,122880
41,37,6144,122880
41,72,6144,122880
41,66,7168,122880
41,52,10240,122880
41,34,11264,122880
41,33,16384,122880
41,69,17408,122880
31,36,1024,123904
31,66,2048,123904
31,37,5120,123904
31,72,5120,123904
31,66,6144,123904
31,52,9216,123904
31,34,10240,123904
31,33,15360,123904
31,69,16384,123904
36,66,1024,124928
36,37,4096,124928
36,72,4096,124928
36,66,5120,124928
36,52,8192,124928
36,34,9216,124928
36,33,14336,124928
36,69,15360,124928
66,37,3072,125952
66,72,3072,125952
66,66,4096,125952
66,52,7168,125952
66,34,8192,125952
66,33,13312,125952
66,69,14336,125952
66,31,20480,125952
37,72,0,129024
37,66,1024,129024
37,52,4096,129024
37,34,5120,129024
37,33,10240,129024
37,69,11264,129024
37,31,17408,129024
37,36,18432,129024
37,73,19456,129024
37,68,20480,129024
72,66,1024,129024
72,52,4096,129024
72,34,5120,129024
72,33,10240,129024
72,69,11264,129024
72,31,17408,129024
72,36,18432,129024
72,73,19456,129024
72,68,20480,129024
66,52,3072,130048
66,34,4096,130048
66,33,9216,130048
66,69,10240,130048
66,31,16384,130048
66,36,17408,130048
66,73,18432,130048
66,68,19456,130048
66,66,20480,130048
52,34,1024,133120
52,33,6144,133120
52,69,7168,133120
52,31,13312,133120
52,36,14336,133120
52,73,15360,133120
52,68,16384,133120
52,66,17408,133120
52,37,18432,133120
52,39,19456,133120
52,40,19456,133120
52,30,20480,133120
52,69,20480,133120
34,33,5120,134144
34,69,6144,134144
34,31,12288,134144
34,36,13312,134144
34,73,14336,134144
34,68,15360,134144
34,66,16384,134144
34,37,17408,134144
34,39,18432,134144
34,40,18432,134144
34,30,19456,134144
34,69,19456,134144
34,37,20480,134144
34,63,20480,134144
33,69,1024,139264
33,31,7168,139264
33,36,8192,139264
33,73,9216,139264
33,68,10240,139264
33,66,11264,139264
33,37,12288,139264
33,39,13312,139264
33,40,13312,139264
33,30,14336,139264
33,69,14336,139264
33,37,15360,139264
33,63,15360,139264
33,59,17408,139264
69,31,6144,140288
69,36,7168,140288
69,73,8192,140288
69,68,9216,140288
69,66,10240,140288
69,37,11264,140288
69,39,12288,140288
69,40,12288,140288
69,30,13312,140288
69,69,13312,140288
69,37,14336,140288
69,63,14336,140288
69,59,16384,140288
69,80,17408,140288
31,36,1024,146432
31,73,2048,146432
31,68,3072,146432
31,66,4096,146432
31,37,5120,146432
31,39,6144,146432
31,40,6144,146432
31,30,7168,146432
31,69,7168,146432
31,37,8192,146432
31,63,8192,146432
31,59,10240,146432
31,80,11264,146432
31,37,12288,146432
36,73,1024,147456
36,68,2048,147456
36,66,3072,147456
36,37,4096,147456
36,39,5120,147456
36,40,5120,147456
36,30,6144,147456
36,69,6144,147456
36,37,7168,147456
36,63,7168,147456
36,59,9216,147456
36,80,10240,147456
36,37,11264,147456
36,26,15360,147456
73,68,1024,148480
73,66,2048,148480
73,37,3072,148480
73,39,4096,148480
73,40,4096,148480
73,30,5120,148480
73,69,5120,148480
73,37,6144,148480
73,63,6144,148480
73,59,8192,148480
73,80,9216,148480
73,37,10240,148480
73,26,14336,148480
73,59,17408,148480
68,66,1024,149504
68,37,2048,149504
68,39,3072,149504
68,40,3072,149504
68,30,4096,149504
68,69,4096,149504
68,37,5120,149504
68,63,5120,149504
68,59,7168,149504
68,80,8192,149504
68,37,9216,149504
68,26,13312,149504
68,59,16384,149504
68,59,17408,149504
66,37,1024,150528
66,39,2048,150528
66,40,2048,150528
66,30,3072,150528
66,69,3072,150528
66,37,4096,150528
66,63,4096,150528
66,59,6144,150528
66,80,7168,150528
66,37,8192,150528
66,26,12288,150528
66,59,15360,150528
66,59,16384,150528
66,78,19456,150528
37,39,1024,151552
37,40,1024,151552
37,30,2048,151552
37,69,2048,151552
37,37,3072,151552
37,63,3072,151552
37,59,5120,151552
37,80,6144,151552
37,37,7168,151552
37,26,11264,151552
37,59,14336,151552
37,59,15360,151552
37,78,18432,151552
37,74,19456,151552
39,40,0,152576
39,30,1024,152576
39,69,1024,152576
39,37,2048,152576
39,63,2048,152576
39,59,4096,152576
39,80,5120,152576
39,37,6144,152576
39,26,10240,152576
39,59,13312,152576
39,59,14336,152576
39,78,17408,152576
39,74,18432,152576
39,40,19456,152576
40,30,1024,152576
40,69,1024,152576
40,37,2048,152576
40,63,2048,152576
40,59,4096,152576
40,80,5120,152576
40,37,6144,152576
40,26,10240,152576
40,59,13312,152576
40,59,14336,152576
40,78,17408,152576
40,74,18432,152576
40,40,19456,152576
30,69,0,153600
30,37,1024,153600
30,63,1024,153600
30,59,3072,153600
30,80,4096,153600
30,37,5120,153600
30,26,9216,153600
30,59,12288,153600
30,59,13312,153600
30,78,16384,153600
30,74,17408,153600
30,40,18432,153600
69,37,1024,153600
69,63,1024,153600
69,59,3072,153600
69,80,4096,153600
69,37,5120,153600
69,26,9216,153600
69,59,12288,153600
69,59,13312,153600
69,78,16384,153600
69,74,17408,153600
69,40,18432,153600
37,63,0,154624
37,59,2048,154624
37,80,3072,154624
37,37,4096,154624
37,26,8192,154624
37,59,11264,154624
37,59,12288,154624
37,78,15360,154624
37,74,16384,154624
37,40,17408,154624
37,89,20480,154624
63,59,2048,154624
63,80,3072,154624
63,37,4096,154624
63,26,8192,154624
63,59,11264,154624
63,59,12288,154624
63,78,15360,154624
63,74,16384,154624
63,40,17408,154624
63,89,20480,154624
59,80,1024,156672
59,37,2048,156672
59,26,6144,156672
59,59,9216,156672
59,59,10240,156672
59,78,13312,156672
59,74,14336,156672
59,40,15360,156672
59,89,18432,156672
59,40,20480,156672
80,37,1024,157696
80,26,5120,157696
80,59,8192,157696
80,59,9216,157696
80,78,12288,157696
80,74,13312,157696
80,40,14336,157696
80,89,17408,157696
80,40,19456,157696
37,26,4096,158720
37,59,7168,158720
37,59,8192,158720
37,78,11264,158720
37,74,12288,158720
37,40,13312,158720
37,89,16384,158720
37,40,18432,158720
26,59,3072,162816
26,59,4096,162816
26,78,7168,162816
26,74,8192,162816
26,40,9216,162816
26,89,12288,162816
26,40,14336,162816
26,30,17408,162816
26,77,19456,162816
26,78,20480,162816
26,80,20480,162816
59,59,1024,165888
59,78,4096,165888
59,74,5120,165888
59,40,6144,165888
59,89,9216,165888
59,40,11264,165888
59,30,14336,165888
59,77,16384,165888
59,78,17408,165888
59,80,17408,165888
59,58,18432,165888
59,71,19456,165888
59,78,3072,166912
59,74,4096,166912
59,40,5120,166912
59,89,8192,166912
59,40,10240,166912
59,30,13312,166912
59,77,15360,166912
59,78,16384,166912
59,80,16384,166912
59,58,17408,166912
59,71,18432,166912
59,52,20480,166912
78,74,1024,169984
78,40,2048,169984
78,89,5120,169984
78,40,7168,169984
78,30,10240,169984
78,77,12288,169984
78,78,13312,169984
78,80,13312,169984
78,58,14336,169984
78,71,15360,169984
78,52,17408,169984
78,27,20480,169984
74,40,1024,171008
74,89,4096,171008
74,40,6144,171008
74,30,9216,171008
74,77,11264,171008
74,78,12288,171008
74,80,12288,171008
74,58,13312,171008
74,71,14336,171008
74,52,16384,171008
74,27,19456,171008
74,75,20480,171008
40,89,3072,172032
40,40,5120,172032
40,30,8192,172032
40,77,10240,172032
40,78,11264,172032
40,80,11264,172032
40,58,12288,172032
40,71,13312,172032
40,52,15360,172032
40,27,18432,172032
40,75,19456,172032
89,40,2048,175104
89,30,5120,175104
89,77,7168,175104
89,78,8192,175104
89,80,8192,175104
89,58,9216,175104
89,71,10240,175104
89,52,12288,175104
89,27,15360,175104
89,75,16384,175104
89,72,18432,175104
40,30,3072,177152
40,77,5120,177152
40,78,6144,177152
40,80,6144,177152
40,58,7168,177152
40,71,8192,177152
40,52,10240,177152
40,27,13312,177152
40,75,14336,177152
40,72,16384,177152
30,77,2048,180224
30,78,3072,180224
30,80,3072,180224
30,58,4096,180224
30,71,5120,180224
30,52,7168,180224
30,27,10240,180224
30,75,11264,180224
30,72,13312,180224
30,75,19456,180224
77,78,1024,182272
77,80,1024,182272
77,58,2048,182272
77,71,3072,182272
77,52,5120,182272
77,27,8192,182272
77,75,9216,182272
77,72,11264,182272
77,75,17408,182272
77,42,19456,182272
77,74,20480,182272
78,80,0,183296
78,58,1024,183296
78,71,2048,183296
78,52,4096,183296
78,27,7168,183296
78,75,8192,183296
78,72,10240,183296
78,75,16384,183296
78,42,18432,183296
78,74,19456,183296
78,18,20480,183296
78,41,20480,183296
80,58,1024,183296
80,71,2048,183296
80,52,4096,183296
80,27,7168,183296
80,75,8192,183296
80,72,10240,183296
80,75,16384,183296
80,42,18432,183296
80,74,19456,183296
80,18,20480,183296
80,41,20480,183296
58,71,1024,184320
58,52,3072,184320
58,27,6144,184320
58,75,7168,184320
58,72,9216,184320
58,75,15360,184320
58,42,17408,184320
58,74,18432,184320
58,18,19456,184320
58,41,19456,184320
71,52,2048,185344
71,27,5120,185344
71,75,6144,185344
71,72,8192,185344
71,75,14336,185344
71,42,16384,185344
71,74,17408,185344
71,18,18432,185344
71,41,18432,185344
71,36,20480,185344
71,75,20480,185344
52,27,3072,187392
52,75,4096,187392
52,72,6144,187392
52,75,12288,187392
52,42,14336,187392
52,74,15360,187392
52,18,16384,187392
52,41,16384,187392
52,36,18432,187392
52,75,18432,187392
52,30,20480,187392
27,75,1024,190464
27,72,3072,190464
27,75,9216,190464
27,42,11264,190464
27,74,12288,190464
27,18,13312,190464
27,41,13312,190464
27,36,15360,190464
27,75,15360,190464
27,30,17408,190464
75,72,2048,191488
75,75,8192,191488
75,42,10240,191488
75,74,11264,191488
75,18,12288,191488
75,41,12288,191488
75,36,14336,191488
75,75,14336,191488
75,30,16384,191488
72,75,6144,193536
72,42,8192,193536
72,74,9216,193536
72,18,10240,193536
72,41,10240,193536
72,36,12288,193536
72,75,12288,193536
72,30,14336,193536
72,52,20480,193536
72,107,20480,193536
75,42,2048,199680
75,74,3072,199680
75,18,4096,199680
75,41,4096,199680
75,36,6144,199680
75,75,6144,199680
75,30,8192,199680
75,52,14336,199680
75,107,14336,199680
75,26,17408,199680
42,74,1024,201728
42,18,2048,201728
42,41,2048,201728
42,36,4096,201728
42,75,4096,201728
42,30,6144,201728
42,52,12288,201728
42,107,12288,201728
42,26,15360,201728
42,59,19456,201728
42,71,20480,201728
74,18,1024,202752
74,41,1024,202752
74,36,3072,202752
74,75,3072,202752
74,30,5120,202752
74,52,11264,202752
74,107,11264,202752
74,26,14336,202752
74,59,18432,202752
74,71,19456,202752
18,41,0,203776
18,36,2048,203776
18,75,2048,203776
18,30,4096,203776
18,52,10240,203776
18,107,10240,203776
18,26,13312,203776
18,59,17408,203776
18,71,18432,203776
18,71,20480,203776
41,36,2048,203776
41,75,2048,203776
41,30,4096,203776
41,52,10240,203776
41,107,10240,203776
41,26,13312,203776
41,59,17408,203776
41,71,18432,203776
41,71,20480,203776
36,75,0,205824
36,30,2048,205824
36,52,8192,205824
36,107,8192,205824
36,26,11264,205824
36,59,15360,205824
36,71,16384,205824
36,71,18432,205824
36,40,20480,205824
75,30,2048,205824
75,52,8192,205824
75,107,8192,205824
75,26,11264,205824
75,59,15360,205824
75,71,16384,205824
75,71,18432,205824
75,40,20480,205824
30,52,6144,207872
30,107,6144,207872
30,26,9216,207872
30,59,13312,207872
30,71,14336,207872
30,71,16384,207872
30,40,18432,207872
30,74,19456,207872
52,107,0,214016
52,26,3072,214016
52,59,7168,214016
52,71,8192,214016
52,71,10240,214016
52,40,12288,214016
52,74,13312,214016
52,43,15360,214016
52,26,16384,214016
52,77,16384,214016
52,115,16384,214016
52,37,17408,214016
52,40,17408,214016
52,71,18432,214016
107,26,3072,214016
107,59,7168,214016
107,71,8192,214016
107,71,10240,214016
107,40,12288,214016
107,74,13312,214016
107,43,15360,214016
107,26,16384,214016
107,77,16384,214016
107,115,16384,214016
107,37,17408,214016
107,40,17408,214016
107,71,18432,214016
107,30,20480,214016
26,59,4096,217088
26,71,5120,217088
26,71,7168,217088
26,40,9216,217088
26,74,10240,217088
26,43,12288,217088
26,26,13312,217088
26,77,13312,217088
26,115,13312,217088
26,37,14336,217088
26,40,14336,217088
26,71,15360,217088
26,30,17408,217088
59,71,1024,221184
59,71,3072,221184
59,40,5120,221184
59,74,6144,221184
59,43,8192,221184
59,26,9216,221184
59,77,9216,221184
59,115,9216,221184
59,37,10240,221184
59,40,10240,221184
59,71,11264,221184
59,30,13312,221184
71,71,2048,222208
71,40,4096,222208
71,74,5120,222208
71,43,7168,222208
71,26,8192,222208
71,77,8192,222208
71,115,8192,222208
71,37,9216,222208
71,40,9216,222208
71,71,10240,222208
71,30,12288,222208
71,40,2048,224256
71,74,3072,224256
71,43,5120,224256
71,26,6144,224256
71,77,6144,224256
71,115,6144,224256
71,37,7168,224256
71,40,7168,224256
71,71,8192,224256
71,30,10240,224256
40,74,1024,226304
40,43,3072,226304
40,26,4096,226304
40,77,4096,226304
40,115,4096,226304
40,37,5120,226304
40,40,5120,226304
40,71,6144,226304
40,30,8192,226304
40,69,19456,226304
40,59,20480,226304
74,43,2048,227328
74,26,3072,227328
74,77,3072,227328
74,115,3072,227328
74,37,4096,227328
74,40,4096,227328
74,71,5120,227328
74,30,7168,227328
74,69,18432,227328
74,59,19456,227328
74,59,20480,227328
43,26,1024,229376
43,77,1024,229376
43,115,1024,229376
43,37,2048,229376
43,40,2048,229376
43,71,3072,229376
43,30,5120,229376
43,69,16384,229376
43,59,17408,229376
43,59,18432,229376
26,77,0,230400
26,115,0,230400
26,37,1024,230400
26,40,1024,230400
26,71,2048,230400
26,30,4096,230400
26,69,15360,230400
26,59,16384,230400
26,59,17408,230400
26,81,20480,230400
77,115,0,230400
77,37,1024,230400
77,40,1024,230400
77,71,2048,230400
77,30,4096,230400
77,69,15360,230400
77,59,16384,230400
77,59,17408,230400
77,81,20480,230400
115,37,1024,230400
115,40,1024,230400
115,71,2048,230400
115,30,4096,230400
115,69,15360,230400
115,59,16384,230400
115,59,17408,230400
115,81,20480,230400
37,40,0,231424
37,71,1024,231424
37,30,3072,231424
37,69,14336,231424
37,59,15360,231424
37,59,16384,231424
37,81,19456,231424
40,71,1024,231424
40,30,3072,231424
40,69,14336,231424
40,59,15360,231424
40,59,16384,231424
40,81,19456,231424
71,30,2048,232448
71,69,13312,232448
71,59,14336,232448
71,59,15360,232448
71,81,18432,232448
71,40,20480,232448
30,69,11264,234496
30,59,12288,234496
30,59,13312,234496
30,81,16384,234496
30,40,18432,234496
30,28,19456,234496
69,59,1024,245760
69,59,2048,245760
69,81,5120,245760
69,40,7168,245760
69,28,8192,245760
69,34,15360,245760
69,63,15360,245760
69,29,16384,245760
69,28,17408,245760
69,31,19456,245760
69,58,19456,245760
59,59,1024,246784
59,81,4096,246784
59,40,6144,246784
59,28,7168,246784
59,34,14336,246784
59,63,14336,246784
59,29,15360,246784
59,28,16384,246784
59,31,18432,246784
59,58,18432,246784
59,81,3072,247808
59,40,5120,247808
59,28,6144,247808
59,34,13312,247808
59,63,13312,247808
59,29,14336,247808
59,28,15360,247808
59,31,17408,247808
59,58,17408,247808
59,37,20480,247808
59,52,20480,247808
81,40,2048,250880
81,28,3072,250880
81,34,10240,250880
81,63,10240,250880
81,29,11264,250880
81,28,12288,250880
81,31,14336,250880
81,58,14336,250880
81,37,17408,250880
81,52,17408,250880
81,71,19456,250880
81,18,20480,250880
40,28,1024,252928
40,34,8192,252928
40,63,8192,252928
40,29,9216,252928
40,28,10240,252928
40,31,12288,252928
40,58,12288,252928
40,37,15360,252928
40,52,15360,252928
40,71,17408,252928
40,18,18432,252928
40,75,19456,252928
28,34,7168,253952
28,63,7168,253952
28,29,8192,253952
28,28,9216,253952
28,31,11264,253952
28,58,11264,253952
28,37,14336,253952
28,52,14336,253952
28,71,16384,253952
28,18,17408,253952
28,75,18432,253952
34,63,0,261120
34,29,1024,261120
34,28,2048,261120
34,31,4096,261120
34,58,4096,261120
34,37,7168,261120
34,52,7168,261120
34,71,9216,261120
34,18,10240,261120
34,75,11264,261120
34,86,16384,261120
34,39,19456,261120
34,40,19456,261120
34,42,20480,261120
63,29,1024,261120
63,28,2048,261120
63,31,4096,261120
63,58,4096,261120
63,37,7168,261120
63,52,7168,261120
63,71,9216,261120
63,18,10240,261120
63,75,11264,261120
63,86,16384,261120
63,39,19456,261120
63,40,19456,261120
63,42,20480,261120
63,80,20480,261120
29,28,1024,262144
29,31,3072,262144
29,58,3072,262144
29,37,6144,262144
29,52,6144,262144
29,71,8192,262144
29,18,9216,262144
29,75,10240,262144
29,86,15360,262144
29,39,18432,262144
29,40,18432,262144
29,42,19456,262144
29,80,19456,262144
29,86,20480,262144
28,31,2048,263168
28,58,2048,263168
28,37,5120,263168
28,52,5120,263168
28,71,7168,263168
28,18,8192,263168
28,75,9216,263168
28,86,14336,263168
28,39,17408,263168
28,40,17408,263168
28,42,18432,263168
28,80,18432,263168
28,86,19456,263168
28,81,20480,263168
31,58,0,265216
31,37,3072,265216
31,52,3072,265216
31,71,5120,265216
31,18,6144,265216
31,75,7168,265216
31,86,12288,265216
31,39,15360,265216
31,40,15360,265216
31,42,16384,265216
31,80,16384,265216
31,86,17408,265216
31,81,18432,265216
31,26,19456,265216
58,37,3072,265216
58,52,3072,265216
58,71,5120,265216
58,18,6144,265216
58,75,7168,265216
58,86,12288,265216
58,39,15360,265216
58,40,15360,265216
58,42,16384,265216
58,80,16384,265216
58,86,17408,265216
58,81,18432,265216
58,26,19456,265216
58,40,20480,265216
37,52,0,268288
37,71,2048,268288
37,18,3072,268288
37,75,4096,268288
37,86,9216,268288
37,39,12288,268288
37,40,12288,268288
37,42,13312,268288
37,80,13312,268288
37,86,14336,268288
37,81,15360,268288
37,26,16384,268288
37,40,17408,268288
37,34,18432,268288
52,71,2048,268288
52,18,3072,268288
52,75,4096,268288
52,86,9216,268288
52,39,12288,268288
52,40,12288,268288
52,42,13312,268288
52,80,13312,268288
52,86,14336,268288
52,81,15360,268288
52,26,16384,268288
52,40,17408,268288
52,34,18432,268288
52,37,19456,268288
71,18,1024,270336
71,75,2048,270336
71,86,7168,270336
71,39,10240,270336
71,40,10240,270336
71,42,11264,270336
71,80,11264,270336
71,86,12288,270336
71,81,13312,270336
71,26,14336,270336
71,40,15360,270336
71,34,16384,270336
71,37,17408,270336
71,30,18432,270336
18,75,1024,271360
18,86,6144,271360
18,39,9216,271360
18,40,9216,271360
18,42,10240,271360
18,80,10240,271360
18,86,11264,271360
18,81,12288,271360
18,26,13312,271360
18,40,14336,271360
18,34,15360,271360
18,37,16384,271360
18,30,17408,271360
75,86,5120,272384
75,39,8192,272384
75,40,8192,272384
75,42,9216,272384
75,80,9216,272384
75,86,10240,272384
75,81,11264,272384
75,26,12288,272384
75,40,13312,272384
75,34,14336,272384
75,37,15360,272384
75,30,16384,272384
75,71,20480,272384
86,39,3072,277504
86,40,3072,277504
86,42,4096,277504
86,80,4096,277504
86,86,5120,277504
86,81,6144,277504
86,26,7168,277504
86,40,8192,277504
86,34,9216,277504
86,37,10240,277504
86,30,11264,277504
86,71,15360,277504
86,37,17408,277504
86,52,17408,277504
39,40,0,280576
39,42,1024,280576
39,80,1024,280576
39,86,2048,280576
39,81,3072,280576
39,26,4096,280576
39,40,5120,280576
39,34,6144,280576
39,37,7168,280576
39,30,8192,280576
39,71,12288,280576
39,37,14336,280576
39,52,14336,280576
39,83,16384,280576
40,42,1024,280576
40,80,1024,280576
40,86,2048,280576
40,81,3072,280576
40,26,4096,280576
40,40,5120,280576
40,34,6144,280576
40,37,7168,280576
40,30,8192,280576
40,71,12288,280576
40,37,14336,280576
40,52,14336,280576
40,83,16384,280576
40,26,17408,280576
42,80,0,281600
42,86,1024,281600
42,81,2048,281600
42,26,3072,281600
42,40,4096,281600
42,34,5120,281600
42,37,6144,281600
42,30,7168,281600
42,71,11264,281600
42,37,13312,281600
42,52,13312,281600
42,83,15360,281600
42,26,16384,281600
42,74,16384,281600
80,86,1024,281600
80,81,2048,281600
80,26,3072,281600
80,40,4096,281600
80,34,5120,281600
80,37,6144,281600
80,30,7168,281600
80,71,11264,281600
80,37,13312,281600
80,52,13312,281600
80,83,15360,281600
80,26,16384,281600
80,74,16384,281600
80,59,19456,281600
86,81,1024,282624
86,26,2048,282624
86,40,3072,282624
86,34,4096,282624
86,37,5120,282624
86,30,6144,282624
86,71,10240,282624
86,37,12288,282624
86,52,12288,282624
86,83,14336,282624
86,26,15360,282624
86,74,15360,282624
86,59,18432,282624
86,59,19456,282624
81,26,1024,283648
81,40,2048,283648
81,34,3072,283648
81,37,4096,283648
81,30,5120,283648
81,71,9216,283648
81,37,11264,283648
81,52,11264,283648
81,83,13312,283648
81,26,14336,283648
81,74,14336,283648
81,59,17408,283648
81,59,18432,283648
26,40,1024,284672
26,34,2048,284672
26,37,3072,284672
26,30,4096,284672
26,71,8192,284672
26,37,10240,284672
26,52,10240,284672
26,83,12288,284672
26,26,13312,284672
26,74,13312,284672
26,59,16384,284672
26,59,17408,284672
40,34,1024,285696
40,37,2048,285696
40,30,3072,285696
40,71,7168,285696
40,37,9216,285696
40,52,9216,285696
40,83,11264,285696
40,26,12288,285696
40,74,12288,285696
40,59,15360,285696
40,59,16384,285696
34,37,1024,286720
34,30,2048,286720
34,71,6144,286720
34,37,8192,286720
34,52,8192,286720
34,83,10240,286720
34,26,11264,286720
34,74,11264,286720
34,59,14336,286720
34,59,15360,286720
34,40,20480,286720
37,30,1024,287744
37,71,5120,287744
37,37,7168,287744
37,52,7168,287744
37,83,9216,287744
37,26,10240,287744
37,74,10240,287744
37,59,13312,287744
37,59,14336,287744
37,40,19456,287744
30,71,4096,288768
30,37,6144,288768
30,52,6144,288768
30,83,8192,288768
30,26,9216,288768
30,74,9216,288768
30,59,12288,288768
30,59,13312,288768
30,40,18432,288768
30,42,20480,288768
30,89,20480,288768
71,37,2048,292864
71,52,2048,292864
71,83,4096,292864
71,26,5120,292864
71,74,5120,292864
71,59,8192,292864
71,59,9216,292864
71,40,14336,292864
71,42,16384,292864
71,89,16384,292864
71,43,17408,292864
71,26,18432,292864
71,40,19456,292864
71,34,20480,292864
37,52,0,294912
37,83,2048,294912
37,26,3072,294912
37,74,3072,294912
37,59,6144,294912
37,59,7168,294912
37,40,12288,294912
37,42,14336,294912
37,89,14336,294912
37,43,15360,294912
37,26,16384,294912
37,40,17408,294912
37,34,18432,294912
37,30,20480,294912
52,83,2048,294912
52,26,3072,294912
52,74,3072,294912
52,59,6144,294912
52,59,7168,294912
52,40,12288,294912
52,42,14336,294912
52,89,14336,294912
52,43,15360,294912
52,26,16384,294912
52,40,17408,294912
52,34,18432,294912
52,30,20480,294912
52,69,20480,294912
83,26,1024,296960
83,74,1024,296960
83,59,4096,296960
83,59,5120,296960
83,40,10240,296960
83,42,12288,296960
83,89,12288,296960
83,43,13312,296960
83,26,14336,296960
83,40,15360,296960
83,34,16384,296960
83,30,18432,296960
83,69,18432,296960
83,27,19456,296960
26,74,0,297984
26,59,3072,297984
26,59,4096,297984
26,40,9216,297984
26,42,11264,297984
26,89,11264,297984
26,43,12288,297984
26,26,13312,297984
26,40,14336,297984
26,34,15360,297984
26,30,17408,297984
26,69,17408,297984
26,27,18432,297984
74,59,3072,297984
74,59,4096,297984
74,40,9216,297984
74,42,11264,297984
74,89,11264,297984
74,43,12288,297984
74,26,13312,297984
74,40,14336,297984
74,34,15360,297984
74,30,17408,297984
74,69,17408,297984
74,27,18432,297984
59,59,1024,301056
59,40,6144,301056
59,42,8192,301056
59,89,8192,301056
59,43,9216,301056
59,26,10240,301056
59,40,11264,301056
59,34,12288,301056
59,30,14336,301056
59,69,14336,301056
59,27,15360,301056
59,58,18432,301056
59,34,19456,301056
59,66,19456,301056
59,40,5120,302080
59,42,7168,302080
59,89,7168,302080
59,43,8192,302080
59,26,9216,302080
59,40,10240,302080
59,34,11264,302080
59,30,13312,302080
59,69,13312,302080
59,27,14336,302080
59,58,17408,302080
59,34,18432,302080
59,66,18432,302080
40,42,2048,307200
40,89,2048,307200
40,43,3072,307200
40,26,4096,307200
40,40,5120,307200
40,34,6144,307200
40,30,8192,307200
40,69,8192,307200
40,27,9216,307200
40,58,12288,307200
40,34,13312,307200
40,66,13312,307200
40,79,17408,307200
40,80,17408,307200
42,89,0,309248
42,43,1024,309248
42,26,2048,309248
42,40,3072,309248
42,34,4096,309248
42,30,6144,309248
42,69,6144,309248
42,27,7168,309248
42,58,10240,309248
42,34,11264,309248
42,66,11264,309248
42,79,15360,309248
42,80,15360,309248
42,78,16384,309248
89,43,1024,309248
89,26,2048,309248
89,40,3072,309248
89,34,4096,309248
89,30,6144,309248
89,69,6144,309248
89,27,7168,309248
89,58,10240,309248
89,34,11264,309248
89,66,11264,309248
89,79,15360,309248
89,80,15360,309248
89,78,16384,309248
89,78,17408,309248
43,26,1024,310272
43,40,2048,310272
43,34,3072,310272
43,30,5120,310272
43,69,5120,310272
43,27,6144,310272
43,58,9216,310272
43,34,10240,310272
43,66,10240,310272
43,79,14336,310272
43,80,14336,310272
43,78,15360,310272
43,78,16384,310272
43,59,18432,310272
26,40,1024,311296
26,34,2048,311296
26,30,4096,311296
26,69,4096,311296
26,27,5120,311296
26,58,8192,311296
26,34,9216,311296
26,66,9216,311296
26,79,13312,311296
26,80,13312,311296
26,78,14336,311296
26,78,15360,311296
26,59,17408,311296
40,34,1024,312320
40,30,3072,312320
40,69,3072,312320
40,27,4096,312320
40,58,7168,312320
40,34,8192,312320
40,66,8192,312320
40,79,12288,312320
40,80,12288,312320
40,78,13312,312320
40,78,14336,312320
40,59,16384,312320
34,30,2048,313344
34,69,2048,313344
34,27,3072,313344
34,58,6144,313344
34,34,7168,313344
34,66,7168,313344
34,79,11264,313344
34,80,11264,313344
34,78,12288,313344
34,78,13312,313344
34,59,15360,313344
30,69,0,315392
30,27,1024,315392
30,58,4096,315392
30,34,5120,315392
30,66,5120,315392
30,79,9216,315392
30,80,9216,315392
30,78,10240,315392
30,78,11264,315392
30,59,13312,315392
69,27,1024,315392
69,58,4096,315392
69,34,5120,315392
69,66,5120,315392
69,79,9216,315392
69,80,9216,315392
69,78,10240,315392
69,78,11264,315392
69,59,13312,315392
27,58,3072,316416
27,34,4096,316416
27,66,4096,316416
27,79,8192,316416
27,80,8192,316416
27,78,9216,316416
27,78,10240,316416
27,59,12288,316416
58,34,1024,319488
58,66,1024,319488
58,79,5120,319488
58,80,5120,319488
58,78,6144,319488
58,78,7168,319488
58,59,9216,319488
34,66,0,320512
34,79,4096,320512
34,80,4096,320512
34,78,5120,320512
34,78,6144,320512
34,59,8192,320512
66,79,4096,320512
66,80,4096,320512
66,78,5120,320512
66,78,6144,320512
66,59,8192,320512
79,80,0,324608
79,78,1024,324608
79,78,2048,324608
79,59,4096,324608
80,78,1024,324608
80,78,2048,324608
80,59,4096,324608
78,78,1024,325632
78,59,3072,325632
78,59,2048,326656
