68,74,6144,3072
68,107,11264,3072
68,69,16384,3072
68,28,18432,3072
68,74,19456,3072
68,69,20480,3072
74,107,5120,9216
74,69,10240,9216
74,28,12288,9216
74,74,13312,9216
74,69,14336,9216
74,36,18432,9216
107,69,5120,14336
107,28,7168,14336
107,74,8192,14336
107,69,9216,14336
107,36,13312,14336
107,74,20480,14336
69,28,2048,19456
69,74,3072,19456
69,69,4096,19456
69,36,8192,19456
69,74,15360,19456
69,102,16384,19456
69,66,17408,19456
69,245,19456,19456
28,74,1024,21504
28,69,2048,21504
28,36,6144,21504
28,74,13312,21504
28,102,14336,21504
28,66,15360,21504
28,245,17408,21504
28,71,20480,21504
74,69,1024,22528
74,36,5120,22528
74,74,12288,22528
74,102,13312,22528
74,66,14336,22528
74,245,16384,22528
74,71,19456,22528
69,36,4096,23552
69,74,11264,23552
69,102,12288,23552
69,66,13312,23552
69,245,15360,23552
69,71,18432,23552
36,74,7168,27648
36,102,8192,27648
36,66,9216,27648
36,245,11264,27648
36,71,14336,27648
36,34,17408,27648
36,38,20480,27648
36,76,20480,27648
74,102,1024,34816
74,66,2048,34816
74,245,4096,34816
74,71,7168,34816
74,34,10240,34816
74,38,13312,34816
74,76,13312,34816
74,76,14336,34816
74,63,18432,34816
102,66,1024,35840
102,245,3072,35840
102,71,6144,35840
102,34,9216,35840
102,38,12288,35840
102,76,12288,35840
102,76,13312,35840
102,63,17408,35840
66,245,2048,36864
66,71,5120,36864
66,34,8192,36864
66,38,11264,36864
66,76,11264,36864
66,76,12288,36864
66,63,16384,36864
66,34,20480,36864
66,68,20480,36864
245,71,3072,38912
245,34,6144,38912
245,38,9216,38912
245,76,9216,38912
245,76,10240,38912
245,63,14336,38912
245,34,18432,38912
245,68,18432,38912
245,32,20480,38912
245,65,20480,38912
71,34,3072,41984
71,38,6144,41984
71,76,6144,41984
71,76,7168,41984
71,63,11264,41984
71,34,15360,41984
71,68,15360,41984
71,32,17408,41984
71,65,17408,41984
71,68,19456,41984
71,134,19456,41984
34,38,3072,45056
34,76,3072,45056
34,76,4096,45056
34,63,8192,45056
34,34,12288,45056
34,68,12288,45056
34,32,14336,45056
34,65,14336,45056
34,68,16384,45056
34,134,16384,45056
34,31,20480,45056
38,76,0,48128
38,76,1024,48128
38,63,5120,48128
38,34,9216,48128
38,68,9216,48128
38,32,11264,48128
38,65,11264,48128
38,68,13312,48128
38,134,13312,48128
38,31,17408,48128
76,76,1024,48128
76,63,5120,48128
76,34,9216,48128
76,68,9216,48128
76,32,11264,48128
76,65,11264,48128
76,68,13312,48128
76,134,13312,48128
76,31,17408,48128
76,63,4096,49152
76,34,8192,49152
76,68,8192,49152
76,32,10240,49152
76,65,10240,49152
76,68,12288,49152
76,134,12288,49152
76,31,16384,49152
63,34,4096,53248
63,68,4096,53248
63,32,6144,53248
63,65,6144,53248
63,68,8192,53248
63,134,8192,53248
63,31,12288,53248
63,72,17408,53248
63,107,17408,53248
63,36,20480,53248
34,68,0,57344
34,32,2048,57344
34,65,2048,57344
34,68,4096,57344
34,134,4096,57344
34,31,8192,57344
34,72,13312,57344
34,107,13312,57344
34,36,16384,57344
34,73,17408,57344
68,32,2048,57344
68,65,2048,57344
68,68,4096,57344
68,134,4096,57344
68,31,8192,57344
68,72,13312,57344
68,107,13312,57344
68,36,16384,57344
68,73,17408,57344
32,65,0,59392
32,68,2048,59392
32,134,2048,59392
32,31,6144,59392
32,72,11264,59392
32,107,11264,59392
32,36,14336,59392
32,73,15360,59392
65,68,2048,59392
65,134,2048,59392
65,31,6144,59392
65,72,11264,59392
65,107,11264,59392
65,36,14336,59392
65,73,15360,59392
68,134,0,61440
68,31,4096,61440
68,72,9216,61440
68,107,9216,61440
68,36,12288,61440
68,73,13312,61440
68,31,19456,61440
134,31,4096,61440
134,72,9216,61440
134,107,9216,61440
134,36,12288,61440
134,73,13312,61440
134,31,19456,61440
31,72,5120,65536
31,107,5120,65536
31,36,8192,65536
31,73,9216,65536
31,31,15360,65536
31,69,20480,65536
72,107,0,70656
72,36,3072,70656
72,73,4096,70656
72,31,10240,70656
72,69,15360,70656
72,18,16384,70656
72,60,16384,70656
107,36,3072,70656
107,73,4096,70656
107,31,10240,70656
107,69,15360,70656
107,18,16384,70656
107,60,16384,70656
36,73,1024,73728
36,31,7168,73728
36,69,12288,73728
36,18,13312,73728
36,60,13312,73728
36,31,20480,73728
36,63,20480,73728
73,31,6144,74752
73,69,11264,74752
73,18,12288,74752
73,60,12288,74752
73,31,19456,74752
73,63,19456,74752
73,65,20480,74752
31,69,5120,80896
31,18,6144,80896
31,60,6144,80896
31,31,13312,80896
31,63,13312,80896
31,65,14336,80896
31,18,19456,80896
31,69,19456,80896
69,18,1024,86016
69,60,1024,86016
69,31,8192,86016
69,63,8192,86016
69,65,9216,86016
69,18,14336,86016
69,69,14336,86016
69,18,17408,86016
18,60,0,87040
18,31,7168,87040
18,63,7168,87040
18,65,8192,87040
18,18,13312,87040
18,69,13312,87040
18,18,16384,87040
60,31,7168,87040
60,63,7168,87040
60,65,8192,87040
60,18,13312,87040
60,69,13312,87040
60,18,16384,87040
31,63,0,94208
31,65,1024,94208
31,18,6144,94208
31,69,6144,94208
31,18,9216,94208
31,18,19456,94208
31,72,19456,94208
63,65,1024,94208
63,18,6144,94208
63,69,6144,94208
63,18,9216,94208
63,18,19456,94208
63,72,19456,94208
65,18,5120,95232
65,69,5120,95232
65,18,8192,95232
65,18,18432,95232
65,72,18432,95232
18,69,0,100352
18,18,3072,100352
18,18,13312,100352
18,72,13312,100352
18,36,16384,100352
18,35,19456,100352
18,37,20480,100352
69,18,3072,100352
69,18,13312,100352
69,72,13312,100352
69,36,16384,100352
69,35,19456,100352
69,37,20480,100352
18,18,10240,103424
18,72,10240,103424
18,36,13312,103424
18,35,16384,103424
18,37,17408,103424
18,72,0,113664
18,36,3072,113664
18,35,6144,113664
18,37,7168,113664
18,74,13312,113664
18,38,14336,113664
18,18,16384,113664
18,59,17408,113664
72,36,3072,113664
72,35,6144,113664
72,37,7168,113664
72,74,13312,113664
72,38,14336,113664
72,18,16384,113664
72,59,17408,113664
36,35,3072,116736
36,37,4096,116736
36,74,10240,116736
36,38,11264,116736
36,18,13312,116736
36,59,14336,116736
36,67,19456,116736
36,91,20480,116736
35,37,1024,119808
35,74,7168,119808
35,38,8192,119808
35,18,10240,119808
35,59,11264,119808
35,67,16384,119808
35,91,17408,119808
35,18,19456,119808
37,74,6144,120832
37,38,7168,120832
37,18,9216,120832
37,59,10240,120832
37,67,15360,120832
37,91,16384,120832
37,18,18432,120832
37,28,20480,120832
74,38,1024,126976
74,18,3072,126976
74,59,4096,126976
74,67,9216,126976
74,91,10240,126976
74,18,12288,126976
74,28,14336,126976
74,62,19456,126976
38,18,2048,128000
38,59,3072,128000
38,67,8192,128000
38,91,9216,128000
38,18,11264,128000
38,28,13312,128000
38,62,18432,128000
18,59,1024,130048
18,67,6144,130048
18,91,7168,130048
18,18,9216,130048
18,28,11264,130048
18,62,16384,130048
59,67,5120,131072
59,91,6144,131072
59,18,8192,131072
59,28,10240,131072
59,62,15360,131072
67,91,1024,136192
67,18,3072,136192
67,28,5120,136192
67,62,10240,136192
67,18,16384,136192
67,64,16384,136192
67,59,17408,136192
91,18,2048,137216
91,28,4096,137216
91,62,9216,137216
91,18,15360,137216
91,64,15360,137216
91,59,16384,137216
18,28,2048,139264
18,62,7168,139264
18,18,13312,139264
18,64,13312,139264
18,59,14336,139264
18,75,19456,139264
28,62,5120,141312
28,18,11264,141312
28,64,11264,141312
28,59,12288,141312
28,75,17408,141312
62,18,6144,146432
62,64,6144,146432
62,59,7168,146432
62,75,12288,146432
62,26,18432,146432
62,18,19456,146432
62,59,19456,146432
62,112,20480,146432
18,64,0,152576
18,59,1024,152576
18,75,6144,152576
18,26,12288,152576
18,18,13312,152576
18,59,13312,152576
18,112,14336,152576
18,36,20480,152576
64,59,1024,152576
64,75,6144,152576
64,26,12288,152576
64,18,13312,152576
64,59,13312,152576
64,112,14336,152576
64,36,20480,152576
59,75,5120,153600
59,26,11264,153600
59,18,12288,153600
59,59,12288,153600
59,112,13312,153600
59,36,19456,153600
75,26,6144,158720
75,18,7168,158720
75,59,7168,158720
75,112,8192,158720
75,36,14336,158720
26,18,1024,164864
26,59,1024,164864
26,112,2048,164864
26,36,8192,164864
26,77,15360,164864
26,74,20480,164864
26,111,20480,164864
18,59,0,165888
18,112,1024,165888
18,36,7168,165888
18,77,14336,165888
18,74,19456,165888
18,111,19456,165888
59,112,1024,165888
59,36,7168,165888
59,77,14336,165888
59,74,19456,165888
59,111,19456,165888
112,36,6144,166912
112,77,13312,166912
112,74,18432,166912
112,111,18432,166912
36,77,7168,173056
36,74,12288,173056
36,111,12288,173056
36,74,16384,173056
77,74,5120,180224
77,111,5120,180224
77,74,9216,180224
77,76,15360,180224
74,111,0,185344
74,74,4096,185344
74,76,10240,185344
74,37,17408,185344
74,28,19456,185344
111,74,4096,185344
111,76,10240,185344
111,37,17408,185344
111,28,19456,185344
74,76,6144,189440
74,37,13312,189440
74,28,15360,189440
76,37,7168,195584
76,28,9216,195584
37,28,2048,202752
37,27,14336,202752
37,18,15360,202752
37,59,15360,202752
28,27,12288,204800
28,18,13312,204800
28,59,13312,204800
28,116,20480,204800
27,18,1024,217088
27,59,1024,217088
27,116,8192,217088
27,73,11264,217088
27,18,14336,217088
27,77,14336,217088
18,59,0,218112
18,116,7168,218112
18,73,10240,218112
18,18,13312,218112
18,77,13312,218112
59,116,7168,218112
59,73,10240,218112
59,18,13312,218112
59,77,13312,218112
116,73,3072,225280
116,18,6144,225280
116,77,6144,225280
116,152,20480,225280
73,18,3072,228352
73,77,3072,228352
73,152,17408,228352
18,77,0,231424
18,152,14336,231424
18,76,20480,231424
18,115,20480,231424
77,152,14336,231424
77,76,20480,231424
77,115,20480,231424
152,76,6144,245760
152,115,6144,245760
152,23,11264,245760
76,115,0,251904
76,23,5120,251904
76,18,18432,251904
76,75,19456,251904
76,80,19456,251904
115,23,5120,251904
115,18,18432,251904
115,75,19456,251904
115,80,19456,251904
23,18,13312,257024
23,75,14336,257024
23,80,14336,257024
18,75,1024,270336
18,80,1024,270336
18,18,13312,270336
18,59,13312,270336
75,80,0,271360
75,18,12288,271360
75,59,12288,271360
80,18,12288,271360
80,59,12288,271360
18,59,0,283648
18,18,13312,283648
59,18,13312,283648
18,156,13312,296960
156,76,13312,310272
