6,11,3072,10240
6,6,4096,10240
6,5,5120,10240
6,6,7168,10240
6,5,8192,10240
6,12,11264,10240
6,13,14336,10240
6,8,16384,10240
6,8,18432,10240
6,17,19456,10240
11,6,1024,13312
11,5,2048,13312
11,6,4096,13312
11,5,5120,13312
11,12,8192,13312
11,13,11264,13312
11,8,13312,13312
11,8,15360,13312
11,17,16384,13312
6,5,1024,14336
6,6,3072,14336
6,5,4096,14336
6,12,7168,14336
6,13,10240,14336
6,8,12288,14336
6,8,14336,14336
6,17,15360,14336
6,8,20480,14336
5,6,2048,15360
5,5,3072,15360
5,12,6144,15360
5,13,9216,15360
5,8,11264,15360
5,8,13312,15360
5,17,14336,15360
5,8,19456,15360
6,5,1024,17408
6,12,4096,17408
6,13,7168,17408
6,8,9216,17408
6,8,11264,17408
6,17,12288,17408
6,8,17408,17408
6,5,19456,17408
5,12,3072,18432
5,13,6144,18432
5,8,8192,18432
5,8,10240,18432
5,17,11264,18432
5,8,16384,18432
5,5,18432,18432
12,13,3072,21504
12,8,5120,21504
12,8,7168,21504
12,17,8192,21504
12,8,13312,21504
12,5,15360,21504
12,5,18432,21504
12,5,19456,21504
13,8,2048,24576
13,8,4096,24576
13,17,5120,24576
13,8,10240,24576
13,5,12288,24576
13,5,15360,24576
13,5,16384,24576
13,55,20480,24576
8,8,2048,26624
8,17,3072,26624
8,8,8192,26624
8,5,10240,26624
8,5,13312,26624
8,5,14336,26624
8,55,18432,26624
8,6,19456,26624
8,5,20480,26624
8,17,1024,28672
8,8,6144,28672
8,5,8192,28672
8,5,11264,28672
8,5,12288,28672
8,55,16384,28672
8,6,17408,28672
8,5,18432,28672
8,8,19456,28672
17,8,5120,29696
17,5,7168,29696
17,5,10240,29696
17,5,11264,29696
17,55,15360,29696
17,6,16384,29696
17,5,17408,29696
17,8,18432,29696
8,5,2048,34816
8,5,5120,34816
8,5,6144,34816
8,55,10240,34816
8,6,11264,34816
8,5,12288,34816
8,8,13312,34816
8,8,16384,34816
8,6,18432,34816
8,8,19456,34816
5,5,3072,36864
5,5,4096,36864
5,55,8192,36864
5,6,9216,36864
5,5,10240,36864
5,8,11264,36864
5,8,14336,36864
5,6,16384,36864
5,8,17408,36864
5,5,1024,39936
5,55,5120,39936
5,6,6144,39936
5,5,7168,39936
5,8,8192,39936
5,8,11264,39936
5,6,13312,39936
5,8,14336,39936
5,55,4096,40960
5,6,5120,40960
5,5,6144,40960
5,8,7168,40960
5,8,10240,40960
5,6,12288,40960
5,8,13312,40960
55,6,1024,45056
55,5,2048,45056
55,8,3072,45056
55,8,6144,45056
55,6,8192,45056
55,8,9216,45056
55,6,17408,45056
55,11,20480,45056
6,5,1024,46080
6,8,2048,46080
6,8,5120,46080
6,6,7168,46080
6,8,8192,46080
6,6,16384,46080
6,11,19456,46080
6,5,20480,46080
5,8,1024,47104
5,8,4096,47104
5,6,6144,47104
5,8,7168,47104
5,6,15360,47104
5,11,18432,47104
5,5,19456,47104
8,8,3072,48128
8,6,5120,48128
8,8,6144,48128
8,6,14336,48128
8,11,17408,48128
8,5,18432,48128
8,15,20480,48128
8,6,2048,51200
8,8,3072,51200
8,6,11264,51200
8,11,14336,51200
8,5,15360,51200
8,15,17408,51200
8,6,18432,51200
8,5,19456,51200
6,8,1024,53248
6,6,9216,53248
6,11,12288,53248
6,5,13312,53248
6,15,15360,53248
6,6,16384,53248
6,5,17408,53248
6,8,20480,53248
8,6,8192,54272
8,11,11264,54272
8,5,12288,54272
8,15,14336,54272
8,6,15360,54272
8,5,16384,54272
8,8,19456,54272
6,11,3072,62464
6,5,4096,62464
6,15,6144,62464
6,6,7168,62464
6,5,8192,62464
6,8,11264,62464
6,13,14336,62464
6,8,16384,62464
11,5,1024,65536
11,15,3072,65536
11,6,4096,65536
11,5,5120,65536
11,8,8192,65536
11,13,11264,65536
11,8,13312,65536
5,15,2048,66560
5,6,3072,66560
5,5,4096,66560
5,8,7168,66560
5,13,10240,66560
5,8,12288,66560
5,8,20480,66560
15,6,1024,68608
15,5,2048,68608
15,8,5120,68608
15,13,8192,68608
15,8,10240,68608
15,8,18432,68608
15,8,20480,68608
6,5,1024,69632
6,8,4096,69632
6,13,7168,69632
6,8,9216,69632
6,8,17408,69632
6,8,19456,69632
5,8,3072,70656
5,13,6144,70656
5,8,8192,70656
5,8,16384,70656
5,8,18432,70656
8,13,3072,73728
8,8,5120,73728
8,8,13312,73728
8,8,15360,73728
8,6,18432,73728
8,5,19456,73728
13,8,2048,76800
13,8,10240,76800
13,8,12288,76800
13,6,15360,76800
13,5,16384,76800
8,8,8192,78848
8,8,10240,78848
8,6,13312,78848
8,5,14336,78848
8,5,20480,78848
8,8,2048,87040
8,6,5120,87040
8,5,6144,87040
8,5,12288,87040
8,8,13312,87040
8,8,16384,87040
8,7,17408,87040
8,6,18432,87040
8,8,19456,87040
8,15,20480,87040
8,6,3072,89088
8,5,4096,89088
8,5,10240,89088
8,8,11264,89088
8,8,14336,89088
8,7,15360,89088
8,6,16384,89088
8,8,17408,89088
8,15,18432,89088
6,5,1024,92160
6,5,7168,92160
6,8,8192,92160
6,8,11264,92160
6,7,12288,92160
6,6,13312,92160
6,8,14336,92160
6,15,15360,92160
5,5,6144,93184
5,8,7168,93184
5,8,10240,93184
5,7,11264,93184
5,6,12288,93184
5,8,13312,93184
5,15,14336,93184
5,8,1024,99328
5,8,4096,99328
5,7,5120,99328
5,6,6144,99328
5,8,7168,99328
5,15,8192,99328
5,6,15360,99328
5,5,16384,99328
5,8,18432,99328
5,5,19456,99328
8,8,3072,100352
8,7,4096,100352
8,6,5120,100352
8,8,6144,100352
8,15,7168,100352
8,6,14336,100352
8,5,15360,100352
8,8,17408,100352
8,5,18432,100352
8,16,20480,100352
8,7,1024,103424
8,6,2048,103424
8,8,3072,103424
8,15,4096,103424
8,6,11264,103424
8,5,12288,103424
8,8,14336,103424
8,5,15360,103424
8,16,17408,103424
8,5,18432,103424
8,4,19456,103424
7,6,1024,104448
7,8,2048,104448
7,15,3072,104448
7,6,10240,104448
7,5,11264,104448
7,8,13312,104448
7,5,14336,104448
7,16,16384,104448
7,5,17408,104448
7,4,18432,104448
6,8,1024,105472
6,15,2048,105472
6,6,9216,105472
6,5,10240,105472
6,8,12288,105472
6,5,13312,105472
6,16,15360,105472
6,5,16384,105472
6,4,17408,105472
6,8,20480,105472
8,15,1024,106496
8,6,8192,106496
8,5,9216,106496
8,8,11264,106496
8,5,12288,106496
8,16,14336,106496
8,5,15360,106496
8,4,16384,106496
8,8,19456,106496
15,6,7168,107520
15,5,8192,107520
15,8,10240,107520
15,5,11264,107520
15,16,13312,107520
15,5,14336,107520
15,4,15360,107520
15,8,18432,107520
6,5,1024,114688
6,8,3072,114688
6,5,4096,114688
6,16,6144,114688
6,5,7168,114688
6,4,8192,114688
6,8,11264,114688
6,9,14336,114688
6,6,16384,114688
6,15,19456,114688
5,8,2048,115712
5,5,3072,115712
5,16,5120,115712
5,5,6144,115712
5,4,7168,115712
5,8,10240,115712
5,9,13312,115712
5,6,15360,115712
5,15,18432,115712
8,5,1024,117760
8,16,3072,117760
8,5,4096,117760
8,4,5120,117760
8,8,8192,117760
8,9,11264,117760
8,6,13312,117760
8,15,16384,117760
5,16,2048,118784
5,5,3072,118784
5,4,4096,118784
5,8,7168,118784
5,9,10240,118784
5,6,12288,118784
5,15,15360,118784
5,8,20480,118784
16,5,1024,120832
16,4,2048,120832
16,8,5120,120832
16,9,8192,120832
16,6,10240,120832
16,15,13312,120832
16,8,18432,120832
16,13,19456,120832
5,4,1024,121856
5,8,4096,121856
5,9,7168,121856
5,6,9216,121856
5,15,12288,121856
5,8,17408,121856
5,13,18432,121856
4,8,3072,122880
4,9,6144,122880
4,6,8192,122880
4,15,11264,122880
4,8,16384,122880
4,13,17408,122880
4,11,20480,122880
8,9,3072,125952
8,6,5120,125952
8,15,8192,125952
8,8,13312,125952
8,13,14336,125952
8,11,17408,125952
8,5,18432,125952
8,4,19456,125952
9,6,2048,129024
9,15,5120,129024
9,8,10240,129024
9,13,11264,129024
9,11,14336,129024
9,5,15360,129024
9,4,16384,129024
6,15,3072,131072
6,8,8192,131072
6,13,9216,131072
6,11,12288,131072
6,5,13312,131072
6,4,14336,131072
6,6,19456,131072
6,5,20480,131072
15,8,5120,134144
15,13,6144,134144
15,11,9216,134144
15,5,10240,134144
15,4,11264,134144
15,6,16384,134144
15,5,17408,134144
15,8,18432,134144
8,13,1024,139264
8,11,4096,139264
8,5,5120,139264
8,4,6144,139264
8,6,11264,139264
8,5,12288,139264
8,8,13312,139264
8,8,16384,139264
8,7,17408,139264
8,5,18432,139264
8,8,19456,139264
8,16,20480,139264
13,11,3072,140288
13,5,4096,140288
13,4,5120,140288
13,6,10240,140288
13,5,11264,140288
13,8,12288,140288
13,8,15360,140288
13,7,16384,140288
13,5,17408,140288
13,8,18432,140288
13,16,19456,140288
11,5,1024,143360
11,4,2048,143360
11,6,7168,143360
11,5,8192,143360
11,8,9216,143360
11,8,12288,143360
11,7,13312,143360
11,5,14336,143360
11,8,15360,143360
11,16,16384,143360
11,6,20480,143360
5,4,1024,144384
5,6,6144,144384
5,5,7168,144384
5,8,8192,144384
5,8,11264,144384
5,7,12288,144384
5,5,13312,144384
5,8,14336,144384
5,16,15360,144384
5,6,19456,144384
4,6,5120,145408
4,5,6144,145408
4,8,7168,145408
4,8,10240,145408
4,7,11264,145408
4,5,12288,145408
4,8,13312,145408
4,16,14336,145408
4,6,18432,145408
6,5,1024,150528
6,8,2048,150528
6,8,5120,150528
6,7,6144,150528
6,5,7168,150528
6,8,8192,150528
6,16,9216,150528
6,6,13312,150528
6,5,16384,150528
6,5,17408,150528
6,6,19456,150528
5,8,1024,151552
5,8,4096,151552
5,7,5120,151552
5,5,6144,151552
5,8,7168,151552
5,16,8192,151552
5,6,12288,151552
5,5,15360,151552
5,5,16384,151552
5,6,18432,151552
8,8,3072,152576
8,7,4096,152576
8,5,5120,152576
8,8,6144,152576
8,16,7168,152576
8,6,11264,152576
8,5,14336,152576
8,5,15360,152576
8,6,17408,152576
8,6,20480,152576
8,7,1024,155648
8,5,2048,155648
8,8,3072,155648
8,16,4096,155648
8,6,8192,155648
8,5,11264,155648
8,5,12288,155648
8,6,14336,155648
8,6,17408,155648
8,5,18432,155648
7,5,1024,156672
7,8,2048,156672
7,16,3072,156672
7,6,7168,156672
7,5,10240,156672
7,5,11264,156672
7,6,13312,156672
7,6,16384,156672
7,5,17408,156672
5,8,1024,157696
5,16,2048,157696
5,6,6144,157696
5,5,9216,157696
5,5,10240,157696
5,6,12288,157696
5,6,15360,157696
5,5,16384,157696
5,8,20480,157696
8,16,1024,158720
8,6,5120,158720
8,5,8192,158720
8,5,9216,158720
8,6,11264,158720
8,6,14336,158720
8,5,15360,158720
8,8,19456,158720
16,6,4096,159744
16,5,7168,159744
16,5,8192,159744
16,6,10240,159744
16,6,13312,159744
16,5,14336,159744
16,8,18432,159744
6,5,3072,163840
6,5,4096,163840
6,6,6144,163840
6,6,9216,163840
6,5,10240,163840
6,8,14336,163840
6,8,17408,163840
6,6,19456,163840
5,5,1024,166912
5,6,3072,166912
5,6,6144,166912
5,5,7168,166912
5,8,11264,166912
5,8,14336,166912
5,6,16384,166912
5,6,2048,167936
5,6,5120,167936
5,5,6144,167936
5,8,10240,167936
5,8,13312,167936
5,6,15360,167936
6,6,3072,169984
6,5,4096,169984
6,8,8192,169984
6,8,11264,169984
6,6,13312,169984
6,6,19456,169984
6,5,1024,173056
6,8,5120,173056
6,8,8192,173056
6,6,10240,173056
6,6,16384,173056
6,8,18432,173056
6,11,19456,173056
5,8,4096,174080
5,8,7168,174080
5,6,9216,174080
5,6,15360,174080
5,8,17408,174080
5,11,18432,174080
8,8,3072,178176
8,6,5120,178176
8,6,11264,178176
8,8,13312,178176
8,11,14336,178176
8,11,17408,178176
8,5,18432,178176
8,4,19456,178176
8,6,2048,181248
8,6,8192,181248
8,8,10240,181248
8,11,11264,181248
8,11,14336,181248
8,5,15360,181248
8,4,16384,181248
6,6,6144,183296
6,8,8192,183296
6,11,9216,183296
6,11,12288,183296
6,5,13312,183296
6,4,14336,183296
6,6,19456,183296
6,5,20480,183296
6,8,2048,189440
6,11,3072,189440
6,11,6144,189440
6,5,7168,189440
6,4,8192,189440
6,6,13312,189440
6,5,14336,189440
6,6,19456,189440
8,11,1024,191488
8,11,4096,191488
8,5,5120,191488
8,4,6144,191488
8,6,11264,191488
8,5,12288,191488
8,6,17408,191488
8,8,19456,191488
8,15,20480,191488
11,11,3072,192512
11,5,4096,192512
11,4,5120,192512
11,6,10240,192512
11,5,11264,192512
11,6,16384,192512
11,8,18432,192512
11,15,19456,192512
11,5,1024,195584
11,4,2048,195584
11,6,7168,195584
11,5,8192,195584
11,6,13312,195584
11,8,15360,195584
11,15,16384,195584
5,4,1024,196608
5,6,6144,196608
5,5,7168,196608
5,6,12288,196608
5,8,14336,196608
5,15,15360,196608
5,8,20480,196608
4,6,5120,197632
4,5,6144,197632
4,6,11264,197632
4,8,13312,197632
4,15,14336,197632
4,8,19456,197632
6,5,1024,202752
6,6,6144,202752
6,8,8192,202752
6,15,9216,202752
6,8,14336,202752
6,8,16384,202752
6,5,19456,202752
5,6,5120,203776
5,8,7168,203776
5,15,8192,203776
5,8,13312,203776
5,8,15360,203776
5,5,18432,203776
6,8,2048,208896
6,15,3072,208896
6,8,8192,208896
6,8,10240,208896
6,5,13312,208896
8,15,1024,210944
8,8,6144,210944
8,8,8192,210944
8,5,11264,210944
15,8,5120,211968
15,8,7168,211968
15,5,10240,211968
8,8,2048,217088
8,5,5120,217088
8,8,18432,217088
8,5,3072,219136
8,8,16384,219136
5,8,13312,222208
5,4,18432,222208
8,4,5120,235520
8,8,9216,235520
4,8,4096,240640
4,7,20480,240640
8,7,16384,244736
8,4,17408,244736
7,4,1024,261120
7,4,7168,261120
7,12,9216,261120
7,8,10240,261120
7,5,13312,261120
7,4,14336,261120
7,10,19456,261120
4,4,6144,262144
4,12,8192,262144
4,8,9216,262144
4,5,12288,262144
4,4,13312,262144
4,10,18432,262144
4,12,2048,268288
4,8,3072,268288
4,5,6144,268288
4,4,7168,268288
4,10,12288,268288
4,12,18432,268288
4,5,19456,268288
12,8,1024,270336
12,5,4096,270336
12,4,5120,270336
12,10,10240,270336
12,12,16384,270336
12,5,17408,270336
8,5,3072,271360
8,4,4096,271360
8,10,9216,271360
8,12,15360,271360
8,5,16384,271360
8,6,20480,271360
5,4,1024,274432
5,10,6144,274432
5,12,12288,274432
5,5,13312,274432
5,6,17408,274432
5,4,18432,274432
4,10,5120,275456
4,12,11264,275456
4,5,12288,275456
4,6,16384,275456
4,4,17408,275456
10,12,6144,280576
10,5,7168,280576
10,6,11264,280576
10,4,12288,280576
10,8,16384,280576
12,5,1024,286720
12,6,5120,286720
12,4,6144,286720
12,8,10240,286720
5,6,4096,287744
5,4,5120,287744
5,8,9216,287744
6,4,1024,291840
6,8,5120,291840
4,8,4096,292864
4,8,20480,292864
8,8,16384,296960
8,4,17408,296960
8,4,1024,313344
8,4,7168,313344
8,13,9216,313344
8,5,13312,313344
4,4,6144,314368
4,13,8192,314368
4,5,12288,314368
4,13,2048,320512
4,5,6144,320512
13,5,4096,322560
