9,12,2048,2048
9,8,4096,2048
9,10,6144,2048
9,7,11264,2048
9,8,15360,2048
9,123,16384,2048
9,18,17408,2048
12,8,2048,4096
12,10,4096,4096
12,7,9216,4096
12,8,13312,4096
12,123,14336,4096
12,18,15360,4096
12,110,19456,4096
12,10,20480,4096
8,10,2048,6144
8,7,7168,6144
8,8,11264,6144
8,123,12288,6144
8,18,13312,6144
8,110,17408,6144
8,10,18432,6144
10,7,5120,8192
10,8,9216,8192
10,123,10240,8192
10,18,11264,8192
10,110,15360,8192
10,10,16384,8192
10,7,19456,8192
10,10,20480,8192
7,8,4096,13312
7,123,5120,13312
7,18,6144,13312
7,110,10240,13312
7,10,11264,13312
7,7,14336,13312
7,10,15360,13312
7,20,17408,13312
8,123,1024,17408
8,18,2048,17408
8,110,6144,17408
8,10,7168,17408
8,7,10240,17408
8,10,11264,17408
8,20,13312,17408
8,10,18432,17408
123,18,1024,18432
123,110,5120,18432
123,10,6144,18432
123,7,9216,18432
123,10,10240,18432
123,20,12288,18432
123,10,17408,18432
123,7,20480,18432
18,110,4096,19456
18,10,5120,19456
18,7,8192,19456
18,10,9216,19456
18,20,11264,19456
18,10,16384,19456
18,7,19456,19456
18,27,20480,19456
110,10,1024,23552
110,7,4096,23552
110,10,5120,23552
110,20,7168,23552
110,10,12288,23552
110,7,15360,23552
110,27,16384,23552
110,21,18432,23552
110,94,19456,23552
10,7,3072,24576
10,10,4096,24576
10,20,6144,24576
10,10,11264,24576
10,7,14336,24576
10,27,15360,24576
10,21,17408,24576
10,94,18432,24576
10,98,20480,24576
7,10,1024,27648
7,20,3072,27648
7,10,8192,27648
7,7,11264,27648
7,27,12288,27648
7,21,14336,27648
7,94,15360,27648
7,98,17408,27648
7,89,18432,27648
7,21,19456,27648
10,20,2048,28672
10,10,7168,28672
10,7,10240,28672
10,27,11264,28672
10,21,13312,28672
10,94,14336,28672
10,98,16384,28672
10,89,17408,28672
10,21,18432,28672
10,111,20480,28672
20,10,5120,30720
20,7,8192,30720
20,27,9216,30720
20,21,11264,30720
20,94,12288,30720
20,98,14336,30720
20,89,15360,30720
20,21,16384,30720
20,111,18432,30720
20,8,19456,30720
20,22,20480,30720
10,7,3072,35840
10,27,4096,35840
10,21,6144,35840
10,94,7168,35840
10,98,9216,35840
10,89,10240,35840
10,21,11264,35840
10,111,13312,35840
10,8,14336,35840
10,22,15360,35840
10,18,17408,35840
7,27,1024,38912
7,21,3072,38912
7,94,4096,38912
7,98,6144,38912
7,89,7168,38912
7,21,8192,38912
7,111,10240,38912
7,8,11264,38912
7,22,12288,38912
7,18,14336,38912
7,21,19456,38912
7,336,20480,38912
27,21,2048,39936
27,94,3072,39936
27,98,5120,39936
27,89,6144,39936
27,21,7168,39936
27,111,9216,39936
27,8,10240,39936
27,22,11264,39936
27,18,13312,39936
27,21,18432,39936
27,336,19456,39936
21,94,1024,41984
21,98,3072,41984
21,89,4096,41984
21,21,5120,41984
21,111,7168,41984
21,8,8192,41984
21,22,9216,41984
21,18,11264,41984
21,21,16384,41984
21,336,17408,41984
21,8,19456,41984
21,25,20480,41984
94,98,2048,43008
94,89,3072,43008
94,21,4096,43008
94,111,6144,43008
94,8,7168,43008
94,22,8192,43008
94,18,10240,43008
94,21,15360,43008
94,336,16384,43008
94,8,18432,43008
94,25,19456,43008
94,12,20480,43008
98,89,1024,45056
98,21,2048,45056
98,111,4096,45056
98,8,5120,45056
98,22,6144,45056
98,18,8192,45056
98,21,13312,45056
98,336,14336,45056
98,8,16384,45056
98,25,17408,45056
98,12,18432,45056
98,104,20480,45056
89,21,1024,46080
89,111,3072,46080
89,8,4096,46080
89,22,5120,46080
89,18,7168,46080
89,21,12288,46080
89,336,13312,46080
89,8,15360,46080
89,25,16384,46080
89,12,17408,46080
89,104,19456,46080
21,111,2048,47104
21,8,3072,47104
21,22,4096,47104
21,18,6144,47104
21,21,11264,47104
21,336,12288,47104
21,8,14336,47104
21,25,15360,47104
21,12,16384,47104
21,104,18432,47104
111,8,1024,49152
111,22,2048,49152
111,18,4096,49152
111,21,9216,49152
111,336,10240,49152
111,8,12288,49152
111,25,13312,49152
111,12,14336,49152
111,104,16384,49152
111,21,20480,49152
8,22,1024,50176
8,18,3072,50176
8,21,8192,50176
8,336,9216,50176
8,8,11264,50176
8,25,12288,50176
8,12,13312,50176
8,104,15360,50176
8,21,19456,50176
22,18,2048,51200
22,21,7168,51200
22,336,8192,51200
22,8,10240,51200
22,25,11264,51200
22,12,12288,51200
22,104,14336,51200
22,21,18432,51200
18,21,5120,53248
18,336,6144,53248
18,8,8192,53248
18,25,9216,53248
18,12,10240,53248
18,104,12288,53248
18,21,16384,53248
18,12,19456,53248
21,336,1024,58368
21,8,3072,58368
21,25,4096,58368
21,12,5120,58368
21,104,7168,58368
21,21,11264,58368
21,12,14336,58368
21,9,16384,58368
21,10,18432,58368
336,8,2048,59392
336,25,3072,59392
336,12,4096,59392
336,104,6144,59392
336,21,10240,59392
336,12,13312,59392
336,9,15360,59392
336,10,17408,59392
8,25,1024,61440
8,12,2048,61440
8,104,4096,61440
8,21,8192,61440
8,12,11264,61440
8,9,13312,61440
8,10,15360,61440
8,7,20480,61440
25,12,1024,62464
25,104,3072,62464
25,21,7168,62464
25,12,10240,62464
25,9,12288,62464
25,10,14336,62464
25,7,19456,62464
12,104,2048,63488
12,21,6144,63488
12,12,9216,63488
12,9,11264,63488
12,10,13312,63488
12,7,18432,63488
12,10,20480,63488
104,21,4096,65536
104,12,7168,65536
104,9,9216,65536
104,10,11264,65536
104,7,16384,65536
104,10,18432,65536
104,155,20480,65536
21,12,3072,69632
21,9,5120,69632
21,10,7168,69632
21,7,12288,69632
21,10,14336,69632
21,155,16384,69632
21,11,18432,69632
12,9,2048,72704
12,10,4096,72704
12,7,9216,72704
12,10,11264,72704
12,155,13312,72704
12,11,15360,72704
12,162,19456,72704
12,7,20480,72704
9,10,2048,74752
9,7,7168,74752
9,10,9216,74752
9,155,11264,74752
9,11,13312,74752
9,162,17408,74752
9,7,18432,74752
10,7,5120,76800
10,10,7168,76800
10,155,9216,76800
10,11,11264,76800
10,162,15360,76800
10,7,16384,76800
10,7,19456,76800
10,8,20480,76800
7,10,2048,81920
7,155,4096,81920
7,11,6144,81920
7,162,10240,81920
7,7,11264,81920
7,7,14336,81920
7,8,15360,81920
7,18,17408,81920
10,155,2048,83968
10,11,4096,83968
10,162,8192,83968
10,7,9216,83968
10,7,12288,83968
10,8,13312,83968
10,18,15360,83968
155,11,2048,86016
155,162,6144,86016
155,7,7168,86016
155,7,10240,86016
155,8,11264,86016
155,18,13312,86016
11,162,4096,88064
11,7,5120,88064
11,7,8192,88064
11,8,9216,88064
11,18,11264,88064
11,11,20480,88064
162,7,1024,92160
162,7,4096,92160
162,8,5120,92160
162,18,7168,92160
162,11,16384,92160
162,20,18432,92160
7,7,3072,93184
7,8,4096,93184
7,18,6144,93184
7,11,15360,93184
7,20,17408,93184
7,8,1024,96256
7,18,3072,96256
7,11,12288,96256
7,20,14336,96256
7,21,19456,96256
8,18,2048,97280
8,11,11264,97280
8,20,13312,97280
8,21,18432,97280
18,11,9216,99328
18,20,11264,99328
18,21,16384,99328
18,7,19456,99328
18,21,20480,99328
11,20,2048,108544
11,21,7168,108544
11,7,10240,108544
11,21,11264,108544
11,20,13312,108544
11,21,18432,108544
20,21,5120,110592
20,7,8192,110592
20,21,9216,110592
20,20,11264,110592
20,21,16384,110592
20,8,19456,110592
20,26,20480,110592
21,7,3072,115712
21,21,4096,115712
21,20,6144,115712
21,21,11264,115712
21,8,14336,115712
21,26,15360,115712
21,19,17408,115712
7,21,1024,118784
7,20,3072,118784
7,21,8192,118784
7,8,11264,118784
7,26,12288,118784
7,19,14336,118784
7,21,19456,118784
21,20,2048,119808
21,21,7168,119808
21,8,10240,119808
21,26,11264,119808
21,19,13312,119808
21,21,18432,119808
20,21,5120,121856
20,8,8192,121856
20,26,9216,121856
20,19,11264,121856
20,21,16384,121856
20,8,19456,121856
21,8,3072,126976
21,26,4096,126976
21,19,6144,126976
21,21,11264,126976
21,8,14336,126976
21,9,16384,126976
8,26,1024,130048
8,19,3072,130048
8,21,8192,130048
8,8,11264,130048
8,9,13312,130048
8,21,19456,130048
26,19,2048,131072
26,21,7168,131072
26,8,10240,131072
26,9,12288,131072
26,21,18432,131072
19,21,5120,133120
19,8,8192,133120
19,9,10240,133120
19,21,16384,133120
19,9,19456,133120
21,8,3072,138240
21,9,5120,138240
21,21,11264,138240
21,9,14336,138240
21,9,16384,138240
21,10,18432,138240
8,9,2048,141312
8,21,8192,141312
8,9,11264,141312
8,9,13312,141312
8,10,15360,141312
8,9,20480,141312
9,21,6144,143360
9,9,9216,143360
9,9,11264,143360
9,10,13312,143360
9,9,18432,143360
21,9,3072,149504
21,9,5120,149504
21,10,7168,149504
21,9,12288,149504
9,9,2048,152576
9,10,4096,152576
9,9,9216,152576
9,10,2048,154624
9,9,7168,154624
10,9,5120,156672
