20,50,0,0
20,53,1024,0
20,132,1024,0
20,53,4096,0
20,106,4096,0
20,54,5120,0
20,107,5120,0
20,51,6144,0
20,40,7168,0
20,178,14336,0
20,51,15360,0
20,51,17408,0
20,50,18432,0
20,107,20480,0
50,53,1024,0
50,132,1024,0
50,53,4096,0
50,106,4096,0
50,54,5120,0
50,107,5120,0
50,51,6144,0
50,40,7168,0
50,178,14336,0
50,51,15360,0
50,51,17408,0
50,50,18432,0
50,107,20480,0
53,132,0,1024
53,53,3072,1024
53,106,3072,1024
53,54,4096,1024
53,107,4096,1024
53,51,5120,1024
53,40,6144,1024
53,178,13312,1024
53,51,14336,1024
53,51,16384,1024
53,50,17408,1024
53,107,19456,1024
132,53,3072,1024
132,106,3072,1024
132,54,4096,1024
132,107,4096,1024
132,51,5120,1024
132,40,6144,1024
132,178,13312,1024
132,51,14336,1024
132,51,16384,1024
132,50,17408,1024
132,107,19456,1024
53,106,0,4096
53,54,1024,4096
53,107,1024,4096
53,51,2048,4096
53,40,3072,4096
53,178,10240,4096
53,51,11264,4096
53,51,13312,4096
53,50,14336,4096
53,107,16384,4096
53,53,19456,4096
53,54,20480,4096
53,107,20480,4096
106,54,1024,4096
106,107,1024,4096
106,51,2048,4096
106,40,3072,4096
106,178,10240,4096
106,51,11264,4096
106,51,13312,4096
106,50,14336,4096
106,107,16384,4096
106,53,19456,4096
106,54,20480,4096
106,107,20480,4096
54,107,0,5120
54,51,1024,5120
54,40,2048,5120
54,178,9216,5120
54,51,10240,5120
54,51,12288,5120
54,50,13312,5120
54,107,15360,5120
54,53,18432,5120
54,54,19456,5120
54,107,19456,5120
107,51,1024,5120
107,40,2048,5120
107,178,9216,5120
107,51,10240,5120
107,51,12288,5120
107,50,13312,5120
107,107,15360,5120
107,53,18432,5120
107,54,19456,5120
107,107,19456,5120
51,40,1024,6144
51,178,8192,6144
51,51,9216,6144
51,51,11264,6144
51,50,12288,6144
51,107,14336,6144
51,53,17408,6144
51,54,18432,6144
51,107,18432,6144
40,178,7168,7168
40,51,8192,7168
40,51,10240,7168
40,50,11264,7168
40,107,13312,7168
40,53,16384,7168
40,54,17408,7168
40,107,17408,7168
178,51,1024,14336
178,51,3072,14336
178,50,4096,14336
178,107,6144,14336
178,53,9216,14336
178,54,10240,14336
178,107,10240,14336
178,36,14336,14336
178,54,19456,14336
51,51,2048,15360
51,50,3072,15360
51,107,5120,15360
51,53,8192,15360
51,54,9216,15360
51,107,9216,15360
51,36,13312,15360
51,54,18432,15360
51,20,20480,15360
51,50,1024,17408
51,107,3072,17408
51,53,6144,17408
51,54,7168,17408
51,107,7168,17408
51,36,11264,17408
51,54,16384,17408
51,20,18432,17408
50,107,2048,18432
50,53,5120,18432
50,54,6144,18432
50,107,6144,18432
50,36,10240,18432
50,54,15360,18432
50,20,17408,18432
50,21,20480,18432
107,53,3072,20480
107,54,4096,20480
107,107,4096,20480
107,36,8192,20480
107,54,13312,20480
107,20,15360,20480
107,21,18432,20480
53,54,1024,23552
53,107,1024,23552
53,36,5120,23552
53,54,10240,23552
53,20,12288,23552
53,21,15360,23552
54,107,0,24576
54,36,4096,24576
54,54,9216,24576
54,20,11264,24576
54,21,14336,24576
107,36,4096,24576
107,54,9216,24576
107,20,11264,24576
107,21,14336,24576
36,54,5120,28672
36,20,7168,28672
36,21,10240,28672
36,22,17408,28672
36,58,17408,28672
54,20,2048,33792
54,21,5120,33792
54,22,12288,33792
54,58,12288,33792
54,21,16384,33792
54,46,16384,33792
54,25,19456,33792
20,21,3072,35840
20,22,10240,35840
20,58,10240,35840
20,21,14336,35840
20,46,14336,35840
20,25,17408,35840
20,56,19456,35840
20,166,19456,35840
21,22,7168,38912
21,58,7168,38912
21,21,11264,38912
21,46,11264,38912
21,25,14336,38912
21,56,16384,38912
21,166,16384,38912
21,55,20480,38912
22,58,0,46080
22,21,4096,46080
22,46,4096,46080
22,25,7168,46080
22,56,9216,46080
22,166,9216,46080
22,55,13312,46080
22,83,18432,46080
58,21,4096,46080
58,46,4096,46080
58,25,7168,46080
58,56,9216,46080
58,166,9216,46080
58,55,13312,46080
58,83,18432,46080
21,46,0,50176
21,25,3072,50176
21,56,5120,50176
21,166,5120,50176
21,55,9216,50176
21,83,14336,50176
21,63,19456,50176
21,20,20480,50176
21,64,20480,50176
46,25,3072,50176
46,56,5120,50176
46,166,5120,50176
46,55,9216,50176
46,83,14336,50176
46,63,19456,50176
46,20,20480,50176
46,64,20480,50176
25,56,2048,53248
25,166,2048,53248
25,55,6144,53248
25,83,11264,53248
25,63,16384,53248
25,20,17408,53248
25,64,17408,53248
25,50,19456,53248
25,21,20480,53248
56,166,0,55296
56,55,4096,55296
56,83,9216,55296
56,63,14336,55296
56,20,15360,55296
56,64,15360,55296
56,50,17408,55296
56,21,18432,55296
166,55,4096,55296
166,83,9216,55296
166,63,14336,55296
166,20,15360,55296
166,64,15360,55296
166,50,17408,55296
166,21,18432,55296
55,83,5120,59392
55,63,10240,59392
55,20,11264,59392
55,64,11264,59392
55,50,13312,59392
55,21,14336,59392
55,50,17408,59392
83,63,5120,64512
83,20,6144,64512
83,64,6144,64512
83,50,8192,64512
83,21,9216,64512
83,50,12288,64512
63,20,1024,69632
63,64,1024,69632
63,50,3072,69632
63,21,4096,69632
63,50,7168,69632
63,18,18432,69632
20,64,0,70656
20,50,2048,70656
20,21,3072,70656
20,50,6144,70656
20,18,17408,70656
64,50,2048,70656
64,21,3072,70656
64,50,6144,70656
64,18,17408,70656
50,21,1024,72704
50,50,4096,72704
50,18,15360,72704
21,50,3072,73728
21,18,14336,73728
50,18,11264,76800
18,40,10240,88064
18,50,15360,88064
18,27,17408,88064
18,47,19456,88064
18,42,20480,88064
40,50,5120,98304
40,27,7168,98304
40,47,9216,98304
40,42,10240,98304
40,54,15360,98304
40,20,17408,98304
50,27,2048,103424
50,47,4096,103424
50,42,5120,103424
50,54,10240,103424
50,20,12288,103424
50,56,16384,103424
50,110,16384,103424
50,54,17408,103424
50,80,17408,103424
50,49,18432,103424
50,25,19456,103424
50,41,19456,103424
27,47,2048,105472
27,42,3072,105472
27,54,8192,105472
27,20,10240,105472
27,56,14336,105472
27,110,14336,105472
27,54,15360,105472
27,80,15360,105472
27,49,16384,105472
27,25,17408,105472
27,41,17408,105472
27,46,20480,105472
47,42,1024,107520
47,54,6144,107520
47,20,8192,107520
47,56,12288,107520
47,110,12288,107520
47,54,13312,107520
47,80,13312,107520
47,49,14336,107520
47,25,15360,107520
47,41,15360,107520
47,46,18432,107520
42,54,5120,108544
42,20,7168,108544
42,56,11264,108544
42,110,11264,108544
42,54,12288,108544
42,80,12288,108544
42,49,13312,108544
42,25,14336,108544
42,41,14336,108544
42,46,17408,108544
54,20,2048,113664
54,56,6144,113664
54,110,6144,113664
54,54,7168,113664
54,80,7168,113664
54,49,8192,113664
54,25,9216,113664
54,41,9216,113664
54,46,12288,113664
54,60,18432,113664
54,120,18432,113664
54,55,19456,113664
20,56,4096,115712
20,110,4096,115712
20,54,5120,115712
20,80,5120,115712
20,49,6144,115712
20,25,7168,115712
20,41,7168,115712
20,46,10240,115712
20,60,16384,115712
20,120,16384,115712
20,55,17408,115712
56,110,0,119808
56,54,1024,119808
56,80,1024,119808
56,49,2048,119808
56,25,3072,119808
56,41,3072,119808
56,46,6144,119808
56,60,12288,119808
56,120,12288,119808
56,55,13312,119808
56,20,17408,119808
56,63,17408,119808
56,72,18432,119808
56,83,18432,119808
110,54,1024,119808
110,80,1024,119808
110,49,2048,119808
110,25,3072,119808
110,41,3072,119808
110,46,6144,119808
110,60,12288,119808
110,120,12288,119808
110,55,13312,119808
110,20,17408,119808
110,63,17408,119808
110,72,18432,119808
110,83,18432,119808
110,19,20480,119808
54,80,0,120832
54,49,1024,120832
54,25,2048,120832
54,41,2048,120832
54,46,5120,120832
54,60,11264,120832
54,120,11264,120832
54,55,12288,120832
54,20,16384,120832
54,63,16384,120832
54,72,17408,120832
54,83,17408,120832
54,19,19456,120832
80,49,1024,120832
80,25,2048,120832
80,41,2048,120832
80,46,5120,120832
80,60,11264,120832
80,120,11264,120832
80,55,12288,120832
80,20,16384,120832
80,63,16384,120832
80,72,17408,120832
80,83,17408,120832
80,19,19456,120832
49,25,1024,121856
49,41,1024,121856
49,46,4096,121856
49,60,10240,121856
49,120,10240,121856
49,55,11264,121856
49,20,15360,121856
49,63,15360,121856
49,72,16384,121856
49,83,16384,121856
49,19,18432,121856
25,41,0,122880
25,46,3072,122880
25,60,9216,122880
25,120,9216,122880
25,55,10240,122880
25,20,14336,122880
25,63,14336,122880
25,72,15360,122880
25,83,15360,122880
25,19,17408,122880
25,71,20480,122880
41,46,3072,122880
41,60,9216,122880
41,120,9216,122880
41,55,10240,122880
41,20,14336,122880
41,63,14336,122880
41,72,15360,122880
41,83,15360,122880
41,19,17408,122880
41,71,20480,122880
46,60,6144,125952
46,120,6144,125952
46,55,7168,125952
46,20,11264,125952
46,63,11264,125952
46,72,12288,125952
46,83,12288,125952
46,19,14336,125952
46,71,17408,125952
46,68,18432,125952
46,65,19456,125952
46,57,20480,125952
60,120,0,132096
60,55,1024,132096
60,20,5120,132096
60,63,5120,132096
60,72,6144,132096
60,83,6144,132096
60,19,8192,132096
60,71,11264,132096
60,68,12288,132096
60,65,13312,132096
60,57,14336,132096
60,58,15360,132096
60,57,16384,132096
120,55,1024,132096
120,20,5120,132096
120,63,5120,132096
120,72,6144,132096
120,83,6144,132096
120,19,8192,132096
120,71,11264,132096
120,68,12288,132096
120,65,13312,132096
120,57,14336,132096
120,58,15360,132096
120,57,16384,132096
55,20,4096,133120
55,63,4096,133120
55,72,5120,133120
55,83,5120,133120
55,19,7168,133120
55,71,10240,133120
55,68,11264,133120
55,65,12288,133120
55,57,13312,133120
55,58,14336,133120
55,57,15360,133120
20,63,0,137216
20,72,1024,137216
20,83,1024,137216
20,19,3072,137216
20,71,6144,137216
20,68,7168,137216
20,65,8192,137216
20,57,9216,137216
20,58,10240,137216
20,57,11264,137216
20,58,18432,137216
20,115,18432,137216
20,110,19456,137216
63,72,1024,137216
63,83,1024,137216
63,19,3072,137216
63,71,6144,137216
63,68,7168,137216
63,65,8192,137216
63,57,9216,137216
63,58,10240,137216
63,57,11264,137216
63,58,18432,137216
63,115,18432,137216
63,110,19456,137216
72,83,0,138240
72,19,2048,138240
72,71,5120,138240
72,68,6144,138240
72,65,7168,138240
72,57,8192,138240
72,58,9216,138240
72,57,10240,138240
72,58,17408,138240
72,115,17408,138240
72,110,18432,138240
83,19,2048,138240
83,71,5120,138240
83,68,6144,138240
83,65,7168,138240
83,57,8192,138240
83,58,9216,138240
83,57,10240,138240
83,58,17408,138240
83,115,17408,138240
83,110,18432,138240
19,71,3072,140288
19,68,4096,140288
19,65,5120,140288
19,57,6144,140288
19,58,7168,140288
19,57,8192,140288
19,58,15360,140288
19,115,15360,140288
19,110,16384,140288
71,68,1024,143360
71,65,2048,143360
71,57,3072,143360
71,58,4096,143360
71,57,5120,143360
71,58,12288,143360
71,115,12288,143360
71,110,13312,143360
71,63,18432,143360
71,84,18432,143360
68,65,1024,144384
68,57,2048,144384
68,58,3072,144384
68,57,4096,144384
68,58,11264,144384
68,115,11264,144384
68,110,12288,144384
68,63,17408,144384
68,84,17408,144384
68,25,20480,144384
65,57,1024,145408
65,58,2048,145408
65,57,3072,145408
65,58,10240,145408
65,115,10240,145408
65,110,11264,145408
65,63,16384,145408
65,84,16384,145408
65,25,19456,145408
65,65,20480,145408
65,97,20480,145408
57,58,1024,146432
57,57,2048,146432
57,58,9216,146432
57,115,9216,146432
57,110,10240,146432
57,63,15360,146432
57,84,15360,146432
57,25,18432,146432
57,65,19456,146432
57,97,19456,146432
57,72,20480,146432
57,96,20480,146432
58,57,1024,147456
58,58,8192,147456
58,115,8192,147456
58,110,9216,147456
58,63,14336,147456
58,84,14336,147456
58,25,17408,147456
58,65,18432,147456
58,97,18432,147456
58,72,19456,147456
58,96,19456,147456
58,19,20480,147456
58,48,20480,147456
58,97,20480,147456
57,58,7168,148480
57,115,7168,148480
57,110,8192,148480
57,63,13312,148480
57,84,13312,148480
57,25,16384,148480
57,65,17408,148480
57,97,17408,148480
57,72,18432,148480
57,96,18432,148480
57,19,19456,148480
57,48,19456,148480
57,97,19456,148480
57,24,20480,148480
58,115,0,155648
58,110,1024,155648
58,63,6144,155648
58,84,6144,155648
58,25,9216,155648
58,65,10240,155648
58,97,10240,155648
58,72,11264,155648
58,96,11264,155648
58,19,12288,155648
58,48,12288,155648
58,97,12288,155648
58,24,13312,155648
58,48,13312,155648
115,110,1024,155648
115,63,6144,155648
115,84,6144,155648
115,25,9216,155648
115,65,10240,155648
115,97,10240,155648
115,72,11264,155648
115,96,11264,155648
115,19,12288,155648
115,48,12288,155648
115,97,12288,155648
115,24,13312,155648
115,48,13312,155648
115,20,19456,155648
110,63,5120,156672
110,84,5120,156672
110,25,8192,156672
110,65,9216,156672
110,97,9216,156672
110,72,10240,156672
110,96,10240,156672
110,19,11264,156672
110,48,11264,156672
110,97,11264,156672
110,24,12288,156672
110,48,12288,156672
110,20,18432,156672
63,84,0,161792
63,25,3072,161792
63,65,4096,161792
63,97,4096,161792
63,72,5120,161792
63,96,5120,161792
63,19,6144,161792
63,48,6144,161792
63,97,6144,161792
63,24,7168,161792
63,48,7168,161792
63,20,13312,161792
63,55,18432,161792
63,165,18432,161792
84,25,3072,161792
84,65,4096,161792
84,97,4096,161792
84,72,5120,161792
84,96,5120,161792
84,19,6144,161792
84,48,6144,161792
84,97,6144,161792
84,24,7168,161792
84,48,7168,161792
84,20,13312,161792
84,55,18432,161792
84,165,18432,161792
84,57,19456,161792
25,65,1024,164864
25,97,1024,164864
25,72,2048,164864
25,96,2048,164864
25,19,3072,164864
25,48,3072,164864
25,97,3072,164864
25,24,4096,164864
25,48,4096,164864
25,20,10240,164864
25,55,15360,164864
25,165,15360,164864
25,57,16384,164864
65,97,0,165888
65,72,1024,165888
65,96,1024,165888
65,19,2048,165888
65,48,2048,165888
65,97,2048,165888
65,24,3072,165888
65,48,3072,165888
65,20,9216,165888
65,55,14336,165888
65,165,14336,165888
65,57,15360,165888
97,72,1024,165888
97,96,1024,165888
97,19,2048,165888
97,48,2048,165888
97,97,2048,165888
97,24,3072,165888
97,48,3072,165888
97,20,9216,165888
97,55,14336,165888
97,165,14336,165888
97,57,15360,165888
72,96,0,166912
72,19,1024,166912
72,48,1024,166912
72,97,1024,166912
72,24,2048,166912
72,48,2048,166912
72,20,8192,166912
72,55,13312,166912
72,165,13312,166912
72,57,14336,166912
96,19,1024,166912
96,48,1024,166912
96,97,1024,166912
96,24,2048,166912
96,48,2048,166912
96,20,8192,166912
96,55,13312,166912
96,165,13312,166912
96,57,14336,166912
19,48,0,167936
19,97,0,167936
19,24,1024,167936
19,48,1024,167936
19,20,7168,167936
19,55,12288,167936
19,165,12288,167936
19,57,13312,167936
19,55,20480,167936
48,97,0,167936
48,24,1024,167936
48,48,1024,167936
48,20,7168,167936
48,55,12288,167936
48,165,12288,167936
48,57,13312,167936
48,55,20480,167936
97,24,1024,167936
97,48,1024,167936
97,20,7168,167936
97,55,12288,167936
97,165,12288,167936
97,57,13312,167936
97,55,20480,167936
24,48,0,168960
24,20,6144,168960
24,55,11264,168960
24,165,11264,168960
24,57,12288,168960
24,55,19456,168960
24,22,20480,168960
24,54,20480,168960
48,20,6144,168960
48,55,11264,168960
48,165,11264,168960
48,57,12288,168960
48,55,19456,168960
48,22,20480,168960
48,54,20480,168960
20,55,5120,175104
20,165,5120,175104
20,57,6144,175104
20,55,13312,175104
20,22,14336,175104
20,54,14336,175104
20,76,17408,175104
20,114,17408,175104
55,165,0,180224
55,57,1024,180224
55,55,8192,180224
55,22,9216,180224
55,54,9216,180224
55,76,12288,180224
55,114,12288,180224
55,64,17408,180224
55,159,17408,180224
55,160,17408,180224
55,20,20480,180224
165,57,1024,180224
165,55,8192,180224
165,22,9216,180224
165,54,9216,180224
165,76,12288,180224
165,114,12288,180224
165,64,17408,180224
165,159,17408,180224
165,160,17408,180224
165,20,20480,180224
57,55,7168,181248
57,22,8192,181248
57,54,8192,181248
57,76,11264,181248
57,114,11264,181248
57,64,16384,181248
57,159,16384,181248
57,160,16384,181248
57,20,19456,181248
55,22,1024,188416
55,54,1024,188416
55,76,4096,188416
55,114,4096,188416
55,64,9216,188416
55,159,9216,188416
55,160,9216,188416
55,20,12288,188416
55,45,14336,188416
55,22,19456,188416
22,54,0,189440
22,76,3072,189440
22,114,3072,189440
22,64,8192,189440
22,159,8192,189440
22,160,8192,189440
22,20,11264,189440
22,45,13312,189440
22,22,18432,189440
54,76,3072,189440
54,114,3072,189440
54,64,8192,189440
54,159,8192,189440
54,160,8192,189440
54,20,11264,189440
54,45,13312,189440
54,22,18432,189440
76,114,0,192512
76,64,5120,192512
76,159,5120,192512
76,160,5120,192512
76,20,8192,192512
76,45,10240,192512
76,22,15360,192512
114,64,5120,192512
114,159,5120,192512
114,160,5120,192512
114,20,8192,192512
114,45,10240,192512
114,22,15360,192512
64,159,0,197632
64,160,0,197632
64,20,3072,197632
64,45,5120,197632
64,22,10240,197632
64,53,16384,197632
64,57,17408,197632
64,86,17408,197632
64,58,19456,197632
64,58,20480,197632
159,160,0,197632
159,20,3072,197632
159,45,5120,197632
159,22,10240,197632
159,53,16384,197632
159,57,17408,197632
159,86,17408,197632
159,58,19456,197632
159,58,20480,197632
160,20,3072,197632
160,45,5120,197632
160,22,10240,197632
160,53,16384,197632
160,57,17408,197632
160,86,17408,197632
160,58,19456,197632
160,58,20480,197632
20,45,2048,200704
20,22,7168,200704
20,53,13312,200704
20,57,14336,200704
20,86,14336,200704
20,58,16384,200704
20,58,17408,200704
20,53,18432,200704
20,20,20480,200704
45,22,5120,202752
45,53,11264,202752
45,57,12288,202752
45,86,12288,202752
45,58,14336,202752
45,58,15360,202752
45,53,16384,202752
45,20,18432,202752
22,53,6144,207872
22,57,7168,207872
22,86,7168,207872
22,58,9216,207872
22,58,10240,207872
22,53,11264,207872
22,20,13312,207872
22,21,16384,207872
22,31,17408,207872
22,18,18432,207872
22,18,19456,207872
53,57,1024,214016
53,86,1024,214016
53,58,3072,214016
53,58,4096,214016
53,53,5120,214016
53,20,7168,214016
53,21,10240,214016
53,31,11264,214016
53,18,12288,214016
53,18,13312,214016
53,20,17408,214016
53,30,19456,214016
53,18,20480,214016
57,86,0,215040
57,58,2048,215040
57,58,3072,215040
57,53,4096,215040
57,20,6144,215040
57,21,9216,215040
57,31,10240,215040
57,18,11264,215040
57,18,12288,215040
57,20,16384,215040
57,30,18432,215040
57,18,19456,215040
57,18,20480,215040
86,58,2048,215040
86,58,3072,215040
86,53,4096,215040
86,20,6144,215040
86,21,9216,215040
86,31,10240,215040
86,18,11264,215040
86,18,12288,215040
86,20,16384,215040
86,30,18432,215040
86,18,19456,215040
86,18,20480,215040
58,58,1024,217088
58,53,2048,217088
58,20,4096,217088
58,21,7168,217088
58,31,8192,217088
58,18,9216,217088
58,18,10240,217088
58,20,14336,217088
58,30,16384,217088
58,18,17408,217088
58,18,18432,217088
58,43,20480,217088
58,53,1024,218112
58,20,3072,218112
58,21,6144,218112
58,31,7168,218112
58,18,8192,218112
58,18,9216,218112
58,20,13312,218112
58,30,15360,218112
58,18,16384,218112
58,18,17408,218112
58,43,19456,218112
53,20,2048,219136
53,21,5120,219136
53,31,6144,219136
53,18,7168,219136
53,18,8192,219136
53,20,12288,219136
53,30,14336,219136
53,18,15360,219136
53,18,16384,219136
53,43,18432,219136
53,50,20480,219136
20,21,3072,221184
20,31,4096,221184
20,18,5120,221184
20,18,6144,221184
20,20,10240,221184
20,30,12288,221184
20,18,13312,221184
20,18,14336,221184
20,43,16384,221184
20,50,18432,221184
20,28,20480,221184
21,31,1024,224256
21,18,2048,224256
21,18,3072,224256
21,20,7168,224256
21,30,9216,224256
21,18,10240,224256
21,18,11264,224256
21,43,13312,224256
21,50,15360,224256
21,28,17408,224256
31,18,1024,225280
31,18,2048,225280
31,20,6144,225280
31,30,8192,225280
31,18,9216,225280
31,18,10240,225280
31,43,12288,225280
31,50,14336,225280
31,28,16384,225280
18,18,1024,226304
18,20,5120,226304
18,30,7168,226304
18,18,8192,226304
18,18,9216,226304
18,43,11264,226304
18,50,13312,226304
18,28,15360,226304
18,20,4096,227328
18,30,6144,227328
18,18,7168,227328
18,18,8192,227328
18,43,10240,227328
18,50,12288,227328
18,28,14336,227328
20,30,2048,231424
20,18,3072,231424
20,18,4096,231424
20,43,6144,231424
20,50,8192,231424
20,28,10240,231424
30,18,1024,233472
30,18,2048,233472
30,43,4096,233472
30,50,6144,233472
30,28,8192,233472
18,18,1024,234496
18,43,3072,234496
18,50,5120,234496
18,28,7168,234496
18,43,2048,235520
18,50,4096,235520
18,28,6144,235520
18,20,20480,235520
43,50,2048,237568
43,28,4096,237568
43,20,18432,237568
43,49,20480,237568
50,28,2048,239616
50,20,16384,239616
50,49,18432,239616
28,20,14336,241664
28,49,16384,241664
28,60,19456,241664
28,54,20480,241664
28,81,20480,241664
20,49,2048,256000
20,60,5120,256000
20,54,6144,256000
20,81,6144,256000
20,53,7168,256000
20,76,11264,256000
20,20,12288,256000
20,77,12288,256000
20,77,13312,256000
20,20,14336,256000
20,70,14336,256000
20,18,16384,256000
20,55,16384,256000
20,61,17408,256000
49,60,3072,258048
49,54,4096,258048
49,81,4096,258048
49,53,5120,258048
49,76,9216,258048
49,20,10240,258048
49,77,10240,258048
49,77,11264,258048
49,20,12288,258048
49,70,12288,258048
49,18,14336,258048
49,55,14336,258048
49,61,15360,258048
49,122,15360,258048
60,54,1024,261120
60,81,1024,261120
60,53,2048,261120
60,76,6144,261120
60,20,7168,261120
60,77,7168,261120
60,77,8192,261120
60,20,9216,261120
60,70,9216,261120
60,18,11264,261120
60,55,11264,261120
60,61,12288,261120
60,122,12288,261120
60,61,13312,261120
54,81,0,262144
54,53,1024,262144
54,76,5120,262144
54,20,6144,262144
54,77,6144,262144
54,77,7168,262144
54,20,8192,262144
54,70,8192,262144
54,18,10240,262144
54,55,10240,262144
54,61,11264,262144
54,122,11264,262144
54,61,12288,262144
54,80,14336,262144
81,53,1024,262144
81,76,5120,262144
81,20,6144,262144
81,77,6144,262144
81,77,7168,262144
81,20,8192,262144
81,70,8192,262144
81,18,10240,262144
81,55,10240,262144
81,61,11264,262144
81,122,11264,262144
81,61,12288,262144
81,80,14336,262144
81,79,15360,262144
53,76,4096,263168
53,20,5120,263168
53,77,5120,263168
53,77,6144,263168
53,20,7168,263168
53,70,7168,263168
53,18,9216,263168
53,55,9216,263168
53,61,10240,263168
53,122,10240,263168
53,61,11264,263168
53,80,13312,263168
53,79,14336,263168
53,74,15360,263168
76,20,1024,267264
76,77,1024,267264
76,77,2048,267264
76,20,3072,267264
76,70,3072,267264
76,18,5120,267264
76,55,5120,267264
76,61,6144,267264
76,122,6144,267264
76,61,7168,267264
76,80,9216,267264
76,79,10240,267264
76,74,11264,267264
76,59,13312,267264
20,77,0,268288
20,77,1024,268288
20,20,2048,268288
20,70,2048,268288
20,18,4096,268288
20,55,4096,268288
20,61,5120,268288
20,122,5120,268288
20,61,6144,268288
20,80,8192,268288
20,79,9216,268288
20,74,10240,268288
20,59,12288,268288
20,18,13312,268288
77,77,1024,268288
77,20,2048,268288
77,70,2048,268288
77,18,4096,268288
77,55,4096,268288
77,61,5120,268288
77,122,5120,268288
77,61,6144,268288
77,80,8192,268288
77,79,9216,268288
77,74,10240,268288
77,59,12288,268288
77,18,13312,268288
77,66,13312,268288
77,20,1024,269312
77,70,1024,269312
77,18,3072,269312
77,55,3072,269312
77,61,4096,269312
77,122,4096,269312
77,61,5120,269312
77,80,7168,269312
77,79,8192,269312
77,74,9216,269312
77,59,11264,269312
77,18,12288,269312
77,66,12288,269312
77,162,16384,269312
20,70,0,270336
20,18,2048,270336
20,55,2048,270336
20,61,3072,270336
20,122,3072,270336
20,61,4096,270336
20,80,6144,270336
20,79,7168,270336
20,74,8192,270336
20,59,10240,270336
20,18,11264,270336
20,66,11264,270336
20,162,15360,270336
20,59,16384,270336
70,18,2048,270336
70,55,2048,270336
70,61,3072,270336
70,122,3072,270336
70,61,4096,270336
70,80,6144,270336
70,79,7168,270336
70,74,8192,270336
70,59,10240,270336
70,18,11264,270336
70,66,11264,270336
70,162,15360,270336
70,59,16384,270336
70,68,17408,270336
18,55,0,272384
18,61,1024,272384
18,122,1024,272384
18,61,2048,272384
18,80,4096,272384
18,79,5120,272384
18,74,6144,272384
18,59,8192,272384
18,18,9216,272384
18,66,9216,272384
18,162,13312,272384
18,59,14336,272384
18,68,15360,272384
18,60,16384,272384
55,61,1024,272384
55,122,1024,272384
55,61,2048,272384
55,80,4096,272384
55,79,5120,272384
55,74,6144,272384
55,59,8192,272384
55,18,9216,272384
55,66,9216,272384
55,162,13312,272384
55,59,14336,272384
55,68,15360,272384
55,60,16384,272384
61,122,0,273408
61,61,1024,273408
61,80,3072,273408
61,79,4096,273408
61,74,5120,273408
61,59,7168,273408
61,18,8192,273408
61,66,8192,273408
61,162,12288,273408
61,59,13312,273408
61,68,14336,273408
61,60,15360,273408
61,49,20480,273408
122,61,1024,273408
122,80,3072,273408
122,79,4096,273408
122,74,5120,273408
122,59,7168,273408
122,18,8192,273408
122,66,8192,273408
122,162,12288,273408
122,59,13312,273408
122,68,14336,273408
122,60,15360,273408
122,49,20480,273408
61,80,2048,274432
61,79,3072,274432
61,74,4096,274432
61,59,6144,274432
61,18,7168,274432
61,66,7168,274432
61,162,11264,274432
61,59,12288,274432
61,68,13312,274432
61,60,14336,274432
61,49,19456,274432
80,79,1024,276480
80,74,2048,276480
80,59,4096,276480
80,18,5120,276480
80,66,5120,276480
80,162,9216,276480
80,59,10240,276480
80,68,11264,276480
80,60,12288,276480
80,49,17408,276480
79,74,1024,277504
79,59,3072,277504
79,18,4096,277504
79,66,4096,277504
79,162,8192,277504
79,59,9216,277504
79,68,10240,277504
79,60,11264,277504
79,49,16384,277504
74,59,2048,278528
74,18,3072,278528
74,66,3072,278528
74,162,7168,278528
74,59,8192,278528
74,68,9216,278528
74,60,10240,278528
74,49,15360,278528
59,18,1024,280576
59,66,1024,280576
59,162,5120,280576
59,59,6144,280576
59,68,7168,280576
59,60,8192,280576
59,49,13312,280576
59,21,20480,280576
18,66,0,281600
18,162,4096,281600
18,59,5120,281600
18,68,6144,281600
18,60,7168,281600
18,49,12288,281600
18,21,19456,281600
18,51,20480,281600
66,162,4096,281600
66,59,5120,281600
66,68,6144,281600
66,60,7168,281600
66,49,12288,281600
66,21,19456,281600
66,51,20480,281600
162,59,1024,285696
162,68,2048,285696
162,60,3072,285696
162,49,8192,285696
162,21,15360,285696
162,51,16384,285696
162,18,18432,285696
162,18,19456,285696
59,68,1024,286720
59,60,2048,286720
59,49,7168,286720
59,21,14336,286720
59,51,15360,286720
59,18,17408,286720
59,18,18432,286720
68,60,1024,287744
68,49,6144,287744
68,21,13312,287744
68,51,14336,287744
68,18,16384,287744
68,18,17408,287744
68,25,20480,287744
60,49,5120,288768
60,21,12288,288768
60,51,13312,288768
60,18,15360,288768
60,18,16384,288768
60,25,19456,288768
49,21,7168,293888
49,51,8192,293888
49,18,10240,293888
49,18,11264,293888
49,25,14336,293888
49,43,16384,293888
49,21,20480,293888
21,51,1024,301056
21,18,3072,301056
21,18,4096,301056
21,25,7168,301056
21,43,9216,301056
21,21,13312,301056
21,18,18432,301056
51,18,2048,302080
51,18,3072,302080
51,25,6144,302080
51,43,8192,302080
51,21,12288,302080
51,18,17408,302080
51,24,20480,302080
18,18,1024,304128
18,25,4096,304128
18,43,6144,304128
18,21,10240,304128
18,18,15360,304128
18,24,18432,304128
18,25,3072,305152
18,43,5120,305152
18,21,9216,305152
18,18,14336,305152
18,24,17408,305152
25,43,2048,308224
25,21,6144,308224
25,18,11264,308224
25,24,14336,308224
25,18,20480,308224
43,21,4096,310272
43,18,9216,310272
43,24,12288,310272
43,18,18432,310272
21,18,5120,314368
21,24,8192,314368
21,18,14336,314368
18,24,3072,319488
18,18,9216,319488
24,18,6144,322560
