23,23,1024,0
23,19,14336,0
23,20,20480,0
23,19,13312,1024
23,20,19456,1024
19,20,6144,14336
19,20,14336,14336
19,23,15360,14336
19,20,20480,14336
20,20,8192,20480
20,23,9216,20480
20,20,14336,20480
20,18,15360,20480
20,23,1024,28672
20,20,6144,28672
20,18,7168,28672
20,20,15360,28672
23,20,5120,29696
23,18,6144,29696
23,20,14336,29696
20,18,1024,34816
20,20,9216,34816
18,20,8192,35840
20,23,14336,44032
20,23,15360,44032
23,23,1024,58368
23,19,7168,58368
23,19,14336,58368
23,74,15360,58368
23,99,15360,58368
23,20,20480,58368
23,19,6144,59392
23,19,13312,59392
23,74,14336,59392
23,99,14336,59392
23,20,19456,59392
19,19,7168,65536
19,74,8192,65536
19,99,8192,65536
19,20,13312,65536
19,74,1024,72704
19,99,1024,72704
19,20,6144,72704
19,20,14336,72704
19,23,15360,72704
19,89,15360,72704
19,23,16384,72704
74,99,0,73728
74,20,5120,73728
74,20,13312,73728
74,23,14336,73728
74,89,14336,73728
74,23,15360,73728
99,20,5120,73728
99,20,13312,73728
99,23,14336,73728
99,89,14336,73728
99,23,15360,73728
20,20,8192,78848
20,23,9216,78848
20,89,9216,78848
20,23,10240,78848
20,19,19456,78848
20,23,1024,87040
20,89,1024,87040
20,23,2048,87040
20,19,11264,87040
20,19,15360,87040
20,84,15360,87040
23,89,0,88064
23,23,1024,88064
23,19,10240,88064
23,19,14336,88064
23,84,14336,88064
89,23,1024,88064
89,19,10240,88064
89,19,14336,88064
89,84,14336,88064
23,19,9216,89088
23,19,13312,89088
23,84,13312,89088
19,19,4096,98304
19,84,4096,98304
19,23,18432,98304
19,23,19456,98304
19,84,0,102400
19,23,14336,102400
19,23,15360,102400
19,20,20480,102400
84,23,14336,102400
84,23,15360,102400
84,20,20480,102400
23,23,1024,116736
23,20,6144,116736
23,19,7168,116736
23,20,14336,116736
23,20,5120,117760
23,19,6144,117760
23,20,13312,117760
20,19,1024,122880
20,20,8192,122880
20,276,17408,122880
20,113,18432,122880
20,124,19456,122880
19,20,7168,123904
19,276,16384,123904
19,113,17408,123904
19,124,18432,123904
20,276,9216,131072
20,113,10240,131072
20,124,11264,131072
20,23,15360,131072
20,23,16384,131072
276,113,1024,140288
276,124,2048,140288
276,23,6144,140288
276,23,7168,140288
276,21,16384,140288
276,19,20480,140288
113,124,1024,141312
113,23,5120,141312
113,23,6144,141312
113,21,15360,141312
113,19,19456,141312
124,23,4096,142336
124,23,5120,142336
124,21,14336,142336
124,19,18432,142336
23,23,1024,146432
23,21,10240,146432
23,19,14336,146432
23,21,9216,147456
23,19,13312,147456
21,19,4096,156672
21,23,18432,156672
21,23,19456,156672
19,23,14336,160768
19,23,15360,160768
19,20,20480,160768
23,23,1024,175104
23,20,6144,175104
23,19,7168,175104
23,20,14336,175104
23,20,5120,176128
23,19,6144,176128
23,20,13312,176128
20,19,1024,181248
20,20,8192,181248
19,20,7168,182272
20,23,15360,189440
20,23,16384,189440
23,23,1024,204800
23,19,7168,204800
23,78,13312,204800
23,19,14336,204800
23,20,20480,204800
23,19,6144,205824
23,78,12288,205824
23,19,13312,205824
23,20,19456,205824
19,78,6144,211968
19,19,7168,211968
19,20,13312,211968
19,92,15360,211968
19,19,18432,211968
19,19,19456,211968
19,19,20480,211968
78,19,1024,218112
78,20,7168,218112
78,92,9216,218112
78,19,12288,218112
78,19,13312,218112
78,19,14336,218112
78,22,18432,218112
78,130,18432,218112
19,20,6144,219136
19,92,8192,219136
19,19,11264,219136
19,19,12288,219136
19,19,13312,219136
19,22,17408,219136
19,130,17408,219136
20,92,2048,225280
20,19,5120,225280
20,19,6144,225280
20,19,7168,225280
20,22,11264,225280
20,130,11264,225280
20,19,16384,225280
20,19,17408,225280
20,19,18432,225280
20,20,19456,225280
92,19,3072,227328
92,19,4096,227328
92,19,5120,227328
92,22,9216,227328
92,130,9216,227328
92,19,14336,227328
92,19,15360,227328
92,19,16384,227328
92,20,17408,227328
92,26,20480,227328
19,19,1024,230400
19,19,2048,230400
19,22,6144,230400
19,130,6144,230400
19,19,11264,230400
19,19,12288,230400
19,19,13312,230400
19,20,14336,230400
19,26,17408,230400
19,20,18432,230400
19,23,19456,230400
19,19,1024,231424
19,22,5120,231424
19,130,5120,231424
19,19,10240,231424
19,19,11264,231424
19,19,12288,231424
19,20,13312,231424
19,26,16384,231424
19,20,17408,231424
19,23,18432,231424
19,22,4096,232448
19,130,4096,232448
19,19,9216,232448
19,19,10240,232448
19,19,11264,232448
19,20,12288,232448
19,26,15360,232448
19,20,16384,232448
19,23,17408,232448
19,319,20480,232448
22,130,0,236544
22,19,5120,236544
22,19,6144,236544
22,19,7168,236544
22,20,8192,236544
22,26,11264,236544
22,20,12288,236544
22,23,13312,236544
22,319,16384,236544
130,19,5120,236544
130,19,6144,236544
130,19,7168,236544
130,20,8192,236544
130,26,11264,236544
130,20,12288,236544
130,23,13312,236544
130,319,16384,236544
19,19,1024,241664
19,19,2048,241664
19,20,3072,241664
19,26,6144,241664
19,20,7168,241664
19,23,8192,241664
19,319,11264,241664
19,19,1024,242688
19,20,2048,242688
19,26,5120,242688
19,20,6144,242688
19,23,7168,242688
19,319,10240,242688
19,23,20480,242688
19,20,1024,243712
19,26,4096,243712
19,20,5120,243712
19,23,6144,243712
19,319,9216,243712
19,23,19456,243712
19,23,20480,243712
20,26,3072,244736
20,20,4096,244736
20,23,5120,244736
20,319,8192,244736
20,23,18432,244736
20,23,19456,244736
26,20,1024,247808
26,23,2048,247808
26,319,5120,247808
26,23,15360,247808
26,23,16384,247808
20,23,1024,248832
20,319,4096,248832
20,23,14336,248832
20,23,15360,248832
23,319,3072,249856
23,23,13312,249856
23,23,14336,249856
319,23,10240,252928
319,23,11264,252928
23,23,1024,263168
23,20,14336,263168
23,20,13312,264192
20,20,14336,277504
20,23,15360,277504
20,23,16384,277504
20,23,1024,291840
20,23,2048,291840
20,21,11264,291840
20,19,15360,291840
23,23,1024,292864
23,21,10240,292864
23,19,14336,292864
23,21,9216,293888
23,19,13312,293888
21,19,4096,303104
21,23,18432,303104
21,23,19456,303104
19,23,14336,307200
19,23,15360,307200
19,20,20480,307200
23,23,1024,321536
23,20,6144,321536
23,19,7168,321536
23,20,5120,322560
23,19,6144,322560
20,19,1024,327680
