16,16,6144,0
16,12,12288,0
16,14,13312,0
16,13,14336,0
16,11,17408,0
16,11,20480,0
16,12,6144,6144
16,14,7168,6144
16,13,8192,6144
16,11,11264,6144
16,11,14336,6144
16,16,20480,6144
12,14,1024,12288
12,13,2048,12288
12,11,5120,12288
12,11,8192,12288
12,16,14336,12288
12,16,15360,12288
14,13,1024,13312
14,11,4096,13312
14,11,7168,13312
14,16,13312,13312
14,16,14336,13312
14,15,20480,13312
13,11,3072,14336
13,11,6144,14336
13,16,12288,14336
13,16,13312,14336
13,15,19456,14336
11,11,3072,17408
11,16,9216,17408
11,16,10240,17408
11,15,16384,17408
11,16,6144,20480
11,16,7168,20480
11,15,13312,20480
11,12,18432,20480
11,12,19456,20480
11,13,20480,20480
16,16,1024,26624
16,15,7168,26624
16,12,12288,26624
16,12,13312,26624
16,13,14336,26624
16,13,15360,26624
16,15,6144,27648
16,12,11264,27648
16,12,12288,27648
16,13,13312,27648
16,13,14336,27648
16,11,20480,27648
15,12,5120,33792
15,12,6144,33792
15,13,7168,33792
15,13,8192,33792
15,11,14336,33792
15,17,15360,33792
15,16,20480,33792
12,12,1024,38912
12,13,2048,38912
12,13,3072,38912
12,11,9216,38912
12,17,10240,38912
12,16,15360,38912
12,16,16384,38912
12,13,1024,39936
12,13,2048,39936
12,11,8192,39936
12,17,9216,39936
12,16,14336,39936
12,16,15360,39936
13,13,1024,40960
13,11,7168,40960
13,17,8192,40960
13,16,13312,40960
13,16,14336,40960
13,15,20480,40960
13,11,6144,41984
13,17,7168,41984
13,16,12288,41984
13,16,13312,41984
13,15,19456,41984
11,17,1024,48128
11,16,6144,48128
11,16,7168,48128
11,15,13312,48128
11,12,18432,48128
11,12,19456,48128
11,13,20480,48128
17,16,5120,49152
17,16,6144,49152
17,15,12288,49152
17,12,17408,49152
17,12,18432,49152
17,13,19456,49152
17,13,20480,49152
16,16,1024,54272
16,15,7168,54272
16,12,12288,54272
16,12,13312,54272
16,13,14336,54272
16,13,15360,54272
16,15,6144,55296
16,12,11264,55296
16,12,12288,55296
16,13,13312,55296
16,13,14336,55296
16,11,20480,55296
15,12,5120,61440
15,12,6144,61440
15,13,7168,61440
15,13,8192,61440
15,11,14336,61440
15,17,15360,61440
15,16,20480,61440
12,12,1024,66560
12,13,2048,66560
12,13,3072,66560
12,11,9216,66560
12,17,10240,66560
12,16,15360,66560
12,16,16384,66560
12,13,1024,67584
12,13,2048,67584
12,11,8192,67584
12,17,9216,67584
12,16,14336,67584
12,16,15360,67584
13,13,1024,68608
13,11,7168,68608
13,17,8192,68608
13,16,13312,68608
13,16,14336,68608
13,15,20480,68608
13,11,6144,69632
13,17,7168,69632
13,16,12288,69632
13,16,13312,69632
13,15,19456,69632
11,17,1024,75776
11,16,6144,75776
11,16,7168,75776
11,15,13312,75776
11,12,18432,75776
11,12,19456,75776
11,13,20480,75776
17,16,5120,76800
17,16,6144,76800
17,15,12288,76800
17,12,17408,76800
17,12,18432,76800
17,13,19456,76800
17,16,20480,76800
16,16,1024,81920
16,15,7168,81920
16,12,12288,81920
16,12,13312,81920
16,13,14336,81920
16,16,15360,81920
16,11,17408,81920
16,15,6144,82944
16,12,11264,82944
16,12,12288,82944
16,13,13312,82944
16,16,14336,82944
16,11,16384,82944
16,11,20480,82944
15,12,5120,89088
15,12,6144,89088
15,13,7168,89088
15,16,8192,89088
15,11,10240,89088
15,11,14336,89088
15,16,20480,89088
12,12,1024,94208
12,13,2048,94208
12,16,3072,94208
12,11,5120,94208
12,11,9216,94208
12,16,15360,94208
12,16,16384,94208
12,13,1024,95232
12,16,2048,95232
12,11,4096,95232
12,11,8192,95232
12,16,14336,95232
12,16,15360,95232
13,16,1024,96256
13,11,3072,96256
13,11,7168,96256
13,16,13312,96256
13,16,14336,96256
13,15,20480,96256
16,11,2048,97280
16,11,6144,97280
16,16,12288,97280
16,16,13312,97280
16,15,19456,97280
11,11,4096,99328
11,16,10240,99328
11,16,11264,99328
11,15,17408,99328
11,16,6144,103424
11,16,7168,103424
11,15,13312,103424
11,12,18432,103424
11,12,19456,103424
11,13,20480,103424
16,16,1024,109568
16,15,7168,109568
16,12,12288,109568
16,12,13312,109568
16,13,14336,109568
16,13,15360,109568
16,11,17408,109568
16,15,6144,110592
16,12,11264,110592
16,12,12288,110592
16,13,13312,110592
16,13,14336,110592
16,11,16384,110592
15,12,5120,116736
15,12,6144,116736
15,13,7168,116736
15,13,8192,116736
15,11,10240,116736
15,16,20480,116736
12,12,1024,121856
12,13,2048,121856
12,13,3072,121856
12,11,5120,121856
12,16,15360,121856
12,13,1024,122880
12,13,2048,122880
12,11,4096,122880
12,16,14336,122880
13,13,1024,123904
13,11,3072,123904
13,16,13312,123904
13,15,20480,123904
13,11,2048,124928
13,16,12288,124928
13,15,19456,124928
11,16,10240,126976
11,15,17408,126976
16,15,7168,137216
16,12,12288,137216
16,12,13312,137216
16,13,14336,137216
16,14,15360,137216
16,11,17408,137216
16,11,20480,137216
15,12,5120,144384
15,12,6144,144384
15,13,7168,144384
15,14,8192,144384
15,11,10240,144384
15,11,13312,144384
12,12,1024,149504
12,13,2048,149504
12,14,3072,149504
12,11,5120,149504
12,11,8192,149504
12,13,1024,150528
12,14,2048,150528
12,11,4096,150528
12,11,7168,150528
13,14,1024,151552
13,11,3072,151552
13,11,6144,151552
14,11,2048,152576
14,11,5120,152576
11,11,3072,154624
