8,9,2048,0
8,17,3072,0
8,9,6144,0
8,13,10240,0
8,10,11264,0
8,9,15360,0
8,12,16384,0
8,17,19456,0
8,9,20480,0
9,17,1024,2048
9,9,4096,2048
9,13,8192,2048
9,10,9216,2048
9,9,13312,2048
9,12,14336,2048
9,17,17408,2048
9,9,18432,2048
9,9,19456,2048
9,9,20480,2048
17,9,3072,3072
17,13,7168,3072
17,10,8192,3072
17,9,12288,3072
17,12,13312,3072
17,17,16384,3072
17,9,17408,3072
17,9,18432,3072
17,9,19456,3072
17,17,20480,3072
9,13,4096,6144
9,10,5120,6144
9,9,9216,6144
9,12,10240,6144
9,17,13312,6144
9,9,14336,6144
9,9,15360,6144
9,9,16384,6144
9,17,17408,6144
9,8,18432,6144
9,8,19456,6144
13,10,1024,10240
13,9,5120,10240
13,12,6144,10240
13,17,9216,10240
13,9,10240,10240
13,9,11264,10240
13,9,12288,10240
13,17,13312,10240
13,8,14336,10240
13,8,15360,10240
13,9,18432,10240
13,17,19456,10240
13,8,20480,10240
10,9,4096,11264
10,12,5120,11264
10,17,8192,11264
10,9,9216,11264
10,9,10240,11264
10,9,11264,11264
10,17,12288,11264
10,8,13312,11264
10,8,14336,11264
10,9,17408,11264
10,17,18432,11264
10,8,19456,11264
10,17,20480,11264
9,12,1024,15360
9,17,4096,15360
9,9,5120,15360
9,9,6144,15360
9,9,7168,15360
9,17,8192,15360
9,8,9216,15360
9,8,10240,15360
9,9,13312,15360
9,17,14336,15360
9,8,15360,15360
9,17,16384,15360
12,17,3072,16384
12,9,4096,16384
12,9,5120,16384
12,9,6144,16384
12,17,7168,16384
12,8,8192,16384
12,8,9216,16384
12,9,12288,16384
12,17,13312,16384
12,8,14336,16384
12,17,15360,16384
12,13,20480,16384
17,9,1024,19456
17,9,2048,19456
17,9,3072,19456
17,17,4096,19456
17,8,5120,19456
17,8,6144,19456
17,9,9216,19456
17,17,10240,19456
17,8,11264,19456
17,17,12288,19456
17,13,17408,19456
17,10,18432,19456
9,9,1024,20480
9,9,2048,20480
9,17,3072,20480
9,8,4096,20480
9,8,5120,20480
9,9,8192,20480
9,17,9216,20480
9,8,10240,20480
9,17,11264,20480
9,13,16384,20480
9,10,17408,20480
9,9,1024,21504
9,17,2048,21504
9,8,3072,21504
9,8,4096,21504
9,9,7168,21504
9,17,8192,21504
9,8,9216,21504
9,17,10240,21504
9,13,15360,21504
9,10,16384,21504
9,9,20480,21504
9,17,1024,22528
9,8,2048,22528
9,8,3072,22528
9,9,6144,22528
9,17,7168,22528
9,8,8192,22528
9,17,9216,22528
9,13,14336,22528
9,10,15360,22528
9,9,19456,22528
17,8,1024,23552
17,8,2048,23552
17,9,5120,23552
17,17,6144,23552
17,8,7168,23552
17,17,8192,23552
17,13,13312,23552
17,10,14336,23552
17,9,18432,23552
8,8,1024,24576
8,9,4096,24576
8,17,5120,24576
8,8,6144,24576
8,17,7168,24576
8,13,12288,24576
8,10,13312,24576
8,9,17408,24576
8,12,20480,24576
8,9,3072,25600
8,17,4096,25600
8,8,5120,25600
8,17,6144,25600
8,13,11264,25600
8,10,12288,25600
8,9,16384,25600
8,12,19456,25600
9,17,1024,28672
9,8,2048,28672
9,17,3072,28672
9,13,8192,28672
9,10,9216,28672
9,9,13312,28672
9,12,16384,28672
9,9,18432,28672
9,9,19456,28672
17,8,1024,29696
17,17,2048,29696
17,13,7168,29696
17,10,8192,29696
17,9,12288,29696
17,12,15360,29696
17,9,17408,29696
17,9,18432,29696
17,13,20480,29696
8,17,1024,30720
8,13,6144,30720
8,10,7168,30720
8,9,11264,30720
8,12,14336,30720
8,9,16384,30720
8,9,17408,30720
8,13,19456,30720
17,13,5120,31744
17,10,6144,31744
17,9,10240,31744
17,12,13312,31744
17,9,15360,31744
17,9,16384,31744
17,13,18432,31744
17,8,20480,31744
13,10,1024,36864
13,9,5120,36864
13,12,8192,36864
13,9,10240,36864
13,9,11264,36864
13,13,13312,36864
13,8,15360,36864
13,112,17408,36864
13,9,18432,36864
10,9,4096,37888
10,12,7168,37888
10,9,9216,37888
10,9,10240,37888
10,13,12288,37888
10,8,14336,37888
10,112,16384,37888
10,9,17408,37888
9,12,3072,41984
9,9,5120,41984
9,9,6144,41984
9,13,8192,41984
9,8,10240,41984
9,112,12288,41984
9,9,13312,41984
12,9,2048,45056
12,9,3072,45056
12,13,5120,45056
12,8,7168,45056
12,112,9216,45056
12,9,10240,45056
9,9,1024,47104
9,13,3072,47104
9,8,5120,47104
9,112,7168,47104
9,9,8192,47104
9,106,20480,47104
9,13,2048,48128
9,8,4096,48128
9,112,6144,48128
9,9,7168,48128
9,106,19456,48128
9,9,20480,48128
13,8,2048,50176
13,112,4096,50176
13,9,5120,50176
13,106,17408,50176
13,9,18432,50176
8,112,2048,52224
8,9,3072,52224
8,106,15360,52224
8,9,16384,52224
112,9,1024,54272
112,106,13312,54272
112,9,14336,54272
112,9,19456,54272
112,9,20480,54272
9,106,12288,55296
9,9,13312,55296
9,9,18432,55296
9,9,19456,55296
106,9,1024,67584
106,9,6144,67584
106,9,7168,67584
106,9,9216,67584
106,8,11264,67584
106,9,14336,67584
106,9,17408,67584
9,9,5120,68608
9,9,6144,68608
9,9,8192,68608
9,8,10240,68608
9,9,13312,68608
9,9,16384,68608
9,9,1024,73728
9,9,3072,73728
9,8,5120,73728
9,9,8192,73728
9,9,11264,73728
9,9,2048,74752
9,8,4096,74752
9,9,7168,74752
9,9,10240,74752
9,16,20480,74752
9,8,2048,76800
9,9,5120,76800
9,9,8192,76800
9,16,18432,76800
9,124,19456,76800
8,9,3072,78848
8,9,6144,78848
8,16,16384,78848
8,124,17408,78848
8,17,19456,78848
9,9,3072,81920
9,16,13312,81920
9,124,14336,81920
9,17,16384,81920
9,9,18432,81920
9,9,19456,81920
9,16,10240,84992
9,124,11264,84992
9,17,13312,84992
9,9,15360,84992
9,9,16384,84992
9,9,18432,84992
9,8,19456,84992
16,124,1024,95232
16,17,3072,95232
16,9,5120,95232
16,9,6144,95232
16,9,8192,95232
16,8,9216,95232
16,9,13312,95232
16,9,16384,95232
124,17,2048,96256
124,9,4096,96256
124,9,5120,96256
124,9,7168,96256
124,8,8192,96256
124,9,12288,96256
124,9,15360,96256
124,7,20480,96256
17,9,2048,98304
17,9,3072,98304
17,9,5120,98304
17,8,6144,98304
17,9,10240,98304
17,9,13312,98304
17,7,18432,98304
9,9,1024,100352
9,9,3072,100352
9,8,4096,100352
9,9,8192,100352
9,9,11264,100352
9,7,16384,100352
9,9,2048,101376
9,8,3072,101376
9,9,7168,101376
9,9,10240,101376
9,7,15360,101376
9,8,1024,103424
9,9,5120,103424
9,9,8192,103424
9,7,13312,103424
9,19,19456,103424
8,9,4096,104448
8,9,7168,104448
8,7,12288,104448
8,19,18432,104448
8,19,20480,104448
9,9,3072,108544
9,7,8192,108544
9,19,14336,108544
9,19,16384,108544
9,7,5120,111616
9,19,11264,111616
9,19,13312,111616
9,8,19456,111616
7,19,6144,116736
7,19,8192,116736
7,8,14336,116736
7,20,19456,116736
19,19,2048,122880
19,8,8192,122880
19,20,13312,122880
19,8,19456,122880
19,8,6144,124928
19,20,11264,124928
19,8,17408,124928
19,8,19456,124928
8,20,5120,131072
8,8,11264,131072
8,8,13312,131072
8,19,19456,131072
20,8,6144,136192
20,8,8192,136192
20,19,14336,136192
8,8,2048,142336
8,19,8192,142336
8,8,15360,142336
8,8,16384,142336
8,19,6144,144384
8,8,13312,144384
8,8,14336,144384
19,8,7168,150528
19,8,8192,150528
8,8,1024,157696
