18,18,5120,52224
18,83,9216,52224
18,55,14336,52224
18,41,19456,52224
18,27,20480,52224
18,83,4096,57344
18,55,9216,57344
18,41,14336,57344
18,27,15360,57344
18,24,17408,57344
18,49,17408,57344
18,74,19456,57344
18,66,20480,57344
83,55,5120,61440
83,41,10240,61440
83,27,11264,61440
83,24,13312,61440
83,49,13312,61440
83,74,15360,61440
83,66,16384,61440
83,21,17408,61440
83,44,20480,61440
55,41,5120,66560
55,27,6144,66560
55,24,8192,66560
55,49,8192,66560
55,74,10240,66560
55,66,11264,66560
55,21,12288,66560
55,44,15360,66560
41,27,1024,71680
41,24,3072,71680
41,49,3072,71680
41,74,5120,71680
41,66,6144,71680
41,21,7168,71680
41,44,10240,71680
41,18,17408,71680
41,28,18432,71680
41,25,19456,71680
27,24,2048,72704
27,49,2048,72704
27,74,4096,72704
27,66,5120,72704
27,21,6144,72704
27,44,9216,72704
27,18,16384,72704
27,28,17408,72704
27,25,18432,72704
27,56,20480,72704
24,49,0,74752
24,74,2048,74752
24,66,3072,74752
24,21,4096,74752
24,44,7168,74752
24,18,14336,74752
24,28,15360,74752
24,25,16384,74752
24,56,18432,74752
24,54,19456,74752
24,43,20480,74752
49,74,2048,74752
49,66,3072,74752
49,21,4096,74752
49,44,7168,74752
49,18,14336,74752
49,28,15360,74752
49,25,16384,74752
49,56,18432,74752
49,54,19456,74752
49,43,20480,74752
74,66,1024,76800
74,21,2048,76800
74,44,5120,76800
74,18,12288,76800
74,28,13312,76800
74,25,14336,76800
74,56,16384,76800
74,54,17408,76800
74,43,18432,76800
74,43,19456,76800
66,21,1024,77824
66,44,4096,77824
66,18,11264,77824
66,28,12288,77824
66,25,13312,77824
66,56,15360,77824
66,54,16384,77824
66,43,17408,77824
66,43,18432,77824
66,57,20480,77824
21,44,3072,78848
21,18,10240,78848
21,28,11264,78848
21,25,12288,78848
21,56,14336,78848
21,54,15360,78848
21,43,16384,78848
21,43,17408,78848
21,57,19456,78848
21,58,20480,78848
44,18,7168,81920
44,28,8192,81920
44,25,9216,81920
44,56,11264,81920
44,54,12288,81920
44,43,13312,81920
44,43,14336,81920
44,57,16384,81920
44,58,17408,81920
44,57,19456,81920
18,28,1024,89088
18,25,2048,89088
18,56,4096,89088
18,54,5120,89088
18,43,6144,89088
18,43,7168,89088
18,57,9216,89088
18,58,10240,89088
18,57,12288,89088
18,75,15360,89088
18,58,16384,89088
18,75,17408,89088
18,65,18432,89088
28,25,1024,90112
28,56,3072,90112
28,54,4096,90112
28,43,5120,90112
28,43,6144,90112
28,57,8192,90112
28,58,9216,90112
28,57,11264,90112
28,75,14336,90112
28,58,15360,90112
28,75,16384,90112
28,65,17408,90112
25,56,2048,91136
25,54,3072,91136
25,43,4096,91136
25,43,5120,91136
25,57,7168,91136
25,58,8192,91136
25,57,10240,91136
25,75,13312,91136
25,58,14336,91136
25,75,15360,91136
25,65,16384,91136
56,54,1024,93184
56,43,2048,93184
56,43,3072,93184
56,57,5120,93184
56,58,6144,93184
56,57,8192,93184
56,75,11264,93184
56,58,12288,93184
56,75,13312,93184
56,65,14336,93184
56,21,19456,93184
56,72,20480,93184
54,43,1024,94208
54,43,2048,94208
54,57,4096,94208
54,58,5120,94208
54,57,7168,94208
54,75,10240,94208
54,58,11264,94208
54,75,12288,94208
54,65,13312,94208
54,21,18432,94208
54,72,19456,94208
54,25,20480,94208
43,43,1024,95232
43,57,3072,95232
43,58,4096,95232
43,57,6144,95232
43,75,9216,95232
43,58,10240,95232
43,75,11264,95232
43,65,12288,95232
43,21,17408,95232
43,72,18432,95232
43,25,19456,95232
43,24,20480,95232
43,57,2048,96256
43,58,3072,96256
43,57,5120,96256
43,75,8192,96256
43,58,9216,96256
43,75,10240,96256
43,65,11264,96256
43,21,16384,96256
43,72,17408,96256
43,25,18432,96256
43,24,19456,96256
43,28,20480,96256
43,56,20480,96256
43,84,20480,96256
57,58,1024,98304
57,57,3072,98304
57,75,6144,98304
57,58,7168,98304
57,75,8192,98304
57,65,9216,98304
57,21,14336,98304
57,72,15360,98304
57,25,16384,98304
57,24,17408,98304
57,28,18432,98304
57,56,18432,98304
57,84,18432,98304
57,18,19456,98304
58,57,2048,99328
58,75,5120,99328
58,58,6144,99328
58,75,7168,99328
58,65,8192,99328
58,21,13312,99328
58,72,14336,99328
58,25,15360,99328
58,24,16384,99328
58,28,17408,99328
58,56,17408,99328
58,84,17408,99328
58,18,18432,99328
58,62,18432,99328
57,75,3072,101376
57,58,4096,101376
57,75,5120,101376
57,65,6144,101376
57,21,11264,101376
57,72,12288,101376
57,25,13312,101376
57,24,14336,101376
57,28,15360,101376
57,56,15360,101376
57,84,15360,101376
57,18,16384,101376
57,62,16384,101376
57,93,16384,101376
75,58,1024,104448
75,75,2048,104448
75,65,3072,104448
75,21,8192,104448
75,72,9216,104448
75,25,10240,104448
75,24,11264,104448
75,28,12288,104448
75,56,12288,104448
75,84,12288,104448
75,18,13312,104448
75,62,13312,104448
75,93,13312,104448
75,61,14336,104448
58,75,1024,105472
58,65,2048,105472
58,21,7168,105472
58,72,8192,105472
58,25,9216,105472
58,24,10240,105472
58,28,11264,105472
58,56,11264,105472
58,84,11264,105472
58,18,12288,105472
58,62,12288,105472
58,93,12288,105472
58,61,13312,105472
58,91,13312,105472
75,65,1024,106496
75,21,6144,106496
75,72,7168,106496
75,25,8192,106496
75,24,9216,106496
75,28,10240,106496
75,56,10240,106496
75,84,10240,106496
75,18,11264,106496
75,62,11264,106496
75,93,11264,106496
75,61,12288,106496
75,91,12288,106496
75,69,14336,106496
65,21,5120,107520
65,72,6144,107520
65,25,7168,107520
65,24,8192,107520
65,28,9216,107520
65,56,9216,107520
65,84,9216,107520
65,18,10240,107520
65,62,10240,107520
65,93,10240,107520
65,61,11264,107520
65,91,11264,107520
65,69,13312,107520
65,83,15360,107520
21,72,1024,112640
21,25,2048,112640
21,24,3072,112640
21,28,4096,112640
21,56,4096,112640
21,84,4096,112640
21,18,5120,112640
21,62,5120,112640
21,93,5120,112640
21,61,6144,112640
21,91,6144,112640
21,69,8192,112640
21,83,10240,112640
21,24,11264,112640
72,25,1024,113664
72,24,2048,113664
72,28,3072,113664
72,56,3072,113664
72,84,3072,113664
72,18,4096,113664
72,62,4096,113664
72,93,4096,113664
72,61,5120,113664
72,91,5120,113664
72,69,7168,113664
72,83,9216,113664
72,24,10240,113664
72,73,10240,113664
25,24,1024,114688
25,28,2048,114688
25,56,2048,114688
25,84,2048,114688
25,18,3072,114688
25,62,3072,114688
25,93,3072,114688
25,61,4096,114688
25,91,4096,114688
25,69,6144,114688
25,83,8192,114688
25,24,9216,114688
25,73,9216,114688
25,23,10240,114688
24,28,1024,115712
24,56,1024,115712
24,84,1024,115712
24,18,2048,115712
24,62,2048,115712
24,93,2048,115712
24,61,3072,115712
24,91,3072,115712
24,69,5120,115712
24,83,7168,115712
24,24,8192,115712
24,73,8192,115712
24,23,9216,115712
24,52,10240,115712
28,56,0,116736
28,84,0,116736
28,18,1024,116736
28,62,1024,116736
28,93,1024,116736
28,61,2048,116736
28,91,2048,116736
28,69,4096,116736
28,83,6144,116736
28,24,7168,116736
28,73,7168,116736
28,23,8192,116736
28,52,9216,116736
28,48,10240,116736
56,84,0,116736
56,18,1024,116736
56,62,1024,116736
56,93,1024,116736
56,61,2048,116736
56,91,2048,116736
56,69,4096,116736
56,83,6144,116736
56,24,7168,116736
56,73,7168,116736
56,23,8192,116736
56,52,9216,116736
56,48,10240,116736
56,58,14336,116736
84,18,1024,116736
84,62,1024,116736
84,93,1024,116736
84,61,2048,116736
84,91,2048,116736
84,69,4096,116736
84,83,6144,116736
84,24,7168,116736
84,73,7168,116736
84,23,8192,116736
84,52,9216,116736
84,48,10240,116736
84,58,14336,116736
84,114,14336,116736
18,62,0,117760
18,93,0,117760
18,61,1024,117760
18,91,1024,117760
18,69,3072,117760
18,83,5120,117760
18,24,6144,117760
18,73,6144,117760
18,23,7168,117760
18,52,8192,117760
18,48,9216,117760
18,58,13312,117760
18,114,13312,117760
18,84,15360,117760
62,93,0,117760
62,61,1024,117760
62,91,1024,117760
62,69,3072,117760
62,83,5120,117760
62,24,6144,117760
62,73,6144,117760
62,23,7168,117760
62,52,8192,117760
62,48,9216,117760
62,58,13312,117760
62,114,13312,117760
62,84,15360,117760
62,71,17408,117760
93,61,1024,117760
93,91,1024,117760
93,69,3072,117760
93,83,5120,117760
93,24,6144,117760
93,73,6144,117760
93,23,7168,117760
93,52,8192,117760
93,48,9216,117760
93,58,13312,117760
93,114,13312,117760
93,84,15360,117760
93,71,17408,117760
93,94,17408,117760
61,91,0,118784
61,69,2048,118784
61,83,4096,118784
61,24,5120,118784
61,73,5120,118784
61,23,6144,118784
61,52,7168,118784
61,48,8192,118784
61,58,12288,118784
61,114,12288,118784
61,84,14336,118784
61,71,16384,118784
61,94,16384,118784
61,24,19456,118784
91,69,2048,118784
91,83,4096,118784
91,24,5120,118784
91,73,5120,118784
91,23,6144,118784
91,52,7168,118784
91,48,8192,118784
91,58,12288,118784
91,114,12288,118784
91,84,14336,118784
91,71,16384,118784
91,94,16384,118784
91,24,19456,118784
91,27,20480,118784
69,83,2048,120832
69,24,3072,120832
69,73,3072,120832
69,23,4096,120832
69,52,5120,120832
69,48,6144,120832
69,58,10240,120832
69,114,10240,120832
69,84,12288,120832
69,71,14336,120832
69,94,14336,120832
69,24,17408,120832
69,27,18432,120832
69,50,19456,120832
83,24,1024,122880
83,73,1024,122880
83,23,2048,122880
83,52,3072,122880
83,48,4096,122880
83,58,8192,122880
83,114,8192,122880
83,84,10240,122880
83,71,12288,122880
83,94,12288,122880
83,24,15360,122880
83,27,16384,122880
83,50,17408,122880
83,18,18432,122880
24,73,0,123904
24,23,1024,123904
24,52,2048,123904
24,48,3072,123904
24,58,7168,123904
24,114,7168,123904
24,84,9216,123904
24,71,11264,123904
24,94,11264,123904
24,24,14336,123904
24,27,15360,123904
24,50,16384,123904
24,18,17408,123904
24,18,19456,123904
73,23,1024,123904
73,52,2048,123904
73,48,3072,123904
73,58,7168,123904
73,114,7168,123904
73,84,9216,123904
73,71,11264,123904
73,94,11264,123904
73,24,14336,123904
73,27,15360,123904
73,50,16384,123904
73,18,17408,123904
73,18,19456,123904
73,49,19456,123904
23,52,1024,124928
23,48,2048,124928
23,58,6144,124928
23,114,6144,124928
23,84,8192,124928
23,71,10240,124928
23,94,10240,124928
23,24,13312,124928
23,27,14336,124928
23,50,15360,124928
23,18,16384,124928
23,18,18432,124928
23,49,18432,124928
23,77,19456,124928
52,48,1024,125952
52,58,5120,125952
52,114,5120,125952
52,84,7168,125952
52,71,9216,125952
52,94,9216,125952
52,24,12288,125952
52,27,13312,125952
52,50,14336,125952
52,18,15360,125952
52,18,17408,125952
52,49,17408,125952
52,77,18432,125952
52,131,18432,125952
48,58,4096,126976
48,114,4096,126976
48,84,6144,126976
48,71,8192,126976
48,94,8192,126976
48,24,11264,126976
48,27,12288,126976
48,50,13312,126976
48,18,14336,126976
48,18,16384,126976
48,49,16384,126976
48,77,17408,126976
48,131,17408,126976
48,63,18432,126976
58,114,0,131072
58,84,2048,131072
58,71,4096,131072
58,94,4096,131072
58,24,7168,131072
58,27,8192,131072
58,50,9216,131072
58,18,10240,131072
58,18,12288,131072
58,49,12288,131072
58,77,13312,131072
58,131,13312,131072
58,63,14336,131072
58,37,15360,131072
114,84,2048,131072
114,71,4096,131072
114,94,4096,131072
114,24,7168,131072
114,27,8192,131072
114,50,9216,131072
114,18,10240,131072
114,18,12288,131072
114,49,12288,131072
114,77,13312,131072
114,131,13312,131072
114,63,14336,131072
114,37,15360,131072
114,73,15360,131072
84,71,2048,133120
84,94,2048,133120
84,24,5120,133120
84,27,6144,133120
84,50,7168,133120
84,18,8192,133120
84,18,10240,133120
84,49,10240,133120
84,77,11264,133120
84,131,11264,133120
84,63,12288,133120
84,37,13312,133120
84,73,13312,133120
84,72,15360,133120
71,94,0,135168
71,24,3072,135168
71,27,4096,135168
71,50,5120,135168
71,18,6144,135168
71,18,8192,135168
71,49,8192,135168
71,77,9216,135168
71,131,9216,135168
71,63,10240,135168
71,37,11264,135168
71,73,11264,135168
71,72,13312,135168
71,68,14336,135168
94,24,3072,135168
94,27,4096,135168
94,50,5120,135168
94,18,6144,135168
94,18,8192,135168
94,49,8192,135168
94,77,9216,135168
94,131,9216,135168
94,63,10240,135168
94,37,11264,135168
94,73,11264,135168
94,72,13312,135168
94,68,14336,135168
94,71,15360,135168
24,27,1024,138240
24,50,2048,138240
24,18,3072,138240
24,18,5120,138240
24,49,5120,138240
24,77,6144,138240
24,131,6144,138240
24,63,7168,138240
24,37,8192,138240
24,73,8192,138240
24,72,10240,138240
24,68,11264,138240
24,71,12288,138240
24,107,12288,138240
27,50,1024,139264
27,18,2048,139264
27,18,4096,139264
27,49,4096,139264
27,77,5120,139264
27,131,5120,139264
27,63,6144,139264
27,37,7168,139264
27,73,7168,139264
27,72,9216,139264
27,68,10240,139264
27,71,11264,139264
27,107,11264,139264
27,66,12288,139264
50,18,1024,140288
50,18,3072,140288
50,49,3072,140288
50,77,4096,140288
50,131,4096,140288
50,63,5120,140288
50,37,6144,140288
50,73,6144,140288
50,72,8192,140288
50,68,9216,140288
50,71,10240,140288
50,107,10240,140288
50,66,11264,140288
50,99,11264,140288
18,18,2048,141312
18,49,2048,141312
18,77,3072,141312
18,131,3072,141312
18,63,4096,141312
18,37,5120,141312
18,73,5120,141312
18,72,7168,141312
18,68,8192,141312
18,71,9216,141312
18,107,9216,141312
18,66,10240,141312
18,99,10240,141312
18,66,11264,141312
18,49,0,143360
18,77,1024,143360
18,131,1024,143360
18,63,2048,143360
18,37,3072,143360
18,73,3072,143360
18,72,5120,143360
18,68,6144,143360
18,71,7168,143360
18,107,7168,143360
18,66,8192,143360
18,99,8192,143360
18,66,9216,143360
18,66,10240,143360
49,77,1024,143360
49,131,1024,143360
49,63,2048,143360
49,37,3072,143360
49,73,3072,143360
49,72,5120,143360
49,68,6144,143360
49,71,7168,143360
49,107,7168,143360
49,66,8192,143360
49,99,8192,143360
49,66,9216,143360
49,66,10240,143360
49,40,13312,143360
77,131,0,144384
77,63,1024,144384
77,37,2048,144384
77,73,2048,144384
77,72,4096,144384
77,68,5120,144384
77,71,6144,144384
77,107,6144,144384
77,66,7168,144384
77,99,7168,144384
77,66,8192,144384
77,66,9216,144384
77,40,12288,144384
77,41,13312,144384
131,63,1024,144384
131,37,2048,144384
131,73,2048,144384
131,72,4096,144384
131,68,5120,144384
131,71,6144,144384
131,107,6144,144384
131,66,7168,144384
131,99,7168,144384
131,66,8192,144384
131,66,9216,144384
131,40,12288,144384
131,41,13312,144384
131,43,14336,144384
63,37,1024,145408
63,73,1024,145408
63,72,3072,145408
63,68,4096,145408
63,71,5120,145408
63,107,5120,145408
63,66,6144,145408
63,99,6144,145408
63,66,7168,145408
63,66,8192,145408
63,40,11264,145408
63,41,12288,145408
63,43,13312,145408
63,88,14336,145408
37,73,0,146432
37,72,2048,146432
37,68,3072,146432
37,71,4096,146432
37,107,4096,146432
37,66,5120,146432
37,99,5120,146432
37,66,6144,146432
37,66,7168,146432
37,40,10240,146432
37,41,11264,146432
37,43,12288,146432
37,88,13312,146432
37,19,18432,146432
73,72,2048,146432
73,68,3072,146432
73,71,4096,146432
73,107,4096,146432
73,66,5120,146432
73,99,5120,146432
73,66,6144,146432
73,66,7168,146432
73,40,10240,146432
73,41,11264,146432
73,43,12288,146432
73,88,13312,146432
73,19,18432,146432
72,68,1024,148480
72,71,2048,148480
72,107,2048,148480
72,66,3072,148480
72,99,3072,148480
72,66,4096,148480
72,66,5120,148480
72,40,8192,148480
72,41,9216,148480
72,43,10240,148480
72,88,11264,148480
72,19,16384,148480
68,71,1024,149504
68,107,1024,149504
68,66,2048,149504
68,99,2048,149504
68,66,3072,149504
68,66,4096,149504
68,40,7168,149504
68,41,8192,149504
68,43,9216,149504
68,88,10240,149504
68,19,15360,149504
71,107,0,150528
71,66,1024,150528
71,99,1024,150528
71,66,2048,150528
71,66,3072,150528
71,40,6144,150528
71,41,7168,150528
71,43,8192,150528
71,88,9216,150528
71,19,14336,150528
107,66,1024,150528
107,99,1024,150528
107,66,2048,150528
107,66,3072,150528
107,40,6144,150528
107,41,7168,150528
107,43,8192,150528
107,88,9216,150528
107,19,14336,150528
66,99,0,151552
66,66,1024,151552
66,66,2048,151552
66,40,5120,151552
66,41,6144,151552
66,43,7168,151552
66,88,8192,151552
66,19,13312,151552
66,18,20480,151552
99,66,1024,151552
99,66,2048,151552
99,40,5120,151552
99,41,6144,151552
99,43,7168,151552
99,88,8192,151552
99,19,13312,151552
99,18,20480,151552
66,66,1024,152576
66,40,4096,152576
66,41,5120,152576
66,43,6144,152576
66,88,7168,152576
66,19,12288,152576
66,18,19456,152576
66,18,20480,152576
66,54,20480,152576
66,40,3072,153600
66,41,4096,153600
66,43,5120,153600
66,88,6144,153600
66,19,11264,153600
66,18,18432,153600
66,18,19456,153600
66,54,19456,153600
66,18,20480,153600
40,41,1024,156672
40,43,2048,156672
40,88,3072,156672
40,19,8192,156672
40,18,15360,156672
40,18,16384,156672
40,54,16384,156672
40,18,17408,156672
40,72,19456,156672
40,58,20480,156672
41,43,1024,157696
41,88,2048,157696
41,19,7168,157696
41,18,14336,157696
41,18,15360,157696
41,54,15360,157696
41,18,16384,157696
41,72,18432,157696
41,58,19456,157696
41,55,20480,157696
41,111,20480,157696
43,88,1024,158720
43,19,6144,158720
43,18,13312,158720
43,18,14336,158720
43,54,14336,158720
43,18,15360,158720
43,72,17408,158720
43,58,18432,158720
43,55,19456,158720
43,111,19456,158720
88,19,5120,159744
88,18,12288,159744
88,18,13312,159744
88,54,13312,159744
88,18,14336,159744
88,72,16384,159744
88,58,17408,159744
88,55,18432,159744
88,111,18432,159744
19,18,7168,164864
19,18,8192,164864
19,54,8192,164864
19,18,9216,164864
19,72,11264,164864
19,58,12288,164864
19,55,13312,164864
19,111,13312,164864
19,53,16384,164864
18,18,1024,172032
18,54,1024,172032
18,18,2048,172032
18,72,4096,172032
18,58,5120,172032
18,55,6144,172032
18,111,6144,172032
18,53,9216,172032
18,25,14336,172032
18,41,16384,172032
18,18,17408,172032
18,54,0,173056
18,18,1024,173056
18,72,3072,173056
18,58,4096,173056
18,55,5120,173056
18,111,5120,173056
18,53,8192,173056
18,25,13312,173056
18,41,15360,173056
18,18,16384,173056
54,18,1024,173056
54,72,3072,173056
54,58,4096,173056
54,55,5120,173056
54,111,5120,173056
54,53,8192,173056
54,25,13312,173056
54,41,15360,173056
54,18,16384,173056
18,72,2048,174080
18,58,3072,174080
18,55,4096,174080
18,111,4096,174080
18,53,7168,174080
18,25,12288,174080
18,41,14336,174080
18,18,15360,174080
72,58,1024,176128
72,55,2048,176128
72,111,2048,176128
72,53,5120,176128
72,25,10240,176128
72,41,12288,176128
72,18,13312,176128
72,18,20480,176128
58,55,1024,177152
58,111,1024,177152
58,53,4096,177152
58,25,9216,177152
58,41,11264,177152
58,18,12288,177152
58,18,19456,177152
58,28,20480,177152
55,111,0,178176
55,53,3072,178176
55,25,8192,178176
55,41,10240,178176
55,18,11264,178176
55,18,18432,178176
55,28,19456,178176
55,30,20480,178176
111,53,3072,178176
111,25,8192,178176
111,41,10240,178176
111,18,11264,178176
111,18,18432,178176
111,28,19456,178176
111,30,20480,178176
53,25,5120,181248
53,41,7168,181248
53,18,8192,181248
53,18,15360,181248
53,28,16384,181248
53,30,17408,181248
53,37,19456,181248
53,27,20480,181248
25,41,2048,186368
25,18,3072,186368
25,18,10240,186368
25,28,11264,186368
25,30,12288,186368
25,37,14336,186368
25,27,15360,186368
25,29,16384,186368
25,58,16384,186368
25,24,18432,186368
25,47,18432,186368
25,23,20480,186368
25,46,20480,186368
41,18,1024,188416
41,18,8192,188416
41,28,9216,188416
41,30,10240,188416
41,37,12288,188416
41,27,13312,188416
41,29,14336,188416
41,58,14336,188416
41,24,16384,188416
41,47,16384,188416
41,23,18432,188416
41,46,18432,188416
41,18,20480,188416
41,50,20480,188416
18,18,7168,189440
18,28,8192,189440
18,30,9216,189440
18,37,11264,189440
18,27,12288,189440
18,29,13312,189440
18,58,13312,189440
18,24,15360,189440
18,47,15360,189440
18,23,17408,189440
18,46,17408,189440
18,18,19456,189440
18,50,19456,189440
18,28,1024,196608
18,30,2048,196608
18,37,4096,196608
18,27,5120,196608
18,29,6144,196608
18,58,6144,196608
18,24,8192,196608
18,47,8192,196608
18,23,10240,196608
18,46,10240,196608
18,18,12288,196608
18,50,12288,196608
18,55,14336,196608
18,82,14336,196608
28,30,1024,197632
28,37,3072,197632
28,27,4096,197632
28,29,5120,197632
28,58,5120,197632
28,24,7168,197632
28,47,7168,197632
28,23,9216,197632
28,46,9216,197632
28,18,11264,197632
28,50,11264,197632
28,55,13312,197632
28,82,13312,197632
28,50,15360,197632
30,37,2048,198656
30,27,3072,198656
30,29,4096,198656
30,58,4096,198656
30,24,6144,198656
30,47,6144,198656
30,23,8192,198656
30,46,8192,198656
30,18,10240,198656
30,50,10240,198656
30,55,12288,198656
30,82,12288,198656
30,50,14336,198656
30,25,15360,198656
37,27,1024,200704
37,29,2048,200704
37,58,2048,200704
37,24,4096,200704
37,47,4096,200704
37,23,6144,200704
37,46,6144,200704
37,18,8192,200704
37,50,8192,200704
37,55,10240,200704
37,82,10240,200704
37,50,12288,200704
37,25,13312,200704
37,37,15360,200704
27,29,1024,201728
27,58,1024,201728
27,24,3072,201728
27,47,3072,201728
27,23,5120,201728
27,46,5120,201728
27,18,7168,201728
27,50,7168,201728
27,55,9216,201728
27,82,9216,201728
27,50,11264,201728
27,25,12288,201728
27,37,14336,201728
27,20,15360,201728
29,58,0,202752
29,24,2048,202752
29,47,2048,202752
29,23,4096,202752
29,46,4096,202752
29,18,6144,202752
29,50,6144,202752
29,55,8192,202752
29,82,8192,202752
29,50,10240,202752
29,25,11264,202752
29,37,13312,202752
29,20,14336,202752
29,20,15360,202752
58,24,2048,202752
58,47,2048,202752
58,23,4096,202752
58,46,4096,202752
58,18,6144,202752
58,50,6144,202752
58,55,8192,202752
58,82,8192,202752
58,50,10240,202752
58,25,11264,202752
58,37,13312,202752
58,20,14336,202752
58,20,15360,202752
58,61,15360,202752
24,47,0,204800
24,23,2048,204800
24,46,2048,204800
24,18,4096,204800
24,50,4096,204800
24,55,6144,204800
24,82,6144,204800
24,50,8192,204800
24,25,9216,204800
24,37,11264,204800
24,20,12288,204800
24,20,13312,204800
24,61,13312,204800
24,18,19456,204800
47,23,2048,204800
47,46,2048,204800
47,18,4096,204800
47,50,4096,204800
47,55,6144,204800
47,82,6144,204800
47,50,8192,204800
47,25,9216,204800
47,37,11264,204800
47,20,12288,204800
47,20,13312,204800
47,61,13312,204800
47,18,19456,204800
47,55,20480,204800
23,46,0,206848
23,18,2048,206848
23,50,2048,206848
23,55,4096,206848
23,82,4096,206848
23,50,6144,206848
23,25,7168,206848
23,37,9216,206848
23,20,10240,206848
23,20,11264,206848
23,61,11264,206848
23,18,17408,206848
23,55,18432,206848
23,20,19456,206848
46,18,2048,206848
46,50,2048,206848
46,55,4096,206848
46,82,4096,206848
46,50,6144,206848
46,25,7168,206848
46,37,9216,206848
46,20,10240,206848
46,20,11264,206848
46,61,11264,206848
46,18,17408,206848
46,55,18432,206848
46,20,19456,206848
46,40,19456,206848
18,50,0,208896
18,55,2048,208896
18,82,2048,208896
18,50,4096,208896
18,25,5120,208896
18,37,7168,208896
18,20,8192,208896
18,20,9216,208896
18,61,9216,208896
18,18,15360,208896
18,55,16384,208896
18,20,17408,208896
18,40,17408,208896
18,39,18432,208896
50,55,2048,208896
50,82,2048,208896
50,50,4096,208896
50,25,5120,208896
50,37,7168,208896
50,20,8192,208896
50,20,9216,208896
50,61,9216,208896
50,18,15360,208896
50,55,16384,208896
50,20,17408,208896
50,40,17408,208896
50,39,18432,208896
50,40,18432,208896
55,82,0,210944
55,50,2048,210944
55,25,3072,210944
55,37,5120,210944
55,20,6144,210944
55,20,7168,210944
55,61,7168,210944
55,18,13312,210944
55,55,14336,210944
55,20,15360,210944
55,40,15360,210944
55,39,16384,210944
55,40,16384,210944
55,18,17408,210944
82,50,2048,210944
82,25,3072,210944
82,37,5120,210944
82,20,6144,210944
82,20,7168,210944
82,61,7168,210944
82,18,13312,210944
82,55,14336,210944
82,20,15360,210944
82,40,15360,210944
82,39,16384,210944
82,40,16384,210944
82,18,17408,210944
82,24,18432,210944
50,25,1024,212992
50,37,3072,212992
50,20,4096,212992
50,20,5120,212992
50,61,5120,212992
50,18,11264,212992
50,55,12288,212992
50,20,13312,212992
50,40,13312,212992
50,39,14336,212992
50,40,14336,212992
50,18,15360,212992
50,24,16384,212992
50,49,16384,212992
25,37,2048,214016
25,20,3072,214016
25,20,4096,214016
25,61,4096,214016
25,18,10240,214016
25,55,11264,214016
25,20,12288,214016
25,40,12288,214016
25,39,13312,214016
25,40,13312,214016
25,18,14336,214016
25,24,15360,214016
25,49,15360,214016
25,50,16384,214016
37,20,1024,216064
37,20,2048,216064
37,61,2048,216064
37,18,8192,216064
37,55,9216,216064
37,20,10240,216064
37,40,10240,216064
37,39,11264,216064
37,40,11264,216064
37,18,12288,216064
37,24,13312,216064
37,49,13312,216064
37,50,14336,216064
37,20,15360,216064
20,20,1024,217088
20,61,1024,217088
20,18,7168,217088
20,55,8192,217088
20,20,9216,217088
20,40,9216,217088
20,39,10240,217088
20,40,10240,217088
20,18,11264,217088
20,24,12288,217088
20,49,12288,217088
20,50,13312,217088
20,20,14336,217088
20,56,15360,217088
20,61,0,218112
20,18,6144,218112
20,55,7168,218112
20,20,8192,218112
20,40,8192,218112
20,39,9216,218112
20,40,9216,218112
20,18,10240,218112
20,24,11264,218112
20,49,11264,218112
20,50,12288,218112
20,20,13312,218112
20,56,14336,218112
20,83,14336,218112
61,18,6144,218112
61,55,7168,218112
61,20,8192,218112
61,40,8192,218112
61,39,9216,218112
61,40,9216,218112
61,18,10240,218112
61,24,11264,218112
61,49,11264,218112
61,50,12288,218112
61,20,13312,218112
61,56,14336,218112
61,83,14336,218112
61,78,15360,218112
18,55,1024,224256
18,20,2048,224256
18,40,2048,224256
18,39,3072,224256
18,40,3072,224256
18,18,4096,224256
18,24,5120,224256
18,49,5120,224256
18,50,6144,224256
18,20,7168,224256
18,56,8192,224256
18,83,8192,224256
18,78,9216,224256
18,81,9216,224256
55,20,1024,225280
55,40,1024,225280
55,39,2048,225280
55,40,2048,225280
55,18,3072,225280
55,24,4096,225280
55,49,4096,225280
55,50,5120,225280
55,20,6144,225280
55,56,7168,225280
55,83,7168,225280
55,78,8192,225280
55,81,8192,225280
55,72,10240,225280
20,40,0,226304
20,39,1024,226304
20,40,1024,226304
20,18,2048,226304
20,24,3072,226304
20,49,3072,226304
20,50,4096,226304
20,20,5120,226304
20,56,6144,226304
20,83,6144,226304
20,78,7168,226304
20,81,7168,226304
20,72,9216,226304
20,96,9216,226304
40,39,1024,226304
40,40,1024,226304
40,18,2048,226304
40,24,3072,226304
40,49,3072,226304
40,50,4096,226304
40,20,5120,226304
40,56,6144,226304
40,83,6144,226304
40,78,7168,226304
40,81,7168,226304
40,72,9216,226304
40,96,9216,226304
40,22,11264,226304
39,40,0,227328
39,18,1024,227328
39,24,2048,227328
39,49,2048,227328
39,50,3072,227328
39,20,4096,227328
39,56,5120,227328
39,83,5120,227328
39,78,6144,227328
39,81,6144,227328
39,72,8192,227328
39,96,8192,227328
39,22,10240,227328
39,23,11264,227328
40,18,1024,227328
40,24,2048,227328
40,49,2048,227328
40,50,3072,227328
40,20,4096,227328
40,56,5120,227328
40,83,5120,227328
40,78,6144,227328
40,81,6144,227328
40,72,8192,227328
40,96,8192,227328
40,22,10240,227328
40,23,11264,227328
40,58,12288,227328
18,24,1024,228352
18,49,1024,228352
18,50,2048,228352
18,20,3072,228352
18,56,4096,228352
18,83,4096,228352
18,78,5120,228352
18,81,5120,228352
18,72,7168,228352
18,96,7168,228352
18,22,9216,228352
18,23,10240,228352
18,58,11264,228352
18,59,12288,228352
24,49,0,229376
24,50,1024,229376
24,20,2048,229376
24,56,3072,229376
24,83,3072,229376
24,78,4096,229376
24,81,4096,229376
24,72,6144,229376
24,96,6144,229376
24,22,8192,229376
24,23,9216,229376
24,58,10240,229376
24,59,11264,229376
24,60,12288,229376
49,50,1024,229376
49,20,2048,229376
49,56,3072,229376
49,83,3072,229376
49,78,4096,229376
49,81,4096,229376
49,72,6144,229376
49,96,6144,229376
49,22,8192,229376
49,23,9216,229376
49,58,10240,229376
49,59,11264,229376
49,60,12288,229376
49,55,13312,229376
50,20,1024,230400
50,56,2048,230400
50,83,2048,230400
50,78,3072,230400
50,81,3072,230400
50,72,5120,230400
50,96,5120,230400
50,22,7168,230400
50,23,8192,230400
50,58,9216,230400
50,59,10240,230400
50,60,11264,230400
50,55,12288,230400
50,83,12288,230400
20,56,1024,231424
20,83,1024,231424
20,78,2048,231424
20,81,2048,231424
20,72,4096,231424
20,96,4096,231424
20,22,6144,231424
20,23,7168,231424
20,58,8192,231424
20,59,9216,231424
20,60,10240,231424
20,55,11264,231424
20,83,11264,231424
20,50,14336,231424
56,83,0,232448
56,78,1024,232448
56,81,1024,232448
56,72,3072,232448
56,96,3072,232448
56,22,5120,232448
56,23,6144,232448
56,58,7168,232448
56,59,8192,232448
56,60,9216,232448
56,55,10240,232448
56,83,10240,232448
56,50,13312,232448
56,23,15360,232448
83,78,1024,232448
83,81,1024,232448
83,72,3072,232448
83,96,3072,232448
83,22,5120,232448
83,23,6144,232448
83,58,7168,232448
83,59,8192,232448
83,60,9216,232448
83,55,10240,232448
83,83,10240,232448
83,50,13312,232448
83,23,15360,232448
83,45,15360,232448
78,81,0,233472
78,72,2048,233472
78,96,2048,233472
78,22,4096,233472
78,23,5120,233472
78,58,6144,233472
78,59,7168,233472
78,60,8192,233472
78,55,9216,233472
78,83,9216,233472
78,50,12288,233472
78,23,14336,233472
78,45,14336,233472
78,25,15360,233472
81,72,2048,233472
81,96,2048,233472
81,22,4096,233472
81,23,5120,233472
81,58,6144,233472
81,59,7168,233472
81,60,8192,233472
81,55,9216,233472
81,83,9216,233472
81,50,12288,233472
81,23,14336,233472
81,45,14336,233472
81,25,15360,233472
81,50,15360,233472
72,96,0,235520
72,22,2048,235520
72,23,3072,235520
72,58,4096,235520
72,59,5120,235520
72,60,6144,235520
72,55,7168,235520
72,83,7168,235520
72,50,10240,235520
72,23,12288,235520
72,45,12288,235520
72,25,13312,235520
72,50,13312,235520
72,56,14336,235520
96,22,2048,235520
96,23,3072,235520
96,58,4096,235520
96,59,5120,235520
96,60,6144,235520
96,55,7168,235520
96,83,7168,235520
96,50,10240,235520
96,23,12288,235520
96,45,12288,235520
96,25,13312,235520
96,50,13312,235520
96,56,14336,235520
96,72,15360,235520
22,23,1024,237568
22,58,2048,237568
22,59,3072,237568
22,60,4096,237568
22,55,5120,237568
22,83,5120,237568
22,50,8192,237568
22,23,10240,237568
22,45,10240,237568
22,25,11264,237568
22,50,11264,237568
22,56,12288,237568
22,72,13312,237568
22,18,14336,237568
23,58,1024,238592
23,59,2048,238592
23,60,3072,238592
23,55,4096,238592
23,83,4096,238592
23,50,7168,238592
23,23,9216,238592
23,45,9216,238592
23,25,10240,238592
23,50,10240,238592
23,56,11264,238592
23,72,12288,238592
23,18,13312,238592
23,25,14336,238592
58,59,1024,239616
58,60,2048,239616
58,55,3072,239616
58,83,3072,239616
58,50,6144,239616
58,23,8192,239616
58,45,8192,239616
58,25,9216,239616
58,50,9216,239616
58,56,10240,239616
58,72,11264,239616
58,18,12288,239616
58,25,13312,239616
58,27,14336,239616
59,60,1024,240640
59,55,2048,240640
59,83,2048,240640
59,50,5120,240640
59,23,7168,240640
59,45,7168,240640
59,25,8192,240640
59,50,8192,240640
59,56,9216,240640
59,72,10240,240640
59,18,11264,240640
59,25,12288,240640
59,27,13312,240640
59,49,15360,240640
60,55,1024,241664
60,83,1024,241664
60,50,4096,241664
60,23,6144,241664
60,45,6144,241664
60,25,7168,241664
60,50,7168,241664
60,56,8192,241664
60,72,9216,241664
60,18,10240,241664
60,25,11264,241664
60,27,12288,241664
60,49,14336,241664
60,76,15360,241664
55,83,0,242688
55,50,3072,242688
55,23,5120,242688
55,45,5120,242688
55,25,6144,242688
55,50,6144,242688
55,56,7168,242688
55,72,8192,242688
55,18,9216,242688
55,25,10240,242688
55,27,11264,242688
55,49,13312,242688
55,76,14336,242688
55,55,15360,242688
83,50,3072,242688
83,23,5120,242688
83,45,5120,242688
83,25,6144,242688
83,50,6144,242688
83,56,7168,242688
83,72,8192,242688
83,18,9216,242688
83,25,10240,242688
83,27,11264,242688
83,49,13312,242688
83,76,14336,242688
83,55,15360,242688
83,82,15360,242688
50,23,2048,245760
50,45,2048,245760
50,25,3072,245760
50,50,3072,245760
50,56,4096,245760
50,72,5120,245760
50,18,6144,245760
50,25,7168,245760
50,27,8192,245760
50,49,10240,245760
50,76,11264,245760
50,55,12288,245760
50,82,12288,245760
50,23,13312,245760
23,45,0,247808
23,25,1024,247808
23,50,1024,247808
23,56,2048,247808
23,72,3072,247808
23,18,4096,247808
23,25,5120,247808
23,27,6144,247808
23,49,8192,247808
23,76,9216,247808
23,55,10240,247808
23,82,10240,247808
23,23,11264,247808
23,69,11264,247808
45,25,1024,247808
45,50,1024,247808
45,56,2048,247808
45,72,3072,247808
45,18,4096,247808
45,25,5120,247808
45,27,6144,247808
45,49,8192,247808
45,76,9216,247808
45,55,10240,247808
45,82,10240,247808
45,23,11264,247808
45,69,11264,247808
45,73,12288,247808
25,50,0,248832
25,56,1024,248832
25,72,2048,248832
25,18,3072,248832
25,25,4096,248832
25,27,5120,248832
25,49,7168,248832
25,76,8192,248832
25,55,9216,248832
25,82,9216,248832
25,23,10240,248832
25,69,10240,248832
25,73,11264,248832
25,18,12288,248832
50,56,1024,248832
50,72,2048,248832
50,18,3072,248832
50,25,4096,248832
50,27,5120,248832
50,49,7168,248832
50,76,8192,248832
50,55,9216,248832
50,82,9216,248832
50,23,10240,248832
50,69,10240,248832
50,73,11264,248832
50,18,12288,248832
50,62,12288,248832
56,72,1024,249856
56,18,2048,249856
56,25,3072,249856
56,27,4096,249856
56,49,6144,249856
56,76,7168,249856
56,55,8192,249856
56,82,8192,249856
56,23,9216,249856
56,69,9216,249856
56,73,10240,249856
56,18,11264,249856
56,62,11264,249856
56,20,12288,249856
72,18,1024,250880
72,25,2048,250880
72,27,3072,250880
72,49,5120,250880
72,76,6144,250880
72,55,7168,250880
72,82,7168,250880
72,23,8192,250880
72,69,8192,250880
72,73,9216,250880
72,18,10240,250880
72,62,10240,250880
72,20,11264,250880
72,18,18432,250880
18,25,1024,251904
18,27,2048,251904
18,49,4096,251904
18,76,5120,251904
18,55,6144,251904
18,82,6144,251904
18,23,7168,251904
18,69,7168,251904
18,73,8192,251904
18,18,9216,251904
18,62,9216,251904
18,20,10240,251904
18,18,17408,251904
25,27,1024,252928
25,49,3072,252928
25,76,4096,252928
25,55,5120,252928
25,82,5120,252928
25,23,6144,252928
25,69,6144,252928
25,73,7168,252928
25,18,8192,252928
25,62,8192,252928
25,20,9216,252928
25,18,16384,252928
27,49,2048,253952
27,76,3072,253952
27,55,4096,253952
27,82,4096,253952
27,23,5120,253952
27,69,5120,253952
27,73,6144,253952
27,18,7168,253952
27,62,7168,253952
27,20,8192,253952
27,18,15360,253952
49,76,1024,256000
49,55,2048,256000
49,82,2048,256000
49,23,3072,256000
49,69,3072,256000
49,73,4096,256000
49,18,5120,256000
49,62,5120,256000
49,20,6144,256000
49,18,13312,256000
76,55,1024,257024
76,82,1024,257024
76,23,2048,257024
76,69,2048,257024
76,73,3072,257024
76,18,4096,257024
76,62,4096,257024
76,20,5120,257024
76,18,12288,257024
55,82,0,258048
55,23,1024,258048
55,69,1024,258048
55,73,2048,258048
55,18,3072,258048
55,62,3072,258048
55,20,4096,258048
55,18,11264,258048
55,21,20480,258048
55,64,20480,258048
82,23,1024,258048
82,69,1024,258048
82,73,2048,258048
82,18,3072,258048
82,62,3072,258048
82,20,4096,258048
82,18,11264,258048
82,21,20480,258048
82,64,20480,258048
23,69,0,259072
23,73,1024,259072
23,18,2048,259072
23,62,2048,259072
23,20,3072,259072
23,18,10240,259072
23,21,19456,259072
23,64,19456,259072
23,19,20480,259072
69,73,1024,259072
69,18,2048,259072
69,62,2048,259072
69,20,3072,259072
69,18,10240,259072
69,21,19456,259072
69,64,19456,259072
69,19,20480,259072
73,18,1024,260096
73,62,1024,260096
73,20,2048,260096
73,18,9216,260096
73,21,18432,260096
73,64,18432,260096
73,19,19456,260096
73,26,20480,260096
73,51,20480,260096
18,62,0,261120
18,20,1024,261120
18,18,8192,261120
18,21,17408,261120
18,64,17408,261120
18,19,18432,261120
18,26,19456,261120
18,51,19456,261120
18,26,20480,261120
62,20,1024,261120
62,18,8192,261120
62,21,17408,261120
62,64,17408,261120
62,19,18432,261120
62,26,19456,261120
62,51,19456,261120
62,26,20480,261120
20,18,7168,262144
20,21,16384,262144
20,64,16384,262144
20,19,17408,262144
20,26,18432,262144
20,51,18432,262144
20,26,19456,262144
18,21,9216,269312
18,64,9216,269312
18,19,10240,269312
18,26,11264,269312
18,51,11264,269312
18,26,12288,269312
18,24,14336,269312
18,49,14336,269312
18,18,15360,269312
18,75,15360,269312
18,55,16384,269312
18,83,16384,269312
18,25,17408,269312
18,51,17408,269312
21,64,0,278528
21,19,1024,278528
21,26,2048,278528
21,51,2048,278528
21,26,3072,278528
21,24,5120,278528
21,49,5120,278528
21,18,6144,278528
21,75,6144,278528
21,55,7168,278528
21,83,7168,278528
21,25,8192,278528
21,51,8192,278528
21,75,9216,278528
64,19,1024,278528
64,26,2048,278528
64,51,2048,278528
64,26,3072,278528
64,24,5120,278528
64,49,5120,278528
64,18,6144,278528
64,75,6144,278528
64,55,7168,278528
64,83,7168,278528
64,25,8192,278528
64,51,8192,278528
64,75,9216,278528
64,44,10240,278528
19,26,1024,279552
19,51,1024,279552
19,26,2048,279552
19,24,4096,279552
19,49,4096,279552
19,18,5120,279552
19,75,5120,279552
19,55,6144,279552
19,83,6144,279552
19,25,7168,279552
19,51,7168,279552
19,75,8192,279552
19,44,9216,279552
19,22,13312,279552
26,51,0,280576
26,26,1024,280576
26,24,3072,280576
26,49,3072,280576
26,18,4096,280576
26,75,4096,280576
26,55,5120,280576
26,83,5120,280576
26,25,6144,280576
26,51,6144,280576
26,75,7168,280576
26,44,8192,280576
26,22,12288,280576
26,65,12288,280576
51,26,1024,280576
51,24,3072,280576
51,49,3072,280576
51,18,4096,280576
51,75,4096,280576
51,55,5120,280576
51,83,5120,280576
51,25,6144,280576
51,51,6144,280576
51,75,7168,280576
51,44,8192,280576
51,22,12288,280576
51,65,12288,280576
51,23,14336,280576
26,24,2048,281600
26,49,2048,281600
26,18,3072,281600
26,75,3072,281600
26,55,4096,281600
26,83,4096,281600
26,25,5120,281600
26,51,5120,281600
26,75,6144,281600
26,44,7168,281600
26,22,11264,281600
26,65,11264,281600
26,23,13312,281600
26,28,16384,281600
24,49,0,283648
24,18,1024,283648
24,75,1024,283648
24,55,2048,283648
24,83,2048,283648
24,25,3072,283648
24,51,3072,283648
24,75,4096,283648
24,44,5120,283648
24,22,9216,283648
24,65,9216,283648
24,23,11264,283648
24,28,14336,283648
24,57,14336,283648
49,18,1024,283648
49,75,1024,283648
49,55,2048,283648
49,83,2048,283648
49,25,3072,283648
49,51,3072,283648
49,75,4096,283648
49,44,5120,283648
49,22,9216,283648
49,65,9216,283648
49,23,11264,283648
49,28,14336,283648
49,57,14336,283648
49,31,15360,283648
18,75,0,284672
18,55,1024,284672
18,83,1024,284672
18,25,2048,284672
18,51,2048,284672
18,75,3072,284672
18,44,4096,284672
18,22,8192,284672
18,65,8192,284672
18,23,10240,284672
18,28,13312,284672
18,57,13312,284672
18,31,14336,284672
18,30,16384,284672
75,55,1024,284672
75,83,1024,284672
75,25,2048,284672
75,51,2048,284672
75,75,3072,284672
75,44,4096,284672
75,22,8192,284672
75,65,8192,284672
75,23,10240,284672
75,28,13312,284672
75,57,13312,284672
75,31,14336,284672
75,30,16384,284672
75,24,17408,284672
55,83,0,285696
55,25,1024,285696
55,51,1024,285696
55,75,2048,285696
55,44,3072,285696
55,22,7168,285696
55,65,7168,285696
55,23,9216,285696
55,28,12288,285696
55,57,12288,285696
55,31,13312,285696
55,30,15360,285696
55,24,16384,285696
55,21,17408,285696
83,25,1024,285696
83,51,1024,285696
83,75,2048,285696
83,44,3072,285696
83,22,7168,285696
83,65,7168,285696
83,23,9216,285696
83,28,12288,285696
83,57,12288,285696
83,31,13312,285696
83,30,15360,285696
83,24,16384,285696
83,21,17408,285696
83,20,18432,285696
25,51,0,286720
25,75,1024,286720
25,44,2048,286720
25,22,6144,286720
25,65,6144,286720
25,23,8192,286720
25,28,11264,286720
25,57,11264,286720
25,31,12288,286720
25,30,14336,286720
25,24,15360,286720
25,21,16384,286720
25,20,17408,286720
25,65,19456,286720
51,75,1024,286720
51,44,2048,286720
51,22,6144,286720
51,65,6144,286720
51,23,8192,286720
51,28,11264,286720
51,57,11264,286720
51,31,12288,286720
51,30,14336,286720
51,24,15360,286720
51,21,16384,286720
51,20,17408,286720
51,65,19456,286720
51,63,20480,286720
75,44,1024,287744
75,22,5120,287744
75,65,5120,287744
75,23,7168,287744
75,28,10240,287744
75,57,10240,287744
75,31,11264,287744
75,30,13312,287744
75,24,14336,287744
75,21,15360,287744
75,20,16384,287744
75,65,18432,287744
75,63,19456,287744
44,22,4096,288768
44,65,4096,288768
44,23,6144,288768
44,28,9216,288768
44,57,9216,288768
44,31,10240,288768
44,30,12288,288768
44,24,13312,288768
44,21,14336,288768
44,20,15360,288768
44,65,17408,288768
44,63,18432,288768
22,65,0,292864
22,23,2048,292864
22,28,5120,292864
22,57,5120,292864
22,31,6144,292864
22,30,8192,292864
22,24,9216,292864
22,21,10240,292864
22,20,11264,292864
22,65,13312,292864
22,63,14336,292864
22,48,17408,292864
22,20,18432,292864
22,57,19456,292864
65,23,2048,292864
65,28,5120,292864
65,57,5120,292864
65,31,6144,292864
65,30,8192,292864
65,24,9216,292864
65,21,10240,292864
65,20,11264,292864
65,65,13312,292864
65,63,14336,292864
65,48,17408,292864
65,20,18432,292864
65,57,19456,292864
65,60,20480,292864
23,28,3072,294912
23,57,3072,294912
23,31,4096,294912
23,30,6144,294912
23,24,7168,294912
23,21,8192,294912
23,20,9216,294912
23,65,11264,294912
23,63,12288,294912
23,48,15360,294912
23,20,16384,294912
23,57,17408,294912
23,60,18432,294912
23,61,19456,294912
28,57,0,297984
28,31,1024,297984
28,30,3072,297984
28,24,4096,297984
28,21,5120,297984
28,20,6144,297984
28,65,8192,297984
28,63,9216,297984
28,48,12288,297984
28,20,13312,297984
28,57,14336,297984
28,60,15360,297984
28,61,16384,297984
28,28,18432,297984
57,31,1024,297984
57,30,3072,297984
57,24,4096,297984
57,21,5120,297984
57,20,6144,297984
57,65,8192,297984
57,63,9216,297984
57,48,12288,297984
57,20,13312,297984
57,57,14336,297984
57,60,15360,297984
57,61,16384,297984
57,28,18432,297984
57,24,20480,297984
31,30,2048,299008
31,24,3072,299008
31,21,4096,299008
31,20,5120,299008
31,65,7168,299008
31,63,8192,299008
31,48,11264,299008
31,20,12288,299008
31,57,13312,299008
31,60,14336,299008
31,61,15360,299008
31,28,17408,299008
31,24,19456,299008
31,48,19456,299008
30,24,1024,301056
30,21,2048,301056
30,20,3072,301056
30,65,5120,301056
30,63,6144,301056
30,48,9216,301056
30,20,10240,301056
30,57,11264,301056
30,60,12288,301056
30,61,13312,301056
30,28,15360,301056
30,24,17408,301056
30,48,17408,301056
30,53,18432,301056
24,21,1024,302080
24,20,2048,302080
24,65,4096,302080
24,63,5120,302080
24,48,8192,302080
24,20,9216,302080
24,57,10240,302080
24,60,11264,302080
24,61,12288,302080
24,28,14336,302080
24,24,16384,302080
24,48,16384,302080
24,53,17408,302080
24,82,20480,302080
21,20,1024,303104
21,65,3072,303104
21,63,4096,303104
21,48,7168,303104
21,20,8192,303104
21,57,9216,303104
21,60,10240,303104
21,61,11264,303104
21,28,13312,303104
21,24,15360,303104
21,48,15360,303104
21,53,16384,303104
21,82,19456,303104
21,88,20480,303104
20,65,2048,304128
20,63,3072,304128
20,48,6144,304128
20,20,7168,304128
20,57,8192,304128
20,60,9216,304128
20,61,10240,304128
20,28,12288,304128
20,24,14336,304128
20,48,14336,304128
20,53,15360,304128
20,82,18432,304128
20,88,19456,304128
65,63,1024,306176
65,48,4096,306176
65,20,5120,306176
65,57,6144,306176
65,60,7168,306176
65,61,8192,306176
65,28,10240,306176
65,24,12288,306176
65,48,12288,306176
65,53,13312,306176
65,82,16384,306176
65,88,17408,306176
65,25,19456,306176
65,22,20480,306176
63,48,3072,307200
63,20,4096,307200
63,57,5120,307200
63,60,6144,307200
63,61,7168,307200
63,28,9216,307200
63,24,11264,307200
63,48,11264,307200
63,53,12288,307200
63,82,15360,307200
63,88,16384,307200
63,25,18432,307200
63,22,19456,307200
48,20,1024,310272
48,57,2048,310272
48,60,3072,310272
48,61,4096,310272
48,28,6144,310272
48,24,8192,310272
48,48,8192,310272
48,53,9216,310272
48,82,12288,310272
48,88,13312,310272
48,25,15360,310272
48,22,16384,310272
20,57,1024,311296
20,60,2048,311296
20,61,3072,311296
20,28,5120,311296
20,24,7168,311296
20,48,7168,311296
20,53,8192,311296
20,82,11264,311296
20,88,12288,311296
20,25,14336,311296
20,22,15360,311296
57,60,1024,312320
57,61,2048,312320
57,28,4096,312320
57,24,6144,312320
57,48,6144,312320
57,53,7168,312320
57,82,10240,312320
57,88,11264,312320
57,25,13312,312320
57,22,14336,312320
60,61,1024,313344
60,28,3072,313344
60,24,5120,313344
60,48,5120,313344
60,53,6144,313344
60,82,9216,313344
60,88,10240,313344
60,25,12288,313344
60,22,13312,313344
60,23,20480,313344
61,28,2048,314368
61,24,4096,314368
61,48,4096,314368
61,53,5120,314368
61,82,8192,314368
61,88,9216,314368
61,25,11264,314368
61,22,12288,314368
61,23,19456,314368
61,24,20480,314368
61,47,20480,314368
28,24,2048,316416
28,48,2048,316416
28,53,3072,316416
28,82,6144,316416
28,88,7168,316416
28,25,9216,316416
28,22,10240,316416
28,23,17408,316416
28,24,18432,316416
28,47,18432,316416
24,48,0,318464
24,53,1024,318464
24,82,4096,318464
24,88,5120,318464
24,25,7168,318464
24,22,8192,318464
24,23,15360,318464
24,24,16384,318464
24,47,16384,318464
48,53,1024,318464
48,82,4096,318464
48,88,5120,318464
48,25,7168,318464
48,22,8192,318464
48,23,15360,318464
48,24,16384,318464
48,47,16384,318464
53,82,3072,319488
53,88,4096,319488
53,25,6144,319488
53,22,7168,319488
53,23,14336,319488
53,24,15360,319488
53,47,15360,319488
82,88,1024,322560
82,25,3072,322560
82,22,4096,322560
82,23,11264,322560
82,24,12288,322560
82,47,12288,322560
88,25,2048,323584
88,22,3072,323584
88,23,10240,323584
88,24,11264,323584
88,47,11264,323584
25,22,1024,325632
25,23,8192,325632
25,24,9216,325632
25,47,9216,325632
22,23,7168,326656
22,24,8192,326656
22,47,8192,326656
23,24,1024,333824
23,47,1024,333824
24,47,0,334848
