101,101,7168,2048
101,170,9216,2048
101,18,11264,2048
101,19,12288,2048
101,21,13312,2048
101,169,14336,2048
101,169,15360,2048
101,142,17408,2048
101,20,18432,2048
101,95,20480,2048
101,170,2048,9216
101,18,4096,9216
101,19,5120,9216
101,21,6144,9216
101,169,7168,9216
101,169,8192,9216
101,142,10240,9216
101,20,11264,9216
101,95,13312,9216
101,169,15360,9216
101,22,17408,9216
101,102,19456,9216
170,18,2048,11264
170,19,3072,11264
170,21,4096,11264
170,169,5120,11264
170,169,6144,11264
170,142,8192,11264
170,20,9216,11264
170,95,11264,11264
170,169,13312,11264
170,22,15360,11264
170,102,17408,11264
170,171,19456,11264
170,227,20480,11264
18,19,1024,13312
18,21,2048,13312
18,169,3072,13312
18,169,4096,13312
18,142,6144,13312
18,20,7168,13312
18,95,9216,13312
18,169,11264,13312
18,22,13312,13312
18,102,15360,13312
18,171,17408,13312
18,227,18432,13312
18,170,19456,13312
19,21,1024,14336
19,169,2048,14336
19,169,3072,14336
19,142,5120,14336
19,20,6144,14336
19,95,8192,14336
19,169,10240,14336
19,22,12288,14336
19,102,14336,14336
19,171,16384,14336
19,227,17408,14336
19,170,18432,14336
19,20,20480,14336
21,169,1024,15360
21,169,2048,15360
21,142,4096,15360
21,20,5120,15360
21,95,7168,15360
21,169,9216,15360
21,22,11264,15360
21,102,13312,15360
21,171,15360,15360
21,227,16384,15360
21,170,17408,15360
21,20,19456,15360
21,19,20480,15360
169,169,1024,16384
169,142,3072,16384
169,20,4096,16384
169,95,6144,16384
169,169,8192,16384
169,22,10240,16384
169,102,12288,16384
169,171,14336,16384
169,227,15360,16384
169,170,16384,16384
169,20,18432,16384
169,19,19456,16384
169,169,20480,16384
169,142,2048,17408
169,20,3072,17408
169,95,5120,17408
169,169,7168,17408
169,22,9216,17408
169,102,11264,17408
169,171,13312,17408
169,227,14336,17408
169,170,15360,17408
169,20,17408,17408
169,19,18432,17408
169,169,19456,17408
142,20,1024,19456
142,95,3072,19456
142,169,5120,19456
142,22,7168,19456
142,102,9216,19456
142,171,11264,19456
142,227,12288,19456
142,170,13312,19456
142,20,15360,19456
142,19,16384,19456
142,169,17408,19456
142,143,19456,19456
142,115,20480,19456
20,95,2048,20480
20,169,4096,20480
20,22,6144,20480
20,102,8192,20480
20,171,10240,20480
20,227,11264,20480
20,170,12288,20480
20,20,14336,20480
20,19,15360,20480
20,169,16384,20480
20,143,18432,20480
20,115,19456,20480
95,169,2048,22528
95,22,4096,22528
95,102,6144,22528
95,171,8192,22528
95,227,9216,22528
95,170,10240,22528
95,20,12288,22528
95,19,13312,22528
95,169,14336,22528
95,143,16384,22528
95,115,17408,22528
95,18,20480,22528
169,22,2048,24576
169,102,4096,24576
169,171,6144,24576
169,227,7168,24576
169,170,8192,24576
169,20,10240,24576
169,19,11264,24576
169,169,12288,24576
169,143,14336,24576
169,115,15360,24576
169,18,18432,24576
169,121,19456,24576
169,121,20480,24576
22,102,2048,26624
22,171,4096,26624
22,227,5120,26624
22,170,6144,26624
22,20,8192,26624
22,19,9216,26624
22,169,10240,26624
22,143,12288,26624
22,115,13312,26624
22,18,16384,26624
22,121,17408,26624
22,121,18432,26624
102,171,2048,28672
102,227,3072,28672
102,170,4096,28672
102,20,6144,28672
102,19,7168,28672
102,169,8192,28672
102,143,10240,28672
102,115,11264,28672
102,18,14336,28672
102,121,15360,28672
102,121,16384,28672
102,102,19456,28672
171,227,1024,30720
171,170,2048,30720
171,20,4096,30720
171,19,5120,30720
171,169,6144,30720
171,143,8192,30720
171,115,9216,30720
171,18,12288,30720
171,121,13312,30720
171,121,14336,30720
171,102,17408,30720
171,114,19456,30720
171,96,20480,30720
227,170,1024,31744
227,20,3072,31744
227,19,4096,31744
227,169,5120,31744
227,143,7168,31744
227,115,8192,31744
227,18,11264,31744
227,121,12288,31744
227,121,13312,31744
227,102,16384,31744
227,114,18432,31744
227,96,19456,31744
227,16,20480,31744
170,20,2048,32768
170,19,3072,32768
170,169,4096,32768
170,143,6144,32768
170,115,7168,32768
170,18,10240,32768
170,121,11264,32768
170,121,12288,32768
170,102,15360,32768
170,114,17408,32768
170,96,18432,32768
170,16,19456,32768
170,40,20480,32768
20,19,1024,34816
20,169,2048,34816
20,143,4096,34816
20,115,5120,34816
20,18,8192,34816
20,121,9216,34816
20,121,10240,34816
20,102,13312,34816
20,114,15360,34816
20,96,16384,34816
20,16,17408,34816
20,40,18432,34816
20,22,19456,34816
19,169,1024,35840
19,143,3072,35840
19,115,4096,35840
19,18,7168,35840
19,121,8192,35840
19,121,9216,35840
19,102,12288,35840
19,114,14336,35840
19,96,15360,35840
19,16,16384,35840
19,40,17408,35840
19,22,18432,35840
19,96,20480,35840
169,143,2048,36864
169,115,3072,36864
169,18,6144,36864
169,121,7168,36864
169,121,8192,36864
169,102,11264,36864
169,114,13312,36864
169,96,14336,36864
169,16,15360,36864
169,40,16384,36864
169,22,17408,36864
169,96,19456,36864
169,40,20480,36864
143,115,1024,38912
143,18,4096,38912
143,121,5120,38912
143,121,6144,38912
143,102,9216,38912
143,114,11264,38912
143,96,12288,38912
143,16,13312,38912
143,40,14336,38912
143,22,15360,38912
143,96,17408,38912
143,40,18432,38912
115,18,3072,39936
115,121,4096,39936
115,121,5120,39936
115,102,8192,39936
115,114,10240,39936
115,96,11264,39936
115,16,12288,39936
115,40,13312,39936
115,22,14336,39936
115,96,16384,39936
115,40,17408,39936
115,19,20480,39936
18,121,1024,43008
18,121,2048,43008
18,102,5120,43008
18,114,7168,43008
18,96,8192,43008
18,16,9216,43008
18,40,10240,43008
18,22,11264,43008
18,96,13312,43008
18,40,14336,43008
18,19,17408,43008
121,121,1024,44032
121,102,4096,44032
121,114,6144,44032
121,96,7168,44032
121,16,8192,44032
121,40,9216,44032
121,22,10240,44032
121,96,12288,44032
121,40,13312,44032
121,19,16384,44032
121,21,20480,44032
121,102,3072,45056
121,114,5120,45056
121,96,6144,45056
121,16,7168,45056
121,40,8192,45056
121,22,9216,45056
121,96,11264,45056
121,40,12288,45056
121,19,15360,45056
121,21,19456,45056
121,19,20480,45056
102,114,2048,48128
102,96,3072,48128
102,16,4096,48128
102,40,5120,48128
102,22,6144,48128
102,96,8192,48128
102,40,9216,48128
102,19,12288,48128
102,21,16384,48128
102,19,17408,48128
102,20,18432,48128
102,107,19456,48128
102,120,20480,48128
114,96,1024,50176
114,16,2048,50176
114,40,3072,50176
114,22,4096,50176
114,96,6144,50176
114,40,7168,50176
114,19,10240,50176
114,21,14336,50176
114,19,15360,50176
114,20,16384,50176
114,107,17408,50176
114,120,18432,50176
96,16,1024,51200
96,40,2048,51200
96,22,3072,51200
96,96,5120,51200
96,40,6144,51200
96,19,9216,51200
96,21,13312,51200
96,19,14336,51200
96,20,15360,51200
96,107,16384,51200
96,120,17408,51200
96,120,20480,51200
16,40,1024,52224
16,22,2048,52224
16,96,4096,52224
16,40,5120,52224
16,19,8192,52224
16,21,12288,52224
16,19,13312,52224
16,20,14336,52224
16,107,15360,52224
16,120,16384,52224
16,120,19456,52224
40,22,1024,53248
40,96,3072,53248
40,40,4096,53248
40,19,7168,53248
40,21,11264,53248
40,19,12288,53248
40,20,13312,53248
40,107,14336,53248
40,120,15360,53248
40,120,18432,53248
40,121,20480,53248
22,96,2048,54272
22,40,3072,54272
22,19,6144,54272
22,21,10240,54272
22,19,11264,54272
22,20,12288,54272
22,107,13312,54272
22,120,14336,54272
22,120,17408,54272
22,121,19456,54272
22,121,20480,54272
96,40,1024,56320
96,19,4096,56320
96,21,8192,56320
96,19,9216,56320
96,20,10240,56320
96,107,11264,56320
96,120,12288,56320
96,120,15360,56320
96,121,17408,56320
96,121,18432,56320
40,19,3072,57344
40,21,7168,57344
40,19,8192,57344
40,20,9216,57344
40,107,10240,57344
40,120,11264,57344
40,120,14336,57344
40,121,16384,57344
40,121,17408,57344
19,21,4096,60416
19,19,5120,60416
19,20,6144,60416
19,107,7168,60416
19,120,8192,60416
19,120,11264,60416
19,121,13312,60416
19,121,14336,60416
19,121,20480,60416
21,19,1024,64512
21,20,2048,64512
21,107,3072,64512
21,120,4096,64512
21,120,7168,64512
21,121,9216,64512
21,121,10240,64512
21,121,16384,64512
21,121,17408,64512
21,109,19456,64512
21,104,20480,64512
19,20,1024,65536
19,107,2048,65536
19,120,3072,65536
19,120,6144,65536
19,121,8192,65536
19,121,9216,65536
19,121,15360,65536
19,121,16384,65536
19,109,18432,65536
19,104,19456,65536
19,110,20480,65536
20,107,1024,66560
20,120,2048,66560
20,120,5120,66560
20,121,7168,66560
20,121,8192,66560
20,121,14336,66560
20,121,15360,66560
20,109,17408,66560
20,104,18432,66560
20,110,19456,66560
20,114,20480,66560
107,120,1024,67584
107,120,4096,67584
107,121,6144,67584
107,121,7168,67584
107,121,13312,67584
107,121,14336,67584
107,109,16384,67584
107,104,17408,67584
107,110,18432,67584
107,114,19456,67584
120,120,3072,68608
120,121,5120,68608
120,121,6144,68608
120,121,12288,68608
120,121,13312,68608
120,109,15360,68608
120,104,16384,68608
120,110,17408,68608
120,114,18432,68608
120,20,20480,68608
120,121,2048,71680
120,121,3072,71680
120,121,9216,71680
120,121,10240,71680
120,109,12288,71680
120,104,13312,71680
120,110,14336,71680
120,114,15360,71680
120,20,17408,71680
121,121,1024,73728
121,121,7168,73728
121,121,8192,73728
121,109,10240,73728
121,104,11264,73728
121,110,12288,73728
121,114,13312,73728
121,20,15360,73728
121,20,19456,73728
121,121,6144,74752
121,121,7168,74752
121,109,9216,74752
121,104,10240,74752
121,110,11264,74752
121,114,12288,74752
121,20,14336,74752
121,20,18432,74752
121,18,20480,74752
121,121,1024,80896
121,109,3072,80896
121,104,4096,80896
121,110,5120,80896
121,114,6144,80896
121,20,8192,80896
121,20,12288,80896
121,18,14336,80896
121,12,19456,80896
121,240,20480,80896
121,109,2048,81920
121,104,3072,81920
121,110,4096,81920
121,114,5120,81920
121,20,7168,81920
121,20,11264,81920
121,18,13312,81920
121,12,18432,81920
121,240,19456,81920
121,18,20480,81920
109,104,1024,83968
109,110,2048,83968
109,114,3072,83968
109,20,5120,83968
109,20,9216,83968
109,18,11264,83968
109,12,16384,83968
109,240,17408,83968
109,18,18432,83968
109,242,19456,83968
109,110,20480,83968
104,110,1024,84992
104,114,2048,84992
104,20,4096,84992
104,20,8192,84992
104,18,10240,84992
104,12,15360,84992
104,240,16384,84992
104,18,17408,84992
104,242,18432,84992
104,110,19456,84992
104,242,20480,84992
110,114,1024,86016
110,20,3072,86016
110,20,7168,86016
110,18,9216,86016
110,12,14336,86016
110,240,15360,86016
110,18,16384,86016
110,242,17408,86016
110,110,18432,86016
110,242,19456,86016
114,20,2048,87040
114,20,6144,87040
114,18,8192,87040
114,12,13312,87040
114,240,14336,87040
114,18,15360,87040
114,242,16384,87040
114,110,17408,87040
114,242,18432,87040
20,20,4096,89088
20,18,6144,89088
20,12,11264,89088
20,240,12288,89088
20,18,13312,89088
20,242,14336,89088
20,110,15360,89088
20,242,16384,89088
20,18,2048,93184
20,12,7168,93184
20,240,8192,93184
20,18,9216,93184
20,242,10240,93184
20,110,11264,93184
20,242,12288,93184
20,169,17408,93184
20,20,18432,93184
20,87,19456,93184
20,19,20480,93184
18,12,5120,95232
18,240,6144,95232
18,18,7168,95232
18,242,8192,95232
18,110,9216,95232
18,242,10240,95232
18,169,15360,95232
18,20,16384,95232
18,87,17408,95232
18,19,18432,95232
18,171,20480,95232
12,240,1024,100352
12,18,2048,100352
12,242,3072,100352
12,110,4096,100352
12,242,5120,100352
12,169,10240,100352
12,20,11264,100352
12,87,12288,100352
12,19,13312,100352
12,171,15360,100352
12,171,16384,100352
12,171,20480,100352
240,18,1024,101376
240,242,2048,101376
240,110,3072,101376
240,242,4096,101376
240,169,9216,101376
240,20,10240,101376
240,87,11264,101376
240,19,12288,101376
240,171,14336,101376
240,171,15360,101376
240,171,19456,101376
18,242,1024,102400
18,110,2048,102400
18,242,3072,102400
18,169,8192,102400
18,20,9216,102400
18,87,10240,102400
18,19,11264,102400
18,171,13312,102400
18,171,14336,102400
18,171,18432,102400
18,18,20480,102400
242,110,1024,103424
242,242,2048,103424
242,169,7168,103424
242,20,8192,103424
242,87,9216,103424
242,19,10240,103424
242,171,12288,103424
242,171,13312,103424
242,171,17408,103424
242,18,19456,103424
242,17,20480,103424
110,242,1024,104448
110,169,6144,104448
110,20,7168,104448
110,87,8192,104448
110,19,9216,104448
110,171,11264,104448
110,171,12288,104448
110,171,16384,104448
110,18,18432,104448
110,17,19456,104448
242,169,5120,105472
242,20,6144,105472
242,87,7168,105472
242,19,8192,105472
242,171,10240,105472
242,171,11264,105472
242,171,15360,105472
242,18,17408,105472
242,17,18432,105472
169,20,1024,110592
169,87,2048,110592
169,19,3072,110592
169,171,5120,110592
169,171,6144,110592
169,171,10240,110592
169,18,12288,110592
169,17,13312,110592
20,87,1024,111616
20,19,2048,111616
20,171,4096,111616
20,171,5120,111616
20,171,9216,111616
20,18,11264,111616
20,17,12288,111616
20,18,20480,111616
87,19,1024,112640
87,171,3072,112640
87,171,4096,112640
87,171,8192,112640
87,18,10240,112640
87,17,11264,112640
87,18,19456,112640
19,171,2048,113664
19,171,3072,113664
19,171,7168,113664
19,18,9216,113664
19,17,10240,113664
19,18,18432,113664
19,12,20480,113664
171,171,1024,115712
171,171,5120,115712
171,18,7168,115712
171,17,8192,115712
171,18,16384,115712
171,12,18432,115712
171,12,19456,115712
171,171,4096,116736
171,18,6144,116736
171,17,7168,116736
171,18,15360,116736
171,12,17408,116736
171,12,18432,116736
171,18,2048,120832
171,17,3072,120832
171,18,11264,120832
171,12,13312,120832
171,12,14336,120832
171,21,20480,120832
18,17,1024,122880
18,18,9216,122880
18,12,11264,122880
18,12,12288,122880
18,21,18432,122880
18,103,20480,122880
17,18,8192,123904
17,12,10240,123904
17,12,11264,123904
17,21,17408,123904
17,103,19456,123904
18,12,2048,132096
18,12,3072,132096
18,21,9216,132096
18,103,11264,132096
18,18,13312,132096
18,22,16384,132096
18,19,19456,132096
12,12,1024,134144
12,21,7168,134144
12,103,9216,134144
12,18,11264,134144
12,22,14336,134144
12,19,17408,134144
12,17,19456,134144
12,21,6144,135168
12,103,8192,135168
12,18,10240,135168
12,22,13312,135168
12,19,16384,135168
12,17,18432,135168
12,102,20480,135168
21,103,2048,141312
21,18,4096,141312
21,22,7168,141312
21,19,10240,141312
21,17,12288,141312
21,102,14336,141312
21,116,15360,141312
103,18,2048,143360
103,22,5120,143360
103,19,8192,143360
103,17,10240,143360
103,102,12288,143360
103,116,13312,143360
18,22,3072,145408
18,19,6144,145408
18,17,8192,145408
18,102,10240,145408
18,116,11264,145408
22,19,3072,148480
22,17,5120,148480
22,102,7168,148480
22,116,8192,148480
19,17,2048,151552
19,102,4096,151552
19,116,5120,151552
17,102,2048,153600
17,116,3072,153600
102,116,1024,155648
