12,12,8192,5120
12,14,9216,5120
12,14,11264,5120
12,13,16384,5120
12,13,19456,5120
12,14,1024,13312
12,14,3072,13312
12,13,8192,13312
12,13,11264,13312
12,12,13312,13312
12,12,14336,13312
12,12,16384,13312
12,12,17408,13312
14,14,2048,14336
14,13,7168,14336
14,13,10240,14336
14,12,12288,14336
14,12,13312,14336
14,12,15360,14336
14,12,16384,14336
14,13,20480,14336
14,13,5120,16384
14,13,8192,16384
14,12,10240,16384
14,12,11264,16384
14,12,13312,16384
14,12,14336,16384
14,13,18432,16384
14,14,19456,16384
14,12,20480,16384
13,13,3072,21504
13,12,5120,21504
13,12,6144,21504
13,12,8192,21504
13,12,9216,21504
13,13,13312,21504
13,14,14336,21504
13,12,15360,21504
13,14,16384,21504
13,13,18432,21504
13,14,19456,21504
13,12,20480,21504
13,12,2048,24576
13,12,3072,24576
13,12,5120,24576
13,12,6144,24576
13,13,10240,24576
13,14,11264,24576
13,12,12288,24576
13,14,13312,24576
13,13,15360,24576
13,14,16384,24576
13,12,17408,24576
13,13,18432,24576
12,12,1024,26624
12,12,3072,26624
12,12,4096,26624
12,13,8192,26624
12,14,9216,26624
12,12,10240,26624
12,14,11264,26624
12,13,13312,26624
12,14,14336,26624
12,12,15360,26624
12,13,16384,26624
12,162,19456,26624
12,12,2048,27648
12,12,3072,27648
12,13,7168,27648
12,14,8192,27648
12,12,9216,27648
12,14,10240,27648
12,13,12288,27648
12,14,13312,27648
12,12,14336,27648
12,13,15360,27648
12,162,18432,27648
12,12,20480,27648
12,12,1024,29696
12,13,5120,29696
12,14,6144,29696
12,12,7168,29696
12,14,8192,29696
12,13,10240,29696
12,14,11264,29696
12,12,12288,29696
12,13,13312,29696
12,162,16384,29696
12,12,18432,29696
12,162,20480,29696
12,13,4096,30720
12,14,5120,30720
12,12,6144,30720
12,14,7168,30720
12,13,9216,30720
12,14,10240,30720
12,12,11264,30720
12,13,12288,30720
12,162,15360,30720
12,12,17408,30720
12,162,19456,30720
12,12,20480,30720
13,14,1024,34816
13,12,2048,34816
13,14,3072,34816
13,13,5120,34816
13,14,6144,34816
13,12,7168,34816
13,13,8192,34816
13,162,11264,34816
13,12,13312,34816
13,162,15360,34816
13,12,16384,34816
13,12,17408,34816
13,20,18432,34816
14,12,1024,35840
14,14,2048,35840
14,13,4096,35840
14,14,5120,35840
14,12,6144,35840
14,13,7168,35840
14,162,10240,35840
14,12,12288,35840
14,162,14336,35840
14,12,15360,35840
14,12,16384,35840
14,20,17408,35840
12,14,1024,36864
12,13,3072,36864
12,14,4096,36864
12,12,5120,36864
12,13,6144,36864
12,162,9216,36864
12,12,11264,36864
12,162,13312,36864
12,12,14336,36864
12,12,15360,36864
12,20,16384,36864
12,14,20480,36864
14,13,2048,37888
14,14,3072,37888
14,12,4096,37888
14,13,5120,37888
14,162,8192,37888
14,12,10240,37888
14,162,12288,37888
14,12,13312,37888
14,12,14336,37888
14,20,15360,37888
14,14,19456,37888
13,14,1024,39936
13,12,2048,39936
13,13,3072,39936
13,162,6144,39936
13,12,8192,39936
13,162,10240,39936
13,12,11264,39936
13,12,12288,39936
13,20,13312,39936
13,14,17408,39936
13,14,19456,39936
13,14,20480,39936
14,12,1024,40960
14,13,2048,40960
14,162,5120,40960
14,12,7168,40960
14,162,9216,40960
14,12,10240,40960
14,12,11264,40960
14,20,12288,40960
14,14,16384,40960
14,14,18432,40960
14,14,19456,40960
12,13,1024,41984
12,162,4096,41984
12,12,6144,41984
12,162,8192,41984
12,12,9216,41984
12,12,10240,41984
12,20,11264,41984
12,14,15360,41984
12,14,17408,41984
12,14,18432,41984
12,14,20480,41984
13,162,3072,43008
13,12,5120,43008
13,162,7168,43008
13,12,8192,43008
13,12,9216,43008
13,20,10240,43008
13,14,14336,43008
13,14,16384,43008
13,14,17408,43008
13,14,19456,43008
162,12,2048,46080
162,162,4096,46080
162,12,5120,46080
162,12,6144,46080
162,20,7168,46080
162,14,11264,46080
162,14,13312,46080
162,14,14336,46080
162,14,16384,46080
162,13,18432,46080
12,162,2048,48128
12,12,3072,48128
12,12,4096,48128
12,20,5120,48128
12,14,9216,48128
12,14,11264,48128
12,14,12288,48128
12,14,14336,48128
12,13,16384,48128
12,12,19456,48128
162,12,1024,50176
162,12,2048,50176
162,20,3072,50176
162,14,7168,50176
162,14,9216,50176
162,14,10240,50176
162,14,12288,50176
162,13,14336,50176
162,12,17408,50176
162,12,20480,50176
12,12,1024,51200
12,20,2048,51200
12,14,6144,51200
12,14,8192,51200
12,14,9216,51200
12,14,11264,51200
12,13,13312,51200
12,12,16384,51200
12,12,19456,51200
12,20,1024,52224
12,14,5120,52224
12,14,7168,52224
12,14,8192,52224
12,14,10240,52224
12,13,12288,52224
12,12,15360,52224
12,12,18432,52224
12,12,20480,52224
20,14,4096,53248
20,14,6144,53248
20,14,7168,53248
20,14,9216,53248
20,13,11264,53248
20,12,14336,53248
20,12,17408,53248
20,12,19456,53248
14,14,2048,57344
14,14,3072,57344
14,14,5120,57344
14,13,7168,57344
14,12,10240,57344
14,12,13312,57344
14,12,15360,57344
14,19,17408,57344
14,14,1024,59392
14,14,3072,59392
14,13,5120,59392
14,12,8192,59392
14,12,11264,59392
14,12,13312,59392
14,19,15360,59392
14,14,2048,60416
14,13,4096,60416
14,12,7168,60416
14,12,10240,60416
14,12,12288,60416
14,19,14336,60416
14,16,20480,60416
14,13,2048,62464
14,12,5120,62464
14,12,8192,62464
14,12,10240,62464
14,19,12288,62464
14,16,18432,62464
13,12,3072,64512
13,12,6144,64512
13,12,8192,64512
13,19,10240,64512
13,16,16384,64512
13,17,20480,64512
12,12,3072,67584
12,12,5120,67584
12,19,7168,67584
12,16,13312,67584
12,17,17408,67584
12,12,2048,70656
12,19,4096,70656
12,16,10240,70656
12,17,14336,70656
12,97,20480,70656
12,19,2048,72704
12,16,8192,72704
12,17,12288,72704
12,97,18432,72704
12,291,19456,72704
12,98,20480,72704
19,16,6144,74752
19,17,10240,74752
19,97,16384,74752
19,291,17408,74752
19,98,18432,74752
19,204,20480,74752
16,17,4096,80896
16,97,10240,80896
16,291,11264,80896
16,98,12288,80896
16,204,14336,80896
16,116,15360,80896
16,12,16384,80896
16,14,20480,80896
17,97,6144,84992
17,291,7168,84992
17,98,8192,84992
17,204,10240,84992
17,116,11264,84992
17,12,12288,84992
17,14,16384,84992
17,16,17408,84992
97,291,1024,91136
97,98,2048,91136
97,204,4096,91136
97,116,5120,91136
97,12,6144,91136
97,14,10240,91136
97,16,11264,91136
97,15,15360,91136
291,98,1024,92160
291,204,3072,92160
291,116,4096,92160
291,12,5120,92160
291,14,9216,92160
291,16,10240,92160
291,15,14336,92160
98,204,2048,93184
98,116,3072,93184
98,12,4096,93184
98,14,8192,93184
98,16,9216,93184
98,15,13312,93184
204,116,1024,95232
204,12,2048,95232
204,14,6144,95232
204,16,7168,95232
204,15,11264,95232
116,12,1024,96256
116,14,5120,96256
116,16,6144,96256
116,15,10240,96256
12,14,4096,97280
12,16,5120,97280
12,15,9216,97280
12,18,20480,97280
14,16,1024,101376
14,15,5120,101376
14,18,16384,101376
14,14,19456,101376
16,15,4096,102400
16,18,15360,102400
16,14,18432,102400
15,18,11264,106496
15,14,14336,106496
15,14,17408,106496
15,150,19456,106496
18,14,3072,117760
18,14,6144,117760
18,150,8192,117760
18,12,10240,117760
18,13,13312,117760
18,146,15360,117760
18,12,16384,117760
18,12,19456,117760
18,20,20480,117760
14,14,3072,120832
14,150,5120,120832
14,12,7168,120832
14,13,10240,120832
14,146,12288,120832
14,12,13312,120832
14,12,16384,120832
14,20,17408,120832
14,19,18432,120832
14,150,2048,123904
14,12,4096,123904
14,13,7168,123904
14,146,9216,123904
14,12,10240,123904
14,12,13312,123904
14,20,14336,123904
14,19,15360,123904
14,98,18432,123904
14,13,20480,123904
150,12,2048,125952
150,13,5120,125952
150,146,7168,125952
150,12,8192,125952
150,12,11264,125952
150,20,12288,125952
150,19,13312,125952
150,98,16384,125952
150,13,18432,125952
150,14,19456,125952
12,13,3072,128000
12,146,5120,128000
12,12,6144,128000
12,12,9216,128000
12,20,10240,128000
12,19,11264,128000
12,98,14336,128000
12,13,16384,128000
12,14,17408,128000
12,14,19456,128000
13,146,2048,131072
13,12,3072,131072
13,12,6144,131072
13,20,7168,131072
13,19,8192,131072
13,98,11264,131072
13,13,13312,131072
13,14,14336,131072
13,14,16384,131072
13,13,18432,131072
146,12,1024,133120
146,12,4096,133120
146,20,5120,133120
146,19,6144,133120
146,98,9216,133120
146,13,11264,133120
146,14,12288,133120
146,14,14336,133120
146,13,16384,133120
146,12,19456,133120
12,12,3072,134144
12,20,4096,134144
12,19,5120,134144
12,98,8192,134144
12,13,10240,134144
12,14,11264,134144
12,14,13312,134144
12,13,15360,134144
12,12,18432,134144
12,12,20480,134144
12,20,1024,137216
12,19,2048,137216
12,98,5120,137216
12,13,7168,137216
12,14,8192,137216
12,14,10240,137216
12,13,12288,137216
12,12,15360,137216
12,12,17408,137216
12,12,18432,137216
20,19,1024,138240
20,98,4096,138240
20,13,6144,138240
20,14,7168,138240
20,14,9216,138240
20,13,11264,138240
20,12,14336,138240
20,12,16384,138240
20,12,17408,138240
20,12,20480,138240
19,98,3072,139264
19,13,5120,139264
19,14,6144,139264
19,14,8192,139264
19,13,10240,139264
19,12,13312,139264
19,12,15360,139264
19,12,16384,139264
19,12,19456,139264
19,20,20480,139264
98,13,2048,142336
98,14,3072,142336
98,14,5120,142336
98,13,7168,142336
98,12,10240,142336
98,12,12288,142336
98,12,13312,142336
98,12,16384,142336
98,20,17408,142336
98,18,18432,142336
13,14,1024,144384
13,14,3072,144384
13,13,5120,144384
13,12,8192,144384
13,12,10240,144384
13,12,11264,144384
13,12,14336,144384
13,20,15360,144384
13,18,16384,144384
13,12,19456,144384
14,14,2048,145408
14,13,4096,145408
14,12,7168,145408
14,12,9216,145408
14,12,10240,145408
14,12,13312,145408
14,20,14336,145408
14,18,15360,145408
14,12,18432,145408
14,13,2048,147456
14,12,5120,147456
14,12,7168,147456
14,12,8192,147456
14,12,11264,147456
14,20,12288,147456
14,18,13312,147456
14,12,16384,147456
13,12,3072,149504
13,12,5120,149504
13,12,6144,149504
13,12,9216,149504
13,20,10240,149504
13,18,11264,149504
13,12,14336,149504
12,12,2048,152576
12,12,3072,152576
12,12,6144,152576
12,20,7168,152576
12,18,8192,152576
12,12,11264,152576
12,12,1024,154624
12,12,4096,154624
12,20,5120,154624
12,18,6144,154624
12,12,9216,154624
12,12,3072,155648
12,20,4096,155648
12,18,5120,155648
12,12,8192,155648
12,20,1024,158720
12,18,2048,158720
12,12,5120,158720
20,18,1024,159744
20,12,4096,159744
18,12,3072,160768
