195,144,3072,0
195,192,3072,0
195,194,4096,0
195,194,5120,0
195,146,6144,0
195,194,6144,0
195,195,7168,0
195,195,8192,0
144,192,0,3072
144,194,1024,3072
144,194,2048,3072
144,146,3072,3072
144,194,3072,3072
144,195,4096,3072
144,195,5120,3072
192,194,1024,3072
192,194,2048,3072
192,146,3072,3072
192,194,3072,3072
192,195,4096,3072
192,195,5120,3072
194,194,1024,4096
194,146,2048,4096
194,194,2048,4096
194,195,3072,4096
194,195,4096,4096
194,146,1024,5120
194,194,1024,5120
194,195,2048,5120
194,195,3072,5120
146,194,0,6144
146,195,1024,6144
146,195,2048,6144
194,195,1024,6144
194,195,2048,6144
195,195,1024,7168
42,136,1024,51200
42,182,1024,51200
42,137,2048,51200
42,183,2048,51200
42,92,4096,51200
42,135,6144,51200
42,180,6144,51200
42,136,7168,51200
42,182,7168,51200
42,41,11264,51200
42,41,12288,51200
42,41,13312,51200
42,41,15360,51200
42,41,16384,51200
136,182,0,52224
136,137,1024,52224
136,183,1024,52224
136,92,3072,52224
136,135,5120,52224
136,180,5120,52224
136,136,6144,52224
136,182,6144,52224
136,41,10240,52224
136,41,11264,52224
136,41,12288,52224
136,41,14336,52224
136,41,15360,52224
182,137,1024,52224
182,183,1024,52224
182,92,3072,52224
182,135,5120,52224
182,180,5120,52224
182,136,6144,52224
182,182,6144,52224
182,41,10240,52224
182,41,11264,52224
182,41,12288,52224
182,41,14336,52224
182,41,15360,52224
137,183,0,53248
137,92,2048,53248
137,135,4096,53248
137,180,4096,53248
137,136,5120,53248
137,182,5120,53248
137,41,9216,53248
137,41,10240,53248
137,41,11264,53248
137,41,13312,53248
137,41,14336,53248
183,92,2048,53248
183,135,4096,53248
183,180,4096,53248
183,136,5120,53248
183,182,5120,53248
183,41,9216,53248
183,41,10240,53248
183,41,11264,53248
183,41,13312,53248
183,41,14336,53248
92,135,2048,55296
92,180,2048,55296
92,136,3072,55296
92,182,3072,55296
92,41,7168,55296
92,41,8192,55296
92,41,9216,55296
92,41,11264,55296
92,41,12288,55296
92,40,20480,55296
135,180,0,57344
135,136,1024,57344
135,182,1024,57344
135,41,5120,57344
135,41,6144,57344
135,41,7168,57344
135,41,9216,57344
135,41,10240,57344
135,40,18432,57344
135,41,19456,57344
135,41,20480,57344
180,136,1024,57344
180,182,1024,57344
180,41,5120,57344
180,41,6144,57344
180,41,7168,57344
180,41,9216,57344
180,41,10240,57344
180,40,18432,57344
180,41,19456,57344
180,41,20480,57344
136,182,0,58368
136,41,4096,58368
136,41,5120,58368
136,41,6144,58368
136,41,8192,58368
136,41,9216,58368
136,40,17408,58368
136,41,18432,58368
136,41,19456,58368
136,41,20480,58368
182,41,4096,58368
182,41,5120,58368
182,41,6144,58368
182,41,8192,58368
182,41,9216,58368
182,40,17408,58368
182,41,18432,58368
182,41,19456,58368
182,41,20480,58368
41,41,1024,62464
41,41,2048,62464
41,41,4096,62464
41,41,5120,62464
41,40,13312,62464
41,41,14336,62464
41,41,15360,62464
41,41,16384,62464
41,41,17408,62464
41,41,18432,62464
41,41,1024,63488
41,41,3072,63488
41,41,4096,63488
41,40,12288,63488
41,41,13312,63488
41,41,14336,63488
41,41,15360,63488
41,41,16384,63488
41,41,17408,63488
41,41,2048,64512
41,41,3072,64512
41,40,11264,64512
41,41,12288,64512
41,41,13312,64512
41,41,14336,64512
41,41,15360,64512
41,41,16384,64512
41,41,1024,66560
41,40,9216,66560
41,41,10240,66560
41,41,11264,66560
41,41,12288,66560
41,41,13312,66560
41,41,14336,66560
41,40,8192,67584
41,41,9216,67584
41,41,10240,67584
41,41,11264,67584
41,41,12288,67584
41,41,13312,67584
40,41,1024,75776
40,41,2048,75776
40,41,3072,75776
40,41,4096,75776
40,41,5120,75776
41,41,1024,76800
41,41,2048,76800
41,41,3072,76800
41,41,4096,76800
41,41,1024,77824
41,41,2048,77824
41,41,3072,77824
41,41,1024,78848
41,41,2048,78848
41,41,1024,79872
41,41,18432,106496
41,41,5120,124928
59,30,1024,215040
59,61,1024,215040
59,30,2048,215040
59,61,2048,215040
59,31,3072,215040
59,61,3072,215040
59,31,4096,215040
59,61,4096,215040
59,31,5120,215040
59,61,5120,215040
59,31,6144,215040
59,62,6144,215040
59,31,7168,215040
59,62,7168,215040
30,61,0,216064
30,30,1024,216064
30,61,1024,216064
30,31,2048,216064
30,61,2048,216064
30,31,3072,216064
30,61,3072,216064
30,31,4096,216064
30,61,4096,216064
30,31,5120,216064
30,62,5120,216064
30,31,6144,216064
30,62,6144,216064
30,31,7168,216064
61,30,1024,216064
61,61,1024,216064
61,31,2048,216064
61,61,2048,216064
61,31,3072,216064
61,61,3072,216064
61,31,4096,216064
61,61,4096,216064
61,31,5120,216064
61,62,5120,216064
61,31,6144,216064
61,62,6144,216064
61,31,7168,216064
61,30,8192,216064
30,61,0,217088
30,31,1024,217088
30,61,1024,217088
30,31,2048,217088
30,61,2048,217088
30,31,3072,217088
30,61,3072,217088
30,31,4096,217088
30,62,4096,217088
30,31,5120,217088
30,62,5120,217088
30,31,6144,217088
30,30,7168,217088
30,61,7168,217088
61,31,1024,217088
61,61,1024,217088
61,31,2048,217088
61,61,2048,217088
61,31,3072,217088
61,61,3072,217088
61,31,4096,217088
61,62,4096,217088
61,31,5120,217088
61,62,5120,217088
61,31,6144,217088
61,30,7168,217088
61,61,7168,217088
61,31,8192,217088
31,61,0,218112
31,31,1024,218112
31,61,1024,218112
31,31,2048,218112
31,61,2048,218112
31,31,3072,218112
31,62,3072,218112
31,31,4096,218112
31,62,4096,218112
31,31,5120,218112
31,30,6144,218112
31,61,6144,218112
31,31,7168,218112
31,61,7168,218112
61,31,1024,218112
61,61,1024,218112
61,31,2048,218112
61,61,2048,218112
61,31,3072,218112
61,62,3072,218112
61,31,4096,218112
61,62,4096,218112
61,31,5120,218112
61,30,6144,218112
61,61,6144,218112
61,31,7168,218112
61,61,7168,218112
61,31,8192,218112
31,61,0,219136
31,31,1024,219136
31,61,1024,219136
31,31,2048,219136
31,62,2048,219136
31,31,3072,219136
31,62,3072,219136
31,31,4096,219136
31,30,5120,219136
31,61,5120,219136
31,31,6144,219136
31,61,6144,219136
31,31,7168,219136
31,62,7168,219136
61,31,1024,219136
61,61,1024,219136
61,31,2048,219136
61,62,2048,219136
61,31,3072,219136
61,62,3072,219136
61,31,4096,219136
61,30,5120,219136
61,61,5120,219136
61,31,6144,219136
61,61,6144,219136
61,31,7168,219136
61,62,7168,219136
61,31,8192,219136
31,61,0,220160
31,31,1024,220160
31,62,1024,220160
31,31,2048,220160
31,62,2048,220160
31,31,3072,220160
31,30,4096,220160
31,61,4096,220160
31,31,5120,220160
31,61,5120,220160
31,31,6144,220160
31,62,6144,220160
31,31,7168,220160
31,62,7168,220160
61,31,1024,220160
61,62,1024,220160
61,31,2048,220160
61,62,2048,220160
61,31,3072,220160
61,30,4096,220160
61,61,4096,220160
61,31,5120,220160
61,61,5120,220160
61,31,6144,220160
61,62,6144,220160
61,31,7168,220160
61,62,7168,220160
61,31,8192,220160
31,62,0,221184
31,31,1024,221184
31,62,1024,221184
31,31,2048,221184
31,30,3072,221184
31,61,3072,221184
31,31,4096,221184
31,61,4096,221184
31,31,5120,221184
31,62,5120,221184
31,31,6144,221184
31,62,6144,221184
31,31,7168,221184
31,62,7168,221184
62,31,1024,221184
62,62,1024,221184
62,31,2048,221184
62,30,3072,221184
62,61,3072,221184
62,31,4096,221184
62,61,4096,221184
62,31,5120,221184
62,62,5120,221184
62,31,6144,221184
62,62,6144,221184
62,31,7168,221184
62,62,7168,221184
62,31,8192,221184
31,62,0,222208
31,31,1024,222208
31,30,2048,222208
31,61,2048,222208
31,31,3072,222208
31,61,3072,222208
31,31,4096,222208
31,62,4096,222208
31,31,5120,222208
31,62,5120,222208
31,31,6144,222208
31,62,6144,222208
31,31,7168,222208
31,62,7168,222208
62,31,1024,222208
62,30,2048,222208
62,61,2048,222208
62,31,3072,222208
62,61,3072,222208
62,31,4096,222208
62,62,4096,222208
62,31,5120,222208
62,62,5120,222208
62,31,6144,222208
62,62,6144,222208
62,31,7168,222208
62,62,7168,222208
62,31,8192,222208
31,30,1024,223232
31,61,1024,223232
31,31,2048,223232
31,61,2048,223232
31,31,3072,223232
31,62,3072,223232
31,31,4096,223232
31,62,4096,223232
31,31,5120,223232
31,62,5120,223232
31,31,6144,223232
31,62,6144,223232
31,31,7168,223232
31,62,7168,223232
30,61,0,224256
30,31,1024,224256
30,61,1024,224256
30,31,2048,224256
30,62,2048,224256
30,31,3072,224256
30,62,3072,224256
30,31,4096,224256
30,62,4096,224256
30,31,5120,224256
30,62,5120,224256
30,31,6144,224256
30,62,6144,224256
30,31,7168,224256
61,31,1024,224256
61,61,1024,224256
61,31,2048,224256
61,62,2048,224256
61,31,3072,224256
61,62,3072,224256
61,31,4096,224256
61,62,4096,224256
61,31,5120,224256
61,62,5120,224256
61,31,6144,224256
61,62,6144,224256
61,31,7168,224256
61,62,7168,224256
31,61,0,225280
31,31,1024,225280
31,62,1024,225280
31,31,2048,225280
31,62,2048,225280
31,31,3072,225280
31,62,3072,225280
31,31,4096,225280
31,62,4096,225280
31,31,5120,225280
31,62,5120,225280
31,31,6144,225280
31,62,6144,225280
31,31,7168,225280
61,31,1024,225280
61,62,1024,225280
61,31,2048,225280
61,62,2048,225280
61,31,3072,225280
61,62,3072,225280
61,31,4096,225280
61,62,4096,225280
61,31,5120,225280
61,62,5120,225280
61,31,6144,225280
61,62,6144,225280
61,31,7168,225280
61,62,7168,225280
31,62,0,226304
31,31,1024,226304
31,62,1024,226304
31,31,2048,226304
31,62,2048,226304
31,31,3072,226304
31,62,3072,226304
31,31,4096,226304
31,62,4096,226304
31,31,5120,226304
31,62,5120,226304
31,31,6144,226304
31,62,6144,226304
31,62,7168,226304
62,31,1024,226304
62,62,1024,226304
62,31,2048,226304
62,62,2048,226304
62,31,3072,226304
62,62,3072,226304
62,31,4096,226304
62,62,4096,226304
62,31,5120,226304
62,62,5120,226304
62,31,6144,226304
62,62,6144,226304
62,62,7168,226304
62,62,8192,226304
31,62,0,227328
31,31,1024,227328
31,62,1024,227328
31,31,2048,227328
31,62,2048,227328
31,31,3072,227328
31,62,3072,227328
31,31,4096,227328
31,62,4096,227328
31,31,5120,227328
31,62,5120,227328
31,62,6144,227328
31,62,7168,227328
31,62,11264,227328
62,31,1024,227328
62,62,1024,227328
62,31,2048,227328
62,62,2048,227328
62,31,3072,227328
62,62,3072,227328
62,31,4096,227328
62,62,4096,227328
62,31,5120,227328
62,62,5120,227328
62,62,6144,227328
62,62,7168,227328
62,62,11264,227328
62,62,12288,227328
31,62,0,228352
31,31,1024,228352
31,62,1024,228352
31,31,2048,228352
31,62,2048,228352
31,31,3072,228352
31,62,3072,228352
31,31,4096,228352
31,62,4096,228352
31,62,5120,228352
31,62,6144,228352
31,62,10240,228352
31,62,11264,228352
31,62,12288,228352
62,31,1024,228352
62,62,1024,228352
62,31,2048,228352
62,62,2048,228352
62,31,3072,228352
62,62,3072,228352
62,31,4096,228352
62,62,4096,228352
62,62,5120,228352
62,62,6144,228352
62,62,10240,228352
62,62,11264,228352
62,62,12288,228352
62,62,15360,228352
31,62,0,229376
31,31,1024,229376
31,62,1024,229376
31,31,2048,229376
31,62,2048,229376
31,31,3072,229376
31,62,3072,229376
31,62,4096,229376
31,62,5120,229376
31,62,9216,229376
31,62,10240,229376
31,62,11264,229376
31,62,14336,229376
31,62,15360,229376
62,31,1024,229376
62,62,1024,229376
62,31,2048,229376
62,62,2048,229376
62,31,3072,229376
62,62,3072,229376
62,62,4096,229376
62,62,5120,229376
62,62,9216,229376
62,62,10240,229376
62,62,11264,229376
62,62,14336,229376
62,62,15360,229376
31,62,0,230400
31,31,1024,230400
31,62,1024,230400
31,31,2048,230400
31,62,2048,230400
31,62,3072,230400
31,62,4096,230400
31,62,8192,230400
31,62,9216,230400
31,62,10240,230400
31,62,13312,230400
31,62,14336,230400
31,61,20480,230400
62,31,1024,230400
62,62,1024,230400
62,31,2048,230400
62,62,2048,230400
62,62,3072,230400
62,62,4096,230400
62,62,8192,230400
62,62,9216,230400
62,62,10240,230400
62,62,13312,230400
62,62,14336,230400
62,61,20480,230400
31,62,0,231424
31,31,1024,231424
31,62,1024,231424
31,62,2048,231424
31,62,3072,231424
31,62,7168,231424
31,62,8192,231424
31,62,9216,231424
31,62,12288,231424
31,62,13312,231424
31,61,19456,231424
62,31,1024,231424
62,62,1024,231424
62,62,2048,231424
62,62,3072,231424
62,62,7168,231424
62,62,8192,231424
62,62,9216,231424
62,62,12288,231424
62,62,13312,231424
62,61,19456,231424
31,62,0,232448
31,62,1024,232448
31,62,2048,232448
31,62,6144,232448
31,62,7168,232448
31,62,8192,232448
31,62,11264,232448
31,62,12288,232448
31,61,18432,232448
62,62,1024,232448
62,62,2048,232448
62,62,6144,232448
62,62,7168,232448
62,62,8192,232448
62,62,11264,232448
62,62,12288,232448
62,61,18432,232448
62,62,1024,233472
62,62,5120,233472
62,62,6144,233472
62,62,7168,233472
62,62,10240,233472
62,62,11264,233472
62,61,17408,233472
62,62,4096,234496
62,62,5120,234496
62,62,6144,234496
62,62,9216,234496
62,62,10240,234496
62,61,16384,234496
62,62,1024,238592
62,62,2048,238592
62,62,5120,238592
62,62,6144,238592
62,61,12288,238592
62,61,17408,238592
62,62,1024,239616
62,62,4096,239616
62,62,5120,239616
62,61,11264,239616
62,61,16384,239616
62,62,3072,240640
62,62,4096,240640
62,61,10240,240640
62,61,15360,240640
62,62,1024,243712
62,61,7168,243712
62,61,12288,243712
62,61,6144,244736
62,61,11264,244736
61,61,5120,250880
27,54,0,312320
27,27,1024,312320
27,55,1024,312320
27,27,2048,312320
27,55,2048,312320
27,27,3072,312320
27,55,3072,312320
27,55,4096,312320
27,55,5120,312320
27,55,6144,312320
27,55,7168,312320
27,55,8192,312320
27,55,9216,312320
27,55,10240,312320
54,27,1024,312320
54,55,1024,312320
54,27,2048,312320
54,55,2048,312320
54,27,3072,312320
54,55,3072,312320
54,55,4096,312320
54,55,5120,312320
54,55,6144,312320
54,55,7168,312320
54,55,8192,312320
54,55,9216,312320
54,55,10240,312320
27,55,0,313344
27,27,1024,313344
27,55,1024,313344
27,27,2048,313344
27,55,2048,313344
27,55,3072,313344
27,55,4096,313344
27,55,5120,313344
27,55,6144,313344
27,55,7168,313344
27,55,8192,313344
27,55,9216,313344
55,27,1024,313344
55,55,1024,313344
55,27,2048,313344
55,55,2048,313344
55,55,3072,313344
55,55,4096,313344
55,55,5120,313344
55,55,6144,313344
55,55,7168,313344
55,55,8192,313344
55,55,9216,313344
27,55,0,314368
27,27,1024,314368
27,55,1024,314368
27,55,2048,314368
27,55,3072,314368
27,55,4096,314368
27,55,5120,314368
27,55,6144,314368
27,55,7168,314368
27,55,8192,314368
55,27,1024,314368
55,55,1024,314368
55,55,2048,314368
55,55,3072,314368
55,55,4096,314368
55,55,5120,314368
55,55,6144,314368
55,55,7168,314368
55,55,8192,314368
27,55,0,315392
27,55,1024,315392
27,55,2048,315392
27,55,3072,315392
27,55,4096,315392
27,55,5120,315392
27,55,6144,315392
27,55,7168,315392
55,55,1024,315392
55,55,2048,315392
55,55,3072,315392
55,55,4096,315392
55,55,5120,315392
55,55,6144,315392
55,55,7168,315392
55,55,1024,316416
55,55,2048,316416
55,55,3072,316416
55,55,4096,316416
55,55,5120,316416
55,55,6144,316416
55,55,1024,317440
55,55,2048,317440
55,55,3072,317440
55,55,4096,317440
55,55,5120,317440
55,55,1024,318464
55,55,2048,318464
55,55,3072,318464
55,55,4096,318464
55,55,1024,319488
55,55,2048,319488
55,55,3072,319488
55,55,1024,320512
55,55,2048,320512
55,55,1024,321536
