65,14,2048,3072
65,19,3072,3072
65,17,4096,3072
65,17,5120,3072
65,17,7168,3072
65,18,12288,3072
65,16,20480,3072
14,19,1024,5120
14,17,2048,5120
14,17,3072,5120
14,17,5120,5120
14,18,10240,5120
14,16,18432,5120
19,17,1024,6144
19,17,2048,6144
19,17,4096,6144
19,18,9216,6144
19,16,17408,6144
19,16,20480,6144
17,17,1024,7168
17,17,3072,7168
17,18,8192,7168
17,16,16384,7168
17,16,19456,7168
17,87,20480,7168
17,17,2048,8192
17,18,7168,8192
17,16,15360,8192
17,16,18432,8192
17,87,19456,8192
17,18,5120,10240
17,16,13312,10240
17,16,16384,10240
17,87,17408,10240
17,14,20480,10240
18,16,8192,15360
18,16,11264,15360
18,87,12288,15360
18,14,15360,15360
18,14,16384,15360
16,16,3072,23552
16,87,4096,23552
16,14,7168,23552
16,14,8192,23552
16,11,17408,23552
16,12,18432,23552
16,12,19456,23552
16,14,20480,23552
16,87,1024,26624
16,14,4096,26624
16,14,5120,26624
16,11,14336,26624
16,12,15360,26624
16,12,16384,26624
16,14,17408,26624
87,14,3072,27648
87,14,4096,27648
87,11,13312,27648
87,12,14336,27648
87,12,15360,27648
87,14,16384,27648
87,62,20480,27648
14,14,1024,30720
14,11,10240,30720
14,12,11264,30720
14,12,12288,30720
14,14,13312,30720
14,62,17408,30720
14,62,18432,30720
14,65,19456,30720
14,19,20480,30720
14,11,9216,31744
14,12,10240,31744
14,12,11264,31744
14,14,12288,31744
14,62,16384,31744
14,62,17408,31744
14,65,18432,31744
14,19,19456,31744
14,123,20480,31744
11,12,1024,40960
11,12,2048,40960
11,14,3072,40960
11,62,7168,40960
11,62,8192,40960
11,65,9216,40960
11,19,10240,40960
11,123,11264,40960
11,110,16384,40960
11,132,19456,40960
12,12,1024,41984
12,14,2048,41984
12,62,6144,41984
12,62,7168,41984
12,65,8192,41984
12,19,9216,41984
12,123,10240,41984
12,110,15360,41984
12,132,18432,41984
12,14,1024,43008
12,62,5120,43008
12,62,6144,43008
12,65,7168,43008
12,19,8192,43008
12,123,9216,43008
12,110,14336,43008
12,132,17408,43008
14,62,4096,44032
14,62,5120,44032
14,65,6144,44032
14,19,7168,44032
14,123,8192,44032
14,110,13312,44032
14,132,16384,44032
14,13,20480,44032
62,62,1024,48128
62,65,2048,48128
62,19,3072,48128
62,123,4096,48128
62,110,9216,48128
62,132,12288,48128
62,13,16384,48128
62,65,1024,49152
62,19,2048,49152
62,123,3072,49152
62,110,8192,49152
62,132,11264,49152
62,13,15360,49152
65,19,1024,50176
65,123,2048,50176
65,110,7168,50176
65,132,10240,50176
65,13,14336,50176
19,123,1024,51200
19,110,6144,51200
19,132,9216,51200
19,13,13312,51200
123,110,5120,52224
123,132,8192,52224
123,13,12288,52224
110,132,3072,57344
110,13,7168,57344
110,124,16384,57344
110,248,19456,57344
132,13,4096,60416
132,124,13312,60416
132,248,16384,60416
132,19,19456,60416
132,19,20480,60416
13,124,9216,64512
13,248,12288,64512
13,19,15360,64512
13,19,16384,64512
13,13,17408,64512
13,131,18432,64512
13,13,19456,64512
13,12,20480,64512
124,248,3072,73728
124,19,6144,73728
124,19,7168,73728
124,13,8192,73728
124,131,9216,73728
124,13,10240,73728
124,12,11264,73728
124,12,12288,73728
124,12,13312,73728
124,246,16384,73728
124,133,17408,73728
248,19,3072,76800
248,19,4096,76800
248,13,5120,76800
248,131,6144,76800
248,13,7168,76800
248,12,8192,76800
248,12,9216,76800
248,12,10240,76800
248,246,13312,76800
248,133,14336,76800
248,12,19456,76800
248,12,20480,76800
19,19,1024,79872
19,13,2048,79872
19,131,3072,79872
19,13,4096,79872
19,12,5120,79872
19,12,6144,79872
19,12,7168,79872
19,246,10240,79872
19,133,11264,79872
19,12,16384,79872
19,12,17408,79872
19,13,1024,80896
19,131,2048,80896
19,13,3072,80896
19,12,4096,80896
19,12,5120,80896
19,12,6144,80896
19,246,9216,80896
19,133,10240,80896
19,12,15360,80896
19,12,16384,80896
13,131,1024,81920
13,13,2048,81920
13,12,3072,81920
13,12,4096,81920
13,12,5120,81920
13,246,8192,81920
13,133,9216,81920
13,12,14336,81920
13,12,15360,81920
13,12,20480,81920
131,13,1024,82944
131,12,2048,82944
131,12,3072,82944
131,12,4096,82944
131,246,7168,82944
131,133,8192,82944
131,12,13312,82944
131,12,14336,82944
131,12,19456,82944
131,12,20480,82944
13,12,1024,83968
13,12,2048,83968
13,12,3072,83968
13,246,6144,83968
13,133,7168,83968
13,12,12288,83968
13,12,13312,83968
13,12,18432,83968
13,12,19456,83968
13,12,20480,83968
12,12,1024,84992
12,12,2048,84992
12,246,5120,84992
12,133,6144,84992
12,12,11264,84992
12,12,12288,84992
12,12,17408,84992
12,12,18432,84992
12,12,19456,84992
12,12,1024,86016
12,246,4096,86016
12,133,5120,86016
12,12,10240,86016
12,12,11264,86016
12,12,16384,86016
12,12,17408,86016
12,12,18432,86016
12,12,20480,86016
12,246,3072,87040
12,133,4096,87040
12,12,9216,87040
12,12,10240,87040
12,12,15360,87040
12,12,16384,87040
12,12,17408,87040
12,12,19456,87040
246,133,1024,90112
246,12,6144,90112
246,12,7168,90112
246,12,12288,90112
246,12,13312,90112
246,12,14336,90112
246,12,16384,90112
133,12,5120,91136
133,12,6144,91136
133,12,11264,91136
133,12,12288,91136
133,12,13312,91136
133,12,15360,91136
12,12,1024,96256
12,12,6144,96256
12,12,7168,96256
12,12,8192,96256
12,12,10240,96256
12,111,17408,96256
12,12,5120,97280
12,12,6144,97280
12,12,7168,97280
12,12,9216,97280
12,111,16384,97280
12,12,1024,102400
12,12,2048,102400
12,12,4096,102400
12,111,11264,102400
12,110,18432,102400
12,12,1024,103424
12,12,3072,103424
12,111,10240,103424
12,110,17408,103424
12,12,2048,104448
12,111,9216,104448
12,110,16384,104448
12,111,7168,106496
12,110,14336,106496
111,110,7168,113664
111,14,14336,113664
111,19,15360,113664
111,19,17408,113664
111,20,19456,113664
111,19,20480,113664
110,14,7168,120832
110,19,8192,120832
110,19,10240,120832
110,20,12288,120832
110,19,13312,120832
110,19,15360,120832
110,13,19456,120832
110,96,20480,120832
14,19,1024,128000
14,19,3072,128000
14,20,5120,128000
14,19,6144,128000
14,19,8192,128000
14,13,12288,128000
14,96,13312,128000
14,12,15360,128000
19,19,2048,129024
19,20,4096,129024
19,19,5120,129024
19,19,7168,129024
19,13,11264,129024
19,96,12288,129024
19,12,14336,129024
19,20,2048,131072
19,19,3072,131072
19,19,5120,131072
19,13,9216,131072
19,96,10240,131072
19,12,12288,131072
20,19,1024,133120
20,19,3072,133120
20,13,7168,133120
20,96,8192,133120
20,12,10240,133120
20,116,19456,133120
20,117,20480,133120
19,19,2048,134144
19,13,6144,134144
19,96,7168,134144
19,12,9216,134144
19,116,18432,134144
19,117,19456,134144
19,116,20480,134144
19,13,4096,136192
19,96,5120,136192
19,12,7168,136192
19,116,16384,136192
19,117,17408,136192
19,116,18432,136192
13,96,1024,140288
13,12,3072,140288
13,116,12288,140288
13,117,13312,140288
13,116,14336,140288
13,11,19456,140288
96,12,2048,141312
96,116,11264,141312
96,117,12288,141312
96,116,13312,141312
96,11,18432,141312
96,12,20480,141312
12,116,9216,143360
12,117,10240,143360
12,116,11264,143360
12,11,16384,143360
12,12,18432,143360
12,97,19456,143360
12,12,20480,143360
116,117,1024,152576
116,116,2048,152576
116,11,7168,152576
116,12,9216,152576
116,97,10240,152576
116,12,11264,152576
116,13,13312,152576
117,116,1024,153600
117,11,6144,153600
117,12,8192,153600
117,97,9216,153600
117,12,10240,153600
117,13,12288,153600
116,11,5120,154624
116,12,7168,154624
116,97,8192,154624
116,12,9216,154624
116,13,11264,154624
11,12,2048,159744
11,97,3072,159744
11,12,4096,159744
11,13,6144,159744
12,97,1024,161792
12,12,2048,161792
12,13,4096,161792
97,12,1024,162816
97,13,3072,162816
12,13,2048,163840
