21,22,1024,0
21,21,2048,0
21,24,5120,0
21,49,5120,0
21,24,6144,0
21,49,6144,0
21,24,7168,0
21,49,7168,0
21,24,8192,0
21,49,8192,0
21,47,9216,0
21,25,10240,0
21,26,17408,0
21,52,17408,0
22,21,1024,1024
22,24,4096,1024
22,49,4096,1024
22,24,5120,1024
22,49,5120,1024
22,24,6144,1024
22,49,6144,1024
22,24,7168,1024
22,49,7168,1024
22,47,8192,1024
22,25,9216,1024
22,26,16384,1024
22,52,16384,1024
22,26,17408,1024
21,24,3072,2048
21,49,3072,2048
21,24,4096,2048
21,49,4096,2048
21,24,5120,2048
21,49,5120,2048
21,24,6144,2048
21,49,6144,2048
21,47,7168,2048
21,25,8192,2048
21,26,15360,2048
21,52,15360,2048
21,26,16384,2048
21,52,16384,2048
24,49,0,5120
24,24,1024,5120
24,49,1024,5120
24,24,2048,5120
24,49,2048,5120
24,24,3072,5120
24,49,3072,5120
24,47,4096,5120
24,25,5120,5120
24,26,12288,5120
24,52,12288,5120
24,26,13312,5120
24,52,13312,5120
24,26,14336,5120
49,24,1024,5120
49,49,1024,5120
49,24,2048,5120
49,49,2048,5120
49,24,3072,5120
49,49,3072,5120
49,47,4096,5120
49,25,5120,5120
49,26,12288,5120
49,52,12288,5120
49,26,13312,5120
49,52,13312,5120
49,26,14336,5120
49,51,14336,5120
24,49,0,6144
24,24,1024,6144
24,49,1024,6144
24,24,2048,6144
24,49,2048,6144
24,47,3072,6144
24,25,4096,6144
24,26,11264,6144
24,52,11264,6144
24,26,12288,6144
24,52,12288,6144
24,26,13312,6144
24,51,13312,6144
24,26,14336,6144
49,24,1024,6144
49,49,1024,6144
49,24,2048,6144
49,49,2048,6144
49,47,3072,6144
49,25,4096,6144
49,26,11264,6144
49,52,11264,6144
49,26,12288,6144
49,52,12288,6144
49,26,13312,6144
49,51,13312,6144
49,26,14336,6144
49,52,14336,6144
24,49,0,7168
24,24,1024,7168
24,49,1024,7168
24,47,2048,7168
24,25,3072,7168
24,26,10240,7168
24,52,10240,7168
24,26,11264,7168
24,52,11264,7168
24,26,12288,7168
24,51,12288,7168
24,26,13312,7168
24,52,13312,7168
24,27,14336,7168
49,24,1024,7168
49,49,1024,7168
49,47,2048,7168
49,25,3072,7168
49,26,10240,7168
49,52,10240,7168
49,26,11264,7168
49,52,11264,7168
49,26,12288,7168
49,51,12288,7168
49,26,13312,7168
49,52,13312,7168
49,27,14336,7168
49,54,14336,7168
24,49,0,8192
24,47,1024,8192
24,25,2048,8192
24,26,9216,8192
24,52,9216,8192
24,26,10240,8192
24,52,10240,8192
24,26,11264,8192
24,51,11264,8192
24,26,12288,8192
24,52,12288,8192
24,27,13312,8192
24,54,13312,8192
24,27,14336,8192
49,47,1024,8192
49,25,2048,8192
49,26,9216,8192
49,52,9216,8192
49,26,10240,8192
49,52,10240,8192
49,26,11264,8192
49,51,11264,8192
49,26,12288,8192
49,52,12288,8192
49,27,13312,8192
49,54,13312,8192
49,27,14336,8192
49,55,14336,8192
47,25,1024,9216
47,26,8192,9216
47,52,8192,9216
47,26,9216,9216
47,52,9216,9216
47,26,10240,9216
47,51,10240,9216
47,26,11264,9216
47,52,11264,9216
47,27,12288,9216
47,54,12288,9216
47,27,13312,9216
47,55,13312,9216
47,29,14336,9216
25,26,7168,10240
25,52,7168,10240
25,26,8192,10240
25,52,8192,10240
25,26,9216,10240
25,51,9216,10240
25,26,10240,10240
25,52,10240,10240
25,27,11264,10240
25,54,11264,10240
25,27,12288,10240
25,55,12288,10240
25,29,13312,10240
25,57,13312,10240
26,52,0,17408
26,26,1024,17408
26,52,1024,17408
26,26,2048,17408
26,51,2048,17408
26,26,3072,17408
26,52,3072,17408
26,27,4096,17408
26,54,4096,17408
26,27,5120,17408
26,55,5120,17408
26,29,6144,17408
26,57,6144,17408
26,29,7168,17408
52,26,1024,17408
52,52,1024,17408
52,26,2048,17408
52,51,2048,17408
52,26,3072,17408
52,52,3072,17408
52,27,4096,17408
52,54,4096,17408
52,27,5120,17408
52,55,5120,17408
52,29,6144,17408
52,57,6144,17408
52,29,7168,17408
52,29,8192,17408
26,52,0,18432
26,26,1024,18432
26,51,1024,18432
26,26,2048,18432
26,52,2048,18432
26,27,3072,18432
26,54,3072,18432
26,27,4096,18432
26,55,4096,18432
26,29,5120,18432
26,57,5120,18432
26,29,6144,18432
26,29,7168,18432
26,29,8192,18432
52,26,1024,18432
52,51,1024,18432
52,26,2048,18432
52,52,2048,18432
52,27,3072,18432
52,54,3072,18432
52,27,4096,18432
52,55,4096,18432
52,29,5120,18432
52,57,5120,18432
52,29,6144,18432
52,29,7168,18432
52,29,8192,18432
52,29,9216,18432
26,51,0,19456
26,26,1024,19456
26,52,1024,19456
26,27,2048,19456
26,54,2048,19456
26,27,3072,19456
26,55,3072,19456
26,29,4096,19456
26,57,4096,19456
26,29,5120,19456
26,29,6144,19456
26,29,7168,19456
26,29,8192,19456
26,29,9216,19456
51,26,1024,19456
51,52,1024,19456
51,27,2048,19456
51,54,2048,19456
51,27,3072,19456
51,55,3072,19456
51,29,4096,19456
51,57,4096,19456
51,29,5120,19456
51,29,6144,19456
51,29,7168,19456
51,29,8192,19456
51,29,9216,19456
51,29,10240,19456
26,52,0,20480
26,27,1024,20480
26,54,1024,20480
26,27,2048,20480
26,55,2048,20480
26,29,3072,20480
26,57,3072,20480
26,29,4096,20480
26,29,5120,20480
26,29,6144,20480
26,29,7168,20480
26,29,8192,20480
26,29,9216,20480
26,29,10240,20480
52,27,1024,20480
52,54,1024,20480
52,27,2048,20480
52,55,2048,20480
52,29,3072,20480
52,57,3072,20480
52,29,4096,20480
52,29,5120,20480
52,29,6144,20480
52,29,7168,20480
52,29,8192,20480
52,29,9216,20480
52,29,10240,20480
52,24,11264,20480
27,54,0,21504
27,27,1024,21504
27,55,1024,21504
27,29,2048,21504
27,57,2048,21504
27,29,3072,21504
27,29,4096,21504
27,29,5120,21504
27,29,6144,21504
27,29,7168,21504
27,29,8192,21504
27,29,9216,21504
27,24,10240,21504
27,49,10240,21504
54,27,1024,21504
54,55,1024,21504
54,29,2048,21504
54,57,2048,21504
54,29,3072,21504
54,29,4096,21504
54,29,5120,21504
54,29,6144,21504
54,29,7168,21504
54,29,8192,21504
54,29,9216,21504
54,24,10240,21504
54,49,10240,21504
54,24,11264,21504
27,55,0,22528
27,29,1024,22528
27,57,1024,22528
27,29,2048,22528
27,29,3072,22528
27,29,4096,22528
27,29,5120,22528
27,29,6144,22528
27,29,7168,22528
27,29,8192,22528
27,24,9216,22528
27,49,9216,22528
27,24,10240,22528
27,49,10240,22528
55,29,1024,22528
55,57,1024,22528
55,29,2048,22528
55,29,3072,22528
55,29,4096,22528
55,29,5120,22528
55,29,6144,22528
55,29,7168,22528
55,29,8192,22528
55,24,9216,22528
55,49,9216,22528
55,24,10240,22528
55,49,10240,22528
55,24,11264,22528
29,57,0,23552
29,29,1024,23552
29,29,2048,23552
29,29,3072,23552
29,29,4096,23552
29,29,5120,23552
29,29,6144,23552
29,29,7168,23552
29,24,8192,23552
29,49,8192,23552
29,24,9216,23552
29,49,9216,23552
29,24,10240,23552
29,49,10240,23552
57,29,1024,23552
57,29,2048,23552
57,29,3072,23552
57,29,4096,23552
57,29,5120,23552
57,29,6144,23552
57,29,7168,23552
57,24,8192,23552
57,49,8192,23552
57,24,9216,23552
57,49,9216,23552
57,24,10240,23552
57,49,10240,23552
57,48,11264,23552
29,29,1024,24576
29,29,2048,24576
29,29,3072,24576
29,29,4096,24576
29,29,5120,24576
29,29,6144,24576
29,24,7168,24576
29,49,7168,24576
29,24,8192,24576
29,49,8192,24576
29,24,9216,24576
29,49,9216,24576
29,48,10240,24576
29,22,11264,24576
29,29,1024,25600
29,29,2048,25600
29,29,3072,25600
29,29,4096,25600
29,29,5120,25600
29,24,6144,25600
29,49,6144,25600
29,24,7168,25600
29,49,7168,25600
29,24,8192,25600
29,49,8192,25600
29,48,9216,25600
29,22,10240,25600
29,22,11264,25600
29,29,1024,26624
29,29,2048,26624
29,29,3072,26624
29,29,4096,26624
29,24,5120,26624
29,49,5120,26624
29,24,6144,26624
29,49,6144,26624
29,24,7168,26624
29,49,7168,26624
29,48,8192,26624
29,22,9216,26624
29,22,10240,26624
29,21,11264,26624
29,29,1024,27648
29,29,2048,27648
29,29,3072,27648
29,24,4096,27648
29,49,4096,27648
29,24,5120,27648
29,49,5120,27648
29,24,6144,27648
29,49,6144,27648
29,48,7168,27648
29,22,8192,27648
29,22,9216,27648
29,21,10240,27648
29,21,11264,27648
29,29,1024,28672
29,29,2048,28672
29,24,3072,28672
29,49,3072,28672
29,24,4096,28672
29,49,4096,28672
29,24,5120,28672
29,49,5120,28672
29,48,6144,28672
29,22,7168,28672
29,22,8192,28672
29,21,9216,28672
29,21,10240,28672
29,22,11264,28672
29,29,1024,29696
29,24,2048,29696
29,49,2048,29696
29,24,3072,29696
29,49,3072,29696
29,24,4096,29696
29,49,4096,29696
29,48,5120,29696
29,22,6144,29696
29,22,7168,29696
29,21,8192,29696
29,21,9216,29696
29,22,10240,29696
29,21,11264,29696
29,24,1024,30720
29,49,1024,30720
29,24,2048,30720
29,49,2048,30720
29,24,3072,30720
29,49,3072,30720
29,48,4096,30720
29,22,5120,30720
29,22,6144,30720
29,21,7168,30720
29,21,8192,30720
29,22,9216,30720
29,21,10240,30720
29,22,11264,30720
24,49,0,31744
24,24,1024,31744
24,49,1024,31744
24,24,2048,31744
24,49,2048,31744
24,48,3072,31744
24,22,4096,31744
24,22,5120,31744
24,21,6144,31744
24,21,7168,31744
24,22,8192,31744
24,21,9216,31744
24,22,10240,31744
24,21,11264,31744
49,24,1024,31744
49,49,1024,31744
49,24,2048,31744
49,49,2048,31744
49,48,3072,31744
49,22,4096,31744
49,22,5120,31744
49,21,6144,31744
49,21,7168,31744
49,22,8192,31744
49,21,9216,31744
49,22,10240,31744
49,21,11264,31744
49,22,12288,31744
24,49,0,32768
24,24,1024,32768
24,49,1024,32768
24,48,2048,32768
24,22,3072,32768
24,22,4096,32768
24,21,5120,32768
24,21,6144,32768
24,22,7168,32768
24,21,8192,32768
24,22,9216,32768
24,21,10240,32768
24,22,11264,32768
24,19,13312,32768
49,24,1024,32768
49,49,1024,32768
49,48,2048,32768
49,22,3072,32768
49,22,4096,32768
49,21,5120,32768
49,21,6144,32768
49,22,7168,32768
49,21,8192,32768
49,22,9216,32768
49,21,10240,32768
49,22,11264,32768
49,19,13312,32768
49,19,14336,32768
24,49,0,33792
24,48,1024,33792
24,22,2048,33792
24,22,3072,33792
24,21,4096,33792
24,21,5120,33792
24,22,6144,33792
24,21,7168,33792
24,22,8192,33792
24,21,9216,33792
24,22,10240,33792
24,19,12288,33792
24,19,13312,33792
24,22,15360,33792
49,48,1024,33792
49,22,2048,33792
49,22,3072,33792
49,21,4096,33792
49,21,5120,33792
49,22,6144,33792
49,21,7168,33792
49,22,8192,33792
49,21,9216,33792
49,22,10240,33792
49,19,12288,33792
49,19,13312,33792
49,22,15360,33792
49,22,16384,33792
48,22,1024,34816
48,22,2048,34816
48,21,3072,34816
48,21,4096,34816
48,22,5120,34816
48,21,6144,34816
48,22,7168,34816
48,21,8192,34816
48,22,9216,34816
48,19,11264,34816
48,19,12288,34816
48,22,14336,34816
48,22,15360,34816
48,19,16384,34816
22,22,1024,35840
22,21,2048,35840
22,21,3072,35840
22,22,4096,35840
22,21,5120,35840
22,22,6144,35840
22,21,7168,35840
22,22,8192,35840
22,19,10240,35840
22,19,11264,35840
22,22,13312,35840
22,22,14336,35840
22,19,15360,35840
22,19,16384,35840
22,21,1024,36864
22,21,2048,36864
22,22,3072,36864
22,21,4096,36864
22,22,5120,36864
22,21,6144,36864
22,22,7168,36864
22,19,9216,36864
22,19,10240,36864
22,22,12288,36864
22,22,13312,36864
22,19,14336,36864
22,19,15360,36864
22,22,16384,36864
21,21,1024,37888
21,22,2048,37888
21,21,3072,37888
21,22,4096,37888
21,21,5120,37888
21,22,6144,37888
21,19,8192,37888
21,19,9216,37888
21,22,11264,37888
21,22,12288,37888
21,19,13312,37888
21,19,14336,37888
21,22,15360,37888
21,22,16384,37888
21,22,1024,38912
21,21,2048,38912
21,22,3072,38912
21,21,4096,38912
21,22,5120,38912
21,19,7168,38912
21,19,8192,38912
21,22,10240,38912
21,22,11264,38912
21,19,12288,38912
21,19,13312,38912
21,22,14336,38912
21,22,15360,38912
21,22,16384,38912
22,21,1024,39936
22,22,2048,39936
22,21,3072,39936
22,22,4096,39936
22,19,6144,39936
22,19,7168,39936
22,22,9216,39936
22,22,10240,39936
22,19,11264,39936
22,19,12288,39936
22,22,13312,39936
22,22,14336,39936
22,22,15360,39936
22,22,16384,39936
21,22,1024,40960
21,21,2048,40960
21,22,3072,40960
21,19,5120,40960
21,19,6144,40960
21,22,8192,40960
21,22,9216,40960
21,19,10240,40960
21,19,11264,40960
21,22,12288,40960
21,22,13312,40960
21,22,14336,40960
21,22,15360,40960
21,21,16384,40960
22,21,1024,41984
22,22,2048,41984
22,19,4096,41984
22,19,5120,41984
22,22,7168,41984
22,22,8192,41984
22,19,9216,41984
22,19,10240,41984
22,22,11264,41984
22,22,12288,41984
22,22,13312,41984
22,22,14336,41984
22,21,15360,41984
21,22,1024,43008
21,19,3072,43008
21,19,4096,43008
21,22,6144,43008
21,22,7168,43008
21,19,8192,43008
21,19,9216,43008
21,22,10240,43008
21,22,11264,43008
21,22,12288,43008
21,22,13312,43008
21,21,14336,43008
22,19,2048,44032
22,19,3072,44032
22,22,5120,44032
22,22,6144,44032
22,19,7168,44032
22,19,8192,44032
22,22,9216,44032
22,22,10240,44032
22,22,11264,44032
22,22,12288,44032
22,21,13312,44032
19,19,1024,46080
19,22,3072,46080
19,22,4096,46080
19,19,5120,46080
19,19,6144,46080
19,22,7168,46080
19,22,8192,46080
19,22,9216,46080
19,22,10240,46080
19,21,11264,46080
19,19,20480,46080
19,22,2048,47104
19,22,3072,47104
19,19,4096,47104
19,19,5120,47104
19,22,6144,47104
19,22,7168,47104
19,22,8192,47104
19,22,9216,47104
19,21,10240,47104
19,19,19456,47104
19,20,20480,47104
22,22,1024,49152
22,19,2048,49152
22,19,3072,49152
22,22,4096,49152
22,22,5120,49152
22,22,6144,49152
22,22,7168,49152
22,21,8192,49152
22,19,17408,49152
22,20,18432,49152
22,22,19456,49152
22,27,20480,49152
22,54,20480,49152
22,19,1024,50176
22,19,2048,50176
22,22,3072,50176
22,22,4096,50176
22,22,5120,50176
22,22,6144,50176
22,21,7168,50176
22,19,16384,50176
22,20,17408,50176
22,22,18432,50176
22,27,19456,50176
22,54,19456,50176
22,30,20480,50176
19,19,1024,51200
19,22,2048,51200
19,22,3072,51200
19,22,4096,51200
19,22,5120,51200
19,21,6144,51200
19,19,15360,51200
19,20,16384,51200
19,22,17408,51200
19,27,18432,51200
19,54,18432,51200
19,30,19456,51200
19,33,20480,51200
19,22,1024,52224
19,22,2048,52224
19,22,3072,52224
19,22,4096,52224
19,21,5120,52224
19,19,14336,52224
19,20,15360,52224
19,22,16384,52224
19,27,17408,52224
19,54,17408,52224
19,30,18432,52224
19,33,19456,52224
19,37,20480,52224
19,73,20480,52224
22,22,1024,53248
22,22,2048,53248
22,22,3072,53248
22,21,4096,53248
22,19,13312,53248
22,20,14336,53248
22,22,15360,53248
22,27,16384,53248
22,54,16384,53248
22,30,17408,53248
22,33,18432,53248
22,37,19456,53248
22,73,19456,53248
22,85,19456,53248
22,22,1024,54272
22,22,2048,54272
22,21,3072,54272
22,19,12288,54272
22,20,13312,54272
22,22,14336,54272
22,27,15360,54272
22,54,15360,54272
22,30,16384,54272
22,33,17408,54272
22,37,18432,54272
22,73,18432,54272
22,85,18432,54272
22,37,19456,54272
22,22,1024,55296
22,21,2048,55296
22,19,11264,55296
22,20,12288,55296
22,22,13312,55296
22,27,14336,55296
22,54,14336,55296
22,30,15360,55296
22,33,16384,55296
22,37,17408,55296
22,73,17408,55296
22,85,17408,55296
22,37,18432,55296
22,73,18432,55296
22,21,1024,56320
22,19,10240,56320
22,20,11264,56320
22,22,12288,56320
22,27,13312,56320
22,54,13312,56320
22,30,14336,56320
22,33,15360,56320
22,37,16384,56320
22,73,16384,56320
22,85,16384,56320
22,37,17408,56320
22,73,17408,56320
22,37,18432,56320
21,19,9216,57344
21,20,10240,57344
21,22,11264,57344
21,27,12288,57344
21,54,12288,57344
21,30,13312,57344
21,33,14336,57344
21,37,15360,57344
21,73,15360,57344
21,85,15360,57344
21,37,16384,57344
21,73,16384,57344
21,37,17408,57344
21,73,17408,57344
19,20,1024,66560
19,22,2048,66560
19,27,3072,66560
19,54,3072,66560
19,30,4096,66560
19,33,5120,66560
19,37,6144,66560
19,73,6144,66560
19,85,6144,66560
19,37,7168,66560
19,73,7168,66560
19,37,8192,66560
19,73,8192,66560
19,37,9216,66560
20,22,1024,67584
20,27,2048,67584
20,54,2048,67584
20,30,3072,67584
20,33,4096,67584
20,37,5120,67584
20,73,5120,67584
20,85,5120,67584
20,37,6144,67584
20,73,6144,67584
20,37,7168,67584
20,73,7168,67584
20,37,8192,67584
20,74,8192,67584
22,27,1024,68608
22,54,1024,68608
22,30,2048,68608
22,33,3072,68608
22,37,4096,68608
22,73,4096,68608
22,85,4096,68608
22,37,5120,68608
22,73,5120,68608
22,37,6144,68608
22,73,6144,68608
22,37,7168,68608
22,74,7168,68608
22,37,8192,68608
27,54,0,69632
27,30,1024,69632
27,33,2048,69632
27,37,3072,69632
27,73,3072,69632
27,85,3072,69632
27,37,4096,69632
27,73,4096,69632
27,37,5120,69632
27,73,5120,69632
27,37,6144,69632
27,74,6144,69632
27,37,7168,69632
27,74,7168,69632
54,30,1024,69632
54,33,2048,69632
54,37,3072,69632
54,73,3072,69632
54,85,3072,69632
54,37,4096,69632
54,73,4096,69632
54,37,5120,69632
54,73,5120,69632
54,37,6144,69632
54,74,6144,69632
54,37,7168,69632
54,74,7168,69632
54,37,8192,69632
30,33,1024,70656
30,37,2048,70656
30,73,2048,70656
30,85,2048,70656
30,37,3072,70656
30,73,3072,70656
30,37,4096,70656
30,73,4096,70656
30,37,5120,70656
30,74,5120,70656
30,37,6144,70656
30,74,6144,70656
30,37,7168,70656
30,74,7168,70656
33,37,1024,71680
33,73,1024,71680
33,85,1024,71680
33,37,2048,71680
33,73,2048,71680
33,37,3072,71680
33,73,3072,71680
33,37,4096,71680
33,74,4096,71680
33,37,5120,71680
33,74,5120,71680
33,37,6144,71680
33,74,6144,71680
33,37,7168,71680
37,73,0,72704
37,85,0,72704
37,37,1024,72704
37,73,1024,72704
37,37,2048,72704
37,73,2048,72704
37,37,3072,72704
37,74,3072,72704
37,37,4096,72704
37,74,4096,72704
37,37,5120,72704
37,74,5120,72704
37,37,6144,72704
37,74,6144,72704
73,85,0,72704
73,37,1024,72704
73,73,1024,72704
73,37,2048,72704
73,73,2048,72704
73,37,3072,72704
73,74,3072,72704
73,37,4096,72704
73,74,4096,72704
73,37,5120,72704
73,74,5120,72704
73,37,6144,72704
73,74,6144,72704
73,37,7168,72704
85,37,1024,72704
85,73,1024,72704
85,37,2048,72704
85,73,2048,72704
85,37,3072,72704
85,74,3072,72704
85,37,4096,72704
85,74,4096,72704
85,37,5120,72704
85,74,5120,72704
85,37,6144,72704
85,74,6144,72704
85,37,7168,72704
85,74,7168,72704
37,73,0,73728
37,37,1024,73728
37,73,1024,73728
37,37,2048,73728
37,74,2048,73728
37,37,3072,73728
37,74,3072,73728
37,37,4096,73728
37,74,4096,73728
37,37,5120,73728
37,74,5120,73728
37,37,6144,73728
37,74,6144,73728
37,37,7168,73728
73,37,1024,73728
73,73,1024,73728
73,37,2048,73728
73,74,2048,73728
73,37,3072,73728
73,74,3072,73728
73,37,4096,73728
73,74,4096,73728
73,37,5120,73728
73,74,5120,73728
73,37,6144,73728
73,74,6144,73728
73,37,7168,73728
73,74,7168,73728
37,73,0,74752
37,37,1024,74752
37,74,1024,74752
37,37,2048,74752
37,74,2048,74752
37,37,3072,74752
37,74,3072,74752
37,37,4096,74752
37,74,4096,74752
37,37,5120,74752
37,74,5120,74752
37,37,6144,74752
37,74,6144,74752
37,37,7168,74752
73,37,1024,74752
73,74,1024,74752
73,37,2048,74752
73,74,2048,74752
73,37,3072,74752
73,74,3072,74752
73,37,4096,74752
73,74,4096,74752
73,37,5120,74752
73,74,5120,74752
73,37,6144,74752
73,74,6144,74752
73,37,7168,74752
73,74,7168,74752
37,74,0,75776
37,37,1024,75776
37,74,1024,75776
37,37,2048,75776
37,74,2048,75776
37,37,3072,75776
37,74,3072,75776
37,37,4096,75776
37,74,4096,75776
37,37,5120,75776
37,74,5120,75776
37,37,6144,75776
37,74,6144,75776
37,33,8192,75776
74,37,1024,75776
74,74,1024,75776
74,37,2048,75776
74,74,2048,75776
74,37,3072,75776
74,74,3072,75776
74,37,4096,75776
74,74,4096,75776
74,37,5120,75776
74,74,5120,75776
74,37,6144,75776
74,74,6144,75776
74,33,8192,75776
74,37,9216,75776
37,74,0,76800
37,37,1024,76800
37,74,1024,76800
37,37,2048,76800
37,74,2048,76800
37,37,3072,76800
37,74,3072,76800
37,37,4096,76800
37,74,4096,76800
37,37,5120,76800
37,74,5120,76800
37,33,7168,76800
37,37,8192,76800
37,37,9216,76800
74,37,1024,76800
74,74,1024,76800
74,37,2048,76800
74,74,2048,76800
74,37,3072,76800
74,74,3072,76800
74,37,4096,76800
74,74,4096,76800
74,37,5120,76800
74,74,5120,76800
74,33,7168,76800
74,37,8192,76800
74,37,9216,76800
74,74,9216,76800
37,74,0,77824
37,37,1024,77824
37,74,1024,77824
37,37,2048,77824
37,74,2048,77824
37,37,3072,77824
37,74,3072,77824
37,37,4096,77824
37,74,4096,77824
37,33,6144,77824
37,37,7168,77824
37,37,8192,77824
37,74,8192,77824
37,29,9216,77824
74,37,1024,77824
74,74,1024,77824
74,37,2048,77824
74,74,2048,77824
74,37,3072,77824
74,74,3072,77824
74,37,4096,77824
74,74,4096,77824
74,33,6144,77824
74,37,7168,77824
74,37,8192,77824
74,74,8192,77824
74,29,9216,77824
74,29,10240,77824
37,74,0,78848
37,37,1024,78848
37,74,1024,78848
37,37,2048,78848
37,74,2048,78848
37,37,3072,78848
37,74,3072,78848
37,33,5120,78848
37,37,6144,78848
37,37,7168,78848
37,74,7168,78848
37,29,8192,78848
37,29,9216,78848
37,59,9216,78848
74,37,1024,78848
74,74,1024,78848
74,37,2048,78848
74,74,2048,78848
74,37,3072,78848
74,74,3072,78848
74,33,5120,78848
74,37,6144,78848
74,37,7168,78848
74,74,7168,78848
74,29,8192,78848
74,29,9216,78848
74,59,9216,78848
74,29,10240,78848
37,74,0,79872
37,37,1024,79872
37,74,1024,79872
37,37,2048,79872
37,74,2048,79872
37,33,4096,79872
37,37,5120,79872
37,37,6144,79872
37,74,6144,79872
37,29,7168,79872
37,29,8192,79872
37,59,8192,79872
37,29,9216,79872
37,59,9216,79872
74,37,1024,79872
74,74,1024,79872
74,37,2048,79872
74,74,2048,79872
74,33,4096,79872
74,37,5120,79872
74,37,6144,79872
74,74,6144,79872
74,29,7168,79872
74,29,8192,79872
74,59,8192,79872
74,29,9216,79872
74,59,9216,79872
74,29,10240,79872
37,74,0,80896
37,37,1024,80896
37,74,1024,80896
37,33,3072,80896
37,37,4096,80896
37,37,5120,80896
37,74,5120,80896
37,29,6144,80896
37,29,7168,80896
37,59,7168,80896
37,29,8192,80896
37,59,8192,80896
37,29,9216,80896
37,58,9216,80896
74,37,1024,80896
74,74,1024,80896
74,33,3072,80896
74,37,4096,80896
74,37,5120,80896
74,74,5120,80896
74,29,6144,80896
74,29,7168,80896
74,59,7168,80896
74,29,8192,80896
74,59,8192,80896
74,29,9216,80896
74,58,9216,80896
74,28,10240,80896
37,74,0,81920
37,33,2048,81920
37,37,3072,81920
37,37,4096,81920
37,74,4096,81920
37,29,5120,81920
37,29,6144,81920
37,59,6144,81920
37,29,7168,81920
37,59,7168,81920
37,29,8192,81920
37,58,8192,81920
37,28,9216,81920
37,27,10240,81920
74,33,2048,81920
74,37,3072,81920
74,37,4096,81920
74,74,4096,81920
74,29,5120,81920
74,29,6144,81920
74,59,6144,81920
74,29,7168,81920
74,59,7168,81920
74,29,8192,81920
74,58,8192,81920
74,28,9216,81920
74,27,10240,81920
74,55,10240,81920
33,37,1024,83968
33,37,2048,83968
33,74,2048,83968
33,29,3072,83968
33,29,4096,83968
33,59,4096,83968
33,29,5120,83968
33,59,5120,83968
33,29,6144,83968
33,58,6144,83968
33,28,7168,83968
33,27,8192,83968
33,55,8192,83968
33,28,9216,83968
37,37,1024,84992
37,74,1024,84992
37,29,2048,84992
37,29,3072,84992
37,59,3072,84992
37,29,4096,84992
37,59,4096,84992
37,29,5120,84992
37,58,5120,84992
37,28,6144,84992
37,27,7168,84992
37,55,7168,84992
37,28,8192,84992
37,55,8192,84992
37,74,0,86016
37,29,1024,86016
37,29,2048,86016
37,59,2048,86016
37,29,3072,86016
37,59,3072,86016
37,29,4096,86016
37,58,4096,86016
37,28,5120,86016
37,27,6144,86016
37,55,6144,86016
37,28,7168,86016
37,55,7168,86016
37,83,7168,86016
74,29,1024,86016
74,29,2048,86016
74,59,2048,86016
74,29,3072,86016
74,59,3072,86016
74,29,4096,86016
74,58,4096,86016
74,28,5120,86016
74,27,6144,86016
74,55,6144,86016
74,28,7168,86016
74,55,7168,86016
74,83,7168,86016
74,28,8192,86016
29,29,1024,87040
29,59,1024,87040
29,29,2048,87040
29,59,2048,87040
29,29,3072,87040
29,58,3072,87040
29,28,4096,87040
29,27,5120,87040
29,55,5120,87040
29,28,6144,87040
29,55,6144,87040
29,83,6144,87040
29,28,7168,87040
29,55,7168,87040
29,59,0,88064
29,29,1024,88064
29,59,1024,88064
29,29,2048,88064
29,58,2048,88064
29,28,3072,88064
29,27,4096,88064
29,55,4096,88064
29,28,5120,88064
29,55,5120,88064
29,83,5120,88064
29,28,6144,88064
29,55,6144,88064
29,27,7168,88064
59,29,1024,88064
59,59,1024,88064
59,29,2048,88064
59,58,2048,88064
59,28,3072,88064
59,27,4096,88064
59,55,4096,88064
59,28,5120,88064
59,55,5120,88064
59,83,5120,88064
59,28,6144,88064
59,55,6144,88064
59,27,7168,88064
59,55,7168,88064
29,59,0,89088
29,29,1024,89088
29,58,1024,89088
29,28,2048,89088
29,27,3072,89088
29,55,3072,89088
29,28,4096,89088
29,55,4096,89088
29,83,4096,89088
29,28,5120,89088
29,55,5120,89088
29,27,6144,89088
29,55,6144,89088
29,28,7168,89088
59,29,1024,89088
59,58,1024,89088
59,28,2048,89088
59,27,3072,89088
59,55,3072,89088
59,28,4096,89088
59,55,4096,89088
59,83,4096,89088
59,28,5120,89088
59,55,5120,89088
59,27,6144,89088
59,55,6144,89088
59,28,7168,89088
59,55,7168,89088
29,58,0,90112
29,28,1024,90112
29,27,2048,90112
29,55,2048,90112
29,28,3072,90112
29,55,3072,90112
29,83,3072,90112
29,28,4096,90112
29,55,4096,90112
29,27,5120,90112
29,55,5120,90112
29,28,6144,90112
29,55,6144,90112
29,83,6144,90112
58,28,1024,90112
58,27,2048,90112
58,55,2048,90112
58,28,3072,90112
58,55,3072,90112
58,83,3072,90112
58,28,4096,90112
58,55,4096,90112
58,27,5120,90112
58,55,5120,90112
58,28,6144,90112
58,55,6144,90112
58,83,6144,90112
58,28,7168,90112
28,27,1024,91136
28,55,1024,91136
28,28,2048,91136
28,55,2048,91136
28,83,2048,91136
28,28,3072,91136
28,55,3072,91136
28,27,4096,91136
28,55,4096,91136
28,28,5120,91136
28,55,5120,91136
28,83,5120,91136
28,28,6144,91136
28,56,6144,91136
27,55,0,92160
27,28,1024,92160
27,55,1024,92160
27,83,1024,92160
27,28,2048,92160
27,55,2048,92160
27,27,3072,92160
27,55,3072,92160
27,28,4096,92160
27,55,4096,92160
27,83,4096,92160
27,28,5120,92160
27,56,5120,92160
27,27,6144,92160
55,28,1024,92160
55,55,1024,92160
55,83,1024,92160
55,28,2048,92160
55,55,2048,92160
55,27,3072,92160
55,55,3072,92160
55,28,4096,92160
55,55,4096,92160
55,83,4096,92160
55,28,5120,92160
55,56,5120,92160
55,27,6144,92160
55,54,6144,92160
28,55,0,93184
28,83,0,93184
28,28,1024,93184
28,55,1024,93184
28,27,2048,93184
28,55,2048,93184
28,28,3072,93184
28,55,3072,93184
28,83,3072,93184
28,28,4096,93184
28,56,4096,93184
28,27,5120,93184
28,54,5120,93184
28,27,7168,93184
55,83,0,93184
55,28,1024,93184
55,55,1024,93184
55,27,2048,93184
55,55,2048,93184
55,28,3072,93184
55,55,3072,93184
55,83,3072,93184
55,28,4096,93184
55,56,4096,93184
55,27,5120,93184
55,54,5120,93184
55,27,7168,93184
55,24,9216,93184
83,28,1024,93184
83,55,1024,93184
83,27,2048,93184
83,55,2048,93184
83,28,3072,93184
83,55,3072,93184
83,83,3072,93184
83,28,4096,93184
83,56,4096,93184
83,27,5120,93184
83,54,5120,93184
83,27,7168,93184
83,24,9216,93184
83,49,9216,93184
28,55,0,94208
28,27,1024,94208
28,55,1024,94208
28,28,2048,94208
28,55,2048,94208
28,83,2048,94208
28,28,3072,94208
28,56,3072,94208
28,27,4096,94208
28,54,4096,94208
28,27,6144,94208
28,24,8192,94208
28,49,8192,94208
28,24,9216,94208
55,27,1024,94208
55,55,1024,94208
55,28,2048,94208
55,55,2048,94208
55,83,2048,94208
55,28,3072,94208
55,56,3072,94208
55,27,4096,94208
55,54,4096,94208
55,27,6144,94208
55,24,8192,94208
55,49,8192,94208
55,24,9216,94208
55,49,9216,94208
27,55,0,95232
27,28,1024,95232
27,55,1024,95232
27,83,1024,95232
27,28,2048,95232
27,56,2048,95232
27,27,3072,95232
27,54,3072,95232
27,27,5120,95232
27,24,7168,95232
27,49,7168,95232
27,24,8192,95232
27,49,8192,95232
27,24,9216,95232
55,28,1024,95232
55,55,1024,95232
55,83,1024,95232
55,28,2048,95232
55,56,2048,95232
55,27,3072,95232
55,54,3072,95232
55,27,5120,95232
55,24,7168,95232
55,49,7168,95232
55,24,8192,95232
55,49,8192,95232
55,24,9216,95232
55,49,9216,95232
28,55,0,96256
28,83,0,96256
28,28,1024,96256
28,56,1024,96256
28,27,2048,96256
28,54,2048,96256
28,27,4096,96256
28,24,6144,96256
28,49,6144,96256
28,24,7168,96256
28,49,7168,96256
28,24,8192,96256
28,49,8192,96256
28,25,9216,96256
55,83,0,96256
55,28,1024,96256
55,56,1024,96256
55,27,2048,96256
55,54,2048,96256
55,27,4096,96256
55,24,6144,96256
55,49,6144,96256
55,24,7168,96256
55,49,7168,96256
55,24,8192,96256
55,49,8192,96256
55,25,9216,96256
55,47,10240,96256
83,28,1024,96256
83,56,1024,96256
83,27,2048,96256
83,54,2048,96256
83,27,4096,96256
83,24,6144,96256
83,49,6144,96256
83,24,7168,96256
83,49,7168,96256
83,24,8192,96256
83,49,8192,96256
83,25,9216,96256
83,47,10240,96256
28,56,0,97280
28,27,1024,97280
28,54,1024,97280
28,27,3072,97280
28,24,5120,97280
28,49,5120,97280
28,24,6144,97280
28,49,6144,97280
28,24,7168,97280
28,49,7168,97280
28,25,8192,97280
28,47,9216,97280
28,22,20480,97280
56,27,1024,97280
56,54,1024,97280
56,27,3072,97280
56,24,5120,97280
56,49,5120,97280
56,24,6144,97280
56,49,6144,97280
56,24,7168,97280
56,49,7168,97280
56,25,8192,97280
56,47,9216,97280
56,22,20480,97280
27,54,0,98304
27,27,2048,98304
27,24,4096,98304
27,49,4096,98304
27,24,5120,98304
27,49,5120,98304
27,24,6144,98304
27,49,6144,98304
27,25,7168,98304
27,47,8192,98304
27,22,19456,98304
27,22,20480,98304
54,27,2048,98304
54,24,4096,98304
54,49,4096,98304
54,24,5120,98304
54,49,5120,98304
54,24,6144,98304
54,49,6144,98304
54,25,7168,98304
54,47,8192,98304
54,22,19456,98304
54,22,20480,98304
27,24,2048,100352
27,49,2048,100352
27,24,3072,100352
27,49,3072,100352
27,24,4096,100352
27,49,4096,100352
27,25,5120,100352
27,47,6144,100352
27,22,17408,100352
27,22,18432,100352
27,22,19456,100352
27,24,20480,100352
27,48,20480,100352
24,49,0,102400
24,24,1024,102400
24,49,1024,102400
24,24,2048,102400
24,49,2048,102400
24,25,3072,102400
24,47,4096,102400
24,22,15360,102400
24,22,16384,102400
24,22,17408,102400
24,24,18432,102400
24,48,18432,102400
24,25,19456,102400
24,49,19456,102400
49,24,1024,102400
49,49,1024,102400
49,24,2048,102400
49,49,2048,102400
49,25,3072,102400
49,47,4096,102400
49,22,15360,102400
49,22,16384,102400
49,22,17408,102400
49,24,18432,102400
49,48,18432,102400
49,25,19456,102400
49,49,19456,102400
49,25,20480,102400
24,49,0,103424
24,24,1024,103424
24,49,1024,103424
24,25,2048,103424
24,47,3072,103424
24,22,14336,103424
24,22,15360,103424
24,22,16384,103424
24,24,17408,103424
24,48,17408,103424
24,25,18432,103424
24,49,18432,103424
24,25,19456,103424
24,49,19456,103424
49,24,1024,103424
49,49,1024,103424
49,25,2048,103424
49,47,3072,103424
49,22,14336,103424
49,22,15360,103424
49,22,16384,103424
49,24,17408,103424
49,48,17408,103424
49,25,18432,103424
49,49,18432,103424
49,25,19456,103424
49,49,19456,103424
49,24,20480,103424
24,49,0,104448
24,25,1024,104448
24,47,2048,104448
24,22,13312,104448
24,22,14336,104448
24,22,15360,104448
24,24,16384,104448
24,48,16384,104448
24,25,17408,104448
24,49,17408,104448
24,25,18432,104448
24,49,18432,104448
24,24,19456,104448
24,49,19456,104448
49,25,1024,104448
49,47,2048,104448
49,22,13312,104448
49,22,14336,104448
49,22,15360,104448
49,24,16384,104448
49,48,16384,104448
49,25,17408,104448
49,49,17408,104448
49,25,18432,104448
49,49,18432,104448
49,24,19456,104448
49,49,19456,104448
25,47,1024,105472
25,22,12288,105472
25,22,13312,105472
25,22,14336,105472
25,24,15360,105472
25,48,15360,105472
25,25,16384,105472
25,49,16384,105472
25,25,17408,105472
25,49,17408,105472
25,24,18432,105472
25,49,18432,105472
25,22,20480,105472
47,22,11264,106496
47,22,12288,106496
47,22,13312,106496
47,24,14336,106496
47,48,14336,106496
47,25,15360,106496
47,49,15360,106496
47,25,16384,106496
47,49,16384,106496
47,24,17408,106496
47,49,17408,106496
47,22,19456,106496
47,22,20480,106496
22,22,1024,117760
22,22,2048,117760
22,24,3072,117760
22,48,3072,117760
22,25,4096,117760
22,49,4096,117760
22,25,5120,117760
22,49,5120,117760
22,24,6144,117760
22,49,6144,117760
22,22,8192,117760
22,22,9216,117760
22,21,10240,117760
22,48,12288,117760
22,22,1024,118784
22,24,2048,118784
22,48,2048,118784
22,25,3072,118784
22,49,3072,118784
22,25,4096,118784
22,49,4096,118784
22,24,5120,118784
22,49,5120,118784
22,22,7168,118784
22,22,8192,118784
22,21,9216,118784
22,48,11264,118784
22,25,12288,118784
22,24,1024,119808
22,48,1024,119808
22,25,2048,119808
22,49,2048,119808
22,25,3072,119808
22,49,3072,119808
22,24,4096,119808
22,49,4096,119808
22,22,6144,119808
22,22,7168,119808
22,21,8192,119808
22,48,10240,119808
22,25,11264,119808
22,50,11264,119808
24,48,0,120832
24,25,1024,120832
24,49,1024,120832
24,25,2048,120832
24,49,2048,120832
24,24,3072,120832
24,49,3072,120832
24,22,5120,120832
24,22,6144,120832
24,21,7168,120832
24,48,9216,120832
24,25,10240,120832
24,50,10240,120832
24,51,11264,120832
48,25,1024,120832
48,49,1024,120832
48,25,2048,120832
48,49,2048,120832
48,24,3072,120832
48,49,3072,120832
48,22,5120,120832
48,22,6144,120832
48,21,7168,120832
48,48,9216,120832
48,25,10240,120832
48,50,10240,120832
48,51,11264,120832
48,51,12288,120832
25,49,0,121856
25,25,1024,121856
25,49,1024,121856
25,24,2048,121856
25,49,2048,121856
25,22,4096,121856
25,22,5120,121856
25,21,6144,121856
25,48,8192,121856
25,25,9216,121856
25,50,9216,121856
25,51,10240,121856
25,51,11264,121856
25,51,12288,121856
49,25,1024,121856
49,49,1024,121856
49,24,2048,121856
49,49,2048,121856
49,22,4096,121856
49,22,5120,121856
49,21,6144,121856
49,48,8192,121856
49,25,9216,121856
49,50,9216,121856
49,51,10240,121856
49,51,11264,121856
49,51,12288,121856
49,51,13312,121856
25,49,0,122880
25,24,1024,122880
25,49,1024,122880
25,22,3072,122880
25,22,4096,122880
25,21,5120,122880
25,48,7168,122880
25,25,8192,122880
25,50,8192,122880
25,51,9216,122880
25,51,10240,122880
25,51,11264,122880
25,51,12288,122880
25,51,13312,122880
49,24,1024,122880
49,49,1024,122880
49,22,3072,122880
49,22,4096,122880
49,21,5120,122880
49,48,7168,122880
49,25,8192,122880
49,50,8192,122880
49,51,9216,122880
49,51,10240,122880
49,51,11264,122880
49,51,12288,122880
49,51,13312,122880
49,51,14336,122880
24,49,0,123904
24,22,2048,123904
24,22,3072,123904
24,21,4096,123904
24,48,6144,123904
24,25,7168,123904
24,50,7168,123904
24,51,8192,123904
24,51,9216,123904
24,51,10240,123904
24,51,11264,123904
24,51,12288,123904
24,51,13312,123904
24,51,14336,123904
49,22,2048,123904
49,22,3072,123904
49,21,4096,123904
49,48,6144,123904
49,25,7168,123904
49,50,7168,123904
49,51,8192,123904
49,51,9216,123904
49,51,10240,123904
49,51,11264,123904
49,51,12288,123904
49,51,13312,123904
49,51,14336,123904
49,51,15360,123904
22,22,1024,125952
22,21,2048,125952
22,48,4096,125952
22,25,5120,125952
22,50,5120,125952
22,51,6144,125952
22,51,7168,125952
22,51,8192,125952
22,51,9216,125952
22,51,10240,125952
22,51,11264,125952
22,51,12288,125952
22,51,13312,125952
22,21,1024,126976
22,48,3072,126976
22,25,4096,126976
22,50,4096,126976
22,51,5120,126976
22,51,6144,126976
22,51,7168,126976
22,51,8192,126976
22,51,9216,126976
22,51,10240,126976
22,51,11264,126976
22,51,12288,126976
21,48,2048,128000
21,25,3072,128000
21,50,3072,128000
21,51,4096,128000
21,51,5120,128000
21,51,6144,128000
21,51,7168,128000
21,51,8192,128000
21,51,9216,128000
21,51,10240,128000
21,51,11264,128000
48,25,1024,130048
48,50,1024,130048
48,51,2048,130048
48,51,3072,130048
48,51,4096,130048
48,51,5120,130048
48,51,6144,130048
48,51,7168,130048
48,51,8192,130048
48,51,9216,130048
25,50,0,131072
25,51,1024,131072
25,51,2048,131072
25,51,3072,131072
25,51,4096,131072
25,51,5120,131072
25,51,6144,131072
25,51,7168,131072
25,51,8192,131072
50,51,1024,131072
50,51,2048,131072
50,51,3072,131072
50,51,4096,131072
50,51,5120,131072
50,51,6144,131072
50,51,7168,131072
50,51,8192,131072
51,51,1024,132096
51,51,2048,132096
51,51,3072,132096
51,51,4096,132096
51,51,5120,132096
51,51,6144,132096
51,51,7168,132096
51,51,1024,133120
51,51,2048,133120
51,51,3072,133120
51,51,4096,133120
51,51,5120,133120
51,51,6144,133120
51,51,1024,134144
51,51,2048,134144
51,51,3072,134144
51,51,4096,134144
51,51,5120,134144
51,51,1024,135168
51,51,2048,135168
51,51,3072,135168
51,51,4096,135168
51,51,1024,136192
51,51,2048,136192
51,51,3072,136192
51,51,1024,137216
51,51,2048,137216
51,51,1024,138240
22,27,1024,246784
22,28,2048,246784
22,33,3072,246784
22,33,4096,246784
22,27,5120,246784
22,54,5120,246784
22,22,6144,246784
22,22,7168,246784
27,28,1024,247808
27,33,2048,247808
27,33,3072,247808
27,27,4096,247808
27,54,4096,247808
27,22,5120,247808
27,22,6144,247808
28,33,1024,248832
28,33,2048,248832
28,27,3072,248832
28,54,3072,248832
28,22,4096,248832
28,22,5120,248832
28,24,20480,248832
33,33,1024,249856
33,27,2048,249856
33,54,2048,249856
33,22,3072,249856
33,22,4096,249856
33,24,19456,249856
33,27,1024,250880
33,54,1024,250880
33,22,2048,250880
33,22,3072,250880
33,24,18432,250880
33,29,20480,250880
33,57,20480,250880
27,54,0,251904
27,22,1024,251904
27,22,2048,251904
27,24,17408,251904
27,29,19456,251904
27,57,19456,251904
27,29,20480,251904
54,22,1024,251904
54,22,2048,251904
54,24,17408,251904
54,29,19456,251904
54,57,19456,251904
54,29,20480,251904
22,22,1024,252928
22,24,16384,252928
22,29,18432,252928
22,57,18432,252928
22,29,19456,252928
22,26,20480,252928
22,52,20480,252928
22,24,15360,253952
22,29,17408,253952
22,57,17408,253952
22,29,18432,253952
22,26,19456,253952
22,52,19456,253952
22,22,20480,253952
24,29,2048,269312
24,57,2048,269312
24,29,3072,269312
24,26,4096,269312
24,52,4096,269312
24,22,5120,269312
24,22,6144,269312
24,23,7168,269312
24,24,9216,269312
24,49,9216,269312
24,23,11264,269312
24,46,11264,269312
24,22,12288,269312
24,22,13312,269312
29,57,0,271360
29,29,1024,271360
29,26,2048,271360
29,52,2048,271360
29,22,3072,271360
29,22,4096,271360
29,23,5120,271360
29,24,7168,271360
29,49,7168,271360
29,23,9216,271360
29,46,9216,271360
29,22,10240,271360
29,22,11264,271360
29,19,12288,271360
57,29,1024,271360
57,26,2048,271360
57,52,2048,271360
57,22,3072,271360
57,22,4096,271360
57,23,5120,271360
57,24,7168,271360
57,49,7168,271360
57,23,9216,271360
57,46,9216,271360
57,22,10240,271360
57,22,11264,271360
57,19,12288,271360
57,19,13312,271360
29,26,1024,272384
29,52,1024,272384
29,22,2048,272384
29,22,3072,272384
29,23,4096,272384
29,24,6144,272384
29,49,6144,272384
29,23,8192,272384
29,46,8192,272384
29,22,9216,272384
29,22,10240,272384
29,19,11264,272384
29,19,12288,272384
29,19,13312,272384
26,52,0,273408
26,22,1024,273408
26,22,2048,273408
26,23,3072,273408
26,24,5120,273408
26,49,5120,273408
26,23,7168,273408
26,46,7168,273408
26,22,8192,273408
26,22,9216,273408
26,19,10240,273408
26,19,11264,273408
26,19,12288,273408
52,22,1024,273408
52,22,2048,273408
52,23,3072,273408
52,24,5120,273408
52,49,5120,273408
52,23,7168,273408
52,46,7168,273408
52,22,8192,273408
52,22,9216,273408
52,19,10240,273408
52,19,11264,273408
52,19,12288,273408
22,22,1024,274432
22,23,2048,274432
22,24,4096,274432
22,49,4096,274432
22,23,6144,274432
22,46,6144,274432
22,22,7168,274432
22,22,8192,274432
22,19,9216,274432
22,19,10240,274432
22,19,11264,274432
22,23,1024,275456
22,24,3072,275456
22,49,3072,275456
22,23,5120,275456
22,46,5120,275456
22,22,6144,275456
22,22,7168,275456
22,19,8192,275456
22,19,9216,275456
22,19,10240,275456
23,24,2048,276480
23,49,2048,276480
23,23,4096,276480
23,46,4096,276480
23,22,5120,276480
23,22,6144,276480
23,19,7168,276480
23,19,8192,276480
23,19,9216,276480
24,49,0,278528
24,23,2048,278528
24,46,2048,278528
24,22,3072,278528
24,22,4096,278528
24,19,5120,278528
24,19,6144,278528
24,19,7168,278528
49,23,2048,278528
49,46,2048,278528
49,22,3072,278528
49,22,4096,278528
49,19,5120,278528
49,19,6144,278528
49,19,7168,278528
23,46,0,280576
23,22,1024,280576
23,22,2048,280576
23,19,3072,280576
23,19,4096,280576
23,19,5120,280576
46,22,1024,280576
46,22,2048,280576
46,19,3072,280576
46,19,4096,280576
46,19,5120,280576
22,22,1024,281600
22,19,2048,281600
22,19,3072,281600
22,19,4096,281600
22,19,1024,282624
22,19,2048,282624
22,19,3072,282624
19,19,1024,283648
19,19,2048,283648
19,19,1024,284672
