98,34,2048,0
98,103,4096,0
98,98,6144,0
98,43,16384,0
98,43,17408,0
98,116,18432,0
98,64,19456,0
34,103,2048,2048
34,98,4096,2048
34,43,14336,2048
34,43,15360,2048
34,116,16384,2048
34,64,17408,2048
103,98,2048,4096
103,43,12288,4096
103,43,13312,4096
103,116,14336,4096
103,64,15360,4096
98,43,10240,6144
98,43,11264,6144
98,116,12288,6144
98,64,13312,6144
98,64,20480,6144
43,43,1024,16384
43,116,2048,16384
43,64,3072,16384
43,64,10240,16384
43,147,13312,16384
43,43,14336,16384
43,46,15360,16384
43,46,16384,16384
43,13,19456,16384
43,72,20480,16384
43,116,1024,17408
43,64,2048,17408
43,64,9216,17408
43,147,12288,17408
43,43,13312,17408
43,46,14336,17408
43,46,15360,17408
43,13,18432,17408
43,72,19456,17408
43,146,20480,17408
116,64,1024,18432
116,64,8192,18432
116,147,11264,18432
116,43,12288,18432
116,46,13312,18432
116,46,14336,18432
116,13,17408,18432
116,72,18432,18432
116,146,19456,18432
116,146,20480,18432
64,64,7168,19456
64,147,10240,19456
64,43,11264,19456
64,46,12288,19456
64,46,13312,19456
64,13,16384,19456
64,72,17408,19456
64,146,18432,19456
64,146,19456,19456
64,146,20480,19456
64,147,3072,26624
64,43,4096,26624
64,46,5120,26624
64,46,6144,26624
64,13,9216,26624
64,72,10240,26624
64,146,11264,26624
64,146,12288,26624
64,146,13312,26624
64,73,14336,26624
64,196,16384,26624
64,196,17408,26624
64,117,19456,26624
147,43,1024,29696
147,46,2048,29696
147,46,3072,29696
147,13,6144,29696
147,72,7168,29696
147,146,8192,29696
147,146,9216,29696
147,146,10240,29696
147,73,11264,29696
147,196,13312,29696
147,196,14336,29696
147,117,16384,29696
147,110,18432,29696
147,110,19456,29696
43,46,1024,30720
43,46,2048,30720
43,13,5120,30720
43,72,6144,30720
43,146,7168,30720
43,146,8192,30720
43,146,9216,30720
43,73,10240,30720
43,196,12288,30720
43,196,13312,30720
43,117,15360,30720
43,110,17408,30720
43,110,18432,30720
46,46,1024,31744
46,13,4096,31744
46,72,5120,31744
46,146,6144,31744
46,146,7168,31744
46,146,8192,31744
46,73,9216,31744
46,196,11264,31744
46,196,12288,31744
46,117,14336,31744
46,110,16384,31744
46,110,17408,31744
46,13,3072,32768
46,72,4096,32768
46,146,5120,32768
46,146,6144,32768
46,146,7168,32768
46,73,8192,32768
46,196,10240,32768
46,196,11264,32768
46,117,13312,32768
46,110,15360,32768
46,110,16384,32768
13,72,1024,35840
13,146,2048,35840
13,146,3072,35840
13,146,4096,35840
13,73,5120,35840
13,196,7168,35840
13,196,8192,35840
13,117,10240,35840
13,110,12288,35840
13,110,13312,35840
72,146,1024,36864
72,146,2048,36864
72,146,3072,36864
72,73,4096,36864
72,196,6144,36864
72,196,7168,36864
72,117,9216,36864
72,110,11264,36864
72,110,12288,36864
146,146,1024,37888
146,146,2048,37888
146,73,3072,37888
146,196,5120,37888
146,196,6144,37888
146,117,8192,37888
146,110,10240,37888
146,110,11264,37888
146,146,1024,38912
146,73,2048,38912
146,196,4096,38912
146,196,5120,38912
146,117,7168,38912
146,110,9216,38912
146,110,10240,38912
146,73,1024,39936
146,196,3072,39936
146,196,4096,39936
146,117,6144,39936
146,110,8192,39936
146,110,9216,39936
146,9,20480,39936
73,196,2048,40960
73,196,3072,40960
73,117,5120,40960
73,110,7168,40960
73,110,8192,40960
73,9,19456,40960
73,8,20480,40960
196,196,1024,43008
196,117,3072,43008
196,110,5120,43008
196,110,6144,43008
196,9,17408,43008
196,8,18432,43008
196,9,19456,43008
196,9,20480,43008
196,117,2048,44032
196,110,4096,44032
196,110,5120,44032
196,9,16384,44032
196,8,17408,44032
196,9,18432,44032
196,9,19456,44032
196,96,20480,44032
117,110,2048,46080
117,110,3072,46080
117,9,14336,46080
117,8,15360,46080
117,9,16384,46080
117,9,17408,46080
117,96,18432,46080
117,97,19456,46080
117,8,20480,46080
110,110,1024,48128
110,9,12288,48128
110,8,13312,48128
110,9,14336,48128
110,9,15360,48128
110,96,16384,48128
110,97,17408,48128
110,8,18432,48128
110,9,19456,48128
110,9,20480,48128
110,9,11264,49152
110,8,12288,49152
110,9,13312,49152
110,9,14336,49152
110,96,15360,49152
110,97,16384,49152
110,8,17408,49152
110,9,18432,49152
110,9,19456,49152
9,8,1024,60416
9,9,2048,60416
9,9,3072,60416
9,96,4096,60416
9,97,5120,60416
9,8,6144,60416
9,9,7168,60416
9,9,8192,60416
9,110,12288,60416
9,9,13312,60416
9,43,14336,60416
9,9,19456,60416
9,9,20480,60416
8,9,1024,61440
8,9,2048,61440
8,96,3072,61440
8,97,4096,61440
8,8,5120,61440
8,9,6144,61440
8,9,7168,61440
8,110,11264,61440
8,9,12288,61440
8,43,13312,61440
8,9,18432,61440
8,9,19456,61440
8,8,20480,61440
9,9,1024,62464
9,96,2048,62464
9,97,3072,62464
9,8,4096,62464
9,9,5120,62464
9,9,6144,62464
9,110,10240,62464
9,9,11264,62464
9,43,12288,62464
9,9,17408,62464
9,9,18432,62464
9,8,19456,62464
9,8,20480,62464
9,96,1024,63488
9,97,2048,63488
9,8,3072,63488
9,9,4096,63488
9,9,5120,63488
9,110,9216,63488
9,9,10240,63488
9,43,11264,63488
9,9,16384,63488
9,9,17408,63488
9,8,18432,63488
9,8,19456,63488
9,8,20480,63488
96,97,1024,64512
96,8,2048,64512
96,9,3072,64512
96,9,4096,64512
96,110,8192,64512
96,9,9216,64512
96,43,10240,64512
96,9,15360,64512
96,9,16384,64512
96,8,17408,64512
96,8,18432,64512
96,8,19456,64512
97,8,1024,65536
97,9,2048,65536
97,9,3072,65536
97,110,7168,65536
97,9,8192,65536
97,43,9216,65536
97,9,14336,65536
97,9,15360,65536
97,8,16384,65536
97,8,17408,65536
97,8,18432,65536
97,41,20480,65536
8,9,1024,66560
8,9,2048,66560
8,110,6144,66560
8,9,7168,66560
8,43,8192,66560
8,9,13312,66560
8,9,14336,66560
8,8,15360,66560
8,8,16384,66560
8,8,17408,66560
8,41,19456,66560
8,41,20480,66560
9,9,1024,67584
9,110,5120,67584
9,9,6144,67584
9,43,7168,67584
9,9,12288,67584
9,9,13312,67584
9,8,14336,67584
9,8,15360,67584
9,8,16384,67584
9,41,18432,67584
9,41,19456,67584
9,41,20480,67584
9,110,4096,68608
9,9,5120,68608
9,43,6144,68608
9,9,11264,68608
9,9,12288,68608
9,8,13312,68608
9,8,14336,68608
9,8,15360,68608
9,41,17408,68608
9,41,18432,68608
9,41,19456,68608
110,9,1024,72704
110,43,2048,72704
110,9,7168,72704
110,9,8192,72704
110,8,9216,72704
110,8,10240,72704
110,8,11264,72704
110,41,13312,72704
110,41,14336,72704
110,41,15360,72704
110,43,18432,72704
110,43,19456,72704
9,43,1024,73728
9,9,6144,73728
9,9,7168,73728
9,8,8192,73728
9,8,9216,73728
9,8,10240,73728
9,41,12288,73728
9,41,13312,73728
9,41,14336,73728
9,43,17408,73728
9,43,18432,73728
43,9,5120,74752
43,9,6144,74752
43,8,7168,74752
43,8,8192,74752
43,8,9216,74752
43,41,11264,74752
43,41,12288,74752
43,41,13312,74752
43,43,16384,74752
43,43,17408,74752
9,9,1024,79872
9,8,2048,79872
9,8,3072,79872
9,8,4096,79872
9,41,6144,79872
9,41,7168,79872
9,41,8192,79872
9,43,11264,79872
9,43,12288,79872
9,8,16384,79872
9,8,17408,79872
9,72,18432,79872
9,73,19456,79872
9,8,20480,79872
9,8,1024,80896
9,8,2048,80896
9,8,3072,80896
9,41,5120,80896
9,41,6144,80896
9,41,7168,80896
9,43,10240,80896
9,43,11264,80896
9,8,15360,80896
9,8,16384,80896
9,72,17408,80896
9,73,18432,80896
9,8,19456,80896
8,8,1024,81920
8,8,2048,81920
8,41,4096,81920
8,41,5120,81920
8,41,6144,81920
8,43,9216,81920
8,43,10240,81920
8,8,14336,81920
8,8,15360,81920
8,72,16384,81920
8,73,17408,81920
8,8,18432,81920
8,37,20480,81920
8,8,1024,82944
8,41,3072,82944
8,41,4096,82944
8,41,5120,82944
8,43,8192,82944
8,43,9216,82944
8,8,13312,82944
8,8,14336,82944
8,72,15360,82944
8,73,16384,82944
8,8,17408,82944
8,37,19456,82944
8,8,20480,82944
8,41,2048,83968
8,41,3072,83968
8,41,4096,83968
8,43,7168,83968
8,43,8192,83968
8,8,12288,83968
8,8,13312,83968
8,72,14336,83968
8,73,15360,83968
8,8,16384,83968
8,37,18432,83968
8,8,19456,83968
8,34,20480,83968
41,41,1024,86016
41,41,2048,86016
41,43,5120,86016
41,43,6144,86016
41,8,10240,86016
41,8,11264,86016
41,72,12288,86016
41,73,13312,86016
41,8,14336,86016
41,37,16384,86016
41,8,17408,86016
41,34,18432,86016
41,72,20480,86016
41,41,1024,87040
41,43,4096,87040
41,43,5120,87040
41,8,9216,87040
41,8,10240,87040
41,72,11264,87040
41,73,12288,87040
41,8,13312,87040
41,37,15360,87040
41,8,16384,87040
41,34,17408,87040
41,72,19456,87040
41,43,3072,88064
41,43,4096,88064
41,8,8192,88064
41,8,9216,88064
41,72,10240,88064
41,73,11264,88064
41,8,12288,88064
41,37,14336,88064
41,8,15360,88064
41,34,16384,88064
41,72,18432,88064
43,43,1024,91136
43,8,5120,91136
43,8,6144,91136
43,72,7168,91136
43,73,8192,91136
43,8,9216,91136
43,37,11264,91136
43,8,12288,91136
43,34,13312,91136
43,72,15360,91136
43,37,18432,91136
43,9,19456,91136
43,10,20480,91136
43,8,4096,92160
43,8,5120,92160
43,72,6144,92160
43,73,7168,92160
43,8,8192,92160
43,37,10240,92160
43,8,11264,92160
43,34,12288,92160
43,72,14336,92160
43,37,17408,92160
43,9,18432,92160
43,10,19456,92160
8,8,1024,96256
8,72,2048,96256
8,73,3072,96256
8,8,4096,96256
8,37,6144,96256
8,8,7168,96256
8,34,8192,96256
8,72,10240,96256
8,37,13312,96256
8,9,14336,96256
8,10,15360,96256
8,71,17408,96256
8,72,1024,97280
8,73,2048,97280
8,8,3072,97280
8,37,5120,97280
8,8,6144,97280
8,34,7168,97280
8,72,9216,97280
8,37,12288,97280
8,9,13312,97280
8,10,14336,97280
8,71,16384,97280
72,73,1024,98304
72,8,2048,98304
72,37,4096,98304
72,8,5120,98304
72,34,6144,98304
72,72,8192,98304
72,37,11264,98304
72,9,12288,98304
72,10,13312,98304
72,71,15360,98304
72,26,20480,98304
73,8,1024,99328
73,37,3072,99328
73,8,4096,99328
73,34,5120,99328
73,72,7168,99328
73,37,10240,99328
73,9,11264,99328
73,10,12288,99328
73,71,14336,99328
73,26,19456,99328
8,37,2048,100352
8,8,3072,100352
8,34,4096,100352
8,72,6144,100352
8,37,9216,100352
8,9,10240,100352
8,10,11264,100352
8,71,13312,100352
8,26,18432,100352
8,73,20480,100352
37,8,1024,102400
37,34,2048,102400
37,72,4096,102400
37,37,7168,102400
37,9,8192,102400
37,10,9216,102400
37,71,11264,102400
37,26,16384,102400
37,73,18432,102400
37,73,19456,102400
8,34,1024,103424
8,72,3072,103424
8,37,6144,103424
8,9,7168,103424
8,10,8192,103424
8,71,10240,103424
8,26,15360,103424
8,73,17408,103424
8,73,18432,103424
34,72,2048,104448
34,37,5120,104448
34,9,6144,104448
34,10,7168,104448
34,71,9216,104448
34,26,14336,104448
34,73,16384,104448
34,73,17408,104448
72,37,3072,106496
72,9,4096,106496
72,10,5120,106496
72,71,7168,106496
72,26,12288,106496
72,73,14336,106496
72,73,15360,106496
72,7,19456,106496
72,7,20480,106496
37,9,1024,109568
37,10,2048,109568
37,71,4096,109568
37,26,9216,109568
37,73,11264,109568
37,73,12288,109568
37,7,16384,109568
37,7,17408,109568
37,7,18432,109568
37,7,19456,109568
37,7,20480,109568
9,10,1024,110592
9,71,3072,110592
9,26,8192,110592
9,73,10240,110592
9,73,11264,110592
9,7,15360,110592
9,7,16384,110592
9,7,17408,110592
9,7,18432,110592
9,7,19456,110592
10,71,2048,111616
10,26,7168,111616
10,73,9216,111616
10,73,10240,111616
10,7,14336,111616
10,7,15360,111616
10,7,16384,111616
10,7,17408,111616
10,7,18432,111616
71,26,5120,113664
71,73,7168,113664
71,73,8192,113664
71,7,12288,113664
71,7,13312,113664
71,7,14336,113664
71,7,15360,113664
71,7,16384,113664
71,49,20480,113664
26,73,2048,118784
26,73,3072,118784
26,7,7168,118784
26,7,8192,118784
26,7,9216,118784
26,7,10240,118784
26,7,11264,118784
26,49,15360,118784
26,49,16384,118784
26,49,17408,118784
26,32,20480,118784
73,73,1024,120832
73,7,5120,120832
73,7,6144,120832
73,7,7168,120832
73,7,8192,120832
73,7,9216,120832
73,49,13312,120832
73,49,14336,120832
73,49,15360,120832
73,32,18432,120832
73,32,19456,120832
73,7,20480,120832
73,7,4096,121856
73,7,5120,121856
73,7,6144,121856
73,7,7168,121856
73,7,8192,121856
73,49,12288,121856
73,49,13312,121856
73,49,14336,121856
73,32,17408,121856
73,32,18432,121856
73,7,19456,121856
73,7,20480,121856
7,7,1024,125952
7,7,2048,125952
7,7,3072,125952
7,7,4096,125952
7,49,8192,125952
7,49,9216,125952
7,49,10240,125952
7,32,13312,125952
7,32,14336,125952
7,7,15360,125952
7,7,16384,125952
7,71,17408,125952
7,7,18432,125952
7,74,19456,125952
7,7,1024,126976
7,7,2048,126976
7,7,3072,126976
7,49,7168,126976
7,49,8192,126976
7,49,9216,126976
7,32,12288,126976
7,32,13312,126976
7,7,14336,126976
7,7,15360,126976
7,71,16384,126976
7,7,17408,126976
7,74,18432,126976
7,112,19456,126976
7,7,1024,128000
7,7,2048,128000
7,49,6144,128000
7,49,7168,128000
7,49,8192,128000
7,32,11264,128000
7,32,12288,128000
7,7,13312,128000
7,7,14336,128000
7,71,15360,128000
7,7,16384,128000
7,74,17408,128000
7,112,18432,128000
7,113,19456,128000
7,7,1024,129024
7,49,5120,129024
7,49,6144,129024
7,49,7168,129024
7,32,10240,129024
7,32,11264,129024
7,7,12288,129024
7,7,13312,129024
7,71,14336,129024
7,7,15360,129024
7,74,16384,129024
7,112,17408,129024
7,113,18432,129024
7,38,19456,129024
7,49,4096,130048
7,49,5120,130048
7,49,6144,130048
7,32,9216,130048
7,32,10240,130048
7,7,11264,130048
7,7,12288,130048
7,71,13312,130048
7,7,14336,130048
7,74,15360,130048
7,112,16384,130048
7,113,17408,130048
7,38,18432,130048
7,38,19456,130048
49,49,1024,134144
49,49,2048,134144
49,32,5120,134144
49,32,6144,134144
49,7,7168,134144
49,7,8192,134144
49,71,9216,134144
49,7,10240,134144
49,74,11264,134144
49,112,12288,134144
49,113,13312,134144
49,38,14336,134144
49,38,15360,134144
49,38,18432,134144
49,49,1024,135168
49,32,4096,135168
49,32,5120,135168
49,7,6144,135168
49,7,7168,135168
49,71,8192,135168
49,7,9216,135168
49,74,10240,135168
49,112,11264,135168
49,113,12288,135168
49,38,13312,135168
49,38,14336,135168
49,38,17408,135168
49,102,18432,135168
49,32,3072,136192
49,32,4096,136192
49,7,5120,136192
49,7,6144,136192
49,71,7168,136192
49,7,8192,136192
49,74,9216,136192
49,112,10240,136192
49,113,11264,136192
49,38,12288,136192
49,38,13312,136192
49,38,16384,136192
49,102,17408,136192
49,68,18432,136192
32,32,1024,139264
32,7,2048,139264
32,7,3072,139264
32,71,4096,139264
32,7,5120,139264
32,74,6144,139264
32,112,7168,139264
32,113,8192,139264
32,38,9216,139264
32,38,10240,139264
32,38,13312,139264
32,102,14336,139264
32,68,15360,139264
32,97,16384,139264
32,7,1024,140288
32,7,2048,140288
32,71,3072,140288
32,7,4096,140288
32,74,5120,140288
32,112,6144,140288
32,113,7168,140288
32,38,8192,140288
32,38,9216,140288
32,38,12288,140288
32,102,13312,140288
32,68,14336,140288
32,97,15360,140288
32,97,16384,140288
7,7,1024,141312
7,71,2048,141312
7,7,3072,141312
7,74,4096,141312
7,112,5120,141312
7,113,6144,141312
7,38,7168,141312
7,38,8192,141312
7,38,11264,141312
7,102,12288,141312
7,68,13312,141312
7,97,14336,141312
7,97,15360,141312
7,7,16384,141312
7,71,1024,142336
7,7,2048,142336
7,74,3072,142336
7,112,4096,142336
7,113,5120,142336
7,38,6144,142336
7,38,7168,142336
7,38,10240,142336
7,102,11264,142336
7,68,12288,142336
7,97,13312,142336
7,97,14336,142336
7,7,15360,142336
7,7,16384,142336
71,7,1024,143360
71,74,2048,143360
71,112,3072,143360
71,113,4096,143360
71,38,5120,143360
71,38,6144,143360
71,38,9216,143360
71,102,10240,143360
71,68,11264,143360
71,97,12288,143360
71,97,13312,143360
71,7,14336,143360
71,7,15360,143360
71,49,16384,143360
7,74,1024,144384
7,112,2048,144384
7,113,3072,144384
7,38,4096,144384
7,38,5120,144384
7,38,8192,144384
7,102,9216,144384
7,68,10240,144384
7,97,11264,144384
7,97,12288,144384
7,7,13312,144384
7,7,14336,144384
7,49,15360,144384
7,63,17408,144384
74,112,1024,145408
74,113,2048,145408
74,38,3072,145408
74,38,4096,145408
74,38,7168,145408
74,102,8192,145408
74,68,9216,145408
74,97,10240,145408
74,97,11264,145408
74,7,12288,145408
74,7,13312,145408
74,49,14336,145408
74,63,16384,145408
74,64,17408,145408
112,113,1024,146432
112,38,2048,146432
112,38,3072,146432
112,38,6144,146432
112,102,7168,146432
112,68,8192,146432
112,97,9216,146432
112,97,10240,146432
112,7,11264,146432
112,7,12288,146432
112,49,13312,146432
112,63,15360,146432
112,64,16384,146432
112,49,17408,146432
113,38,1024,147456
113,38,2048,147456
113,38,5120,147456
113,102,6144,147456
113,68,7168,147456
113,97,8192,147456
113,97,9216,147456
113,7,10240,147456
113,7,11264,147456
113,49,12288,147456
113,63,14336,147456
113,64,15360,147456
113,49,16384,147456
113,49,17408,147456
38,38,1024,148480
38,38,4096,148480
38,102,5120,148480
38,68,6144,148480
38,97,7168,148480
38,97,8192,148480
38,7,9216,148480
38,7,10240,148480
38,49,11264,148480
38,63,13312,148480
38,64,14336,148480
38,49,15360,148480
38,49,16384,148480
38,10,20480,148480
38,38,3072,149504
38,102,4096,149504
38,68,5120,149504
38,97,6144,149504
38,97,7168,149504
38,7,8192,149504
38,7,9216,149504
38,49,10240,149504
38,63,12288,149504
38,64,13312,149504
38,49,14336,149504
38,49,15360,149504
38,10,19456,149504
38,65,20480,149504
38,102,1024,152576
38,68,2048,152576
38,97,3072,152576
38,97,4096,152576
38,7,5120,152576
38,7,6144,152576
38,49,7168,152576
38,63,9216,152576
38,64,10240,152576
38,49,11264,152576
38,49,12288,152576
38,10,16384,152576
38,65,17408,152576
38,65,18432,152576
102,68,1024,153600
102,97,2048,153600
102,97,3072,153600
102,7,4096,153600
102,7,5120,153600
102,49,6144,153600
102,63,8192,153600
102,64,9216,153600
102,49,10240,153600
102,49,11264,153600
102,10,15360,153600
102,65,16384,153600
102,65,17408,153600
102,7,18432,153600
68,97,1024,154624
68,97,2048,154624
68,7,3072,154624
68,7,4096,154624
68,49,5120,154624
68,63,7168,154624
68,64,8192,154624
68,49,9216,154624
68,49,10240,154624
68,10,14336,154624
68,65,15360,154624
68,65,16384,154624
68,7,17408,154624
68,26,19456,154624
97,97,1024,155648
97,7,2048,155648
97,7,3072,155648
97,49,4096,155648
97,63,6144,155648
97,64,7168,155648
97,49,8192,155648
97,49,9216,155648
97,10,13312,155648
97,65,14336,155648
97,65,15360,155648
97,7,16384,155648
97,26,18432,155648
97,130,19456,155648
97,7,1024,156672
97,7,2048,156672
97,49,3072,156672
97,63,5120,156672
97,64,6144,156672
97,49,7168,156672
97,49,8192,156672
97,10,12288,156672
97,65,13312,156672
97,65,14336,156672
97,7,15360,156672
97,26,17408,156672
97,130,18432,156672
97,194,19456,156672
7,7,1024,157696
7,49,2048,157696
7,63,4096,157696
7,64,5120,157696
7,49,6144,157696
7,49,7168,157696
7,10,11264,157696
7,65,12288,157696
7,65,13312,157696
7,7,14336,157696
7,26,16384,157696
7,130,17408,157696
7,194,18432,157696
7,65,19456,157696
7,49,1024,158720
7,63,3072,158720
7,64,4096,158720
7,49,5120,158720
7,49,6144,158720
7,10,10240,158720
7,65,11264,158720
7,65,12288,158720
7,7,13312,158720
7,26,15360,158720
7,130,16384,158720
7,194,17408,158720
7,65,18432,158720
7,65,19456,158720
49,63,2048,159744
49,64,3072,159744
49,49,4096,159744
49,49,5120,159744
49,10,9216,159744
49,65,10240,159744
49,65,11264,159744
49,7,12288,159744
49,26,14336,159744
49,130,15360,159744
49,194,16384,159744
49,65,17408,159744
49,65,18432,159744
49,116,19456,159744
63,64,1024,161792
63,49,2048,161792
63,49,3072,161792
63,10,7168,161792
63,65,8192,161792
63,65,9216,161792
63,7,10240,161792
63,26,12288,161792
63,130,13312,161792
63,194,14336,161792
63,65,15360,161792
63,65,16384,161792
63,116,17408,161792
63,55,18432,161792
64,49,1024,162816
64,49,2048,162816
64,10,6144,162816
64,65,7168,162816
64,65,8192,162816
64,7,9216,162816
64,26,11264,162816
64,130,12288,162816
64,194,13312,162816
64,65,14336,162816
64,65,15360,162816
64,116,16384,162816
64,55,17408,162816
64,98,20480,162816
49,49,1024,163840
49,10,5120,163840
49,65,6144,163840
49,65,7168,163840
49,7,8192,163840
49,26,10240,163840
49,130,11264,163840
49,194,12288,163840
49,65,13312,163840
49,65,14336,163840
49,116,15360,163840
49,55,16384,163840
49,98,19456,163840
49,10,20480,163840
49,10,4096,164864
49,65,5120,164864
49,65,6144,164864
49,7,7168,164864
49,26,9216,164864
49,130,10240,164864
49,194,11264,164864
49,65,12288,164864
49,65,13312,164864
49,116,14336,164864
49,55,15360,164864
49,98,18432,164864
49,10,19456,164864
10,65,1024,168960
10,65,2048,168960
10,7,3072,168960
10,26,5120,168960
10,130,6144,168960
10,194,7168,168960
10,65,8192,168960
10,65,9216,168960
10,116,10240,168960
10,55,11264,168960
10,98,14336,168960
10,10,15360,168960
10,9,17408,168960
10,9,18432,168960
65,65,1024,169984
65,7,2048,169984
65,26,4096,169984
65,130,5120,169984
65,194,6144,169984
65,65,7168,169984
65,65,8192,169984
65,116,9216,169984
65,55,10240,169984
65,98,13312,169984
65,10,14336,169984
65,9,16384,169984
65,9,17408,169984
65,6,18432,169984
65,7,1024,171008
65,26,3072,171008
65,130,4096,171008
65,194,5120,171008
65,65,6144,171008
65,65,7168,171008
65,116,8192,171008
65,55,9216,171008
65,98,12288,171008
65,10,13312,171008
65,9,15360,171008
65,9,16384,171008
65,6,17408,171008
65,32,20480,171008
7,26,2048,172032
7,130,3072,172032
7,194,4096,172032
7,65,5120,172032
7,65,6144,172032
7,116,7168,172032
7,55,8192,172032
7,98,11264,172032
7,10,12288,172032
7,9,14336,172032
7,9,15360,172032
7,6,16384,172032
7,32,19456,172032
7,161,20480,172032
26,130,1024,174080
26,194,2048,174080
26,65,3072,174080
26,65,4096,174080
26,116,5120,174080
26,55,6144,174080
26,98,9216,174080
26,10,10240,174080
26,9,12288,174080
26,9,13312,174080
26,6,14336,174080
26,32,17408,174080
26,161,18432,174080
130,194,1024,175104
130,65,2048,175104
130,65,3072,175104
130,116,4096,175104
130,55,5120,175104
130,98,8192,175104
130,10,9216,175104
130,9,11264,175104
130,9,12288,175104
130,6,13312,175104
130,32,16384,175104
130,161,17408,175104
194,65,1024,176128
194,65,2048,176128
194,116,3072,176128
194,55,4096,176128
194,98,7168,176128
194,10,8192,176128
194,9,10240,176128
194,9,11264,176128
194,6,12288,176128
194,32,15360,176128
194,161,16384,176128
65,65,1024,177152
65,116,2048,177152
65,55,3072,177152
65,98,6144,177152
65,10,7168,177152
65,9,9216,177152
65,9,10240,177152
65,6,11264,177152
65,32,14336,177152
65,161,15360,177152
65,116,1024,178176
65,55,2048,178176
65,98,5120,178176
65,10,6144,178176
65,9,8192,178176
65,9,9216,178176
65,6,10240,178176
65,32,13312,178176
65,161,14336,178176
116,55,1024,179200
116,98,4096,179200
116,10,5120,179200
116,9,7168,179200
116,9,8192,179200
116,6,9216,179200
116,32,12288,179200
116,161,13312,179200
55,98,3072,180224
55,10,4096,180224
55,9,6144,180224
55,9,7168,180224
55,6,8192,180224
55,32,11264,180224
55,161,12288,180224
55,54,20480,180224
98,10,1024,183296
98,9,3072,183296
98,9,4096,183296
98,6,5120,183296
98,32,8192,183296
98,161,9216,183296
98,54,17408,183296
98,57,18432,183296
98,115,19456,183296
98,115,20480,183296
10,9,2048,184320
10,9,3072,184320
10,6,4096,184320
10,32,7168,184320
10,161,8192,184320
10,54,16384,184320
10,57,17408,184320
10,115,18432,184320
10,115,19456,184320
10,116,20480,184320
9,9,1024,186368
9,6,2048,186368
9,32,5120,186368
9,161,6144,186368
9,54,14336,186368
9,57,15360,186368
9,115,16384,186368
9,115,17408,186368
9,116,18432,186368
9,116,19456,186368
9,116,20480,186368
9,6,1024,187392
9,32,4096,187392
9,161,5120,187392
9,54,13312,187392
9,57,14336,187392
9,115,15360,187392
9,115,16384,187392
9,116,17408,187392
9,116,18432,187392
9,116,19456,187392
6,32,3072,188416
6,161,4096,188416
6,54,12288,188416
6,57,13312,188416
6,115,14336,188416
6,115,15360,188416
6,116,16384,188416
6,116,17408,188416
6,116,18432,188416
6,116,20480,188416
32,161,1024,191488
32,54,9216,191488
32,57,10240,191488
32,115,11264,191488
32,115,12288,191488
32,116,13312,191488
32,116,14336,191488
32,116,15360,191488
32,116,17408,191488
32,58,18432,191488
32,58,19456,191488
32,116,20480,191488
161,54,8192,192512
161,57,9216,192512
161,115,10240,192512
161,115,11264,192512
161,116,12288,192512
161,116,13312,192512
161,116,14336,192512
161,116,16384,192512
161,58,17408,192512
161,58,18432,192512
161,116,19456,192512
54,57,1024,200704
54,115,2048,200704
54,115,3072,200704
54,116,4096,200704
54,116,5120,200704
54,116,6144,200704
54,116,8192,200704
54,58,9216,200704
54,58,10240,200704
54,116,11264,200704
54,58,13312,200704
54,43,14336,200704
54,116,15360,200704
54,115,16384,200704
57,115,1024,201728
57,115,2048,201728
57,116,3072,201728
57,116,4096,201728
57,116,5120,201728
57,116,7168,201728
57,58,8192,201728
57,58,9216,201728
57,116,10240,201728
57,58,12288,201728
57,43,13312,201728
57,116,14336,201728
57,115,15360,201728
57,115,16384,201728
115,115,1024,202752
115,116,2048,202752
115,116,3072,202752
115,116,4096,202752
115,116,6144,202752
115,58,7168,202752
115,58,8192,202752
115,116,9216,202752
115,58,11264,202752
115,43,12288,202752
115,116,13312,202752
115,115,14336,202752
115,115,15360,202752
115,115,16384,202752
115,116,1024,203776
115,116,2048,203776
115,116,3072,203776
115,116,5120,203776
115,58,6144,203776
115,58,7168,203776
115,116,8192,203776
115,58,10240,203776
115,43,11264,203776
115,116,12288,203776
115,115,13312,203776
115,115,14336,203776
115,115,15360,203776
115,55,17408,203776
116,116,1024,204800
116,116,2048,204800
116,116,4096,204800
116,58,5120,204800
116,58,6144,204800
116,116,7168,204800
116,58,9216,204800
116,43,10240,204800
116,116,11264,204800
116,115,12288,204800
116,115,13312,204800
116,115,14336,204800
116,55,16384,204800
116,55,17408,204800
116,116,1024,205824
116,116,3072,205824
116,58,4096,205824
116,58,5120,205824
116,116,6144,205824
116,58,8192,205824
116,43,9216,205824
116,116,10240,205824
116,115,11264,205824
116,115,12288,205824
116,115,13312,205824
116,55,15360,205824
116,55,16384,205824
116,49,17408,205824
116,116,2048,206848
116,58,3072,206848
116,58,4096,206848
116,116,5120,206848
116,58,7168,206848
116,43,8192,206848
116,116,9216,206848
116,115,10240,206848
116,115,11264,206848
116,115,12288,206848
116,55,14336,206848
116,55,15360,206848
116,49,16384,206848
116,49,18432,206848
116,58,1024,208896
116,58,2048,208896
116,116,3072,208896
116,58,5120,208896
116,43,6144,208896
116,116,7168,208896
116,115,8192,208896
116,115,9216,208896
116,115,10240,208896
116,55,12288,208896
116,55,13312,208896
116,49,14336,208896
116,49,16384,208896
58,58,1024,209920
58,116,2048,209920
58,58,4096,209920
58,43,5120,209920
58,116,6144,209920
58,115,7168,209920
58,115,8192,209920
58,115,9216,209920
58,55,11264,209920
58,55,12288,209920
58,49,13312,209920
58,49,15360,209920
58,116,1024,210944
58,58,3072,210944
58,43,4096,210944
58,116,5120,210944
58,115,6144,210944
58,115,7168,210944
58,115,8192,210944
58,55,10240,210944
58,55,11264,210944
58,49,12288,210944
58,49,14336,210944
116,58,2048,211968
116,43,3072,211968
116,116,4096,211968
116,115,5120,211968
116,115,6144,211968
116,115,7168,211968
116,55,9216,211968
116,55,10240,211968
116,49,11264,211968
116,49,13312,211968
58,43,1024,214016
58,116,2048,214016
58,115,3072,214016
58,115,4096,214016
58,115,5120,214016
58,55,7168,214016
58,55,8192,214016
58,49,9216,214016
58,49,11264,214016
43,116,1024,215040
43,115,2048,215040
43,115,3072,215040
43,115,4096,215040
43,55,6144,215040
43,55,7168,215040
43,49,8192,215040
43,49,10240,215040
116,115,1024,216064
116,115,2048,216064
116,115,3072,216064
116,55,5120,216064
116,55,6144,216064
116,49,7168,216064
116,49,9216,216064
115,115,1024,217088
115,115,2048,217088
115,55,4096,217088
115,55,5120,217088
115,49,6144,217088
115,49,8192,217088
115,115,1024,218112
115,55,3072,218112
115,55,4096,218112
115,49,5120,218112
115,49,7168,218112
115,49,20480,218112
115,55,2048,219136
115,55,3072,219136
115,49,4096,219136
115,49,6144,219136
115,49,19456,219136
115,49,20480,219136
55,55,1024,221184
55,49,2048,221184
55,49,4096,221184
55,49,17408,221184
55,49,18432,221184
55,49,1024,222208
55,49,3072,222208
55,49,16384,222208
55,49,17408,222208
49,49,2048,223232
49,49,15360,223232
49,49,16384,223232
49,87,20480,223232
49,49,13312,225280
49,49,14336,225280
49,87,18432,225280
49,9,19456,225280
49,9,20480,225280
49,49,1024,238592
49,87,5120,238592
49,9,6144,238592
49,9,7168,238592
49,9,8192,238592
49,9,9216,238592
49,73,10240,238592
49,73,14336,238592
49,73,15360,238592
49,13,19456,238592
49,13,20480,238592
49,87,4096,239616
49,9,5120,239616
49,9,6144,239616
49,9,7168,239616
49,9,8192,239616
49,73,9216,239616
49,73,13312,239616
49,73,14336,239616
49,13,18432,239616
49,13,19456,239616
49,27,20480,239616
87,9,1024,243712
87,9,2048,243712
87,9,3072,243712
87,9,4096,243712
87,73,5120,243712
87,73,9216,243712
87,73,10240,243712
87,13,14336,243712
87,13,15360,243712
87,27,16384,243712
87,12,17408,243712
87,12,18432,243712
9,9,1024,244736
9,9,2048,244736
9,9,3072,244736
9,73,4096,244736
9,73,8192,244736
9,73,9216,244736
9,13,13312,244736
9,13,14336,244736
9,27,15360,244736
9,12,16384,244736
9,12,17408,244736
9,127,20480,244736
9,9,1024,245760
9,9,2048,245760
9,73,3072,245760
9,73,7168,245760
9,73,8192,245760
9,13,12288,245760
9,13,13312,245760
9,27,14336,245760
9,12,15360,245760
9,12,16384,245760
9,127,19456,245760
9,128,20480,245760
9,9,1024,246784
9,73,2048,246784
9,73,6144,246784
9,73,7168,246784
9,13,11264,246784
9,13,12288,246784
9,27,13312,246784
9,12,14336,246784
9,12,15360,246784
9,127,18432,246784
9,128,19456,246784
9,129,20480,246784
9,73,1024,247808
9,73,5120,247808
9,73,6144,247808
9,13,10240,247808
9,13,11264,247808
9,27,12288,247808
9,12,13312,247808
9,12,14336,247808
9,127,17408,247808
9,128,18432,247808
9,129,19456,247808
9,38,20480,247808
73,73,4096,248832
73,73,5120,248832
73,13,9216,248832
73,13,10240,248832
73,27,11264,248832
73,12,12288,248832
73,12,13312,248832
73,127,16384,248832
73,128,17408,248832
73,129,18432,248832
73,38,19456,248832
73,73,1024,252928
73,13,5120,252928
73,13,6144,252928
73,27,7168,252928
73,12,8192,252928
73,12,9216,252928
73,127,12288,252928
73,128,13312,252928
73,129,14336,252928
73,38,15360,252928
73,129,19456,252928
73,13,4096,253952
73,13,5120,253952
73,27,6144,253952
73,12,7168,253952
73,12,8192,253952
73,127,11264,253952
73,128,12288,253952
73,129,13312,253952
73,38,14336,253952
73,129,18432,253952
13,13,1024,258048
13,27,2048,258048
13,12,3072,258048
13,12,4096,258048
13,127,7168,258048
13,128,8192,258048
13,129,9216,258048
13,38,10240,258048
13,129,14336,258048
13,8,17408,258048
13,127,18432,258048
13,129,19456,258048
13,27,1024,259072
13,12,2048,259072
13,12,3072,259072
13,127,6144,259072
13,128,7168,259072
13,129,8192,259072
13,38,9216,259072
13,129,13312,259072
13,8,16384,259072
13,127,17408,259072
13,129,18432,259072
27,12,1024,260096
27,12,2048,260096
27,127,5120,260096
27,128,6144,260096
27,129,7168,260096
27,38,8192,260096
27,129,12288,260096
27,8,15360,260096
27,127,16384,260096
27,129,17408,260096
27,87,20480,260096
12,12,1024,261120
12,127,4096,261120
12,128,5120,261120
12,129,6144,261120
12,38,7168,261120
12,129,11264,261120
12,8,14336,261120
12,127,15360,261120
12,129,16384,261120
12,87,19456,261120
12,127,3072,262144
12,128,4096,262144
12,129,5120,262144
12,38,6144,262144
12,129,10240,262144
12,8,13312,262144
12,127,14336,262144
12,129,15360,262144
12,87,18432,262144
127,128,1024,265216
127,129,2048,265216
127,38,3072,265216
127,129,7168,265216
127,8,10240,265216
127,127,11264,265216
127,129,12288,265216
127,87,15360,265216
127,41,18432,265216
127,41,19456,265216
128,129,1024,266240
128,38,2048,266240
128,129,6144,266240
128,8,9216,266240
128,127,10240,266240
128,129,11264,266240
128,87,14336,266240
128,41,17408,266240
128,41,18432,266240
128,73,20480,266240
129,38,1024,267264
129,129,5120,267264
129,8,8192,267264
129,127,9216,267264
129,129,10240,267264
129,87,13312,267264
129,41,16384,267264
129,41,17408,267264
129,73,19456,267264
129,73,20480,267264
38,129,4096,268288
38,8,7168,268288
38,127,8192,268288
38,129,9216,268288
38,87,12288,268288
38,41,15360,268288
38,41,16384,268288
38,73,18432,268288
38,73,19456,268288
38,41,20480,268288
129,8,3072,272384
129,127,4096,272384
129,129,5120,272384
129,87,8192,272384
129,41,11264,272384
129,41,12288,272384
129,73,14336,272384
129,73,15360,272384
129,41,16384,272384
129,65,19456,272384
129,32,20480,272384
8,127,1024,275456
8,129,2048,275456
8,87,5120,275456
8,41,8192,275456
8,41,9216,275456
8,73,11264,275456
8,73,12288,275456
8,41,13312,275456
8,65,16384,275456
8,32,17408,275456
8,32,18432,275456
8,24,20480,275456
127,129,1024,276480
127,87,4096,276480
127,41,7168,276480
127,41,8192,276480
127,73,10240,276480
127,73,11264,276480
127,41,12288,276480
127,65,15360,276480
127,32,16384,276480
127,32,17408,276480
127,24,19456,276480
127,24,20480,276480
129,87,3072,277504
129,41,6144,277504
129,41,7168,277504
129,73,9216,277504
129,73,10240,277504
129,41,11264,277504
129,65,14336,277504
129,32,15360,277504
129,32,16384,277504
129,24,18432,277504
129,24,19456,277504
129,24,20480,277504
87,41,3072,280576
87,41,4096,280576
87,73,6144,280576
87,73,7168,280576
87,41,8192,280576
87,65,11264,280576
87,32,12288,280576
87,32,13312,280576
87,24,15360,280576
87,24,16384,280576
87,24,17408,280576
87,49,18432,280576
87,24,19456,280576
87,24,20480,280576
41,41,1024,283648
41,73,3072,283648
41,73,4096,283648
41,41,5120,283648
41,65,8192,283648
41,32,9216,283648
41,32,10240,283648
41,24,12288,283648
41,24,13312,283648
41,24,14336,283648
41,49,15360,283648
41,24,16384,283648
41,24,17408,283648
41,41,18432,283648
41,73,2048,284672
41,73,3072,284672
41,41,4096,284672
41,65,7168,284672
41,32,8192,284672
41,32,9216,284672
41,24,11264,284672
41,24,12288,284672
41,24,13312,284672
41,49,14336,284672
41,24,15360,284672
41,24,16384,284672
41,41,17408,284672
41,52,20480,284672
73,73,1024,286720
73,41,2048,286720
73,65,5120,286720
73,32,6144,286720
73,32,7168,286720
73,24,9216,286720
73,24,10240,286720
73,24,11264,286720
73,49,12288,286720
73,24,13312,286720
73,24,14336,286720
73,41,15360,286720
73,52,18432,286720
73,52,19456,286720
73,41,1024,287744
73,65,4096,287744
73,32,5120,287744
73,32,6144,287744
73,24,8192,287744
73,24,9216,287744
73,24,10240,287744
73,49,11264,287744
73,24,12288,287744
73,24,13312,287744
73,41,14336,287744
73,52,17408,287744
73,52,18432,287744
41,65,3072,288768
41,32,4096,288768
41,32,5120,288768
41,24,7168,288768
41,24,8192,288768
41,24,9216,288768
41,49,10240,288768
41,24,11264,288768
41,24,12288,288768
41,41,13312,288768
41,52,16384,288768
41,52,17408,288768
65,32,1024,291840
65,32,2048,291840
65,24,4096,291840
65,24,5120,291840
65,24,6144,291840
65,49,7168,291840
65,24,8192,291840
65,24,9216,291840
65,41,10240,291840
65,52,13312,291840
65,52,14336,291840
65,98,18432,291840
65,98,19456,291840
65,98,20480,291840
32,32,1024,292864
32,24,3072,292864
32,24,4096,292864
32,24,5120,292864
32,49,6144,292864
32,24,7168,292864
32,24,8192,292864
32,41,9216,292864
32,52,12288,292864
32,52,13312,292864
32,98,17408,292864
32,98,18432,292864
32,98,19456,292864
32,98,20480,292864
32,24,2048,293888
32,24,3072,293888
32,24,4096,293888
32,49,5120,293888
32,24,6144,293888
32,24,7168,293888
32,41,8192,293888
32,52,11264,293888
32,52,12288,293888
32,98,16384,293888
32,98,17408,293888
32,98,18432,293888
32,98,19456,293888
24,24,1024,295936
24,24,2048,295936
24,49,3072,295936
24,24,4096,295936
24,24,5120,295936
24,41,6144,295936
24,52,9216,295936
24,52,10240,295936
24,98,14336,295936
24,98,15360,295936
24,98,16384,295936
24,98,17408,295936
24,99,19456,295936
24,98,20480,295936
24,24,1024,296960
24,49,2048,296960
24,24,3072,296960
24,24,4096,296960
24,41,5120,296960
24,52,8192,296960
24,52,9216,296960
24,98,13312,296960
24,98,14336,296960
24,98,15360,296960
24,98,16384,296960
24,99,18432,296960
24,98,19456,296960
24,98,20480,296960
24,49,1024,297984
24,24,2048,297984
24,24,3072,297984
24,41,4096,297984
24,52,7168,297984
24,52,8192,297984
24,98,12288,297984
24,98,13312,297984
24,98,14336,297984
24,98,15360,297984
24,99,17408,297984
24,98,18432,297984
24,98,19456,297984
24,98,20480,297984
49,24,1024,299008
49,24,2048,299008
49,41,3072,299008
49,52,6144,299008
49,52,7168,299008
49,98,11264,299008
49,98,12288,299008
49,98,13312,299008
49,98,14336,299008
49,99,16384,299008
49,98,17408,299008
49,98,18432,299008
49,98,19456,299008
49,98,20480,299008
24,24,1024,300032
24,41,2048,300032
24,52,5120,300032
24,52,6144,300032
24,98,10240,300032
24,98,11264,300032
24,98,12288,300032
24,98,13312,300032
24,99,15360,300032
24,98,16384,300032
24,98,17408,300032
24,98,18432,300032
24,98,19456,300032
24,41,1024,301056
24,52,4096,301056
24,52,5120,301056
24,98,9216,301056
24,98,10240,301056
24,98,11264,301056
24,98,12288,301056
24,99,14336,301056
24,98,15360,301056
24,98,16384,301056
24,98,17408,301056
24,98,18432,301056
24,57,20480,301056
41,52,3072,302080
41,52,4096,302080
41,98,8192,302080
41,98,9216,302080
41,98,10240,302080
41,98,11264,302080
41,99,13312,302080
41,98,14336,302080
41,98,15360,302080
41,98,16384,302080
41,98,17408,302080
41,57,19456,302080
41,58,20480,302080
52,52,1024,305152
52,98,5120,305152
52,98,6144,305152
52,98,7168,305152
52,98,8192,305152
52,99,10240,305152
52,98,11264,305152
52,98,12288,305152
52,98,13312,305152
52,98,14336,305152
52,57,16384,305152
52,58,17408,305152
52,116,18432,305152
52,116,19456,305152
52,98,4096,306176
52,98,5120,306176
52,98,6144,306176
52,98,7168,306176
52,99,9216,306176
52,98,10240,306176
52,98,11264,306176
52,98,12288,306176
52,98,13312,306176
52,57,15360,306176
52,58,16384,306176
52,116,17408,306176
52,116,18432,306176
52,116,19456,306176
98,98,1024,310272
98,98,2048,310272
98,98,3072,310272
98,99,5120,310272
98,98,6144,310272
98,98,7168,310272
98,98,8192,310272
98,98,9216,310272
98,57,11264,310272
98,58,12288,310272
98,116,13312,310272
98,116,14336,310272
98,116,15360,310272
98,116,16384,310272
98,98,1024,311296
98,98,2048,311296
98,99,4096,311296
98,98,5120,311296
98,98,6144,311296
98,98,7168,311296
98,98,8192,311296
98,57,10240,311296
98,58,11264,311296
98,116,12288,311296
98,116,13312,311296
98,116,14336,311296
98,116,15360,311296
98,116,16384,311296
98,98,1024,312320
98,99,3072,312320
98,98,4096,312320
98,98,5120,312320
98,98,6144,312320
98,98,7168,312320
98,57,9216,312320
98,58,10240,312320
98,116,11264,312320
98,116,12288,312320
98,116,13312,312320
98,116,14336,312320
98,116,15360,312320
98,58,16384,312320
98,99,2048,313344
98,98,3072,313344
98,98,4096,313344
98,98,5120,313344
98,98,6144,313344
98,57,8192,313344
98,58,9216,313344
98,116,10240,313344
98,116,11264,313344
98,116,12288,313344
98,116,13312,313344
98,116,14336,313344
98,58,15360,313344
98,116,16384,313344
99,98,1024,315392
99,98,2048,315392
99,98,3072,315392
99,98,4096,315392
99,57,6144,315392
99,58,7168,315392
99,116,8192,315392
99,116,9216,315392
99,116,10240,315392
99,116,11264,315392
99,116,12288,315392
99,58,13312,315392
99,116,14336,315392
99,116,15360,315392
98,98,1024,316416
98,98,2048,316416
98,98,3072,316416
98,57,5120,316416
98,58,6144,316416
98,116,7168,316416
98,116,8192,316416
98,116,9216,316416
98,116,10240,316416
98,116,11264,316416
98,58,12288,316416
98,116,13312,316416
98,116,14336,316416
98,58,15360,316416
98,98,1024,317440
98,98,2048,317440
98,57,4096,317440
98,58,5120,317440
98,116,6144,317440
98,116,7168,317440
98,116,8192,317440
98,116,9216,317440
98,116,10240,317440
98,58,11264,317440
98,116,12288,317440
98,116,13312,317440
98,58,14336,317440
98,98,1024,318464
98,57,3072,318464
98,58,4096,318464
98,116,5120,318464
98,116,6144,318464
98,116,7168,318464
98,116,8192,318464
98,116,9216,318464
98,58,10240,318464
98,116,11264,318464
98,116,12288,318464
98,58,13312,318464
98,57,2048,319488
98,58,3072,319488
98,116,4096,319488
98,116,5120,319488
98,116,6144,319488
98,116,7168,319488
98,116,8192,319488
98,58,9216,319488
98,116,10240,319488
98,116,11264,319488
98,58,12288,319488
57,58,1024,321536
57,116,2048,321536
57,116,3072,321536
57,116,4096,321536
57,116,5120,321536
57,116,6144,321536
57,58,7168,321536
57,116,8192,321536
57,116,9216,321536
57,58,10240,321536
58,116,1024,322560
58,116,2048,322560
58,116,3072,322560
58,116,4096,322560
58,116,5120,322560
58,58,6144,322560
58,116,7168,322560
58,116,8192,322560
58,58,9216,322560
116,116,1024,323584
116,116,2048,323584
116,116,3072,323584
116,116,4096,323584
116,58,5120,323584
116,116,6144,323584
116,116,7168,323584
116,58,8192,323584
116,116,1024,324608
116,116,2048,324608
116,116,3072,324608
116,58,4096,324608
116,116,5120,324608
116,116,6144,324608
116,58,7168,324608
116,116,1024,325632
116,116,2048,325632
116,58,3072,325632
116,116,4096,325632
116,116,5120,325632
116,58,6144,325632
116,116,1024,326656
116,58,2048,326656
116,116,3072,326656
116,116,4096,326656
116,58,5120,326656
116,58,1024,327680
116,116,2048,327680
116,116,3072,327680
116,58,4096,327680
58,116,1024,328704
58,116,2048,328704
58,58,3072,328704
116,116,1024,329728
116,58,2048,329728
116,58,1024,330752
