244,243,1024,3072
244,243,2048,3072
244,14,3072,3072
244,14,4096,3072
244,18,6144,3072
244,12,12288,3072
244,12,13312,3072
244,13,15360,3072
244,14,18432,3072
244,14,19456,3072
243,243,1024,4096
243,14,2048,4096
243,14,3072,4096
243,18,5120,4096
243,12,11264,4096
243,12,12288,4096
243,13,14336,4096
243,14,17408,4096
243,14,18432,4096
243,13,20480,4096
243,14,1024,5120
243,14,2048,5120
243,18,4096,5120
243,12,10240,5120
243,12,11264,5120
243,13,13312,5120
243,14,16384,5120
243,14,17408,5120
243,13,19456,5120
243,14,20480,5120
14,14,1024,6144
14,18,3072,6144
14,12,9216,6144
14,12,10240,6144
14,13,12288,6144
14,14,15360,6144
14,14,16384,6144
14,13,18432,6144
14,14,19456,6144
14,14,20480,6144
14,18,2048,7168
14,12,8192,7168
14,12,9216,7168
14,13,11264,7168
14,14,14336,7168
14,14,15360,7168
14,13,17408,7168
14,14,18432,7168
14,14,19456,7168
18,12,6144,9216
18,12,7168,9216
18,13,9216,9216
18,14,12288,9216
18,14,13312,9216
18,13,15360,9216
18,14,16384,9216
18,14,17408,9216
18,12,19456,9216
18,12,20480,9216
12,12,1024,15360
12,13,3072,15360
12,14,6144,15360
12,14,7168,15360
12,13,9216,15360
12,14,10240,15360
12,14,11264,15360
12,12,13312,15360
12,12,14336,15360
12,13,2048,16384
12,14,5120,16384
12,14,6144,16384
12,13,8192,16384
12,14,9216,16384
12,14,10240,16384
12,12,12288,16384
12,12,13312,16384
13,14,3072,18432
13,14,4096,18432
13,13,6144,18432
13,14,7168,18432
13,14,8192,18432
13,12,10240,18432
13,12,11264,18432
13,22,19456,18432
14,14,1024,21504
14,13,3072,21504
14,14,4096,21504
14,14,5120,21504
14,12,7168,21504
14,12,8192,21504
14,22,16384,21504
14,20,19456,21504
14,73,20480,21504
14,13,2048,22528
14,14,3072,22528
14,14,4096,22528
14,12,6144,22528
14,12,7168,22528
14,22,15360,22528
14,20,18432,22528
14,73,19456,22528
14,82,20480,22528
13,14,1024,24576
13,14,2048,24576
13,12,4096,24576
13,12,5120,24576
13,22,13312,24576
13,20,16384,24576
13,73,17408,24576
13,82,18432,24576
13,20,19456,24576
14,14,1024,25600
14,12,3072,25600
14,12,4096,25600
14,22,12288,25600
14,20,15360,25600
14,73,16384,25600
14,82,17408,25600
14,20,18432,25600
14,12,2048,26624
14,12,3072,26624
14,22,11264,26624
14,20,14336,26624
14,73,15360,26624
14,82,16384,26624
14,20,17408,26624
14,13,20480,26624
12,12,1024,28672
12,22,9216,28672
12,20,12288,28672
12,73,13312,28672
12,82,14336,28672
12,20,15360,28672
12,13,18432,28672
12,14,19456,28672
12,61,20480,28672
12,22,8192,29696
12,20,11264,29696
12,73,12288,29696
12,82,13312,29696
12,20,14336,29696
12,13,17408,29696
12,14,18432,29696
12,61,19456,29696
12,61,20480,29696
22,20,3072,37888
22,73,4096,37888
22,82,5120,37888
22,20,6144,37888
22,13,9216,37888
22,14,10240,37888
22,61,11264,37888
22,61,12288,37888
22,13,13312,37888
22,14,14336,37888
22,62,18432,37888
20,73,1024,40960
20,82,2048,40960
20,20,3072,40960
20,13,6144,40960
20,14,7168,40960
20,61,8192,40960
20,61,9216,40960
20,13,10240,40960
20,14,11264,40960
20,62,15360,40960
20,12,19456,40960
73,82,1024,41984
73,20,2048,41984
73,13,5120,41984
73,14,6144,41984
73,61,7168,41984
73,61,8192,41984
73,13,9216,41984
73,14,10240,41984
73,62,14336,41984
73,12,18432,41984
82,20,1024,43008
82,13,4096,43008
82,14,5120,43008
82,61,6144,43008
82,61,7168,43008
82,13,8192,43008
82,14,9216,43008
82,62,13312,43008
82,12,17408,43008
82,14,20480,43008
20,13,3072,44032
20,14,4096,44032
20,61,5120,44032
20,61,6144,44032
20,13,7168,44032
20,14,8192,44032
20,62,12288,44032
20,12,16384,44032
20,14,19456,44032
20,14,20480,44032
13,14,1024,47104
13,61,2048,47104
13,61,3072,47104
13,13,4096,47104
13,14,5120,47104
13,62,9216,47104
13,12,13312,47104
13,14,16384,47104
13,14,17408,47104
14,61,1024,48128
14,61,2048,48128
14,13,3072,48128
14,14,4096,48128
14,62,8192,48128
14,12,12288,48128
14,14,15360,48128
14,14,16384,48128
61,61,1024,49152
61,13,2048,49152
61,14,3072,49152
61,62,7168,49152
61,12,11264,49152
61,14,14336,49152
61,14,15360,49152
61,13,1024,50176
61,14,2048,50176
61,62,6144,50176
61,12,10240,50176
61,14,13312,50176
61,14,14336,50176
13,14,1024,51200
13,62,5120,51200
13,12,9216,51200
13,14,12288,51200
13,14,13312,51200
14,62,4096,52224
14,12,8192,52224
14,14,11264,52224
14,14,12288,52224
62,12,4096,56320
62,14,7168,56320
62,14,8192,56320
12,14,3072,60416
12,14,4096,60416
12,13,18432,60416
12,13,19456,60416
14,14,1024,63488
14,13,15360,63488
14,13,16384,63488
14,12,19456,63488
14,13,14336,64512
14,13,15360,64512
14,12,18432,64512
13,13,1024,78848
13,12,4096,78848
13,82,12288,78848
13,20,13312,78848
13,261,15360,78848
13,207,16384,78848
13,21,19456,78848
13,12,3072,79872
13,82,11264,79872
13,20,12288,79872
13,261,14336,79872
13,207,15360,79872
13,21,18432,79872
12,82,8192,82944
12,20,9216,82944
12,261,11264,82944
12,207,12288,82944
12,21,15360,82944
12,21,18432,82944
82,20,1024,91136
82,261,3072,91136
82,207,4096,91136
82,21,7168,91136
82,21,10240,91136
82,20,13312,91136
82,20,14336,91136
82,14,17408,91136
82,14,18432,91136
20,261,2048,92160
20,207,3072,92160
20,21,6144,92160
20,21,9216,92160
20,20,12288,92160
20,20,13312,92160
20,14,16384,92160
20,14,17408,92160
261,207,1024,94208
261,21,4096,94208
261,21,7168,94208
261,20,10240,94208
261,20,11264,94208
261,14,14336,94208
261,14,15360,94208
207,21,3072,95232
207,21,6144,95232
207,20,9216,95232
207,20,10240,95232
207,14,13312,95232
207,14,14336,95232
21,21,3072,98304
21,20,6144,98304
21,20,7168,98304
21,14,10240,98304
21,14,11264,98304
21,164,18432,98304
21,20,3072,101376
21,20,4096,101376
21,14,7168,101376
21,14,8192,101376
21,164,15360,101376
21,22,19456,101376
20,20,1024,104448
20,14,4096,104448
20,14,5120,104448
20,164,12288,104448
20,22,16384,104448
20,14,19456,104448
20,14,20480,104448
20,14,3072,105472
20,14,4096,105472
20,164,11264,105472
20,22,15360,105472
20,14,18432,105472
20,14,19456,105472
14,14,1024,108544
14,164,8192,108544
14,22,12288,108544
14,14,15360,108544
14,14,16384,108544
14,14,18432,108544
14,164,7168,109568
14,22,11264,109568
14,14,14336,109568
14,14,15360,109568
14,14,17408,109568
164,22,4096,116736
164,14,7168,116736
164,14,8192,116736
164,14,10240,116736
164,14,14336,116736
164,14,15360,116736
164,13,16384,116736
164,14,17408,116736
164,14,18432,116736
22,14,3072,120832
22,14,4096,120832
22,14,6144,120832
22,14,10240,120832
22,14,11264,120832
22,13,12288,120832
22,14,13312,120832
22,14,14336,120832
14,14,1024,123904
14,14,3072,123904
14,14,7168,123904
14,14,8192,123904
14,13,9216,123904
14,14,10240,123904
14,14,11264,123904
14,146,20480,123904
14,14,2048,124928
14,14,6144,124928
14,14,7168,124928
14,13,8192,124928
14,14,9216,124928
14,14,10240,124928
14,146,19456,124928
14,14,4096,126976
14,14,5120,126976
14,13,6144,126976
14,14,7168,126976
14,14,8192,126976
14,146,17408,126976
14,14,1024,131072
14,13,2048,131072
14,14,3072,131072
14,14,4096,131072
14,146,13312,131072
14,212,20480,131072
14,13,1024,132096
14,14,2048,132096
14,14,3072,132096
14,146,12288,132096
14,212,19456,132096
14,218,20480,132096
13,14,1024,133120
13,14,2048,133120
13,146,11264,133120
13,212,18432,133120
13,218,19456,133120
13,73,20480,133120
14,14,1024,134144
14,146,10240,134144
14,212,17408,134144
14,218,18432,134144
14,73,19456,134144
14,73,20480,134144
14,146,9216,135168
14,212,16384,135168
14,218,17408,135168
14,73,18432,135168
14,73,19456,135168
14,14,20480,135168
146,212,7168,144384
146,218,8192,144384
146,73,9216,144384
146,73,10240,144384
146,14,11264,144384
146,74,12288,144384
146,74,13312,144384
146,14,14336,144384
146,14,15360,144384
146,13,17408,144384
212,218,1024,151552
212,73,2048,151552
212,73,3072,151552
212,14,4096,151552
212,74,5120,151552
212,74,6144,151552
212,14,7168,151552
212,14,8192,151552
212,13,10240,151552
218,73,1024,152576
218,73,2048,152576
218,14,3072,152576
218,74,4096,152576
218,74,5120,152576
218,14,6144,152576
218,14,7168,152576
218,13,9216,152576
73,73,1024,153600
73,14,2048,153600
73,74,3072,153600
73,74,4096,153600
73,14,5120,153600
73,14,6144,153600
73,13,8192,153600
73,14,1024,154624
73,74,2048,154624
73,74,3072,154624
73,14,4096,154624
73,14,5120,154624
73,13,7168,154624
14,74,1024,155648
14,74,2048,155648
14,14,3072,155648
14,14,4096,155648
14,13,6144,155648
74,74,1024,156672
74,14,2048,156672
74,14,3072,156672
74,13,5120,156672
74,14,1024,157696
74,14,2048,157696
74,13,4096,157696
14,14,1024,158720
14,13,3072,158720
14,13,2048,159744
