55,55,1024,0
55,55,2048,0
55,55,3072,0
55,165,3072,0
55,55,4096,0
55,55,5120,0
55,55,6144,0
55,55,7168,0
55,55,8192,0
55,55,9216,0
55,55,10240,0
55,55,11264,0
55,55,12288,0
55,55,13312,0
55,55,1024,1024
55,55,2048,1024
55,165,2048,1024
55,55,3072,1024
55,55,4096,1024
55,55,5120,1024
55,55,6144,1024
55,55,7168,1024
55,55,8192,1024
55,55,9216,1024
55,55,10240,1024
55,55,11264,1024
55,55,12288,1024
55,55,1024,2048
55,165,1024,2048
55,55,2048,2048
55,55,3072,2048
55,55,4096,2048
55,55,5120,2048
55,55,6144,2048
55,55,7168,2048
55,55,8192,2048
55,55,9216,2048
55,55,10240,2048
55,55,11264,2048
55,165,0,3072
55,55,1024,3072
55,55,2048,3072
55,55,3072,3072
55,55,4096,3072
55,55,5120,3072
55,55,6144,3072
55,55,7168,3072
55,55,8192,3072
55,55,9216,3072
55,55,10240,3072
165,55,1024,3072
165,55,2048,3072
165,55,3072,3072
165,55,4096,3072
165,55,5120,3072
165,55,6144,3072
165,55,7168,3072
165,55,8192,3072
165,55,9216,3072
165,55,10240,3072
55,55,1024,4096
55,55,2048,4096
55,55,3072,4096
55,55,4096,4096
55,55,5120,4096
55,55,6144,4096
55,55,7168,4096
55,55,8192,4096
55,55,9216,4096
55,55,1024,5120
55,55,2048,5120
55,55,3072,5120
55,55,4096,5120
55,55,5120,5120
55,55,6144,5120
55,55,7168,5120
55,55,8192,5120
55,55,1024,6144
55,55,2048,6144
55,55,3072,6144
55,55,4096,6144
55,55,5120,6144
55,55,6144,6144
55,55,7168,6144
55,55,1024,7168
55,55,2048,7168
55,55,3072,7168
55,55,4096,7168
55,55,5120,7168
55,55,6144,7168
55,55,1024,8192
55,55,2048,8192
55,55,3072,8192
55,55,4096,8192
55,55,5120,8192
55,55,1024,9216
55,55,2048,9216
55,55,3072,9216
55,55,4096,9216
55,55,1024,10240
55,55,2048,10240
55,55,3072,10240
55,55,1024,11264
55,55,2048,11264
55,55,1024,12288
55,82,20480,13312
82,82,1024,33792
82,26,6144,33792
82,41,6144,33792
82,82,6144,33792
82,41,7168,33792
82,82,10240,33792
82,82,12288,33792
82,48,18432,33792
82,29,19456,33792
82,49,19456,33792
82,98,19456,33792
82,98,20480,33792
82,26,5120,34816
82,41,5120,34816
82,82,5120,34816
82,41,6144,34816
82,82,9216,34816
82,82,11264,34816
82,48,17408,34816
82,29,18432,34816
82,49,18432,34816
82,98,18432,34816
82,98,19456,34816
26,41,0,39936
26,82,0,39936
26,41,1024,39936
26,82,4096,39936
26,82,6144,39936
26,48,12288,39936
26,29,13312,39936
26,49,13312,39936
26,98,13312,39936
26,98,14336,39936
26,31,18432,39936
26,31,19456,39936
41,82,0,39936
41,41,1024,39936
41,82,4096,39936
41,82,6144,39936
41,48,12288,39936
41,29,13312,39936
41,49,13312,39936
41,98,13312,39936
41,98,14336,39936
41,31,18432,39936
41,31,19456,39936
82,41,1024,39936
82,82,4096,39936
82,82,6144,39936
82,48,12288,39936
82,29,13312,39936
82,49,13312,39936
82,98,13312,39936
82,98,14336,39936
82,31,18432,39936
82,31,19456,39936
41,82,3072,40960
41,82,5120,40960
41,48,11264,40960
41,29,12288,40960
41,49,12288,40960
41,98,12288,40960
41,98,13312,40960
41,31,17408,40960
41,31,18432,40960
82,82,2048,44032
82,48,8192,44032
82,29,9216,44032
82,49,9216,44032
82,98,9216,44032
82,98,10240,44032
82,31,14336,44032
82,31,15360,44032
82,184,19456,44032
82,48,6144,46080
82,29,7168,46080
82,49,7168,46080
82,98,7168,46080
82,98,8192,46080
82,31,12288,46080
82,31,13312,46080
82,184,17408,46080
48,29,1024,52224
48,49,1024,52224
48,98,1024,52224
48,98,2048,52224
48,31,6144,52224
48,31,7168,52224
48,184,11264,52224
48,26,18432,52224
29,49,0,53248
29,98,0,53248
29,98,1024,53248
29,31,5120,53248
29,31,6144,53248
29,184,10240,53248
29,26,17408,53248
49,98,0,53248
49,98,1024,53248
49,31,5120,53248
49,31,6144,53248
49,184,10240,53248
49,26,17408,53248
98,98,1024,53248
98,31,5120,53248
98,31,6144,53248
98,184,10240,53248
98,26,17408,53248
98,31,4096,54272
98,31,5120,54272
98,184,9216,54272
98,26,16384,54272
31,31,1024,58368
31,184,5120,58368
31,26,12288,58368
31,184,4096,59392
31,26,11264,59392
184,26,7168,63488
26,32,14336,70656
26,82,14336,70656
26,32,15360,70656
26,82,15360,70656
26,82,16384,70656
26,82,17408,70656
26,92,19456,70656
32,82,0,84992
32,32,1024,84992
32,82,1024,84992
32,82,2048,84992
32,82,3072,84992
32,92,5120,84992
32,37,10240,84992
32,73,10240,84992
32,37,11264,84992
32,73,11264,84992
32,73,13312,84992
32,73,14336,84992
32,73,15360,84992
82,32,1024,84992
82,82,1024,84992
82,82,2048,84992
82,82,3072,84992
82,92,5120,84992
82,37,10240,84992
82,73,10240,84992
82,37,11264,84992
82,73,11264,84992
82,73,13312,84992
82,73,14336,84992
82,73,15360,84992
32,82,0,86016
32,82,1024,86016
32,82,2048,86016
32,92,4096,86016
32,37,9216,86016
32,73,9216,86016
32,37,10240,86016
32,73,10240,86016
32,73,12288,86016
32,73,13312,86016
32,73,14336,86016
82,82,1024,86016
82,82,2048,86016
82,92,4096,86016
82,37,9216,86016
82,73,9216,86016
82,37,10240,86016
82,73,10240,86016
82,73,12288,86016
82,73,13312,86016
82,73,14336,86016
82,82,1024,87040
82,92,3072,87040
82,37,8192,87040
82,73,8192,87040
82,37,9216,87040
82,73,9216,87040
82,73,11264,87040
82,73,12288,87040
82,73,13312,87040
82,92,2048,88064
82,37,7168,88064
82,73,7168,88064
82,37,8192,88064
82,73,8192,88064
82,73,10240,88064
82,73,11264,88064
82,73,12288,88064
92,37,5120,90112
92,73,5120,90112
92,37,6144,90112
92,73,6144,90112
92,73,8192,90112
92,73,9216,90112
92,73,10240,90112
92,43,19456,90112
37,73,0,95232
37,37,1024,95232
37,73,1024,95232
37,73,3072,95232
37,73,4096,95232
37,73,5120,95232
37,43,14336,95232
73,37,1024,95232
73,73,1024,95232
73,73,3072,95232
73,73,4096,95232
73,73,5120,95232
73,43,14336,95232
37,73,0,96256
37,73,2048,96256
37,73,3072,96256
37,73,4096,96256
37,43,13312,96256
73,73,2048,96256
73,73,3072,96256
73,73,4096,96256
73,43,13312,96256
73,73,1024,98304
73,73,2048,98304
73,43,11264,98304
73,73,1024,99328
73,43,10240,99328
73,43,9216,100352
43,73,13312,109568
43,73,14336,109568
43,146,14336,109568
43,73,15360,109568
43,146,15360,109568
43,72,18432,109568
43,73,20480,109568
73,73,1024,122880
73,146,1024,122880
73,73,2048,122880
73,146,2048,122880
73,72,5120,122880
73,73,7168,122880
73,37,8192,122880
73,146,0,123904
73,73,1024,123904
73,146,1024,123904
73,72,4096,123904
73,73,6144,123904
73,37,7168,123904
146,73,1024,123904
146,146,1024,123904
146,72,4096,123904
146,73,6144,123904
146,37,7168,123904
73,146,0,124928
73,72,3072,124928
73,73,5120,124928
73,37,6144,124928
146,72,3072,124928
146,73,5120,124928
146,37,6144,124928
72,73,2048,128000
72,37,3072,128000
73,37,1024,130048
37,36,20480,131072
36,37,1024,151552
36,44,4096,151552
36,87,4096,151552
36,41,5120,151552
36,82,5120,151552
36,36,6144,151552
36,37,7168,151552
36,73,8192,151552
36,73,9216,151552
36,73,10240,151552
36,73,12288,151552
36,73,13312,151552
37,44,3072,152576
37,87,3072,152576
37,41,4096,152576
37,82,4096,152576
37,36,5120,152576
37,37,6144,152576
37,73,7168,152576
37,73,8192,152576
37,73,9216,152576
37,73,11264,152576
37,73,12288,152576
44,87,0,155648
44,41,1024,155648
44,82,1024,155648
44,36,2048,155648
44,37,3072,155648
44,73,4096,155648
44,73,5120,155648
44,73,6144,155648
44,73,8192,155648
44,73,9216,155648
44,98,19456,155648
87,41,1024,155648
87,82,1024,155648
87,36,2048,155648
87,37,3072,155648
87,73,4096,155648
87,73,5120,155648
87,73,6144,155648
87,73,8192,155648
87,73,9216,155648
87,98,19456,155648
41,82,0,156672
41,36,1024,156672
41,37,2048,156672
41,73,3072,156672
41,73,4096,156672
41,73,5120,156672
41,73,7168,156672
41,73,8192,156672
41,98,18432,156672
41,49,20480,156672
82,36,1024,156672
82,37,2048,156672
82,73,3072,156672
82,73,4096,156672
82,73,5120,156672
82,73,7168,156672
82,73,8192,156672
82,98,18432,156672
82,49,20480,156672
36,37,1024,157696
36,73,2048,157696
36,73,3072,157696
36,73,4096,157696
36,73,6144,157696
36,73,7168,157696
36,98,17408,157696
36,49,19456,157696
36,49,20480,157696
37,73,1024,158720
37,73,2048,158720
37,73,3072,158720
37,73,5120,158720
37,73,6144,158720
37,98,16384,158720
37,49,18432,158720
37,49,19456,158720
37,49,20480,158720
73,73,1024,159744
73,73,2048,159744
73,73,4096,159744
73,73,5120,159744
73,98,15360,159744
73,49,17408,159744
73,49,18432,159744
73,49,19456,159744
73,49,20480,159744
73,73,1024,160768
73,73,3072,160768
73,73,4096,160768
73,98,14336,160768
73,49,16384,160768
73,49,17408,160768
73,49,18432,160768
73,49,19456,160768
73,73,2048,161792
73,73,3072,161792
73,98,13312,161792
73,49,15360,161792
73,49,16384,161792
73,49,17408,161792
73,49,18432,161792
73,49,20480,161792
73,73,1024,163840
73,98,11264,163840
73,49,13312,163840
73,49,14336,163840
73,49,15360,163840
73,49,16384,163840
73,49,18432,163840
73,49,19456,163840
73,98,10240,164864
73,49,12288,164864
73,49,13312,164864
73,49,14336,164864
73,49,15360,164864
73,49,17408,164864
73,49,18432,164864
73,49,20480,164864
98,49,2048,175104
98,49,3072,175104
98,49,4096,175104
98,49,5120,175104
98,49,7168,175104
98,49,8192,175104
98,49,10240,175104
98,61,11264,175104
98,65,13312,175104
49,49,1024,177152
49,49,2048,177152
49,49,3072,177152
49,49,5120,177152
49,49,6144,177152
49,49,8192,177152
49,61,9216,177152
49,65,11264,177152
49,49,1024,178176
49,49,2048,178176
49,49,4096,178176
49,49,5120,178176
49,49,7168,178176
49,61,8192,178176
49,65,10240,178176
49,49,1024,179200
49,49,3072,179200
49,49,4096,179200
49,49,6144,179200
49,61,7168,179200
49,65,9216,179200
49,49,2048,180224
49,49,3072,180224
49,49,5120,180224
49,61,6144,180224
49,65,8192,180224
49,49,1024,182272
49,49,3072,182272
49,61,4096,182272
49,65,6144,182272
49,49,2048,183296
49,61,3072,183296
49,65,5120,183296
49,61,1024,185344
49,65,3072,185344
61,65,2048,186368
97,97,1024,228352
97,98,2048,228352
97,98,3072,228352
97,65,4096,228352
97,197,4096,228352
97,49,5120,228352
97,49,6144,228352
97,98,6144,228352
97,82,7168,228352
97,49,8192,228352
97,98,8192,228352
97,49,9216,228352
97,98,9216,228352
97,98,10240,228352
97,98,1024,229376
97,98,2048,229376
97,65,3072,229376
97,197,3072,229376
97,49,4096,229376
97,49,5120,229376
97,98,5120,229376
97,82,6144,229376
97,49,7168,229376
97,98,7168,229376
97,49,8192,229376
97,98,8192,229376
97,98,9216,229376
97,110,10240,229376
98,98,1024,230400
98,65,2048,230400
98,197,2048,230400
98,49,3072,230400
98,49,4096,230400
98,98,4096,230400
98,82,5120,230400
98,49,6144,230400
98,98,6144,230400
98,49,7168,230400
98,98,7168,230400
98,98,8192,230400
98,110,9216,230400
98,123,12288,230400
98,65,1024,231424
98,197,1024,231424
98,49,2048,231424
98,49,3072,231424
98,98,3072,231424
98,82,4096,231424
98,49,5120,231424
98,98,5120,231424
98,49,6144,231424
98,98,6144,231424
98,98,7168,231424
98,110,8192,231424
98,123,11264,231424
98,123,15360,231424
65,197,0,232448
65,49,1024,232448
65,49,2048,232448
65,98,2048,232448
65,82,3072,232448
65,49,4096,232448
65,98,4096,232448
65,49,5120,232448
65,98,5120,232448
65,98,6144,232448
65,110,7168,232448
65,123,10240,232448
65,123,14336,232448
65,110,15360,232448
197,49,1024,232448
197,49,2048,232448
197,98,2048,232448
197,82,3072,232448
197,49,4096,232448
197,98,4096,232448
197,49,5120,232448
197,98,5120,232448
197,98,6144,232448
197,110,7168,232448
197,123,10240,232448
197,123,14336,232448
197,110,15360,232448
197,98,17408,232448
49,49,1024,233472
49,98,1024,233472
49,82,2048,233472
49,49,3072,233472
49,98,3072,233472
49,49,4096,233472
49,98,4096,233472
49,98,5120,233472
49,110,6144,233472
49,123,9216,233472
49,123,13312,233472
49,110,14336,233472
49,98,16384,233472
49,73,19456,233472
49,98,0,234496
49,82,1024,234496
49,49,2048,234496
49,98,2048,234496
49,49,3072,234496
49,98,3072,234496
49,98,4096,234496
49,110,5120,234496
49,123,8192,234496
49,123,12288,234496
49,110,13312,234496
49,98,15360,234496
49,73,18432,234496
98,82,1024,234496
98,49,2048,234496
98,98,2048,234496
98,49,3072,234496
98,98,3072,234496
98,98,4096,234496
98,110,5120,234496
98,123,8192,234496
98,123,12288,234496
98,110,13312,234496
98,98,15360,234496
98,73,18432,234496
82,49,1024,235520
82,98,1024,235520
82,49,2048,235520
82,98,2048,235520
82,98,3072,235520
82,110,4096,235520
82,123,7168,235520
82,123,11264,235520
82,110,12288,235520
82,98,14336,235520
82,73,17408,235520
49,98,0,236544
49,49,1024,236544
49,98,1024,236544
49,98,2048,236544
49,110,3072,236544
49,123,6144,236544
49,123,10240,236544
49,110,11264,236544
49,98,13312,236544
49,73,16384,236544
98,49,1024,236544
98,98,1024,236544
98,98,2048,236544
98,110,3072,236544
98,123,6144,236544
98,123,10240,236544
98,110,11264,236544
98,98,13312,236544
98,73,16384,236544
49,98,0,237568
49,98,1024,237568
49,110,2048,237568
49,123,5120,237568
49,123,9216,237568
49,110,10240,237568
49,98,12288,237568
49,73,15360,237568
98,98,1024,237568
98,110,2048,237568
98,123,5120,237568
98,123,9216,237568
98,110,10240,237568
98,98,12288,237568
98,73,15360,237568
98,110,1024,238592
98,123,4096,238592
98,123,8192,238592
98,110,9216,238592
98,98,11264,238592
98,73,14336,238592
110,123,3072,239616
110,123,7168,239616
110,110,8192,239616
110,98,10240,239616
110,73,13312,239616
123,123,4096,242688
123,110,5120,242688
123,98,7168,242688
123,73,10240,242688
123,19,19456,242688
123,110,1024,246784
123,98,3072,246784
123,73,6144,246784
123,19,15360,246784
110,98,2048,247808
110,73,5120,247808
110,19,14336,247808
98,73,3072,249856
98,19,12288,249856
98,72,19456,249856
98,144,19456,249856
98,73,20480,249856
98,145,20480,249856
73,19,9216,252928
73,72,16384,252928
73,144,16384,252928
73,73,17408,252928
73,145,17408,252928
73,66,18432,252928
19,72,7168,262144
19,144,7168,262144
19,73,8192,262144
19,145,8192,262144
19,66,9216,262144
19,66,12288,262144
19,66,13312,262144
72,144,0,269312
72,73,1024,269312
72,145,1024,269312
72,66,2048,269312
72,66,5120,269312
72,66,6144,269312
72,73,18432,269312
144,73,1024,269312
144,145,1024,269312
144,66,2048,269312
144,66,5120,269312
144,66,6144,269312
144,73,18432,269312
73,145,0,270336
73,66,1024,270336
73,66,4096,270336
73,66,5120,270336
73,73,17408,270336
145,66,1024,270336
145,66,4096,270336
145,66,5120,270336
145,73,17408,270336
66,66,3072,271360
66,66,4096,271360
66,73,16384,271360
66,66,1024,274432
66,73,13312,274432
66,73,12288,275456
