28,28,1024,0
28,28,2048,0
28,18,4096,0
28,28,6144,0
28,31,8192,0
28,31,9216,0
28,46,17408,0
28,46,18432,0
28,46,19456,0
28,46,20480,0
28,28,1024,1024
28,18,3072,1024
28,28,5120,1024
28,31,7168,1024
28,31,8192,1024
28,46,16384,1024
28,46,17408,1024
28,46,18432,1024
28,46,19456,1024
28,46,20480,1024
28,18,2048,2048
28,28,4096,2048
28,31,6144,2048
28,31,7168,2048
28,46,15360,2048
28,46,16384,2048
28,46,17408,2048
28,46,18432,2048
28,46,19456,2048
28,46,20480,2048
18,28,2048,4096
18,31,4096,4096
18,31,5120,4096
18,46,13312,4096
18,46,14336,4096
18,46,15360,4096
18,46,16384,4096
18,46,17408,4096
18,46,18432,4096
18,54,19456,4096
28,31,2048,6144
28,31,3072,6144
28,46,11264,6144
28,46,12288,6144
28,46,13312,6144
28,46,14336,6144
28,46,15360,6144
28,46,16384,6144
28,54,17408,6144
31,31,1024,8192
31,46,9216,8192
31,46,10240,8192
31,46,11264,8192
31,46,12288,8192
31,46,13312,8192
31,46,14336,8192
31,54,15360,8192
31,46,8192,9216
31,46,9216,9216
31,46,10240,9216
31,46,11264,9216
31,46,12288,9216
31,46,13312,9216
31,54,14336,9216
46,46,1024,17408
46,46,2048,17408
46,46,3072,17408
46,46,4096,17408
46,46,5120,17408
46,54,6144,17408
46,36,13312,17408
46,36,14336,17408
46,23,15360,17408
46,73,15360,17408
46,23,16384,17408
46,23,17408,17408
46,46,1024,18432
46,46,2048,18432
46,46,3072,18432
46,46,4096,18432
46,54,5120,18432
46,36,12288,18432
46,36,13312,18432
46,23,14336,18432
46,73,14336,18432
46,23,15360,18432
46,23,16384,18432
46,54,20480,18432
46,46,1024,19456
46,46,2048,19456
46,46,3072,19456
46,54,4096,19456
46,36,11264,19456
46,36,12288,19456
46,23,13312,19456
46,73,13312,19456
46,23,14336,19456
46,23,15360,19456
46,54,19456,19456
46,54,20480,19456
46,46,1024,20480
46,46,2048,20480
46,54,3072,20480
46,36,10240,20480
46,36,11264,20480
46,23,12288,20480
46,73,12288,20480
46,23,13312,20480
46,23,14336,20480
46,54,18432,20480
46,54,19456,20480
46,54,20480,20480
46,46,1024,21504
46,54,2048,21504
46,36,9216,21504
46,36,10240,21504
46,23,11264,21504
46,73,11264,21504
46,23,12288,21504
46,23,13312,21504
46,54,17408,21504
46,54,18432,21504
46,54,19456,21504
46,54,1024,22528
46,36,8192,22528
46,36,9216,22528
46,23,10240,22528
46,73,10240,22528
46,23,11264,22528
46,23,12288,22528
46,54,16384,22528
46,54,17408,22528
46,54,18432,22528
46,23,20480,22528
54,36,7168,23552
54,36,8192,23552
54,23,9216,23552
54,73,9216,23552
54,23,10240,23552
54,23,11264,23552
54,54,15360,23552
54,54,16384,23552
54,54,17408,23552
54,23,19456,23552
54,23,20480,23552
54,46,20480,23552
36,36,1024,30720
36,23,2048,30720
36,73,2048,30720
36,23,3072,30720
36,23,4096,30720
36,54,8192,30720
36,54,9216,30720
36,54,10240,30720
36,23,12288,30720
36,23,13312,30720
36,46,13312,30720
36,27,14336,30720
36,49,15360,30720
36,49,16384,30720
36,23,1024,31744
36,73,1024,31744
36,23,2048,31744
36,23,3072,31744
36,54,7168,31744
36,54,8192,31744
36,54,9216,31744
36,23,11264,31744
36,23,12288,31744
36,46,12288,31744
36,27,13312,31744
36,49,14336,31744
36,49,15360,31744
36,48,17408,31744
23,73,0,32768
23,23,1024,32768
23,23,2048,32768
23,54,6144,32768
23,54,7168,32768
23,54,8192,32768
23,23,10240,32768
23,23,11264,32768
23,46,11264,32768
23,27,12288,32768
23,49,13312,32768
23,49,14336,32768
23,48,16384,32768
23,48,17408,32768
73,23,1024,32768
73,23,2048,32768
73,54,6144,32768
73,54,7168,32768
73,54,8192,32768
73,23,10240,32768
73,23,11264,32768
73,46,11264,32768
73,27,12288,32768
73,49,13312,32768
73,49,14336,32768
73,48,16384,32768
73,48,17408,32768
73,48,19456,32768
23,23,1024,33792
23,54,5120,33792
23,54,6144,33792
23,54,7168,33792
23,23,9216,33792
23,23,10240,33792
23,46,10240,33792
23,27,11264,33792
23,49,12288,33792
23,49,13312,33792
23,48,15360,33792
23,48,16384,33792
23,48,18432,33792
23,26,19456,33792
23,54,4096,34816
23,54,5120,34816
23,54,6144,34816
23,23,8192,34816
23,23,9216,34816
23,46,9216,34816
23,27,10240,34816
23,49,11264,34816
23,49,12288,34816
23,48,14336,34816
23,48,15360,34816
23,48,17408,34816
23,26,18432,34816
23,48,18432,34816
54,54,1024,38912
54,54,2048,38912
54,23,4096,38912
54,23,5120,38912
54,46,5120,38912
54,27,6144,38912
54,49,7168,38912
54,49,8192,38912
54,48,10240,38912
54,48,11264,38912
54,48,13312,38912
54,26,14336,38912
54,48,14336,38912
54,26,16384,38912
54,54,1024,39936
54,23,3072,39936
54,23,4096,39936
54,46,4096,39936
54,27,5120,39936
54,49,6144,39936
54,49,7168,39936
54,48,9216,39936
54,48,10240,39936
54,48,12288,39936
54,26,13312,39936
54,48,13312,39936
54,26,15360,39936
54,21,19456,39936
54,23,2048,40960
54,23,3072,40960
54,46,3072,40960
54,27,4096,40960
54,49,5120,40960
54,49,6144,40960
54,48,8192,40960
54,48,9216,40960
54,48,11264,40960
54,26,12288,40960
54,48,12288,40960
54,26,14336,40960
54,21,18432,40960
54,42,18432,40960
23,23,1024,43008
23,46,1024,43008
23,27,2048,43008
23,49,3072,43008
23,49,4096,43008
23,48,6144,43008
23,48,7168,43008
23,48,9216,43008
23,26,10240,43008
23,48,10240,43008
23,26,12288,43008
23,21,16384,43008
23,42,16384,43008
23,106,16384,43008
23,46,0,44032
23,27,1024,44032
23,49,2048,44032
23,49,3072,44032
23,48,5120,44032
23,48,6144,44032
23,48,8192,44032
23,26,9216,44032
23,48,9216,44032
23,26,11264,44032
23,21,15360,44032
23,42,15360,44032
23,106,15360,44032
23,65,20480,44032
46,27,1024,44032
46,49,2048,44032
46,49,3072,44032
46,48,5120,44032
46,48,6144,44032
46,48,8192,44032
46,26,9216,44032
46,48,9216,44032
46,26,11264,44032
46,21,15360,44032
46,42,15360,44032
46,106,15360,44032
46,65,20480,44032
27,49,1024,45056
27,49,2048,45056
27,48,4096,45056
27,48,5120,45056
27,48,7168,45056
27,26,8192,45056
27,48,8192,45056
27,26,10240,45056
27,21,14336,45056
27,42,14336,45056
27,106,14336,45056
27,65,19456,45056
49,49,1024,46080
49,48,3072,46080
49,48,4096,46080
49,48,6144,46080
49,26,7168,46080
49,48,7168,46080
49,26,9216,46080
49,21,13312,46080
49,42,13312,46080
49,106,13312,46080
49,65,18432,46080
49,48,2048,47104
49,48,3072,47104
49,48,5120,47104
49,26,6144,47104
49,48,6144,47104
49,26,8192,47104
49,21,12288,47104
49,42,12288,47104
49,106,12288,47104
49,65,17408,47104
48,48,1024,49152
48,48,3072,49152
48,26,4096,49152
48,48,4096,49152
48,26,6144,49152
48,21,10240,49152
48,42,10240,49152
48,106,10240,49152
48,65,15360,49152
48,48,2048,50176
48,26,3072,50176
48,48,3072,50176
48,26,5120,50176
48,21,9216,50176
48,42,9216,50176
48,106,9216,50176
48,65,14336,50176
48,30,20480,50176
48,26,1024,52224
48,48,1024,52224
48,26,3072,52224
48,21,7168,52224
48,42,7168,52224
48,106,7168,52224
48,65,12288,52224
48,30,18432,52224
26,48,0,53248
26,26,2048,53248
26,21,6144,53248
26,42,6144,53248
26,106,6144,53248
26,65,11264,53248
26,30,17408,53248
48,26,2048,53248
48,21,6144,53248
48,42,6144,53248
48,106,6144,53248
48,65,11264,53248
48,30,17408,53248
26,21,4096,55296
26,42,4096,55296
26,106,4096,55296
26,65,9216,55296
26,30,15360,55296
21,42,0,59392
21,106,0,59392
21,65,5120,59392
21,30,11264,59392
21,36,17408,59392
21,73,17408,59392
42,106,0,59392
42,65,5120,59392
42,30,11264,59392
42,36,17408,59392
42,73,17408,59392
106,65,5120,59392
106,30,11264,59392
106,36,17408,59392
106,73,17408,59392
65,30,6144,64512
65,36,12288,64512
65,73,12288,64512
65,33,20480,64512
30,36,6144,70656
30,73,6144,70656
30,33,14336,70656
30,33,15360,70656
30,65,16384,70656
36,73,0,76800
36,33,8192,76800
36,33,9216,76800
36,65,10240,76800
36,18,20480,76800
73,33,8192,76800
73,33,9216,76800
73,65,10240,76800
73,18,20480,76800
33,33,1024,84992
33,65,2048,84992
33,18,12288,84992
33,30,15360,84992
33,28,18432,84992
33,28,19456,84992
33,28,20480,84992
33,65,1024,86016
33,18,11264,86016
33,30,14336,86016
33,28,17408,86016
33,28,18432,86016
33,28,19456,86016
33,18,20480,86016
65,18,10240,87040
65,30,13312,87040
65,28,16384,87040
65,28,17408,87040
65,28,18432,87040
65,18,19456,87040
65,31,20480,87040
18,30,3072,97280
18,28,6144,97280
18,28,7168,97280
18,28,8192,97280
18,18,9216,97280
18,31,10240,97280
18,31,11264,97280
18,24,14336,97280
18,24,15360,97280
18,24,16384,97280
18,24,17408,97280
18,24,19456,97280
18,24,20480,97280
30,28,3072,100352
30,28,4096,100352
30,28,5120,100352
30,18,6144,100352
30,31,7168,100352
30,31,8192,100352
30,24,11264,100352
30,24,12288,100352
30,24,13312,100352
30,24,14336,100352
30,24,16384,100352
30,24,17408,100352
30,21,18432,100352
30,21,19456,100352
28,28,1024,103424
28,28,2048,103424
28,18,3072,103424
28,31,4096,103424
28,31,5120,103424
28,24,8192,103424
28,24,9216,103424
28,24,10240,103424
28,24,11264,103424
28,24,13312,103424
28,24,14336,103424
28,21,15360,103424
28,21,16384,103424
28,21,17408,103424
28,28,1024,104448
28,18,2048,104448
28,31,3072,104448
28,31,4096,104448
28,24,7168,104448
28,24,8192,104448
28,24,9216,104448
28,24,10240,104448
28,24,12288,104448
28,24,13312,104448
28,21,14336,104448
28,21,15360,104448
28,21,16384,104448
28,49,17408,104448
28,18,1024,105472
28,31,2048,105472
28,31,3072,105472
28,24,6144,105472
28,24,7168,105472
28,24,8192,105472
28,24,9216,105472
28,24,11264,105472
28,24,12288,105472
28,21,13312,105472
28,21,14336,105472
28,21,15360,105472
28,49,16384,105472
28,25,18432,105472
18,31,1024,106496
18,31,2048,106496
18,24,5120,106496
18,24,6144,106496
18,24,7168,106496
18,24,8192,106496
18,24,10240,106496
18,24,11264,106496
18,21,12288,106496
18,21,13312,106496
18,21,14336,106496
18,49,15360,106496
18,25,17408,106496
18,24,18432,106496
31,31,1024,107520
31,24,4096,107520
31,24,5120,107520
31,24,6144,107520
31,24,7168,107520
31,24,9216,107520
31,24,10240,107520
31,21,11264,107520
31,21,12288,107520
31,21,13312,107520
31,49,14336,107520
31,25,16384,107520
31,24,17408,107520
31,24,3072,108544
31,24,4096,108544
31,24,5120,108544
31,24,6144,108544
31,24,8192,108544
31,24,9216,108544
31,21,10240,108544
31,21,11264,108544
31,21,12288,108544
31,49,13312,108544
31,25,15360,108544
31,24,16384,108544
24,24,1024,111616
24,24,2048,111616
24,24,3072,111616
24,24,5120,111616
24,24,6144,111616
24,21,7168,111616
24,21,8192,111616
24,21,9216,111616
24,49,10240,111616
24,25,12288,111616
24,24,13312,111616
24,24,1024,112640
24,24,2048,112640
24,24,4096,112640
24,24,5120,112640
24,21,6144,112640
24,21,7168,112640
24,21,8192,112640
24,49,9216,112640
24,25,11264,112640
24,24,12288,112640
24,24,1024,113664
24,24,3072,113664
24,24,4096,113664
24,21,5120,113664
24,21,6144,113664
24,21,7168,113664
24,49,8192,113664
24,25,10240,113664
24,24,11264,113664
24,24,2048,114688
24,24,3072,114688
24,21,4096,114688
24,21,5120,114688
24,21,6144,114688
24,49,7168,114688
24,25,9216,114688
24,24,10240,114688
24,24,1024,116736
24,21,2048,116736
24,21,3072,116736
24,21,4096,116736
24,49,5120,116736
24,25,7168,116736
24,24,8192,116736
24,21,1024,117760
24,21,2048,117760
24,21,3072,117760
24,49,4096,117760
24,25,6144,117760
24,24,7168,117760
21,21,1024,118784
21,21,2048,118784
21,49,3072,118784
21,25,5120,118784
21,24,6144,118784
21,21,1024,119808
21,49,2048,119808
21,25,4096,119808
21,24,5120,119808
21,49,1024,120832
21,25,3072,120832
21,24,4096,120832
49,25,2048,121856
49,24,3072,121856
25,24,1024,123904
77,77,1024,146432
77,58,12288,146432
77,58,11264,147456
28,30,1024,208896
28,31,2048,208896
28,31,3072,208896
28,31,4096,208896
28,33,5120,208896
28,33,8192,208896
28,37,9216,208896
28,37,10240,208896
28,37,11264,208896
28,41,14336,208896
28,41,15360,208896
28,41,17408,208896
28,41,18432,208896
28,41,19456,208896
30,31,1024,209920
30,31,2048,209920
30,31,3072,209920
30,33,4096,209920
30,33,7168,209920
30,37,8192,209920
30,37,9216,209920
30,37,10240,209920
30,41,13312,209920
30,41,14336,209920
30,41,16384,209920
30,41,17408,209920
30,41,18432,209920
30,41,19456,209920
31,31,1024,210944
31,31,2048,210944
31,33,3072,210944
31,33,6144,210944
31,37,7168,210944
31,37,8192,210944
31,37,9216,210944
31,41,12288,210944
31,41,13312,210944
31,41,15360,210944
31,41,16384,210944
31,41,17408,210944
31,41,18432,210944
31,41,19456,210944
31,31,1024,211968
31,33,2048,211968
31,33,5120,211968
31,37,6144,211968
31,37,7168,211968
31,37,8192,211968
31,41,11264,211968
31,41,12288,211968
31,41,14336,211968
31,41,15360,211968
31,41,16384,211968
31,41,17408,211968
31,41,18432,211968
31,41,19456,211968
31,33,1024,212992
31,33,4096,212992
31,37,5120,212992
31,37,6144,212992
31,37,7168,212992
31,41,10240,212992
31,41,11264,212992
31,41,13312,212992
31,41,14336,212992
31,41,15360,212992
31,41,16384,212992
31,41,17408,212992
31,41,18432,212992
31,41,19456,212992
33,33,3072,214016
33,37,4096,214016
33,37,5120,214016
33,37,6144,214016
33,41,9216,214016
33,41,10240,214016
33,41,12288,214016
33,41,13312,214016
33,41,14336,214016
33,41,15360,214016
33,41,16384,214016
33,41,17408,214016
33,41,18432,214016
33,41,19456,214016
33,37,1024,217088
33,37,2048,217088
33,37,3072,217088
33,41,6144,217088
33,41,7168,217088
33,41,9216,217088
33,41,10240,217088
33,41,11264,217088
33,41,12288,217088
33,41,13312,217088
33,41,14336,217088
33,41,15360,217088
33,41,16384,217088
33,41,20480,217088
37,37,1024,218112
37,37,2048,218112
37,41,5120,218112
37,41,6144,218112
37,41,8192,218112
37,41,9216,218112
37,41,10240,218112
37,41,11264,218112
37,41,12288,218112
37,41,13312,218112
37,41,14336,218112
37,41,15360,218112
37,41,19456,218112
37,37,1024,219136
37,41,4096,219136
37,41,5120,219136
37,41,7168,219136
37,41,8192,219136
37,41,9216,219136
37,41,10240,219136
37,41,11264,219136
37,41,12288,219136
37,41,13312,219136
37,41,14336,219136
37,41,18432,219136
37,31,20480,219136
37,41,3072,220160
37,41,4096,220160
37,41,6144,220160
37,41,7168,220160
37,41,8192,220160
37,41,9216,220160
37,41,10240,220160
37,41,11264,220160
37,41,12288,220160
37,41,13312,220160
37,41,17408,220160
37,31,19456,220160
37,33,20480,220160
37,66,20480,220160
41,41,1024,223232
41,41,3072,223232
41,41,4096,223232
41,41,5120,223232
41,41,6144,223232
41,41,7168,223232
41,41,8192,223232
41,41,9216,223232
41,41,10240,223232
41,41,14336,223232
41,31,16384,223232
41,33,17408,223232
41,66,17408,223232
41,132,17408,223232
41,41,2048,224256
41,41,3072,224256
41,41,4096,224256
41,41,5120,224256
41,41,6144,224256
41,41,7168,224256
41,41,8192,224256
41,41,9216,224256
41,41,13312,224256
41,31,15360,224256
41,33,16384,224256
41,66,16384,224256
41,132,16384,224256
41,33,17408,224256
41,41,1024,226304
41,41,2048,226304
41,41,3072,226304
41,41,4096,226304
41,41,5120,226304
41,41,6144,226304
41,41,7168,226304
41,41,11264,226304
41,31,13312,226304
41,33,14336,226304
41,66,14336,226304
41,132,14336,226304
41,33,15360,226304
41,66,15360,226304
41,41,1024,227328
41,41,2048,227328
41,41,3072,227328
41,41,4096,227328
41,41,5120,227328
41,41,6144,227328
41,41,10240,227328
41,31,12288,227328
41,33,13312,227328
41,66,13312,227328
41,132,13312,227328
41,33,14336,227328
41,66,14336,227328
41,132,14336,227328
41,41,1024,228352
41,41,2048,228352
41,41,3072,228352
41,41,4096,228352
41,41,5120,228352
41,41,9216,228352
41,31,11264,228352
41,33,12288,228352
41,66,12288,228352
41,132,12288,228352
41,33,13312,228352
41,66,13312,228352
41,132,13312,228352
41,37,14336,228352
41,41,1024,229376
41,41,2048,229376
41,41,3072,229376
41,41,4096,229376
41,41,8192,229376
41,31,10240,229376
41,33,11264,229376
41,66,11264,229376
41,132,11264,229376
41,33,12288,229376
41,66,12288,229376
41,132,12288,229376
41,37,13312,229376
41,73,13312,229376
41,41,1024,230400
41,41,2048,230400
41,41,3072,230400
41,41,7168,230400
41,31,9216,230400
41,33,10240,230400
41,66,10240,230400
41,132,10240,230400
41,33,11264,230400
41,66,11264,230400
41,132,11264,230400
41,37,12288,230400
41,73,12288,230400
41,41,13312,230400
41,41,1024,231424
41,41,2048,231424
41,41,6144,231424
41,31,8192,231424
41,33,9216,231424
41,66,9216,231424
41,132,9216,231424
41,33,10240,231424
41,66,10240,231424
41,132,10240,231424
41,37,11264,231424
41,73,11264,231424
41,41,12288,231424
41,82,12288,231424
41,41,1024,232448
41,41,5120,232448
41,31,7168,232448
41,33,8192,232448
41,66,8192,232448
41,132,8192,232448
41,33,9216,232448
41,66,9216,232448
41,132,9216,232448
41,37,10240,232448
41,73,10240,232448
41,41,11264,232448
41,82,11264,232448
41,46,15360,232448
41,41,4096,233472
41,31,6144,233472
41,33,7168,233472
41,66,7168,233472
41,132,7168,233472
41,33,8192,233472
41,66,8192,233472
41,132,8192,233472
41,37,9216,233472
41,73,9216,233472
41,41,10240,233472
41,82,10240,233472
41,46,14336,233472
41,116,14336,233472
41,31,2048,237568
41,33,3072,237568
41,66,3072,237568
41,132,3072,237568
41,33,4096,237568
41,66,4096,237568
41,132,4096,237568
41,37,5120,237568
41,73,5120,237568
41,41,6144,237568
41,82,6144,237568
41,46,10240,237568
41,116,10240,237568
41,46,11264,237568
31,33,1024,239616
31,66,1024,239616
31,132,1024,239616
31,33,2048,239616
31,66,2048,239616
31,132,2048,239616
31,37,3072,239616
31,73,3072,239616
31,41,4096,239616
31,82,4096,239616
31,46,8192,239616
31,116,8192,239616
31,46,9216,239616
31,46,10240,239616
33,66,0,240640
33,132,0,240640
33,33,1024,240640
33,66,1024,240640
33,132,1024,240640
33,37,2048,240640
33,73,2048,240640
33,41,3072,240640
33,82,3072,240640
33,46,7168,240640
33,116,7168,240640
33,46,8192,240640
33,46,9216,240640
33,46,10240,240640
66,132,0,240640
66,33,1024,240640
66,66,1024,240640
66,132,1024,240640
66,37,2048,240640
66,73,2048,240640
66,41,3072,240640
66,82,3072,240640
66,46,7168,240640
66,116,7168,240640
66,46,8192,240640
66,46,9216,240640
66,46,10240,240640
66,46,11264,240640
132,33,1024,240640
132,66,1024,240640
132,132,1024,240640
132,37,2048,240640
132,73,2048,240640
132,41,3072,240640
132,82,3072,240640
132,46,7168,240640
132,116,7168,240640
132,46,8192,240640
132,46,9216,240640
132,46,10240,240640
132,46,11264,240640
132,39,12288,240640
33,66,0,241664
33,132,0,241664
33,37,1024,241664
33,73,1024,241664
33,41,2048,241664
33,82,2048,241664
33,46,6144,241664
33,116,6144,241664
33,46,7168,241664
33,46,8192,241664
33,46,9216,241664
33,46,10240,241664
33,39,11264,241664
33,49,11264,241664
66,132,0,241664
66,37,1024,241664
66,73,1024,241664
66,41,2048,241664
66,82,2048,241664
66,46,6144,241664
66,116,6144,241664
66,46,7168,241664
66,46,8192,241664
66,46,9216,241664
66,46,10240,241664
66,39,11264,241664
66,49,11264,241664
66,49,12288,241664
132,37,1024,241664
132,73,1024,241664
132,41,2048,241664
132,82,2048,241664
132,46,6144,241664
132,116,6144,241664
132,46,7168,241664
132,46,8192,241664
132,46,9216,241664
132,46,10240,241664
132,39,11264,241664
132,49,11264,241664
132,49,12288,241664
132,49,13312,241664
37,73,0,242688
37,41,1024,242688
37,82,1024,242688
37,46,5120,242688
37,116,5120,242688
37,46,6144,242688
37,46,7168,242688
37,46,8192,242688
37,46,9216,242688
37,39,10240,242688
37,49,10240,242688
37,49,11264,242688
37,49,12288,242688
37,54,14336,242688
73,41,1024,242688
73,82,1024,242688
73,46,5120,242688
73,116,5120,242688
73,46,6144,242688
73,46,7168,242688
73,46,8192,242688
73,46,9216,242688
73,39,10240,242688
73,49,10240,242688
73,49,11264,242688
73,49,12288,242688
73,54,14336,242688
73,54,15360,242688
41,82,0,243712
41,46,4096,243712
41,116,4096,243712
41,46,5120,243712
41,46,6144,243712
41,46,7168,243712
41,46,8192,243712
41,39,9216,243712
41,49,9216,243712
41,49,10240,243712
41,49,11264,243712
41,54,13312,243712
41,54,14336,243712
41,46,19456,243712
82,46,4096,243712
82,116,4096,243712
82,46,5120,243712
82,46,6144,243712
82,46,7168,243712
82,46,8192,243712
82,39,9216,243712
82,49,9216,243712
82,49,10240,243712
82,49,11264,243712
82,54,13312,243712
82,54,14336,243712
82,46,19456,243712
82,46,20480,243712
46,116,0,247808
46,46,1024,247808
46,46,2048,247808
46,46,3072,247808
46,46,4096,247808
46,39,5120,247808
46,49,5120,247808
46,49,6144,247808
46,49,7168,247808
46,54,9216,247808
46,54,10240,247808
46,46,15360,247808
46,46,16384,247808
116,46,1024,247808
116,46,2048,247808
116,46,3072,247808
116,46,4096,247808
116,39,5120,247808
116,49,5120,247808
116,49,6144,247808
116,49,7168,247808
116,54,9216,247808
116,54,10240,247808
116,46,15360,247808
116,46,16384,247808
46,46,1024,248832
46,46,2048,248832
46,46,3072,248832
46,39,4096,248832
46,49,4096,248832
46,49,5120,248832
46,49,6144,248832
46,54,8192,248832
46,54,9216,248832
46,46,14336,248832
46,46,15360,248832
46,37,20480,248832
46,46,1024,249856
46,46,2048,249856
46,39,3072,249856
46,49,3072,249856
46,49,4096,249856
46,49,5120,249856
46,54,7168,249856
46,54,8192,249856
46,46,13312,249856
46,46,14336,249856
46,37,19456,249856
46,37,20480,249856
46,46,1024,250880
46,39,2048,250880
46,49,2048,250880
46,49,3072,250880
46,49,4096,250880
46,54,6144,250880
46,54,7168,250880
46,46,12288,250880
46,46,13312,250880
46,37,18432,250880
46,37,19456,250880
46,39,1024,251904
46,49,1024,251904
46,49,2048,251904
46,49,3072,251904
46,54,5120,251904
46,54,6144,251904
46,46,11264,251904
46,46,12288,251904
46,37,17408,251904
46,37,18432,251904
39,49,0,252928
39,49,1024,252928
39,49,2048,252928
39,54,4096,252928
39,54,5120,252928
39,46,10240,252928
39,46,11264,252928
39,37,16384,252928
39,37,17408,252928
49,49,1024,252928
49,49,2048,252928
49,54,4096,252928
49,54,5120,252928
49,46,10240,252928
49,46,11264,252928
49,37,16384,252928
49,37,17408,252928
49,49,1024,253952
49,54,3072,253952
49,54,4096,253952
49,46,9216,253952
49,46,10240,253952
49,37,15360,253952
49,37,16384,253952
49,54,2048,254976
49,54,3072,254976
49,46,8192,254976
49,46,9216,254976
49,37,14336,254976
49,37,15360,254976
49,37,20480,254976
49,73,20480,254976
54,54,1024,257024
54,46,6144,257024
54,46,7168,257024
54,37,12288,257024
54,37,13312,257024
54,37,18432,257024
54,73,18432,257024
54,36,19456,257024
54,73,19456,257024
54,219,19456,257024
54,36,20480,257024
54,46,5120,258048
54,46,6144,258048
54,37,11264,258048
54,37,12288,258048
54,37,17408,258048
54,73,17408,258048
54,36,18432,258048
54,73,18432,258048
54,219,18432,258048
54,36,19456,258048
46,46,1024,263168
46,37,6144,263168
46,37,7168,263168
46,37,12288,263168
46,73,12288,263168
46,36,13312,263168
46,73,13312,263168
46,219,13312,263168
46,36,14336,263168
46,73,17408,263168
46,30,18432,263168
46,149,18432,263168
46,31,19456,263168
46,37,5120,264192
46,37,6144,264192
46,37,11264,264192
46,73,11264,264192
46,36,12288,264192
46,73,12288,264192
46,219,12288,264192
46,36,13312,264192
46,73,16384,264192
46,30,17408,264192
46,149,17408,264192
46,31,18432,264192
37,37,1024,269312
37,37,6144,269312
37,73,6144,269312
37,36,7168,269312
37,73,7168,269312
37,219,7168,269312
37,36,8192,269312
37,73,11264,269312
37,30,12288,269312
37,149,12288,269312
37,31,13312,269312
37,25,18432,269312
37,24,19456,269312
37,37,5120,270336
37,73,5120,270336
37,36,6144,270336
37,73,6144,270336
37,219,6144,270336
37,36,7168,270336
37,73,10240,270336
37,30,11264,270336
37,149,11264,270336
37,31,12288,270336
37,25,17408,270336
37,24,18432,270336
37,73,0,275456
37,36,1024,275456
37,73,1024,275456
37,219,1024,275456
37,36,2048,275456
37,73,5120,275456
37,30,6144,275456
37,149,6144,275456
37,31,7168,275456
37,25,12288,275456
37,24,13312,275456
37,53,17408,275456
37,22,18432,275456
37,54,18432,275456
73,36,1024,275456
73,73,1024,275456
73,219,1024,275456
73,36,2048,275456
73,73,5120,275456
73,30,6144,275456
73,149,6144,275456
73,31,7168,275456
73,25,12288,275456
73,24,13312,275456
73,53,17408,275456
73,22,18432,275456
73,54,18432,275456
73,108,18432,275456
36,73,0,276480
36,219,0,276480
36,36,1024,276480
36,73,4096,276480
36,30,5120,276480
36,149,5120,276480
36,31,6144,276480
36,25,11264,276480
36,24,12288,276480
36,53,16384,276480
36,22,17408,276480
36,54,17408,276480
36,108,17408,276480
36,22,18432,276480
73,219,0,276480
73,36,1024,276480
73,73,4096,276480
73,30,5120,276480
73,149,5120,276480
73,31,6144,276480
73,25,11264,276480
73,24,12288,276480
73,53,16384,276480
73,22,17408,276480
73,54,17408,276480
73,108,17408,276480
73,22,18432,276480
73,43,18432,276480
219,36,1024,276480
219,73,4096,276480
219,30,5120,276480
219,149,5120,276480
219,31,6144,276480
219,25,11264,276480
219,24,12288,276480
219,53,16384,276480
219,22,17408,276480
219,54,17408,276480
219,108,17408,276480
219,22,18432,276480
219,43,18432,276480
219,46,19456,276480
36,73,3072,277504
36,30,4096,277504
36,149,4096,277504
36,31,5120,277504
36,25,10240,277504
36,24,11264,277504
36,53,15360,277504
36,22,16384,277504
36,54,16384,277504
36,108,16384,277504
36,22,17408,277504
36,43,17408,277504
36,46,18432,277504
36,49,20480,277504
73,30,1024,280576
73,149,1024,280576
73,31,2048,280576
73,25,7168,280576
73,24,8192,280576
73,53,12288,280576
73,22,13312,280576
73,54,13312,280576
73,108,13312,280576
73,22,14336,280576
73,43,14336,280576
73,46,15360,280576
73,49,17408,280576
73,49,18432,280576
30,149,0,281600
30,31,1024,281600
30,25,6144,281600
30,24,7168,281600
30,53,11264,281600
30,22,12288,281600
30,54,12288,281600
30,108,12288,281600
30,22,13312,281600
30,43,13312,281600
30,46,14336,281600
30,49,16384,281600
30,49,17408,281600
30,49,18432,281600
149,31,1024,281600
149,25,6144,281600
149,24,7168,281600
149,53,11264,281600
149,22,12288,281600
149,54,12288,281600
149,108,12288,281600
149,22,13312,281600
149,43,13312,281600
149,46,14336,281600
149,49,16384,281600
149,49,17408,281600
149,49,18432,281600
149,48,19456,281600
31,25,5120,282624
31,24,6144,282624
31,53,10240,282624
31,22,11264,282624
31,54,11264,282624
31,108,11264,282624
31,22,12288,282624
31,43,12288,282624
31,46,13312,282624
31,49,15360,282624
31,49,16384,282624
31,49,17408,282624
31,48,18432,282624
25,24,1024,287744
25,53,5120,287744
25,22,6144,287744
25,54,6144,287744
25,108,6144,287744
25,22,7168,287744
25,43,7168,287744
25,46,8192,287744
25,49,10240,287744
25,49,11264,287744
25,49,12288,287744
25,48,13312,287744
25,49,18432,287744
24,53,4096,288768
24,22,5120,288768
24,54,5120,288768
24,108,5120,288768
24,22,6144,288768
24,43,6144,288768
24,46,7168,288768
24,49,9216,288768
24,49,10240,288768
24,49,11264,288768
24,48,12288,288768
24,49,17408,288768
53,22,1024,292864
53,54,1024,292864
53,108,1024,292864
53,22,2048,292864
53,43,2048,292864
53,46,3072,292864
53,49,5120,292864
53,49,6144,292864
53,49,7168,292864
53,48,8192,292864
53,49,13312,292864
22,54,0,293888
22,108,0,293888
22,22,1024,293888
22,43,1024,293888
22,46,2048,293888
22,49,4096,293888
22,49,5120,293888
22,49,6144,293888
22,48,7168,293888
22,49,12288,293888
54,108,0,293888
54,22,1024,293888
54,43,1024,293888
54,46,2048,293888
54,49,4096,293888
54,49,5120,293888
54,49,6144,293888
54,48,7168,293888
54,49,12288,293888
108,22,1024,293888
108,43,1024,293888
108,46,2048,293888
108,49,4096,293888
108,49,5120,293888
108,49,6144,293888
108,48,7168,293888
108,49,12288,293888
22,43,0,294912
22,46,1024,294912
22,49,3072,294912
22,49,4096,294912
22,49,5120,294912
22,48,6144,294912
22,49,11264,294912
43,46,1024,294912
43,49,3072,294912
43,49,4096,294912
43,49,5120,294912
43,48,6144,294912
43,49,11264,294912
46,49,2048,295936
46,49,3072,295936
46,49,4096,295936
46,48,5120,295936
46,49,10240,295936
49,49,1024,297984
49,49,2048,297984
49,48,3072,297984
49,49,8192,297984
49,37,20480,297984
49,49,1024,299008
49,48,2048,299008
49,49,7168,299008
49,37,19456,299008
49,41,20480,299008
49,48,1024,300032
49,49,6144,300032
49,37,18432,300032
49,41,19456,300032
48,49,5120,301056
48,37,17408,301056
48,41,18432,301056
49,37,12288,306176
49,41,13312,306176
49,41,16384,306176
49,115,17408,306176
49,115,18432,306176
37,41,1024,318464
37,41,4096,318464
37,115,5120,318464
37,115,6144,318464
41,41,3072,319488
41,115,4096,319488
41,115,5120,319488
41,115,1024,322560
41,115,2048,322560
115,115,1024,323584
