97,19,2048,2048
97,19,8192,2048
97,64,11264,2048
97,291,13312,2048
97,174,17408,2048
97,87,18432,2048
97,173,18432,2048
97,347,18432,2048
97,80,19456,2048
97,155,20480,2048
97,233,20480,2048
19,19,6144,4096
19,64,9216,4096
19,291,11264,4096
19,174,15360,4096
19,87,16384,4096
19,173,16384,4096
19,347,16384,4096
19,80,17408,4096
19,155,18432,4096
19,233,18432,4096
19,224,19456,4096
19,64,3072,10240
19,291,5120,10240
19,174,9216,10240
19,87,10240,10240
19,173,10240,10240
19,347,10240,10240
19,80,11264,10240
19,155,12288,10240
19,233,12288,10240
19,224,13312,10240
19,65,15360,10240
19,130,15360,10240
19,117,16384,10240
19,175,16384,10240
64,291,2048,13312
64,174,6144,13312
64,87,7168,13312
64,173,7168,13312
64,347,7168,13312
64,80,8192,13312
64,155,9216,13312
64,233,9216,13312
64,224,10240,13312
64,65,12288,13312
64,130,12288,13312
64,117,13312,13312
64,175,13312,13312
64,116,14336,13312
291,174,4096,15360
291,87,5120,15360
291,173,5120,15360
291,347,5120,15360
291,80,6144,15360
291,155,7168,15360
291,233,7168,15360
291,224,8192,15360
291,65,10240,15360
291,130,10240,15360
291,117,11264,15360
291,175,11264,15360
291,116,12288,15360
291,174,12288,15360
174,87,1024,19456
174,173,1024,19456
174,347,1024,19456
174,80,2048,19456
174,155,3072,19456
174,233,3072,19456
174,224,4096,19456
174,65,6144,19456
174,130,6144,19456
174,117,7168,19456
174,175,7168,19456
174,116,8192,19456
174,174,8192,19456
174,18,11264,19456
87,173,0,20480
87,347,0,20480
87,80,1024,20480
87,155,2048,20480
87,233,2048,20480
87,224,3072,20480
87,65,5120,20480
87,130,5120,20480
87,117,6144,20480
87,175,6144,20480
87,116,7168,20480
87,174,7168,20480
87,18,10240,20480
87,107,11264,20480
173,347,0,20480
173,80,1024,20480
173,155,2048,20480
173,233,2048,20480
173,224,3072,20480
173,65,5120,20480
173,130,5120,20480
173,117,6144,20480
173,175,6144,20480
173,116,7168,20480
173,174,7168,20480
173,18,10240,20480
173,107,11264,20480
173,108,12288,20480
347,80,1024,20480
347,155,2048,20480
347,233,2048,20480
347,224,3072,20480
347,65,5120,20480
347,130,5120,20480
347,117,6144,20480
347,175,6144,20480
347,116,7168,20480
347,174,7168,20480
347,18,10240,20480
347,107,11264,20480
347,108,12288,20480
347,103,13312,20480
80,155,1024,21504
80,233,1024,21504
80,224,2048,21504
80,65,4096,21504
80,130,4096,21504
80,117,5120,21504
80,175,5120,21504
80,116,6144,21504
80,174,6144,21504
80,18,9216,21504
80,107,10240,21504
80,108,11264,21504
80,103,12288,21504
80,104,13312,21504
155,233,0,22528
155,224,1024,22528
155,65,3072,22528
155,130,3072,22528
155,117,4096,22528
155,175,4096,22528
155,116,5120,22528
155,174,5120,22528
155,18,8192,22528
155,107,9216,22528
155,108,10240,22528
155,103,11264,22528
155,104,12288,22528
155,19,15360,22528
233,224,1024,22528
233,65,3072,22528
233,130,3072,22528
233,117,4096,22528
233,175,4096,22528
233,116,5120,22528
233,174,5120,22528
233,18,8192,22528
233,107,9216,22528
233,108,10240,22528
233,103,11264,22528
233,104,12288,22528
233,19,15360,22528
233,97,16384,22528
224,65,2048,23552
224,130,2048,23552
224,117,3072,23552
224,175,3072,23552
224,116,4096,23552
224,174,4096,23552
224,18,7168,23552
224,107,8192,23552
224,108,9216,23552
224,103,10240,23552
224,104,11264,23552
224,19,14336,23552
224,97,15360,23552
224,130,17408,23552
65,130,0,25600
65,117,1024,25600
65,175,1024,25600
65,116,2048,25600
65,174,2048,25600
65,18,5120,25600
65,107,6144,25600
65,108,7168,25600
65,103,8192,25600
65,104,9216,25600
65,19,12288,25600
65,97,13312,25600
65,130,15360,25600
130,117,1024,25600
130,175,1024,25600
130,116,2048,25600
130,174,2048,25600
130,18,5120,25600
130,107,6144,25600
130,108,7168,25600
130,103,8192,25600
130,104,9216,25600
130,19,12288,25600
130,97,13312,25600
130,130,15360,25600
117,175,0,26624
117,116,1024,26624
117,174,1024,26624
117,18,4096,26624
117,107,5120,26624
117,108,6144,26624
117,103,7168,26624
117,104,8192,26624
117,19,11264,26624
117,97,12288,26624
117,130,14336,26624
175,116,1024,26624
175,174,1024,26624
175,18,4096,26624
175,107,5120,26624
175,108,6144,26624
175,103,7168,26624
175,104,8192,26624
175,19,11264,26624
175,97,12288,26624
175,130,14336,26624
116,174,0,27648
116,18,3072,27648
116,107,4096,27648
116,108,5120,27648
116,103,6144,27648
116,104,7168,27648
116,19,10240,27648
116,97,11264,27648
116,130,13312,27648
174,18,3072,27648
174,107,4096,27648
174,108,5120,27648
174,103,6144,27648
174,104,7168,27648
174,19,10240,27648
174,97,11264,27648
174,130,13312,27648
18,107,1024,30720
18,108,2048,30720
18,103,3072,30720
18,104,4096,30720
18,19,7168,30720
18,97,8192,30720
18,130,10240,30720
18,130,20480,30720
107,108,1024,31744
107,103,2048,31744
107,104,3072,31744
107,19,6144,31744
107,97,7168,31744
107,130,9216,31744
107,130,19456,31744
108,103,1024,32768
108,104,2048,32768
108,19,5120,32768
108,97,6144,32768
108,130,8192,32768
108,130,18432,32768
103,104,1024,33792
103,19,4096,33792
103,97,5120,33792
103,130,7168,33792
103,130,17408,33792
104,19,3072,34816
104,97,4096,34816
104,130,6144,34816
104,130,16384,34816
19,97,1024,37888
19,130,3072,37888
19,130,13312,37888
97,130,2048,38912
97,130,12288,38912
130,130,10240,40960
130,103,18432,51200
130,117,20480,51200
130,175,20480,51200
103,117,2048,69632
103,175,2048,69632
103,115,3072,69632
103,96,7168,69632
103,18,8192,69632
117,175,0,71680
117,115,1024,71680
117,96,5120,71680
117,18,6144,71680
175,115,1024,71680
175,96,5120,71680
175,18,6144,71680
115,96,4096,72704
115,18,5120,72704
96,18,1024,76800
96,297,17408,76800
18,297,16384,77824
18,117,20480,77824
297,117,4096,94208
297,103,16384,94208
297,18,17408,94208
297,18,18432,94208
117,103,12288,98304
117,18,13312,98304
117,18,14336,98304
103,18,1024,110592
103,18,2048,110592
103,130,11264,110592
103,133,17408,110592
18,18,1024,111616
18,130,10240,111616
18,133,16384,111616
18,19,20480,111616
18,130,9216,112640
18,133,15360,112640
18,19,19456,112640
130,133,6144,121856
130,19,10240,121856
133,19,4096,128000
133,116,17408,128000
19,116,13312,132096
19,19,20480,132096
116,19,7168,145408
116,19,8192,145408
116,97,9216,145408
116,18,14336,145408
116,29,17408,145408
116,29,18432,145408
116,19,19456,145408
116,25,20480,145408
19,19,1024,152576
19,97,2048,152576
19,18,7168,152576
19,29,10240,152576
19,29,11264,152576
19,19,12288,152576
19,25,13312,152576
19,25,14336,152576
19,29,15360,152576
19,29,16384,152576
19,31,17408,152576
19,154,17408,152576
19,31,18432,152576
19,34,19456,152576
19,97,1024,153600
19,18,6144,153600
19,29,9216,153600
19,29,10240,153600
19,19,11264,153600
19,25,12288,153600
19,25,13312,153600
19,29,14336,153600
19,29,15360,153600
19,31,16384,153600
19,154,16384,153600
19,31,17408,153600
19,34,18432,153600
19,28,19456,153600
97,18,5120,154624
97,29,8192,154624
97,29,9216,154624
97,19,10240,154624
97,25,11264,154624
97,25,12288,154624
97,29,13312,154624
97,29,14336,154624
97,31,15360,154624
97,154,15360,154624
97,31,16384,154624
97,34,17408,154624
97,28,18432,154624
97,27,19456,154624
18,29,3072,159744
18,29,4096,159744
18,19,5120,159744
18,25,6144,159744
18,25,7168,159744
18,29,8192,159744
18,29,9216,159744
18,31,10240,159744
18,154,10240,159744
18,31,11264,159744
18,34,12288,159744
18,28,13312,159744
18,27,14336,159744
18,23,15360,159744
29,29,1024,162816
29,19,2048,162816
29,25,3072,162816
29,25,4096,162816
29,29,5120,162816
29,29,6144,162816
29,31,7168,162816
29,154,7168,162816
29,31,8192,162816
29,34,9216,162816
29,28,10240,162816
29,27,11264,162816
29,23,12288,162816
29,20,15360,162816
29,19,1024,163840
29,25,2048,163840
29,25,3072,163840
29,29,4096,163840
29,29,5120,163840
29,31,6144,163840
29,154,6144,163840
29,31,7168,163840
29,34,8192,163840
29,28,9216,163840
29,27,10240,163840
29,23,11264,163840
29,20,14336,163840
29,18,15360,163840
19,25,1024,164864
19,25,2048,164864
19,29,3072,164864
19,29,4096,164864
19,31,5120,164864
19,154,5120,164864
19,31,6144,164864
19,34,7168,164864
19,28,8192,164864
19,27,9216,164864
19,23,10240,164864
19,20,13312,164864
19,18,14336,164864
19,19,15360,164864
25,25,1024,165888
25,29,2048,165888
25,29,3072,165888
25,31,4096,165888
25,154,4096,165888
25,31,5120,165888
25,34,6144,165888
25,28,7168,165888
25,27,8192,165888
25,23,9216,165888
25,20,12288,165888
25,18,13312,165888
25,19,14336,165888
25,122,16384,165888
25,29,1024,166912
25,29,2048,166912
25,31,3072,166912
25,154,3072,166912
25,31,4096,166912
25,34,5120,166912
25,28,6144,166912
25,27,7168,166912
25,23,8192,166912
25,20,11264,166912
25,18,12288,166912
25,19,13312,166912
25,122,15360,166912
25,118,16384,166912
29,29,1024,167936
29,31,2048,167936
29,154,2048,167936
29,31,3072,167936
29,34,4096,167936
29,28,5120,167936
29,27,6144,167936
29,23,7168,167936
29,20,10240,167936
29,18,11264,167936
29,19,12288,167936
29,122,14336,167936
29,118,15360,167936
29,19,17408,167936
29,31,1024,168960
29,154,1024,168960
29,31,2048,168960
29,34,3072,168960
29,28,4096,168960
29,27,5120,168960
29,23,6144,168960
29,20,9216,168960
29,18,10240,168960
29,19,11264,168960
29,122,13312,168960
29,118,14336,168960
29,19,16384,168960
31,154,0,169984
31,31,1024,169984
31,34,2048,169984
31,28,3072,169984
31,27,4096,169984
31,23,5120,169984
31,20,8192,169984
31,18,9216,169984
31,19,10240,169984
31,122,12288,169984
31,118,13312,169984
31,19,15360,169984
31,29,20480,169984
31,43,20480,169984
154,31,1024,169984
154,34,2048,169984
154,28,3072,169984
154,27,4096,169984
154,23,5120,169984
154,20,8192,169984
154,18,9216,169984
154,19,10240,169984
154,122,12288,169984
154,118,13312,169984
154,19,15360,169984
154,29,20480,169984
154,43,20480,169984
31,34,1024,171008
31,28,2048,171008
31,27,3072,171008
31,23,4096,171008
31,20,7168,171008
31,18,8192,171008
31,19,9216,171008
31,122,11264,171008
31,118,12288,171008
31,19,14336,171008
31,29,19456,171008
31,43,19456,171008
34,28,1024,172032
34,27,2048,172032
34,23,3072,172032
34,20,6144,172032
34,18,7168,172032
34,19,8192,172032
34,122,10240,172032
34,118,11264,172032
34,19,13312,172032
34,29,18432,172032
34,43,18432,172032
28,27,1024,173056
28,23,2048,173056
28,20,5120,173056
28,18,6144,173056
28,19,7168,173056
28,122,9216,173056
28,118,10240,173056
28,19,12288,173056
28,29,17408,173056
28,43,17408,173056
28,19,20480,173056
27,23,1024,174080
27,20,4096,174080
27,18,5120,174080
27,19,6144,174080
27,122,8192,174080
27,118,9216,174080
27,19,11264,174080
27,29,16384,174080
27,43,16384,174080
27,19,19456,174080
23,20,3072,175104
23,18,4096,175104
23,19,5120,175104
23,122,7168,175104
23,118,8192,175104
23,19,10240,175104
23,29,15360,175104
23,43,15360,175104
23,19,18432,175104
20,18,1024,178176
20,19,2048,178176
20,122,4096,178176
20,118,5120,178176
20,19,7168,178176
20,29,12288,178176
20,43,12288,178176
20,19,15360,178176
20,22,19456,178176
18,19,1024,179200
18,122,3072,179200
18,118,4096,179200
18,19,6144,179200
18,29,11264,179200
18,43,11264,179200
18,19,14336,179200
18,22,18432,179200
19,122,2048,180224
19,118,3072,180224
19,19,5120,180224
19,29,10240,180224
19,43,10240,180224
19,19,13312,180224
19,22,17408,180224
19,33,20480,180224
122,118,1024,182272
122,19,3072,182272
122,29,8192,182272
122,43,8192,182272
122,19,11264,182272
122,22,15360,182272
122,33,18432,182272
118,19,2048,183296
118,29,7168,183296
118,43,7168,183296
118,19,10240,183296
118,22,14336,183296
118,33,17408,183296
118,19,20480,183296
19,29,5120,185344
19,43,5120,185344
19,19,8192,185344
19,22,12288,185344
19,33,15360,185344
19,19,18432,185344
19,19,20480,185344
29,43,0,190464
29,19,3072,190464
29,22,7168,190464
29,33,10240,190464
29,19,13312,190464
29,19,15360,190464
29,18,16384,190464
29,19,17408,190464
29,22,18432,190464
43,19,3072,190464
43,22,7168,190464
43,33,10240,190464
43,19,13312,190464
43,19,15360,190464
43,18,16384,190464
43,19,17408,190464
43,22,18432,190464
19,22,4096,193536
19,33,7168,193536
19,19,10240,193536
19,19,12288,193536
19,18,13312,193536
19,19,14336,193536
19,22,15360,193536
22,33,3072,197632
22,19,6144,197632
22,19,8192,197632
22,18,9216,197632
22,19,10240,197632
22,22,11264,197632
22,19,17408,197632
33,19,3072,200704
33,19,5120,200704
33,18,6144,200704
33,19,7168,200704
33,22,8192,200704
33,19,14336,200704
33,19,18432,200704
19,19,2048,203776
19,18,3072,203776
19,19,4096,203776
19,22,5120,203776
19,19,11264,203776
19,19,15360,203776
19,18,1024,205824
19,19,2048,205824
19,22,3072,205824
19,19,9216,205824
19,19,13312,205824
19,19,20480,205824
18,19,1024,206848
18,22,2048,206848
18,19,8192,206848
18,19,12288,206848
18,19,19456,206848
18,22,20480,206848
19,22,1024,207872
19,19,7168,207872
19,19,11264,207872
19,19,18432,207872
19,22,19456,207872
19,22,20480,207872
22,19,6144,208896
22,19,10240,208896
22,19,17408,208896
22,22,18432,208896
22,22,19456,208896
19,19,4096,215040
19,19,11264,215040
19,22,12288,215040
19,22,13312,215040
19,20,15360,215040
19,22,16384,215040
19,19,19456,215040
19,19,7168,219136
19,22,8192,219136
19,22,9216,219136
19,20,11264,219136
19,22,12288,219136
19,19,15360,219136
19,24,18432,219136
19,119,18432,219136
19,24,19456,219136
19,122,19456,219136
19,22,1024,226304
19,22,2048,226304
19,20,4096,226304
19,22,5120,226304
19,19,8192,226304
19,24,11264,226304
19,119,11264,226304
19,24,12288,226304
19,122,12288,226304
19,29,17408,226304
19,32,19456,226304
19,19,20480,226304
22,22,1024,227328
22,20,3072,227328
22,22,4096,227328
22,19,7168,227328
22,24,10240,227328
22,119,10240,227328
22,24,11264,227328
22,122,11264,227328
22,29,16384,227328
22,32,18432,227328
22,19,19456,227328
22,20,2048,228352
22,22,3072,228352
22,19,6144,228352
22,24,9216,228352
22,119,9216,228352
22,24,10240,228352
22,122,10240,228352
22,29,15360,228352
22,32,17408,228352
22,19,18432,228352
20,22,1024,230400
20,19,4096,230400
20,24,7168,230400
20,119,7168,230400
20,24,8192,230400
20,122,8192,230400
20,29,13312,230400
20,32,15360,230400
20,19,16384,230400
22,19,3072,231424
22,24,6144,231424
22,119,6144,231424
22,24,7168,231424
22,122,7168,231424
22,29,12288,231424
22,32,14336,231424
22,19,15360,231424
22,19,20480,231424
19,24,3072,234496
19,119,3072,234496
19,24,4096,234496
19,122,4096,234496
19,29,9216,234496
19,32,11264,234496
19,19,12288,234496
19,19,17408,234496
19,20,18432,234496
19,19,19456,234496
24,119,0,237568
24,24,1024,237568
24,122,1024,237568
24,29,6144,237568
24,32,8192,237568
24,19,9216,237568
24,19,14336,237568
24,20,15360,237568
24,19,16384,237568
119,24,1024,237568
119,122,1024,237568
119,29,6144,237568
119,32,8192,237568
119,19,9216,237568
119,19,14336,237568
119,20,15360,237568
119,19,16384,237568
24,122,0,238592
24,29,5120,238592
24,32,7168,238592
24,19,8192,238592
24,19,13312,238592
24,20,14336,238592
24,19,15360,238592
122,29,5120,238592
122,32,7168,238592
122,19,8192,238592
122,19,13312,238592
122,20,14336,238592
122,19,15360,238592
29,32,2048,243712
29,19,3072,243712
29,19,8192,243712
29,20,9216,243712
29,19,10240,243712
29,19,16384,243712
29,25,18432,243712
29,25,19456,243712
29,30,20480,243712
32,19,1024,245760
32,19,6144,245760
32,20,7168,245760
32,19,8192,245760
32,19,14336,245760
32,25,16384,245760
32,25,17408,245760
32,30,18432,245760
32,33,19456,245760
32,33,20480,245760
19,19,5120,246784
19,20,6144,246784
19,19,7168,246784
19,19,13312,246784
19,25,15360,246784
19,25,16384,246784
19,30,17408,246784
19,33,18432,246784
19,33,19456,246784
19,29,20480,246784
19,20,1024,251904
19,19,2048,251904
19,19,8192,251904
19,25,10240,251904
19,25,11264,251904
19,30,12288,251904
19,33,13312,251904
19,33,14336,251904
19,29,15360,251904
19,33,16384,251904
19,32,17408,251904
19,28,19456,251904
19,154,19456,251904
19,29,20480,251904
20,19,1024,252928
20,19,7168,252928
20,25,9216,252928
20,25,10240,252928
20,30,11264,252928
20,33,12288,252928
20,33,13312,252928
20,29,14336,252928
20,33,15360,252928
20,32,16384,252928
20,28,18432,252928
20,154,18432,252928
20,29,19456,252928
20,58,19456,252928
19,19,6144,253952
19,25,8192,253952
19,25,9216,253952
19,30,10240,253952
19,33,11264,253952
19,33,12288,253952
19,29,13312,253952
19,33,14336,253952
19,32,15360,253952
19,28,17408,253952
19,154,17408,253952
19,29,18432,253952
19,58,18432,253952
19,115,18432,253952
19,25,2048,260096
19,25,3072,260096
19,30,4096,260096
19,33,5120,260096
19,33,6144,260096
19,29,7168,260096
19,33,8192,260096
19,32,9216,260096
19,28,11264,260096
19,154,11264,260096
19,29,12288,260096
19,58,12288,260096
19,115,12288,260096
19,32,13312,260096
25,25,1024,262144
25,30,2048,262144
25,33,3072,262144
25,33,4096,262144
25,29,5120,262144
25,33,6144,262144
25,32,7168,262144
25,28,9216,262144
25,154,9216,262144
25,29,10240,262144
25,58,10240,262144
25,115,10240,262144
25,32,11264,262144
25,39,13312,262144
25,30,1024,263168
25,33,2048,263168
25,33,3072,263168
25,29,4096,263168
25,33,5120,263168
25,32,6144,263168
25,28,8192,263168
25,154,8192,263168
25,29,9216,263168
25,58,9216,263168
25,115,9216,263168
25,32,10240,263168
25,39,12288,263168
25,116,12288,263168
30,33,1024,264192
30,33,2048,264192
30,29,3072,264192
30,33,4096,264192
30,32,5120,264192
30,28,7168,264192
30,154,7168,264192
30,29,8192,264192
30,58,8192,264192
30,115,8192,264192
30,32,9216,264192
30,39,11264,264192
30,116,11264,264192
30,117,12288,264192
33,33,1024,265216
33,29,2048,265216
33,33,3072,265216
33,32,4096,265216
33,28,6144,265216
33,154,6144,265216
33,29,7168,265216
33,58,7168,265216
33,115,7168,265216
33,32,8192,265216
33,39,10240,265216
33,116,10240,265216
33,117,11264,265216
33,43,12288,265216
33,29,1024,266240
33,33,2048,266240
33,32,3072,266240
33,28,5120,266240
33,154,5120,266240
33,29,6144,266240
33,58,6144,266240
33,115,6144,266240
33,32,7168,266240
33,39,9216,266240
33,116,9216,266240
33,117,10240,266240
33,43,11264,266240
33,130,11264,266240
29,33,1024,267264
29,32,2048,267264
29,28,4096,267264
29,154,4096,267264
29,29,5120,267264
29,58,5120,267264
29,115,5120,267264
29,32,6144,267264
29,39,8192,267264
29,116,8192,267264
29,117,9216,267264
29,43,10240,267264
29,130,10240,267264
29,173,10240,267264
33,32,1024,268288
33,28,3072,268288
33,154,3072,268288
33,29,4096,268288
33,58,4096,268288
33,115,4096,268288
33,32,5120,268288
33,39,7168,268288
33,116,7168,268288
33,117,8192,268288
33,43,9216,268288
33,130,9216,268288
33,173,9216,268288
33,39,10240,268288
32,28,2048,269312
32,154,2048,269312
32,29,3072,269312
32,58,3072,269312
32,115,3072,269312
32,32,4096,269312
32,39,6144,269312
32,116,6144,269312
32,117,7168,269312
32,43,8192,269312
32,130,8192,269312
32,173,8192,269312
32,39,9216,269312
32,118,9216,269312
28,154,0,271360
28,29,1024,271360
28,58,1024,271360
28,115,1024,271360
28,32,2048,271360
28,39,4096,271360
28,116,4096,271360
28,117,5120,271360
28,43,6144,271360
28,130,6144,271360
28,173,6144,271360
28,39,7168,271360
28,118,7168,271360
28,117,8192,271360
154,29,1024,271360
154,58,1024,271360
154,115,1024,271360
154,32,2048,271360
154,39,4096,271360
154,116,4096,271360
154,117,5120,271360
154,43,6144,271360
154,130,6144,271360
154,173,6144,271360
154,39,7168,271360
154,118,7168,271360
154,117,8192,271360
154,33,9216,271360
29,58,0,272384
29,115,0,272384
29,32,1024,272384
29,39,3072,272384
29,116,3072,272384
29,117,4096,272384
29,43,5120,272384
29,130,5120,272384
29,173,5120,272384
29,39,6144,272384
29,118,6144,272384
29,117,7168,272384
29,33,8192,272384
29,98,8192,272384
58,115,0,272384
58,32,1024,272384
58,39,3072,272384
58,116,3072,272384
58,117,4096,272384
58,43,5120,272384
58,130,5120,272384
58,173,5120,272384
58,39,6144,272384
58,118,6144,272384
58,117,7168,272384
58,33,8192,272384
58,98,8192,272384
58,29,9216,272384
115,32,1024,272384
115,39,3072,272384
115,116,3072,272384
115,117,4096,272384
115,43,5120,272384
115,130,5120,272384
115,173,5120,272384
115,39,6144,272384
115,118,6144,272384
115,117,7168,272384
115,33,8192,272384
115,98,8192,272384
115,29,9216,272384
115,116,9216,272384
32,39,2048,273408
32,116,2048,273408
32,117,3072,273408
32,43,4096,273408
32,130,4096,273408
32,173,4096,273408
32,39,5120,273408
32,118,5120,273408
32,117,6144,273408
32,33,7168,273408
32,98,7168,273408
32,29,8192,273408
32,116,8192,273408
32,29,9216,273408
39,116,0,275456
39,117,1024,275456
39,43,2048,275456
39,130,2048,275456
39,173,2048,275456
39,39,3072,275456
39,118,3072,275456
39,117,4096,275456
39,33,5120,275456
39,98,5120,275456
39,29,6144,275456
39,116,6144,275456
39,29,7168,275456
39,115,7168,275456
116,117,1024,275456
116,43,2048,275456
116,130,2048,275456
116,173,2048,275456
116,39,3072,275456
116,118,3072,275456
116,117,4096,275456
116,33,5120,275456
116,98,5120,275456
116,29,6144,275456
116,116,6144,275456
116,29,7168,275456
116,115,7168,275456
116,19,9216,275456
117,43,1024,276480
117,130,1024,276480
117,173,1024,276480
117,39,2048,276480
117,118,2048,276480
117,117,3072,276480
117,33,4096,276480
117,98,4096,276480
117,29,5120,276480
117,116,5120,276480
117,29,6144,276480
117,115,6144,276480
117,19,8192,276480
117,19,9216,276480
43,130,0,277504
43,173,0,277504
43,39,1024,277504
43,118,1024,277504
43,117,2048,277504
43,33,3072,277504
43,98,3072,277504
43,29,4096,277504
43,116,4096,277504
43,29,5120,277504
43,115,5120,277504
43,19,7168,277504
43,19,8192,277504
43,25,10240,277504
130,173,0,277504
130,39,1024,277504
130,118,1024,277504
130,117,2048,277504
130,33,3072,277504
130,98,3072,277504
130,29,4096,277504
130,116,4096,277504
130,29,5120,277504
130,115,5120,277504
130,19,7168,277504
130,19,8192,277504
130,25,10240,277504
130,29,11264,277504
173,39,1024,277504
173,118,1024,277504
173,117,2048,277504
173,33,3072,277504
173,98,3072,277504
173,29,4096,277504
173,116,4096,277504
173,29,5120,277504
173,115,5120,277504
173,19,7168,277504
173,19,8192,277504
173,25,10240,277504
173,29,11264,277504
173,117,11264,277504
39,118,0,278528
39,117,1024,278528
39,33,2048,278528
39,98,2048,278528
39,29,3072,278528
39,116,3072,278528
39,29,4096,278528
39,115,4096,278528
39,19,6144,278528
39,19,7168,278528
39,25,9216,278528
39,29,10240,278528
39,117,10240,278528
39,29,11264,278528
118,117,1024,278528
118,33,2048,278528
118,98,2048,278528
118,29,3072,278528
118,116,3072,278528
118,29,4096,278528
118,115,4096,278528
118,19,6144,278528
118,19,7168,278528
118,25,9216,278528
118,29,10240,278528
118,117,10240,278528
118,29,11264,278528
118,59,11264,278528
117,33,1024,279552
117,98,1024,279552
117,29,2048,279552
117,116,2048,279552
117,29,3072,279552
117,115,3072,279552
117,19,5120,279552
117,19,6144,279552
117,25,8192,279552
117,29,9216,279552
117,117,9216,279552
117,29,10240,279552
117,59,10240,279552
117,117,10240,279552
33,98,0,280576
33,29,1024,280576
33,116,1024,280576
33,29,2048,280576
33,115,2048,280576
33,19,4096,280576
33,19,5120,280576
33,25,7168,280576
33,29,8192,280576
33,117,8192,280576
33,29,9216,280576
33,59,9216,280576
33,117,9216,280576
33,33,10240,280576
98,29,1024,280576
98,116,1024,280576
98,29,2048,280576
98,115,2048,280576
98,19,4096,280576
98,19,5120,280576
98,25,7168,280576
98,29,8192,280576
98,117,8192,280576
98,29,9216,280576
98,59,9216,280576
98,117,9216,280576
98,33,10240,280576
98,29,11264,280576
29,116,0,281600
29,29,1024,281600
29,115,1024,281600
29,19,3072,281600
29,19,4096,281600
29,25,6144,281600
29,29,7168,281600
29,117,7168,281600
29,29,8192,281600
29,59,8192,281600
29,117,8192,281600
29,33,9216,281600
29,29,10240,281600
29,116,10240,281600
116,29,1024,281600
116,115,1024,281600
116,19,3072,281600
116,19,4096,281600
116,25,6144,281600
116,29,7168,281600
116,117,7168,281600
116,29,8192,281600
116,59,8192,281600
116,117,8192,281600
116,33,9216,281600
116,29,10240,281600
116,116,10240,281600
116,29,11264,281600
29,115,0,282624
29,19,2048,282624
29,19,3072,282624
29,25,5120,282624
29,29,6144,282624
29,117,6144,282624
29,29,7168,282624
29,59,7168,282624
29,117,7168,282624
29,33,8192,282624
29,29,9216,282624
29,116,9216,282624
29,29,10240,282624
29,24,11264,282624
115,19,2048,282624
115,19,3072,282624
115,25,5120,282624
115,29,6144,282624
115,117,6144,282624
115,29,7168,282624
115,59,7168,282624
115,117,7168,282624
115,33,8192,282624
115,29,9216,282624
115,116,9216,282624
115,29,10240,282624
115,24,11264,282624
115,20,13312,282624
19,19,1024,284672
19,25,3072,284672
19,29,4096,284672
19,117,4096,284672
19,29,5120,284672
19,59,5120,284672
19,117,5120,284672
19,33,6144,284672
19,29,7168,284672
19,116,7168,284672
19,29,8192,284672
19,24,9216,284672
19,20,11264,284672
19,29,14336,284672
19,25,2048,285696
19,29,3072,285696
19,117,3072,285696
19,29,4096,285696
19,59,4096,285696
19,117,4096,285696
19,33,5120,285696
19,29,6144,285696
19,116,6144,285696
19,29,7168,285696
19,24,8192,285696
19,20,10240,285696
19,29,13312,285696
19,29,14336,285696
25,29,1024,287744
25,117,1024,287744
25,29,2048,287744
25,59,2048,287744
25,117,2048,287744
25,33,3072,287744
25,29,4096,287744
25,116,4096,287744
25,29,5120,287744
25,24,6144,287744
25,20,8192,287744
25,29,11264,287744
25,29,12288,287744
25,19,14336,287744
29,117,0,288768
29,29,1024,288768
29,59,1024,288768
29,117,1024,288768
29,33,2048,288768
29,29,3072,288768
29,116,3072,288768
29,29,4096,288768
29,24,5120,288768
29,20,7168,288768
29,29,10240,288768
29,29,11264,288768
29,19,13312,288768
29,20,14336,288768
117,29,1024,288768
117,59,1024,288768
117,117,1024,288768
117,33,2048,288768
117,29,3072,288768
117,116,3072,288768
117,29,4096,288768
117,24,5120,288768
117,20,7168,288768
117,29,10240,288768
117,29,11264,288768
117,19,13312,288768
117,20,14336,288768
117,22,15360,288768
29,59,0,289792
29,117,0,289792
29,33,1024,289792
29,29,2048,289792
29,116,2048,289792
29,29,3072,289792
29,24,4096,289792
29,20,6144,289792
29,29,9216,289792
29,29,10240,289792
29,19,12288,289792
29,20,13312,289792
29,22,14336,289792
29,20,15360,289792
59,117,0,289792
59,33,1024,289792
59,29,2048,289792
59,116,2048,289792
59,29,3072,289792
59,24,4096,289792
59,20,6144,289792
59,29,9216,289792
59,29,10240,289792
59,19,12288,289792
59,20,13312,289792
59,22,14336,289792
59,20,15360,289792
59,20,16384,289792
117,33,1024,289792
117,29,2048,289792
117,116,2048,289792
117,29,3072,289792
117,24,4096,289792
117,20,6144,289792
117,29,9216,289792
117,29,10240,289792
117,19,12288,289792
117,20,13312,289792
117,22,14336,289792
117,20,15360,289792
117,20,16384,289792
117,117,16384,289792
33,29,1024,290816
33,116,1024,290816
33,29,2048,290816
33,24,3072,290816
33,20,5120,290816
33,29,8192,290816
33,29,9216,290816
33,19,11264,290816
33,20,12288,290816
33,22,13312,290816
33,20,14336,290816
33,20,15360,290816
33,117,15360,290816
33,29,18432,290816
29,116,0,291840
29,29,1024,291840
29,24,2048,291840
29,20,4096,291840
29,29,7168,291840
29,29,8192,291840
29,19,10240,291840
29,20,11264,291840
29,22,12288,291840
29,20,13312,291840
29,20,14336,291840
29,117,14336,291840
29,29,17408,291840
29,29,18432,291840
116,29,1024,291840
116,24,2048,291840
116,20,4096,291840
116,29,7168,291840
116,29,8192,291840
116,19,10240,291840
116,20,11264,291840
116,22,12288,291840
116,20,13312,291840
116,20,14336,291840
116,117,14336,291840
116,29,17408,291840
116,29,18432,291840
116,154,20480,291840
29,24,1024,292864
29,20,3072,292864
29,29,6144,292864
29,29,7168,292864
29,19,9216,292864
29,20,10240,292864
29,22,11264,292864
29,20,12288,292864
29,20,13312,292864
29,117,13312,292864
29,29,16384,292864
29,29,17408,292864
29,154,19456,292864
24,20,2048,293888
24,29,5120,293888
24,29,6144,293888
24,19,8192,293888
24,20,9216,293888
24,22,10240,293888
24,20,11264,293888
24,20,12288,293888
24,117,12288,293888
24,29,15360,293888
24,29,16384,293888
24,154,18432,293888
20,29,3072,295936
20,29,4096,295936
20,19,6144,295936
20,20,7168,295936
20,22,8192,295936
20,20,9216,295936
20,20,10240,295936
20,117,10240,295936
20,29,13312,295936
20,29,14336,295936
20,154,16384,295936
20,33,20480,295936
29,29,1024,299008
29,19,3072,299008
29,20,4096,299008
29,22,5120,299008
29,20,6144,299008
29,20,7168,299008
29,117,7168,299008
29,29,10240,299008
29,29,11264,299008
29,154,13312,299008
29,33,17408,299008
29,19,18432,299008
29,19,2048,300032
29,20,3072,300032
29,22,4096,300032
29,20,5120,300032
29,20,6144,300032
29,117,6144,300032
29,29,9216,300032
29,29,10240,300032
29,154,12288,300032
29,33,16384,300032
29,19,17408,300032
19,20,1024,302080
19,22,2048,302080
19,20,3072,302080
19,20,4096,302080
19,117,4096,302080
19,29,7168,302080
19,29,8192,302080
19,154,10240,302080
19,33,14336,302080
19,19,15360,302080
19,19,19456,302080
20,22,1024,303104
20,20,2048,303104
20,20,3072,303104
20,117,3072,303104
20,29,6144,303104
20,29,7168,303104
20,154,9216,303104
20,33,13312,303104
20,19,14336,303104
20,19,18432,303104
22,20,1024,304128
22,20,2048,304128
22,117,2048,304128
22,29,5120,304128
22,29,6144,304128
22,154,8192,304128
22,33,12288,304128
22,19,13312,304128
22,19,17408,304128
20,20,1024,305152
20,117,1024,305152
20,29,4096,305152
20,29,5120,305152
20,154,7168,305152
20,33,11264,305152
20,19,12288,305152
20,19,16384,305152
20,19,20480,305152
20,116,20480,305152
20,117,0,306176
20,29,3072,306176
20,29,4096,306176
20,154,6144,306176
20,33,10240,306176
20,19,11264,306176
20,19,15360,306176
20,19,19456,306176
20,116,19456,306176
20,20,20480,306176
20,117,20480,306176
117,29,3072,306176
117,29,4096,306176
117,154,6144,306176
117,33,10240,306176
117,19,11264,306176
117,19,15360,306176
117,19,19456,306176
117,116,19456,306176
117,20,20480,306176
117,117,20480,306176
29,29,1024,309248
29,154,3072,309248
29,33,7168,309248
29,19,8192,309248
29,19,12288,309248
29,19,16384,309248
29,116,16384,309248
29,20,17408,309248
29,117,17408,309248
29,19,20480,309248
29,117,20480,309248
29,154,2048,310272
29,33,6144,310272
29,19,7168,310272
29,19,11264,310272
29,19,15360,310272
29,116,15360,310272
29,20,16384,310272
29,117,16384,310272
29,19,19456,310272
29,117,19456,310272
154,33,4096,312320
154,19,5120,312320
154,19,9216,312320
154,19,13312,312320
154,116,13312,312320
154,20,14336,312320
154,117,14336,312320
154,19,17408,312320
154,117,17408,312320
33,19,1024,316416
33,19,5120,316416
33,19,9216,316416
33,116,9216,316416
33,20,10240,316416
33,117,10240,316416
33,19,13312,316416
33,117,13312,316416
19,19,4096,317440
19,19,8192,317440
19,116,8192,317440
19,20,9216,317440
19,117,9216,317440
19,19,12288,317440
19,117,12288,317440
19,19,4096,321536
19,116,4096,321536
19,20,5120,321536
19,117,5120,321536
19,19,8192,321536
19,117,8192,321536
19,116,0,325632
19,20,1024,325632
19,117,1024,325632
19,19,4096,325632
19,117,4096,325632
116,20,1024,325632
116,117,1024,325632
116,19,4096,325632
116,117,4096,325632
20,117,0,326656
20,19,3072,326656
20,117,3072,326656
117,19,3072,326656
117,117,3072,326656
19,117,0,329728
