46,24,1024,0
46,46,1024,0
46,46,2048,0
46,46,3072,0
46,46,4096,0
46,32,5120,0
46,46,5120,0
46,27,6144,0
46,27,7168,0
46,27,8192,0
46,27,9216,0
46,28,10240,0
46,28,12288,0
46,28,13312,0
24,46,0,1024
24,46,1024,1024
24,46,2048,1024
24,46,3072,1024
24,32,4096,1024
24,46,4096,1024
24,27,5120,1024
24,27,6144,1024
24,27,7168,1024
24,27,8192,1024
24,28,9216,1024
24,28,11264,1024
24,28,12288,1024
24,24,13312,1024
46,46,1024,1024
46,46,2048,1024
46,46,3072,1024
46,32,4096,1024
46,46,4096,1024
46,27,5120,1024
46,27,6144,1024
46,27,7168,1024
46,27,8192,1024
46,28,9216,1024
46,28,11264,1024
46,28,12288,1024
46,24,13312,1024
46,22,19456,1024
46,46,1024,2048
46,46,2048,2048
46,32,3072,2048
46,46,3072,2048
46,27,4096,2048
46,27,5120,2048
46,27,6144,2048
46,27,7168,2048
46,28,8192,2048
46,28,10240,2048
46,28,11264,2048
46,24,12288,2048
46,22,18432,2048
46,42,18432,2048
46,46,1024,3072
46,32,2048,3072
46,46,2048,3072
46,27,3072,3072
46,27,4096,3072
46,27,5120,3072
46,27,6144,3072
46,28,7168,3072
46,28,9216,3072
46,28,10240,3072
46,24,11264,3072
46,22,17408,3072
46,42,17408,3072
46,22,18432,3072
46,32,1024,4096
46,46,1024,4096
46,27,2048,4096
46,27,3072,4096
46,27,4096,4096
46,27,5120,4096
46,28,6144,4096
46,28,8192,4096
46,28,9216,4096
46,24,10240,4096
46,22,16384,4096
46,42,16384,4096
46,22,17408,4096
46,42,17408,4096
32,46,0,5120
32,27,1024,5120
32,27,2048,5120
32,27,3072,5120
32,27,4096,5120
32,28,5120,5120
32,28,7168,5120
32,28,8192,5120
32,24,9216,5120
32,22,15360,5120
32,42,15360,5120
32,22,16384,5120
32,42,16384,5120
32,22,17408,5120
46,27,1024,5120
46,27,2048,5120
46,27,3072,5120
46,27,4096,5120
46,28,5120,5120
46,28,7168,5120
46,28,8192,5120
46,24,9216,5120
46,22,15360,5120
46,42,15360,5120
46,22,16384,5120
46,42,16384,5120
46,22,17408,5120
46,41,17408,5120
27,27,1024,6144
27,27,2048,6144
27,27,3072,6144
27,28,4096,6144
27,28,6144,6144
27,28,7168,6144
27,24,8192,6144
27,22,14336,6144
27,42,14336,6144
27,22,15360,6144
27,42,15360,6144
27,22,16384,6144
27,41,16384,6144
27,22,17408,6144
27,27,1024,7168
27,27,2048,7168
27,28,3072,7168
27,28,5120,7168
27,28,6144,7168
27,24,7168,7168
27,22,13312,7168
27,42,13312,7168
27,22,14336,7168
27,42,14336,7168
27,22,15360,7168
27,41,15360,7168
27,22,16384,7168
27,41,16384,7168
27,27,1024,8192
27,28,2048,8192
27,28,4096,8192
27,28,5120,8192
27,24,6144,8192
27,22,12288,8192
27,42,12288,8192
27,22,13312,8192
27,42,13312,8192
27,22,14336,8192
27,41,14336,8192
27,22,15360,8192
27,41,15360,8192
27,22,16384,8192
27,28,1024,9216
27,28,3072,9216
27,28,4096,9216
27,24,5120,9216
27,22,11264,9216
27,42,11264,9216
27,22,12288,9216
27,42,12288,9216
27,22,13312,9216
27,41,13312,9216
27,22,14336,9216
27,41,14336,9216
27,22,15360,9216
27,41,15360,9216
28,28,2048,10240
28,28,3072,10240
28,24,4096,10240
28,22,10240,10240
28,42,10240,10240
28,22,11264,10240
28,42,11264,10240
28,22,12288,10240
28,41,12288,10240
28,22,13312,10240
28,41,13312,10240
28,22,14336,10240
28,41,14336,10240
28,28,15360,10240
28,28,1024,12288
28,24,2048,12288
28,22,8192,12288
28,42,8192,12288
28,22,9216,12288
28,42,9216,12288
28,22,10240,12288
28,41,10240,12288
28,22,11264,12288
28,41,11264,12288
28,22,12288,12288
28,41,12288,12288
28,28,13312,12288
28,41,13312,12288
28,24,1024,13312
28,22,7168,13312
28,42,7168,13312
28,22,8192,13312
28,42,8192,13312
28,22,9216,13312
28,41,9216,13312
28,22,10240,13312
28,41,10240,13312
28,22,11264,13312
28,41,11264,13312
28,28,12288,13312
28,41,12288,13312
28,28,13312,13312
24,22,6144,14336
24,42,6144,14336
24,22,7168,14336
24,42,7168,14336
24,22,8192,14336
24,41,8192,14336
24,22,9216,14336
24,41,9216,14336
24,22,10240,14336
24,41,10240,14336
24,28,11264,14336
24,41,11264,14336
24,28,12288,14336
24,41,12288,14336
22,42,0,20480
22,22,1024,20480
22,42,1024,20480
22,22,2048,20480
22,41,2048,20480
22,22,3072,20480
22,41,3072,20480
22,22,4096,20480
22,41,4096,20480
22,28,5120,20480
22,41,5120,20480
22,28,6144,20480
22,41,6144,20480
22,27,7168,20480
42,22,1024,20480
42,42,1024,20480
42,22,2048,20480
42,41,2048,20480
42,22,3072,20480
42,41,3072,20480
42,22,4096,20480
42,41,4096,20480
42,28,5120,20480
42,41,5120,20480
42,28,6144,20480
42,41,6144,20480
42,27,7168,20480
42,41,7168,20480
22,42,0,21504
22,22,1024,21504
22,41,1024,21504
22,22,2048,21504
22,41,2048,21504
22,22,3072,21504
22,41,3072,21504
22,28,4096,21504
22,41,4096,21504
22,28,5120,21504
22,41,5120,21504
22,27,6144,21504
22,41,6144,21504
22,28,7168,21504
42,22,1024,21504
42,41,1024,21504
42,22,2048,21504
42,41,2048,21504
42,22,3072,21504
42,41,3072,21504
42,28,4096,21504
42,41,4096,21504
42,28,5120,21504
42,41,5120,21504
42,27,6144,21504
42,41,6144,21504
42,28,7168,21504
42,41,7168,21504
22,41,0,22528
22,22,1024,22528
22,41,1024,22528
22,22,2048,22528
22,41,2048,22528
22,28,3072,22528
22,41,3072,22528
22,28,4096,22528
22,41,4096,22528
22,27,5120,22528
22,41,5120,22528
22,28,6144,22528
22,41,6144,22528
22,31,7168,22528
41,22,1024,22528
41,41,1024,22528
41,22,2048,22528
41,41,2048,22528
41,28,3072,22528
41,41,3072,22528
41,28,4096,22528
41,41,4096,22528
41,27,5120,22528
41,41,5120,22528
41,28,6144,22528
41,41,6144,22528
41,31,7168,22528
41,43,7168,22528
22,41,0,23552
22,22,1024,23552
22,41,1024,23552
22,28,2048,23552
22,41,2048,23552
22,28,3072,23552
22,41,3072,23552
22,27,4096,23552
22,41,4096,23552
22,28,5120,23552
22,41,5120,23552
22,31,6144,23552
22,43,6144,23552
22,24,7168,23552
41,22,1024,23552
41,41,1024,23552
41,28,2048,23552
41,41,2048,23552
41,28,3072,23552
41,41,3072,23552
41,27,4096,23552
41,41,4096,23552
41,28,5120,23552
41,41,5120,23552
41,31,6144,23552
41,43,6144,23552
41,24,7168,23552
41,44,7168,23552
22,41,0,24576
22,28,1024,24576
22,41,1024,24576
22,28,2048,24576
22,41,2048,24576
22,27,3072,24576
22,41,3072,24576
22,28,4096,24576
22,41,4096,24576
22,31,5120,24576
22,43,5120,24576
22,24,6144,24576
22,44,6144,24576
22,31,7168,24576
41,28,1024,24576
41,41,1024,24576
41,28,2048,24576
41,41,2048,24576
41,27,3072,24576
41,41,3072,24576
41,28,4096,24576
41,41,4096,24576
41,31,5120,24576
41,43,5120,24576
41,24,6144,24576
41,44,6144,24576
41,31,7168,24576
41,44,7168,24576
28,41,0,25600
28,28,1024,25600
28,41,1024,25600
28,27,2048,25600
28,41,2048,25600
28,28,3072,25600
28,41,3072,25600
28,31,4096,25600
28,43,4096,25600
28,24,5120,25600
28,44,5120,25600
28,31,6144,25600
28,44,6144,25600
28,31,7168,25600
41,28,1024,25600
41,41,1024,25600
41,27,2048,25600
41,41,2048,25600
41,28,3072,25600
41,41,3072,25600
41,31,4096,25600
41,43,4096,25600
41,24,5120,25600
41,44,5120,25600
41,31,6144,25600
41,44,6144,25600
41,31,7168,25600
41,44,7168,25600
28,41,0,26624
28,27,1024,26624
28,41,1024,26624
28,28,2048,26624
28,41,2048,26624
28,31,3072,26624
28,43,3072,26624
28,24,4096,26624
28,44,4096,26624
28,31,5120,26624
28,44,5120,26624
28,31,6144,26624
28,44,6144,26624
28,31,7168,26624
41,27,1024,26624
41,41,1024,26624
41,28,2048,26624
41,41,2048,26624
41,31,3072,26624
41,43,3072,26624
41,24,4096,26624
41,44,4096,26624
41,31,5120,26624
41,44,5120,26624
41,31,6144,26624
41,44,6144,26624
41,31,7168,26624
41,44,7168,26624
27,41,0,27648
27,28,1024,27648
27,41,1024,27648
27,31,2048,27648
27,43,2048,27648
27,24,3072,27648
27,44,3072,27648
27,31,4096,27648
27,44,4096,27648
27,31,5120,27648
27,44,5120,27648
27,31,6144,27648
27,44,6144,27648
27,49,7168,27648
41,28,1024,27648
41,41,1024,27648
41,31,2048,27648
41,43,2048,27648
41,24,3072,27648
41,44,3072,27648
41,31,4096,27648
41,44,4096,27648
41,31,5120,27648
41,44,5120,27648
41,31,6144,27648
41,44,6144,27648
41,49,7168,27648
41,28,8192,27648
28,41,0,28672
28,31,1024,28672
28,43,1024,28672
28,24,2048,28672
28,44,2048,28672
28,31,3072,28672
28,44,3072,28672
28,31,4096,28672
28,44,4096,28672
28,31,5120,28672
28,44,5120,28672
28,49,6144,28672
28,28,7168,28672
28,49,7168,28672
41,31,1024,28672
41,43,1024,28672
41,24,2048,28672
41,44,2048,28672
41,31,3072,28672
41,44,3072,28672
41,31,4096,28672
41,44,4096,28672
41,31,5120,28672
41,44,5120,28672
41,49,6144,28672
41,28,7168,28672
41,49,7168,28672
41,28,8192,28672
31,43,0,29696
31,24,1024,29696
31,44,1024,29696
31,31,2048,29696
31,44,2048,29696
31,31,3072,29696
31,44,3072,29696
31,31,4096,29696
31,44,4096,29696
31,49,5120,29696
31,28,6144,29696
31,49,6144,29696
31,28,7168,29696
31,49,7168,29696
43,24,1024,29696
43,44,1024,29696
43,31,2048,29696
43,44,2048,29696
43,31,3072,29696
43,44,3072,29696
43,31,4096,29696
43,44,4096,29696
43,49,5120,29696
43,28,6144,29696
43,49,6144,29696
43,28,7168,29696
43,49,7168,29696
43,27,8192,29696
24,44,0,30720
24,31,1024,30720
24,44,1024,30720
24,31,2048,30720
24,44,2048,30720
24,31,3072,30720
24,44,3072,30720
24,49,4096,30720
24,28,5120,30720
24,49,5120,30720
24,28,6144,30720
24,49,6144,30720
24,27,7168,30720
24,49,7168,30720
44,31,1024,30720
44,44,1024,30720
44,31,2048,30720
44,44,2048,30720
44,31,3072,30720
44,44,3072,30720
44,49,4096,30720
44,28,5120,30720
44,49,5120,30720
44,28,6144,30720
44,49,6144,30720
44,27,7168,30720
44,49,7168,30720
44,27,8192,30720
31,44,0,31744
31,31,1024,31744
31,44,1024,31744
31,31,2048,31744
31,44,2048,31744
31,49,3072,31744
31,28,4096,31744
31,49,4096,31744
31,28,5120,31744
31,49,5120,31744
31,27,6144,31744
31,49,6144,31744
31,27,7168,31744
31,49,7168,31744
44,31,1024,31744
44,44,1024,31744
44,31,2048,31744
44,44,2048,31744
44,49,3072,31744
44,28,4096,31744
44,49,4096,31744
44,28,5120,31744
44,49,5120,31744
44,27,6144,31744
44,49,6144,31744
44,27,7168,31744
44,49,7168,31744
44,27,8192,31744
31,44,0,32768
31,31,1024,32768
31,44,1024,32768
31,49,2048,32768
31,28,3072,32768
31,49,3072,32768
31,28,4096,32768
31,49,4096,32768
31,27,5120,32768
31,49,5120,32768
31,27,6144,32768
31,49,6144,32768
31,27,7168,32768
31,49,7168,32768
44,31,1024,32768
44,44,1024,32768
44,49,2048,32768
44,28,3072,32768
44,49,3072,32768
44,28,4096,32768
44,49,4096,32768
44,27,5120,32768
44,49,5120,32768
44,27,6144,32768
44,49,6144,32768
44,27,7168,32768
44,49,7168,32768
44,27,8192,32768
31,44,0,33792
31,49,1024,33792
31,28,2048,33792
31,49,2048,33792
31,28,3072,33792
31,49,3072,33792
31,27,4096,33792
31,49,4096,33792
31,27,5120,33792
31,49,5120,33792
31,27,6144,33792
31,49,6144,33792
31,27,7168,33792
31,49,7168,33792
44,49,1024,33792
44,28,2048,33792
44,49,2048,33792
44,28,3072,33792
44,49,3072,33792
44,27,4096,33792
44,49,4096,33792
44,27,5120,33792
44,49,5120,33792
44,27,6144,33792
44,49,6144,33792
44,27,7168,33792
44,49,7168,33792
44,27,8192,33792
49,28,1024,34816
49,49,1024,34816
49,28,2048,34816
49,49,2048,34816
49,27,3072,34816
49,49,3072,34816
49,27,4096,34816
49,49,4096,34816
49,27,5120,34816
49,49,5120,34816
49,27,6144,34816
49,49,6144,34816
49,27,7168,34816
49,49,7168,34816
28,49,0,35840
28,28,1024,35840
28,49,1024,35840
28,27,2048,35840
28,49,2048,35840
28,27,3072,35840
28,49,3072,35840
28,27,4096,35840
28,49,4096,35840
28,27,5120,35840
28,49,5120,35840
28,27,6144,35840
28,49,6144,35840
28,28,7168,35840
49,28,1024,35840
49,49,1024,35840
49,27,2048,35840
49,49,2048,35840
49,27,3072,35840
49,49,3072,35840
49,27,4096,35840
49,49,4096,35840
49,27,5120,35840
49,49,5120,35840
49,27,6144,35840
49,49,6144,35840
49,28,7168,35840
49,49,7168,35840
28,49,0,36864
28,27,1024,36864
28,49,1024,36864
28,27,2048,36864
28,49,2048,36864
28,27,3072,36864
28,49,3072,36864
28,27,4096,36864
28,49,4096,36864
28,27,5120,36864
28,49,5120,36864
28,28,6144,36864
28,49,6144,36864
28,98,6144,36864
49,27,1024,36864
49,49,1024,36864
49,27,2048,36864
49,49,2048,36864
49,27,3072,36864
49,49,3072,36864
49,27,4096,36864
49,49,4096,36864
49,27,5120,36864
49,49,5120,36864
49,28,6144,36864
49,49,6144,36864
49,98,6144,36864
49,33,7168,36864
27,49,0,37888
27,27,1024,37888
27,49,1024,37888
27,27,2048,37888
27,49,2048,37888
27,27,3072,37888
27,49,3072,37888
27,27,4096,37888
27,49,4096,37888
27,28,5120,37888
27,49,5120,37888
27,98,5120,37888
27,33,6144,37888
27,31,7168,37888
49,27,1024,37888
49,49,1024,37888
49,27,2048,37888
49,49,2048,37888
49,27,3072,37888
49,49,3072,37888
49,27,4096,37888
49,49,4096,37888
49,28,5120,37888
49,49,5120,37888
49,98,5120,37888
49,33,6144,37888
49,31,7168,37888
49,55,7168,37888
27,49,0,38912
27,27,1024,38912
27,49,1024,38912
27,27,2048,38912
27,49,2048,38912
27,27,3072,38912
27,49,3072,38912
27,28,4096,38912
27,49,4096,38912
27,98,4096,38912
27,33,5120,38912
27,31,6144,38912
27,55,6144,38912
27,31,7168,38912
49,27,1024,38912
49,49,1024,38912
49,27,2048,38912
49,49,2048,38912
49,27,3072,38912
49,49,3072,38912
49,28,4096,38912
49,49,4096,38912
49,98,4096,38912
49,33,5120,38912
49,31,6144,38912
49,55,6144,38912
49,31,7168,38912
49,55,7168,38912
27,49,0,39936
27,27,1024,39936
27,49,1024,39936
27,27,2048,39936
27,49,2048,39936
27,28,3072,39936
27,49,3072,39936
27,98,3072,39936
27,33,4096,39936
27,31,5120,39936
27,55,5120,39936
27,31,6144,39936
27,55,6144,39936
27,31,7168,39936
49,27,1024,39936
49,49,1024,39936
49,27,2048,39936
49,49,2048,39936
49,28,3072,39936
49,49,3072,39936
49,98,3072,39936
49,33,4096,39936
49,31,5120,39936
49,55,5120,39936
49,31,6144,39936
49,55,6144,39936
49,31,7168,39936
49,55,7168,39936
27,49,0,40960
27,27,1024,40960
27,49,1024,40960
27,28,2048,40960
27,49,2048,40960
27,98,2048,40960
27,33,3072,40960
27,31,4096,40960
27,55,4096,40960
27,31,5120,40960
27,55,5120,40960
27,31,6144,40960
27,55,6144,40960
27,31,7168,40960
49,27,1024,40960
49,49,1024,40960
49,28,2048,40960
49,49,2048,40960
49,98,2048,40960
49,33,3072,40960
49,31,4096,40960
49,55,4096,40960
49,31,5120,40960
49,55,5120,40960
49,31,6144,40960
49,55,6144,40960
49,31,7168,40960
49,55,7168,40960
27,49,0,41984
27,28,1024,41984
27,49,1024,41984
27,98,1024,41984
27,33,2048,41984
27,31,3072,41984
27,55,3072,41984
27,31,4096,41984
27,55,4096,41984
27,31,5120,41984
27,55,5120,41984
27,31,6144,41984
27,55,6144,41984
27,22,8192,41984
49,28,1024,41984
49,49,1024,41984
49,98,1024,41984
49,33,2048,41984
49,31,3072,41984
49,55,3072,41984
49,31,4096,41984
49,55,4096,41984
49,31,5120,41984
49,55,5120,41984
49,31,6144,41984
49,55,6144,41984
49,22,8192,41984
49,49,8192,41984
28,49,0,43008
28,98,0,43008
28,33,1024,43008
28,31,2048,43008
28,55,2048,43008
28,31,3072,43008
28,55,3072,43008
28,31,4096,43008
28,55,4096,43008
28,31,5120,43008
28,55,5120,43008
28,22,7168,43008
28,49,7168,43008
28,22,8192,43008
49,98,0,43008
49,33,1024,43008
49,31,2048,43008
49,55,2048,43008
49,31,3072,43008
49,55,3072,43008
49,31,4096,43008
49,55,4096,43008
49,31,5120,43008
49,55,5120,43008
49,22,7168,43008
49,49,7168,43008
49,22,8192,43008
49,49,8192,43008
98,33,1024,43008
98,31,2048,43008
98,55,2048,43008
98,31,3072,43008
98,55,3072,43008
98,31,4096,43008
98,55,4096,43008
98,31,5120,43008
98,55,5120,43008
98,22,7168,43008
98,49,7168,43008
98,22,8192,43008
98,49,8192,43008
98,22,9216,43008
33,31,1024,44032
33,55,1024,44032
33,31,2048,44032
33,55,2048,44032
33,31,3072,44032
33,55,3072,44032
33,31,4096,44032
33,55,4096,44032
33,22,6144,44032
33,49,6144,44032
33,22,7168,44032
33,49,7168,44032
33,22,8192,44032
33,49,8192,44032
31,55,0,45056
31,31,1024,45056
31,55,1024,45056
31,31,2048,45056
31,55,2048,45056
31,31,3072,45056
31,55,3072,45056
31,22,5120,45056
31,49,5120,45056
31,22,6144,45056
31,49,6144,45056
31,22,7168,45056
31,49,7168,45056
31,22,8192,45056
55,31,1024,45056
55,55,1024,45056
55,31,2048,45056
55,55,2048,45056
55,31,3072,45056
55,55,3072,45056
55,22,5120,45056
55,49,5120,45056
55,22,6144,45056
55,49,6144,45056
55,22,7168,45056
55,49,7168,45056
55,22,8192,45056
55,49,8192,45056
31,55,0,46080
31,31,1024,46080
31,55,1024,46080
31,31,2048,46080
31,55,2048,46080
31,22,4096,46080
31,49,4096,46080
31,22,5120,46080
31,49,5120,46080
31,22,6144,46080
31,49,6144,46080
31,22,7168,46080
31,49,7168,46080
31,49,8192,46080
55,31,1024,46080
55,55,1024,46080
55,31,2048,46080
55,55,2048,46080
55,22,4096,46080
55,49,4096,46080
55,22,5120,46080
55,49,5120,46080
55,22,6144,46080
55,49,6144,46080
55,22,7168,46080
55,49,7168,46080
55,49,8192,46080
55,22,9216,46080
31,55,0,47104
31,31,1024,47104
31,55,1024,47104
31,22,3072,47104
31,49,3072,47104
31,22,4096,47104
31,49,4096,47104
31,22,5120,47104
31,49,5120,47104
31,22,6144,47104
31,49,6144,47104
31,49,7168,47104
31,22,8192,47104
31,49,8192,47104
55,31,1024,47104
55,55,1024,47104
55,22,3072,47104
55,49,3072,47104
55,22,4096,47104
55,49,4096,47104
55,22,5120,47104
55,49,5120,47104
55,22,6144,47104
55,49,6144,47104
55,49,7168,47104
55,22,8192,47104
55,49,8192,47104
55,22,9216,47104
31,55,0,48128
31,22,2048,48128
31,49,2048,48128
31,22,3072,48128
31,49,3072,48128
31,22,4096,48128
31,49,4096,48128
31,22,5120,48128
31,49,5120,48128
31,49,6144,48128
31,22,7168,48128
31,49,7168,48128
31,22,8192,48128
31,49,8192,48128
55,22,2048,48128
55,49,2048,48128
55,22,3072,48128
55,49,3072,48128
55,22,4096,48128
55,49,4096,48128
55,22,5120,48128
55,49,5120,48128
55,49,6144,48128
55,22,7168,48128
55,49,7168,48128
55,22,8192,48128
55,49,8192,48128
55,28,9216,48128
22,49,0,50176
22,22,1024,50176
22,49,1024,50176
22,22,2048,50176
22,49,2048,50176
22,22,3072,50176
22,49,3072,50176
22,49,4096,50176
22,22,5120,50176
22,49,5120,50176
22,22,6144,50176
22,49,6144,50176
22,28,7168,50176
22,49,7168,50176
49,22,1024,50176
49,49,1024,50176
49,22,2048,50176
49,49,2048,50176
49,22,3072,50176
49,49,3072,50176
49,49,4096,50176
49,22,5120,50176
49,49,5120,50176
49,22,6144,50176
49,49,6144,50176
49,28,7168,50176
49,49,7168,50176
49,22,8192,50176
22,49,0,51200
22,22,1024,51200
22,49,1024,51200
22,22,2048,51200
22,49,2048,51200
22,49,3072,51200
22,22,4096,51200
22,49,4096,51200
22,22,5120,51200
22,49,5120,51200
22,28,6144,51200
22,49,6144,51200
22,22,7168,51200
22,24,8192,51200
49,22,1024,51200
49,49,1024,51200
49,22,2048,51200
49,49,2048,51200
49,49,3072,51200
49,22,4096,51200
49,49,4096,51200
49,22,5120,51200
49,49,5120,51200
49,28,6144,51200
49,49,6144,51200
49,22,7168,51200
49,24,8192,51200
49,44,8192,51200
22,49,0,52224
22,22,1024,52224
22,49,1024,52224
22,49,2048,52224
22,22,3072,52224
22,49,3072,52224
22,22,4096,52224
22,49,4096,52224
22,28,5120,52224
22,49,5120,52224
22,22,6144,52224
22,24,7168,52224
22,44,7168,52224
22,44,8192,52224
49,22,1024,52224
49,49,1024,52224
49,49,2048,52224
49,22,3072,52224
49,49,3072,52224
49,22,4096,52224
49,49,4096,52224
49,28,5120,52224
49,49,5120,52224
49,22,6144,52224
49,24,7168,52224
49,44,7168,52224
49,44,8192,52224
49,31,9216,52224
22,49,0,53248
22,49,1024,53248
22,22,2048,53248
22,49,2048,53248
22,22,3072,53248
22,49,3072,53248
22,28,4096,53248
22,49,4096,53248
22,22,5120,53248
22,24,6144,53248
22,44,6144,53248
22,44,7168,53248
22,31,8192,53248
22,44,8192,53248
49,49,1024,53248
49,22,2048,53248
49,49,2048,53248
49,22,3072,53248
49,49,3072,53248
49,28,4096,53248
49,49,4096,53248
49,22,5120,53248
49,24,6144,53248
49,44,6144,53248
49,44,7168,53248
49,31,8192,53248
49,44,8192,53248
49,31,9216,53248
49,22,1024,54272
49,49,1024,54272
49,22,2048,54272
49,49,2048,54272
49,28,3072,54272
49,49,3072,54272
49,22,4096,54272
49,24,5120,54272
49,44,5120,54272
49,44,6144,54272
49,31,7168,54272
49,44,7168,54272
49,31,8192,54272
49,44,8192,54272
22,49,0,55296
22,22,1024,55296
22,49,1024,55296
22,28,2048,55296
22,49,2048,55296
22,22,3072,55296
22,24,4096,55296
22,44,4096,55296
22,44,5120,55296
22,31,6144,55296
22,44,6144,55296
22,31,7168,55296
22,44,7168,55296
22,32,9216,55296
49,22,1024,55296
49,49,1024,55296
49,28,2048,55296
49,49,2048,55296
49,22,3072,55296
49,24,4096,55296
49,44,4096,55296
49,44,5120,55296
49,31,6144,55296
49,44,6144,55296
49,31,7168,55296
49,44,7168,55296
49,32,9216,55296
49,41,9216,55296
22,49,0,56320
22,28,1024,56320
22,49,1024,56320
22,22,2048,56320
22,24,3072,56320
22,44,3072,56320
22,44,4096,56320
22,31,5120,56320
22,44,5120,56320
22,31,6144,56320
22,44,6144,56320
22,32,8192,56320
22,41,8192,56320
22,41,9216,56320
49,28,1024,56320
49,49,1024,56320
49,22,2048,56320
49,24,3072,56320
49,44,3072,56320
49,44,4096,56320
49,31,5120,56320
49,44,5120,56320
49,31,6144,56320
49,44,6144,56320
49,32,8192,56320
49,41,8192,56320
49,41,9216,56320
49,27,10240,56320
28,49,0,57344
28,22,1024,57344
28,24,2048,57344
28,44,2048,57344
28,44,3072,57344
28,31,4096,57344
28,44,4096,57344
28,31,5120,57344
28,44,5120,57344
28,32,7168,57344
28,41,7168,57344
28,41,8192,57344
28,27,9216,57344
28,27,10240,57344
49,22,1024,57344
49,24,2048,57344
49,44,2048,57344
49,44,3072,57344
49,31,4096,57344
49,44,4096,57344
49,31,5120,57344
49,44,5120,57344
49,32,7168,57344
49,41,7168,57344
49,41,8192,57344
49,27,9216,57344
49,27,10240,57344
49,27,11264,57344
22,24,1024,58368
22,44,1024,58368
22,44,2048,58368
22,31,3072,58368
22,44,3072,58368
22,31,4096,58368
22,44,4096,58368
22,32,6144,58368
22,41,6144,58368
22,41,7168,58368
22,27,8192,58368
22,27,9216,58368
22,27,10240,58368
22,41,10240,58368
24,44,0,59392
24,44,1024,59392
24,31,2048,59392
24,44,2048,59392
24,31,3072,59392
24,44,3072,59392
24,32,5120,59392
24,41,5120,59392
24,41,6144,59392
24,27,7168,59392
24,27,8192,59392
24,27,9216,59392
24,41,9216,59392
24,27,10240,59392
44,44,1024,59392
44,31,2048,59392
44,44,2048,59392
44,31,3072,59392
44,44,3072,59392
44,32,5120,59392
44,41,5120,59392
44,41,6144,59392
44,27,7168,59392
44,27,8192,59392
44,27,9216,59392
44,41,9216,59392
44,27,10240,59392
44,41,10240,59392
44,31,1024,60416
44,44,1024,60416
44,31,2048,60416
44,44,2048,60416
44,32,4096,60416
44,41,4096,60416
44,41,5120,60416
44,27,6144,60416
44,27,7168,60416
44,27,8192,60416
44,41,8192,60416
44,27,9216,60416
44,41,9216,60416
44,28,10240,60416
31,44,0,61440
31,31,1024,61440
31,44,1024,61440
31,32,3072,61440
31,41,3072,61440
31,41,4096,61440
31,27,5120,61440
31,27,6144,61440
31,27,7168,61440
31,41,7168,61440
31,27,8192,61440
31,41,8192,61440
31,28,9216,61440
31,41,9216,61440
44,31,1024,61440
44,44,1024,61440
44,32,3072,61440
44,41,3072,61440
44,41,4096,61440
44,27,5120,61440
44,27,6144,61440
44,27,7168,61440
44,41,7168,61440
44,27,8192,61440
44,41,8192,61440
44,28,9216,61440
44,41,9216,61440
44,28,10240,61440
31,44,0,62464
31,32,2048,62464
31,41,2048,62464
31,41,3072,62464
31,27,4096,62464
31,27,5120,62464
31,27,6144,62464
31,41,6144,62464
31,27,7168,62464
31,41,7168,62464
31,28,8192,62464
31,41,8192,62464
31,28,9216,62464
31,32,10240,62464
44,32,2048,62464
44,41,2048,62464
44,41,3072,62464
44,27,4096,62464
44,27,5120,62464
44,27,6144,62464
44,41,6144,62464
44,27,7168,62464
44,41,7168,62464
44,28,8192,62464
44,41,8192,62464
44,28,9216,62464
44,32,10240,62464
44,31,11264,62464
32,41,0,64512
32,41,1024,64512
32,27,2048,64512
32,27,3072,64512
32,27,4096,64512
32,41,4096,64512
32,27,5120,64512
32,41,5120,64512
32,28,6144,64512
32,41,6144,64512
32,28,7168,64512
32,32,8192,64512
32,31,9216,64512
32,28,12288,64512
41,41,1024,64512
41,27,2048,64512
41,27,3072,64512
41,27,4096,64512
41,41,4096,64512
41,27,5120,64512
41,41,5120,64512
41,28,6144,64512
41,41,6144,64512
41,28,7168,64512
41,32,8192,64512
41,31,9216,64512
41,28,12288,64512
41,28,13312,64512
41,27,1024,65536
41,27,2048,65536
41,27,3072,65536
41,41,3072,65536
41,27,4096,65536
41,41,4096,65536
41,28,5120,65536
41,41,5120,65536
41,28,6144,65536
41,32,7168,65536
41,31,8192,65536
41,28,11264,65536
41,28,12288,65536
41,28,13312,65536
27,27,1024,66560
27,27,2048,66560
27,41,2048,66560
27,27,3072,66560
27,41,3072,66560
27,28,4096,66560
27,41,4096,66560
27,28,5120,66560
27,32,6144,66560
27,31,7168,66560
27,28,10240,66560
27,28,11264,66560
27,28,12288,66560
27,28,13312,66560
27,27,1024,67584
27,41,1024,67584
27,27,2048,67584
27,41,2048,67584
27,28,3072,67584
27,41,3072,67584
27,28,4096,67584
27,32,5120,67584
27,31,6144,67584
27,28,9216,67584
27,28,10240,67584
27,28,11264,67584
27,28,12288,67584
27,46,14336,67584
27,41,0,68608
27,27,1024,68608
27,41,1024,68608
27,28,2048,68608
27,41,2048,68608
27,28,3072,68608
27,32,4096,68608
27,31,5120,68608
27,28,8192,68608
27,28,9216,68608
27,28,10240,68608
27,28,11264,68608
27,46,13312,68608
27,28,14336,68608
41,27,1024,68608
41,41,1024,68608
41,28,2048,68608
41,41,2048,68608
41,28,3072,68608
41,32,4096,68608
41,31,5120,68608
41,28,8192,68608
41,28,9216,68608
41,28,10240,68608
41,28,11264,68608
41,46,13312,68608
41,28,14336,68608
41,46,14336,68608
27,41,0,69632
27,28,1024,69632
27,41,1024,69632
27,28,2048,69632
27,32,3072,69632
27,31,4096,69632
27,28,7168,69632
27,28,8192,69632
27,28,9216,69632
27,28,10240,69632
27,46,12288,69632
27,28,13312,69632
27,46,13312,69632
27,46,14336,69632
41,28,1024,69632
41,41,1024,69632
41,28,2048,69632
41,32,3072,69632
41,31,4096,69632
41,28,7168,69632
41,28,8192,69632
41,28,9216,69632
41,28,10240,69632
41,46,12288,69632
41,28,13312,69632
41,46,13312,69632
41,46,14336,69632
41,46,15360,69632
28,41,0,70656
28,28,1024,70656
28,32,2048,70656
28,31,3072,70656
28,28,6144,70656
28,28,7168,70656
28,28,8192,70656
28,28,9216,70656
28,46,11264,70656
28,28,12288,70656
28,46,12288,70656
28,46,13312,70656
28,46,14336,70656
28,46,15360,70656
41,28,1024,70656
41,32,2048,70656
41,31,3072,70656
41,28,6144,70656
41,28,7168,70656
41,28,8192,70656
41,28,9216,70656
41,46,11264,70656
41,28,12288,70656
41,46,12288,70656
41,46,13312,70656
41,46,14336,70656
41,46,15360,70656
41,46,16384,70656
28,32,1024,71680
28,31,2048,71680
28,28,5120,71680
28,28,6144,71680
28,28,7168,71680
28,28,8192,71680
28,46,10240,71680
28,28,11264,71680
28,46,11264,71680
28,46,12288,71680
28,46,13312,71680
28,46,14336,71680
28,46,15360,71680
28,32,16384,71680
32,31,1024,72704
32,28,4096,72704
32,28,5120,72704
32,28,6144,72704
32,28,7168,72704
32,46,9216,72704
32,28,10240,72704
32,46,10240,72704
32,46,11264,72704
32,46,12288,72704
32,46,13312,72704
32,46,14336,72704
32,32,15360,72704
32,46,15360,72704
31,28,3072,73728
31,28,4096,73728
31,28,5120,73728
31,28,6144,73728
31,46,8192,73728
31,28,9216,73728
31,46,9216,73728
31,46,10240,73728
31,46,11264,73728
31,46,12288,73728
31,46,13312,73728
31,32,14336,73728
31,46,14336,73728
31,46,15360,73728
28,28,1024,76800
28,28,2048,76800
28,28,3072,76800
28,46,5120,76800
28,28,6144,76800
28,46,6144,76800
28,46,7168,76800
28,46,8192,76800
28,46,9216,76800
28,46,10240,76800
28,32,11264,76800
28,46,11264,76800
28,46,12288,76800
28,46,13312,76800
28,28,1024,77824
28,28,2048,77824
28,46,4096,77824
28,28,5120,77824
28,46,5120,77824
28,46,6144,77824
28,46,7168,77824
28,46,8192,77824
28,46,9216,77824
28,32,10240,77824
28,46,10240,77824
28,46,11264,77824
28,46,12288,77824
28,46,13312,77824
28,28,1024,78848
28,46,3072,78848
28,28,4096,78848
28,46,4096,78848
28,46,5120,78848
28,46,6144,78848
28,46,7168,78848
28,46,8192,78848
28,32,9216,78848
28,46,9216,78848
28,46,10240,78848
28,46,11264,78848
28,46,12288,78848
28,27,13312,78848
28,46,2048,79872
28,28,3072,79872
28,46,3072,79872
28,46,4096,79872
28,46,5120,79872
28,46,6144,79872
28,46,7168,79872
28,32,8192,79872
28,46,8192,79872
28,46,9216,79872
28,46,10240,79872
28,46,11264,79872
28,27,12288,79872
28,46,12288,79872
46,28,1024,81920
46,46,1024,81920
46,46,2048,81920
46,46,3072,81920
46,46,4096,81920
46,46,5120,81920
46,32,6144,81920
46,46,6144,81920
46,46,7168,81920
46,46,8192,81920
46,46,9216,81920
46,27,10240,81920
46,46,10240,81920
46,28,11264,81920
28,46,0,82944
28,46,1024,82944
28,46,2048,82944
28,46,3072,82944
28,46,4096,82944
28,32,5120,82944
28,46,5120,82944
28,46,6144,82944
28,46,7168,82944
28,46,8192,82944
28,27,9216,82944
28,46,9216,82944
28,28,10240,82944
28,46,10240,82944
46,46,1024,82944
46,46,2048,82944
46,46,3072,82944
46,46,4096,82944
46,32,5120,82944
46,46,5120,82944
46,46,6144,82944
46,46,7168,82944
46,46,8192,82944
46,27,9216,82944
46,46,9216,82944
46,28,10240,82944
46,46,10240,82944
46,27,11264,82944
46,46,1024,83968
46,46,2048,83968
46,46,3072,83968
46,32,4096,83968
46,46,4096,83968
46,46,5120,83968
46,46,6144,83968
46,46,7168,83968
46,27,8192,83968
46,46,8192,83968
46,28,9216,83968
46,46,9216,83968
46,27,10240,83968
46,46,10240,83968
46,46,1024,84992
46,46,2048,84992
46,32,3072,84992
46,46,3072,84992
46,46,4096,84992
46,46,5120,84992
46,46,6144,84992
46,27,7168,84992
46,46,7168,84992
46,28,8192,84992
46,46,8192,84992
46,27,9216,84992
46,46,9216,84992
46,28,10240,84992
46,46,1024,86016
46,32,2048,86016
46,46,2048,86016
46,46,3072,86016
46,46,4096,86016
46,46,5120,86016
46,27,6144,86016
46,46,6144,86016
46,28,7168,86016
46,46,7168,86016
46,27,8192,86016
46,46,8192,86016
46,28,9216,86016
46,46,9216,86016
46,32,1024,87040
46,46,1024,87040
46,46,2048,87040
46,46,3072,87040
46,46,4096,87040
46,27,5120,87040
46,46,5120,87040
46,28,6144,87040
46,46,6144,87040
46,27,7168,87040
46,46,7168,87040
46,28,8192,87040
46,46,8192,87040
46,28,9216,87040
32,46,0,88064
32,46,1024,88064
32,46,2048,88064
32,46,3072,88064
32,27,4096,88064
32,46,4096,88064
32,28,5120,88064
32,46,5120,88064
32,27,6144,88064
32,46,6144,88064
32,28,7168,88064
32,46,7168,88064
32,28,8192,88064
32,46,8192,88064
46,46,1024,88064
46,46,2048,88064
46,46,3072,88064
46,27,4096,88064
46,46,4096,88064
46,28,5120,88064
46,46,5120,88064
46,27,6144,88064
46,46,6144,88064
46,28,7168,88064
46,46,7168,88064
46,28,8192,88064
46,46,8192,88064
46,28,9216,88064
46,46,1024,89088
46,46,2048,89088
46,27,3072,89088
46,46,3072,89088
46,28,4096,89088
46,46,4096,89088
46,27,5120,89088
46,46,5120,89088
46,28,6144,89088
46,46,6144,89088
46,28,7168,89088
46,46,7168,89088
46,28,8192,89088
46,28,9216,89088
46,46,1024,90112
46,27,2048,90112
46,46,2048,90112
46,28,3072,90112
46,46,3072,90112
46,27,4096,90112
46,46,4096,90112
46,28,5120,90112
46,46,5120,90112
46,28,6144,90112
46,46,6144,90112
46,28,7168,90112
46,28,8192,90112
46,46,8192,90112
46,27,1024,91136
46,46,1024,91136
46,28,2048,91136
46,46,2048,91136
46,27,3072,91136
46,46,3072,91136
46,28,4096,91136
46,46,4096,91136
46,28,5120,91136
46,46,5120,91136
46,28,6144,91136
46,28,7168,91136
46,46,7168,91136
46,46,8192,91136
27,46,0,92160
27,28,1024,92160
27,46,1024,92160
27,27,2048,92160
27,46,2048,92160
27,28,3072,92160
27,46,3072,92160
27,28,4096,92160
27,46,4096,92160
27,28,5120,92160
27,28,6144,92160
27,46,6144,92160
27,46,7168,92160
27,28,8192,92160
46,28,1024,92160
46,46,1024,92160
46,27,2048,92160
46,46,2048,92160
46,28,3072,92160
46,46,3072,92160
46,28,4096,92160
46,46,4096,92160
46,28,5120,92160
46,28,6144,92160
46,46,6144,92160
46,46,7168,92160
46,28,8192,92160
46,46,8192,92160
28,46,0,93184
28,27,1024,93184
28,46,1024,93184
28,28,2048,93184
28,46,2048,93184
28,28,3072,93184
28,46,3072,93184
28,28,4096,93184
28,28,5120,93184
28,46,5120,93184
28,46,6144,93184
28,28,7168,93184
28,46,7168,93184
28,28,8192,93184
46,27,1024,93184
46,46,1024,93184
46,28,2048,93184
46,46,2048,93184
46,28,3072,93184
46,46,3072,93184
46,28,4096,93184
46,28,5120,93184
46,46,5120,93184
46,46,6144,93184
46,28,7168,93184
46,46,7168,93184
46,28,8192,93184
46,46,8192,93184
27,46,0,94208
27,28,1024,94208
27,46,1024,94208
27,28,2048,94208
27,46,2048,94208
27,28,3072,94208
27,28,4096,94208
27,46,4096,94208
27,46,5120,94208
27,28,6144,94208
27,46,6144,94208
27,28,7168,94208
27,46,7168,94208
27,46,8192,94208
46,28,1024,94208
46,46,1024,94208
46,28,2048,94208
46,46,2048,94208
46,28,3072,94208
46,28,4096,94208
46,46,4096,94208
46,46,5120,94208
46,28,6144,94208
46,46,6144,94208
46,28,7168,94208
46,46,7168,94208
46,46,8192,94208
46,46,9216,94208
28,46,0,95232
28,28,1024,95232
28,46,1024,95232
28,28,2048,95232
28,28,3072,95232
28,46,3072,95232
28,46,4096,95232
28,28,5120,95232
28,46,5120,95232
28,28,6144,95232
28,46,6144,95232
28,46,7168,95232
28,46,8192,95232
28,46,9216,95232
46,28,1024,95232
46,46,1024,95232
46,28,2048,95232
46,28,3072,95232
46,46,3072,95232
46,46,4096,95232
46,28,5120,95232
46,46,5120,95232
46,28,6144,95232
46,46,6144,95232
46,46,7168,95232
46,46,8192,95232
46,46,9216,95232
46,46,10240,95232
28,46,0,96256
28,28,1024,96256
28,28,2048,96256
28,46,2048,96256
28,46,3072,96256
28,28,4096,96256
28,46,4096,96256
28,28,5120,96256
28,46,5120,96256
28,46,6144,96256
28,46,7168,96256
28,46,8192,96256
28,46,9216,96256
28,46,10240,96256
46,28,1024,96256
46,28,2048,96256
46,46,2048,96256
46,46,3072,96256
46,28,4096,96256
46,46,4096,96256
46,28,5120,96256
46,46,5120,96256
46,46,6144,96256
46,46,7168,96256
46,46,8192,96256
46,46,9216,96256
46,46,10240,96256
46,28,11264,96256
28,28,1024,97280
28,46,1024,97280
28,46,2048,97280
28,28,3072,97280
28,46,3072,97280
28,28,4096,97280
28,46,4096,97280
28,46,5120,97280
28,46,6144,97280
28,46,7168,97280
28,46,8192,97280
28,46,9216,97280
28,28,10240,97280
28,46,10240,97280
28,46,0,98304
28,46,1024,98304
28,28,2048,98304
28,46,2048,98304
28,28,3072,98304
28,46,3072,98304
28,46,4096,98304
28,46,5120,98304
28,46,6144,98304
28,46,7168,98304
28,46,8192,98304
28,28,9216,98304
28,46,9216,98304
28,46,10240,98304
46,46,1024,98304
46,28,2048,98304
46,46,2048,98304
46,28,3072,98304
46,46,3072,98304
46,46,4096,98304
46,46,5120,98304
46,46,6144,98304
46,46,7168,98304
46,46,8192,98304
46,28,9216,98304
46,46,9216,98304
46,46,10240,98304
46,46,11264,98304
46,28,1024,99328
46,46,1024,99328
46,28,2048,99328
46,46,2048,99328
46,46,3072,99328
46,46,4096,99328
46,46,5120,99328
46,46,6144,99328
46,46,7168,99328
46,28,8192,99328
46,46,8192,99328
46,46,9216,99328
46,46,10240,99328
46,46,11264,99328
28,46,0,100352
28,28,1024,100352
28,46,1024,100352
28,46,2048,100352
28,46,3072,100352
28,46,4096,100352
28,46,5120,100352
28,46,6144,100352
28,28,7168,100352
28,46,7168,100352
28,46,8192,100352
28,46,9216,100352
28,46,10240,100352
28,46,11264,100352
46,28,1024,100352
46,46,1024,100352
46,46,2048,100352
46,46,3072,100352
46,46,4096,100352
46,46,5120,100352
46,46,6144,100352
46,28,7168,100352
46,46,7168,100352
46,46,8192,100352
46,46,9216,100352
46,46,10240,100352
46,46,11264,100352
46,46,13312,100352
28,46,0,101376
28,46,1024,101376
28,46,2048,101376
28,46,3072,101376
28,46,4096,101376
28,46,5120,101376
28,28,6144,101376
28,46,6144,101376
28,46,7168,101376
28,46,8192,101376
28,46,9216,101376
28,46,10240,101376
28,46,12288,101376
28,46,13312,101376
46,46,1024,101376
46,46,2048,101376
46,46,3072,101376
46,46,4096,101376
46,46,5120,101376
46,28,6144,101376
46,46,6144,101376
46,46,7168,101376
46,46,8192,101376
46,46,9216,101376
46,46,10240,101376
46,46,12288,101376
46,46,13312,101376
46,31,15360,101376
46,46,1024,102400
46,46,2048,102400
46,46,3072,102400
46,46,4096,102400
46,28,5120,102400
46,46,5120,102400
46,46,6144,102400
46,46,7168,102400
46,46,8192,102400
46,46,9216,102400
46,46,11264,102400
46,46,12288,102400
46,31,14336,102400
46,27,19456,102400
46,46,1024,103424
46,46,2048,103424
46,46,3072,103424
46,28,4096,103424
46,46,4096,103424
46,46,5120,103424
46,46,6144,103424
46,46,7168,103424
46,46,8192,103424
46,46,10240,103424
46,46,11264,103424
46,31,13312,103424
46,27,18432,103424
46,27,19456,103424
46,46,1024,104448
46,46,2048,104448
46,28,3072,104448
46,46,3072,104448
46,46,4096,104448
46,46,5120,104448
46,46,6144,104448
46,46,7168,104448
46,46,9216,104448
46,46,10240,104448
46,31,12288,104448
46,27,17408,104448
46,27,18432,104448
46,27,19456,104448
46,46,1024,105472
46,28,2048,105472
46,46,2048,105472
46,46,3072,105472
46,46,4096,105472
46,46,5120,105472
46,46,6144,105472
46,46,8192,105472
46,46,9216,105472
46,31,11264,105472
46,27,16384,105472
46,27,17408,105472
46,27,18432,105472
46,27,19456,105472
46,28,1024,106496
46,46,1024,106496
46,46,2048,106496
46,46,3072,106496
46,46,4096,106496
46,46,5120,106496
46,46,7168,106496
46,46,8192,106496
46,31,10240,106496
46,27,15360,106496
46,27,16384,106496
46,27,17408,106496
46,27,18432,106496
46,27,19456,106496
28,46,0,107520
28,46,1024,107520
28,46,2048,107520
28,46,3072,107520
28,46,4096,107520
28,46,6144,107520
28,46,7168,107520
28,31,9216,107520
28,27,14336,107520
28,27,15360,107520
28,27,16384,107520
28,27,17408,107520
28,27,18432,107520
28,27,19456,107520
46,46,1024,107520
46,46,2048,107520
46,46,3072,107520
46,46,4096,107520
46,46,6144,107520
46,46,7168,107520
46,31,9216,107520
46,27,14336,107520
46,27,15360,107520
46,27,16384,107520
46,27,17408,107520
46,27,18432,107520
46,27,19456,107520
46,28,20480,107520
46,46,1024,108544
46,46,2048,108544
46,46,3072,108544
46,46,5120,108544
46,46,6144,108544
46,31,8192,108544
46,27,13312,108544
46,27,14336,108544
46,27,15360,108544
46,27,16384,108544
46,27,17408,108544
46,27,18432,108544
46,28,19456,108544
46,27,20480,108544
46,46,1024,109568
46,46,2048,109568
46,46,4096,109568
46,46,5120,109568
46,31,7168,109568
46,27,12288,109568
46,27,13312,109568
46,27,14336,109568
46,27,15360,109568
46,27,16384,109568
46,27,17408,109568
46,28,18432,109568
46,27,19456,109568
46,28,20480,109568
46,46,1024,110592
46,46,3072,110592
46,46,4096,110592
46,31,6144,110592
46,27,11264,110592
46,27,12288,110592
46,27,13312,110592
46,27,14336,110592
46,27,15360,110592
46,27,16384,110592
46,28,17408,110592
46,27,18432,110592
46,28,19456,110592
46,46,2048,111616
46,46,3072,111616
46,31,5120,111616
46,27,10240,111616
46,27,11264,111616
46,27,12288,111616
46,27,13312,111616
46,27,14336,111616
46,27,15360,111616
46,28,16384,111616
46,27,17408,111616
46,28,18432,111616
46,46,1024,113664
46,31,3072,113664
46,27,8192,113664
46,27,9216,113664
46,27,10240,113664
46,27,11264,113664
46,27,12288,113664
46,27,13312,113664
46,28,14336,113664
46,27,15360,113664
46,28,16384,113664
46,39,20480,113664
46,40,20480,113664
46,31,2048,114688
46,27,7168,114688
46,27,8192,114688
46,27,9216,114688
46,27,10240,114688
46,27,11264,114688
46,27,12288,114688
46,28,13312,114688
46,27,14336,114688
46,28,15360,114688
46,39,19456,114688
46,40,19456,114688
46,39,20480,114688
46,40,20480,114688
31,27,5120,116736
31,27,6144,116736
31,27,7168,116736
31,27,8192,116736
31,27,9216,116736
31,27,10240,116736
31,28,11264,116736
31,27,12288,116736
31,28,13312,116736
31,39,17408,116736
31,40,17408,116736
31,39,18432,116736
31,40,18432,116736
31,41,19456,116736
27,27,1024,121856
27,27,2048,121856
27,27,3072,121856
27,27,4096,121856
27,27,5120,121856
27,28,6144,121856
27,27,7168,121856
27,28,8192,121856
27,39,12288,121856
27,40,12288,121856
27,39,13312,121856
27,40,13312,121856
27,41,14336,121856
27,41,15360,121856
27,27,1024,122880
27,27,2048,122880
27,27,3072,122880
27,27,4096,122880
27,28,5120,122880
27,27,6144,122880
27,28,7168,122880
27,39,11264,122880
27,40,11264,122880
27,39,12288,122880
27,40,12288,122880
27,41,13312,122880
27,41,14336,122880
27,41,15360,122880
27,27,1024,123904
27,27,2048,123904
27,27,3072,123904
27,28,4096,123904
27,27,5120,123904
27,28,6144,123904
27,39,10240,123904
27,40,10240,123904
27,39,11264,123904
27,40,11264,123904
27,41,12288,123904
27,41,13312,123904
27,41,14336,123904
27,41,15360,123904
27,27,1024,124928
27,27,2048,124928
27,28,3072,124928
27,27,4096,124928
27,28,5120,124928
27,39,9216,124928
27,40,9216,124928
27,39,10240,124928
27,40,10240,124928
27,41,11264,124928
27,41,12288,124928
27,41,13312,124928
27,41,14336,124928
27,41,15360,124928
27,27,1024,125952
27,28,2048,125952
27,27,3072,125952
27,28,4096,125952
27,39,8192,125952
27,40,8192,125952
27,39,9216,125952
27,40,9216,125952
27,41,10240,125952
27,41,11264,125952
27,41,12288,125952
27,41,13312,125952
27,41,14336,125952
27,41,15360,125952
27,28,1024,126976
27,27,2048,126976
27,28,3072,126976
27,39,7168,126976
27,40,7168,126976
27,39,8192,126976
27,40,8192,126976
27,41,9216,126976
27,41,10240,126976
27,41,11264,126976
27,41,12288,126976
27,41,13312,126976
27,41,14336,126976
27,41,15360,126976
28,27,1024,128000
28,28,2048,128000
28,39,6144,128000
28,40,6144,128000
28,39,7168,128000
28,40,7168,128000
28,41,8192,128000
28,41,9216,128000
28,41,10240,128000
28,41,11264,128000
28,41,12288,128000
28,41,13312,128000
28,41,14336,128000
28,41,15360,128000
27,28,1024,129024
27,39,5120,129024
27,40,5120,129024
27,39,6144,129024
27,40,6144,129024
27,41,7168,129024
27,41,8192,129024
27,41,9216,129024
27,41,10240,129024
27,41,11264,129024
27,41,12288,129024
27,41,13312,129024
27,41,14336,129024
27,41,15360,129024
28,39,4096,130048
28,40,4096,130048
28,39,5120,130048
28,40,5120,130048
28,41,6144,130048
28,41,7168,130048
28,41,8192,130048
28,41,9216,130048
28,41,10240,130048
28,41,11264,130048
28,41,12288,130048
28,41,13312,130048
28,41,14336,130048
28,41,15360,130048
39,40,0,134144
39,39,1024,134144
39,40,1024,134144
39,41,2048,134144
39,41,3072,134144
39,41,4096,134144
39,41,5120,134144
39,41,6144,134144
39,41,7168,134144
39,41,8192,134144
39,41,9216,134144
39,41,10240,134144
39,41,11264,134144
39,41,12288,134144
40,39,1024,134144
40,40,1024,134144
40,41,2048,134144
40,41,3072,134144
40,41,4096,134144
40,41,5120,134144
40,41,6144,134144
40,41,7168,134144
40,41,8192,134144
40,41,9216,134144
40,41,10240,134144
40,41,11264,134144
40,41,12288,134144
40,41,13312,134144
39,40,0,135168
39,41,1024,135168
39,41,2048,135168
39,41,3072,135168
39,41,4096,135168
39,41,5120,135168
39,41,6144,135168
39,41,7168,135168
39,41,8192,135168
39,41,9216,135168
39,41,10240,135168
39,41,11264,135168
39,41,12288,135168
39,41,13312,135168
40,41,1024,135168
40,41,2048,135168
40,41,3072,135168
40,41,4096,135168
40,41,5120,135168
40,41,6144,135168
40,41,7168,135168
40,41,8192,135168
40,41,9216,135168
40,41,10240,135168
40,41,11264,135168
40,41,12288,135168
40,41,13312,135168
40,41,14336,135168
41,41,1024,136192
41,41,2048,136192
41,41,3072,136192
41,41,4096,136192
41,41,5120,136192
41,41,6144,136192
41,41,7168,136192
41,41,8192,136192
41,41,9216,136192
41,41,10240,136192
41,41,11264,136192
41,41,12288,136192
41,41,13312,136192
41,41,14336,136192
41,41,1024,137216
41,41,2048,137216
41,41,3072,137216
41,41,4096,137216
41,41,5120,137216
41,41,6144,137216
41,41,7168,137216
41,41,8192,137216
41,41,9216,137216
41,41,10240,137216
41,41,11264,137216
41,41,12288,137216
41,41,13312,137216
41,98,13312,137216
41,41,1024,138240
41,41,2048,138240
41,41,3072,138240
41,41,4096,138240
41,41,5120,138240
41,41,6144,138240
41,41,7168,138240
41,41,8192,138240
41,41,9216,138240
41,41,10240,138240
41,41,11264,138240
41,41,12288,138240
41,98,12288,138240
41,25,13312,138240
41,41,1024,139264
41,41,2048,139264
41,41,3072,139264
41,41,4096,139264
41,41,5120,139264
41,41,6144,139264
41,41,7168,139264
41,41,8192,139264
41,41,9216,139264
41,41,10240,139264
41,41,11264,139264
41,98,11264,139264
41,25,12288,139264
41,41,12288,139264
41,41,1024,140288
41,41,2048,140288
41,41,3072,140288
41,41,4096,140288
41,41,5120,140288
41,41,6144,140288
41,41,7168,140288
41,41,8192,140288
41,41,9216,140288
41,41,10240,140288
41,98,10240,140288
41,25,11264,140288
41,41,11264,140288
41,33,12288,140288
41,41,1024,141312
41,41,2048,141312
41,41,3072,141312
41,41,4096,141312
41,41,5120,141312
41,41,6144,141312
41,41,7168,141312
41,41,8192,141312
41,41,9216,141312
41,98,9216,141312
41,25,10240,141312
41,41,10240,141312
41,33,11264,141312
41,41,11264,141312
41,41,1024,142336
41,41,2048,142336
41,41,3072,142336
41,41,4096,142336
41,41,5120,142336
41,41,6144,142336
41,41,7168,142336
41,41,8192,142336
41,98,8192,142336
41,25,9216,142336
41,41,9216,142336
41,33,10240,142336
41,41,10240,142336
41,98,10240,142336
41,41,1024,143360
41,41,2048,143360
41,41,3072,143360
41,41,4096,143360
41,41,5120,143360
41,41,6144,143360
41,41,7168,143360
41,98,7168,143360
41,25,8192,143360
41,41,8192,143360
41,33,9216,143360
41,41,9216,143360
41,98,9216,143360
41,33,10240,143360
41,41,1024,144384
41,41,2048,144384
41,41,3072,144384
41,41,4096,144384
41,41,5120,144384
41,41,6144,144384
41,98,6144,144384
41,25,7168,144384
41,41,7168,144384
41,33,8192,144384
41,41,8192,144384
41,98,8192,144384
41,33,9216,144384
41,41,9216,144384
41,41,1024,145408
41,41,2048,145408
41,41,3072,145408
41,41,4096,145408
41,41,5120,145408
41,98,5120,145408
41,25,6144,145408
41,41,6144,145408
41,33,7168,145408
41,41,7168,145408
41,98,7168,145408
41,33,8192,145408
41,41,8192,145408
41,33,9216,145408
41,41,1024,146432
41,41,2048,146432
41,41,3072,146432
41,41,4096,146432
41,98,4096,146432
41,25,5120,146432
41,41,5120,146432
41,33,6144,146432
41,41,6144,146432
41,98,6144,146432
41,33,7168,146432
41,41,7168,146432
41,33,8192,146432
41,41,8192,146432
41,41,1024,147456
41,41,2048,147456
41,41,3072,147456
41,98,3072,147456
41,25,4096,147456
41,41,4096,147456
41,33,5120,147456
41,41,5120,147456
41,98,5120,147456
41,33,6144,147456
41,41,6144,147456
41,33,7168,147456
41,41,7168,147456
41,33,8192,147456
41,41,1024,148480
41,41,2048,148480
41,98,2048,148480
41,25,3072,148480
41,41,3072,148480
41,33,4096,148480
41,41,4096,148480
41,98,4096,148480
41,33,5120,148480
41,41,5120,148480
41,33,6144,148480
41,41,6144,148480
41,33,7168,148480
41,41,7168,148480
41,41,1024,149504
41,98,1024,149504
41,25,2048,149504
41,41,2048,149504
41,33,3072,149504
41,41,3072,149504
41,98,3072,149504
41,33,4096,149504
41,41,4096,149504
41,33,5120,149504
41,41,5120,149504
41,33,6144,149504
41,41,6144,149504
41,33,7168,149504
41,98,0,150528
41,25,1024,150528
41,41,1024,150528
41,33,2048,150528
41,41,2048,150528
41,98,2048,150528
41,33,3072,150528
41,41,3072,150528
41,33,4096,150528
41,41,4096,150528
41,33,5120,150528
41,41,5120,150528
41,33,6144,150528
41,41,6144,150528
98,25,1024,150528
98,41,1024,150528
98,33,2048,150528
98,41,2048,150528
98,98,2048,150528
98,33,3072,150528
98,41,3072,150528
98,33,4096,150528
98,41,4096,150528
98,33,5120,150528
98,41,5120,150528
98,33,6144,150528
98,41,6144,150528
98,33,7168,150528
25,41,0,151552
25,33,1024,151552
25,41,1024,151552
25,98,1024,151552
25,33,2048,151552
25,41,2048,151552
25,33,3072,151552
25,41,3072,151552
25,33,4096,151552
25,41,4096,151552
25,33,5120,151552
25,41,5120,151552
25,33,6144,151552
25,41,6144,151552
41,33,1024,151552
41,41,1024,151552
41,98,1024,151552
41,33,2048,151552
41,41,2048,151552
41,33,3072,151552
41,41,3072,151552
41,33,4096,151552
41,41,4096,151552
41,33,5120,151552
41,41,5120,151552
41,33,6144,151552
41,41,6144,151552
41,33,7168,151552
33,41,0,152576
33,98,0,152576
33,33,1024,152576
33,41,1024,152576
33,33,2048,152576
33,41,2048,152576
33,33,3072,152576
33,41,3072,152576
33,33,4096,152576
33,41,4096,152576
33,33,5120,152576
33,41,5120,152576
33,33,6144,152576
33,41,6144,152576
41,98,0,152576
41,33,1024,152576
41,41,1024,152576
41,33,2048,152576
41,41,2048,152576
41,33,3072,152576
41,41,3072,152576
41,33,4096,152576
41,41,4096,152576
41,33,5120,152576
41,41,5120,152576
41,33,6144,152576
41,41,6144,152576
41,33,7168,152576
98,33,1024,152576
98,41,1024,152576
98,33,2048,152576
98,41,2048,152576
98,33,3072,152576
98,41,3072,152576
98,33,4096,152576
98,41,4096,152576
98,33,5120,152576
98,41,5120,152576
98,33,6144,152576
98,41,6144,152576
98,33,7168,152576
98,41,7168,152576
33,41,0,153600
33,33,1024,153600
33,41,1024,153600
33,33,2048,153600
33,41,2048,153600
33,33,3072,153600
33,41,3072,153600
33,33,4096,153600
33,41,4096,153600
33,33,5120,153600
33,41,5120,153600
33,33,6144,153600
33,41,6144,153600
33,98,6144,153600
41,33,1024,153600
41,41,1024,153600
41,33,2048,153600
41,41,2048,153600
41,33,3072,153600
41,41,3072,153600
41,33,4096,153600
41,41,4096,153600
41,33,5120,153600
41,41,5120,153600
41,33,6144,153600
41,41,6144,153600
41,98,6144,153600
41,33,7168,153600
33,41,0,154624
33,33,1024,154624
33,41,1024,154624
33,33,2048,154624
33,41,2048,154624
33,33,3072,154624
33,41,3072,154624
33,33,4096,154624
33,41,4096,154624
33,33,5120,154624
33,41,5120,154624
33,98,5120,154624
33,33,6144,154624
33,41,6144,154624
41,33,1024,154624
41,41,1024,154624
41,33,2048,154624
41,41,2048,154624
41,33,3072,154624
41,41,3072,154624
41,33,4096,154624
41,41,4096,154624
41,33,5120,154624
41,41,5120,154624
41,98,5120,154624
41,33,6144,154624
41,41,6144,154624
41,98,6144,154624
33,41,0,155648
33,33,1024,155648
33,41,1024,155648
33,33,2048,155648
33,41,2048,155648
33,33,3072,155648
33,41,3072,155648
33,33,4096,155648
33,41,4096,155648
33,98,4096,155648
33,33,5120,155648
33,41,5120,155648
33,98,5120,155648
33,33,6144,155648
41,33,1024,155648
41,41,1024,155648
41,33,2048,155648
41,41,2048,155648
41,33,3072,155648
41,41,3072,155648
41,33,4096,155648
41,41,4096,155648
41,98,4096,155648
41,33,5120,155648
41,41,5120,155648
41,98,5120,155648
41,33,6144,155648
41,41,6144,155648
33,41,0,156672
33,33,1024,156672
33,41,1024,156672
33,33,2048,156672
33,41,2048,156672
33,33,3072,156672
33,41,3072,156672
33,98,3072,156672
33,33,4096,156672
33,41,4096,156672
33,98,4096,156672
33,33,5120,156672
33,41,5120,156672
33,98,5120,156672
41,33,1024,156672
41,41,1024,156672
41,33,2048,156672
41,41,2048,156672
41,33,3072,156672
41,41,3072,156672
41,98,3072,156672
41,33,4096,156672
41,41,4096,156672
41,98,4096,156672
41,33,5120,156672
41,41,5120,156672
41,98,5120,156672
41,33,6144,156672
33,41,0,157696
33,33,1024,157696
33,41,1024,157696
33,33,2048,157696
33,41,2048,157696
33,98,2048,157696
33,33,3072,157696
33,41,3072,157696
33,98,3072,157696
33,33,4096,157696
33,41,4096,157696
33,98,4096,157696
33,33,5120,157696
33,41,5120,157696
41,33,1024,157696
41,41,1024,157696
41,33,2048,157696
41,41,2048,157696
41,98,2048,157696
41,33,3072,157696
41,41,3072,157696
41,98,3072,157696
41,33,4096,157696
41,41,4096,157696
41,98,4096,157696
41,33,5120,157696
41,41,5120,157696
41,98,5120,157696
33,41,0,158720
33,33,1024,158720
33,41,1024,158720
33,98,1024,158720
33,33,2048,158720
33,41,2048,158720
33,98,2048,158720
33,33,3072,158720
33,41,3072,158720
33,98,3072,158720
33,33,4096,158720
33,41,4096,158720
33,98,4096,158720
33,33,5120,158720
41,33,1024,158720
41,41,1024,158720
41,98,1024,158720
41,33,2048,158720
41,41,2048,158720
41,98,2048,158720
41,33,3072,158720
41,41,3072,158720
41,98,3072,158720
41,33,4096,158720
41,41,4096,158720
41,98,4096,158720
41,33,5120,158720
41,41,5120,158720
33,41,0,159744
33,98,0,159744
33,33,1024,159744
33,41,1024,159744
33,98,1024,159744
33,33,2048,159744
33,41,2048,159744
33,98,2048,159744
33,33,3072,159744
33,41,3072,159744
33,98,3072,159744
33,33,4096,159744
33,41,4096,159744
33,99,4096,159744
41,98,0,159744
41,33,1024,159744
41,41,1024,159744
41,98,1024,159744
41,33,2048,159744
41,41,2048,159744
41,98,2048,159744
41,33,3072,159744
41,41,3072,159744
41,98,3072,159744
41,33,4096,159744
41,41,4096,159744
41,99,4096,159744
41,33,5120,159744
98,33,1024,159744
98,41,1024,159744
98,98,1024,159744
98,33,2048,159744
98,41,2048,159744
98,98,2048,159744
98,33,3072,159744
98,41,3072,159744
98,98,3072,159744
98,33,4096,159744
98,41,4096,159744
98,99,4096,159744
98,33,5120,159744
98,35,6144,159744
33,41,0,160768
33,98,0,160768
33,33,1024,160768
33,41,1024,160768
33,98,1024,160768
33,33,2048,160768
33,41,2048,160768
33,98,2048,160768
33,33,3072,160768
33,41,3072,160768
33,99,3072,160768
33,33,4096,160768
33,35,5120,160768
33,52,5120,160768
41,98,0,160768
41,33,1024,160768
41,41,1024,160768
41,98,1024,160768
41,33,2048,160768
41,41,2048,160768
41,98,2048,160768
41,33,3072,160768
41,41,3072,160768
41,99,3072,160768
41,33,4096,160768
41,35,5120,160768
41,52,5120,160768
41,35,6144,160768
98,33,1024,160768
98,41,1024,160768
98,98,1024,160768
98,33,2048,160768
98,41,2048,160768
98,98,2048,160768
98,33,3072,160768
98,41,3072,160768
98,99,3072,160768
98,33,4096,160768
98,35,5120,160768
98,52,5120,160768
98,35,6144,160768
98,34,7168,160768
33,41,0,161792
33,98,0,161792
33,33,1024,161792
33,41,1024,161792
33,98,1024,161792
33,33,2048,161792
33,41,2048,161792
33,99,2048,161792
33,33,3072,161792
33,35,4096,161792
33,52,4096,161792
33,35,5120,161792
33,34,6144,161792
33,35,7168,161792
41,98,0,161792
41,33,1024,161792
41,41,1024,161792
41,98,1024,161792
41,33,2048,161792
41,41,2048,161792
41,99,2048,161792
41,33,3072,161792
41,35,4096,161792
41,52,4096,161792
41,35,5120,161792
41,34,6144,161792
41,35,7168,161792
41,52,7168,161792
98,33,1024,161792
98,41,1024,161792
98,98,1024,161792
98,33,2048,161792
98,41,2048,161792
98,99,2048,161792
98,33,3072,161792
98,35,4096,161792
98,52,4096,161792
98,35,5120,161792
98,34,6144,161792
98,35,7168,161792
98,52,7168,161792
98,26,8192,161792
33,41,0,162816
33,98,0,162816
33,33,1024,162816
33,41,1024,162816
33,99,1024,162816
33,33,2048,162816
33,35,3072,162816
33,52,3072,162816
33,35,4096,162816
33,34,5120,162816
33,35,6144,162816
33,52,6144,162816
33,26,7168,162816
33,52,7168,162816
41,98,0,162816
41,33,1024,162816
41,41,1024,162816
41,99,1024,162816
41,33,2048,162816
41,35,3072,162816
41,52,3072,162816
41,35,4096,162816
41,34,5120,162816
41,35,6144,162816
41,52,6144,162816
41,26,7168,162816
41,52,7168,162816
41,26,8192,162816
98,33,1024,162816
98,41,1024,162816
98,99,1024,162816
98,33,2048,162816
98,35,3072,162816
98,52,3072,162816
98,35,4096,162816
98,34,5120,162816
98,35,6144,162816
98,52,6144,162816
98,26,7168,162816
98,52,7168,162816
98,26,8192,162816
98,26,9216,162816
33,41,0,163840
33,99,0,163840
33,33,1024,163840
33,35,2048,163840
33,52,2048,163840
33,35,3072,163840
33,34,4096,163840
33,35,5120,163840
33,52,5120,163840
33,26,6144,163840
33,52,6144,163840
33,26,7168,163840
33,26,8192,163840
33,26,9216,163840
41,99,0,163840
41,33,1024,163840
41,35,2048,163840
41,52,2048,163840
41,35,3072,163840
41,34,4096,163840
41,35,5120,163840
41,52,5120,163840
41,26,6144,163840
41,52,6144,163840
41,26,7168,163840
41,26,8192,163840
41,26,9216,163840
41,26,10240,163840
99,33,1024,163840
99,35,2048,163840
99,52,2048,163840
99,35,3072,163840
99,34,4096,163840
99,35,5120,163840
99,52,5120,163840
99,26,6144,163840
99,52,6144,163840
99,26,7168,163840
99,26,8192,163840
99,26,9216,163840
99,26,10240,163840
99,35,11264,163840
33,35,1024,164864
33,52,1024,164864
33,35,2048,164864
33,34,3072,164864
33,35,4096,164864
33,52,4096,164864
33,26,5120,164864
33,52,5120,164864
33,26,6144,164864
33,26,7168,164864
33,26,8192,164864
33,26,9216,164864
33,35,10240,164864
33,35,11264,164864
35,52,0,165888
35,35,1024,165888
35,34,2048,165888
35,35,3072,165888
35,52,3072,165888
35,26,4096,165888
35,52,4096,165888
35,26,5120,165888
35,26,6144,165888
35,26,7168,165888
35,26,8192,165888
35,35,9216,165888
35,35,10240,165888
35,34,11264,165888
52,35,1024,165888
52,34,2048,165888
52,35,3072,165888
52,52,3072,165888
52,26,4096,165888
52,52,4096,165888
52,26,5120,165888
52,26,6144,165888
52,26,7168,165888
52,26,8192,165888
52,35,9216,165888
52,35,10240,165888
52,34,11264,165888
52,35,12288,165888
35,34,1024,166912
35,35,2048,166912
35,52,2048,166912
35,26,3072,166912
35,52,3072,166912
35,26,4096,166912
35,26,5120,166912
35,26,6144,166912
35,26,7168,166912
35,35,8192,166912
35,35,9216,166912
35,34,10240,166912
35,35,11264,166912
35,35,12288,166912
34,35,1024,167936
34,52,1024,167936
34,26,2048,167936
34,52,2048,167936
34,26,3072,167936
34,26,4096,167936
34,26,5120,167936
34,26,6144,167936
34,35,7168,167936
34,35,8192,167936
34,34,9216,167936
34,35,10240,167936
34,35,11264,167936
34,33,12288,167936
35,52,0,168960
35,26,1024,168960
35,52,1024,168960
35,26,2048,168960
35,26,3072,168960
35,26,4096,168960
35,26,5120,168960
35,35,6144,168960
35,35,7168,168960
35,34,8192,168960
35,35,9216,168960
35,35,10240,168960
35,33,11264,168960
35,33,12288,168960
52,26,1024,168960
52,52,1024,168960
52,26,2048,168960
52,26,3072,168960
52,26,4096,168960
52,26,5120,168960
52,35,6144,168960
52,35,7168,168960
52,34,8192,168960
52,35,9216,168960
52,35,10240,168960
52,33,11264,168960
52,33,12288,168960
52,33,13312,168960
26,52,0,169984
26,26,1024,169984
26,26,2048,169984
26,26,3072,169984
26,26,4096,169984
26,35,5120,169984
26,35,6144,169984
26,34,7168,169984
26,35,8192,169984
26,35,9216,169984
26,33,10240,169984
26,33,11264,169984
26,33,12288,169984
26,33,13312,169984
52,26,1024,169984
52,26,2048,169984
52,26,3072,169984
52,26,4096,169984
52,35,5120,169984
52,35,6144,169984
52,34,7168,169984
52,35,8192,169984
52,35,9216,169984
52,33,10240,169984
52,33,11264,169984
52,33,12288,169984
52,33,13312,169984
52,33,14336,169984
26,26,1024,171008
26,26,2048,171008
26,26,3072,171008
26,35,4096,171008
26,35,5120,171008
26,34,6144,171008
26,35,7168,171008
26,35,8192,171008
26,33,9216,171008
26,33,10240,171008
26,33,11264,171008
26,33,12288,171008
26,33,13312,171008
26,33,14336,171008
26,26,1024,172032
26,26,2048,172032
26,35,3072,172032
26,35,4096,172032
26,34,5120,172032
26,35,6144,172032
26,35,7168,172032
26,33,8192,172032
26,33,9216,172032
26,33,10240,172032
26,33,11264,172032
26,33,12288,172032
26,33,13312,172032
26,44,13312,172032
26,26,1024,173056
26,35,2048,173056
26,35,3072,173056
26,34,4096,173056
26,35,5120,173056
26,35,6144,173056
26,33,7168,173056
26,33,8192,173056
26,33,9216,173056
26,33,10240,173056
26,33,11264,173056
26,33,12288,173056
26,44,12288,173056
26,33,13312,173056
26,35,1024,174080
26,35,2048,174080
26,34,3072,174080
26,35,4096,174080
26,35,5120,174080
26,33,6144,174080
26,33,7168,174080
26,33,8192,174080
26,33,9216,174080
26,33,10240,174080
26,33,11264,174080
26,44,11264,174080
26,33,12288,174080
26,44,12288,174080
35,35,1024,175104
35,34,2048,175104
35,35,3072,175104
35,35,4096,175104
35,33,5120,175104
35,33,6144,175104
35,33,7168,175104
35,33,8192,175104
35,33,9216,175104
35,33,10240,175104
35,44,10240,175104
35,33,11264,175104
35,44,11264,175104
35,33,12288,175104
35,34,1024,176128
35,35,2048,176128
35,35,3072,176128
35,33,4096,176128
35,33,5120,176128
35,33,6144,176128
35,33,7168,176128
35,33,8192,176128
35,33,9216,176128
35,44,9216,176128
35,33,10240,176128
35,44,10240,176128
35,33,11264,176128
35,44,11264,176128
34,35,1024,177152
34,35,2048,177152
34,33,3072,177152
34,33,4096,177152
34,33,5120,177152
34,33,6144,177152
34,33,7168,177152
34,33,8192,177152
34,44,8192,177152
34,33,9216,177152
34,44,9216,177152
34,33,10240,177152
34,44,10240,177152
34,33,11264,177152
35,35,1024,178176
35,33,2048,178176
35,33,3072,178176
35,33,4096,178176
35,33,5120,178176
35,33,6144,178176
35,33,7168,178176
35,44,7168,178176
35,33,8192,178176
35,44,8192,178176
35,33,9216,178176
35,44,9216,178176
35,33,10240,178176
35,33,11264,178176
35,33,1024,179200
35,33,2048,179200
35,33,3072,179200
35,33,4096,179200
35,33,5120,179200
35,33,6144,179200
35,44,6144,179200
35,33,7168,179200
35,44,7168,179200
35,33,8192,179200
35,44,8192,179200
35,33,9216,179200
35,33,10240,179200
35,44,10240,179200
33,33,1024,180224
33,33,2048,180224
33,33,3072,180224
33,33,4096,180224
33,33,5120,180224
33,44,5120,180224
33,33,6144,180224
33,44,6144,180224
33,33,7168,180224
33,44,7168,180224
33,33,8192,180224
33,33,9216,180224
33,44,9216,180224
33,33,10240,180224
33,33,1024,181248
33,33,2048,181248
33,33,3072,181248
33,33,4096,181248
33,44,4096,181248
33,33,5120,181248
33,44,5120,181248
33,33,6144,181248
33,44,6144,181248
33,33,7168,181248
33,33,8192,181248
33,44,8192,181248
33,33,9216,181248
33,33,10240,181248
33,33,1024,182272
33,33,2048,182272
33,33,3072,182272
33,44,3072,182272
33,33,4096,182272
33,44,4096,182272
33,33,5120,182272
33,44,5120,182272
33,33,6144,182272
33,33,7168,182272
33,44,7168,182272
33,33,8192,182272
33,33,9216,182272
33,33,10240,182272
33,33,1024,183296
33,33,2048,183296
33,44,2048,183296
33,33,3072,183296
33,44,3072,183296
33,33,4096,183296
33,44,4096,183296
33,33,5120,183296
33,33,6144,183296
33,44,6144,183296
33,33,7168,183296
33,33,8192,183296
33,33,9216,183296
33,41,11264,183296
33,33,1024,184320
33,44,1024,184320
33,33,2048,184320
33,44,2048,184320
33,33,3072,184320
33,44,3072,184320
33,33,4096,184320
33,33,5120,184320
33,44,5120,184320
33,33,6144,184320
33,33,7168,184320
33,33,8192,184320
33,41,10240,184320
33,33,11264,184320
33,44,0,185344
33,33,1024,185344
33,44,1024,185344
33,33,2048,185344
33,44,2048,185344
33,33,3072,185344
33,33,4096,185344
33,44,4096,185344
33,33,5120,185344
33,33,6144,185344
33,33,7168,185344
33,41,9216,185344
33,33,10240,185344
33,41,10240,185344
44,33,1024,185344
44,44,1024,185344
44,33,2048,185344
44,44,2048,185344
44,33,3072,185344
44,33,4096,185344
44,44,4096,185344
44,33,5120,185344
44,33,6144,185344
44,33,7168,185344
44,41,9216,185344
44,33,10240,185344
44,41,10240,185344
44,33,11264,185344
33,44,0,186368
33,33,1024,186368
33,44,1024,186368
33,33,2048,186368
33,33,3072,186368
33,44,3072,186368
33,33,4096,186368
33,33,5120,186368
33,33,6144,186368
33,41,8192,186368
33,33,9216,186368
33,41,9216,186368
33,33,10240,186368
33,41,10240,186368
44,33,1024,186368
44,44,1024,186368
44,33,2048,186368
44,33,3072,186368
44,44,3072,186368
44,33,4096,186368
44,33,5120,186368
44,33,6144,186368
44,41,8192,186368
44,33,9216,186368
44,41,9216,186368
44,33,10240,186368
44,41,10240,186368
44,33,11264,186368
33,44,0,187392
33,33,1024,187392
33,33,2048,187392
33,44,2048,187392
33,33,3072,187392
33,33,4096,187392
33,33,5120,187392
33,41,7168,187392
33,33,8192,187392
33,41,8192,187392
33,33,9216,187392
33,41,9216,187392
33,33,10240,187392
33,41,10240,187392
44,33,1024,187392
44,33,2048,187392
44,44,2048,187392
44,33,3072,187392
44,33,4096,187392
44,33,5120,187392
44,41,7168,187392
44,33,8192,187392
44,41,8192,187392
44,33,9216,187392
44,41,9216,187392
44,33,10240,187392
44,41,10240,187392
44,33,11264,187392
33,33,1024,188416
33,44,1024,188416
33,33,2048,188416
33,33,3072,188416
33,33,4096,188416
33,41,6144,188416
33,33,7168,188416
33,41,7168,188416
33,33,8192,188416
33,41,8192,188416
33,33,9216,188416
33,41,9216,188416
33,33,10240,188416
33,41,10240,188416
33,44,0,189440
33,33,1024,189440
33,33,2048,189440
33,33,3072,189440
33,41,5120,189440
33,33,6144,189440
33,41,6144,189440
33,33,7168,189440
33,41,7168,189440
33,33,8192,189440
33,41,8192,189440
33,33,9216,189440
33,41,9216,189440
33,33,10240,189440
44,33,1024,189440
44,33,2048,189440
44,33,3072,189440
44,41,5120,189440
44,33,6144,189440
44,41,6144,189440
44,33,7168,189440
44,41,7168,189440
44,33,8192,189440
44,41,8192,189440
44,33,9216,189440
44,41,9216,189440
44,33,10240,189440
44,41,10240,189440
33,33,1024,190464
33,33,2048,190464
33,41,4096,190464
33,33,5120,190464
33,41,5120,190464
33,33,6144,190464
33,41,6144,190464
33,33,7168,190464
33,41,7168,190464
33,33,8192,190464
33,41,8192,190464
33,33,9216,190464
33,41,9216,190464
33,33,10240,190464
33,33,1024,191488
33,41,3072,191488
33,33,4096,191488
33,41,4096,191488
33,33,5120,191488
33,41,5120,191488
33,33,6144,191488
33,41,6144,191488
33,33,7168,191488
33,41,7168,191488
33,33,8192,191488
33,41,8192,191488
33,33,9216,191488
33,41,9216,191488
33,41,2048,192512
33,33,3072,192512
33,41,3072,192512
33,33,4096,192512
33,41,4096,192512
33,33,5120,192512
33,41,5120,192512
33,33,6144,192512
33,41,6144,192512
33,33,7168,192512
33,41,7168,192512
33,33,8192,192512
33,41,8192,192512
33,33,9216,192512
41,33,1024,194560
41,41,1024,194560
41,33,2048,194560
41,41,2048,194560
41,33,3072,194560
41,41,3072,194560
41,33,4096,194560
41,41,4096,194560
41,33,5120,194560
41,41,5120,194560
41,33,6144,194560
41,41,6144,194560
41,33,7168,194560
41,41,7168,194560
33,41,0,195584
33,33,1024,195584
33,41,1024,195584
33,33,2048,195584
33,41,2048,195584
33,33,3072,195584
33,41,3072,195584
33,33,4096,195584
33,41,4096,195584
33,33,5120,195584
33,41,5120,195584
33,33,6144,195584
33,41,6144,195584
33,33,7168,195584
41,33,1024,195584
41,41,1024,195584
41,33,2048,195584
41,41,2048,195584
41,33,3072,195584
41,41,3072,195584
41,33,4096,195584
41,41,4096,195584
41,33,5120,195584
41,41,5120,195584
41,33,6144,195584
41,41,6144,195584
41,33,7168,195584
41,41,7168,195584
33,41,0,196608
33,33,1024,196608
33,41,1024,196608
33,33,2048,196608
33,41,2048,196608
33,33,3072,196608
33,41,3072,196608
33,33,4096,196608
33,41,4096,196608
33,33,5120,196608
33,41,5120,196608
33,33,6144,196608
33,41,6144,196608
33,33,7168,196608
41,33,1024,196608
41,41,1024,196608
41,33,2048,196608
41,41,2048,196608
41,33,3072,196608
41,41,3072,196608
41,33,4096,196608
41,41,4096,196608
41,33,5120,196608
41,41,5120,196608
41,33,6144,196608
41,41,6144,196608
41,33,7168,196608
41,41,7168,196608
33,41,0,197632
33,33,1024,197632
33,41,1024,197632
33,33,2048,197632
33,41,2048,197632
33,33,3072,197632
33,41,3072,197632
33,33,4096,197632
33,41,4096,197632
33,33,5120,197632
33,41,5120,197632
33,33,6144,197632
33,41,6144,197632
33,33,7168,197632
41,33,1024,197632
41,41,1024,197632
41,33,2048,197632
41,41,2048,197632
41,33,3072,197632
41,41,3072,197632
41,33,4096,197632
41,41,4096,197632
41,33,5120,197632
41,41,5120,197632
41,33,6144,197632
41,41,6144,197632
41,33,7168,197632
41,41,7168,197632
33,41,0,198656
33,33,1024,198656
33,41,1024,198656
33,33,2048,198656
33,41,2048,198656
33,33,3072,198656
33,41,3072,198656
33,33,4096,198656
33,41,4096,198656
33,33,5120,198656
33,41,5120,198656
33,33,6144,198656
33,41,6144,198656
33,33,7168,198656
41,33,1024,198656
41,41,1024,198656
41,33,2048,198656
41,41,2048,198656
41,33,3072,198656
41,41,3072,198656
41,33,4096,198656
41,41,4096,198656
41,33,5120,198656
41,41,5120,198656
41,33,6144,198656
41,41,6144,198656
41,33,7168,198656
41,41,7168,198656
33,41,0,199680
33,33,1024,199680
33,41,1024,199680
33,33,2048,199680
33,41,2048,199680
33,33,3072,199680
33,41,3072,199680
33,33,4096,199680
33,41,4096,199680
33,33,5120,199680
33,41,5120,199680
33,33,6144,199680
33,41,6144,199680
33,33,7168,199680
41,33,1024,199680
41,41,1024,199680
41,33,2048,199680
41,41,2048,199680
41,33,3072,199680
41,41,3072,199680
41,33,4096,199680
41,41,4096,199680
41,33,5120,199680
41,41,5120,199680
41,33,6144,199680
41,41,6144,199680
41,33,7168,199680
41,41,7168,199680
33,41,0,200704
33,33,1024,200704
33,41,1024,200704
33,33,2048,200704
33,41,2048,200704
33,33,3072,200704
33,41,3072,200704
33,33,4096,200704
33,41,4096,200704
33,33,5120,200704
33,41,5120,200704
33,33,6144,200704
33,41,6144,200704
33,33,7168,200704
41,33,1024,200704
41,41,1024,200704
41,33,2048,200704
41,41,2048,200704
41,33,3072,200704
41,41,3072,200704
41,33,4096,200704
41,41,4096,200704
41,33,5120,200704
41,41,5120,200704
41,33,6144,200704
41,41,6144,200704
41,33,7168,200704
41,41,7168,200704
33,41,0,201728
33,33,1024,201728
33,41,1024,201728
33,33,2048,201728
33,41,2048,201728
33,33,3072,201728
33,41,3072,201728
33,33,4096,201728
33,41,4096,201728
33,33,5120,201728
33,41,5120,201728
33,33,6144,201728
33,41,6144,201728
33,33,7168,201728
41,33,1024,201728
41,41,1024,201728
41,33,2048,201728
41,41,2048,201728
41,33,3072,201728
41,41,3072,201728
41,33,4096,201728
41,41,4096,201728
41,33,5120,201728
41,41,5120,201728
41,33,6144,201728
41,41,6144,201728
41,33,7168,201728
41,41,7168,201728
33,41,0,202752
33,33,1024,202752
33,41,1024,202752
33,33,2048,202752
33,41,2048,202752
33,33,3072,202752
33,41,3072,202752
33,33,4096,202752
33,41,4096,202752
33,33,5120,202752
33,41,5120,202752
33,33,6144,202752
33,41,6144,202752
33,27,7168,202752
41,33,1024,202752
41,41,1024,202752
41,33,2048,202752
41,41,2048,202752
41,33,3072,202752
41,41,3072,202752
41,33,4096,202752
41,41,4096,202752
41,33,5120,202752
41,41,5120,202752
41,33,6144,202752
41,41,6144,202752
41,27,7168,202752
41,46,7168,202752
33,41,0,203776
33,33,1024,203776
33,41,1024,203776
33,33,2048,203776
33,41,2048,203776
33,33,3072,203776
33,41,3072,203776
33,33,4096,203776
33,41,4096,203776
33,33,5120,203776
33,41,5120,203776
33,27,6144,203776
33,46,6144,203776
33,27,7168,203776
41,33,1024,203776
41,41,1024,203776
41,33,2048,203776
41,41,2048,203776
41,33,3072,203776
41,41,3072,203776
41,33,4096,203776
41,41,4096,203776
41,33,5120,203776
41,41,5120,203776
41,27,6144,203776
41,46,6144,203776
41,27,7168,203776
41,46,7168,203776
33,41,0,204800
33,33,1024,204800
33,41,1024,204800
33,33,2048,204800
33,41,2048,204800
33,33,3072,204800
33,41,3072,204800
33,33,4096,204800
33,41,4096,204800
33,27,5120,204800
33,46,5120,204800
33,27,6144,204800
33,46,6144,204800
33,27,7168,204800
41,33,1024,204800
41,41,1024,204800
41,33,2048,204800
41,41,2048,204800
41,33,3072,204800
41,41,3072,204800
41,33,4096,204800
41,41,4096,204800
41,27,5120,204800
41,46,5120,204800
41,27,6144,204800
41,46,6144,204800
41,27,7168,204800
41,46,7168,204800
33,41,0,205824
33,33,1024,205824
33,41,1024,205824
33,33,2048,205824
33,41,2048,205824
33,33,3072,205824
33,41,3072,205824
33,27,4096,205824
33,46,4096,205824
33,27,5120,205824
33,46,5120,205824
33,27,6144,205824
33,46,6144,205824
33,27,7168,205824
41,33,1024,205824
41,41,1024,205824
41,33,2048,205824
41,41,2048,205824
41,33,3072,205824
41,41,3072,205824
41,27,4096,205824
41,46,4096,205824
41,27,5120,205824
41,46,5120,205824
41,27,6144,205824
41,46,6144,205824
41,27,7168,205824
41,46,7168,205824
33,41,0,206848
33,33,1024,206848
33,41,1024,206848
33,33,2048,206848
33,41,2048,206848
33,27,3072,206848
33,46,3072,206848
33,27,4096,206848
33,46,4096,206848
33,27,5120,206848
33,46,5120,206848
33,27,6144,206848
33,46,6144,206848
33,27,7168,206848
41,33,1024,206848
41,41,1024,206848
41,33,2048,206848
41,41,2048,206848
41,27,3072,206848
41,46,3072,206848
41,27,4096,206848
41,46,4096,206848
41,27,5120,206848
41,46,5120,206848
41,27,6144,206848
41,46,6144,206848
41,27,7168,206848
41,46,7168,206848
33,41,0,207872
33,33,1024,207872
33,41,1024,207872
33,27,2048,207872
33,46,2048,207872
33,27,3072,207872
33,46,3072,207872
33,27,4096,207872
33,46,4096,207872
33,27,5120,207872
33,46,5120,207872
33,27,6144,207872
33,46,6144,207872
33,37,7168,207872
41,33,1024,207872
41,41,1024,207872
41,27,2048,207872
41,46,2048,207872
41,27,3072,207872
41,46,3072,207872
41,27,4096,207872
41,46,4096,207872
41,27,5120,207872
41,46,5120,207872
41,27,6144,207872
41,46,6144,207872
41,37,7168,207872
41,46,7168,207872
33,41,0,208896
33,27,1024,208896
33,46,1024,208896
33,27,2048,208896
33,46,2048,208896
33,27,3072,208896
33,46,3072,208896
33,27,4096,208896
33,46,4096,208896
33,27,5120,208896
33,46,5120,208896
33,37,6144,208896
33,46,6144,208896
33,37,7168,208896
41,27,1024,208896
41,46,1024,208896
41,27,2048,208896
41,46,2048,208896
41,27,3072,208896
41,46,3072,208896
41,27,4096,208896
41,46,4096,208896
41,27,5120,208896
41,46,5120,208896
41,37,6144,208896
41,46,6144,208896
41,37,7168,208896
41,46,7168,208896
27,46,0,209920
27,27,1024,209920
27,46,1024,209920
27,27,2048,209920
27,46,2048,209920
27,27,3072,209920
27,46,3072,209920
27,27,4096,209920
27,46,4096,209920
27,37,5120,209920
27,46,5120,209920
27,37,6144,209920
27,46,6144,209920
27,37,7168,209920
46,27,1024,209920
46,46,1024,209920
46,27,2048,209920
46,46,2048,209920
46,27,3072,209920
46,46,3072,209920
46,27,4096,209920
46,46,4096,209920
46,37,5120,209920
46,46,5120,209920
46,37,6144,209920
46,46,6144,209920
46,37,7168,209920
46,46,7168,209920
27,46,0,210944
27,27,1024,210944
27,46,1024,210944
27,27,2048,210944
27,46,2048,210944
27,27,3072,210944
27,46,3072,210944
27,37,4096,210944
27,46,4096,210944
27,37,5120,210944
27,46,5120,210944
27,37,6144,210944
27,46,6144,210944
27,37,7168,210944
46,27,1024,210944
46,46,1024,210944
46,27,2048,210944
46,46,2048,210944
46,27,3072,210944
46,46,3072,210944
46,37,4096,210944
46,46,4096,210944
46,37,5120,210944
46,46,5120,210944
46,37,6144,210944
46,46,6144,210944
46,37,7168,210944
46,46,7168,210944
27,46,0,211968
27,27,1024,211968
27,46,1024,211968
27,27,2048,211968
27,46,2048,211968
27,37,3072,211968
27,46,3072,211968
27,37,4096,211968
27,46,4096,211968
27,37,5120,211968
27,46,5120,211968
27,37,6144,211968
27,46,6144,211968
27,27,7168,211968
46,27,1024,211968
46,46,1024,211968
46,27,2048,211968
46,46,2048,211968
46,37,3072,211968
46,46,3072,211968
46,37,4096,211968
46,46,4096,211968
46,37,5120,211968
46,46,5120,211968
46,37,6144,211968
46,46,6144,211968
46,27,7168,211968
46,46,7168,211968
27,46,0,212992
27,27,1024,212992
27,46,1024,212992
27,37,2048,212992
27,46,2048,212992
27,37,3072,212992
27,46,3072,212992
27,37,4096,212992
27,46,4096,212992
27,37,5120,212992
27,46,5120,212992
27,27,6144,212992
27,46,6144,212992
27,27,7168,212992
46,27,1024,212992
46,46,1024,212992
46,37,2048,212992
46,46,2048,212992
46,37,3072,212992
46,46,3072,212992
46,37,4096,212992
46,46,4096,212992
46,37,5120,212992
46,46,5120,212992
46,27,6144,212992
46,46,6144,212992
46,27,7168,212992
46,46,7168,212992
27,46,0,214016
27,37,1024,214016
27,46,1024,214016
27,37,2048,214016
27,46,2048,214016
27,37,3072,214016
27,46,3072,214016
27,37,4096,214016
27,46,4096,214016
27,27,5120,214016
27,46,5120,214016
27,27,6144,214016
27,46,6144,214016
27,27,7168,214016
46,37,1024,214016
46,46,1024,214016
46,37,2048,214016
46,46,2048,214016
46,37,3072,214016
46,46,3072,214016
46,37,4096,214016
46,46,4096,214016
46,27,5120,214016
46,46,5120,214016
46,27,6144,214016
46,46,6144,214016
46,27,7168,214016
46,37,8192,214016
37,46,0,215040
37,37,1024,215040
37,46,1024,215040
37,37,2048,215040
37,46,2048,215040
37,37,3072,215040
37,46,3072,215040
37,27,4096,215040
37,46,4096,215040
37,27,5120,215040
37,46,5120,215040
37,27,6144,215040
37,37,7168,215040
37,46,7168,215040
46,37,1024,215040
46,46,1024,215040
46,37,2048,215040
46,46,2048,215040
46,37,3072,215040
46,46,3072,215040
46,27,4096,215040
46,46,4096,215040
46,27,5120,215040
46,46,5120,215040
46,27,6144,215040
46,37,7168,215040
46,46,7168,215040
46,37,8192,215040
37,46,0,216064
37,37,1024,216064
37,46,1024,216064
37,37,2048,216064
37,46,2048,216064
37,27,3072,216064
37,46,3072,216064
37,27,4096,216064
37,46,4096,216064
37,27,5120,216064
37,37,6144,216064
37,46,6144,216064
37,37,7168,216064
37,33,8192,216064
46,37,1024,216064
46,46,1024,216064
46,37,2048,216064
46,46,2048,216064
46,27,3072,216064
46,46,3072,216064
46,27,4096,216064
46,46,4096,216064
46,27,5120,216064
46,37,6144,216064
46,46,6144,216064
46,37,7168,216064
46,33,8192,216064
46,41,8192,216064
37,46,0,217088
37,37,1024,217088
37,46,1024,217088
37,27,2048,217088
37,46,2048,217088
37,27,3072,217088
37,46,3072,217088
37,27,4096,217088
37,37,5120,217088
37,46,5120,217088
37,37,6144,217088
37,33,7168,217088
37,41,7168,217088
37,33,8192,217088
46,37,1024,217088
46,46,1024,217088
46,27,2048,217088
46,46,2048,217088
46,27,3072,217088
46,46,3072,217088
46,27,4096,217088
46,37,5120,217088
46,46,5120,217088
46,37,6144,217088
46,33,7168,217088
46,41,7168,217088
46,33,8192,217088
46,41,8192,217088
37,46,0,218112
37,27,1024,218112
37,46,1024,218112
37,27,2048,218112
37,46,2048,218112
37,27,3072,218112
37,37,4096,218112
37,46,4096,218112
37,37,5120,218112
37,33,6144,218112
37,41,6144,218112
37,33,7168,218112
37,41,7168,218112
37,33,8192,218112
46,27,1024,218112
46,46,1024,218112
46,27,2048,218112
46,46,2048,218112
46,27,3072,218112
46,37,4096,218112
46,46,4096,218112
46,37,5120,218112
46,33,6144,218112
46,41,6144,218112
46,33,7168,218112
46,41,7168,218112
46,33,8192,218112
46,41,8192,218112
27,46,0,219136
27,27,1024,219136
27,46,1024,219136
27,27,2048,219136
27,37,3072,219136
27,46,3072,219136
27,37,4096,219136
27,33,5120,219136
27,41,5120,219136
27,33,6144,219136
27,41,6144,219136
27,33,7168,219136
27,41,7168,219136
27,33,8192,219136
46,27,1024,219136
46,46,1024,219136
46,27,2048,219136
46,37,3072,219136
46,46,3072,219136
46,37,4096,219136
46,33,5120,219136
46,41,5120,219136
46,33,6144,219136
46,41,6144,219136
46,33,7168,219136
46,41,7168,219136
46,33,8192,219136
46,41,8192,219136
27,46,0,220160
27,27,1024,220160
27,37,2048,220160
27,46,2048,220160
27,37,3072,220160
27,33,4096,220160
27,41,4096,220160
27,33,5120,220160
27,41,5120,220160
27,33,6144,220160
27,41,6144,220160
27,33,7168,220160
27,41,7168,220160
27,33,8192,220160
46,27,1024,220160
46,37,2048,220160
46,46,2048,220160
46,37,3072,220160
46,33,4096,220160
46,41,4096,220160
46,33,5120,220160
46,41,5120,220160
46,33,6144,220160
46,41,6144,220160
46,33,7168,220160
46,41,7168,220160
46,33,8192,220160
46,41,8192,220160
27,37,1024,221184
27,46,1024,221184
27,37,2048,221184
27,33,3072,221184
27,41,3072,221184
27,33,4096,221184
27,41,4096,221184
27,33,5120,221184
27,41,5120,221184
27,33,6144,221184
27,41,6144,221184
27,33,7168,221184
27,41,7168,221184
27,33,8192,221184
37,46,0,222208
37,37,1024,222208
37,33,2048,222208
37,41,2048,222208
37,33,3072,222208
37,41,3072,222208
37,33,4096,222208
37,41,4096,222208
37,33,5120,222208
37,41,5120,222208
37,33,6144,222208
37,41,6144,222208
37,33,7168,222208
37,41,7168,222208
46,37,1024,222208
46,33,2048,222208
46,41,2048,222208
46,33,3072,222208
46,41,3072,222208
46,33,4096,222208
46,41,4096,222208
46,33,5120,222208
46,41,5120,222208
46,33,6144,222208
46,41,6144,222208
46,33,7168,222208
46,41,7168,222208
46,33,8192,222208
37,33,1024,223232
37,41,1024,223232
37,33,2048,223232
37,41,2048,223232
37,33,3072,223232
37,41,3072,223232
37,33,4096,223232
37,41,4096,223232
37,33,5120,223232
37,41,5120,223232
37,33,6144,223232
37,41,6144,223232
37,33,7168,223232
37,41,7168,223232
33,41,0,224256
33,33,1024,224256
33,41,1024,224256
33,33,2048,224256
33,41,2048,224256
33,33,3072,224256
33,41,3072,224256
33,33,4096,224256
33,41,4096,224256
33,33,5120,224256
33,41,5120,224256
33,33,6144,224256
33,41,6144,224256
33,33,7168,224256
41,33,1024,224256
41,41,1024,224256
41,33,2048,224256
41,41,2048,224256
41,33,3072,224256
41,41,3072,224256
41,33,4096,224256
41,41,4096,224256
41,33,5120,224256
41,41,5120,224256
41,33,6144,224256
41,41,6144,224256
41,33,7168,224256
41,41,7168,224256
33,41,0,225280
33,33,1024,225280
33,41,1024,225280
33,33,2048,225280
33,41,2048,225280
33,33,3072,225280
33,41,3072,225280
33,33,4096,225280
33,41,4096,225280
33,33,5120,225280
33,41,5120,225280
33,33,6144,225280
33,41,6144,225280
33,33,7168,225280
41,33,1024,225280
41,41,1024,225280
41,33,2048,225280
41,41,2048,225280
41,33,3072,225280
41,41,3072,225280
41,33,4096,225280
41,41,4096,225280
41,33,5120,225280
41,41,5120,225280
41,33,6144,225280
41,41,6144,225280
41,33,7168,225280
41,41,7168,225280
33,41,0,226304
33,33,1024,226304
33,41,1024,226304
33,33,2048,226304
33,41,2048,226304
33,33,3072,226304
33,41,3072,226304
33,33,4096,226304
33,41,4096,226304
33,33,5120,226304
33,41,5120,226304
33,33,6144,226304
33,41,6144,226304
33,33,7168,226304
41,33,1024,226304
41,41,1024,226304
41,33,2048,226304
41,41,2048,226304
41,33,3072,226304
41,41,3072,226304
41,33,4096,226304
41,41,4096,226304
41,33,5120,226304
41,41,5120,226304
41,33,6144,226304
41,41,6144,226304
41,33,7168,226304
41,41,7168,226304
33,41,0,227328
33,33,1024,227328
33,41,1024,227328
33,33,2048,227328
33,41,2048,227328
33,33,3072,227328
33,41,3072,227328
33,33,4096,227328
33,41,4096,227328
33,33,5120,227328
33,41,5120,227328
33,33,6144,227328
33,41,6144,227328
33,33,7168,227328
41,33,1024,227328
41,41,1024,227328
41,33,2048,227328
41,41,2048,227328
41,33,3072,227328
41,41,3072,227328
41,33,4096,227328
41,41,4096,227328
41,33,5120,227328
41,41,5120,227328
41,33,6144,227328
41,41,6144,227328
41,33,7168,227328
41,41,7168,227328
33,41,0,228352
33,33,1024,228352
33,41,1024,228352
33,33,2048,228352
33,41,2048,228352
33,33,3072,228352
33,41,3072,228352
33,33,4096,228352
33,41,4096,228352
33,33,5120,228352
33,41,5120,228352
33,33,6144,228352
33,41,6144,228352
33,33,7168,228352
41,33,1024,228352
41,41,1024,228352
41,33,2048,228352
41,41,2048,228352
41,33,3072,228352
41,41,3072,228352
41,33,4096,228352
41,41,4096,228352
41,33,5120,228352
41,41,5120,228352
41,33,6144,228352
41,41,6144,228352
41,33,7168,228352
41,41,7168,228352
33,41,0,229376
33,33,1024,229376
33,41,1024,229376
33,33,2048,229376
33,41,2048,229376
33,33,3072,229376
33,41,3072,229376
33,33,4096,229376
33,41,4096,229376
33,33,5120,229376
33,41,5120,229376
33,33,6144,229376
33,41,6144,229376
33,33,7168,229376
41,33,1024,229376
41,41,1024,229376
41,33,2048,229376
41,41,2048,229376
41,33,3072,229376
41,41,3072,229376
41,33,4096,229376
41,41,4096,229376
41,33,5120,229376
41,41,5120,229376
41,33,6144,229376
41,41,6144,229376
41,33,7168,229376
41,41,7168,229376
33,41,0,230400
33,33,1024,230400
33,41,1024,230400
33,33,2048,230400
33,41,2048,230400
33,33,3072,230400
33,41,3072,230400
33,33,4096,230400
33,41,4096,230400
33,33,5120,230400
33,41,5120,230400
33,33,6144,230400
33,41,6144,230400
33,41,7168,230400
41,33,1024,230400
41,41,1024,230400
41,33,2048,230400
41,41,2048,230400
41,33,3072,230400
41,41,3072,230400
41,33,4096,230400
41,41,4096,230400
41,33,5120,230400
41,41,5120,230400
41,33,6144,230400
41,41,6144,230400
41,41,7168,230400
41,37,9216,230400
33,41,0,231424
33,33,1024,231424
33,41,1024,231424
33,33,2048,231424
33,41,2048,231424
33,33,3072,231424
33,41,3072,231424
33,33,4096,231424
33,41,4096,231424
33,33,5120,231424
33,41,5120,231424
33,41,6144,231424
33,37,8192,231424
33,37,9216,231424
41,33,1024,231424
41,41,1024,231424
41,33,2048,231424
41,41,2048,231424
41,33,3072,231424
41,41,3072,231424
41,33,4096,231424
41,41,4096,231424
41,33,5120,231424
41,41,5120,231424
41,41,6144,231424
41,37,8192,231424
41,37,9216,231424
41,37,10240,231424
33,41,0,232448
33,33,1024,232448
33,41,1024,232448
33,33,2048,232448
33,41,2048,232448
33,33,3072,232448
33,41,3072,232448
33,33,4096,232448
33,41,4096,232448
33,41,5120,232448
33,37,7168,232448
33,37,8192,232448
33,37,9216,232448
33,37,10240,232448
41,33,1024,232448
41,41,1024,232448
41,33,2048,232448
41,41,2048,232448
41,33,3072,232448
41,41,3072,232448
41,33,4096,232448
41,41,4096,232448
41,41,5120,232448
41,37,7168,232448
41,37,8192,232448
41,37,9216,232448
41,37,10240,232448
41,37,11264,232448
33,41,0,233472
33,33,1024,233472
33,41,1024,233472
33,33,2048,233472
33,41,2048,233472
33,33,3072,233472
33,41,3072,233472
33,41,4096,233472
33,37,6144,233472
33,37,7168,233472
33,37,8192,233472
33,37,9216,233472
33,37,10240,233472
33,37,11264,233472
41,33,1024,233472
41,41,1024,233472
41,33,2048,233472
41,41,2048,233472
41,33,3072,233472
41,41,3072,233472
41,41,4096,233472
41,37,6144,233472
41,37,7168,233472
41,37,8192,233472
41,37,9216,233472
41,37,10240,233472
41,37,11264,233472
41,37,12288,233472
33,41,0,234496
33,33,1024,234496
33,41,1024,234496
33,33,2048,234496
33,41,2048,234496
33,41,3072,234496
33,37,5120,234496
33,37,6144,234496
33,37,7168,234496
33,37,8192,234496
33,37,9216,234496
33,37,10240,234496
33,37,11264,234496
33,28,19456,234496
41,33,1024,234496
41,41,1024,234496
41,33,2048,234496
41,41,2048,234496
41,41,3072,234496
41,37,5120,234496
41,37,6144,234496
41,37,7168,234496
41,37,8192,234496
41,37,9216,234496
41,37,10240,234496
41,37,11264,234496
41,28,19456,234496
41,28,20480,234496
33,41,0,235520
33,33,1024,235520
33,41,1024,235520
33,41,2048,235520
33,37,4096,235520
33,37,5120,235520
33,37,6144,235520
33,37,7168,235520
33,37,8192,235520
33,37,9216,235520
33,37,10240,235520
33,28,18432,235520
33,28,19456,235520
41,33,1024,235520
41,41,1024,235520
41,41,2048,235520
41,37,4096,235520
41,37,5120,235520
41,37,6144,235520
41,37,7168,235520
41,37,8192,235520
41,37,9216,235520
41,37,10240,235520
41,28,18432,235520
41,28,19456,235520
33,41,0,236544
33,41,1024,236544
33,37,3072,236544
33,37,4096,236544
33,37,5120,236544
33,37,6144,236544
33,37,7168,236544
33,37,8192,236544
33,37,9216,236544
33,28,17408,236544
33,28,18432,236544
41,41,1024,236544
41,37,3072,236544
41,37,4096,236544
41,37,5120,236544
41,37,6144,236544
41,37,7168,236544
41,37,8192,236544
41,37,9216,236544
41,28,17408,236544
41,28,18432,236544
41,37,2048,237568
41,37,3072,237568
41,37,4096,237568
41,37,5120,237568
41,37,6144,237568
41,37,7168,237568
41,37,8192,237568
41,28,16384,237568
41,28,17408,237568
37,37,1024,239616
37,37,2048,239616
37,37,3072,239616
37,37,4096,239616
37,37,5120,239616
37,37,6144,239616
37,28,14336,239616
37,28,15360,239616
37,37,1024,240640
37,37,2048,240640
37,37,3072,240640
37,37,4096,240640
37,37,5120,240640
37,28,13312,240640
37,28,14336,240640
37,37,1024,241664
37,37,2048,241664
37,37,3072,241664
37,37,4096,241664
37,28,12288,241664
37,28,13312,241664
37,37,1024,242688
37,37,2048,242688
37,37,3072,242688
37,28,11264,242688
37,28,12288,242688
37,31,20480,242688
37,37,1024,243712
37,37,2048,243712
37,28,10240,243712
37,28,11264,243712
37,31,19456,243712
37,25,20480,243712
37,37,1024,244736
37,28,9216,244736
37,28,10240,244736
37,31,18432,244736
37,25,19456,244736
37,28,8192,245760
37,28,9216,245760
37,31,17408,245760
37,25,18432,245760
28,28,1024,253952
28,31,9216,253952
28,25,10240,253952
28,32,14336,253952
28,28,15360,253952
28,27,16384,253952
28,28,17408,253952
28,28,18432,253952
28,28,19456,253952
28,28,20480,253952
28,31,8192,254976
28,25,9216,254976
28,32,13312,254976
28,28,14336,254976
28,27,15360,254976
28,28,16384,254976
28,28,17408,254976
28,28,18432,254976
28,28,19456,254976
28,28,20480,254976
31,25,1024,263168
31,32,5120,263168
31,28,6144,263168
31,27,7168,263168
31,28,8192,263168
31,28,9216,263168
31,28,10240,263168
31,28,11264,263168
31,28,12288,263168
31,28,13312,263168
31,25,15360,263168
31,28,20480,263168
25,32,4096,264192
25,28,5120,264192
25,27,6144,264192
25,28,7168,264192
25,28,8192,264192
25,28,9216,264192
25,28,10240,264192
25,28,11264,264192
25,28,12288,264192
25,25,14336,264192
25,28,19456,264192
25,28,20480,264192
32,28,1024,268288
32,27,2048,268288
32,28,3072,268288
32,28,4096,268288
32,28,5120,268288
32,28,6144,268288
32,28,7168,268288
32,28,8192,268288
32,25,10240,268288
32,28,15360,268288
32,28,16384,268288
32,28,17408,268288
32,28,18432,268288
32,28,19456,268288
28,27,1024,269312
28,28,2048,269312
28,28,3072,269312
28,28,4096,269312
28,28,5120,269312
28,28,6144,269312
28,28,7168,269312
28,25,9216,269312
28,28,14336,269312
28,28,15360,269312
28,28,16384,269312
28,28,17408,269312
28,28,18432,269312
28,28,19456,269312
27,28,1024,270336
27,28,2048,270336
27,28,3072,270336
27,28,4096,270336
27,28,5120,270336
27,28,6144,270336
27,25,8192,270336
27,28,13312,270336
27,28,14336,270336
27,28,15360,270336
27,28,16384,270336
27,28,17408,270336
27,28,18432,270336
27,28,19456,270336
28,28,1024,271360
28,28,2048,271360
28,28,3072,271360
28,28,4096,271360
28,28,5120,271360
28,25,7168,271360
28,28,12288,271360
28,28,13312,271360
28,28,14336,271360
28,28,15360,271360
28,28,16384,271360
28,28,17408,271360
28,28,18432,271360
28,28,19456,271360
28,28,1024,272384
28,28,2048,272384
28,28,3072,272384
28,28,4096,272384
28,25,6144,272384
28,28,11264,272384
28,28,12288,272384
28,28,13312,272384
28,28,14336,272384
28,28,15360,272384
28,28,16384,272384
28,28,17408,272384
28,28,18432,272384
28,31,20480,272384
28,28,1024,273408
28,28,2048,273408
28,28,3072,273408
28,25,5120,273408
28,28,10240,273408
28,28,11264,273408
28,28,12288,273408
28,28,13312,273408
28,28,14336,273408
28,28,15360,273408
28,28,16384,273408
28,28,17408,273408
28,31,19456,273408
28,28,1024,274432
28,28,2048,274432
28,25,4096,274432
28,28,9216,274432
28,28,10240,274432
28,28,11264,274432
28,28,12288,274432
28,28,13312,274432
28,28,14336,274432
28,28,15360,274432
28,28,16384,274432
28,31,18432,274432
28,28,1024,275456
28,25,3072,275456
28,28,8192,275456
28,28,9216,275456
28,28,10240,275456
28,28,11264,275456
28,28,12288,275456
28,28,13312,275456
28,28,14336,275456
28,28,15360,275456
28,31,17408,275456
28,25,2048,276480
28,28,7168,276480
28,28,8192,276480
28,28,9216,276480
28,28,10240,276480
28,28,11264,276480
28,28,12288,276480
28,28,13312,276480
28,28,14336,276480
28,31,16384,276480
28,32,20480,276480
25,28,5120,278528
25,28,6144,278528
25,28,7168,278528
25,28,8192,278528
25,28,9216,278528
25,28,10240,278528
25,28,11264,278528
25,28,12288,278528
25,31,14336,278528
25,32,18432,278528
25,27,19456,278528
25,27,20480,278528
28,28,1024,283648
28,28,2048,283648
28,28,3072,283648
28,28,4096,283648
28,28,5120,283648
28,28,6144,283648
28,28,7168,283648
28,31,9216,283648
28,32,13312,283648
28,27,14336,283648
28,27,15360,283648
28,27,16384,283648
28,28,17408,283648
28,32,18432,283648
28,28,1024,284672
28,28,2048,284672
28,28,3072,284672
28,28,4096,284672
28,28,5120,284672
28,28,6144,284672
28,31,8192,284672
28,32,12288,284672
28,27,13312,284672
28,27,14336,284672
28,27,15360,284672
28,28,16384,284672
28,32,17408,284672
28,28,18432,284672
28,28,1024,285696
28,28,2048,285696
28,28,3072,285696
28,28,4096,285696
28,28,5120,285696
28,31,7168,285696
28,32,11264,285696
28,27,12288,285696
28,27,13312,285696
28,27,14336,285696
28,28,15360,285696
28,32,16384,285696
28,28,17408,285696
28,32,18432,285696
28,28,1024,286720
28,28,2048,286720
28,28,3072,286720
28,28,4096,286720
28,31,6144,286720
28,32,10240,286720
28,27,11264,286720
28,27,12288,286720
28,27,13312,286720
28,28,14336,286720
28,32,15360,286720
28,28,16384,286720
28,32,17408,286720
28,27,18432,286720
28,28,1024,287744
28,28,2048,287744
28,28,3072,287744
28,31,5120,287744
28,32,9216,287744
28,27,10240,287744
28,27,11264,287744
28,27,12288,287744
28,28,13312,287744
28,32,14336,287744
28,28,15360,287744
28,32,16384,287744
28,27,17408,287744
28,28,18432,287744
28,28,1024,288768
28,28,2048,288768
28,31,4096,288768
28,32,8192,288768
28,27,9216,288768
28,27,10240,288768
28,27,11264,288768
28,28,12288,288768
28,32,13312,288768
28,28,14336,288768
28,32,15360,288768
28,27,16384,288768
28,28,17408,288768
28,24,18432,288768
28,28,1024,289792
28,31,3072,289792
28,32,7168,289792
28,27,8192,289792
28,27,9216,289792
28,27,10240,289792
28,28,11264,289792
28,32,12288,289792
28,28,13312,289792
28,32,14336,289792
28,27,15360,289792
28,28,16384,289792
28,24,17408,289792
28,31,2048,290816
28,32,6144,290816
28,27,7168,290816
28,27,8192,290816
28,27,9216,290816
28,28,10240,290816
28,32,11264,290816
28,28,12288,290816
28,32,13312,290816
28,27,14336,290816
28,28,15360,290816
28,24,16384,290816
31,32,4096,292864
31,27,5120,292864
31,27,6144,292864
31,27,7168,292864
31,28,8192,292864
31,32,9216,292864
31,28,10240,292864
31,32,11264,292864
31,27,12288,292864
31,28,13312,292864
31,24,14336,292864
31,28,19456,292864
31,28,20480,292864
32,27,1024,296960
32,27,2048,296960
32,27,3072,296960
32,28,4096,296960
32,32,5120,296960
32,28,6144,296960
32,32,7168,296960
32,27,8192,296960
32,28,9216,296960
32,24,10240,296960
32,28,15360,296960
32,28,16384,296960
32,28,17408,296960
32,28,18432,296960
27,27,1024,297984
27,27,2048,297984
27,28,3072,297984
27,32,4096,297984
27,28,5120,297984
27,32,6144,297984
27,27,7168,297984
27,28,8192,297984
27,24,9216,297984
27,28,14336,297984
27,28,15360,297984
27,28,16384,297984
27,28,17408,297984
27,27,18432,297984
27,27,1024,299008
27,28,2048,299008
27,32,3072,299008
27,28,4096,299008
27,32,5120,299008
27,27,6144,299008
27,28,7168,299008
27,24,8192,299008
27,28,13312,299008
27,28,14336,299008
27,28,15360,299008
27,28,16384,299008
27,27,17408,299008
27,28,18432,299008
27,28,1024,300032
27,32,2048,300032
27,28,3072,300032
27,32,4096,300032
27,27,5120,300032
27,28,6144,300032
27,24,7168,300032
27,28,12288,300032
27,28,13312,300032
27,28,14336,300032
27,28,15360,300032
27,27,16384,300032
27,28,17408,300032
27,27,18432,300032
28,32,1024,301056
28,28,2048,301056
28,32,3072,301056
28,27,4096,301056
28,28,5120,301056
28,24,6144,301056
28,28,11264,301056
28,28,12288,301056
28,28,13312,301056
28,28,14336,301056
28,27,15360,301056
28,28,16384,301056
28,27,17408,301056
28,30,20480,301056
32,28,1024,302080
32,32,2048,302080
32,27,3072,302080
32,28,4096,302080
32,24,5120,302080
32,28,10240,302080
32,28,11264,302080
32,28,12288,302080
32,28,13312,302080
32,27,14336,302080
32,28,15360,302080
32,27,16384,302080
32,30,19456,302080
28,32,1024,303104
28,27,2048,303104
28,28,3072,303104
28,24,4096,303104
28,28,9216,303104
28,28,10240,303104
28,28,11264,303104
28,28,12288,303104
28,27,13312,303104
28,28,14336,303104
28,27,15360,303104
28,30,18432,303104
32,27,1024,304128
32,28,2048,304128
32,24,3072,304128
32,28,8192,304128
32,28,9216,304128
32,28,10240,304128
32,28,11264,304128
32,27,12288,304128
32,28,13312,304128
32,27,14336,304128
32,30,17408,304128
27,28,1024,305152
27,24,2048,305152
27,28,7168,305152
27,28,8192,305152
27,28,9216,305152
27,28,10240,305152
27,27,11264,305152
27,28,12288,305152
27,27,13312,305152
27,30,16384,305152
28,24,1024,306176
28,28,6144,306176
28,28,7168,306176
28,28,8192,306176
28,28,9216,306176
28,27,10240,306176
28,28,11264,306176
28,27,12288,306176
28,30,15360,306176
28,32,20480,306176
24,28,5120,307200
24,28,6144,307200
24,28,7168,307200
24,28,8192,307200
24,27,9216,307200
24,28,10240,307200
24,27,11264,307200
24,30,14336,307200
24,32,19456,307200
24,27,20480,307200
28,28,1024,312320
28,28,2048,312320
28,28,3072,312320
28,27,4096,312320
28,28,5120,312320
28,27,6144,312320
28,30,9216,312320
28,32,14336,312320
28,27,15360,312320
28,27,16384,312320
28,27,17408,312320
28,28,1024,313344
28,28,2048,313344
28,27,3072,313344
28,28,4096,313344
28,27,5120,313344
28,30,8192,313344
28,32,13312,313344
28,27,14336,313344
28,27,15360,313344
28,27,16384,313344
28,28,1024,314368
28,27,2048,314368
28,28,3072,314368
28,27,4096,314368
28,30,7168,314368
28,32,12288,314368
28,27,13312,314368
28,27,14336,314368
28,27,15360,314368
28,27,1024,315392
28,28,2048,315392
28,27,3072,315392
28,30,6144,315392
28,32,11264,315392
28,27,12288,315392
28,27,13312,315392
28,27,14336,315392
27,28,1024,316416
27,27,2048,316416
27,30,5120,316416
27,32,10240,316416
27,27,11264,316416
27,27,12288,316416
27,27,13312,316416
28,27,1024,317440
28,30,4096,317440
28,32,9216,317440
28,27,10240,317440
28,27,11264,317440
28,27,12288,317440
27,30,3072,318464
27,32,8192,318464
27,27,9216,318464
27,27,10240,318464
27,27,11264,318464
30,32,5120,321536
30,27,6144,321536
30,27,7168,321536
30,27,8192,321536
32,27,1024,326656
32,27,2048,326656
32,27,3072,326656
27,27,1024,327680
27,27,2048,327680
27,27,1024,328704
