8,73,2048,6144
8,7,7168,6144
8,7,8192,6144
8,36,15360,6144
8,9,16384,6144
8,9,17408,6144
8,9,18432,6144
73,7,5120,8192
73,7,6144,8192
73,36,13312,8192
73,9,14336,8192
73,9,15360,8192
73,9,16384,8192
73,26,20480,8192
7,7,1024,13312
7,36,8192,13312
7,9,9216,13312
7,9,10240,13312
7,9,11264,13312
7,26,15360,13312
7,12,16384,13312
7,13,19456,13312
7,36,7168,14336
7,9,8192,14336
7,9,9216,14336
7,9,10240,14336
7,26,14336,14336
7,12,15360,14336
7,13,18432,14336
36,9,1024,21504
36,9,2048,21504
36,9,3072,21504
36,26,7168,21504
36,12,8192,21504
36,13,11264,21504
36,37,16384,21504
36,12,17408,21504
36,12,20480,21504
9,9,1024,22528
9,9,2048,22528
9,26,6144,22528
9,12,7168,22528
9,13,10240,22528
9,37,15360,22528
9,12,16384,22528
9,12,19456,22528
9,39,20480,22528
9,9,1024,23552
9,26,5120,23552
9,12,6144,23552
9,13,9216,23552
9,37,14336,23552
9,12,15360,23552
9,12,18432,23552
9,39,19456,23552
9,26,4096,24576
9,12,5120,24576
9,13,8192,24576
9,37,13312,24576
9,12,14336,24576
9,12,17408,24576
9,39,18432,24576
26,12,1024,28672
26,13,4096,28672
26,37,9216,28672
26,12,10240,28672
26,12,13312,28672
26,39,14336,28672
26,9,20480,28672
12,13,3072,29696
12,37,8192,29696
12,12,9216,29696
12,12,12288,29696
12,39,13312,29696
12,9,19456,29696
12,9,20480,29696
13,37,5120,32768
13,12,6144,32768
13,12,9216,32768
13,39,10240,32768
13,9,16384,32768
13,9,17408,32768
13,9,18432,32768
13,8,19456,32768
13,8,20480,32768
37,12,1024,37888
37,12,4096,37888
37,39,5120,37888
37,9,11264,37888
37,9,12288,37888
37,9,13312,37888
37,8,14336,37888
37,8,15360,37888
37,7,17408,37888
37,7,20480,37888
12,12,3072,38912
12,39,4096,38912
12,9,10240,38912
12,9,11264,38912
12,9,12288,38912
12,8,13312,38912
12,8,14336,38912
12,7,16384,38912
12,7,19456,38912
12,39,1024,41984
12,9,7168,41984
12,9,8192,41984
12,9,9216,41984
12,8,10240,41984
12,8,11264,41984
12,7,13312,41984
12,7,16384,41984
12,7,20480,41984
39,9,6144,43008
39,9,7168,43008
39,9,8192,43008
39,8,9216,43008
39,8,10240,43008
39,7,12288,43008
39,7,15360,43008
39,7,19456,43008
39,7,20480,43008
9,9,1024,49152
9,9,2048,49152
9,8,3072,49152
9,8,4096,49152
9,7,6144,49152
9,7,9216,49152
9,7,13312,49152
9,7,14336,49152
9,6,16384,49152
9,6,17408,49152
9,39,19456,49152
9,9,1024,50176
9,8,2048,50176
9,8,3072,50176
9,7,5120,50176
9,7,8192,50176
9,7,12288,50176
9,7,13312,50176
9,6,15360,50176
9,6,16384,50176
9,39,18432,50176
9,8,1024,51200
9,8,2048,51200
9,7,4096,51200
9,7,7168,51200
9,7,11264,51200
9,7,12288,51200
9,6,14336,51200
9,6,15360,51200
9,39,17408,51200
9,39,20480,51200
8,8,1024,52224
8,7,3072,52224
8,7,6144,52224
8,7,10240,52224
8,7,11264,52224
8,6,13312,52224
8,6,14336,52224
8,39,16384,52224
8,39,19456,52224
8,7,2048,53248
8,7,5120,53248
8,7,9216,53248
8,7,10240,53248
8,6,12288,53248
8,6,13312,53248
8,39,15360,53248
8,39,18432,53248
7,7,3072,55296
7,7,7168,55296
7,7,8192,55296
7,6,10240,55296
7,6,11264,55296
7,39,13312,55296
7,39,16384,55296
7,7,20480,55296
7,7,4096,58368
7,7,5120,58368
7,6,7168,58368
7,6,8192,58368
7,39,10240,58368
7,39,13312,58368
7,7,17408,58368
7,7,18432,58368
7,6,20480,58368
7,7,1024,62464
7,6,3072,62464
7,6,4096,62464
7,39,6144,62464
7,39,9216,62464
7,7,13312,62464
7,7,14336,62464
7,6,16384,62464
7,6,19456,62464
7,6,2048,63488
7,6,3072,63488
7,39,5120,63488
7,39,8192,63488
7,7,12288,63488
7,7,13312,63488
7,6,15360,63488
7,6,18432,63488
6,6,1024,65536
6,39,3072,65536
6,39,6144,65536
6,7,10240,65536
6,7,11264,65536
6,6,13312,65536
6,6,16384,65536
6,37,19456,65536
6,39,2048,66560
6,39,5120,66560
6,7,9216,66560
6,7,10240,66560
6,6,12288,66560
6,6,15360,66560
6,37,18432,66560
39,39,3072,68608
39,7,7168,68608
39,7,8192,68608
39,6,10240,68608
39,6,13312,68608
39,37,16384,68608
39,7,4096,71680
39,7,5120,71680
39,6,7168,71680
39,6,10240,71680
39,37,13312,71680
39,7,19456,71680
7,7,1024,75776
7,6,3072,75776
7,6,6144,75776
7,37,9216,75776
7,7,15360,75776
7,7,19456,75776
7,7,20480,75776
7,6,2048,76800
7,6,5120,76800
7,37,8192,76800
7,7,14336,76800
7,7,18432,76800
7,7,19456,76800
6,6,3072,78848
6,37,6144,78848
6,7,12288,78848
6,7,16384,78848
6,7,17408,78848
6,6,19456,78848
6,6,20480,78848
6,37,3072,81920
6,7,9216,81920
6,7,13312,81920
6,7,14336,81920
6,6,16384,81920
6,6,17408,81920
6,6,19456,81920
6,6,20480,81920
37,7,6144,84992
37,7,10240,84992
37,7,11264,84992
37,6,13312,84992
37,6,14336,84992
37,6,16384,84992
37,6,17408,84992
37,7,19456,84992
37,7,20480,84992
7,7,4096,91136
7,7,5120,91136
7,6,7168,91136
7,6,8192,91136
7,6,10240,91136
7,6,11264,91136
7,7,13312,91136
7,7,14336,91136
7,17,15360,91136
7,49,19456,91136
7,9,20480,91136
7,7,1024,95232
7,6,3072,95232
7,6,4096,95232
7,6,6144,95232
7,6,7168,95232
7,7,9216,95232
7,7,10240,95232
7,17,11264,95232
7,49,15360,95232
7,9,16384,95232
7,6,2048,96256
7,6,3072,96256
7,6,5120,96256
7,6,6144,96256
7,7,8192,96256
7,7,9216,96256
7,17,10240,96256
7,49,14336,96256
7,9,15360,96256
6,6,1024,98304
6,6,3072,98304
6,6,4096,98304
6,7,6144,98304
6,7,7168,98304
6,17,8192,98304
6,49,12288,98304
6,9,13312,98304
6,9,19456,98304
6,9,20480,98304
6,6,2048,99328
6,6,3072,99328
6,7,5120,99328
6,7,6144,99328
6,17,7168,99328
6,49,11264,99328
6,9,12288,99328
6,9,18432,99328
6,9,19456,99328
6,6,1024,101376
6,7,3072,101376
6,7,4096,101376
6,17,5120,101376
6,49,9216,101376
6,9,10240,101376
6,9,16384,101376
6,9,17408,101376
6,7,2048,102400
6,7,3072,102400
6,17,4096,102400
6,49,8192,102400
6,9,9216,102400
6,9,15360,102400
6,9,16384,102400
7,7,1024,104448
7,17,2048,104448
7,49,6144,104448
7,9,7168,104448
7,9,13312,104448
7,9,14336,104448
7,9,19456,104448
7,9,20480,104448
7,17,1024,105472
7,49,5120,105472
7,9,6144,105472
7,9,12288,105472
7,9,13312,105472
7,9,18432,105472
7,9,19456,105472
17,49,4096,106496
17,9,5120,106496
17,9,11264,106496
17,9,12288,106496
17,9,17408,106496
17,9,18432,106496
49,9,1024,110592
49,9,7168,110592
49,9,8192,110592
49,9,13312,110592
49,9,14336,110592
9,9,6144,111616
9,9,7168,111616
9,9,12288,111616
9,9,13312,111616
9,9,1024,117760
9,9,6144,117760
9,9,7168,117760
9,6,16384,117760
9,9,5120,118784
9,9,6144,118784
9,6,15360,118784
9,9,1024,123904
9,6,10240,123904
9,6,9216,124928
6,6,16384,134144
6,6,17408,134144
6,6,1024,150528
6,7,9216,150528
6,7,10240,150528
6,49,12288,150528
6,49,13312,150528
6,49,17408,150528
6,6,19456,150528
6,7,8192,151552
6,7,9216,151552
6,49,11264,151552
6,49,12288,151552
6,49,16384,151552
6,6,18432,151552
7,7,1024,159744
7,49,3072,159744
7,49,4096,159744
7,49,8192,159744
7,6,10240,159744
7,7,13312,159744
7,7,14336,159744
7,6,16384,159744
7,6,17408,159744
7,49,2048,160768
7,49,3072,160768
7,49,7168,160768
7,6,9216,160768
7,7,12288,160768
7,7,13312,160768
7,6,15360,160768
7,6,16384,160768
49,49,1024,162816
49,49,5120,162816
49,6,7168,162816
49,7,10240,162816
49,7,11264,162816
49,6,13312,162816
49,6,14336,162816
49,49,4096,163840
49,6,6144,163840
49,7,9216,163840
49,7,10240,163840
49,6,12288,163840
49,6,13312,163840
49,6,2048,167936
49,7,5120,167936
49,7,6144,167936
49,6,8192,167936
49,6,9216,167936
6,7,3072,169984
6,7,4096,169984
6,6,6144,169984
6,6,7168,169984
7,7,1024,173056
7,6,3072,173056
7,6,4096,173056
7,6,2048,174080
7,6,3072,174080
6,6,1024,176128
6,7,3072,198656
6,7,4096,198656
6,36,6144,198656
6,9,13312,198656
7,7,1024,201728
7,36,3072,201728
7,9,10240,201728
7,36,2048,202752
7,9,9216,202752
36,9,7168,204800
9,7,15360,211968
9,7,19456,211968
7,7,4096,227328
7,6,7168,227328
7,6,8192,227328
7,6,13312,227328
7,6,14336,227328
7,7,17408,227328
7,6,3072,231424
7,6,4096,231424
7,6,9216,231424
7,6,10240,231424
7,7,13312,231424
7,7,19456,231424
6,6,1024,234496
6,6,6144,234496
6,6,7168,234496
6,7,10240,234496
6,7,16384,234496
6,6,19456,234496
6,6,5120,235520
6,6,6144,235520
6,7,9216,235520
6,7,15360,235520
6,6,18432,235520
6,6,1024,240640
6,7,4096,240640
6,7,10240,240640
6,6,13312,240640
6,6,16384,240640
6,6,17408,240640
6,7,19456,240640
6,7,20480,240640
6,7,3072,241664
6,7,9216,241664
6,6,12288,241664
6,6,15360,241664
6,6,16384,241664
6,7,18432,241664
6,7,19456,241664
7,7,6144,244736
7,6,9216,244736
7,6,12288,244736
7,6,13312,244736
7,7,15360,244736
7,7,16384,244736
7,36,18432,244736
7,6,3072,250880
7,6,6144,250880
7,6,7168,250880
7,7,9216,250880
7,7,10240,250880
7,36,12288,250880
7,37,15360,250880
7,5,18432,250880
6,6,3072,253952
6,6,4096,253952
6,7,6144,253952
6,7,7168,253952
6,36,9216,253952
6,37,12288,253952
6,5,15360,253952
6,6,1024,257024
6,7,3072,257024
6,7,4096,257024
6,36,6144,257024
6,37,9216,257024
6,5,12288,257024
6,49,19456,257024
6,7,2048,258048
6,7,3072,258048
6,36,5120,258048
6,37,8192,258048
6,5,11264,258048
6,49,18432,258048
7,7,1024,260096
7,36,3072,260096
7,37,6144,260096
7,5,9216,260096
7,49,16384,260096
7,36,2048,261120
7,37,5120,261120
7,5,8192,261120
7,49,15360,261120
36,37,3072,263168
36,5,6144,263168
36,49,13312,263168
36,9,20480,263168
37,5,3072,266240
37,49,10240,266240
37,9,17408,266240
37,5,18432,266240
5,49,7168,269312
5,9,14336,269312
5,5,15360,269312
5,49,19456,269312
5,49,20480,269312
49,9,7168,276480
49,5,8192,276480
49,49,12288,276480
49,49,13312,276480
49,51,19456,276480
49,7,20480,276480
9,5,1024,283648
9,49,5120,283648
9,49,6144,283648
9,51,12288,283648
9,7,13312,283648
9,6,15360,283648
9,6,16384,283648
9,7,18432,283648
9,7,19456,283648
5,49,4096,284672
5,49,5120,284672
5,51,11264,284672
5,7,12288,284672
5,6,14336,284672
5,6,15360,284672
5,7,17408,284672
5,7,18432,284672
5,7,20480,284672
49,49,1024,288768
49,51,7168,288768
49,7,8192,288768
49,6,10240,288768
49,6,11264,288768
49,7,13312,288768
49,7,14336,288768
49,7,16384,288768
49,49,18432,288768
49,49,19456,288768
49,51,6144,289792
49,7,7168,289792
49,6,9216,289792
49,6,10240,289792
49,7,12288,289792
49,7,13312,289792
49,7,15360,289792
49,49,17408,289792
49,49,18432,289792
51,7,1024,295936
51,6,3072,295936
51,6,4096,295936
51,7,6144,295936
51,7,7168,295936
51,7,9216,295936
51,49,11264,295936
51,49,12288,295936
51,6,16384,295936
51,6,17408,295936
51,7,19456,295936
51,7,20480,295936
7,6,2048,296960
7,6,3072,296960
7,7,5120,296960
7,7,6144,296960
7,7,8192,296960
7,49,10240,296960
7,49,11264,296960
7,6,15360,296960
7,6,16384,296960
7,7,18432,296960
7,7,19456,296960
6,6,1024,299008
6,7,3072,299008
6,7,4096,299008
6,7,6144,299008
6,49,8192,299008
6,49,9216,299008
6,6,13312,299008
6,6,14336,299008
6,7,16384,299008
6,7,17408,299008
6,7,2048,300032
6,7,3072,300032
6,7,5120,300032
6,49,7168,300032
6,49,8192,300032
6,6,12288,300032
6,6,13312,300032
6,7,15360,300032
6,7,16384,300032
7,7,1024,302080
7,7,3072,302080
7,49,5120,302080
7,49,6144,302080
7,6,10240,302080
7,6,11264,302080
7,7,13312,302080
7,7,14336,302080
7,9,20480,302080
7,7,2048,303104
7,49,4096,303104
7,49,5120,303104
7,6,9216,303104
7,6,10240,303104
7,7,12288,303104
7,7,13312,303104
7,9,19456,303104
7,49,2048,305152
7,49,3072,305152
7,6,7168,305152
7,6,8192,305152
7,7,10240,305152
7,7,11264,305152
7,9,17408,305152
7,9,19456,305152
7,9,20480,305152
49,49,1024,307200
49,6,5120,307200
49,6,6144,307200
49,7,8192,307200
49,7,9216,307200
49,9,15360,307200
49,9,17408,307200
49,9,18432,307200
49,6,4096,308224
49,6,5120,308224
49,7,7168,308224
49,7,8192,308224
49,9,14336,308224
49,9,16384,308224
49,9,17408,308224
6,6,1024,312320
6,7,3072,312320
6,7,4096,312320
6,9,10240,312320
6,9,12288,312320
6,9,13312,312320
6,7,17408,312320
6,7,2048,313344
6,7,3072,313344
6,9,9216,313344
6,9,11264,313344
6,9,12288,313344
6,7,16384,313344
7,7,1024,315392
7,9,7168,315392
7,9,9216,315392
7,9,10240,315392
7,7,14336,315392
7,9,6144,316416
7,9,8192,316416
7,9,9216,316416
7,7,13312,316416
9,9,2048,322560
9,9,3072,322560
9,7,7168,322560
9,9,1024,324608
9,7,5120,324608
9,7,4096,325632
