60,60,1024,3072
60,61,2048,3072
60,61,3072,3072
60,61,4096,3072
60,61,5120,3072
60,9,6144,3072
60,10,7168,3072
60,49,14336,3072
60,8,16384,3072
60,49,19456,3072
60,7,20480,3072
60,61,1024,4096
60,61,2048,4096
60,61,3072,4096
60,61,4096,4096
60,9,5120,4096
60,10,6144,4096
60,49,13312,4096
60,8,15360,4096
60,49,18432,4096
60,7,19456,4096
60,7,20480,4096
61,61,1024,5120
61,61,2048,5120
61,61,3072,5120
61,9,4096,5120
61,10,5120,5120
61,49,12288,5120
61,8,14336,5120
61,49,17408,5120
61,7,18432,5120
61,7,19456,5120
61,7,20480,5120
61,61,1024,6144
61,61,2048,6144
61,9,3072,6144
61,10,4096,6144
61,49,11264,6144
61,8,13312,6144
61,49,16384,6144
61,7,17408,6144
61,7,18432,6144
61,7,19456,6144
61,7,20480,6144
61,61,1024,7168
61,9,2048,7168
61,10,3072,7168
61,49,10240,7168
61,8,12288,7168
61,49,15360,7168
61,7,16384,7168
61,7,17408,7168
61,7,18432,7168
61,7,19456,7168
61,7,20480,7168
61,9,1024,8192
61,10,2048,8192
61,49,9216,8192
61,8,11264,8192
61,49,14336,8192
61,7,15360,8192
61,7,16384,8192
61,7,17408,8192
61,7,18432,8192
61,7,19456,8192
61,7,20480,8192
9,10,1024,9216
9,49,8192,9216
9,8,10240,9216
9,49,13312,9216
9,7,14336,9216
9,7,15360,9216
9,7,16384,9216
9,7,17408,9216
9,7,18432,9216
9,7,19456,9216
9,7,20480,9216
10,49,7168,10240
10,8,9216,10240
10,49,12288,10240
10,7,13312,10240
10,7,14336,10240
10,7,15360,10240
10,7,16384,10240
10,7,17408,10240
10,7,18432,10240
10,7,19456,10240
10,48,20480,10240
49,8,2048,17408
49,49,5120,17408
49,7,6144,17408
49,7,7168,17408
49,7,8192,17408
49,7,9216,17408
49,7,10240,17408
49,7,11264,17408
49,7,12288,17408
49,48,13312,17408
49,9,14336,17408
49,49,17408,17408
49,49,18432,17408
49,6,19456,17408
8,49,3072,19456
8,7,4096,19456
8,7,5120,19456
8,7,6144,19456
8,7,7168,19456
8,7,8192,19456
8,7,9216,19456
8,7,10240,19456
8,48,11264,19456
8,9,12288,19456
8,49,15360,19456
8,49,16384,19456
8,6,17408,19456
8,7,18432,19456
49,7,1024,22528
49,7,2048,22528
49,7,3072,22528
49,7,4096,22528
49,7,5120,22528
49,7,6144,22528
49,7,7168,22528
49,48,8192,22528
49,9,9216,22528
49,49,12288,22528
49,49,13312,22528
49,6,14336,22528
49,7,15360,22528
49,48,16384,22528
7,7,1024,23552
7,7,2048,23552
7,7,3072,23552
7,7,4096,23552
7,7,5120,23552
7,7,6144,23552
7,48,7168,23552
7,9,8192,23552
7,49,11264,23552
7,49,12288,23552
7,6,13312,23552
7,7,14336,23552
7,48,15360,23552
7,48,16384,23552
7,7,1024,24576
7,7,2048,24576
7,7,3072,24576
7,7,4096,24576
7,7,5120,24576
7,48,6144,24576
7,9,7168,24576
7,49,10240,24576
7,49,11264,24576
7,6,12288,24576
7,7,13312,24576
7,48,14336,24576
7,48,15360,24576
7,48,16384,24576
7,7,1024,25600
7,7,2048,25600
7,7,3072,25600
7,7,4096,25600
7,48,5120,25600
7,9,6144,25600
7,49,9216,25600
7,49,10240,25600
7,6,11264,25600
7,7,12288,25600
7,48,13312,25600
7,48,14336,25600
7,48,15360,25600
7,48,17408,25600
7,7,1024,26624
7,7,2048,26624
7,7,3072,26624
7,48,4096,26624
7,9,5120,26624
7,49,8192,26624
7,49,9216,26624
7,6,10240,26624
7,7,11264,26624
7,48,12288,26624
7,48,13312,26624
7,48,14336,26624
7,48,16384,26624
7,48,17408,26624
7,7,1024,27648
7,7,2048,27648
7,48,3072,27648
7,9,4096,27648
7,49,7168,27648
7,49,8192,27648
7,6,9216,27648
7,7,10240,27648
7,48,11264,27648
7,48,12288,27648
7,48,13312,27648
7,48,15360,27648
7,48,16384,27648
7,49,17408,27648
7,7,1024,28672
7,48,2048,28672
7,9,3072,28672
7,49,6144,28672
7,49,7168,28672
7,6,8192,28672
7,7,9216,28672
7,48,10240,28672
7,48,11264,28672
7,48,12288,28672
7,48,14336,28672
7,48,15360,28672
7,49,16384,28672
7,49,17408,28672
7,48,1024,29696
7,9,2048,29696
7,49,5120,29696
7,49,6144,29696
7,6,7168,29696
7,7,8192,29696
7,48,9216,29696
7,48,10240,29696
7,48,11264,29696
7,48,13312,29696
7,48,14336,29696
7,49,15360,29696
7,49,16384,29696
7,49,17408,29696
48,9,1024,30720
48,49,4096,30720
48,49,5120,30720
48,6,6144,30720
48,7,7168,30720
48,48,8192,30720
48,48,9216,30720
48,48,10240,30720
48,48,12288,30720
48,48,13312,30720
48,49,14336,30720
48,49,15360,30720
48,49,16384,30720
48,9,17408,30720
9,49,3072,31744
9,49,4096,31744
9,6,5120,31744
9,7,6144,31744
9,48,7168,31744
9,48,8192,31744
9,48,9216,31744
9,48,11264,31744
9,48,12288,31744
9,49,13312,31744
9,49,14336,31744
9,49,15360,31744
9,9,16384,31744
9,49,17408,31744
49,49,1024,34816
49,6,2048,34816
49,7,3072,34816
49,48,4096,34816
49,48,5120,34816
49,48,6144,34816
49,48,8192,34816
49,48,9216,34816
49,49,10240,34816
49,49,11264,34816
49,49,12288,34816
49,9,13312,34816
49,49,14336,34816
49,49,15360,34816
49,6,1024,35840
49,7,2048,35840
49,48,3072,35840
49,48,4096,35840
49,48,5120,35840
49,48,7168,35840
49,48,8192,35840
49,49,9216,35840
49,49,10240,35840
49,49,11264,35840
49,9,12288,35840
49,49,13312,35840
49,49,14336,35840
49,9,17408,35840
6,7,1024,36864
6,48,2048,36864
6,48,3072,36864
6,48,4096,36864
6,48,6144,36864
6,48,7168,36864
6,49,8192,36864
6,49,9216,36864
6,49,10240,36864
6,9,11264,36864
6,49,12288,36864
6,49,13312,36864
6,9,16384,36864
6,50,17408,36864
7,48,1024,37888
7,48,2048,37888
7,48,3072,37888
7,48,5120,37888
7,48,6144,37888
7,49,7168,37888
7,49,8192,37888
7,49,9216,37888
7,9,10240,37888
7,49,11264,37888
7,49,12288,37888
7,9,15360,37888
7,50,16384,37888
48,48,1024,38912
48,48,2048,38912
48,48,4096,38912
48,48,5120,38912
48,49,6144,38912
48,49,7168,38912
48,49,8192,38912
48,9,9216,38912
48,49,10240,38912
48,49,11264,38912
48,9,14336,38912
48,50,15360,38912
48,48,1024,39936
48,48,3072,39936
48,48,4096,39936
48,49,5120,39936
48,49,6144,39936
48,49,7168,39936
48,9,8192,39936
48,49,9216,39936
48,49,10240,39936
48,9,13312,39936
48,50,14336,39936
48,48,2048,40960
48,48,3072,40960
48,49,4096,40960
48,49,5120,40960
48,49,6144,40960
48,9,7168,40960
48,49,8192,40960
48,49,9216,40960
48,9,12288,40960
48,50,13312,40960
48,48,1024,43008
48,49,2048,43008
48,49,3072,43008
48,49,4096,43008
48,9,5120,43008
48,49,6144,43008
48,49,7168,43008
48,9,10240,43008
48,50,11264,43008
48,10,19456,43008
48,49,1024,44032
48,49,2048,44032
48,49,3072,44032
48,9,4096,44032
48,49,5120,44032
48,49,6144,44032
48,9,9216,44032
48,50,10240,44032
48,10,18432,44032
49,49,1024,45056
49,49,2048,45056
49,9,3072,45056
49,49,4096,45056
49,49,5120,45056
49,9,8192,45056
49,50,9216,45056
49,10,17408,45056
49,49,1024,46080
49,9,2048,46080
49,49,3072,46080
49,49,4096,46080
49,9,7168,46080
49,50,8192,46080
49,10,16384,46080
49,36,20480,46080
49,9,1024,47104
49,49,2048,47104
49,49,3072,47104
49,9,6144,47104
49,50,7168,47104
49,10,15360,47104
49,36,19456,47104
49,9,20480,47104
9,49,1024,48128
9,49,2048,48128
9,9,5120,48128
9,50,6144,48128
9,10,14336,48128
9,36,18432,48128
9,9,19456,48128
9,48,20480,48128
49,49,1024,49152
49,9,4096,49152
49,50,5120,49152
49,10,13312,49152
49,36,17408,49152
49,9,18432,49152
49,48,19456,49152
49,48,20480,49152
49,9,3072,50176
49,50,4096,50176
49,10,12288,50176
49,36,16384,50176
49,9,17408,50176
49,48,18432,50176
49,48,19456,50176
9,50,1024,53248
9,10,9216,53248
9,36,13312,53248
9,9,14336,53248
9,48,15360,53248
9,48,16384,53248
50,10,8192,54272
50,36,12288,54272
50,9,13312,54272
50,48,14336,54272
50,48,15360,54272
10,36,4096,62464
10,9,5120,62464
10,48,6144,62464
10,48,7168,62464
36,9,1024,66560
36,48,2048,66560
36,48,3072,66560
9,48,1024,67584
9,48,2048,67584
48,48,1024,68608
7,9,1024,105472
7,9,2048,105472
7,9,20480,105472
9,9,1024,106496
9,9,19456,106496
9,9,20480,106496
9,9,18432,107520
9,9,19456,107520
9,9,1024,125952
9,36,6144,125952
9,36,7168,125952
9,7,8192,125952
9,8,10240,125952
9,8,11264,125952
9,7,15360,125952
9,7,16384,125952
9,9,18432,125952
9,9,20480,125952
9,36,5120,126976
9,36,6144,126976
9,7,7168,126976
9,8,9216,126976
9,8,10240,126976
9,7,14336,126976
9,7,15360,126976
9,9,17408,126976
9,9,19456,126976
36,36,1024,132096
36,7,2048,132096
36,8,4096,132096
36,8,5120,132096
36,7,9216,132096
36,7,10240,132096
36,9,12288,132096
36,9,14336,132096
36,7,17408,132096
36,6,19456,132096
36,7,1024,133120
36,8,3072,133120
36,8,4096,133120
36,7,8192,133120
36,7,9216,133120
36,9,11264,133120
36,9,13312,133120
36,7,16384,133120
36,6,18432,133120
36,8,20480,133120
7,8,2048,134144
7,8,3072,134144
7,7,7168,134144
7,7,8192,134144
7,9,10240,134144
7,9,12288,134144
7,7,15360,134144
7,6,17408,134144
7,8,19456,134144
8,8,1024,136192
8,7,5120,136192
8,7,6144,136192
8,9,8192,136192
8,9,10240,136192
8,7,13312,136192
8,6,15360,136192
8,8,17408,136192
8,8,19456,136192
8,8,20480,136192
8,7,4096,137216
8,7,5120,137216
8,9,7168,137216
8,9,9216,137216
8,7,12288,137216
8,6,14336,137216
8,8,16384,137216
8,8,18432,137216
8,8,19456,137216
7,7,1024,141312
7,9,3072,141312
7,9,5120,141312
7,7,8192,141312
7,6,10240,141312
7,8,12288,141312
7,8,14336,141312
7,8,15360,141312
7,9,2048,142336
7,9,4096,142336
7,7,7168,142336
7,6,9216,142336
7,8,11264,142336
7,8,13312,142336
7,8,14336,142336
9,9,2048,144384
9,7,5120,144384
9,6,7168,144384
9,8,9216,144384
9,8,11264,144384
9,8,12288,144384
9,12,19456,144384
9,7,3072,146432
9,6,5120,146432
9,8,7168,146432
9,8,9216,146432
9,8,10240,146432
9,12,17408,146432
7,6,2048,149504
7,8,4096,149504
7,8,6144,149504
7,8,7168,149504
7,12,14336,149504
6,8,2048,151552
6,8,4096,151552
6,8,5120,151552
6,12,12288,151552
6,9,19456,151552
6,9,20480,151552
8,8,2048,153600
8,8,3072,153600
8,12,10240,153600
8,9,17408,153600
8,9,18432,153600
8,8,1024,155648
8,12,8192,155648
8,9,15360,155648
8,9,16384,155648
8,12,7168,156672
8,9,14336,156672
8,9,15360,156672
12,9,7168,163840
12,9,8192,163840
12,9,16384,163840
12,6,19456,163840
9,9,1024,171008
9,9,9216,171008
9,6,12288,171008
9,8,14336,171008
9,9,8192,172032
9,6,11264,172032
9,8,13312,172032
9,6,3072,180224
9,8,5120,180224
6,8,2048,183296
6,9,19456,183296
6,9,20480,183296
8,9,17408,185344
8,9,18432,185344
8,9,19456,185344
9,9,1024,202752
9,9,2048,202752
9,9,6144,202752
9,9,7168,202752
9,29,9216,202752
9,29,10240,202752
9,8,11264,202752
9,29,12288,202752
9,29,13312,202752
9,29,14336,202752
9,29,15360,202752
9,29,16384,202752
9,8,20480,202752
9,9,1024,203776
9,9,5120,203776
9,9,6144,203776
9,29,8192,203776
9,29,9216,203776
9,8,10240,203776
9,29,11264,203776
9,29,12288,203776
9,29,13312,203776
9,29,14336,203776
9,29,15360,203776
9,8,19456,203776
9,9,4096,204800
9,9,5120,204800
9,29,7168,204800
9,29,8192,204800
9,8,9216,204800
9,29,10240,204800
9,29,11264,204800
9,29,12288,204800
9,29,13312,204800
9,29,14336,204800
9,8,18432,204800
9,9,1024,208896
9,29,3072,208896
9,29,4096,208896
9,8,5120,208896
9,29,6144,208896
9,29,7168,208896
9,29,8192,208896
9,29,9216,208896
9,29,10240,208896
9,8,14336,208896
9,9,19456,208896
9,9,20480,208896
9,29,2048,209920
9,29,3072,209920
9,8,4096,209920
9,29,5120,209920
9,29,6144,209920
9,29,7168,209920
9,29,8192,209920
9,29,9216,209920
9,8,13312,209920
9,9,18432,209920
9,9,19456,209920
9,9,20480,209920
29,29,1024,211968
29,8,2048,211968
29,29,3072,211968
29,29,4096,211968
29,29,5120,211968
29,29,6144,211968
29,29,7168,211968
29,8,11264,211968
29,9,16384,211968
29,9,17408,211968
29,9,18432,211968
29,8,1024,212992
29,29,2048,212992
29,29,3072,212992
29,29,4096,212992
29,29,5120,212992
29,29,6144,212992
29,8,10240,212992
29,9,15360,212992
29,9,16384,212992
29,9,17408,212992
8,29,1024,214016
8,29,2048,214016
8,29,3072,214016
8,29,4096,214016
8,29,5120,214016
8,8,9216,214016
8,9,14336,214016
8,9,15360,214016
8,9,16384,214016
29,29,1024,215040
29,29,2048,215040
29,29,3072,215040
29,29,4096,215040
29,8,8192,215040
29,9,13312,215040
29,9,14336,215040
29,9,15360,215040
29,29,1024,216064
29,29,2048,216064
29,29,3072,216064
29,8,7168,216064
29,9,12288,216064
29,9,13312,216064
29,9,14336,216064
29,29,1024,217088
29,29,2048,217088
29,8,6144,217088
29,9,11264,217088
29,9,12288,217088
29,9,13312,217088
29,9,20480,217088
29,29,1024,218112
29,8,5120,218112
29,9,10240,218112
29,9,11264,218112
29,9,12288,218112
29,9,19456,218112
29,10,20480,218112
29,8,4096,219136
29,9,9216,219136
29,9,10240,219136
29,9,11264,219136
29,9,18432,219136
29,10,19456,219136
8,9,5120,223232
8,9,6144,223232
8,9,7168,223232
8,9,14336,223232
8,10,15360,223232
8,8,19456,223232
8,8,20480,223232
9,9,1024,228352
9,9,2048,228352
9,9,9216,228352
9,10,10240,228352
9,8,14336,228352
9,8,15360,228352
9,9,1024,229376
9,9,8192,229376
9,10,9216,229376
9,8,13312,229376
9,8,14336,229376
9,9,7168,230400
9,10,8192,230400
9,8,12288,230400
9,8,13312,230400
9,10,20480,230400
9,10,1024,237568
9,8,5120,237568
9,8,6144,237568
9,10,13312,237568
9,6,15360,237568
9,6,16384,237568
9,8,18432,237568
9,5,20480,237568
10,8,4096,238592
10,8,5120,238592
10,10,12288,238592
10,6,14336,238592
10,6,15360,238592
10,8,17408,238592
10,5,19456,238592
8,8,1024,242688
8,10,8192,242688
8,6,10240,242688
8,6,11264,242688
8,8,13312,242688
8,5,15360,242688
8,29,18432,242688
8,6,19456,242688
8,6,20480,242688
8,10,7168,243712
8,6,9216,243712
8,6,10240,243712
8,8,12288,243712
8,5,14336,243712
8,29,17408,243712
8,6,18432,243712
8,6,19456,243712
8,29,20480,243712
10,6,2048,250880
10,6,3072,250880
10,8,5120,250880
10,5,7168,250880
10,29,10240,250880
10,6,11264,250880
10,6,12288,250880
10,29,13312,250880
10,29,14336,250880
10,29,15360,250880
10,7,16384,250880
10,7,17408,250880
10,29,18432,250880
10,8,19456,250880
6,6,1024,252928
6,8,3072,252928
6,5,5120,252928
6,29,8192,252928
6,6,9216,252928
6,6,10240,252928
6,29,11264,252928
6,29,12288,252928
6,29,13312,252928
6,7,14336,252928
6,7,15360,252928
6,29,16384,252928
6,8,17408,252928
6,9,18432,252928
6,8,2048,253952
6,5,4096,253952
6,29,7168,253952
6,6,8192,253952
6,6,9216,253952
6,29,10240,253952
6,29,11264,253952
6,29,12288,253952
6,7,13312,253952
6,7,14336,253952
6,29,15360,253952
6,8,16384,253952
6,9,17408,253952
6,8,18432,253952
8,5,2048,256000
8,29,5120,256000
8,6,6144,256000
8,6,7168,256000
8,29,8192,256000
8,29,9216,256000
8,29,10240,256000
8,7,11264,256000
8,7,12288,256000
8,29,13312,256000
8,8,14336,256000
8,9,15360,256000
8,8,16384,256000
5,29,3072,258048
5,6,4096,258048
5,6,5120,258048
5,29,6144,258048
5,29,7168,258048
5,29,8192,258048
5,7,9216,258048
5,7,10240,258048
5,29,11264,258048
5,8,12288,258048
5,9,13312,258048
5,8,14336,258048
29,6,1024,261120
29,6,2048,261120
29,29,3072,261120
29,29,4096,261120
29,29,5120,261120
29,7,6144,261120
29,7,7168,261120
29,29,8192,261120
29,8,9216,261120
29,9,10240,261120
29,8,11264,261120
29,6,20480,261120
6,6,1024,262144
6,29,2048,262144
6,29,3072,262144
6,29,4096,262144
6,7,5120,262144
6,7,6144,262144
6,29,7168,262144
6,8,8192,262144
6,9,9216,262144
6,8,10240,262144
6,6,19456,262144
6,29,1024,263168
6,29,2048,263168
6,29,3072,263168
6,7,4096,263168
6,7,5120,263168
6,29,6144,263168
6,8,7168,263168
6,9,8192,263168
6,8,9216,263168
6,6,18432,263168
6,29,20480,263168
29,29,1024,264192
29,29,2048,264192
29,7,3072,264192
29,7,4096,264192
29,29,5120,264192
29,8,6144,264192
29,9,7168,264192
29,8,8192,264192
29,6,17408,264192
29,29,19456,264192
29,7,20480,264192
29,29,1024,265216
29,7,2048,265216
29,7,3072,265216
29,29,4096,265216
29,8,5120,265216
29,9,6144,265216
29,8,7168,265216
29,6,16384,265216
29,29,18432,265216
29,7,19456,265216
29,7,1024,266240
29,7,2048,266240
29,29,3072,266240
29,8,4096,266240
29,9,5120,266240
29,8,6144,266240
29,6,15360,266240
29,29,17408,266240
29,7,18432,266240
29,29,20480,266240
7,7,1024,267264
7,29,2048,267264
7,8,3072,267264
7,9,4096,267264
7,8,5120,267264
7,6,14336,267264
7,29,16384,267264
7,7,17408,267264
7,29,19456,267264
7,29,1024,268288
7,8,2048,268288
7,9,3072,268288
7,8,4096,268288
7,6,13312,268288
7,29,15360,268288
7,7,16384,268288
7,29,18432,268288
29,8,1024,269312
29,9,2048,269312
29,8,3072,269312
29,6,12288,269312
29,29,14336,269312
29,7,15360,269312
29,29,17408,269312
8,9,1024,270336
8,8,2048,270336
8,6,11264,270336
8,29,13312,270336
8,7,14336,270336
8,29,16384,270336
9,8,1024,271360
9,6,10240,271360
9,29,12288,271360
9,7,13312,271360
9,29,15360,271360
8,6,9216,272384
8,29,11264,272384
8,7,12288,272384
8,29,14336,272384
6,29,2048,281600
6,7,3072,281600
6,29,5120,281600
6,6,14336,281600
6,6,15360,281600
29,7,1024,283648
29,29,3072,283648
29,6,12288,283648
29,6,13312,283648
7,29,2048,284672
7,6,11264,284672
7,6,12288,284672
29,6,9216,286720
29,6,10240,286720
6,6,1024,295936
6,6,14336,295936
6,6,15360,295936
6,9,19456,295936
6,6,13312,296960
6,6,14336,296960
6,9,18432,296960
6,6,1024,310272
6,9,5120,310272
6,6,8192,310272
6,28,13312,310272
6,9,14336,310272
6,9,15360,310272
6,8,19456,310272
6,9,4096,311296
6,6,7168,311296
6,28,12288,311296
6,9,13312,311296
6,9,14336,311296
6,8,18432,311296
9,6,3072,315392
9,28,8192,315392
9,9,9216,315392
9,9,10240,315392
9,8,14336,315392
6,28,5120,318464
6,9,6144,318464
6,9,7168,318464
6,8,11264,318464
28,9,1024,323584
28,9,2048,323584
28,8,6144,323584
9,9,1024,324608
9,8,5120,324608
9,8,4096,325632
