9,9,1024,3072
9,9,2048,3072
9,6,4096,3072
9,34,5120,3072
9,34,8192,3072
9,7,12288,3072
9,7,15360,3072
9,6,16384,3072
9,6,17408,3072
9,9,1024,4096
9,6,3072,4096
9,34,4096,4096
9,34,7168,4096
9,7,11264,4096
9,7,14336,4096
9,6,15360,4096
9,6,16384,4096
9,6,2048,5120
9,34,3072,5120
9,34,6144,5120
9,7,10240,5120
9,7,13312,5120
9,6,14336,5120
9,6,15360,5120
6,34,1024,7168
6,34,4096,7168
6,7,8192,7168
6,7,11264,7168
6,6,12288,7168
6,6,13312,7168
34,34,3072,8192
34,7,7168,8192
34,7,10240,8192
34,6,11264,8192
34,6,12288,8192
34,8,20480,8192
34,7,4096,11264
34,7,7168,11264
34,6,8192,11264
34,6,9216,11264
34,8,17408,11264
34,8,18432,11264
34,6,20480,11264
7,7,3072,15360
7,6,4096,15360
7,6,5120,15360
7,8,13312,15360
7,8,14336,15360
7,6,16384,15360
7,6,17408,15360
7,9,20480,15360
7,6,1024,18432
7,6,2048,18432
7,8,10240,18432
7,8,11264,18432
7,6,13312,18432
7,6,14336,18432
7,9,17408,18432
6,6,1024,19456
6,8,9216,19456
6,8,10240,19456
6,6,12288,19456
6,6,13312,19456
6,9,16384,19456
6,8,20480,19456
6,8,8192,20480
6,8,9216,20480
6,6,11264,20480
6,6,12288,20480
6,9,15360,20480
6,8,19456,20480
8,8,1024,28672
8,6,3072,28672
8,6,4096,28672
8,9,7168,28672
8,8,11264,28672
8,8,13312,28672
8,27,17408,28672
8,6,2048,29696
8,6,3072,29696
8,9,6144,29696
8,8,10240,29696
8,8,12288,29696
8,27,16384,29696
6,6,1024,31744
6,9,4096,31744
6,8,8192,31744
6,8,10240,31744
6,27,14336,31744
6,8,19456,31744
6,8,20480,31744
6,9,3072,32768
6,8,7168,32768
6,8,9216,32768
6,27,13312,32768
6,8,18432,32768
6,8,19456,32768
9,8,4096,35840
9,8,6144,35840
9,27,10240,35840
9,8,15360,35840
9,8,16384,35840
9,6,20480,35840
8,8,2048,39936
8,27,6144,39936
8,8,11264,39936
8,8,12288,39936
8,6,16384,39936
8,8,20480,39936
8,27,4096,41984
8,8,9216,41984
8,8,10240,41984
8,6,14336,41984
8,8,18432,41984
27,8,5120,46080
27,8,6144,46080
27,6,10240,46080
27,8,14336,46080
27,6,20480,46080
8,8,1024,51200
8,6,5120,51200
8,8,9216,51200
8,6,15360,51200
8,6,4096,52224
8,8,8192,52224
8,6,14336,52224
6,8,4096,56320
6,6,10240,56320
8,6,6144,60416
8,7,18432,60416
6,7,12288,66560
7,7,10240,78848
7,7,11264,78848
7,7,12288,78848
7,9,17408,78848
7,9,18432,78848
7,7,20480,78848
7,7,1024,89088
7,7,2048,89088
7,9,7168,89088
7,9,8192,89088
7,7,10240,89088
7,7,11264,89088
7,6,12288,89088
7,6,16384,89088
7,7,1024,90112
7,9,6144,90112
7,9,7168,90112
7,7,9216,90112
7,7,10240,90112
7,6,11264,90112
7,6,15360,90112
7,9,5120,91136
7,9,6144,91136
7,7,8192,91136
7,7,9216,91136
7,6,10240,91136
7,6,14336,91136
9,9,1024,96256
9,7,3072,96256
9,7,4096,96256
9,6,5120,96256
9,6,9216,96256
9,6,17408,96256
9,7,2048,97280
9,7,3072,97280
9,6,4096,97280
9,6,8192,97280
9,6,16384,97280
9,8,20480,97280
7,7,1024,99328
7,6,2048,99328
7,6,6144,99328
7,6,14336,99328
7,8,18432,99328
7,6,1024,100352
7,6,5120,100352
7,6,13312,100352
7,8,17408,100352
6,6,4096,101376
6,6,12288,101376
6,8,16384,101376
6,6,8192,105472
6,8,12288,105472
6,8,18432,105472
6,7,19456,105472
6,7,20480,105472
6,8,4096,113664
6,8,10240,113664
6,7,11264,113664
6,7,12288,113664
6,8,13312,113664
6,54,15360,113664
6,6,20480,113664
8,8,6144,117760
8,7,7168,117760
8,7,8192,117760
8,8,9216,117760
8,54,11264,117760
8,6,16384,117760
8,6,20480,117760
8,7,1024,123904
8,7,2048,123904
8,8,3072,123904
8,54,5120,123904
8,6,10240,123904
8,6,14336,123904
8,6,18432,123904
7,7,1024,124928
7,8,2048,124928
7,54,4096,124928
7,6,9216,124928
7,6,13312,124928
7,6,17408,124928
7,8,1024,125952
7,54,3072,125952
7,6,8192,125952
7,6,12288,125952
7,6,16384,125952
7,7,20480,125952
8,54,2048,126976
8,6,7168,126976
8,6,11264,126976
8,6,15360,126976
8,7,19456,126976
54,6,5120,129024
54,6,9216,129024
54,6,13312,129024
54,7,17408,129024
54,7,19456,129024
54,7,20480,129024
6,6,4096,134144
6,6,8192,134144
6,7,12288,134144
6,7,14336,134144
6,7,15360,134144
6,6,16384,134144
6,6,17408,134144
6,6,4096,138240
6,7,8192,138240
6,7,10240,138240
6,7,11264,138240
6,6,12288,138240
6,6,13312,138240
6,7,4096,142336
6,7,6144,142336
6,7,7168,142336
6,6,8192,142336
6,6,9216,142336
6,24,18432,142336
7,7,2048,146432
7,7,3072,146432
7,6,4096,146432
7,6,5120,146432
7,24,14336,146432
7,8,19456,146432
7,7,1024,148480
7,6,2048,148480
7,6,3072,148480
7,24,12288,148480
7,8,17408,148480
7,6,1024,149504
7,6,2048,149504
7,24,11264,149504
7,8,16384,149504
7,97,20480,149504
6,6,1024,150528
6,24,10240,150528
6,8,15360,150528
6,97,19456,150528
6,24,9216,151552
6,8,14336,151552
6,97,18432,151552
24,8,5120,160768
24,97,9216,160768
24,6,17408,160768
8,97,4096,165888
8,6,12288,165888
8,7,16384,165888
8,7,17408,165888
8,7,18432,165888
8,8,20480,165888
97,6,8192,169984
97,7,12288,169984
97,7,13312,169984
97,7,14336,169984
97,8,16384,169984
97,9,20480,169984
6,7,4096,178176
6,7,5120,178176
6,7,6144,178176
6,8,8192,178176
6,9,12288,178176
6,9,13312,178176
6,7,14336,178176
6,6,16384,178176
6,6,17408,178176
6,7,20480,178176
7,7,1024,182272
7,7,2048,182272
7,8,4096,182272
7,9,8192,182272
7,9,9216,182272
7,7,10240,182272
7,6,12288,182272
7,6,13312,182272
7,7,16384,182272
7,7,17408,182272
7,7,18432,182272
7,7,20480,182272
7,7,1024,183296
7,8,3072,183296
7,9,7168,183296
7,9,8192,183296
7,7,9216,183296
7,6,11264,183296
7,6,12288,183296
7,7,15360,183296
7,7,16384,183296
7,7,17408,183296
7,7,19456,183296
7,8,2048,184320
7,9,6144,184320
7,9,7168,184320
7,7,8192,184320
7,6,10240,184320
7,6,11264,184320
7,7,14336,184320
7,7,15360,184320
7,7,16384,184320
7,7,18432,184320
8,9,4096,186368
8,9,5120,186368
8,7,6144,186368
8,6,8192,186368
8,6,9216,186368
8,7,12288,186368
8,7,13312,186368
8,7,14336,186368
8,7,16384,186368
8,58,19456,186368
9,9,1024,190464
9,7,2048,190464
9,6,4096,190464
9,6,5120,190464
9,7,8192,190464
9,7,9216,190464
9,7,10240,190464
9,7,12288,190464
9,58,15360,190464
9,9,18432,190464
9,7,1024,191488
9,6,3072,191488
9,6,4096,191488
9,7,7168,191488
9,7,8192,191488
9,7,9216,191488
9,7,11264,191488
9,58,14336,191488
9,9,17408,191488
7,6,2048,192512
7,6,3072,192512
7,7,6144,192512
7,7,7168,192512
7,7,8192,192512
7,7,10240,192512
7,58,13312,192512
7,9,16384,192512
6,6,1024,194560
6,7,4096,194560
6,7,5120,194560
6,7,6144,194560
6,7,8192,194560
6,58,11264,194560
6,9,14336,194560
6,7,3072,195584
6,7,4096,195584
6,7,5120,195584
6,7,7168,195584
6,58,10240,195584
6,9,13312,195584
7,7,1024,198656
7,7,2048,198656
7,7,4096,198656
7,58,7168,198656
7,9,10240,198656
7,7,1024,199680
7,7,3072,199680
7,58,6144,199680
7,9,9216,199680
7,7,2048,200704
7,58,5120,200704
7,9,8192,200704
7,58,3072,202752
7,9,6144,202752
58,9,3072,205824
9,7,20480,208896
7,9,5120,229376
7,9,6144,229376
7,7,10240,229376
7,7,11264,229376
7,9,14336,229376
7,6,18432,229376
9,9,1024,234496
9,7,5120,234496
9,7,6144,234496
9,9,9216,234496
9,6,13312,234496
9,6,17408,234496
9,7,4096,235520
9,7,5120,235520
9,9,8192,235520
9,6,12288,235520
9,6,16384,235520
9,9,20480,235520
7,7,1024,239616
7,9,4096,239616
7,6,8192,239616
7,6,12288,239616
7,9,16384,239616
7,9,19456,239616
7,6,20480,239616
7,9,3072,240640
7,6,7168,240640
7,6,11264,240640
7,9,15360,240640
7,9,18432,240640
7,6,19456,240640
9,6,4096,243712
9,6,8192,243712
9,9,12288,243712
9,9,15360,243712
9,6,16384,243712
9,9,20480,243712
6,6,4096,247808
6,9,8192,247808
6,9,11264,247808
6,6,12288,247808
6,9,16384,247808
6,9,4096,251904
6,9,7168,251904
6,6,8192,251904
6,9,12288,251904
9,9,3072,256000
9,6,4096,256000
9,9,8192,256000
9,6,20480,256000
9,6,1024,259072
9,9,5120,259072
9,6,17408,259072
6,9,4096,260096
6,6,16384,260096
6,7,20480,260096
9,6,12288,264192
9,7,16384,264192
9,7,17408,264192
9,7,18432,264192
6,7,4096,276480
6,7,5120,276480
6,7,6144,276480
6,8,12288,276480
6,6,16384,276480
6,6,17408,276480
6,8,19456,276480
6,8,20480,276480
7,7,1024,280576
7,7,2048,280576
7,8,8192,280576
7,6,12288,280576
7,6,13312,280576
7,8,15360,280576
7,8,16384,280576
7,8,19456,280576
7,8,20480,280576
7,7,1024,281600
7,8,7168,281600
7,6,11264,281600
7,6,12288,281600
7,8,14336,281600
7,8,15360,281600
7,8,18432,281600
7,8,19456,281600
7,8,6144,282624
7,6,10240,282624
7,6,11264,282624
7,8,13312,282624
7,8,14336,282624
7,8,17408,282624
7,8,18432,282624
7,8,20480,282624
8,6,4096,288768
8,6,5120,288768
8,8,7168,288768
8,8,8192,288768
8,8,11264,288768
8,8,12288,288768
8,8,14336,288768
6,6,1024,292864
6,8,3072,292864
6,8,4096,292864
6,8,7168,292864
6,8,8192,292864
6,8,10240,292864
6,8,20480,292864
6,8,2048,293888
6,8,3072,293888
6,8,6144,293888
6,8,7168,293888
6,8,9216,293888
6,8,19456,293888
8,8,1024,295936
8,8,4096,295936
8,8,5120,295936
8,8,7168,295936
8,8,17408,295936
8,8,3072,296960
8,8,4096,296960
8,8,6144,296960
8,8,16384,296960
8,6,20480,296960
8,8,1024,300032
8,8,3072,300032
8,8,13312,300032
8,6,17408,300032
8,27,20480,300032
8,8,2048,301056
8,8,12288,301056
8,6,16384,301056
8,27,19456,301056
8,8,20480,301056
8,8,10240,303104
8,6,14336,303104
8,27,17408,303104
8,8,18432,303104
8,6,4096,313344
8,27,7168,313344
8,8,8192,313344
8,6,12288,313344
8,6,13312,313344
8,7,16384,313344
6,27,3072,317440
6,8,4096,317440
6,6,8192,317440
6,6,9216,317440
6,7,12288,317440
27,8,1024,320512
27,6,5120,320512
27,6,6144,320512
27,7,9216,320512
8,6,4096,321536
8,6,5120,321536
8,7,8192,321536
6,6,1024,325632
6,7,4096,325632
6,7,3072,326656
