16,9,1024,9216
16,18,9216,9216
16,18,11264,9216
16,13,15360,9216
16,13,17408,9216
9,18,8192,10240
9,18,10240,10240
9,13,14336,10240
9,13,16384,10240
18,18,2048,18432
18,13,6144,18432
18,13,8192,18432
18,18,13312,18432
18,18,14336,18432
18,18,16384,18432
18,14,18432,18432
18,13,4096,20480
18,13,6144,20480
18,18,11264,20480
18,18,12288,20480
18,18,14336,20480
18,14,16384,20480
13,13,2048,24576
13,18,7168,24576
13,18,8192,24576
13,18,10240,24576
13,14,12288,24576
13,12,17408,24576
13,18,5120,26624
13,18,6144,26624
13,18,8192,26624
13,14,10240,26624
13,12,15360,26624
18,18,1024,31744
18,18,3072,31744
18,14,5120,31744
18,12,10240,31744
18,14,18432,31744
18,18,2048,32768
18,14,4096,32768
18,12,9216,32768
18,14,17408,32768
18,14,2048,34816
18,12,7168,34816
18,14,15360,34816
14,12,5120,36864
14,14,13312,36864
14,18,20480,36864
12,14,8192,41984
12,18,15360,41984
12,13,18432,41984
12,14,20480,41984
14,18,7168,50176
14,13,10240,50176
14,14,12288,50176
18,13,3072,57344
18,14,5120,57344
18,18,14336,57344
18,13,20480,57344
13,14,2048,60416
13,18,11264,60416
13,13,17408,60416
14,18,9216,62464
14,13,15360,62464
18,13,6144,71680
13,12,17408,77824
13,12,18432,77824
13,12,19456,77824
12,12,1024,95232
12,12,2048,95232
12,12,11264,95232
12,12,12288,95232
12,18,16384,95232
12,18,18432,95232
12,12,1024,96256
12,12,10240,96256
12,12,11264,96256
12,18,15360,96256
12,18,17408,96256
12,12,9216,97280
12,12,10240,97280
12,18,14336,97280
12,18,16384,97280
12,12,1024,106496
12,18,5120,106496
12,18,7168,106496
12,18,13312,106496
12,18,17408,106496
12,14,19456,106496
12,18,4096,107520
12,18,6144,107520
12,18,12288,107520
12,18,16384,107520
12,14,18432,107520
18,18,2048,111616
18,18,8192,111616
18,18,12288,111616
18,14,14336,111616
18,13,17408,111616
18,18,6144,113664
18,18,10240,113664
18,14,12288,113664
18,13,15360,113664
18,18,19456,113664
18,18,4096,119808
18,14,6144,119808
18,13,9216,119808
18,18,13312,119808
18,14,17408,119808
18,14,19456,119808
18,14,2048,123904
18,13,5120,123904
18,18,9216,123904
18,14,13312,123904
18,14,15360,123904
14,13,3072,125952
14,18,7168,125952
14,14,11264,125952
14,14,13312,125952
13,18,4096,129024
13,14,8192,129024
13,14,10240,129024
18,14,4096,133120
18,14,6144,133120
18,12,17408,133120
14,14,2048,137216
14,12,13312,137216
14,12,11264,139264
