56,56,1024,4096
56,55,2048,4096
56,55,3072,4096
56,55,4096,4096
56,55,5120,4096
56,55,6144,4096
56,55,7168,4096
56,55,8192,4096
56,55,9216,4096
56,55,10240,4096
56,65,16384,4096
56,65,17408,4096
56,49,20480,4096
56,197,20480,4096
56,55,1024,5120
56,55,2048,5120
56,55,3072,5120
56,55,4096,5120
56,55,5120,5120
56,55,6144,5120
56,55,7168,5120
56,55,8192,5120
56,55,9216,5120
56,65,15360,5120
56,65,16384,5120
56,49,19456,5120
56,197,19456,5120
56,50,20480,5120
55,55,1024,6144
55,55,2048,6144
55,55,3072,6144
55,55,4096,6144
55,55,5120,6144
55,55,6144,6144
55,55,7168,6144
55,55,8192,6144
55,65,14336,6144
55,65,15360,6144
55,49,18432,6144
55,197,18432,6144
55,50,19456,6144
55,198,19456,6144
55,55,1024,7168
55,55,2048,7168
55,55,3072,7168
55,55,4096,7168
55,55,5120,7168
55,55,6144,7168
55,55,7168,7168
55,65,13312,7168
55,65,14336,7168
55,49,17408,7168
55,197,17408,7168
55,50,18432,7168
55,198,18432,7168
55,50,19456,7168
55,55,1024,8192
55,55,2048,8192
55,55,3072,8192
55,55,4096,8192
55,55,5120,8192
55,55,6144,8192
55,65,12288,8192
55,65,13312,8192
55,49,16384,8192
55,197,16384,8192
55,50,17408,8192
55,198,17408,8192
55,50,18432,8192
55,197,18432,8192
55,55,1024,9216
55,55,2048,9216
55,55,3072,9216
55,55,4096,9216
55,55,5120,9216
55,65,11264,9216
55,65,12288,9216
55,49,15360,9216
55,197,15360,9216
55,50,16384,9216
55,198,16384,9216
55,50,17408,9216
55,197,17408,9216
55,178,18432,9216
55,55,1024,10240
55,55,2048,10240
55,55,3072,10240
55,55,4096,10240
55,65,10240,10240
55,65,11264,10240
55,49,14336,10240
55,197,14336,10240
55,50,15360,10240
55,198,15360,10240
55,50,16384,10240
55,197,16384,10240
55,178,17408,10240
55,176,18432,10240
55,55,1024,11264
55,55,2048,11264
55,55,3072,11264
55,65,9216,11264
55,65,10240,11264
55,49,13312,11264
55,197,13312,11264
55,50,14336,11264
55,198,14336,11264
55,50,15360,11264
55,197,15360,11264
55,178,16384,11264
55,176,17408,11264
55,33,19456,11264
55,55,1024,12288
55,55,2048,12288
55,65,8192,12288
55,65,9216,12288
55,49,12288,12288
55,197,12288,12288
55,50,13312,12288
55,198,13312,12288
55,50,14336,12288
55,197,14336,12288
55,178,15360,12288
55,176,16384,12288
55,33,18432,12288
55,79,20480,12288
55,55,1024,13312
55,65,7168,13312
55,65,8192,13312
55,49,11264,13312
55,197,11264,13312
55,50,12288,13312
55,198,12288,13312
55,50,13312,13312
55,197,13312,13312
55,178,14336,13312
55,176,15360,13312
55,33,17408,13312
55,79,19456,13312
55,119,19456,13312
55,65,6144,14336
55,65,7168,14336
55,49,10240,14336
55,197,10240,14336
55,50,11264,14336
55,198,11264,14336
55,50,12288,14336
55,197,12288,14336
55,178,13312,14336
55,176,14336,14336
55,33,16384,14336
55,79,18432,14336
55,119,18432,14336
55,79,19456,14336
65,65,1024,20480
65,49,4096,20480
65,197,4096,20480
65,50,5120,20480
65,198,5120,20480
65,50,6144,20480
65,197,6144,20480
65,178,7168,20480
65,176,8192,20480
65,33,10240,20480
65,79,12288,20480
65,119,12288,20480
65,79,13312,20480
65,118,13312,20480
65,49,3072,21504
65,197,3072,21504
65,50,4096,21504
65,198,4096,21504
65,50,5120,21504
65,197,5120,21504
65,178,6144,21504
65,176,7168,21504
65,33,9216,21504
65,79,11264,21504
65,119,11264,21504
65,79,12288,21504
65,118,12288,21504
65,197,12288,21504
49,197,0,24576
49,50,1024,24576
49,198,1024,24576
49,50,2048,24576
49,197,2048,24576
49,178,3072,24576
49,176,4096,24576
49,33,6144,24576
49,79,8192,24576
49,119,8192,24576
49,79,9216,24576
49,118,9216,24576
49,197,9216,24576
49,41,11264,24576
197,50,1024,24576
197,198,1024,24576
197,50,2048,24576
197,197,2048,24576
197,178,3072,24576
197,176,4096,24576
197,33,6144,24576
197,79,8192,24576
197,119,8192,24576
197,79,9216,24576
197,118,9216,24576
197,197,9216,24576
197,41,11264,24576
197,164,11264,24576
50,198,0,25600
50,50,1024,25600
50,197,1024,25600
50,178,2048,25600
50,176,3072,25600
50,33,5120,25600
50,79,7168,25600
50,119,7168,25600
50,79,8192,25600
50,118,8192,25600
50,197,8192,25600
50,41,10240,25600
50,164,10240,25600
50,42,11264,25600
198,50,1024,25600
198,197,1024,25600
198,178,2048,25600
198,176,3072,25600
198,33,5120,25600
198,79,7168,25600
198,119,7168,25600
198,79,8192,25600
198,118,8192,25600
198,197,8192,25600
198,41,10240,25600
198,164,10240,25600
198,42,11264,25600
198,83,11264,25600
50,197,0,26624
50,178,1024,26624
50,176,2048,26624
50,33,4096,26624
50,79,6144,26624
50,119,6144,26624
50,79,7168,26624
50,118,7168,26624
50,197,7168,26624
50,41,9216,26624
50,164,9216,26624
50,42,10240,26624
50,83,10240,26624
50,166,10240,26624
197,178,1024,26624
197,176,2048,26624
197,33,4096,26624
197,79,6144,26624
197,119,6144,26624
197,79,7168,26624
197,118,7168,26624
197,197,7168,26624
197,41,9216,26624
197,164,9216,26624
197,42,10240,26624
197,83,10240,26624
197,166,10240,26624
197,41,11264,26624
178,176,1024,27648
178,33,3072,27648
178,79,5120,27648
178,119,5120,27648
178,79,6144,27648
178,118,6144,27648
178,197,6144,27648
178,41,8192,27648
178,164,8192,27648
178,42,9216,27648
178,83,9216,27648
178,166,9216,27648
178,41,10240,27648
178,83,10240,27648
176,33,2048,28672
176,79,4096,28672
176,119,4096,28672
176,79,5120,28672
176,118,5120,28672
176,197,5120,28672
176,41,7168,28672
176,164,7168,28672
176,42,8192,28672
176,83,8192,28672
176,166,8192,28672
176,41,9216,28672
176,83,9216,28672
176,166,9216,28672
33,79,2048,30720
33,119,2048,30720
33,79,3072,30720
33,118,3072,30720
33,197,3072,30720
33,41,5120,30720
33,164,5120,30720
33,42,6144,30720
33,83,6144,30720
33,166,6144,30720
33,41,7168,30720
33,83,7168,30720
33,166,7168,30720
33,41,8192,30720
79,119,0,32768
79,79,1024,32768
79,118,1024,32768
79,197,1024,32768
79,41,3072,32768
79,164,3072,32768
79,42,4096,32768
79,83,4096,32768
79,166,4096,32768
79,41,5120,32768
79,83,5120,32768
79,166,5120,32768
79,41,6144,32768
79,83,6144,32768
119,79,1024,32768
119,118,1024,32768
119,197,1024,32768
119,41,3072,32768
119,164,3072,32768
119,42,4096,32768
119,83,4096,32768
119,166,4096,32768
119,41,5120,32768
119,83,5120,32768
119,166,5120,32768
119,41,6144,32768
119,83,6144,32768
119,165,6144,32768
79,118,0,33792
79,197,0,33792
79,41,2048,33792
79,164,2048,33792
79,42,3072,33792
79,83,3072,33792
79,166,3072,33792
79,41,4096,33792
79,83,4096,33792
79,166,4096,33792
79,41,5120,33792
79,83,5120,33792
79,165,5120,33792
79,41,6144,33792
118,197,0,33792
118,41,2048,33792
118,164,2048,33792
118,42,3072,33792
118,83,3072,33792
118,166,3072,33792
118,41,4096,33792
118,83,4096,33792
118,166,4096,33792
118,41,5120,33792
118,83,5120,33792
118,165,5120,33792
118,41,6144,33792
118,83,6144,33792
197,41,2048,33792
197,164,2048,33792
197,42,3072,33792
197,83,3072,33792
197,166,3072,33792
197,41,4096,33792
197,83,4096,33792
197,166,4096,33792
197,41,5120,33792
197,83,5120,33792
197,165,5120,33792
197,41,6144,33792
197,83,6144,33792
197,166,6144,33792
41,164,0,35840
41,42,1024,35840
41,83,1024,35840
41,166,1024,35840
41,41,2048,35840
41,83,2048,35840
41,166,2048,35840
41,41,3072,35840
41,83,3072,35840
41,165,3072,35840
41,41,4096,35840
41,83,4096,35840
41,166,4096,35840
41,83,5120,35840
164,42,1024,35840
164,83,1024,35840
164,166,1024,35840
164,41,2048,35840
164,83,2048,35840
164,166,2048,35840
164,41,3072,35840
164,83,3072,35840
164,165,3072,35840
164,41,4096,35840
164,83,4096,35840
164,166,4096,35840
164,83,5120,35840
164,166,5120,35840
42,83,0,36864
42,166,0,36864
42,41,1024,36864
42,83,1024,36864
42,166,1024,36864
42,41,2048,36864
42,83,2048,36864
42,165,2048,36864
42,41,3072,36864
42,83,3072,36864
42,166,3072,36864
42,83,4096,36864
42,166,4096,36864
42,41,5120,36864
83,166,0,36864
83,41,1024,36864
83,83,1024,36864
83,166,1024,36864
83,41,2048,36864
83,83,2048,36864
83,165,2048,36864
83,41,3072,36864
83,83,3072,36864
83,166,3072,36864
83,83,4096,36864
83,166,4096,36864
83,41,5120,36864
83,82,5120,36864
166,41,1024,36864
166,83,1024,36864
166,166,1024,36864
166,41,2048,36864
166,83,2048,36864
166,165,2048,36864
166,41,3072,36864
166,83,3072,36864
166,166,3072,36864
166,83,4096,36864
166,166,4096,36864
166,41,5120,36864
166,82,5120,36864
166,165,5120,36864
41,83,0,37888
41,166,0,37888
41,41,1024,37888
41,83,1024,37888
41,165,1024,37888
41,41,2048,37888
41,83,2048,37888
41,166,2048,37888
41,83,3072,37888
41,166,3072,37888
41,41,4096,37888
41,82,4096,37888
41,165,4096,37888
41,41,5120,37888
83,166,0,37888
83,41,1024,37888
83,83,1024,37888
83,165,1024,37888
83,41,2048,37888
83,83,2048,37888
83,166,2048,37888
83,83,3072,37888
83,166,3072,37888
83,41,4096,37888
83,82,4096,37888
83,165,4096,37888
83,41,5120,37888
83,82,5120,37888
166,41,1024,37888
166,83,1024,37888
166,165,1024,37888
166,41,2048,37888
166,83,2048,37888
166,166,2048,37888
166,83,3072,37888
166,166,3072,37888
166,41,4096,37888
166,82,4096,37888
166,165,4096,37888
166,41,5120,37888
166,82,5120,37888
166,165,5120,37888
41,83,0,38912
41,165,0,38912
41,41,1024,38912
41,83,1024,38912
41,166,1024,38912
41,83,2048,38912
41,166,2048,38912
41,41,3072,38912
41,82,3072,38912
41,165,3072,38912
41,41,4096,38912
41,82,4096,38912
41,165,4096,38912
41,41,5120,38912
83,165,0,38912
83,41,1024,38912
83,83,1024,38912
83,166,1024,38912
83,83,2048,38912
83,166,2048,38912
83,41,3072,38912
83,82,3072,38912
83,165,3072,38912
83,41,4096,38912
83,82,4096,38912
83,165,4096,38912
83,41,5120,38912
83,83,5120,38912
165,41,1024,38912
165,83,1024,38912
165,166,1024,38912
165,83,2048,38912
165,166,2048,38912
165,41,3072,38912
165,82,3072,38912
165,165,3072,38912
165,41,4096,38912
165,82,4096,38912
165,165,4096,38912
165,41,5120,38912
165,83,5120,38912
165,165,5120,38912
41,83,0,39936
41,166,0,39936
41,83,1024,39936
41,166,1024,39936
41,41,2048,39936
41,82,2048,39936
41,165,2048,39936
41,41,3072,39936
41,82,3072,39936
41,165,3072,39936
41,41,4096,39936
41,83,4096,39936
41,165,4096,39936
41,41,5120,39936
83,166,0,39936
83,83,1024,39936
83,166,1024,39936
83,41,2048,39936
83,82,2048,39936
83,165,2048,39936
83,41,3072,39936
83,82,3072,39936
83,165,3072,39936
83,41,4096,39936
83,83,4096,39936
83,165,4096,39936
83,41,5120,39936
83,83,5120,39936
166,83,1024,39936
166,166,1024,39936
166,41,2048,39936
166,82,2048,39936
166,165,2048,39936
166,41,3072,39936
166,82,3072,39936
166,165,3072,39936
166,41,4096,39936
166,83,4096,39936
166,165,4096,39936
166,41,5120,39936
166,83,5120,39936
166,165,5120,39936
83,166,0,40960
83,41,1024,40960
83,82,1024,40960
83,165,1024,40960
83,41,2048,40960
83,82,2048,40960
83,165,2048,40960
83,41,3072,40960
83,83,3072,40960
83,165,3072,40960
83,41,4096,40960
83,83,4096,40960
83,165,4096,40960
83,41,5120,40960
166,41,1024,40960
166,82,1024,40960
166,165,1024,40960
166,41,2048,40960
166,82,2048,40960
166,165,2048,40960
166,41,3072,40960
166,83,3072,40960
166,165,3072,40960
166,41,4096,40960
166,83,4096,40960
166,165,4096,40960
166,41,5120,40960
166,83,5120,40960
41,82,0,41984
41,165,0,41984
41,41,1024,41984
41,82,1024,41984
41,165,1024,41984
41,41,2048,41984
41,83,2048,41984
41,165,2048,41984
41,41,3072,41984
41,83,3072,41984
41,165,3072,41984
41,41,4096,41984
41,83,4096,41984
41,165,4096,41984
82,165,0,41984
82,41,1024,41984
82,82,1024,41984
82,165,1024,41984
82,41,2048,41984
82,83,2048,41984
82,165,2048,41984
82,41,3072,41984
82,83,3072,41984
82,165,3072,41984
82,41,4096,41984
82,83,4096,41984
82,165,4096,41984
82,41,5120,41984
165,41,1024,41984
165,82,1024,41984
165,165,1024,41984
165,41,2048,41984
165,83,2048,41984
165,165,2048,41984
165,41,3072,41984
165,83,3072,41984
165,165,3072,41984
165,41,4096,41984
165,83,4096,41984
165,165,4096,41984
165,41,5120,41984
165,166,5120,41984
41,82,0,43008
41,165,0,43008
41,41,1024,43008
41,83,1024,43008
41,165,1024,43008
41,41,2048,43008
41,83,2048,43008
41,165,2048,43008
41,41,3072,43008
41,83,3072,43008
41,165,3072,43008
41,41,4096,43008
41,166,4096,43008
41,41,5120,43008
82,165,0,43008
82,41,1024,43008
82,83,1024,43008
82,165,1024,43008
82,41,2048,43008
82,83,2048,43008
82,165,2048,43008
82,41,3072,43008
82,83,3072,43008
82,165,3072,43008
82,41,4096,43008
82,166,4096,43008
82,41,5120,43008
82,165,5120,43008
165,41,1024,43008
165,83,1024,43008
165,165,1024,43008
165,41,2048,43008
165,83,2048,43008
165,165,2048,43008
165,41,3072,43008
165,83,3072,43008
165,165,3072,43008
165,41,4096,43008
165,166,4096,43008
165,41,5120,43008
165,165,5120,43008
165,49,10240,43008
41,83,0,44032
41,165,0,44032
41,41,1024,44032
41,83,1024,44032
41,165,1024,44032
41,41,2048,44032
41,83,2048,44032
41,165,2048,44032
41,41,3072,44032
41,166,3072,44032
41,41,4096,44032
41,165,4096,44032
41,49,9216,44032
41,196,9216,44032
83,165,0,44032
83,41,1024,44032
83,83,1024,44032
83,165,1024,44032
83,41,2048,44032
83,83,2048,44032
83,165,2048,44032
83,41,3072,44032
83,166,3072,44032
83,41,4096,44032
83,165,4096,44032
83,49,9216,44032
83,196,9216,44032
83,49,10240,44032
165,41,1024,44032
165,83,1024,44032
165,165,1024,44032
165,41,2048,44032
165,83,2048,44032
165,165,2048,44032
165,41,3072,44032
165,166,3072,44032
165,41,4096,44032
165,165,4096,44032
165,49,9216,44032
165,196,9216,44032
165,49,10240,44032
165,198,10240,44032
41,83,0,45056
41,165,0,45056
41,41,1024,45056
41,83,1024,45056
41,165,1024,45056
41,41,2048,45056
41,166,2048,45056
41,41,3072,45056
41,165,3072,45056
41,49,8192,45056
41,196,8192,45056
41,49,9216,45056
41,198,9216,45056
41,49,10240,45056
83,165,0,45056
83,41,1024,45056
83,83,1024,45056
83,165,1024,45056
83,41,2048,45056
83,166,2048,45056
83,41,3072,45056
83,165,3072,45056
83,49,8192,45056
83,196,8192,45056
83,49,9216,45056
83,198,9216,45056
83,49,10240,45056
83,198,10240,45056
165,41,1024,45056
165,83,1024,45056
165,165,1024,45056
165,41,2048,45056
165,166,2048,45056
165,41,3072,45056
165,165,3072,45056
165,49,8192,45056
165,196,8192,45056
165,49,9216,45056
165,198,9216,45056
165,49,10240,45056
165,198,10240,45056
165,177,12288,45056
41,83,0,46080
41,165,0,46080
41,41,1024,46080
41,166,1024,46080
41,41,2048,46080
41,165,2048,46080
41,49,7168,46080
41,196,7168,46080
41,49,8192,46080
41,198,8192,46080
41,49,9216,46080
41,198,9216,46080
41,177,11264,46080
41,49,12288,46080
83,165,0,46080
83,41,1024,46080
83,166,1024,46080
83,41,2048,46080
83,165,2048,46080
83,49,7168,46080
83,196,7168,46080
83,49,8192,46080
83,198,8192,46080
83,49,9216,46080
83,198,9216,46080
83,177,11264,46080
83,49,12288,46080
83,196,12288,46080
165,41,1024,46080
165,166,1024,46080
165,41,2048,46080
165,165,2048,46080
165,49,7168,46080
165,196,7168,46080
165,49,8192,46080
165,198,8192,46080
165,49,9216,46080
165,198,9216,46080
165,177,11264,46080
165,49,12288,46080
165,196,12288,46080
165,42,14336,46080
41,166,0,47104
41,41,1024,47104
41,165,1024,47104
41,49,6144,47104
41,196,6144,47104
41,49,7168,47104
41,198,7168,47104
41,49,8192,47104
41,198,8192,47104
41,177,10240,47104
41,49,11264,47104
41,196,11264,47104
41,42,13312,47104
41,83,13312,47104
166,41,1024,47104
166,165,1024,47104
166,49,6144,47104
166,196,6144,47104
166,49,7168,47104
166,198,7168,47104
166,49,8192,47104
166,198,8192,47104
166,177,10240,47104
166,49,11264,47104
166,196,11264,47104
166,42,13312,47104
166,83,13312,47104
166,208,13312,47104
41,165,0,48128
41,49,5120,48128
41,196,5120,48128
41,49,6144,48128
41,198,6144,48128
41,49,7168,48128
41,198,7168,48128
41,177,9216,48128
41,49,10240,48128
41,196,10240,48128
41,42,12288,48128
41,83,12288,48128
41,208,12288,48128
41,42,13312,48128
165,49,5120,48128
165,196,5120,48128
165,49,6144,48128
165,198,6144,48128
165,49,7168,48128
165,198,7168,48128
165,177,9216,48128
165,49,10240,48128
165,196,10240,48128
165,42,12288,48128
165,83,12288,48128
165,208,12288,48128
165,42,13312,48128
165,83,13312,48128
49,196,0,53248
49,49,1024,53248
49,198,1024,53248
49,49,2048,53248
49,198,2048,53248
49,177,4096,53248
49,49,5120,53248
49,196,5120,53248
49,42,7168,53248
49,83,7168,53248
49,208,7168,53248
49,42,8192,53248
49,83,8192,53248
49,166,8192,53248
196,49,1024,53248
196,198,1024,53248
196,49,2048,53248
196,198,2048,53248
196,177,4096,53248
196,49,5120,53248
196,196,5120,53248
196,42,7168,53248
196,83,7168,53248
196,208,7168,53248
196,42,8192,53248
196,83,8192,53248
196,166,8192,53248
196,41,9216,53248
49,198,0,54272
49,49,1024,54272
49,198,1024,54272
49,177,3072,54272
49,49,4096,54272
49,196,4096,54272
49,42,6144,54272
49,83,6144,54272
49,208,6144,54272
49,42,7168,54272
49,83,7168,54272
49,166,7168,54272
49,41,8192,54272
49,83,8192,54272
198,49,1024,54272
198,198,1024,54272
198,177,3072,54272
198,49,4096,54272
198,196,4096,54272
198,42,6144,54272
198,83,6144,54272
198,208,6144,54272
198,42,7168,54272
198,83,7168,54272
198,166,7168,54272
198,41,8192,54272
198,83,8192,54272
198,42,9216,54272
49,198,0,55296
49,177,2048,55296
49,49,3072,55296
49,196,3072,55296
49,42,5120,55296
49,83,5120,55296
49,208,5120,55296
49,42,6144,55296
49,83,6144,55296
49,166,6144,55296
49,41,7168,55296
49,83,7168,55296
49,42,8192,55296
49,83,8192,55296
198,177,2048,55296
198,49,3072,55296
198,196,3072,55296
198,42,5120,55296
198,83,5120,55296
198,208,5120,55296
198,42,6144,55296
198,83,6144,55296
198,166,6144,55296
198,41,7168,55296
198,83,7168,55296
198,42,8192,55296
198,83,8192,55296
198,83,9216,55296
177,49,1024,57344
177,196,1024,57344
177,42,3072,57344
177,83,3072,57344
177,208,3072,57344
177,42,4096,57344
177,83,4096,57344
177,166,4096,57344
177,41,5120,57344
177,83,5120,57344
177,42,6144,57344
177,83,6144,57344
177,83,7168,57344
177,166,7168,57344
49,196,0,58368
49,42,2048,58368
49,83,2048,58368
49,208,2048,58368
49,42,3072,58368
49,83,3072,58368
49,166,3072,58368
49,41,4096,58368
49,83,4096,58368
49,42,5120,58368
49,83,5120,58368
49,83,6144,58368
49,166,6144,58368
49,41,7168,58368
196,42,2048,58368
196,83,2048,58368
196,208,2048,58368
196,42,3072,58368
196,83,3072,58368
196,166,3072,58368
196,41,4096,58368
196,83,4096,58368
196,42,5120,58368
196,83,5120,58368
196,83,6144,58368
196,166,6144,58368
196,41,7168,58368
196,83,7168,58368
42,83,0,60416
42,208,0,60416
42,42,1024,60416
42,83,1024,60416
42,166,1024,60416
42,41,2048,60416
42,83,2048,60416
42,42,3072,60416
42,83,3072,60416
42,83,4096,60416
42,166,4096,60416
42,41,5120,60416
42,83,5120,60416
42,166,5120,60416
83,208,0,60416
83,42,1024,60416
83,83,1024,60416
83,166,1024,60416
83,41,2048,60416
83,83,2048,60416
83,42,3072,60416
83,83,3072,60416
83,83,4096,60416
83,166,4096,60416
83,41,5120,60416
83,83,5120,60416
83,166,5120,60416
83,41,6144,60416
208,42,1024,60416
208,83,1024,60416
208,166,1024,60416
208,41,2048,60416
208,83,2048,60416
208,42,3072,60416
208,83,3072,60416
208,83,4096,60416
208,166,4096,60416
208,41,5120,60416
208,83,5120,60416
208,166,5120,60416
208,41,6144,60416
208,83,6144,60416
42,83,0,61440
42,166,0,61440
42,41,1024,61440
42,83,1024,61440
42,42,2048,61440
42,83,2048,61440
42,83,3072,61440
42,166,3072,61440
42,41,4096,61440
42,83,4096,61440
42,166,4096,61440
42,41,5120,61440
42,83,5120,61440
42,165,5120,61440
83,166,0,61440
83,41,1024,61440
83,83,1024,61440
83,42,2048,61440
83,83,2048,61440
83,83,3072,61440
83,166,3072,61440
83,41,4096,61440
83,83,4096,61440
83,166,4096,61440
83,41,5120,61440
83,83,5120,61440
83,165,5120,61440
83,41,6144,61440
166,41,1024,61440
166,83,1024,61440
166,42,2048,61440
166,83,2048,61440
166,83,3072,61440
166,166,3072,61440
166,41,4096,61440
166,83,4096,61440
166,166,4096,61440
166,41,5120,61440
166,83,5120,61440
166,165,5120,61440
166,41,6144,61440
166,82,6144,61440
41,83,0,62464
41,42,1024,62464
41,83,1024,62464
41,83,2048,62464
41,166,2048,62464
41,41,3072,62464
41,83,3072,62464
41,166,3072,62464
41,41,4096,62464
41,83,4096,62464
41,165,4096,62464
41,41,5120,62464
41,82,5120,62464
41,206,5120,62464
83,42,1024,62464
83,83,1024,62464
83,83,2048,62464
83,166,2048,62464
83,41,3072,62464
83,83,3072,62464
83,166,3072,62464
83,41,4096,62464
83,83,4096,62464
83,165,4096,62464
83,41,5120,62464
83,82,5120,62464
83,206,5120,62464
83,41,6144,62464
42,83,0,63488
42,83,1024,63488
42,166,1024,63488
42,41,2048,63488
42,83,2048,63488
42,166,2048,63488
42,41,3072,63488
42,83,3072,63488
42,165,3072,63488
42,41,4096,63488
42,82,4096,63488
42,206,4096,63488
42,41,5120,63488
42,82,5120,63488
83,83,1024,63488
83,166,1024,63488
83,41,2048,63488
83,83,2048,63488
83,166,2048,63488
83,41,3072,63488
83,83,3072,63488
83,165,3072,63488
83,41,4096,63488
83,82,4096,63488
83,206,4096,63488
83,41,5120,63488
83,82,5120,63488
83,41,6144,63488
83,166,0,64512
83,41,1024,64512
83,83,1024,64512
83,166,1024,64512
83,41,2048,64512
83,83,2048,64512
83,165,2048,64512
83,41,3072,64512
83,82,3072,64512
83,206,3072,64512
83,41,4096,64512
83,82,4096,64512
83,41,5120,64512
83,82,5120,64512
166,41,1024,64512
166,83,1024,64512
166,166,1024,64512
166,41,2048,64512
166,83,2048,64512
166,165,2048,64512
166,41,3072,64512
166,82,3072,64512
166,206,3072,64512
166,41,4096,64512
166,82,4096,64512
166,41,5120,64512
166,82,5120,64512
166,206,5120,64512
41,83,0,65536
41,166,0,65536
41,41,1024,65536
41,83,1024,65536
41,165,1024,65536
41,41,2048,65536
41,82,2048,65536
41,206,2048,65536
41,41,3072,65536
41,82,3072,65536
41,41,4096,65536
41,82,4096,65536
41,206,4096,65536
41,41,5120,65536
83,166,0,65536
83,41,1024,65536
83,83,1024,65536
83,165,1024,65536
83,41,2048,65536
83,82,2048,65536
83,206,2048,65536
83,41,3072,65536
83,82,3072,65536
83,41,4096,65536
83,82,4096,65536
83,206,4096,65536
83,41,5120,65536
83,82,5120,65536
166,41,1024,65536
166,83,1024,65536
166,165,1024,65536
166,41,2048,65536
166,82,2048,65536
166,206,2048,65536
166,41,3072,65536
166,82,3072,65536
166,41,4096,65536
166,82,4096,65536
166,206,4096,65536
166,41,5120,65536
166,82,5120,65536
166,165,5120,65536
41,83,0,66560
41,165,0,66560
41,41,1024,66560
41,82,1024,66560
41,206,1024,66560
41,41,2048,66560
41,82,2048,66560
41,41,3072,66560
41,82,3072,66560
41,206,3072,66560
41,41,4096,66560
41,82,4096,66560
41,165,4096,66560
41,41,5120,66560
83,165,0,66560
83,41,1024,66560
83,82,1024,66560
83,206,1024,66560
83,41,2048,66560
83,82,2048,66560
83,41,3072,66560
83,82,3072,66560
83,206,3072,66560
83,41,4096,66560
83,82,4096,66560
83,165,4096,66560
83,41,5120,66560
83,82,5120,66560
165,41,1024,66560
165,82,1024,66560
165,206,1024,66560
165,41,2048,66560
165,82,2048,66560
165,41,3072,66560
165,82,3072,66560
165,206,3072,66560
165,41,4096,66560
165,82,4096,66560
165,165,4096,66560
165,41,5120,66560
165,82,5120,66560
165,165,5120,66560
41,82,0,67584
41,206,0,67584
41,41,1024,67584
41,82,1024,67584
41,41,2048,67584
41,82,2048,67584
41,206,2048,67584
41,41,3072,67584
41,82,3072,67584
41,165,3072,67584
41,41,4096,67584
41,82,4096,67584
41,165,4096,67584
41,41,5120,67584
82,206,0,67584
82,41,1024,67584
82,82,1024,67584
82,41,2048,67584
82,82,2048,67584
82,206,2048,67584
82,41,3072,67584
82,82,3072,67584
82,165,3072,67584
82,41,4096,67584
82,82,4096,67584
82,165,4096,67584
82,41,5120,67584
82,82,5120,67584
206,41,1024,67584
206,82,1024,67584
206,41,2048,67584
206,82,2048,67584
206,206,2048,67584
206,41,3072,67584
206,82,3072,67584
206,165,3072,67584
206,41,4096,67584
206,82,4096,67584
206,165,4096,67584
206,41,5120,67584
206,82,5120,67584
206,83,6144,67584
41,82,0,68608
41,41,1024,68608
41,82,1024,68608
41,206,1024,68608
41,41,2048,68608
41,82,2048,68608
41,165,2048,68608
41,41,3072,68608
41,82,3072,68608
41,165,3072,68608
41,41,4096,68608
41,82,4096,68608
41,83,5120,68608
41,41,7168,68608
82,41,1024,68608
82,82,1024,68608
82,206,1024,68608
82,41,2048,68608
82,82,2048,68608
82,165,2048,68608
82,41,3072,68608
82,82,3072,68608
82,165,3072,68608
82,41,4096,68608
82,82,4096,68608
82,83,5120,68608
82,41,7168,68608
82,83,7168,68608
41,82,0,69632
41,206,0,69632
41,41,1024,69632
41,82,1024,69632
41,165,1024,69632
41,41,2048,69632
41,82,2048,69632
41,165,2048,69632
41,41,3072,69632
41,82,3072,69632
41,83,4096,69632
41,41,6144,69632
41,83,6144,69632
41,166,6144,69632
82,206,0,69632
82,41,1024,69632
82,82,1024,69632
82,165,1024,69632
82,41,2048,69632
82,82,2048,69632
82,165,2048,69632
82,41,3072,69632
82,82,3072,69632
82,83,4096,69632
82,41,6144,69632
82,83,6144,69632
82,166,6144,69632
82,49,12288,69632
206,41,1024,69632
206,82,1024,69632
206,165,1024,69632
206,41,2048,69632
206,82,2048,69632
206,165,2048,69632
206,41,3072,69632
206,82,3072,69632
206,83,4096,69632
206,41,6144,69632
206,83,6144,69632
206,166,6144,69632
206,49,12288,69632
206,197,12288,69632
41,82,0,70656
41,165,0,70656
41,41,1024,70656
41,82,1024,70656
41,165,1024,70656
41,41,2048,70656
41,82,2048,70656
41,83,3072,70656
41,41,5120,70656
41,83,5120,70656
41,166,5120,70656
41,49,11264,70656
41,197,11264,70656
41,49,12288,70656
82,165,0,70656
82,41,1024,70656
82,82,1024,70656
82,165,1024,70656
82,41,2048,70656
82,82,2048,70656
82,83,3072,70656
82,41,5120,70656
82,83,5120,70656
82,166,5120,70656
82,49,11264,70656
82,197,11264,70656
82,49,12288,70656
82,176,14336,70656
165,41,1024,70656
165,82,1024,70656
165,165,1024,70656
165,41,2048,70656
165,82,2048,70656
165,83,3072,70656
165,41,5120,70656
165,83,5120,70656
165,166,5120,70656
165,49,11264,70656
165,197,11264,70656
165,49,12288,70656
165,176,14336,70656
165,33,16384,70656
41,82,0,71680
41,165,0,71680
41,41,1024,71680
41,82,1024,71680
41,83,2048,71680
41,41,4096,71680
41,83,4096,71680
41,166,4096,71680
41,49,10240,71680
41,197,10240,71680
41,49,11264,71680
41,176,13312,71680
41,33,15360,71680
41,79,17408,71680
82,165,0,71680
82,41,1024,71680
82,82,1024,71680
82,83,2048,71680
82,41,4096,71680
82,83,4096,71680
82,166,4096,71680
82,49,10240,71680
82,197,10240,71680
82,49,11264,71680
82,176,13312,71680
82,33,15360,71680
82,79,17408,71680
82,198,17408,71680
165,41,1024,71680
165,82,1024,71680
165,83,2048,71680
165,41,4096,71680
165,83,4096,71680
165,166,4096,71680
165,49,10240,71680
165,197,10240,71680
165,49,11264,71680
165,176,13312,71680
165,33,15360,71680
165,79,17408,71680
165,198,17408,71680
165,79,18432,71680
41,82,0,72704
41,83,1024,72704
41,41,3072,72704
41,83,3072,72704
41,166,3072,72704
41,49,9216,72704
41,197,9216,72704
41,49,10240,72704
41,176,12288,72704
41,33,14336,72704
41,79,16384,72704
41,198,16384,72704
41,79,17408,72704
41,197,17408,72704
82,83,1024,72704
82,41,3072,72704
82,83,3072,72704
82,166,3072,72704
82,49,9216,72704
82,197,9216,72704
82,49,10240,72704
82,176,12288,72704
82,33,14336,72704
82,79,16384,72704
82,198,16384,72704
82,79,17408,72704
82,197,17408,72704
82,83,19456,72704
83,41,2048,73728
83,83,2048,73728
83,166,2048,73728
83,49,8192,73728
83,197,8192,73728
83,49,9216,73728
83,176,11264,73728
83,33,13312,73728
83,79,15360,73728
83,198,15360,73728
83,79,16384,73728
83,197,16384,73728
83,83,18432,73728
83,207,18432,73728
41,83,0,75776
41,166,0,75776
41,49,6144,75776
41,197,6144,75776
41,49,7168,75776
41,176,9216,75776
41,33,11264,75776
41,79,13312,75776
41,198,13312,75776
41,79,14336,75776
41,197,14336,75776
41,83,16384,75776
41,207,16384,75776
41,41,17408,75776
83,166,0,75776
83,49,6144,75776
83,197,6144,75776
83,49,7168,75776
83,176,9216,75776
83,33,11264,75776
83,79,13312,75776
83,198,13312,75776
83,79,14336,75776
83,197,14336,75776
83,83,16384,75776
83,207,16384,75776
83,41,17408,75776
83,83,17408,75776
166,49,6144,75776
166,197,6144,75776
166,49,7168,75776
166,176,9216,75776
166,33,11264,75776
166,79,13312,75776
166,198,13312,75776
166,79,14336,75776
166,197,14336,75776
166,83,16384,75776
166,207,16384,75776
166,41,17408,75776
166,83,17408,75776
166,166,17408,75776
49,197,0,81920
49,49,1024,81920
49,176,3072,81920
49,33,5120,81920
49,79,7168,81920
49,198,7168,81920
49,79,8192,81920
49,197,8192,81920
49,83,10240,81920
49,207,10240,81920
49,41,11264,81920
49,83,11264,81920
49,166,11264,81920
49,84,20480,81920
197,49,1024,81920
197,176,3072,81920
197,33,5120,81920
197,79,7168,81920
197,198,7168,81920
197,79,8192,81920
197,197,8192,81920
197,83,10240,81920
197,207,10240,81920
197,41,11264,81920
197,83,11264,81920
197,166,11264,81920
197,84,20480,81920
197,168,20480,81920
49,176,2048,82944
49,33,4096,82944
49,79,6144,82944
49,198,6144,82944
49,79,7168,82944
49,197,7168,82944
49,83,9216,82944
49,207,9216,82944
49,41,10240,82944
49,83,10240,82944
49,166,10240,82944
49,84,19456,82944
49,168,19456,82944
176,33,2048,84992
176,79,4096,84992
176,198,4096,84992
176,79,5120,84992
176,197,5120,84992
176,83,7168,84992
176,207,7168,84992
176,41,8192,84992
176,83,8192,84992
176,166,8192,84992
176,84,17408,84992
176,168,17408,84992
176,44,19456,84992
176,177,19456,84992
33,79,2048,87040
33,198,2048,87040
33,79,3072,87040
33,197,3072,87040
33,83,5120,87040
33,207,5120,87040
33,41,6144,87040
33,83,6144,87040
33,166,6144,87040
33,84,15360,87040
33,168,15360,87040
33,44,17408,87040
33,177,17408,87040
33,42,19456,87040
79,198,0,89088
79,79,1024,89088
79,197,1024,89088
79,83,3072,89088
79,207,3072,89088
79,41,4096,89088
79,83,4096,89088
79,166,4096,89088
79,84,13312,89088
79,168,13312,89088
79,44,15360,89088
79,177,15360,89088
79,42,17408,89088
79,125,17408,89088
198,79,1024,89088
198,197,1024,89088
198,83,3072,89088
198,207,3072,89088
198,41,4096,89088
198,83,4096,89088
198,166,4096,89088
198,84,13312,89088
198,168,13312,89088
198,44,15360,89088
198,177,15360,89088
198,42,17408,89088
198,125,17408,89088
198,166,17408,89088
79,197,0,90112
79,83,2048,90112
79,207,2048,90112
79,41,3072,90112
79,83,3072,90112
79,166,3072,90112
79,84,12288,90112
79,168,12288,90112
79,44,14336,90112
79,177,14336,90112
79,42,16384,90112
79,125,16384,90112
79,166,16384,90112
79,183,18432,90112
197,83,2048,90112
197,207,2048,90112
197,41,3072,90112
197,83,3072,90112
197,166,3072,90112
197,84,12288,90112
197,168,12288,90112
197,44,14336,90112
197,177,14336,90112
197,42,16384,90112
197,125,16384,90112
197,166,16384,90112
197,183,18432,90112
197,58,20480,90112
83,207,0,92160
83,41,1024,92160
83,83,1024,92160
83,166,1024,92160
83,84,10240,92160
83,168,10240,92160
83,44,12288,92160
83,177,12288,92160
83,42,14336,92160
83,125,14336,92160
83,166,14336,92160
83,183,16384,92160
83,58,18432,92160
83,58,19456,92160
207,41,1024,92160
207,83,1024,92160
207,166,1024,92160
207,84,10240,92160
207,168,10240,92160
207,44,12288,92160
207,177,12288,92160
207,42,14336,92160
207,125,14336,92160
207,166,14336,92160
207,183,16384,92160
207,58,18432,92160
207,58,19456,92160
41,83,0,93184
41,166,0,93184
41,84,9216,93184
41,168,9216,93184
41,44,11264,93184
41,177,11264,93184
41,42,13312,93184
41,125,13312,93184
41,166,13312,93184
41,183,15360,93184
41,58,17408,93184
41,58,18432,93184
83,166,0,93184
83,84,9216,93184
83,168,9216,93184
83,44,11264,93184
83,177,11264,93184
83,42,13312,93184
83,125,13312,93184
83,166,13312,93184
83,183,15360,93184
83,58,17408,93184
83,58,18432,93184
166,84,9216,93184
166,168,9216,93184
166,44,11264,93184
166,177,11264,93184
166,42,13312,93184
166,125,13312,93184
166,166,13312,93184
166,183,15360,93184
166,58,17408,93184
166,58,18432,93184
84,168,0,102400
84,44,2048,102400
84,177,2048,102400
84,42,4096,102400
84,125,4096,102400
84,166,4096,102400
84,183,6144,102400
84,58,8192,102400
84,58,9216,102400
84,41,13312,102400
84,55,14336,102400
84,55,15360,102400
84,55,17408,102400
84,55,18432,102400
168,44,2048,102400
168,177,2048,102400
168,42,4096,102400
168,125,4096,102400
168,166,4096,102400
168,183,6144,102400
168,58,8192,102400
168,58,9216,102400
168,41,13312,102400
168,55,14336,102400
168,55,15360,102400
168,55,17408,102400
168,55,18432,102400
168,55,19456,102400
44,177,0,104448
44,42,2048,104448
44,125,2048,104448
44,166,2048,104448
44,183,4096,104448
44,58,6144,104448
44,58,7168,104448
44,41,11264,104448
44,55,12288,104448
44,55,13312,104448
44,55,15360,104448
44,55,16384,104448
44,55,17408,104448
44,55,18432,104448
177,42,2048,104448
177,125,2048,104448
177,166,2048,104448
177,183,4096,104448
177,58,6144,104448
177,58,7168,104448
177,41,11264,104448
177,55,12288,104448
177,55,13312,104448
177,55,15360,104448
177,55,16384,104448
177,55,17408,104448
177,55,18432,104448
42,125,0,106496
42,166,0,106496
42,183,2048,106496
42,58,4096,106496
42,58,5120,106496
42,41,9216,106496
42,55,10240,106496
42,55,11264,106496
42,55,13312,106496
42,55,14336,106496
42,55,15360,106496
42,55,16384,106496
125,166,0,106496
125,183,2048,106496
125,58,4096,106496
125,58,5120,106496
125,41,9216,106496
125,55,10240,106496
125,55,11264,106496
125,55,13312,106496
125,55,14336,106496
125,55,15360,106496
125,55,16384,106496
166,183,2048,106496
166,58,4096,106496
166,58,5120,106496
166,41,9216,106496
166,55,10240,106496
166,55,11264,106496
166,55,13312,106496
166,55,14336,106496
166,55,15360,106496
166,55,16384,106496
183,58,2048,108544
183,58,3072,108544
183,41,7168,108544
183,55,8192,108544
183,55,9216,108544
183,55,11264,108544
183,55,12288,108544
183,55,13312,108544
183,55,14336,108544
58,58,1024,110592
58,41,5120,110592
58,55,6144,110592
58,55,7168,110592
58,55,9216,110592
58,55,10240,110592
58,55,11264,110592
58,55,12288,110592
58,41,4096,111616
58,55,5120,111616
58,55,6144,111616
58,55,8192,111616
58,55,9216,111616
58,55,10240,111616
58,55,11264,111616
41,55,1024,115712
41,55,2048,115712
41,55,4096,115712
41,55,5120,115712
41,55,6144,115712
41,55,7168,115712
55,55,1024,116736
55,55,3072,116736
55,55,4096,116736
55,55,5120,116736
55,55,6144,116736
55,55,2048,117760
55,55,3072,117760
55,55,4096,117760
55,55,5120,117760
55,55,1024,119808
55,55,2048,119808
55,55,3072,119808
55,55,1024,120832
55,55,2048,120832
55,55,1024,121856
57,57,1024,148480
57,58,2048,148480
57,55,4096,148480
57,55,5120,148480
57,55,6144,148480
57,55,8192,148480
57,58,1024,149504
57,55,3072,149504
57,55,4096,149504
57,55,5120,149504
57,55,7168,149504
58,55,2048,150528
58,55,3072,150528
58,55,4096,150528
58,55,6144,150528
58,55,20480,150528
55,55,1024,152576
55,55,2048,152576
55,55,4096,152576
55,55,18432,152576
55,55,1024,153600
55,55,3072,153600
55,55,17408,153600
55,55,2048,154624
55,55,16384,154624
55,18,20480,154624
55,55,14336,156672
55,18,18432,156672
55,18,4096,171008
55,65,15360,171008
55,65,16384,171008
18,65,11264,175104
18,65,12288,175104
18,18,19456,175104
65,65,1024,186368
65,18,8192,186368
65,18,7168,187392
18,51,14336,194560
51,62,10240,208896
51,62,11264,208896
62,62,1024,219136
62,46,13312,219136
62,46,12288,220160
46,65,15360,232448
46,49,20480,232448
46,198,20480,232448
65,49,5120,247808
65,198,5120,247808
65,50,6144,247808
65,177,8192,247808
65,33,10240,247808
65,33,11264,247808
65,79,13312,247808
65,119,13312,247808
65,79,14336,247808
65,118,14336,247808
65,41,17408,247808
65,83,17408,247808
65,207,17408,247808
65,41,18432,247808
49,198,0,252928
49,50,1024,252928
49,177,3072,252928
49,33,5120,252928
49,33,6144,252928
49,79,8192,252928
49,119,8192,252928
49,79,9216,252928
49,118,9216,252928
49,41,12288,252928
49,83,12288,252928
49,207,12288,252928
49,41,13312,252928
49,83,13312,252928
198,50,1024,252928
198,177,3072,252928
198,33,5120,252928
198,33,6144,252928
198,79,8192,252928
198,119,8192,252928
198,79,9216,252928
198,118,9216,252928
198,41,12288,252928
198,83,12288,252928
198,207,12288,252928
198,41,13312,252928
198,83,13312,252928
198,166,13312,252928
50,177,2048,253952
50,33,4096,253952
50,33,5120,253952
50,79,7168,253952
50,119,7168,253952
50,79,8192,253952
50,118,8192,253952
50,41,11264,253952
50,83,11264,253952
50,207,11264,253952
50,41,12288,253952
50,83,12288,253952
50,166,12288,253952
50,41,13312,253952
177,33,2048,256000
177,33,3072,256000
177,79,5120,256000
177,119,5120,256000
177,79,6144,256000
177,118,6144,256000
177,41,9216,256000
177,83,9216,256000
177,207,9216,256000
177,41,10240,256000
177,83,10240,256000
177,166,10240,256000
177,41,11264,256000
177,82,11264,256000
33,33,1024,258048
33,79,3072,258048
33,119,3072,258048
33,79,4096,258048
33,118,4096,258048
33,41,7168,258048
33,83,7168,258048
33,207,7168,258048
33,41,8192,258048
33,83,8192,258048
33,166,8192,258048
33,41,9216,258048
33,82,9216,258048
33,165,9216,258048
33,79,2048,259072
33,119,2048,259072
33,79,3072,259072
33,118,3072,259072
33,41,6144,259072
33,83,6144,259072
33,207,6144,259072
33,41,7168,259072
33,83,7168,259072
33,166,7168,259072
33,41,8192,259072
33,82,8192,259072
33,165,8192,259072
33,41,9216,259072
79,119,0,261120
79,79,1024,261120
79,118,1024,261120
79,41,4096,261120
79,83,4096,261120
79,207,4096,261120
79,41,5120,261120
79,83,5120,261120
79,166,5120,261120
79,41,6144,261120
79,82,6144,261120
79,165,6144,261120
79,41,7168,261120
79,82,7168,261120
119,79,1024,261120
119,118,1024,261120
119,41,4096,261120
119,83,4096,261120
119,207,4096,261120
119,41,5120,261120
119,83,5120,261120
119,166,5120,261120
119,41,6144,261120
119,82,6144,261120
119,165,6144,261120
119,41,7168,261120
119,82,7168,261120
119,165,7168,261120
79,118,0,262144
79,41,3072,262144
79,83,3072,262144
79,207,3072,262144
79,41,4096,262144
79,83,4096,262144
79,166,4096,262144
79,41,5120,262144
79,82,5120,262144
79,165,5120,262144
79,41,6144,262144
79,82,6144,262144
79,165,6144,262144
79,41,7168,262144
118,41,3072,262144
118,83,3072,262144
118,207,3072,262144
118,41,4096,262144
118,83,4096,262144
118,166,4096,262144
118,41,5120,262144
118,82,5120,262144
118,165,5120,262144
118,41,6144,262144
118,82,6144,262144
118,165,6144,262144
118,41,7168,262144
118,165,7168,262144
41,83,0,265216
41,207,0,265216
41,41,1024,265216
41,83,1024,265216
41,166,1024,265216
41,41,2048,265216
41,82,2048,265216
41,165,2048,265216
41,41,3072,265216
41,82,3072,265216
41,165,3072,265216
41,41,4096,265216
41,165,4096,265216
41,41,5120,265216
83,207,0,265216
83,41,1024,265216
83,83,1024,265216
83,166,1024,265216
83,41,2048,265216
83,82,2048,265216
83,165,2048,265216
83,41,3072,265216
83,82,3072,265216
83,165,3072,265216
83,41,4096,265216
83,165,4096,265216
83,41,5120,265216
83,83,5120,265216
207,41,1024,265216
207,83,1024,265216
207,166,1024,265216
207,41,2048,265216
207,82,2048,265216
207,165,2048,265216
207,41,3072,265216
207,82,3072,265216
207,165,3072,265216
207,41,4096,265216
207,165,4096,265216
207,41,5120,265216
207,83,5120,265216
207,165,5120,265216
41,83,0,266240
41,166,0,266240
41,41,1024,266240
41,82,1024,266240
41,165,1024,266240
41,41,2048,266240
41,82,2048,266240
41,165,2048,266240
41,41,3072,266240
41,165,3072,266240
41,41,4096,266240
41,83,4096,266240
41,165,4096,266240
41,49,14336,266240
83,166,0,266240
83,41,1024,266240
83,82,1024,266240
83,165,1024,266240
83,41,2048,266240
83,82,2048,266240
83,165,2048,266240
83,41,3072,266240
83,165,3072,266240
83,41,4096,266240
83,83,4096,266240
83,165,4096,266240
83,49,14336,266240
83,197,14336,266240
166,41,1024,266240
166,82,1024,266240
166,165,1024,266240
166,41,2048,266240
166,82,2048,266240
166,165,2048,266240
166,41,3072,266240
166,165,3072,266240
166,41,4096,266240
166,83,4096,266240
166,165,4096,266240
166,49,14336,266240
166,197,14336,266240
166,49,15360,266240
41,82,0,267264
41,165,0,267264
41,41,1024,267264
41,82,1024,267264
41,165,1024,267264
41,41,2048,267264
41,165,2048,267264
41,41,3072,267264
41,83,3072,267264
41,165,3072,267264
41,49,13312,267264
41,197,13312,267264
41,49,14336,267264
41,197,14336,267264
82,165,0,267264
82,41,1024,267264
82,82,1024,267264
82,165,1024,267264
82,41,2048,267264
82,165,2048,267264
82,41,3072,267264
82,83,3072,267264
82,165,3072,267264
82,49,13312,267264
82,197,13312,267264
82,49,14336,267264
82,197,14336,267264
82,49,15360,267264
165,41,1024,267264
165,82,1024,267264
165,165,1024,267264
165,41,2048,267264
165,165,2048,267264
165,41,3072,267264
165,83,3072,267264
165,165,3072,267264
165,49,13312,267264
165,197,13312,267264
165,49,14336,267264
165,197,14336,267264
165,49,15360,267264
165,197,15360,267264
41,82,0,268288
41,165,0,268288
41,41,1024,268288
41,165,1024,268288
41,41,2048,268288
41,83,2048,268288
41,165,2048,268288
41,49,12288,268288
41,197,12288,268288
41,49,13312,268288
41,197,13312,268288
41,49,14336,268288
41,197,14336,268288
41,49,15360,268288
82,165,0,268288
82,41,1024,268288
82,165,1024,268288
82,41,2048,268288
82,83,2048,268288
82,165,2048,268288
82,49,12288,268288
82,197,12288,268288
82,49,13312,268288
82,197,13312,268288
82,49,14336,268288
82,197,14336,268288
82,49,15360,268288
82,196,15360,268288
165,41,1024,268288
165,165,1024,268288
165,41,2048,268288
165,83,2048,268288
165,165,2048,268288
165,49,12288,268288
165,197,12288,268288
165,49,13312,268288
165,197,13312,268288
165,49,14336,268288
165,197,14336,268288
165,49,15360,268288
165,196,15360,268288
165,176,17408,268288
41,165,0,269312
41,41,1024,269312
41,83,1024,269312
41,165,1024,269312
41,49,11264,269312
41,197,11264,269312
41,49,12288,269312
41,197,12288,269312
41,49,13312,269312
41,197,13312,269312
41,49,14336,269312
41,196,14336,269312
41,176,16384,269312
41,49,17408,269312
165,41,1024,269312
165,83,1024,269312
165,165,1024,269312
165,49,11264,269312
165,197,11264,269312
165,49,12288,269312
165,197,12288,269312
165,49,13312,269312
165,197,13312,269312
165,49,14336,269312
165,196,14336,269312
165,176,16384,269312
165,49,17408,269312
165,42,19456,269312
41,83,0,270336
41,165,0,270336
41,49,10240,270336
41,197,10240,270336
41,49,11264,270336
41,197,11264,270336
41,49,12288,270336
41,197,12288,270336
41,49,13312,270336
41,196,13312,270336
41,176,15360,270336
41,49,16384,270336
41,42,18432,270336
41,84,18432,270336
83,165,0,270336
83,49,10240,270336
83,197,10240,270336
83,49,11264,270336
83,197,11264,270336
83,49,12288,270336
83,197,12288,270336
83,49,13312,270336
83,196,13312,270336
83,176,15360,270336
83,49,16384,270336
83,42,18432,270336
83,84,18432,270336
83,168,18432,270336
165,49,10240,270336
165,197,10240,270336
165,49,11264,270336
165,197,11264,270336
165,49,12288,270336
165,197,12288,270336
165,49,13312,270336
165,196,13312,270336
165,176,15360,270336
165,49,16384,270336
165,42,18432,270336
165,84,18432,270336
165,168,18432,270336
165,84,19456,270336
49,197,0,280576
49,49,1024,280576
49,197,1024,280576
49,49,2048,280576
49,197,2048,280576
49,49,3072,280576
49,196,3072,280576
49,176,5120,280576
49,49,6144,280576
49,42,8192,280576
49,84,8192,280576
49,168,8192,280576
49,84,9216,280576
49,167,9216,280576
197,49,1024,280576
197,197,1024,280576
197,49,2048,280576
197,197,2048,280576
197,49,3072,280576
197,196,3072,280576
197,176,5120,280576
197,49,6144,280576
197,42,8192,280576
197,84,8192,280576
197,168,8192,280576
197,84,9216,280576
197,167,9216,280576
197,41,11264,280576
49,197,0,281600
49,49,1024,281600
49,197,1024,281600
49,49,2048,281600
49,196,2048,281600
49,176,4096,281600
49,49,5120,281600
49,42,7168,281600
49,84,7168,281600
49,168,7168,281600
49,84,8192,281600
49,167,8192,281600
49,41,10240,281600
49,83,10240,281600
197,49,1024,281600
197,197,1024,281600
197,49,2048,281600
197,196,2048,281600
197,176,4096,281600
197,49,5120,281600
197,42,7168,281600
197,84,7168,281600
197,168,7168,281600
197,84,8192,281600
197,167,8192,281600
197,41,10240,281600
197,83,10240,281600
197,207,10240,281600
49,197,0,282624
49,49,1024,282624
49,196,1024,282624
49,176,3072,282624
49,49,4096,282624
49,42,6144,282624
49,84,6144,282624
49,168,6144,282624
49,84,7168,282624
49,167,7168,282624
49,41,9216,282624
49,83,9216,282624
49,207,9216,282624
49,41,10240,282624
197,49,1024,282624
197,196,1024,282624
197,176,3072,282624
197,49,4096,282624
197,42,6144,282624
197,84,6144,282624
197,168,6144,282624
197,84,7168,282624
197,167,7168,282624
197,41,9216,282624
197,83,9216,282624
197,207,9216,282624
197,41,10240,282624
197,83,10240,282624
49,196,0,283648
49,176,2048,283648
49,49,3072,283648
49,42,5120,283648
49,84,5120,283648
49,168,5120,283648
49,84,6144,283648
49,167,6144,283648
49,41,8192,283648
49,83,8192,283648
49,207,8192,283648
49,41,9216,283648
49,83,9216,283648
49,165,9216,283648
196,176,2048,283648
196,49,3072,283648
196,42,5120,283648
196,84,5120,283648
196,168,5120,283648
196,84,6144,283648
196,167,6144,283648
196,41,8192,283648
196,83,8192,283648
196,207,8192,283648
196,41,9216,283648
196,83,9216,283648
196,165,9216,283648
196,41,10240,283648
176,49,1024,285696
176,42,3072,285696
176,84,3072,285696
176,168,3072,285696
176,84,4096,285696
176,167,4096,285696
176,41,6144,285696
176,83,6144,285696
176,207,6144,285696
176,41,7168,285696
176,83,7168,285696
176,165,7168,285696
176,41,8192,285696
176,83,8192,285696
49,42,2048,286720
49,84,2048,286720
49,168,2048,286720
49,84,3072,286720
49,167,3072,286720
49,41,5120,286720
49,83,5120,286720
49,207,5120,286720
49,41,6144,286720
49,83,6144,286720
49,165,6144,286720
49,41,7168,286720
49,83,7168,286720
49,165,7168,286720
42,84,0,288768
42,168,0,288768
42,84,1024,288768
42,167,1024,288768
42,41,3072,288768
42,83,3072,288768
42,207,3072,288768
42,41,4096,288768
42,83,4096,288768
42,165,4096,288768
42,41,5120,288768
42,83,5120,288768
42,165,5120,288768
42,83,6144,288768
84,168,0,288768
84,84,1024,288768
84,167,1024,288768
84,41,3072,288768
84,83,3072,288768
84,207,3072,288768
84,41,4096,288768
84,83,4096,288768
84,165,4096,288768
84,41,5120,288768
84,83,5120,288768
84,165,5120,288768
84,83,6144,288768
84,165,6144,288768
168,84,1024,288768
168,167,1024,288768
168,41,3072,288768
168,83,3072,288768
168,207,3072,288768
168,41,4096,288768
168,83,4096,288768
168,165,4096,288768
168,41,5120,288768
168,83,5120,288768
168,165,5120,288768
168,83,6144,288768
168,165,6144,288768
168,65,15360,288768
84,167,0,289792
84,41,2048,289792
84,83,2048,289792
84,207,2048,289792
84,41,3072,289792
84,83,3072,289792
84,165,3072,289792
84,41,4096,289792
84,83,4096,289792
84,165,4096,289792
84,83,5120,289792
84,165,5120,289792
84,65,14336,289792
84,65,15360,289792
167,41,2048,289792
167,83,2048,289792
167,207,2048,289792
167,41,3072,289792
167,83,3072,289792
167,165,3072,289792
167,41,4096,289792
167,83,4096,289792
167,165,4096,289792
167,83,5120,289792
167,165,5120,289792
167,65,14336,289792
167,65,15360,289792
167,49,19456,289792
41,83,0,291840
41,207,0,291840
41,41,1024,291840
41,83,1024,291840
41,165,1024,291840
41,41,2048,291840
41,83,2048,291840
41,165,2048,291840
41,83,3072,291840
41,165,3072,291840
41,65,12288,291840
41,65,13312,291840
41,49,17408,291840
41,49,18432,291840
83,207,0,291840
83,41,1024,291840
83,83,1024,291840
83,165,1024,291840
83,41,2048,291840
83,83,2048,291840
83,165,2048,291840
83,83,3072,291840
83,165,3072,291840
83,65,12288,291840
83,65,13312,291840
83,49,17408,291840
83,49,18432,291840
83,176,20480,291840
207,41,1024,291840
207,83,1024,291840
207,165,1024,291840
207,41,2048,291840
207,83,2048,291840
207,165,2048,291840
207,83,3072,291840
207,165,3072,291840
207,65,12288,291840
207,65,13312,291840
207,49,17408,291840
207,49,18432,291840
207,176,20480,291840
41,83,0,292864
41,165,0,292864
41,41,1024,292864
41,83,1024,292864
41,165,1024,292864
41,83,2048,292864
41,165,2048,292864
41,65,11264,292864
41,65,12288,292864
41,49,16384,292864
41,49,17408,292864
41,176,19456,292864
83,165,0,292864
83,41,1024,292864
83,83,1024,292864
83,165,1024,292864
83,83,2048,292864
83,165,2048,292864
83,65,11264,292864
83,65,12288,292864
83,49,16384,292864
83,49,17408,292864
83,176,19456,292864
165,41,1024,292864
165,83,1024,292864
165,165,1024,292864
165,83,2048,292864
165,165,2048,292864
165,65,11264,292864
165,65,12288,292864
165,49,16384,292864
165,49,17408,292864
165,176,19456,292864
41,83,0,293888
41,165,0,293888
41,83,1024,293888
41,165,1024,293888
41,65,10240,293888
41,65,11264,293888
41,49,15360,293888
41,49,16384,293888
41,176,18432,293888
83,165,0,293888
83,83,1024,293888
83,165,1024,293888
83,65,10240,293888
83,65,11264,293888
83,49,15360,293888
83,49,16384,293888
83,176,18432,293888
165,83,1024,293888
165,165,1024,293888
165,65,10240,293888
165,65,11264,293888
165,49,15360,293888
165,49,16384,293888
165,176,18432,293888
83,165,0,294912
83,65,9216,294912
83,65,10240,294912
83,49,14336,294912
83,49,15360,294912
83,176,17408,294912
165,65,9216,294912
165,65,10240,294912
165,49,14336,294912
165,49,15360,294912
165,176,17408,294912
65,65,1024,304128
65,49,5120,304128
65,49,6144,304128
65,176,8192,304128
65,79,13312,304128
65,79,14336,304128
65,41,16384,304128
65,83,16384,304128
65,166,16384,304128
65,83,17408,304128
65,166,17408,304128
65,41,18432,304128
65,165,18432,304128
65,49,4096,305152
65,49,5120,305152
65,176,7168,305152
65,79,12288,305152
65,79,13312,305152
65,41,15360,305152
65,83,15360,305152
65,166,15360,305152
65,83,16384,305152
65,166,16384,305152
65,41,17408,305152
65,165,17408,305152
49,49,1024,309248
49,176,3072,309248
49,79,8192,309248
49,79,9216,309248
49,41,11264,309248
49,83,11264,309248
49,166,11264,309248
49,83,12288,309248
49,166,12288,309248
49,41,13312,309248
49,165,13312,309248
49,176,2048,310272
49,79,7168,310272
49,79,8192,310272
49,41,10240,310272
49,83,10240,310272
49,166,10240,310272
49,83,11264,310272
49,166,11264,310272
49,41,12288,310272
49,165,12288,310272
176,79,5120,312320
176,79,6144,312320
176,41,8192,312320
176,83,8192,312320
176,166,8192,312320
176,83,9216,312320
176,166,9216,312320
176,41,10240,312320
176,165,10240,312320
79,79,1024,317440
79,41,3072,317440
79,83,3072,317440
79,166,3072,317440
79,83,4096,317440
79,166,4096,317440
79,41,5120,317440
79,165,5120,317440
79,41,2048,318464
79,83,2048,318464
79,166,2048,318464
79,83,3072,318464
79,166,3072,318464
79,41,4096,318464
79,165,4096,318464
41,83,0,320512
41,166,0,320512
41,83,1024,320512
41,166,1024,320512
41,41,2048,320512
41,165,2048,320512
83,166,0,320512
83,83,1024,320512
83,166,1024,320512
83,41,2048,320512
83,165,2048,320512
166,83,1024,320512
166,166,1024,320512
166,41,2048,320512
166,165,2048,320512
83,166,0,321536
83,41,1024,321536
83,165,1024,321536
166,41,1024,321536
166,165,1024,321536
41,165,0,322560
