53,61,2048,5120
53,55,5120,5120
53,21,13312,5120
53,65,14336,5120
53,98,14336,5120
53,49,16384,5120
53,97,16384,5120
53,21,17408,5120
61,55,3072,7168
61,21,11264,7168
61,65,12288,7168
61,98,12288,7168
61,49,14336,7168
61,97,14336,7168
61,21,15360,7168
55,21,8192,10240
55,65,9216,10240
55,98,9216,10240
55,49,11264,10240
55,97,11264,10240
55,21,12288,10240
21,65,1024,18432
21,98,1024,18432
21,49,3072,18432
21,97,3072,18432
21,21,4096,18432
65,98,0,19456
65,49,2048,19456
65,97,2048,19456
65,21,3072,19456
98,49,2048,19456
98,97,2048,19456
98,21,3072,19456
49,97,0,21504
49,21,1024,21504
97,21,1024,21504
58,77,1024,44032
58,115,1024,44032
58,61,9216,44032
77,115,0,45056
77,61,8192,45056
77,145,20480,45056
115,61,8192,45056
115,145,20480,45056
61,145,12288,53248
61,144,13312,53248
61,145,14336,53248
61,65,18432,53248
61,58,19456,53248
145,144,1024,65536
145,145,2048,65536
145,65,6144,65536
145,58,7168,65536
144,145,1024,66560
144,65,5120,66560
144,58,6144,66560
145,65,4096,67584
145,58,5120,67584
65,58,1024,71680
49,49,4096,110592
49,75,14336,110592
49,65,19456,110592
49,75,10240,114688
49,65,15360,114688
75,65,5120,124928
40,65,1024,151552
40,58,2048,151552
40,58,5120,151552
65,58,1024,152576
65,58,4096,152576
58,58,3072,153600
58,174,20480,153600
58,174,17408,156672
58,115,18432,156672
174,115,1024,174080
174,59,4096,174080
174,77,6144,174080
174,61,12288,174080
115,59,3072,175104
115,77,5120,175104
115,61,11264,175104
59,77,2048,178176
59,61,8192,178176
77,61,6144,180224
61,145,19456,186368
61,72,20480,186368
61,145,20480,186368
145,72,1024,205824
145,145,1024,205824
145,58,3072,205824
145,58,4096,205824
145,56,5120,205824
145,59,10240,205824
72,145,0,206848
72,58,2048,206848
72,58,3072,206848
72,56,4096,206848
72,59,9216,206848
145,58,2048,206848
145,58,3072,206848
145,56,4096,206848
145,59,9216,206848
58,58,1024,208896
58,56,2048,208896
58,59,7168,208896
58,56,1024,209920
58,59,6144,209920
56,59,5120,210944
56,41,20480,210944
56,163,20480,210944
59,41,15360,216064
59,163,15360,216064
41,163,0,231424
41,59,10240,231424
41,49,14336,231424
163,59,10240,231424
163,49,14336,231424
59,49,4096,241664
49,59,19456,245760
59,58,14336,265216
59,97,16384,265216
58,97,2048,279552
58,62,9216,279552
58,21,13312,279552
58,49,13312,279552
97,62,7168,281600
97,21,11264,281600
97,49,11264,281600
62,21,4096,288768
62,49,4096,288768
62,34,16384,288768
62,69,16384,288768
62,137,16384,288768
62,171,16384,288768
62,58,18432,288768
62,174,18432,288768
62,116,19456,288768
21,49,0,292864
21,34,12288,292864
21,69,12288,292864
21,137,12288,292864
21,171,12288,292864
21,58,14336,292864
21,174,14336,292864
21,116,15360,292864
21,58,18432,292864
49,34,12288,292864
49,69,12288,292864
49,137,12288,292864
49,171,12288,292864
49,58,14336,292864
49,174,14336,292864
49,116,15360,292864
49,58,18432,292864
34,69,0,305152
34,137,0,305152
34,171,0,305152
34,58,2048,305152
34,174,2048,305152
34,116,3072,305152
34,58,6144,305152
34,52,11264,305152
34,62,14336,305152
69,137,0,305152
69,171,0,305152
69,58,2048,305152
69,174,2048,305152
69,116,3072,305152
69,58,6144,305152
69,52,11264,305152
69,62,14336,305152
137,171,0,305152
137,58,2048,305152
137,174,2048,305152
137,116,3072,305152
137,58,6144,305152
137,52,11264,305152
137,62,14336,305152
171,58,2048,305152
171,174,2048,305152
171,116,3072,305152
171,58,6144,305152
171,52,11264,305152
171,62,14336,305152
58,174,0,307200
58,116,1024,307200
58,58,4096,307200
58,52,9216,307200
58,62,12288,307200
58,61,19456,307200
174,116,1024,307200
174,58,4096,307200
174,52,9216,307200
174,62,12288,307200
174,61,19456,307200
116,58,3072,308224
116,52,8192,308224
116,62,11264,308224
116,61,18432,308224
116,21,20480,308224
58,52,5120,311296
58,62,8192,311296
58,61,15360,311296
58,21,17408,311296
52,62,3072,316416
52,61,10240,316416
52,21,12288,316416
62,61,7168,319488
62,21,9216,319488
61,21,2048,326656
