26,52,0,0
26,26,1024,0
26,52,1024,0
26,26,2048,0
26,52,2048,0
26,26,3072,0
26,52,3072,0
26,26,4096,0
26,52,4096,0
26,26,5120,0
26,52,5120,0
26,26,6144,0
26,52,6144,0
26,26,7168,0
52,26,1024,0
52,52,1024,0
52,26,2048,0
52,52,2048,0
52,26,3072,0
52,52,3072,0
52,26,4096,0
52,52,4096,0
52,26,5120,0
52,52,5120,0
52,26,6144,0
52,52,6144,0
52,26,7168,0
52,26,8192,0
26,52,0,1024
26,26,1024,1024
26,52,1024,1024
26,26,2048,1024
26,52,2048,1024
26,26,3072,1024
26,52,3072,1024
26,26,4096,1024
26,52,4096,1024
26,26,5120,1024
26,52,5120,1024
26,26,6144,1024
26,26,7168,1024
26,26,8192,1024
52,26,1024,1024
52,52,1024,1024
52,26,2048,1024
52,52,2048,1024
52,26,3072,1024
52,52,3072,1024
52,26,4096,1024
52,52,4096,1024
52,26,5120,1024
52,52,5120,1024
52,26,6144,1024
52,26,7168,1024
52,26,8192,1024
52,26,9216,1024
26,52,0,2048
26,26,1024,2048
26,52,1024,2048
26,26,2048,2048
26,52,2048,2048
26,26,3072,2048
26,52,3072,2048
26,26,4096,2048
26,52,4096,2048
26,26,5120,2048
26,26,6144,2048
26,26,7168,2048
26,26,8192,2048
26,26,9216,2048
52,26,1024,2048
52,52,1024,2048
52,26,2048,2048
52,52,2048,2048
52,26,3072,2048
52,52,3072,2048
52,26,4096,2048
52,52,4096,2048
52,26,5120,2048
52,26,6144,2048
52,26,7168,2048
52,26,8192,2048
52,26,9216,2048
52,26,10240,2048
26,52,0,3072
26,26,1024,3072
26,52,1024,3072
26,26,2048,3072
26,52,2048,3072
26,26,3072,3072
26,52,3072,3072
26,26,4096,3072
26,26,5120,3072
26,26,6144,3072
26,26,7168,3072
26,26,8192,3072
26,26,9216,3072
26,26,10240,3072
52,26,1024,3072
52,52,1024,3072
52,26,2048,3072
52,52,2048,3072
52,26,3072,3072
52,52,3072,3072
52,26,4096,3072
52,26,5120,3072
52,26,6144,3072
52,26,7168,3072
52,26,8192,3072
52,26,9216,3072
52,26,10240,3072
52,26,11264,3072
26,52,0,4096
26,26,1024,4096
26,52,1024,4096
26,26,2048,4096
26,52,2048,4096
26,26,3072,4096
26,26,4096,4096
26,26,5120,4096
26,26,6144,4096
26,26,7168,4096
26,26,8192,4096
26,26,9216,4096
26,26,10240,4096
26,26,11264,4096
52,26,1024,4096
52,52,1024,4096
52,26,2048,4096
52,52,2048,4096
52,26,3072,4096
52,26,4096,4096
52,26,5120,4096
52,26,6144,4096
52,26,7168,4096
52,26,8192,4096
52,26,9216,4096
52,26,10240,4096
52,26,11264,4096
52,26,12288,4096
26,52,0,5120
26,26,1024,5120
26,52,1024,5120
26,26,2048,5120
26,26,3072,5120
26,26,4096,5120
26,26,5120,5120
26,26,6144,5120
26,26,7168,5120
26,26,8192,5120
26,26,9216,5120
26,26,10240,5120
26,26,11264,5120
26,26,12288,5120
52,26,1024,5120
52,52,1024,5120
52,26,2048,5120
52,26,3072,5120
52,26,4096,5120
52,26,5120,5120
52,26,6144,5120
52,26,7168,5120
52,26,8192,5120
52,26,9216,5120
52,26,10240,5120
52,26,11264,5120
52,26,12288,5120
52,26,13312,5120
26,52,0,6144
26,26,1024,6144
26,26,2048,6144
26,26,3072,6144
26,26,4096,6144
26,26,5120,6144
26,26,6144,6144
26,26,7168,6144
26,26,8192,6144
26,26,9216,6144
26,26,10240,6144
26,26,11264,6144
26,26,12288,6144
26,26,13312,6144
52,26,1024,6144
52,26,2048,6144
52,26,3072,6144
52,26,4096,6144
52,26,5120,6144
52,26,6144,6144
52,26,7168,6144
52,26,8192,6144
52,26,9216,6144
52,26,10240,6144
52,26,11264,6144
52,26,12288,6144
52,26,13312,6144
52,26,14336,6144
26,26,1024,7168
26,26,2048,7168
26,26,3072,7168
26,26,4096,7168
26,26,5120,7168
26,26,6144,7168
26,26,7168,7168
26,26,8192,7168
26,26,9216,7168
26,26,10240,7168
26,26,11264,7168
26,26,12288,7168
26,26,13312,7168
26,26,14336,7168
26,26,1024,8192
26,26,2048,8192
26,26,3072,8192
26,26,4096,8192
26,26,5120,8192
26,26,6144,8192
26,26,7168,8192
26,26,8192,8192
26,26,9216,8192
26,26,10240,8192
26,26,11264,8192
26,26,12288,8192
26,26,13312,8192
26,26,14336,8192
26,26,1024,9216
26,26,2048,9216
26,26,3072,9216
26,26,4096,9216
26,26,5120,9216
26,26,6144,9216
26,26,7168,9216
26,26,8192,9216
26,26,9216,9216
26,26,10240,9216
26,26,11264,9216
26,26,12288,9216
26,26,13312,9216
26,26,14336,9216
26,26,1024,10240
26,26,2048,10240
26,26,3072,10240
26,26,4096,10240
26,26,5120,10240
26,26,6144,10240
26,26,7168,10240
26,26,8192,10240
26,26,9216,10240
26,26,10240,10240
26,26,11264,10240
26,26,12288,10240
26,26,13312,10240
26,26,14336,10240
26,26,1024,11264
26,26,2048,11264
26,26,3072,11264
26,26,4096,11264
26,26,5120,11264
26,26,6144,11264
26,26,7168,11264
26,26,8192,11264
26,26,9216,11264
26,26,10240,11264
26,26,11264,11264
26,26,12288,11264
26,26,13312,11264
26,26,14336,11264
26,26,1024,12288
26,26,2048,12288
26,26,3072,12288
26,26,4096,12288
26,26,5120,12288
26,26,6144,12288
26,26,7168,12288
26,26,8192,12288
26,26,9216,12288
26,26,10240,12288
26,26,11264,12288
26,26,12288,12288
26,26,13312,12288
26,26,14336,12288
26,26,1024,13312
26,26,2048,13312
26,26,3072,13312
26,26,4096,13312
26,26,5120,13312
26,26,6144,13312
26,26,7168,13312
26,26,8192,13312
26,26,9216,13312
26,26,10240,13312
26,26,11264,13312
26,26,12288,13312
26,26,13312,13312
26,26,1024,14336
26,26,2048,14336
26,26,3072,14336
26,26,4096,14336
26,26,5120,14336
26,26,6144,14336
26,26,7168,14336
26,26,8192,14336
26,26,9216,14336
26,26,10240,14336
26,26,11264,14336
26,26,12288,14336
26,26,1024,15360
26,26,2048,15360
26,26,3072,15360
26,26,4096,15360
26,26,5120,15360
26,26,6144,15360
26,26,7168,15360
26,26,8192,15360
26,26,9216,15360
26,26,10240,15360
26,26,11264,15360
26,26,1024,16384
26,26,2048,16384
26,26,3072,16384
26,26,4096,16384
26,26,5120,16384
26,26,6144,16384
26,26,7168,16384
26,26,8192,16384
26,26,9216,16384
26,26,10240,16384
26,26,1024,17408
26,26,2048,17408
26,26,3072,17408
26,26,4096,17408
26,26,5120,17408
26,26,6144,17408
26,26,7168,17408
26,26,8192,17408
26,26,9216,17408
26,26,1024,18432
26,26,2048,18432
26,26,3072,18432
26,26,4096,18432
26,26,5120,18432
26,26,6144,18432
26,26,7168,18432
26,26,8192,18432
26,26,1024,19456
26,26,2048,19456
26,26,3072,19456
26,26,4096,19456
26,26,5120,19456
26,26,6144,19456
26,26,7168,19456
26,26,1024,20480
26,26,2048,20480
26,26,3072,20480
26,26,4096,20480
26,26,5120,20480
26,26,6144,20480
26,26,1024,21504
26,26,2048,21504
26,26,3072,21504
26,26,4096,21504
26,26,5120,21504
26,26,1024,22528
26,26,2048,22528
26,26,3072,22528
26,26,4096,22528
26,26,1024,23552
26,26,2048,23552
26,26,3072,23552
26,26,1024,24576
26,26,2048,24576
26,26,1024,25600
27,27,1024,57344
27,55,1024,57344
27,82,1024,57344
27,28,2048,57344
27,55,2048,57344
27,83,2048,57344
27,28,3072,57344
27,56,3072,57344
27,31,4096,57344
27,62,4096,57344
27,31,5120,57344
27,62,5120,57344
27,31,6144,57344
27,62,6144,57344
27,55,0,58368
27,82,0,58368
27,28,1024,58368
27,55,1024,58368
27,83,1024,58368
27,28,2048,58368
27,56,2048,58368
27,31,3072,58368
27,62,3072,58368
27,31,4096,58368
27,62,4096,58368
27,31,5120,58368
27,62,5120,58368
27,31,6144,58368
55,82,0,58368
55,28,1024,58368
55,55,1024,58368
55,83,1024,58368
55,28,2048,58368
55,56,2048,58368
55,31,3072,58368
55,62,3072,58368
55,31,4096,58368
55,62,4096,58368
55,31,5120,58368
55,62,5120,58368
55,31,6144,58368
55,62,6144,58368
82,28,1024,58368
82,55,1024,58368
82,83,1024,58368
82,28,2048,58368
82,56,2048,58368
82,31,3072,58368
82,62,3072,58368
82,31,4096,58368
82,62,4096,58368
82,31,5120,58368
82,62,5120,58368
82,31,6144,58368
82,62,6144,58368
82,31,7168,58368
28,55,0,59392
28,83,0,59392
28,28,1024,59392
28,56,1024,59392
28,31,2048,59392
28,62,2048,59392
28,31,3072,59392
28,62,3072,59392
28,31,4096,59392
28,62,4096,59392
28,31,5120,59392
28,62,5120,59392
28,31,6144,59392
28,62,6144,59392
55,83,0,59392
55,28,1024,59392
55,56,1024,59392
55,31,2048,59392
55,62,2048,59392
55,31,3072,59392
55,62,3072,59392
55,31,4096,59392
55,62,4096,59392
55,31,5120,59392
55,62,5120,59392
55,31,6144,59392
55,62,6144,59392
55,31,7168,59392
83,28,1024,59392
83,56,1024,59392
83,31,2048,59392
83,62,2048,59392
83,31,3072,59392
83,62,3072,59392
83,31,4096,59392
83,62,4096,59392
83,31,5120,59392
83,62,5120,59392
83,31,6144,59392
83,62,6144,59392
83,31,7168,59392
83,63,7168,59392
28,56,0,60416
28,31,1024,60416
28,62,1024,60416
28,31,2048,60416
28,62,2048,60416
28,31,3072,60416
28,62,3072,60416
28,31,4096,60416
28,62,4096,60416
28,31,5120,60416
28,62,5120,60416
28,31,6144,60416
28,63,6144,60416
28,33,7168,60416
56,31,1024,60416
56,62,1024,60416
56,31,2048,60416
56,62,2048,60416
56,31,3072,60416
56,62,3072,60416
56,31,4096,60416
56,62,4096,60416
56,31,5120,60416
56,62,5120,60416
56,31,6144,60416
56,63,6144,60416
56,33,7168,60416
56,66,7168,60416
31,62,0,61440
31,31,1024,61440
31,62,1024,61440
31,31,2048,61440
31,62,2048,61440
31,31,3072,61440
31,62,3072,61440
31,31,4096,61440
31,62,4096,61440
31,31,5120,61440
31,63,5120,61440
31,33,6144,61440
31,66,6144,61440
31,33,7168,61440
62,31,1024,61440
62,62,1024,61440
62,31,2048,61440
62,62,2048,61440
62,31,3072,61440
62,62,3072,61440
62,31,4096,61440
62,62,4096,61440
62,31,5120,61440
62,63,5120,61440
62,33,6144,61440
62,66,6144,61440
62,33,7168,61440
62,66,7168,61440
31,62,0,62464
31,31,1024,62464
31,62,1024,62464
31,31,2048,62464
31,62,2048,62464
31,31,3072,62464
31,62,3072,62464
31,31,4096,62464
31,63,4096,62464
31,33,5120,62464
31,66,5120,62464
31,33,6144,62464
31,66,6144,62464
31,33,7168,62464
62,31,1024,62464
62,62,1024,62464
62,31,2048,62464
62,62,2048,62464
62,31,3072,62464
62,62,3072,62464
62,31,4096,62464
62,63,4096,62464
62,33,5120,62464
62,66,5120,62464
62,33,6144,62464
62,66,6144,62464
62,33,7168,62464
62,66,7168,62464
31,62,0,63488
31,31,1024,63488
31,62,1024,63488
31,31,2048,63488
31,62,2048,63488
31,31,3072,63488
31,63,3072,63488
31,33,4096,63488
31,66,4096,63488
31,33,5120,63488
31,66,5120,63488
31,33,6144,63488
31,66,6144,63488
31,33,7168,63488
62,31,1024,63488
62,62,1024,63488
62,31,2048,63488
62,62,2048,63488
62,31,3072,63488
62,63,3072,63488
62,33,4096,63488
62,66,4096,63488
62,33,5120,63488
62,66,5120,63488
62,33,6144,63488
62,66,6144,63488
62,33,7168,63488
62,66,7168,63488
31,62,0,64512
31,31,1024,64512
31,62,1024,64512
31,31,2048,64512
31,63,2048,64512
31,33,3072,64512
31,66,3072,64512
31,33,4096,64512
31,66,4096,64512
31,33,5120,64512
31,66,5120,64512
31,33,6144,64512
31,66,6144,64512
31,33,7168,64512
62,31,1024,64512
62,62,1024,64512
62,31,2048,64512
62,63,2048,64512
62,33,3072,64512
62,66,3072,64512
62,33,4096,64512
62,66,4096,64512
62,33,5120,64512
62,66,5120,64512
62,33,6144,64512
62,66,6144,64512
62,33,7168,64512
62,66,7168,64512
31,62,0,65536
31,31,1024,65536
31,63,1024,65536
31,33,2048,65536
31,66,2048,65536
31,33,3072,65536
31,66,3072,65536
31,33,4096,65536
31,66,4096,65536
31,33,5120,65536
31,66,5120,65536
31,33,6144,65536
31,66,6144,65536
31,33,7168,65536
62,31,1024,65536
62,63,1024,65536
62,33,2048,65536
62,66,2048,65536
62,33,3072,65536
62,66,3072,65536
62,33,4096,65536
62,66,4096,65536
62,33,5120,65536
62,66,5120,65536
62,33,6144,65536
62,66,6144,65536
62,33,7168,65536
62,66,7168,65536
31,63,0,66560
31,33,1024,66560
31,66,1024,66560
31,33,2048,66560
31,66,2048,66560
31,33,3072,66560
31,66,3072,66560
31,33,4096,66560
31,66,4096,66560
31,33,5120,66560
31,66,5120,66560
31,33,6144,66560
31,66,6144,66560
31,33,7168,66560
63,33,1024,66560
63,66,1024,66560
63,33,2048,66560
63,66,2048,66560
63,33,3072,66560
63,66,3072,66560
63,33,4096,66560
63,66,4096,66560
63,33,5120,66560
63,66,5120,66560
63,33,6144,66560
63,66,6144,66560
63,33,7168,66560
63,66,7168,66560
33,66,0,67584
33,33,1024,67584
33,66,1024,67584
33,33,2048,67584
33,66,2048,67584
33,33,3072,67584
33,66,3072,67584
33,33,4096,67584
33,66,4096,67584
33,33,5120,67584
33,66,5120,67584
33,33,6144,67584
33,66,6144,67584
33,33,7168,67584
66,33,1024,67584
66,66,1024,67584
66,33,2048,67584
66,66,2048,67584
66,33,3072,67584
66,66,3072,67584
66,33,4096,67584
66,66,4096,67584
66,33,5120,67584
66,66,5120,67584
66,33,6144,67584
66,66,6144,67584
66,33,7168,67584
66,66,7168,67584
33,66,0,68608
33,33,1024,68608
33,66,1024,68608
33,33,2048,68608
33,66,2048,68608
33,33,3072,68608
33,66,3072,68608
33,33,4096,68608
33,66,4096,68608
33,33,5120,68608
33,66,5120,68608
33,33,6144,68608
33,66,6144,68608
33,33,7168,68608
66,33,1024,68608
66,66,1024,68608
66,33,2048,68608
66,66,2048,68608
66,33,3072,68608
66,66,3072,68608
66,33,4096,68608
66,66,4096,68608
66,33,5120,68608
66,66,5120,68608
66,33,6144,68608
66,66,6144,68608
66,33,7168,68608
66,66,7168,68608
33,66,0,69632
33,33,1024,69632
33,66,1024,69632
33,33,2048,69632
33,66,2048,69632
33,33,3072,69632
33,66,3072,69632
33,33,4096,69632
33,66,4096,69632
33,33,5120,69632
33,66,5120,69632
33,33,6144,69632
33,66,6144,69632
33,33,7168,69632
66,33,1024,69632
66,66,1024,69632
66,33,2048,69632
66,66,2048,69632
66,33,3072,69632
66,66,3072,69632
66,33,4096,69632
66,66,4096,69632
66,33,5120,69632
66,66,5120,69632
66,33,6144,69632
66,66,6144,69632
66,33,7168,69632
66,66,7168,69632
33,66,0,70656
33,33,1024,70656
33,66,1024,70656
33,33,2048,70656
33,66,2048,70656
33,33,3072,70656
33,66,3072,70656
33,33,4096,70656
33,66,4096,70656
33,33,5120,70656
33,66,5120,70656
33,33,6144,70656
33,66,6144,70656
33,33,7168,70656
66,33,1024,70656
66,66,1024,70656
66,33,2048,70656
66,66,2048,70656
66,33,3072,70656
66,66,3072,70656
66,33,4096,70656
66,66,4096,70656
66,33,5120,70656
66,66,5120,70656
66,33,6144,70656
66,66,6144,70656
66,33,7168,70656
66,66,7168,70656
33,66,0,71680
33,33,1024,71680
33,66,1024,71680
33,33,2048,71680
33,66,2048,71680
33,33,3072,71680
33,66,3072,71680
33,33,4096,71680
33,66,4096,71680
33,33,5120,71680
33,66,5120,71680
33,33,6144,71680
33,66,6144,71680
33,33,7168,71680
66,33,1024,71680
66,66,1024,71680
66,33,2048,71680
66,66,2048,71680
66,33,3072,71680
66,66,3072,71680
66,33,4096,71680
66,66,4096,71680
66,33,5120,71680
66,66,5120,71680
66,33,6144,71680
66,66,6144,71680
66,33,7168,71680
66,66,7168,71680
33,66,0,72704
33,33,1024,72704
33,66,1024,72704
33,33,2048,72704
33,66,2048,72704
33,33,3072,72704
33,66,3072,72704
33,33,4096,72704
33,66,4096,72704
33,33,5120,72704
33,66,5120,72704
33,33,6144,72704
33,66,6144,72704
33,33,7168,72704
66,33,1024,72704
66,66,1024,72704
66,33,2048,72704
66,66,2048,72704
66,33,3072,72704
66,66,3072,72704
66,33,4096,72704
66,66,4096,72704
66,33,5120,72704
66,66,5120,72704
66,33,6144,72704
66,66,6144,72704
66,33,7168,72704
66,66,7168,72704
33,66,0,73728
33,33,1024,73728
33,66,1024,73728
33,33,2048,73728
33,66,2048,73728
33,33,3072,73728
33,66,3072,73728
33,33,4096,73728
33,66,4096,73728
33,33,5120,73728
33,66,5120,73728
33,33,6144,73728
33,66,6144,73728
33,33,7168,73728
66,33,1024,73728
66,66,1024,73728
66,33,2048,73728
66,66,2048,73728
66,33,3072,73728
66,66,3072,73728
66,33,4096,73728
66,66,4096,73728
66,33,5120,73728
66,66,5120,73728
66,33,6144,73728
66,66,6144,73728
66,33,7168,73728
66,66,7168,73728
33,66,0,74752
33,33,1024,74752
33,66,1024,74752
33,33,2048,74752
33,66,2048,74752
33,33,3072,74752
33,66,3072,74752
33,33,4096,74752
33,66,4096,74752
33,33,5120,74752
33,66,5120,74752
33,33,6144,74752
33,66,6144,74752
33,33,7168,74752
66,33,1024,74752
66,66,1024,74752
66,33,2048,74752
66,66,2048,74752
66,33,3072,74752
66,66,3072,74752
66,33,4096,74752
66,66,4096,74752
66,33,5120,74752
66,66,5120,74752
66,33,6144,74752
66,66,6144,74752
66,33,7168,74752
66,66,7168,74752
33,66,0,75776
33,33,1024,75776
33,66,1024,75776
33,33,2048,75776
33,66,2048,75776
33,33,3072,75776
33,66,3072,75776
33,33,4096,75776
33,66,4096,75776
33,33,5120,75776
33,66,5120,75776
33,33,6144,75776
33,66,6144,75776
33,33,7168,75776
66,33,1024,75776
66,66,1024,75776
66,33,2048,75776
66,66,2048,75776
66,33,3072,75776
66,66,3072,75776
66,33,4096,75776
66,66,4096,75776
66,33,5120,75776
66,66,5120,75776
66,33,6144,75776
66,66,6144,75776
66,33,7168,75776
66,66,7168,75776
33,66,0,76800
33,33,1024,76800
33,66,1024,76800
33,33,2048,76800
33,66,2048,76800
33,33,3072,76800
33,66,3072,76800
33,33,4096,76800
33,66,4096,76800
33,33,5120,76800
33,66,5120,76800
33,33,6144,76800
33,66,6144,76800
33,33,7168,76800
66,33,1024,76800
66,66,1024,76800
66,33,2048,76800
66,66,2048,76800
66,33,3072,76800
66,66,3072,76800
66,33,4096,76800
66,66,4096,76800
66,33,5120,76800
66,66,5120,76800
66,33,6144,76800
66,66,6144,76800
66,33,7168,76800
66,66,7168,76800
33,66,0,77824
33,33,1024,77824
33,66,1024,77824
33,33,2048,77824
33,66,2048,77824
33,33,3072,77824
33,66,3072,77824
33,33,4096,77824
33,66,4096,77824
33,33,5120,77824
33,66,5120,77824
33,33,6144,77824
33,66,6144,77824
33,33,7168,77824
66,33,1024,77824
66,66,1024,77824
66,33,2048,77824
66,66,2048,77824
66,33,3072,77824
66,66,3072,77824
66,33,4096,77824
66,66,4096,77824
66,33,5120,77824
66,66,5120,77824
66,33,6144,77824
66,66,6144,77824
66,33,7168,77824
66,66,7168,77824
33,66,0,78848
33,33,1024,78848
33,66,1024,78848
33,33,2048,78848
33,66,2048,78848
33,33,3072,78848
33,66,3072,78848
33,33,4096,78848
33,66,4096,78848
33,33,5120,78848
33,66,5120,78848
33,33,6144,78848
33,66,6144,78848
33,33,7168,78848
66,33,1024,78848
66,66,1024,78848
66,33,2048,78848
66,66,2048,78848
66,33,3072,78848
66,66,3072,78848
66,33,4096,78848
66,66,4096,78848
66,33,5120,78848
66,66,5120,78848
66,33,6144,78848
66,66,6144,78848
66,33,7168,78848
66,66,7168,78848
33,66,0,79872
33,33,1024,79872
33,66,1024,79872
33,33,2048,79872
33,66,2048,79872
33,33,3072,79872
33,66,3072,79872
33,33,4096,79872
33,66,4096,79872
33,33,5120,79872
33,66,5120,79872
33,33,6144,79872
33,66,6144,79872
33,33,7168,79872
66,33,1024,79872
66,66,1024,79872
66,33,2048,79872
66,66,2048,79872
66,33,3072,79872
66,66,3072,79872
66,33,4096,79872
66,66,4096,79872
66,33,5120,79872
66,66,5120,79872
66,33,6144,79872
66,66,6144,79872
66,33,7168,79872
66,66,7168,79872
33,66,0,80896
33,33,1024,80896
33,66,1024,80896
33,33,2048,80896
33,66,2048,80896
33,33,3072,80896
33,66,3072,80896
33,33,4096,80896
33,66,4096,80896
33,33,5120,80896
33,66,5120,80896
33,33,6144,80896
33,66,6144,80896
33,33,7168,80896
66,33,1024,80896
66,66,1024,80896
66,33,2048,80896
66,66,2048,80896
66,33,3072,80896
66,66,3072,80896
66,33,4096,80896
66,66,4096,80896
66,33,5120,80896
66,66,5120,80896
66,33,6144,80896
66,66,6144,80896
66,33,7168,80896
66,66,7168,80896
33,66,0,81920
33,33,1024,81920
33,66,1024,81920
33,33,2048,81920
33,66,2048,81920
33,33,3072,81920
33,66,3072,81920
33,33,4096,81920
33,66,4096,81920
33,33,5120,81920
33,66,5120,81920
33,33,6144,81920
33,66,6144,81920
33,33,7168,81920
66,33,1024,81920
66,66,1024,81920
66,33,2048,81920
66,66,2048,81920
66,33,3072,81920
66,66,3072,81920
66,33,4096,81920
66,66,4096,81920
66,33,5120,81920
66,66,5120,81920
66,33,6144,81920
66,66,6144,81920
66,33,7168,81920
66,66,7168,81920
33,66,0,82944
33,33,1024,82944
33,66,1024,82944
33,33,2048,82944
33,66,2048,82944
33,33,3072,82944
33,66,3072,82944
33,33,4096,82944
33,66,4096,82944
33,33,5120,82944
33,66,5120,82944
33,33,6144,82944
33,66,6144,82944
33,33,7168,82944
66,33,1024,82944
66,66,1024,82944
66,33,2048,82944
66,66,2048,82944
66,33,3072,82944
66,66,3072,82944
66,33,4096,82944
66,66,4096,82944
66,33,5120,82944
66,66,5120,82944
66,33,6144,82944
66,66,6144,82944
66,33,7168,82944
66,33,8192,82944
33,66,0,83968
33,33,1024,83968
33,66,1024,83968
33,33,2048,83968
33,66,2048,83968
33,33,3072,83968
33,66,3072,83968
33,33,4096,83968
33,66,4096,83968
33,33,5120,83968
33,66,5120,83968
33,33,6144,83968
33,33,7168,83968
33,33,8192,83968
66,33,1024,83968
66,66,1024,83968
66,33,2048,83968
66,66,2048,83968
66,33,3072,83968
66,66,3072,83968
66,33,4096,83968
66,66,4096,83968
66,33,5120,83968
66,66,5120,83968
66,33,6144,83968
66,33,7168,83968
66,33,8192,83968
66,33,9216,83968
33,66,0,84992
33,33,1024,84992
33,66,1024,84992
33,33,2048,84992
33,66,2048,84992
33,33,3072,84992
33,66,3072,84992
33,33,4096,84992
33,66,4096,84992
33,33,5120,84992
33,33,6144,84992
33,33,7168,84992
33,33,8192,84992
33,37,10240,84992
66,33,1024,84992
66,66,1024,84992
66,33,2048,84992
66,66,2048,84992
66,33,3072,84992
66,66,3072,84992
66,33,4096,84992
66,66,4096,84992
66,33,5120,84992
66,33,6144,84992
66,33,7168,84992
66,33,8192,84992
66,37,10240,84992
66,74,10240,84992
33,66,0,86016
33,33,1024,86016
33,66,1024,86016
33,33,2048,86016
33,66,2048,86016
33,33,3072,86016
33,66,3072,86016
33,33,4096,86016
33,33,5120,86016
33,33,6144,86016
33,33,7168,86016
33,37,9216,86016
33,74,9216,86016
33,37,10240,86016
66,33,1024,86016
66,66,1024,86016
66,33,2048,86016
66,66,2048,86016
66,33,3072,86016
66,66,3072,86016
66,33,4096,86016
66,33,5120,86016
66,33,6144,86016
66,33,7168,86016
66,37,9216,86016
66,74,9216,86016
66,37,10240,86016
66,74,10240,86016
33,66,0,87040
33,33,1024,87040
33,66,1024,87040
33,33,2048,87040
33,66,2048,87040
33,33,3072,87040
33,33,4096,87040
33,33,5120,87040
33,33,6144,87040
33,37,8192,87040
33,74,8192,87040
33,37,9216,87040
33,74,9216,87040
33,37,10240,87040
66,33,1024,87040
66,66,1024,87040
66,33,2048,87040
66,66,2048,87040
66,33,3072,87040
66,33,4096,87040
66,33,5120,87040
66,33,6144,87040
66,37,8192,87040
66,74,8192,87040
66,37,9216,87040
66,74,9216,87040
66,37,10240,87040
66,74,10240,87040
33,66,0,88064
33,33,1024,88064
33,66,1024,88064
33,33,2048,88064
33,33,3072,88064
33,33,4096,88064
33,33,5120,88064
33,37,7168,88064
33,74,7168,88064
33,37,8192,88064
33,74,8192,88064
33,37,9216,88064
33,74,9216,88064
33,31,10240,88064
66,33,1024,88064
66,66,1024,88064
66,33,2048,88064
66,33,3072,88064
66,33,4096,88064
66,33,5120,88064
66,37,7168,88064
66,74,7168,88064
66,37,8192,88064
66,74,8192,88064
66,37,9216,88064
66,74,9216,88064
66,31,10240,88064
66,31,11264,88064
33,66,0,89088
33,33,1024,89088
33,33,2048,89088
33,33,3072,89088
33,33,4096,89088
33,37,6144,89088
33,74,6144,89088
33,37,7168,89088
33,74,7168,89088
33,37,8192,89088
33,74,8192,89088
33,31,9216,89088
33,31,10240,89088
33,62,10240,89088
66,33,1024,89088
66,33,2048,89088
66,33,3072,89088
66,33,4096,89088
66,37,6144,89088
66,74,6144,89088
66,37,7168,89088
66,74,7168,89088
66,37,8192,89088
66,74,8192,89088
66,31,9216,89088
66,31,10240,89088
66,62,10240,89088
66,31,11264,89088
33,33,1024,90112
33,33,2048,90112
33,33,3072,90112
33,37,5120,90112
33,74,5120,90112
33,37,6144,90112
33,74,6144,90112
33,37,7168,90112
33,74,7168,90112
33,31,8192,90112
33,31,9216,90112
33,62,9216,90112
33,31,10240,90112
33,62,10240,90112
33,33,1024,91136
33,33,2048,91136
33,37,4096,91136
33,74,4096,91136
33,37,5120,91136
33,74,5120,91136
33,37,6144,91136
33,74,6144,91136
33,31,7168,91136
33,31,8192,91136
33,62,8192,91136
33,31,9216,91136
33,62,9216,91136
33,31,10240,91136
33,33,1024,92160
33,37,3072,92160
33,74,3072,92160
33,37,4096,92160
33,74,4096,92160
33,37,5120,92160
33,74,5120,92160
33,31,6144,92160
33,31,7168,92160
33,62,7168,92160
33,31,8192,92160
33,62,8192,92160
33,31,9216,92160
33,62,9216,92160
33,37,2048,93184
33,74,2048,93184
33,37,3072,93184
33,74,3072,93184
33,37,4096,93184
33,74,4096,93184
33,31,5120,93184
33,31,6144,93184
33,62,6144,93184
33,31,7168,93184
33,62,7168,93184
33,31,8192,93184
33,62,8192,93184
33,31,9216,93184
37,74,0,95232
37,37,1024,95232
37,74,1024,95232
37,37,2048,95232
37,74,2048,95232
37,31,3072,95232
37,31,4096,95232
37,62,4096,95232
37,31,5120,95232
37,62,5120,95232
37,31,6144,95232
37,62,6144,95232
37,31,7168,95232
37,62,7168,95232
74,37,1024,95232
74,74,1024,95232
74,37,2048,95232
74,74,2048,95232
74,31,3072,95232
74,31,4096,95232
74,62,4096,95232
74,31,5120,95232
74,62,5120,95232
74,31,6144,95232
74,62,6144,95232
74,31,7168,95232
74,62,7168,95232
74,31,8192,95232
37,74,0,96256
37,37,1024,96256
37,74,1024,96256
37,31,2048,96256
37,31,3072,96256
37,62,3072,96256
37,31,4096,96256
37,62,4096,96256
37,31,5120,96256
37,62,5120,96256
37,31,6144,96256
37,62,6144,96256
37,31,7168,96256
37,62,7168,96256
74,37,1024,96256
74,74,1024,96256
74,31,2048,96256
74,31,3072,96256
74,62,3072,96256
74,31,4096,96256
74,62,4096,96256
74,31,5120,96256
74,62,5120,96256
74,31,6144,96256
74,62,6144,96256
74,31,7168,96256
74,62,7168,96256
74,31,8192,96256
37,74,0,97280
37,31,1024,97280
37,31,2048,97280
37,62,2048,97280
37,31,3072,97280
37,62,3072,97280
37,31,4096,97280
37,62,4096,97280
37,31,5120,97280
37,62,5120,97280
37,31,6144,97280
37,62,6144,97280
37,31,7168,97280
37,62,7168,97280
74,31,1024,97280
74,31,2048,97280
74,62,2048,97280
74,31,3072,97280
74,62,3072,97280
74,31,4096,97280
74,62,4096,97280
74,31,5120,97280
74,62,5120,97280
74,31,6144,97280
74,62,6144,97280
74,31,7168,97280
74,62,7168,97280
74,31,8192,97280
31,31,1024,98304
31,62,1024,98304
31,31,2048,98304
31,62,2048,98304
31,31,3072,98304
31,62,3072,98304
31,31,4096,98304
31,62,4096,98304
31,31,5120,98304
31,62,5120,98304
31,31,6144,98304
31,62,6144,98304
31,31,7168,98304
31,62,7168,98304
31,62,0,99328
31,31,1024,99328
31,62,1024,99328
31,31,2048,99328
31,62,2048,99328
31,31,3072,99328
31,62,3072,99328
31,31,4096,99328
31,62,4096,99328
31,31,5120,99328
31,62,5120,99328
31,31,6144,99328
31,62,6144,99328
31,31,7168,99328
62,31,1024,99328
62,62,1024,99328
62,31,2048,99328
62,62,2048,99328
62,31,3072,99328
62,62,3072,99328
62,31,4096,99328
62,62,4096,99328
62,31,5120,99328
62,62,5120,99328
62,31,6144,99328
62,62,6144,99328
62,31,7168,99328
62,31,8192,99328
31,62,0,100352
31,31,1024,100352
31,62,1024,100352
31,31,2048,100352
31,62,2048,100352
31,31,3072,100352
31,62,3072,100352
31,31,4096,100352
31,62,4096,100352
31,31,5120,100352
31,62,5120,100352
31,31,6144,100352
31,31,7168,100352
31,31,8192,100352
62,31,1024,100352
62,62,1024,100352
62,31,2048,100352
62,62,2048,100352
62,31,3072,100352
62,62,3072,100352
62,31,4096,100352
62,62,4096,100352
62,31,5120,100352
62,62,5120,100352
62,31,6144,100352
62,31,7168,100352
62,31,8192,100352
62,31,9216,100352
31,62,0,101376
31,31,1024,101376
31,62,1024,101376
31,31,2048,101376
31,62,2048,101376
31,31,3072,101376
31,62,3072,101376
31,31,4096,101376
31,62,4096,101376
31,31,5120,101376
31,31,6144,101376
31,31,7168,101376
31,31,8192,101376
31,31,9216,101376
62,31,1024,101376
62,62,1024,101376
62,31,2048,101376
62,62,2048,101376
62,31,3072,101376
62,62,3072,101376
62,31,4096,101376
62,62,4096,101376
62,31,5120,101376
62,31,6144,101376
62,31,7168,101376
62,31,8192,101376
62,31,9216,101376
62,31,10240,101376
31,62,0,102400
31,31,1024,102400
31,62,1024,102400
31,31,2048,102400
31,62,2048,102400
31,31,3072,102400
31,62,3072,102400
31,31,4096,102400
31,31,5120,102400
31,31,6144,102400
31,31,7168,102400
31,31,8192,102400
31,31,9216,102400
31,31,10240,102400
62,31,1024,102400
62,62,1024,102400
62,31,2048,102400
62,62,2048,102400
62,31,3072,102400
62,62,3072,102400
62,31,4096,102400
62,31,5120,102400
62,31,6144,102400
62,31,7168,102400
62,31,8192,102400
62,31,9216,102400
62,31,10240,102400
62,31,11264,102400
31,62,0,103424
31,31,1024,103424
31,62,1024,103424
31,31,2048,103424
31,62,2048,103424
31,31,3072,103424
31,31,4096,103424
31,31,5120,103424
31,31,6144,103424
31,31,7168,103424
31,31,8192,103424
31,31,9216,103424
31,31,10240,103424
31,31,11264,103424
62,31,1024,103424
62,62,1024,103424
62,31,2048,103424
62,62,2048,103424
62,31,3072,103424
62,31,4096,103424
62,31,5120,103424
62,31,6144,103424
62,31,7168,103424
62,31,8192,103424
62,31,9216,103424
62,31,10240,103424
62,31,11264,103424
62,31,12288,103424
31,62,0,104448
31,31,1024,104448
31,62,1024,104448
31,31,2048,104448
31,31,3072,104448
31,31,4096,104448
31,31,5120,104448
31,31,6144,104448
31,31,7168,104448
31,31,8192,104448
31,31,9216,104448
31,31,10240,104448
31,31,11264,104448
31,31,12288,104448
62,31,1024,104448
62,62,1024,104448
62,31,2048,104448
62,31,3072,104448
62,31,4096,104448
62,31,5120,104448
62,31,6144,104448
62,31,7168,104448
62,31,8192,104448
62,31,9216,104448
62,31,10240,104448
62,31,11264,104448
62,31,12288,104448
62,31,13312,104448
31,62,0,105472
31,31,1024,105472
31,31,2048,105472
31,31,3072,105472
31,31,4096,105472
31,31,5120,105472
31,31,6144,105472
31,31,7168,105472
31,31,8192,105472
31,31,9216,105472
31,31,10240,105472
31,31,11264,105472
31,31,12288,105472
31,32,13312,105472
62,31,1024,105472
62,31,2048,105472
62,31,3072,105472
62,31,4096,105472
62,31,5120,105472
62,31,6144,105472
62,31,7168,105472
62,31,8192,105472
62,31,9216,105472
62,31,10240,105472
62,31,11264,105472
62,31,12288,105472
62,32,13312,105472
62,31,14336,105472
31,31,1024,106496
31,31,2048,106496
31,31,3072,106496
31,31,4096,106496
31,31,5120,106496
31,31,6144,106496
31,31,7168,106496
31,31,8192,106496
31,31,9216,106496
31,31,10240,106496
31,31,11264,106496
31,32,12288,106496
31,31,13312,106496
31,31,14336,106496
31,31,1024,107520
31,31,2048,107520
31,31,3072,107520
31,31,4096,107520
31,31,5120,107520
31,31,6144,107520
31,31,7168,107520
31,31,8192,107520
31,31,9216,107520
31,31,10240,107520
31,32,11264,107520
31,31,12288,107520
31,31,13312,107520
31,31,14336,107520
31,31,1024,108544
31,31,2048,108544
31,31,3072,108544
31,31,4096,108544
31,31,5120,108544
31,31,6144,108544
31,31,7168,108544
31,31,8192,108544
31,31,9216,108544
31,32,10240,108544
31,31,11264,108544
31,31,12288,108544
31,31,13312,108544
31,31,14336,108544
31,31,1024,109568
31,31,2048,109568
31,31,3072,109568
31,31,4096,109568
31,31,5120,109568
31,31,6144,109568
31,31,7168,109568
31,31,8192,109568
31,32,9216,109568
31,31,10240,109568
31,31,11264,109568
31,31,12288,109568
31,31,13312,109568
31,31,15360,109568
31,31,1024,110592
31,31,2048,110592
31,31,3072,110592
31,31,4096,110592
31,31,5120,110592
31,31,6144,110592
31,31,7168,110592
31,32,8192,110592
31,31,9216,110592
31,31,10240,110592
31,31,11264,110592
31,31,12288,110592
31,31,14336,110592
31,31,1024,111616
31,31,2048,111616
31,31,3072,111616
31,31,4096,111616
31,31,5120,111616
31,31,6144,111616
31,32,7168,111616
31,31,8192,111616
31,31,9216,111616
31,31,10240,111616
31,31,11264,111616
31,31,13312,111616
31,31,1024,112640
31,31,2048,112640
31,31,3072,112640
31,31,4096,112640
31,31,5120,112640
31,32,6144,112640
31,31,7168,112640
31,31,8192,112640
31,31,9216,112640
31,31,10240,112640
31,31,12288,112640
31,31,1024,113664
31,31,2048,113664
31,31,3072,113664
31,31,4096,113664
31,32,5120,113664
31,31,6144,113664
31,31,7168,113664
31,31,8192,113664
31,31,9216,113664
31,31,11264,113664
31,31,1024,114688
31,31,2048,114688
31,31,3072,114688
31,32,4096,114688
31,31,5120,114688
31,31,6144,114688
31,31,7168,114688
31,31,8192,114688
31,31,10240,114688
31,31,1024,115712
31,31,2048,115712
31,32,3072,115712
31,31,4096,115712
31,31,5120,115712
31,31,6144,115712
31,31,7168,115712
31,31,9216,115712
31,31,1024,116736
31,32,2048,116736
31,31,3072,116736
31,31,4096,116736
31,31,5120,116736
31,31,6144,116736
31,31,8192,116736
31,32,1024,117760
31,31,2048,117760
31,31,3072,117760
31,31,4096,117760
31,31,5120,117760
31,31,7168,117760
32,31,1024,118784
32,31,2048,118784
32,31,3072,118784
32,31,4096,118784
32,31,6144,118784
31,31,1024,119808
31,31,2048,119808
31,31,3072,119808
31,31,5120,119808
31,31,1024,120832
31,31,2048,120832
31,31,4096,120832
31,27,20480,120832
31,31,1024,121856
31,31,3072,121856
31,27,19456,121856
31,28,20480,121856
31,31,2048,122880
31,27,18432,122880
31,28,19456,122880
31,28,20480,122880
31,27,16384,124928
31,28,17408,124928
31,28,18432,124928
31,28,19456,124928
31,31,20480,124928
27,28,1024,141312
27,28,2048,141312
27,28,3072,141312
27,31,4096,141312
27,31,5120,141312
27,31,6144,141312
27,31,7168,141312
27,31,8192,141312
27,33,9216,141312
27,66,9216,141312
27,33,10240,141312
27,66,10240,141312
27,33,11264,141312
27,66,11264,141312
28,28,1024,142336
28,28,2048,142336
28,31,3072,142336
28,31,4096,142336
28,31,5120,142336
28,31,6144,142336
28,31,7168,142336
28,33,8192,142336
28,66,8192,142336
28,33,9216,142336
28,66,9216,142336
28,33,10240,142336
28,66,10240,142336
28,33,11264,142336
28,28,1024,143360
28,31,2048,143360
28,31,3072,143360
28,31,4096,143360
28,31,5120,143360
28,31,6144,143360
28,33,7168,143360
28,66,7168,143360
28,33,8192,143360
28,66,8192,143360
28,33,9216,143360
28,66,9216,143360
28,33,10240,143360
28,66,10240,143360
28,31,1024,144384
28,31,2048,144384
28,31,3072,144384
28,31,4096,144384
28,31,5120,144384
28,33,6144,144384
28,66,6144,144384
28,33,7168,144384
28,66,7168,144384
28,33,8192,144384
28,66,8192,144384
28,33,9216,144384
28,66,9216,144384
28,33,10240,144384
31,31,1024,145408
31,31,2048,145408
31,31,3072,145408
31,31,4096,145408
31,33,5120,145408
31,66,5120,145408
31,33,6144,145408
31,66,6144,145408
31,33,7168,145408
31,66,7168,145408
31,33,8192,145408
31,66,8192,145408
31,33,9216,145408
31,66,9216,145408
31,31,1024,146432
31,31,2048,146432
31,31,3072,146432
31,33,4096,146432
31,66,4096,146432
31,33,5120,146432
31,66,5120,146432
31,33,6144,146432
31,66,6144,146432
31,33,7168,146432
31,66,7168,146432
31,33,8192,146432
31,66,8192,146432
31,33,9216,146432
31,31,1024,147456
31,31,2048,147456
31,33,3072,147456
31,66,3072,147456
31,33,4096,147456
31,66,4096,147456
31,33,5120,147456
31,66,5120,147456
31,33,6144,147456
31,66,6144,147456
31,33,7168,147456
31,66,7168,147456
31,33,8192,147456
31,66,8192,147456
31,31,1024,148480
31,33,2048,148480
31,66,2048,148480
31,33,3072,148480
31,66,3072,148480
31,33,4096,148480
31,66,4096,148480
31,33,5120,148480
31,66,5120,148480
31,33,6144,148480
31,66,6144,148480
31,33,7168,148480
31,66,7168,148480
31,33,8192,148480
31,33,1024,149504
31,66,1024,149504
31,33,2048,149504
31,66,2048,149504
31,33,3072,149504
31,66,3072,149504
31,33,4096,149504
31,66,4096,149504
31,33,5120,149504
31,66,5120,149504
31,33,6144,149504
31,66,6144,149504
31,33,7168,149504
31,66,7168,149504
33,66,0,150528
33,33,1024,150528
33,66,1024,150528
33,33,2048,150528
33,66,2048,150528
33,33,3072,150528
33,66,3072,150528
33,33,4096,150528
33,66,4096,150528
33,33,5120,150528
33,66,5120,150528
33,33,6144,150528
33,66,6144,150528
33,33,7168,150528
66,33,1024,150528
66,66,1024,150528
66,33,2048,150528
66,66,2048,150528
66,33,3072,150528
66,66,3072,150528
66,33,4096,150528
66,66,4096,150528
66,33,5120,150528
66,66,5120,150528
66,33,6144,150528
66,66,6144,150528
66,33,7168,150528
66,66,7168,150528
33,66,0,151552
33,33,1024,151552
33,66,1024,151552
33,33,2048,151552
33,66,2048,151552
33,33,3072,151552
33,66,3072,151552
33,33,4096,151552
33,66,4096,151552
33,33,5120,151552
33,66,5120,151552
33,33,6144,151552
33,66,6144,151552
33,33,7168,151552
66,33,1024,151552
66,66,1024,151552
66,33,2048,151552
66,66,2048,151552
66,33,3072,151552
66,66,3072,151552
66,33,4096,151552
66,66,4096,151552
66,33,5120,151552
66,66,5120,151552
66,33,6144,151552
66,66,6144,151552
66,33,7168,151552
66,66,7168,151552
33,66,0,152576
33,33,1024,152576
33,66,1024,152576
33,33,2048,152576
33,66,2048,152576
33,33,3072,152576
33,66,3072,152576
33,33,4096,152576
33,66,4096,152576
33,33,5120,152576
33,66,5120,152576
33,33,6144,152576
33,66,6144,152576
33,33,7168,152576
66,33,1024,152576
66,66,1024,152576
66,33,2048,152576
66,66,2048,152576
66,33,3072,152576
66,66,3072,152576
66,33,4096,152576
66,66,4096,152576
66,33,5120,152576
66,66,5120,152576
66,33,6144,152576
66,66,6144,152576
66,33,7168,152576
66,66,7168,152576
33,66,0,153600
33,33,1024,153600
33,66,1024,153600
33,33,2048,153600
33,66,2048,153600
33,33,3072,153600
33,66,3072,153600
33,33,4096,153600
33,66,4096,153600
33,33,5120,153600
33,66,5120,153600
33,33,6144,153600
33,66,6144,153600
33,33,7168,153600
66,33,1024,153600
66,66,1024,153600
66,33,2048,153600
66,66,2048,153600
66,33,3072,153600
66,66,3072,153600
66,33,4096,153600
66,66,4096,153600
66,33,5120,153600
66,66,5120,153600
66,33,6144,153600
66,66,6144,153600
66,33,7168,153600
66,66,7168,153600
33,66,0,154624
33,33,1024,154624
33,66,1024,154624
33,33,2048,154624
33,66,2048,154624
33,33,3072,154624
33,66,3072,154624
33,33,4096,154624
33,66,4096,154624
33,33,5120,154624
33,66,5120,154624
33,33,6144,154624
33,66,6144,154624
33,33,7168,154624
66,33,1024,154624
66,66,1024,154624
66,33,2048,154624
66,66,2048,154624
66,33,3072,154624
66,66,3072,154624
66,33,4096,154624
66,66,4096,154624
66,33,5120,154624
66,66,5120,154624
66,33,6144,154624
66,66,6144,154624
66,33,7168,154624
66,66,7168,154624
33,66,0,155648
33,33,1024,155648
33,66,1024,155648
33,33,2048,155648
33,66,2048,155648
33,33,3072,155648
33,66,3072,155648
33,33,4096,155648
33,66,4096,155648
33,33,5120,155648
33,66,5120,155648
33,33,6144,155648
33,66,6144,155648
33,33,7168,155648
66,33,1024,155648
66,66,1024,155648
66,33,2048,155648
66,66,2048,155648
66,33,3072,155648
66,66,3072,155648
66,33,4096,155648
66,66,4096,155648
66,33,5120,155648
66,66,5120,155648
66,33,6144,155648
66,66,6144,155648
66,33,7168,155648
66,66,7168,155648
33,66,0,156672
33,33,1024,156672
33,66,1024,156672
33,33,2048,156672
33,66,2048,156672
33,33,3072,156672
33,66,3072,156672
33,33,4096,156672
33,66,4096,156672
33,33,5120,156672
33,66,5120,156672
33,33,6144,156672
33,66,6144,156672
33,33,7168,156672
66,33,1024,156672
66,66,1024,156672
66,33,2048,156672
66,66,2048,156672
66,33,3072,156672
66,66,3072,156672
66,33,4096,156672
66,66,4096,156672
66,33,5120,156672
66,66,5120,156672
66,33,6144,156672
66,66,6144,156672
66,33,7168,156672
66,66,7168,156672
33,66,0,157696
33,33,1024,157696
33,66,1024,157696
33,33,2048,157696
33,66,2048,157696
33,33,3072,157696
33,66,3072,157696
33,33,4096,157696
33,66,4096,157696
33,33,5120,157696
33,66,5120,157696
33,33,6144,157696
33,66,6144,157696
33,33,7168,157696
66,33,1024,157696
66,66,1024,157696
66,33,2048,157696
66,66,2048,157696
66,33,3072,157696
66,66,3072,157696
66,33,4096,157696
66,66,4096,157696
66,33,5120,157696
66,66,5120,157696
66,33,6144,157696
66,66,6144,157696
66,33,7168,157696
66,66,7168,157696
33,66,0,158720
33,33,1024,158720
33,66,1024,158720
33,33,2048,158720
33,66,2048,158720
33,33,3072,158720
33,66,3072,158720
33,33,4096,158720
33,66,4096,158720
33,33,5120,158720
33,66,5120,158720
33,33,6144,158720
33,66,6144,158720
33,33,7168,158720
66,33,1024,158720
66,66,1024,158720
66,33,2048,158720
66,66,2048,158720
66,33,3072,158720
66,66,3072,158720
66,33,4096,158720
66,66,4096,158720
66,33,5120,158720
66,66,5120,158720
66,33,6144,158720
66,66,6144,158720
66,33,7168,158720
66,66,7168,158720
33,66,0,159744
33,33,1024,159744
33,66,1024,159744
33,33,2048,159744
33,66,2048,159744
33,33,3072,159744
33,66,3072,159744
33,33,4096,159744
33,66,4096,159744
33,33,5120,159744
33,66,5120,159744
33,33,6144,159744
33,66,6144,159744
33,33,7168,159744
66,33,1024,159744
66,66,1024,159744
66,33,2048,159744
66,66,2048,159744
66,33,3072,159744
66,66,3072,159744
66,33,4096,159744
66,66,4096,159744
66,33,5120,159744
66,66,5120,159744
66,33,6144,159744
66,66,6144,159744
66,33,7168,159744
66,66,7168,159744
33,66,0,160768
33,33,1024,160768
33,66,1024,160768
33,33,2048,160768
33,66,2048,160768
33,33,3072,160768
33,66,3072,160768
33,33,4096,160768
33,66,4096,160768
33,33,5120,160768
33,66,5120,160768
33,33,6144,160768
33,66,6144,160768
33,33,7168,160768
66,33,1024,160768
66,66,1024,160768
66,33,2048,160768
66,66,2048,160768
66,33,3072,160768
66,66,3072,160768
66,33,4096,160768
66,66,4096,160768
66,33,5120,160768
66,66,5120,160768
66,33,6144,160768
66,66,6144,160768
66,33,7168,160768
66,66,7168,160768
33,66,0,161792
33,33,1024,161792
33,66,1024,161792
33,33,2048,161792
33,66,2048,161792
33,33,3072,161792
33,66,3072,161792
33,33,4096,161792
33,66,4096,161792
33,33,5120,161792
33,66,5120,161792
33,33,6144,161792
33,66,6144,161792
33,33,7168,161792
66,33,1024,161792
66,66,1024,161792
66,33,2048,161792
66,66,2048,161792
66,33,3072,161792
66,66,3072,161792
66,33,4096,161792
66,66,4096,161792
66,33,5120,161792
66,66,5120,161792
66,33,6144,161792
66,66,6144,161792
66,33,7168,161792
66,66,7168,161792
33,66,0,162816
33,33,1024,162816
33,66,1024,162816
33,33,2048,162816
33,66,2048,162816
33,33,3072,162816
33,66,3072,162816
33,33,4096,162816
33,66,4096,162816
33,33,5120,162816
33,66,5120,162816
33,33,6144,162816
33,66,6144,162816
33,33,7168,162816
66,33,1024,162816
66,66,1024,162816
66,33,2048,162816
66,66,2048,162816
66,33,3072,162816
66,66,3072,162816
66,33,4096,162816
66,66,4096,162816
66,33,5120,162816
66,66,5120,162816
66,33,6144,162816
66,66,6144,162816
66,33,7168,162816
66,66,7168,162816
33,66,0,163840
33,33,1024,163840
33,66,1024,163840
33,33,2048,163840
33,66,2048,163840
33,33,3072,163840
33,66,3072,163840
33,33,4096,163840
33,66,4096,163840
33,33,5120,163840
33,66,5120,163840
33,33,6144,163840
33,66,6144,163840
33,33,7168,163840
66,33,1024,163840
66,66,1024,163840
66,33,2048,163840
66,66,2048,163840
66,33,3072,163840
66,66,3072,163840
66,33,4096,163840
66,66,4096,163840
66,33,5120,163840
66,66,5120,163840
66,33,6144,163840
66,66,6144,163840
66,33,7168,163840
66,33,8192,163840
33,66,0,164864
33,33,1024,164864
33,66,1024,164864
33,33,2048,164864
33,66,2048,164864
33,33,3072,164864
33,66,3072,164864
33,33,4096,164864
33,66,4096,164864
33,33,5120,164864
33,66,5120,164864
33,33,6144,164864
33,33,7168,164864
33,33,8192,164864
66,33,1024,164864
66,66,1024,164864
66,33,2048,164864
66,66,2048,164864
66,33,3072,164864
66,66,3072,164864
66,33,4096,164864
66,66,4096,164864
66,33,5120,164864
66,66,5120,164864
66,33,6144,164864
66,33,7168,164864
66,33,8192,164864
66,33,9216,164864
33,66,0,165888
33,33,1024,165888
33,66,1024,165888
33,33,2048,165888
33,66,2048,165888
33,33,3072,165888
33,66,3072,165888
33,33,4096,165888
33,66,4096,165888
33,33,5120,165888
33,33,6144,165888
33,33,7168,165888
33,33,8192,165888
33,49,11264,165888
66,33,1024,165888
66,66,1024,165888
66,33,2048,165888
66,66,2048,165888
66,33,3072,165888
66,66,3072,165888
66,33,4096,165888
66,66,4096,165888
66,33,5120,165888
66,33,6144,165888
66,33,7168,165888
66,33,8192,165888
66,49,11264,165888
66,98,11264,165888
33,66,0,166912
33,33,1024,166912
33,66,1024,166912
33,33,2048,166912
33,66,2048,166912
33,33,3072,166912
33,66,3072,166912
33,33,4096,166912
33,33,5120,166912
33,33,6144,166912
33,33,7168,166912
33,49,10240,166912
33,98,10240,166912
33,49,11264,166912
66,33,1024,166912
66,66,1024,166912
66,33,2048,166912
66,66,2048,166912
66,33,3072,166912
66,66,3072,166912
66,33,4096,166912
66,33,5120,166912
66,33,6144,166912
66,33,7168,166912
66,49,10240,166912
66,98,10240,166912
66,49,11264,166912
66,98,11264,166912
33,66,0,167936
33,33,1024,167936
33,66,1024,167936
33,33,2048,167936
33,66,2048,167936
33,33,3072,167936
33,33,4096,167936
33,33,5120,167936
33,33,6144,167936
33,49,9216,167936
33,98,9216,167936
33,49,10240,167936
33,98,10240,167936
33,49,11264,167936
66,33,1024,167936
66,66,1024,167936
66,33,2048,167936
66,66,2048,167936
66,33,3072,167936
66,33,4096,167936
66,33,5120,167936
66,33,6144,167936
66,49,9216,167936
66,98,9216,167936
66,49,10240,167936
66,98,10240,167936
66,49,11264,167936
66,98,11264,167936
33,66,0,168960
33,33,1024,168960
33,66,1024,168960
33,33,2048,168960
33,33,3072,168960
33,33,4096,168960
33,33,5120,168960
33,49,8192,168960
33,98,8192,168960
33,49,9216,168960
33,98,9216,168960
33,49,10240,168960
33,98,10240,168960
33,44,12288,168960
66,33,1024,168960
66,66,1024,168960
66,33,2048,168960
66,33,3072,168960
66,33,4096,168960
66,33,5120,168960
66,49,8192,168960
66,98,8192,168960
66,49,9216,168960
66,98,9216,168960
66,49,10240,168960
66,98,10240,168960
66,44,12288,168960
66,88,12288,168960
33,66,0,169984
33,33,1024,169984
33,33,2048,169984
33,33,3072,169984
33,33,4096,169984
33,49,7168,169984
33,98,7168,169984
33,49,8192,169984
33,98,8192,169984
33,49,9216,169984
33,98,9216,169984
33,44,11264,169984
33,88,11264,169984
33,44,12288,169984
66,33,1024,169984
66,33,2048,169984
66,33,3072,169984
66,33,4096,169984
66,49,7168,169984
66,98,7168,169984
66,49,8192,169984
66,98,8192,169984
66,49,9216,169984
66,98,9216,169984
66,44,11264,169984
66,88,11264,169984
66,44,12288,169984
66,88,12288,169984
33,33,1024,171008
33,33,2048,171008
33,33,3072,171008
33,49,6144,171008
33,98,6144,171008
33,49,7168,171008
33,98,7168,171008
33,49,8192,171008
33,98,8192,171008
33,44,10240,171008
33,88,10240,171008
33,44,11264,171008
33,88,11264,171008
33,31,12288,171008
33,33,1024,172032
33,33,2048,172032
33,49,5120,172032
33,98,5120,172032
33,49,6144,172032
33,98,6144,172032
33,49,7168,172032
33,98,7168,172032
33,44,9216,172032
33,88,9216,172032
33,44,10240,172032
33,88,10240,172032
33,31,11264,172032
33,31,12288,172032
33,33,1024,173056
33,49,4096,173056
33,98,4096,173056
33,49,5120,173056
33,98,5120,173056
33,49,6144,173056
33,98,6144,173056
33,44,8192,173056
33,88,8192,173056
33,44,9216,173056
33,88,9216,173056
33,31,10240,173056
33,31,11264,173056
33,62,11264,173056
33,49,3072,174080
33,98,3072,174080
33,49,4096,174080
33,98,4096,174080
33,49,5120,174080
33,98,5120,174080
33,44,7168,174080
33,88,7168,174080
33,44,8192,174080
33,88,8192,174080
33,31,9216,174080
33,31,10240,174080
33,62,10240,174080
33,31,11264,174080
49,98,0,177152
49,49,1024,177152
49,98,1024,177152
49,49,2048,177152
49,98,2048,177152
49,44,4096,177152
49,88,4096,177152
49,44,5120,177152
49,88,5120,177152
49,31,6144,177152
49,31,7168,177152
49,62,7168,177152
49,31,8192,177152
49,62,8192,177152
98,49,1024,177152
98,98,1024,177152
98,49,2048,177152
98,98,2048,177152
98,44,4096,177152
98,88,4096,177152
98,44,5120,177152
98,88,5120,177152
98,31,6144,177152
98,31,7168,177152
98,62,7168,177152
98,31,8192,177152
98,62,8192,177152
98,31,9216,177152
49,98,0,178176
49,49,1024,178176
49,98,1024,178176
49,44,3072,178176
49,88,3072,178176
49,44,4096,178176
49,88,4096,178176
49,31,5120,178176
49,31,6144,178176
49,62,6144,178176
49,31,7168,178176
49,62,7168,178176
49,31,8192,178176
49,62,8192,178176
98,49,1024,178176
98,98,1024,178176
98,44,3072,178176
98,88,3072,178176
98,44,4096,178176
98,88,4096,178176
98,31,5120,178176
98,31,6144,178176
98,62,6144,178176
98,31,7168,178176
98,62,7168,178176
98,31,8192,178176
98,62,8192,178176
98,31,9216,178176
49,98,0,179200
49,44,2048,179200
49,88,2048,179200
49,44,3072,179200
49,88,3072,179200
49,31,4096,179200
49,31,5120,179200
49,62,5120,179200
49,31,6144,179200
49,62,6144,179200
49,31,7168,179200
49,62,7168,179200
49,31,8192,179200
49,62,8192,179200
98,44,2048,179200
98,88,2048,179200
98,44,3072,179200
98,88,3072,179200
98,31,4096,179200
98,31,5120,179200
98,62,5120,179200
98,31,6144,179200
98,62,6144,179200
98,31,7168,179200
98,62,7168,179200
98,31,8192,179200
98,62,8192,179200
98,31,9216,179200
44,88,0,181248
44,44,1024,181248
44,88,1024,181248
44,31,2048,181248
44,31,3072,181248
44,62,3072,181248
44,31,4096,181248
44,62,4096,181248
44,31,5120,181248
44,62,5120,181248
44,31,6144,181248
44,62,6144,181248
44,31,7168,181248
44,62,7168,181248
88,44,1024,181248
88,88,1024,181248
88,31,2048,181248
88,31,3072,181248
88,62,3072,181248
88,31,4096,181248
88,62,4096,181248
88,31,5120,181248
88,62,5120,181248
88,31,6144,181248
88,62,6144,181248
88,31,7168,181248
88,62,7168,181248
88,31,8192,181248
44,88,0,182272
44,31,1024,182272
44,31,2048,182272
44,62,2048,182272
44,31,3072,182272
44,62,3072,182272
44,31,4096,182272
44,62,4096,182272
44,31,5120,182272
44,62,5120,182272
44,31,6144,182272
44,62,6144,182272
44,31,7168,182272
44,62,7168,182272
88,31,1024,182272
88,31,2048,182272
88,62,2048,182272
88,31,3072,182272
88,62,3072,182272
88,31,4096,182272
88,62,4096,182272
88,31,5120,182272
88,62,5120,182272
88,31,6144,182272
88,62,6144,182272
88,31,7168,182272
88,62,7168,182272
88,31,8192,182272
31,31,1024,183296
31,62,1024,183296
31,31,2048,183296
31,62,2048,183296
31,31,3072,183296
31,62,3072,183296
31,31,4096,183296
31,62,4096,183296
31,31,5120,183296
31,62,5120,183296
31,31,6144,183296
31,62,6144,183296
31,31,7168,183296
31,62,7168,183296
31,62,0,184320
31,31,1024,184320
31,62,1024,184320
31,31,2048,184320
31,62,2048,184320
31,31,3072,184320
31,62,3072,184320
31,31,4096,184320
31,62,4096,184320
31,31,5120,184320
31,62,5120,184320
31,31,6144,184320
31,62,6144,184320
31,31,7168,184320
62,31,1024,184320
62,62,1024,184320
62,31,2048,184320
62,62,2048,184320
62,31,3072,184320
62,62,3072,184320
62,31,4096,184320
62,62,4096,184320
62,31,5120,184320
62,62,5120,184320
62,31,6144,184320
62,62,6144,184320
62,31,7168,184320
62,62,7168,184320
31,62,0,185344
31,31,1024,185344
31,62,1024,185344
31,31,2048,185344
31,62,2048,185344
31,31,3072,185344
31,62,3072,185344
31,31,4096,185344
31,62,4096,185344
31,31,5120,185344
31,62,5120,185344
31,31,6144,185344
31,62,6144,185344
31,31,7168,185344
62,31,1024,185344
62,62,1024,185344
62,31,2048,185344
62,62,2048,185344
62,31,3072,185344
62,62,3072,185344
62,31,4096,185344
62,62,4096,185344
62,31,5120,185344
62,62,5120,185344
62,31,6144,185344
62,62,6144,185344
62,31,7168,185344
62,31,8192,185344
31,62,0,186368
31,31,1024,186368
31,62,1024,186368
31,31,2048,186368
31,62,2048,186368
31,31,3072,186368
31,62,3072,186368
31,31,4096,186368
31,62,4096,186368
31,31,5120,186368
31,62,5120,186368
31,31,6144,186368
31,31,7168,186368
31,31,8192,186368
62,31,1024,186368
62,62,1024,186368
62,31,2048,186368
62,62,2048,186368
62,31,3072,186368
62,62,3072,186368
62,31,4096,186368
62,62,4096,186368
62,31,5120,186368
62,62,5120,186368
62,31,6144,186368
62,31,7168,186368
62,31,8192,186368
62,31,9216,186368
31,62,0,187392
31,31,1024,187392
31,62,1024,187392
31,31,2048,187392
31,62,2048,187392
31,31,3072,187392
31,62,3072,187392
31,31,4096,187392
31,62,4096,187392
31,31,5120,187392
31,31,6144,187392
31,31,7168,187392
31,31,8192,187392
31,31,9216,187392
62,31,1024,187392
62,62,1024,187392
62,31,2048,187392
62,62,2048,187392
62,31,3072,187392
62,62,3072,187392
62,31,4096,187392
62,62,4096,187392
62,31,5120,187392
62,31,6144,187392
62,31,7168,187392
62,31,8192,187392
62,31,9216,187392
62,31,10240,187392
31,62,0,188416
31,31,1024,188416
31,62,1024,188416
31,31,2048,188416
31,62,2048,188416
31,31,3072,188416
31,62,3072,188416
31,31,4096,188416
31,31,5120,188416
31,31,6144,188416
31,31,7168,188416
31,31,8192,188416
31,31,9216,188416
31,31,10240,188416
62,31,1024,188416
62,62,1024,188416
62,31,2048,188416
62,62,2048,188416
62,31,3072,188416
62,62,3072,188416
62,31,4096,188416
62,31,5120,188416
62,31,6144,188416
62,31,7168,188416
62,31,8192,188416
62,31,9216,188416
62,31,10240,188416
62,31,11264,188416
31,62,0,189440
31,31,1024,189440
31,62,1024,189440
31,31,2048,189440
31,62,2048,189440
31,31,3072,189440
31,31,4096,189440
31,31,5120,189440
31,31,6144,189440
31,31,7168,189440
31,31,8192,189440
31,31,9216,189440
31,31,10240,189440
31,31,11264,189440
62,31,1024,189440
62,62,1024,189440
62,31,2048,189440
62,62,2048,189440
62,31,3072,189440
62,31,4096,189440
62,31,5120,189440
62,31,6144,189440
62,31,7168,189440
62,31,8192,189440
62,31,9216,189440
62,31,10240,189440
62,31,11264,189440
62,31,12288,189440
31,62,0,190464
31,31,1024,190464
31,62,1024,190464
31,31,2048,190464
31,31,3072,190464
31,31,4096,190464
31,31,5120,190464
31,31,6144,190464
31,31,7168,190464
31,31,8192,190464
31,31,9216,190464
31,31,10240,190464
31,31,11264,190464
31,31,12288,190464
62,31,1024,190464
62,62,1024,190464
62,31,2048,190464
62,31,3072,190464
62,31,4096,190464
62,31,5120,190464
62,31,6144,190464
62,31,7168,190464
62,31,8192,190464
62,31,9216,190464
62,31,10240,190464
62,31,11264,190464
62,31,12288,190464
62,31,13312,190464
31,62,0,191488
31,31,1024,191488
31,31,2048,191488
31,31,3072,191488
31,31,4096,191488
31,31,5120,191488
31,31,6144,191488
31,31,7168,191488
31,31,8192,191488
31,31,9216,191488
31,31,10240,191488
31,31,11264,191488
31,31,12288,191488
31,31,13312,191488
62,31,1024,191488
62,31,2048,191488
62,31,3072,191488
62,31,4096,191488
62,31,5120,191488
62,31,6144,191488
62,31,7168,191488
62,31,8192,191488
62,31,9216,191488
62,31,10240,191488
62,31,11264,191488
62,31,12288,191488
62,31,13312,191488
62,31,14336,191488
31,31,1024,192512
31,31,2048,192512
31,31,3072,192512
31,31,4096,192512
31,31,5120,192512
31,31,6144,192512
31,31,7168,192512
31,31,8192,192512
31,31,9216,192512
31,31,10240,192512
31,31,11264,192512
31,31,12288,192512
31,31,13312,192512
31,31,14336,192512
31,31,1024,193536
31,31,2048,193536
31,31,3072,193536
31,31,4096,193536
31,31,5120,193536
31,31,6144,193536
31,31,7168,193536
31,31,8192,193536
31,31,9216,193536
31,31,10240,193536
31,31,11264,193536
31,31,12288,193536
31,31,13312,193536
31,31,14336,193536
31,31,1024,194560
31,31,2048,194560
31,31,3072,194560
31,31,4096,194560
31,31,5120,194560
31,31,6144,194560
31,31,7168,194560
31,31,8192,194560
31,31,9216,194560
31,31,10240,194560
31,31,11264,194560
31,31,12288,194560
31,31,13312,194560
31,31,14336,194560
31,31,1024,195584
31,31,2048,195584
31,31,3072,195584
31,31,4096,195584
31,31,5120,195584
31,31,6144,195584
31,31,7168,195584
31,31,8192,195584
31,31,9216,195584
31,31,10240,195584
31,31,11264,195584
31,31,12288,195584
31,31,13312,195584
31,31,1024,196608
31,31,2048,196608
31,31,3072,196608
31,31,4096,196608
31,31,5120,196608
31,31,6144,196608
31,31,7168,196608
31,31,8192,196608
31,31,9216,196608
31,31,10240,196608
31,31,11264,196608
31,31,12288,196608
31,31,1024,197632
31,31,2048,197632
31,31,3072,197632
31,31,4096,197632
31,31,5120,197632
31,31,6144,197632
31,31,7168,197632
31,31,8192,197632
31,31,9216,197632
31,31,10240,197632
31,31,11264,197632
31,31,1024,198656
31,31,2048,198656
31,31,3072,198656
31,31,4096,198656
31,31,5120,198656
31,31,6144,198656
31,31,7168,198656
31,31,8192,198656
31,31,9216,198656
31,31,10240,198656
31,31,1024,199680
31,31,2048,199680
31,31,3072,199680
31,31,4096,199680
31,31,5120,199680
31,31,6144,199680
31,31,7168,199680
31,31,8192,199680
31,31,9216,199680
31,31,1024,200704
31,31,2048,200704
31,31,3072,200704
31,31,4096,200704
31,31,5120,200704
31,31,6144,200704
31,31,7168,200704
31,31,8192,200704
31,31,1024,201728
31,31,2048,201728
31,31,3072,201728
31,31,4096,201728
31,31,5120,201728
31,31,6144,201728
31,31,7168,201728
31,31,1024,202752
31,31,2048,202752
31,31,3072,202752
31,31,4096,202752
31,31,5120,202752
31,31,6144,202752
31,31,1024,203776
31,31,2048,203776
31,31,3072,203776
31,31,4096,203776
31,31,5120,203776
31,31,1024,204800
31,31,2048,204800
31,31,3072,204800
31,31,4096,204800
31,31,20480,204800
31,31,1024,205824
31,31,2048,205824
31,31,3072,205824
31,31,19456,205824
31,31,20480,205824
31,31,1024,206848
31,31,2048,206848
31,31,18432,206848
31,31,19456,206848
31,32,20480,206848
31,31,1024,207872
31,31,17408,207872
31,31,18432,207872
31,32,19456,207872
31,33,20480,207872
31,67,20480,207872
31,31,16384,208896
31,31,17408,208896
31,32,18432,208896
31,33,19456,208896
31,67,19456,208896
31,33,20480,208896
31,67,20480,208896
31,31,1024,225280
31,32,2048,225280
31,33,3072,225280
31,67,3072,225280
31,33,4096,225280
31,67,4096,225280
31,37,5120,225280
31,74,5120,225280
31,111,5120,225280
31,37,6144,225280
31,74,6144,225280
31,111,6144,225280
31,37,7168,225280
31,74,7168,225280
31,32,1024,226304
31,33,2048,226304
31,67,2048,226304
31,33,3072,226304
31,67,3072,226304
31,37,4096,226304
31,74,4096,226304
31,111,4096,226304
31,37,5120,226304
31,74,5120,226304
31,111,5120,226304
31,37,6144,226304
31,74,6144,226304
31,111,6144,226304
32,33,1024,227328
32,67,1024,227328
32,33,2048,227328
32,67,2048,227328
32,37,3072,227328
32,74,3072,227328
32,111,3072,227328
32,37,4096,227328
32,74,4096,227328
32,111,4096,227328
32,37,5120,227328
32,74,5120,227328
32,111,5120,227328
32,42,6144,227328
33,67,0,228352
33,33,1024,228352
33,67,1024,228352
33,37,2048,228352
33,74,2048,228352
33,111,2048,228352
33,37,3072,228352
33,74,3072,228352
33,111,3072,228352
33,37,4096,228352
33,74,4096,228352
33,111,4096,228352
33,42,5120,228352
33,83,5120,228352
67,33,1024,228352
67,67,1024,228352
67,37,2048,228352
67,74,2048,228352
67,111,2048,228352
67,37,3072,228352
67,74,3072,228352
67,111,3072,228352
67,37,4096,228352
67,74,4096,228352
67,111,4096,228352
67,42,5120,228352
67,83,5120,228352
67,42,6144,228352
33,67,0,229376
33,37,1024,229376
33,74,1024,229376
33,111,1024,229376
33,37,2048,229376
33,74,2048,229376
33,111,2048,229376
33,37,3072,229376
33,74,3072,229376
33,111,3072,229376
33,42,4096,229376
33,83,4096,229376
33,42,5120,229376
33,83,5120,229376
67,37,1024,229376
67,74,1024,229376
67,111,1024,229376
67,37,2048,229376
67,74,2048,229376
67,111,2048,229376
67,37,3072,229376
67,74,3072,229376
67,111,3072,229376
67,42,4096,229376
67,83,4096,229376
67,42,5120,229376
67,83,5120,229376
67,42,6144,229376
37,74,0,230400
37,111,0,230400
37,37,1024,230400
37,74,1024,230400
37,111,1024,230400
37,37,2048,230400
37,74,2048,230400
37,111,2048,230400
37,42,3072,230400
37,83,3072,230400
37,42,4096,230400
37,83,4096,230400
37,42,5120,230400
37,84,5120,230400
74,111,0,230400
74,37,1024,230400
74,74,1024,230400
74,111,1024,230400
74,37,2048,230400
74,74,2048,230400
74,111,2048,230400
74,42,3072,230400
74,83,3072,230400
74,42,4096,230400
74,83,4096,230400
74,42,5120,230400
74,84,5120,230400
74,44,6144,230400
111,37,1024,230400
111,74,1024,230400
111,111,1024,230400
111,37,2048,230400
111,74,2048,230400
111,111,2048,230400
111,42,3072,230400
111,83,3072,230400
111,42,4096,230400
111,83,4096,230400
111,42,5120,230400
111,84,5120,230400
111,44,6144,230400
111,88,6144,230400
37,74,0,231424
37,111,0,231424
37,37,1024,231424
37,74,1024,231424
37,111,1024,231424
37,42,2048,231424
37,83,2048,231424
37,42,3072,231424
37,83,3072,231424
37,42,4096,231424
37,84,4096,231424
37,44,5120,231424
37,88,5120,231424
37,44,6144,231424
74,111,0,231424
74,37,1024,231424
74,74,1024,231424
74,111,1024,231424
74,42,2048,231424
74,83,2048,231424
74,42,3072,231424
74,83,3072,231424
74,42,4096,231424
74,84,4096,231424
74,44,5120,231424
74,88,5120,231424
74,44,6144,231424
74,87,6144,231424
111,37,1024,231424
111,74,1024,231424
111,111,1024,231424
111,42,2048,231424
111,83,2048,231424
111,42,3072,231424
111,83,3072,231424
111,42,4096,231424
111,84,4096,231424
111,44,5120,231424
111,88,5120,231424
111,44,6144,231424
111,87,6144,231424
111,44,7168,231424
37,74,0,232448
37,111,0,232448
37,42,1024,232448
37,83,1024,232448
37,42,2048,232448
37,83,2048,232448
37,42,3072,232448
37,84,3072,232448
37,44,4096,232448
37,88,4096,232448
37,44,5120,232448
37,87,5120,232448
37,44,6144,232448
37,87,6144,232448
74,111,0,232448
74,42,1024,232448
74,83,1024,232448
74,42,2048,232448
74,83,2048,232448
74,42,3072,232448
74,84,3072,232448
74,44,4096,232448
74,88,4096,232448
74,44,5120,232448
74,87,5120,232448
74,44,6144,232448
74,87,6144,232448
74,44,7168,232448
111,42,1024,232448
111,83,1024,232448
111,42,2048,232448
111,83,2048,232448
111,42,3072,232448
111,84,3072,232448
111,44,4096,232448
111,88,4096,232448
111,44,5120,232448
111,87,5120,232448
111,44,6144,232448
111,87,6144,232448
111,44,7168,232448
111,88,7168,232448
42,83,0,233472
42,42,1024,233472
42,83,1024,233472
42,42,2048,233472
42,84,2048,233472
42,44,3072,233472
42,88,3072,233472
42,44,4096,233472
42,87,4096,233472
42,44,5120,233472
42,87,5120,233472
42,44,6144,233472
42,88,6144,233472
42,44,7168,233472
83,42,1024,233472
83,83,1024,233472
83,42,2048,233472
83,84,2048,233472
83,44,3072,233472
83,88,3072,233472
83,44,4096,233472
83,87,4096,233472
83,44,5120,233472
83,87,5120,233472
83,44,6144,233472
83,88,6144,233472
83,44,7168,233472
83,88,7168,233472
42,83,0,234496
42,42,1024,234496
42,84,1024,234496
42,44,2048,234496
42,88,2048,234496
42,44,3072,234496
42,87,3072,234496
42,44,4096,234496
42,87,4096,234496
42,44,5120,234496
42,88,5120,234496
42,44,6144,234496
42,88,6144,234496
42,44,7168,234496
83,42,1024,234496
83,84,1024,234496
83,44,2048,234496
83,88,2048,234496
83,44,3072,234496
83,87,3072,234496
83,44,4096,234496
83,87,4096,234496
83,44,5120,234496
83,88,5120,234496
83,44,6144,234496
83,88,6144,234496
83,44,7168,234496
83,88,7168,234496
42,84,0,235520
42,44,1024,235520
42,88,1024,235520
42,44,2048,235520
42,87,2048,235520
42,44,3072,235520
42,87,3072,235520
42,44,4096,235520
42,88,4096,235520
42,44,5120,235520
42,88,5120,235520
42,44,6144,235520
42,88,6144,235520
42,44,7168,235520
84,44,1024,235520
84,88,1024,235520
84,44,2048,235520
84,87,2048,235520
84,44,3072,235520
84,87,3072,235520
84,44,4096,235520
84,88,4096,235520
84,44,5120,235520
84,88,5120,235520
84,44,6144,235520
84,88,6144,235520
84,44,7168,235520
84,88,7168,235520
44,88,0,236544
44,44,1024,236544
44,87,1024,236544
44,44,2048,236544
44,87,2048,236544
44,44,3072,236544
44,88,3072,236544
44,44,4096,236544
44,88,4096,236544
44,44,5120,236544
44,88,5120,236544
44,44,6144,236544
44,88,6144,236544
44,44,7168,236544
88,44,1024,236544
88,87,1024,236544
88,44,2048,236544
88,87,2048,236544
88,44,3072,236544
88,88,3072,236544
88,44,4096,236544
88,88,4096,236544
88,44,5120,236544
88,88,5120,236544
88,44,6144,236544
88,88,6144,236544
88,44,7168,236544
88,88,7168,236544
44,87,0,237568
44,44,1024,237568
44,87,1024,237568
44,44,2048,237568
44,88,2048,237568
44,44,3072,237568
44,88,3072,237568
44,44,4096,237568
44,88,4096,237568
44,44,5120,237568
44,88,5120,237568
44,44,6144,237568
44,88,6144,237568
44,44,7168,237568
87,44,1024,237568
87,87,1024,237568
87,44,2048,237568
87,88,2048,237568
87,44,3072,237568
87,88,3072,237568
87,44,4096,237568
87,88,4096,237568
87,44,5120,237568
87,88,5120,237568
87,44,6144,237568
87,88,6144,237568
87,44,7168,237568
87,88,7168,237568
44,87,0,238592
44,44,1024,238592
44,88,1024,238592
44,44,2048,238592
44,88,2048,238592
44,44,3072,238592
44,88,3072,238592
44,44,4096,238592
44,88,4096,238592
44,44,5120,238592
44,88,5120,238592
44,44,6144,238592
44,88,6144,238592
44,44,7168,238592
87,44,1024,238592
87,88,1024,238592
87,44,2048,238592
87,88,2048,238592
87,44,3072,238592
87,88,3072,238592
87,44,4096,238592
87,88,4096,238592
87,44,5120,238592
87,88,5120,238592
87,44,6144,238592
87,88,6144,238592
87,44,7168,238592
87,88,7168,238592
44,88,0,239616
44,44,1024,239616
44,88,1024,239616
44,44,2048,239616
44,88,2048,239616
44,44,3072,239616
44,88,3072,239616
44,44,4096,239616
44,88,4096,239616
44,44,5120,239616
44,88,5120,239616
44,44,6144,239616
44,88,6144,239616
44,88,7168,239616
88,44,1024,239616
88,88,1024,239616
88,44,2048,239616
88,88,2048,239616
88,44,3072,239616
88,88,3072,239616
88,44,4096,239616
88,88,4096,239616
88,44,5120,239616
88,88,5120,239616
88,44,6144,239616
88,88,6144,239616
88,88,7168,239616
88,88,8192,239616
44,88,0,240640
44,44,1024,240640
44,88,1024,240640
44,44,2048,240640
44,88,2048,240640
44,44,3072,240640
44,88,3072,240640
44,44,4096,240640
44,88,4096,240640
44,44,5120,240640
44,88,5120,240640
44,88,6144,240640
44,88,7168,240640
44,42,9216,240640
88,44,1024,240640
88,88,1024,240640
88,44,2048,240640
88,88,2048,240640
88,44,3072,240640
88,88,3072,240640
88,44,4096,240640
88,88,4096,240640
88,44,5120,240640
88,88,5120,240640
88,88,6144,240640
88,88,7168,240640
88,42,9216,240640
88,42,10240,240640
44,88,0,241664
44,44,1024,241664
44,88,1024,241664
44,44,2048,241664
44,88,2048,241664
44,44,3072,241664
44,88,3072,241664
44,44,4096,241664
44,88,4096,241664
44,88,5120,241664
44,88,6144,241664
44,42,8192,241664
44,42,9216,241664
44,84,9216,241664
88,44,1024,241664
88,88,1024,241664
88,44,2048,241664
88,88,2048,241664
88,44,3072,241664
88,88,3072,241664
88,44,4096,241664
88,88,4096,241664
88,88,5120,241664
88,88,6144,241664
88,42,8192,241664
88,42,9216,241664
88,84,9216,241664
88,42,10240,241664
44,88,0,242688
44,44,1024,242688
44,88,1024,242688
44,44,2048,242688
44,88,2048,242688
44,44,3072,242688
44,88,3072,242688
44,88,4096,242688
44,88,5120,242688
44,42,7168,242688
44,42,8192,242688
44,84,8192,242688
44,42,9216,242688
44,84,9216,242688
88,44,1024,242688
88,88,1024,242688
88,44,2048,242688
88,88,2048,242688
88,44,3072,242688
88,88,3072,242688
88,88,4096,242688
88,88,5120,242688
88,42,7168,242688
88,42,8192,242688
88,84,8192,242688
88,42,9216,242688
88,84,9216,242688
88,42,10240,242688
44,88,0,243712
44,44,1024,243712
44,88,1024,243712
44,44,2048,243712
44,88,2048,243712
44,88,3072,243712
44,88,4096,243712
44,42,6144,243712
44,42,7168,243712
44,84,7168,243712
44,42,8192,243712
44,84,8192,243712
44,42,9216,243712
44,84,9216,243712
88,44,1024,243712
88,88,1024,243712
88,44,2048,243712
88,88,2048,243712
88,88,3072,243712
88,88,4096,243712
88,42,6144,243712
88,42,7168,243712
88,84,7168,243712
88,42,8192,243712
88,84,8192,243712
88,42,9216,243712
88,84,9216,243712
88,42,10240,243712
44,88,0,244736
44,44,1024,244736
44,88,1024,244736
44,88,2048,244736
44,88,3072,244736
44,42,5120,244736
44,42,6144,244736
44,84,6144,244736
44,42,7168,244736
44,84,7168,244736
44,42,8192,244736
44,84,8192,244736
44,42,9216,244736
44,84,9216,244736
88,44,1024,244736
88,88,1024,244736
88,88,2048,244736
88,88,3072,244736
88,42,5120,244736
88,42,6144,244736
88,84,6144,244736
88,42,7168,244736
88,84,7168,244736
88,42,8192,244736
88,84,8192,244736
88,42,9216,244736
88,84,9216,244736
88,42,10240,244736
44,88,0,245760
44,88,1024,245760
44,88,2048,245760
44,42,4096,245760
44,42,5120,245760
44,84,5120,245760
44,42,6144,245760
44,84,6144,245760
44,42,7168,245760
44,84,7168,245760
44,42,8192,245760
44,84,8192,245760
44,42,9216,245760
44,84,9216,245760
88,88,1024,245760
88,88,2048,245760
88,42,4096,245760
88,42,5120,245760
88,84,5120,245760
88,42,6144,245760
88,84,6144,245760
88,42,7168,245760
88,84,7168,245760
88,42,8192,245760
88,84,8192,245760
88,42,9216,245760
88,84,9216,245760
88,42,10240,245760
88,88,1024,246784
88,42,3072,246784
88,42,4096,246784
88,84,4096,246784
88,42,5120,246784
88,84,5120,246784
88,42,6144,246784
88,84,6144,246784
88,42,7168,246784
88,84,7168,246784
88,42,8192,246784
88,84,8192,246784
88,42,9216,246784
88,84,9216,246784
88,42,2048,247808
88,42,3072,247808
88,84,3072,247808
88,42,4096,247808
88,84,4096,247808
88,42,5120,247808
88,84,5120,247808
88,42,6144,247808
88,84,6144,247808
88,42,7168,247808
88,84,7168,247808
88,42,8192,247808
88,84,8192,247808
88,42,9216,247808
42,42,1024,249856
42,84,1024,249856
42,42,2048,249856
42,84,2048,249856
42,42,3072,249856
42,84,3072,249856
42,42,4096,249856
42,84,4096,249856
42,42,5120,249856
42,84,5120,249856
42,42,6144,249856
42,84,6144,249856
42,42,7168,249856
42,83,7168,249856
42,84,0,250880
42,42,1024,250880
42,84,1024,250880
42,42,2048,250880
42,84,2048,250880
42,42,3072,250880
42,84,3072,250880
42,42,4096,250880
42,84,4096,250880
42,42,5120,250880
42,84,5120,250880
42,42,6144,250880
42,83,6144,250880
42,42,7168,250880
84,42,1024,250880
84,84,1024,250880
84,42,2048,250880
84,84,2048,250880
84,42,3072,250880
84,84,3072,250880
84,42,4096,250880
84,84,4096,250880
84,42,5120,250880
84,84,5120,250880
84,42,6144,250880
84,83,6144,250880
84,42,7168,250880
84,83,7168,250880
42,84,0,251904
42,42,1024,251904
42,84,1024,251904
42,42,2048,251904
42,84,2048,251904
42,42,3072,251904
42,84,3072,251904
42,42,4096,251904
42,84,4096,251904
42,42,5120,251904
42,83,5120,251904
42,42,6144,251904
42,83,6144,251904
42,42,7168,251904
84,42,1024,251904
84,84,1024,251904
84,42,2048,251904
84,84,2048,251904
84,42,3072,251904
84,84,3072,251904
84,42,4096,251904
84,84,4096,251904
84,42,5120,251904
84,83,5120,251904
84,42,6144,251904
84,83,6144,251904
84,42,7168,251904
84,83,7168,251904
42,84,0,252928
42,42,1024,252928
42,84,1024,252928
42,42,2048,252928
42,84,2048,252928
42,42,3072,252928
42,84,3072,252928
42,42,4096,252928
42,83,4096,252928
42,42,5120,252928
42,83,5120,252928
42,42,6144,252928
42,83,6144,252928
42,42,7168,252928
84,42,1024,252928
84,84,1024,252928
84,42,2048,252928
84,84,2048,252928
84,42,3072,252928
84,84,3072,252928
84,42,4096,252928
84,83,4096,252928
84,42,5120,252928
84,83,5120,252928
84,42,6144,252928
84,83,6144,252928
84,42,7168,252928
84,84,7168,252928
42,84,0,253952
42,42,1024,253952
42,84,1024,253952
42,42,2048,253952
42,84,2048,253952
42,42,3072,253952
42,83,3072,253952
42,42,4096,253952
42,83,4096,253952
42,42,5120,253952
42,83,5120,253952
42,42,6144,253952
42,84,6144,253952
42,42,7168,253952
84,42,1024,253952
84,84,1024,253952
84,42,2048,253952
84,84,2048,253952
84,42,3072,253952
84,83,3072,253952
84,42,4096,253952
84,83,4096,253952
84,42,5120,253952
84,83,5120,253952
84,42,6144,253952
84,84,6144,253952
84,42,7168,253952
84,83,7168,253952
42,84,0,254976
42,42,1024,254976
42,84,1024,254976
42,42,2048,254976
42,83,2048,254976
42,42,3072,254976
42,83,3072,254976
42,42,4096,254976
42,83,4096,254976
42,42,5120,254976
42,84,5120,254976
42,42,6144,254976
42,83,6144,254976
42,42,7168,254976
84,42,1024,254976
84,84,1024,254976
84,42,2048,254976
84,83,2048,254976
84,42,3072,254976
84,83,3072,254976
84,42,4096,254976
84,83,4096,254976
84,42,5120,254976
84,84,5120,254976
84,42,6144,254976
84,83,6144,254976
84,42,7168,254976
84,83,7168,254976
42,84,0,256000
42,42,1024,256000
42,83,1024,256000
42,42,2048,256000
42,83,2048,256000
42,42,3072,256000
42,83,3072,256000
42,42,4096,256000
42,84,4096,256000
42,42,5120,256000
42,83,5120,256000
42,42,6144,256000
42,83,6144,256000
42,42,7168,256000
84,42,1024,256000
84,83,1024,256000
84,42,2048,256000
84,83,2048,256000
84,42,3072,256000
84,83,3072,256000
84,42,4096,256000
84,84,4096,256000
84,42,5120,256000
84,83,5120,256000
84,42,6144,256000
84,83,6144,256000
84,42,7168,256000
84,84,7168,256000
42,83,0,257024
42,42,1024,257024
42,83,1024,257024
42,42,2048,257024
42,83,2048,257024
42,42,3072,257024
42,84,3072,257024
42,42,4096,257024
42,83,4096,257024
42,42,5120,257024
42,83,5120,257024
42,42,6144,257024
42,84,6144,257024
42,42,7168,257024
83,42,1024,257024
83,83,1024,257024
83,42,2048,257024
83,83,2048,257024
83,42,3072,257024
83,84,3072,257024
83,42,4096,257024
83,83,4096,257024
83,42,5120,257024
83,83,5120,257024
83,42,6144,257024
83,84,6144,257024
83,42,7168,257024
83,84,7168,257024
42,83,0,258048
42,42,1024,258048
42,83,1024,258048
42,42,2048,258048
42,84,2048,258048
42,42,3072,258048
42,83,3072,258048
42,42,4096,258048
42,83,4096,258048
42,42,5120,258048
42,84,5120,258048
42,42,6144,258048
42,84,6144,258048
42,42,7168,258048
83,42,1024,258048
83,83,1024,258048
83,42,2048,258048
83,84,2048,258048
83,42,3072,258048
83,83,3072,258048
83,42,4096,258048
83,83,4096,258048
83,42,5120,258048
83,84,5120,258048
83,42,6144,258048
83,84,6144,258048
83,42,7168,258048
83,84,7168,258048
42,83,0,259072
42,42,1024,259072
42,84,1024,259072
42,42,2048,259072
42,83,2048,259072
42,42,3072,259072
42,83,3072,259072
42,42,4096,259072
42,84,4096,259072
42,42,5120,259072
42,84,5120,259072
42,42,6144,259072
42,84,6144,259072
42,42,7168,259072
83,42,1024,259072
83,84,1024,259072
83,42,2048,259072
83,83,2048,259072
83,42,3072,259072
83,83,3072,259072
83,42,4096,259072
83,84,4096,259072
83,42,5120,259072
83,84,5120,259072
83,42,6144,259072
83,84,6144,259072
83,42,7168,259072
83,42,8192,259072
42,84,0,260096
42,42,1024,260096
42,83,1024,260096
42,42,2048,260096
42,83,2048,260096
42,42,3072,260096
42,84,3072,260096
42,42,4096,260096
42,84,4096,260096
42,42,5120,260096
42,84,5120,260096
42,42,6144,260096
42,42,7168,260096
42,42,8192,260096
84,42,1024,260096
84,83,1024,260096
84,42,2048,260096
84,83,2048,260096
84,42,3072,260096
84,84,3072,260096
84,42,4096,260096
84,84,4096,260096
84,42,5120,260096
84,84,5120,260096
84,42,6144,260096
84,42,7168,260096
84,42,8192,260096
42,83,0,261120
42,42,1024,261120
42,83,1024,261120
42,42,2048,261120
42,84,2048,261120
42,42,3072,261120
42,84,3072,261120
42,42,4096,261120
42,84,4096,261120
42,42,5120,261120
42,42,6144,261120
42,42,7168,261120
83,42,1024,261120
83,83,1024,261120
83,42,2048,261120
83,84,2048,261120
83,42,3072,261120
83,84,3072,261120
83,42,4096,261120
83,84,4096,261120
83,42,5120,261120
83,42,6144,261120
83,42,7168,261120
42,83,0,262144
42,42,1024,262144
42,84,1024,262144
42,42,2048,262144
42,84,2048,262144
42,42,3072,262144
42,84,3072,262144
42,42,4096,262144
42,42,5120,262144
42,42,6144,262144
83,42,1024,262144
83,84,1024,262144
83,42,2048,262144
83,84,2048,262144
83,42,3072,262144
83,84,3072,262144
83,42,4096,262144
83,42,5120,262144
83,42,6144,262144
42,84,0,263168
42,42,1024,263168
42,84,1024,263168
42,42,2048,263168
42,84,2048,263168
42,42,3072,263168
42,42,4096,263168
42,42,5120,263168
42,41,20480,263168
42,82,20480,263168
84,42,1024,263168
84,84,1024,263168
84,42,2048,263168
84,84,2048,263168
84,42,3072,263168
84,42,4096,263168
84,42,5120,263168
84,41,20480,263168
84,82,20480,263168
42,84,0,264192
42,42,1024,264192
42,84,1024,264192
42,42,2048,264192
42,42,3072,264192
42,42,4096,264192
42,41,19456,264192
42,82,19456,264192
42,82,20480,264192
84,42,1024,264192
84,84,1024,264192
84,42,2048,264192
84,42,3072,264192
84,42,4096,264192
84,41,19456,264192
84,82,19456,264192
84,82,20480,264192
42,84,0,265216
42,42,1024,265216
42,42,2048,265216
42,42,3072,265216
42,41,18432,265216
42,82,18432,265216
42,82,19456,265216
42,82,20480,265216
84,42,1024,265216
84,42,2048,265216
84,42,3072,265216
84,41,18432,265216
84,82,18432,265216
84,82,19456,265216
84,82,20480,265216
42,42,1024,266240
42,42,2048,266240
42,41,17408,266240
42,82,17408,266240
42,82,18432,266240
42,82,19456,266240
42,82,20480,266240
42,42,1024,267264
42,41,16384,267264
42,82,16384,267264
42,82,17408,267264
42,82,18432,267264
42,82,19456,267264
42,124,20480,267264
42,41,15360,268288
42,82,15360,268288
42,82,16384,268288
42,82,17408,268288
42,82,18432,268288
42,124,19456,268288
42,124,20480,268288
41,82,0,283648
41,82,1024,283648
41,82,2048,283648
41,82,3072,283648
41,124,4096,283648
41,124,5120,283648
41,124,6144,283648
41,124,7168,283648
41,124,8192,283648
41,124,9216,283648
41,124,10240,283648
41,124,11264,283648
41,124,12288,283648
41,124,13312,283648
82,82,1024,283648
82,82,2048,283648
82,82,3072,283648
82,124,4096,283648
82,124,5120,283648
82,124,6144,283648
82,124,7168,283648
82,124,8192,283648
82,124,9216,283648
82,124,10240,283648
82,124,11264,283648
82,124,12288,283648
82,124,13312,283648
82,117,19456,283648
82,82,1024,284672
82,82,2048,284672
82,124,3072,284672
82,124,4096,284672
82,124,5120,284672
82,124,6144,284672
82,124,7168,284672
82,124,8192,284672
82,124,9216,284672
82,124,10240,284672
82,124,11264,284672
82,124,12288,284672
82,117,18432,284672
82,117,19456,284672
82,82,1024,285696
82,124,2048,285696
82,124,3072,285696
82,124,4096,285696
82,124,5120,285696
82,124,6144,285696
82,124,7168,285696
82,124,8192,285696
82,124,9216,285696
82,124,10240,285696
82,124,11264,285696
82,117,17408,285696
82,117,18432,285696
82,39,19456,285696
82,124,1024,286720
82,124,2048,286720
82,124,3072,286720
82,124,4096,286720
82,124,5120,286720
82,124,6144,286720
82,124,7168,286720
82,124,8192,286720
82,124,9216,286720
82,124,10240,286720
82,117,16384,286720
82,117,17408,286720
82,39,18432,286720
82,117,18432,286720
124,124,1024,287744
124,124,2048,287744
124,124,3072,287744
124,124,4096,287744
124,124,5120,287744
124,124,6144,287744
124,124,7168,287744
124,124,8192,287744
124,124,9216,287744
124,117,15360,287744
124,117,16384,287744
124,39,17408,287744
124,117,17408,287744
124,39,18432,287744
124,124,1024,288768
124,124,2048,288768
124,124,3072,288768
124,124,4096,288768
124,124,5120,288768
124,124,6144,288768
124,124,7168,288768
124,124,8192,288768
124,117,14336,288768
124,117,15360,288768
124,39,16384,288768
124,117,16384,288768
124,39,17408,288768
124,117,17408,288768
124,124,1024,289792
124,124,2048,289792
124,124,3072,289792
124,124,4096,289792
124,124,5120,289792
124,124,6144,289792
124,124,7168,289792
124,117,13312,289792
124,117,14336,289792
124,39,15360,289792
124,117,15360,289792
124,39,16384,289792
124,117,16384,289792
124,39,17408,289792
124,124,1024,290816
124,124,2048,290816
124,124,3072,290816
124,124,4096,290816
124,124,5120,290816
124,124,6144,290816
124,117,12288,290816
124,117,13312,290816
124,39,14336,290816
124,117,14336,290816
124,39,15360,290816
124,117,15360,290816
124,39,16384,290816
124,78,16384,290816
124,124,1024,291840
124,124,2048,291840
124,124,3072,291840
124,124,4096,291840
124,124,5120,291840
124,117,11264,291840
124,117,12288,291840
124,39,13312,291840
124,117,13312,291840
124,39,14336,291840
124,117,14336,291840
124,39,15360,291840
124,78,15360,291840
124,117,15360,291840
124,124,1024,292864
124,124,2048,292864
124,124,3072,292864
124,124,4096,292864
124,117,10240,292864
124,117,11264,292864
124,39,12288,292864
124,117,12288,292864
124,39,13312,292864
124,117,13312,292864
124,39,14336,292864
124,78,14336,292864
124,117,14336,292864
124,39,15360,292864
124,124,1024,293888
124,124,2048,293888
124,124,3072,293888
124,117,9216,293888
124,117,10240,293888
124,39,11264,293888
124,117,11264,293888
124,39,12288,293888
124,117,12288,293888
124,39,13312,293888
124,78,13312,293888
124,117,13312,293888
124,39,14336,293888
124,117,14336,293888
124,124,1024,294912
124,124,2048,294912
124,117,8192,294912
124,117,9216,294912
124,39,10240,294912
124,117,10240,294912
124,39,11264,294912
124,117,11264,294912
124,39,12288,294912
124,78,12288,294912
124,117,12288,294912
124,39,13312,294912
124,117,13312,294912
124,39,14336,294912
124,124,1024,295936
124,117,7168,295936
124,117,8192,295936
124,39,9216,295936
124,117,9216,295936
124,39,10240,295936
124,117,10240,295936
124,39,11264,295936
124,78,11264,295936
124,117,11264,295936
124,39,12288,295936
124,117,12288,295936
124,39,13312,295936
124,78,13312,295936
124,117,6144,296960
124,117,7168,296960
124,39,8192,296960
124,117,8192,296960
124,39,9216,296960
124,117,9216,296960
124,39,10240,296960
124,78,10240,296960
124,117,10240,296960
124,39,11264,296960
124,117,11264,296960
124,39,12288,296960
124,78,12288,296960
124,117,12288,296960
117,117,1024,303104
117,39,2048,303104
117,117,2048,303104
117,39,3072,303104
117,117,3072,303104
117,39,4096,303104
117,78,4096,303104
117,117,4096,303104
117,39,5120,303104
117,117,5120,303104
117,39,6144,303104
117,78,6144,303104
117,117,6144,303104
117,39,7168,303104
117,39,1024,304128
117,117,1024,304128
117,39,2048,304128
117,117,2048,304128
117,39,3072,304128
117,78,3072,304128
117,117,3072,304128
117,39,4096,304128
117,117,4096,304128
117,39,5120,304128
117,78,5120,304128
117,117,5120,304128
117,39,6144,304128
117,78,6144,304128
39,117,0,305152
39,39,1024,305152
39,117,1024,305152
39,39,2048,305152
39,78,2048,305152
39,117,2048,305152
39,39,3072,305152
39,117,3072,305152
39,39,4096,305152
39,78,4096,305152
39,117,4096,305152
39,39,5120,305152
39,78,5120,305152
39,117,5120,305152
117,39,1024,305152
117,117,1024,305152
117,39,2048,305152
117,78,2048,305152
117,117,2048,305152
117,39,3072,305152
117,117,3072,305152
117,39,4096,305152
117,78,4096,305152
117,117,4096,305152
117,39,5120,305152
117,78,5120,305152
117,117,5120,305152
117,39,6144,305152
39,117,0,306176
39,39,1024,306176
39,78,1024,306176
39,117,1024,306176
39,39,2048,306176
39,117,2048,306176
39,39,3072,306176
39,78,3072,306176
39,117,3072,306176
39,39,4096,306176
39,78,4096,306176
39,117,4096,306176
39,39,5120,306176
39,78,5120,306176
117,39,1024,306176
117,78,1024,306176
117,117,1024,306176
117,39,2048,306176
117,117,2048,306176
117,39,3072,306176
117,78,3072,306176
117,117,3072,306176
117,39,4096,306176
117,78,4096,306176
117,117,4096,306176
117,39,5120,306176
117,78,5120,306176
117,117,5120,306176
39,78,0,307200
39,117,0,307200
39,39,1024,307200
39,117,1024,307200
39,39,2048,307200
39,78,2048,307200
39,117,2048,307200
39,39,3072,307200
39,78,3072,307200
39,117,3072,307200
39,39,4096,307200
39,78,4096,307200
39,117,4096,307200
39,40,5120,307200
78,117,0,307200
78,39,1024,307200
78,117,1024,307200
78,39,2048,307200
78,78,2048,307200
78,117,2048,307200
78,39,3072,307200
78,78,3072,307200
78,117,3072,307200
78,39,4096,307200
78,78,4096,307200
78,117,4096,307200
78,40,5120,307200
78,116,6144,307200
117,39,1024,307200
117,117,1024,307200
117,39,2048,307200
117,78,2048,307200
117,117,2048,307200
117,39,3072,307200
117,78,3072,307200
117,117,3072,307200
117,39,4096,307200
117,78,4096,307200
117,117,4096,307200
117,40,5120,307200
117,116,6144,307200
39,117,0,308224
39,39,1024,308224
39,78,1024,308224
39,117,1024,308224
39,39,2048,308224
39,78,2048,308224
39,117,2048,308224
39,39,3072,308224
39,78,3072,308224
39,117,3072,308224
39,40,4096,308224
39,116,5120,308224
117,39,1024,308224
117,78,1024,308224
117,117,1024,308224
117,39,2048,308224
117,78,2048,308224
117,117,2048,308224
117,39,3072,308224
117,78,3072,308224
117,117,3072,308224
117,40,4096,308224
117,116,5120,308224
39,78,0,309248
39,117,0,309248
39,39,1024,309248
39,78,1024,309248
39,117,1024,309248
39,39,2048,309248
39,78,2048,309248
39,117,2048,309248
39,40,3072,309248
39,116,4096,309248
39,33,20480,309248
39,66,20480,309248
78,117,0,309248
78,39,1024,309248
78,78,1024,309248
78,117,1024,309248
78,39,2048,309248
78,78,2048,309248
78,117,2048,309248
78,40,3072,309248
78,116,4096,309248
78,33,20480,309248
78,66,20480,309248
117,39,1024,309248
117,78,1024,309248
117,117,1024,309248
117,39,2048,309248
117,78,2048,309248
117,117,2048,309248
117,40,3072,309248
117,116,4096,309248
117,33,20480,309248
117,66,20480,309248
39,78,0,310272
39,117,0,310272
39,39,1024,310272
39,78,1024,310272
39,117,1024,310272
39,40,2048,310272
39,116,3072,310272
39,33,19456,310272
39,66,19456,310272
78,117,0,310272
78,39,1024,310272
78,78,1024,310272
78,117,1024,310272
78,40,2048,310272
78,116,3072,310272
78,33,19456,310272
78,66,19456,310272
117,39,1024,310272
117,78,1024,310272
117,117,1024,310272
117,40,2048,310272
117,116,3072,310272
117,33,19456,310272
117,66,19456,310272
39,78,0,311296
39,117,0,311296
39,40,1024,311296
39,116,2048,311296
39,33,18432,311296
39,66,18432,311296
78,117,0,311296
78,40,1024,311296
78,116,2048,311296
78,33,18432,311296
78,66,18432,311296
117,40,1024,311296
117,116,2048,311296
117,33,18432,311296
117,66,18432,311296
40,116,1024,312320
40,33,17408,312320
40,66,17408,312320
116,33,16384,313344
116,66,16384,313344
33,66,0,329728
