31,62,0,0
31,28,2048,0
31,55,2048,0
31,28,3072,0
31,55,3072,0
31,28,4096,0
31,56,4096,0
31,55,5120,0
31,55,6144,0
31,55,8192,0
62,28,2048,0
62,55,2048,0
62,28,3072,0
62,55,3072,0
62,28,4096,0
62,56,4096,0
62,55,5120,0
62,55,6144,0
62,55,8192,0
28,55,0,2048
28,28,1024,2048
28,55,1024,2048
28,28,2048,2048
28,56,2048,2048
28,55,3072,2048
28,55,4096,2048
28,55,6144,2048
55,28,1024,2048
55,55,1024,2048
55,28,2048,2048
55,56,2048,2048
55,55,3072,2048
55,55,4096,2048
55,55,6144,2048
28,55,0,3072
28,28,1024,3072
28,56,1024,3072
28,55,2048,3072
28,55,3072,3072
28,55,5120,3072
55,28,1024,3072
55,56,1024,3072
55,55,2048,3072
55,55,3072,3072
55,55,5120,3072
28,56,0,4096
28,55,1024,4096
28,55,2048,4096
28,55,4096,4096
56,55,1024,4096
56,55,2048,4096
56,55,4096,4096
55,55,1024,5120
55,55,3072,5120
55,53,20480,5120
55,55,2048,6144
55,53,19456,6144
55,53,17408,8192
55,28,19456,8192
55,56,19456,8192
55,28,20480,8192
55,56,20480,8192
53,28,2048,25600
53,56,2048,25600
53,28,3072,25600
53,56,3072,25600
53,57,4096,25600
53,29,5120,25600
53,58,5120,25600
53,29,6144,25600
53,58,6144,25600
53,29,7168,25600
53,58,7168,25600
53,25,12288,25600
53,49,12288,25600
53,25,13312,25600
28,56,0,27648
28,28,1024,27648
28,56,1024,27648
28,57,2048,27648
28,29,3072,27648
28,58,3072,27648
28,29,4096,27648
28,58,4096,27648
28,29,5120,27648
28,58,5120,27648
28,25,10240,27648
28,49,10240,27648
28,25,11264,27648
28,49,11264,27648
56,28,1024,27648
56,56,1024,27648
56,57,2048,27648
56,29,3072,27648
56,58,3072,27648
56,29,4096,27648
56,58,4096,27648
56,29,5120,27648
56,58,5120,27648
56,25,10240,27648
56,49,10240,27648
56,25,11264,27648
56,49,11264,27648
56,25,12288,27648
28,56,0,28672
28,57,1024,28672
28,29,2048,28672
28,58,2048,28672
28,29,3072,28672
28,58,3072,28672
28,29,4096,28672
28,58,4096,28672
28,25,9216,28672
28,49,9216,28672
28,25,10240,28672
28,49,10240,28672
28,25,11264,28672
28,49,11264,28672
56,57,1024,28672
56,29,2048,28672
56,58,2048,28672
56,29,3072,28672
56,58,3072,28672
56,29,4096,28672
56,58,4096,28672
56,25,9216,28672
56,49,9216,28672
56,25,10240,28672
56,49,10240,28672
56,25,11264,28672
56,49,11264,28672
56,49,12288,28672
57,29,1024,29696
57,58,1024,29696
57,29,2048,29696
57,58,2048,29696
57,29,3072,29696
57,58,3072,29696
57,25,8192,29696
57,49,8192,29696
57,25,9216,29696
57,49,9216,29696
57,25,10240,29696
57,49,10240,29696
57,49,11264,29696
57,49,12288,29696
29,58,0,30720
29,29,1024,30720
29,58,1024,30720
29,29,2048,30720
29,58,2048,30720
29,25,7168,30720
29,49,7168,30720
29,25,8192,30720
29,49,8192,30720
29,25,9216,30720
29,49,9216,30720
29,49,10240,30720
29,49,11264,30720
29,49,12288,30720
58,29,1024,30720
58,58,1024,30720
58,29,2048,30720
58,58,2048,30720
58,25,7168,30720
58,49,7168,30720
58,25,8192,30720
58,49,8192,30720
58,25,9216,30720
58,49,9216,30720
58,49,10240,30720
58,49,11264,30720
58,49,12288,30720
58,56,17408,30720
29,58,0,31744
29,29,1024,31744
29,58,1024,31744
29,25,6144,31744
29,49,6144,31744
29,25,7168,31744
29,49,7168,31744
29,25,8192,31744
29,49,8192,31744
29,49,9216,31744
29,49,10240,31744
29,49,11264,31744
29,56,16384,31744
29,28,17408,31744
58,29,1024,31744
58,58,1024,31744
58,25,6144,31744
58,49,6144,31744
58,25,7168,31744
58,49,7168,31744
58,25,8192,31744
58,49,8192,31744
58,49,9216,31744
58,49,10240,31744
58,49,11264,31744
58,56,16384,31744
58,28,17408,31744
58,56,17408,31744
29,58,0,32768
29,25,5120,32768
29,49,5120,32768
29,25,6144,32768
29,49,6144,32768
29,25,7168,32768
29,49,7168,32768
29,49,8192,32768
29,49,9216,32768
29,49,10240,32768
29,56,15360,32768
29,28,16384,32768
29,56,16384,32768
29,28,17408,32768
58,25,5120,32768
58,49,5120,32768
58,25,6144,32768
58,49,6144,32768
58,25,7168,32768
58,49,7168,32768
58,49,8192,32768
58,49,9216,32768
58,49,10240,32768
58,56,15360,32768
58,28,16384,32768
58,56,16384,32768
58,28,17408,32768
58,56,17408,32768
25,49,0,37888
25,25,1024,37888
25,49,1024,37888
25,25,2048,37888
25,49,2048,37888
25,49,3072,37888
25,49,4096,37888
25,49,5120,37888
25,56,10240,37888
25,28,11264,37888
25,56,11264,37888
25,28,12288,37888
25,56,12288,37888
25,28,13312,37888
49,25,1024,37888
49,49,1024,37888
49,25,2048,37888
49,49,2048,37888
49,49,3072,37888
49,49,4096,37888
49,49,5120,37888
49,56,10240,37888
49,28,11264,37888
49,56,11264,37888
49,28,12288,37888
49,56,12288,37888
49,28,13312,37888
49,56,13312,37888
25,49,0,38912
25,25,1024,38912
25,49,1024,38912
25,49,2048,38912
25,49,3072,38912
25,49,4096,38912
25,56,9216,38912
25,28,10240,38912
25,56,10240,38912
25,28,11264,38912
25,56,11264,38912
25,28,12288,38912
25,56,12288,38912
25,28,13312,38912
49,25,1024,38912
49,49,1024,38912
49,49,2048,38912
49,49,3072,38912
49,49,4096,38912
49,56,9216,38912
49,28,10240,38912
49,56,10240,38912
49,28,11264,38912
49,56,11264,38912
49,28,12288,38912
49,56,12288,38912
49,28,13312,38912
49,56,13312,38912
25,49,0,39936
25,49,1024,39936
25,49,2048,39936
25,49,3072,39936
25,56,8192,39936
25,28,9216,39936
25,56,9216,39936
25,28,10240,39936
25,56,10240,39936
25,28,11264,39936
25,56,11264,39936
25,28,12288,39936
25,56,12288,39936
25,31,13312,39936
49,49,1024,39936
49,49,2048,39936
49,49,3072,39936
49,56,8192,39936
49,28,9216,39936
49,56,9216,39936
49,28,10240,39936
49,56,10240,39936
49,28,11264,39936
49,56,11264,39936
49,28,12288,39936
49,56,12288,39936
49,31,13312,39936
49,31,14336,39936
49,49,1024,40960
49,49,2048,40960
49,56,7168,40960
49,28,8192,40960
49,56,8192,40960
49,28,9216,40960
49,56,9216,40960
49,28,10240,40960
49,56,10240,40960
49,28,11264,40960
49,56,11264,40960
49,31,12288,40960
49,31,13312,40960
49,62,13312,40960
49,49,1024,41984
49,56,6144,41984
49,28,7168,41984
49,56,7168,41984
49,28,8192,41984
49,56,8192,41984
49,28,9216,41984
49,56,9216,41984
49,28,10240,41984
49,56,10240,41984
49,31,11264,41984
49,31,12288,41984
49,62,12288,41984
49,31,13312,41984
49,56,5120,43008
49,28,6144,43008
49,56,6144,43008
49,28,7168,43008
49,56,7168,43008
49,28,8192,43008
49,56,8192,43008
49,28,9216,43008
49,56,9216,43008
49,31,10240,43008
49,31,11264,43008
49,62,11264,43008
49,31,12288,43008
49,62,12288,43008
56,28,1024,48128
56,56,1024,48128
56,28,2048,48128
56,56,2048,48128
56,28,3072,48128
56,56,3072,48128
56,28,4096,48128
56,56,4096,48128
56,31,5120,48128
56,31,6144,48128
56,62,6144,48128
56,31,7168,48128
56,62,7168,48128
56,31,8192,48128
28,56,0,49152
28,28,1024,49152
28,56,1024,49152
28,28,2048,49152
28,56,2048,49152
28,28,3072,49152
28,56,3072,49152
28,31,4096,49152
28,31,5120,49152
28,62,5120,49152
28,31,6144,49152
28,62,6144,49152
28,31,7168,49152
28,62,7168,49152
56,28,1024,49152
56,56,1024,49152
56,28,2048,49152
56,56,2048,49152
56,28,3072,49152
56,56,3072,49152
56,31,4096,49152
56,31,5120,49152
56,62,5120,49152
56,31,6144,49152
56,62,6144,49152
56,31,7168,49152
56,62,7168,49152
56,31,9216,49152
28,56,0,50176
28,28,1024,50176
28,56,1024,50176
28,28,2048,50176
28,56,2048,50176
28,31,3072,50176
28,31,4096,50176
28,62,4096,50176
28,31,5120,50176
28,62,5120,50176
28,31,6144,50176
28,62,6144,50176
28,31,8192,50176
28,62,8192,50176
56,28,1024,50176
56,56,1024,50176
56,28,2048,50176
56,56,2048,50176
56,31,3072,50176
56,31,4096,50176
56,62,4096,50176
56,31,5120,50176
56,62,5120,50176
56,31,6144,50176
56,62,6144,50176
56,31,8192,50176
56,62,8192,50176
56,31,10240,50176
28,56,0,51200
28,28,1024,51200
28,56,1024,51200
28,31,2048,51200
28,31,3072,51200
28,62,3072,51200
28,31,4096,51200
28,62,4096,51200
28,31,5120,51200
28,62,5120,51200
28,31,7168,51200
28,62,7168,51200
28,31,9216,51200
28,62,9216,51200
56,28,1024,51200
56,56,1024,51200
56,31,2048,51200
56,31,3072,51200
56,62,3072,51200
56,31,4096,51200
56,62,4096,51200
56,31,5120,51200
56,62,5120,51200
56,31,7168,51200
56,62,7168,51200
56,31,9216,51200
56,62,9216,51200
56,31,12288,51200
28,56,0,52224
28,31,1024,52224
28,31,2048,52224
28,62,2048,52224
28,31,3072,52224
28,62,3072,52224
28,31,4096,52224
28,62,4096,52224
28,31,6144,52224
28,62,6144,52224
28,31,8192,52224
28,62,8192,52224
28,31,11264,52224
28,62,11264,52224
56,31,1024,52224
56,31,2048,52224
56,62,2048,52224
56,31,3072,52224
56,62,3072,52224
56,31,4096,52224
56,62,4096,52224
56,31,6144,52224
56,62,6144,52224
56,31,8192,52224
56,62,8192,52224
56,31,11264,52224
56,62,11264,52224
56,31,12288,52224
31,31,1024,53248
31,62,1024,53248
31,31,2048,53248
31,62,2048,53248
31,31,3072,53248
31,62,3072,53248
31,31,5120,53248
31,62,5120,53248
31,31,7168,53248
31,62,7168,53248
31,31,10240,53248
31,62,10240,53248
31,31,11264,53248
31,29,12288,53248
31,62,0,54272
31,31,1024,54272
31,62,1024,54272
31,31,2048,54272
31,62,2048,54272
31,31,4096,54272
31,62,4096,54272
31,31,6144,54272
31,62,6144,54272
31,31,9216,54272
31,62,9216,54272
31,31,10240,54272
31,29,11264,54272
31,55,12288,54272
62,31,1024,54272
62,62,1024,54272
62,31,2048,54272
62,62,2048,54272
62,31,4096,54272
62,62,4096,54272
62,31,6144,54272
62,62,6144,54272
62,31,9216,54272
62,62,9216,54272
62,31,10240,54272
62,29,11264,54272
62,55,12288,54272
62,53,13312,54272
31,62,0,55296
31,31,1024,55296
31,62,1024,55296
31,31,3072,55296
31,62,3072,55296
31,31,5120,55296
31,62,5120,55296
31,31,8192,55296
31,62,8192,55296
31,31,9216,55296
31,29,10240,55296
31,55,11264,55296
31,53,12288,55296
31,25,13312,55296
62,31,1024,55296
62,62,1024,55296
62,31,3072,55296
62,62,3072,55296
62,31,5120,55296
62,62,5120,55296
62,31,8192,55296
62,62,8192,55296
62,31,9216,55296
62,29,10240,55296
62,55,11264,55296
62,53,12288,55296
62,25,13312,55296
62,50,13312,55296
31,62,0,56320
31,31,2048,56320
31,62,2048,56320
31,31,4096,56320
31,62,4096,56320
31,31,7168,56320
31,62,7168,56320
31,31,8192,56320
31,29,9216,56320
31,55,10240,56320
31,53,11264,56320
31,25,12288,56320
31,50,12288,56320
31,25,13312,56320
62,31,2048,56320
62,62,2048,56320
62,31,4096,56320
62,62,4096,56320
62,31,7168,56320
62,62,7168,56320
62,31,8192,56320
62,29,9216,56320
62,55,10240,56320
62,53,11264,56320
62,25,12288,56320
62,50,12288,56320
62,25,13312,56320
62,50,13312,56320
31,62,0,58368
31,31,2048,58368
31,62,2048,58368
31,31,5120,58368
31,62,5120,58368
31,31,6144,58368
31,29,7168,58368
31,55,8192,58368
31,53,9216,58368
31,25,10240,58368
31,50,10240,58368
31,25,11264,58368
31,50,11264,58368
31,25,12288,58368
62,31,2048,58368
62,62,2048,58368
62,31,5120,58368
62,62,5120,58368
62,31,6144,58368
62,29,7168,58368
62,55,8192,58368
62,53,9216,58368
62,25,10240,58368
62,50,10240,58368
62,25,11264,58368
62,50,11264,58368
62,25,12288,58368
62,50,12288,58368
31,62,0,60416
31,31,3072,60416
31,62,3072,60416
31,31,4096,60416
31,29,5120,60416
31,55,6144,60416
31,53,7168,60416
31,25,8192,60416
31,50,8192,60416
31,25,9216,60416
31,50,9216,60416
31,25,10240,60416
31,50,10240,60416
31,25,11264,60416
62,31,3072,60416
62,62,3072,60416
62,31,4096,60416
62,29,5120,60416
62,55,6144,60416
62,53,7168,60416
62,25,8192,60416
62,50,8192,60416
62,25,9216,60416
62,50,9216,60416
62,25,10240,60416
62,50,10240,60416
62,25,11264,60416
62,50,11264,60416
31,62,0,63488
31,31,1024,63488
31,29,2048,63488
31,55,3072,63488
31,53,4096,63488
31,25,5120,63488
31,50,5120,63488
31,25,6144,63488
31,50,6144,63488
31,25,7168,63488
31,50,7168,63488
31,25,8192,63488
31,50,8192,63488
31,25,9216,63488
62,31,1024,63488
62,29,2048,63488
62,55,3072,63488
62,53,4096,63488
62,25,5120,63488
62,50,5120,63488
62,25,6144,63488
62,50,6144,63488
62,25,7168,63488
62,50,7168,63488
62,25,8192,63488
62,50,8192,63488
62,25,9216,63488
62,50,9216,63488
31,29,1024,64512
31,55,2048,64512
31,53,3072,64512
31,25,4096,64512
31,50,4096,64512
31,25,5120,64512
31,50,5120,64512
31,25,6144,64512
31,50,6144,64512
31,25,7168,64512
31,50,7168,64512
31,25,8192,64512
31,50,8192,64512
31,25,9216,64512
29,55,1024,65536
29,53,2048,65536
29,25,3072,65536
29,50,3072,65536
29,25,4096,65536
29,50,4096,65536
29,25,5120,65536
29,50,5120,65536
29,25,6144,65536
29,50,6144,65536
29,25,7168,65536
29,50,7168,65536
29,25,8192,65536
29,25,9216,65536
55,53,1024,66560
55,25,2048,66560
55,50,2048,66560
55,25,3072,66560
55,50,3072,66560
55,25,4096,66560
55,50,4096,66560
55,25,5120,66560
55,50,5120,66560
55,25,6144,66560
55,50,6144,66560
55,25,7168,66560
55,25,8192,66560
55,25,9216,66560
53,25,1024,67584
53,50,1024,67584
53,25,2048,67584
53,50,2048,67584
53,25,3072,67584
53,50,3072,67584
53,25,4096,67584
53,50,4096,67584
53,25,5120,67584
53,50,5120,67584
53,25,6144,67584
53,25,7168,67584
53,25,8192,67584
25,50,0,68608
25,25,1024,68608
25,50,1024,68608
25,25,2048,68608
25,50,2048,68608
25,25,3072,68608
25,50,3072,68608
25,25,4096,68608
25,50,4096,68608
25,25,5120,68608
25,25,6144,68608
25,25,7168,68608
50,25,1024,68608
50,50,1024,68608
50,25,2048,68608
50,50,2048,68608
50,25,3072,68608
50,50,3072,68608
50,25,4096,68608
50,50,4096,68608
50,25,5120,68608
50,25,6144,68608
50,25,7168,68608
25,50,0,69632
25,25,1024,69632
25,50,1024,69632
25,25,2048,69632
25,50,2048,69632
25,25,3072,69632
25,50,3072,69632
25,25,4096,69632
25,25,5120,69632
25,25,6144,69632
50,25,1024,69632
50,50,1024,69632
50,25,2048,69632
50,50,2048,69632
50,25,3072,69632
50,50,3072,69632
50,25,4096,69632
50,25,5120,69632
50,25,6144,69632
25,50,0,70656
25,25,1024,70656
25,50,1024,70656
25,25,2048,70656
25,50,2048,70656
25,25,3072,70656
25,25,4096,70656
25,25,5120,70656
50,25,1024,70656
50,50,1024,70656
50,25,2048,70656
50,50,2048,70656
50,25,3072,70656
50,25,4096,70656
50,25,5120,70656
25,50,0,71680
25,25,1024,71680
25,50,1024,71680
25,25,2048,71680
25,25,3072,71680
25,25,4096,71680
50,25,1024,71680
50,50,1024,71680
50,25,2048,71680
50,25,3072,71680
50,25,4096,71680
25,50,0,72704
25,25,1024,72704
25,25,2048,72704
25,25,3072,72704
50,25,1024,72704
50,25,2048,72704
50,25,3072,72704
25,25,1024,73728
25,25,2048,73728
25,25,1024,74752
33,33,1024,97280
33,33,2048,97280
33,33,3072,97280
33,41,6144,97280
33,122,6144,97280
33,123,7168,97280
33,123,8192,97280
33,124,9216,97280
33,124,10240,97280
33,124,11264,97280
33,123,13312,97280
33,42,14336,97280
33,41,15360,97280
33,41,19456,97280
33,33,1024,98304
33,33,2048,98304
33,41,5120,98304
33,122,5120,98304
33,123,6144,98304
33,123,7168,98304
33,124,8192,98304
33,124,9216,98304
33,124,10240,98304
33,123,12288,98304
33,42,13312,98304
33,41,14336,98304
33,41,18432,98304
33,42,20480,98304
33,33,1024,99328
33,41,4096,99328
33,122,4096,99328
33,123,5120,99328
33,123,6144,99328
33,124,7168,99328
33,124,8192,99328
33,124,9216,99328
33,123,11264,99328
33,42,12288,99328
33,41,13312,99328
33,41,17408,99328
33,42,19456,99328
33,41,3072,100352
33,122,3072,100352
33,123,4096,100352
33,123,5120,100352
33,124,6144,100352
33,124,7168,100352
33,124,8192,100352
33,123,10240,100352
33,42,11264,100352
33,41,12288,100352
33,41,16384,100352
33,42,18432,100352
33,41,20480,100352
41,122,0,103424
41,123,1024,103424
41,123,2048,103424
41,124,3072,103424
41,124,4096,103424
41,124,5120,103424
41,123,7168,103424
41,42,8192,103424
41,41,9216,103424
41,41,13312,103424
41,42,15360,103424
41,41,17408,103424
41,42,19456,103424
122,123,1024,103424
122,123,2048,103424
122,124,3072,103424
122,124,4096,103424
122,124,5120,103424
122,123,7168,103424
122,42,8192,103424
122,41,9216,103424
122,41,13312,103424
122,42,15360,103424
122,41,17408,103424
122,42,19456,103424
123,123,1024,104448
123,124,2048,104448
123,124,3072,104448
123,124,4096,104448
123,123,6144,104448
123,42,7168,104448
123,41,8192,104448
123,41,12288,104448
123,42,14336,104448
123,41,16384,104448
123,42,18432,104448
123,124,1024,105472
123,124,2048,105472
123,124,3072,105472
123,123,5120,105472
123,42,6144,105472
123,41,7168,105472
123,41,11264,105472
123,42,13312,105472
123,41,15360,105472
123,42,17408,105472
124,124,1024,106496
124,124,2048,106496
124,123,4096,106496
124,42,5120,106496
124,41,6144,106496
124,41,10240,106496
124,42,12288,106496
124,41,14336,106496
124,42,16384,106496
124,124,1024,107520
124,123,3072,107520
124,42,4096,107520
124,41,5120,107520
124,41,9216,107520
124,42,11264,107520
124,41,13312,107520
124,42,15360,107520
124,41,20480,107520
124,124,20480,107520
124,123,2048,108544
124,42,3072,108544
124,41,4096,108544
124,41,8192,108544
124,42,10240,108544
124,41,12288,108544
124,42,14336,108544
124,41,19456,108544
124,124,19456,108544
124,41,20480,108544
124,124,20480,108544
123,42,1024,110592
123,41,2048,110592
123,41,6144,110592
123,42,8192,110592
123,41,10240,110592
123,42,12288,110592
123,41,17408,110592
123,124,17408,110592
123,41,18432,110592
123,124,18432,110592
123,42,19456,110592
123,125,19456,110592
42,41,1024,111616
42,41,5120,111616
42,42,7168,111616
42,41,9216,111616
42,42,11264,111616
42,41,16384,111616
42,124,16384,111616
42,41,17408,111616
42,124,17408,111616
42,42,18432,111616
42,125,18432,111616
41,41,4096,112640
41,42,6144,112640
41,41,8192,112640
41,42,10240,112640
41,41,15360,112640
41,124,15360,112640
41,41,16384,112640
41,124,16384,112640
41,42,17408,112640
41,125,17408,112640
41,111,20480,112640
41,42,2048,116736
41,41,4096,116736
41,42,6144,116736
41,41,11264,116736
41,124,11264,116736
41,41,12288,116736
41,124,12288,116736
41,42,13312,116736
41,125,13312,116736
41,111,16384,116736
41,31,17408,116736
41,31,18432,116736
41,62,18432,116736
41,31,19456,116736
42,41,2048,118784
42,42,4096,118784
42,41,9216,118784
42,124,9216,118784
42,41,10240,118784
42,124,10240,118784
42,42,11264,118784
42,125,11264,118784
42,111,14336,118784
42,31,15360,118784
42,31,16384,118784
42,62,16384,118784
42,31,17408,118784
42,62,17408,118784
41,42,2048,120832
41,41,7168,120832
41,124,7168,120832
41,41,8192,120832
41,124,8192,120832
41,42,9216,120832
41,125,9216,120832
41,111,12288,120832
41,31,13312,120832
41,31,14336,120832
41,62,14336,120832
41,31,15360,120832
41,62,15360,120832
42,41,5120,122880
42,124,5120,122880
42,41,6144,122880
42,124,6144,122880
42,42,7168,122880
42,125,7168,122880
42,111,10240,122880
42,31,11264,122880
42,31,12288,122880
42,62,12288,122880
42,31,13312,122880
42,62,13312,122880
41,124,0,128000
41,41,1024,128000
41,124,1024,128000
41,42,2048,128000
41,125,2048,128000
41,111,5120,128000
41,31,6144,128000
41,31,7168,128000
41,62,7168,128000
41,31,8192,128000
41,62,8192,128000
124,41,1024,128000
124,124,1024,128000
124,42,2048,128000
124,125,2048,128000
124,111,5120,128000
124,31,6144,128000
124,31,7168,128000
124,62,7168,128000
124,31,8192,128000
124,62,8192,128000
41,124,0,129024
41,42,1024,129024
41,125,1024,129024
41,111,4096,129024
41,31,5120,129024
41,31,6144,129024
41,62,6144,129024
41,31,7168,129024
41,62,7168,129024
124,42,1024,129024
124,125,1024,129024
124,111,4096,129024
124,31,5120,129024
124,31,6144,129024
124,62,6144,129024
124,31,7168,129024
124,62,7168,129024
42,125,0,130048
42,111,3072,130048
42,31,4096,130048
42,31,5120,130048
42,62,5120,130048
42,31,6144,130048
42,62,6144,130048
125,111,3072,130048
125,31,4096,130048
125,31,5120,130048
125,62,5120,130048
125,31,6144,130048
125,62,6144,130048
111,31,1024,133120
111,31,2048,133120
111,62,2048,133120
111,31,3072,133120
111,62,3072,133120
31,31,1024,134144
31,62,1024,134144
31,31,2048,134144
31,62,2048,134144
31,62,0,135168
31,31,1024,135168
31,62,1024,135168
62,31,1024,135168
62,62,1024,135168
31,62,0,136192
21,21,1024,172032
21,25,2048,172032
21,49,2048,172032
21,25,3072,172032
21,50,3072,172032
21,33,5120,172032
21,33,6144,172032
21,77,8192,172032
21,41,9216,172032
21,123,9216,172032
21,123,10240,172032
21,123,11264,172032
21,123,12288,172032
21,123,13312,172032
21,25,1024,173056
21,49,1024,173056
21,25,2048,173056
21,50,2048,173056
21,33,4096,173056
21,33,5120,173056
21,77,7168,173056
21,41,8192,173056
21,123,8192,173056
21,123,9216,173056
21,123,10240,173056
21,123,11264,173056
21,123,12288,173056
21,123,13312,173056
25,49,0,174080
25,25,1024,174080
25,50,1024,174080
25,33,3072,174080
25,33,4096,174080
25,77,6144,174080
25,41,7168,174080
25,123,7168,174080
25,123,8192,174080
25,123,9216,174080
25,123,10240,174080
25,123,11264,174080
25,123,12288,174080
25,123,13312,174080
49,25,1024,174080
49,50,1024,174080
49,33,3072,174080
49,33,4096,174080
49,77,6144,174080
49,41,7168,174080
49,123,7168,174080
49,123,8192,174080
49,123,9216,174080
49,123,10240,174080
49,123,11264,174080
49,123,12288,174080
49,123,13312,174080
49,41,15360,174080
25,50,0,175104
25,33,2048,175104
25,33,3072,175104
25,77,5120,175104
25,41,6144,175104
25,123,6144,175104
25,123,7168,175104
25,123,8192,175104
25,123,9216,175104
25,123,10240,175104
25,123,11264,175104
25,123,12288,175104
25,41,14336,175104
25,123,15360,175104
50,33,2048,175104
50,33,3072,175104
50,77,5120,175104
50,41,6144,175104
50,123,6144,175104
50,123,7168,175104
50,123,8192,175104
50,123,9216,175104
50,123,10240,175104
50,123,11264,175104
50,123,12288,175104
50,41,14336,175104
50,123,15360,175104
50,41,16384,175104
33,33,1024,177152
33,77,3072,177152
33,41,4096,177152
33,123,4096,177152
33,123,5120,177152
33,123,6144,177152
33,123,7168,177152
33,123,8192,177152
33,123,9216,177152
33,123,10240,177152
33,41,12288,177152
33,123,13312,177152
33,41,14336,177152
33,123,15360,177152
33,77,2048,178176
33,41,3072,178176
33,123,3072,178176
33,123,4096,178176
33,123,5120,178176
33,123,6144,178176
33,123,7168,178176
33,123,8192,178176
33,123,9216,178176
33,41,11264,178176
33,123,12288,178176
33,41,13312,178176
33,123,14336,178176
33,42,15360,178176
77,41,1024,180224
77,123,1024,180224
77,123,2048,180224
77,123,3072,180224
77,123,4096,180224
77,123,5120,180224
77,123,6144,180224
77,123,7168,180224
77,41,9216,180224
77,123,10240,180224
77,41,11264,180224
77,123,12288,180224
77,42,13312,180224
77,42,15360,180224
41,123,0,181248
41,123,1024,181248
41,123,2048,181248
41,123,3072,181248
41,123,4096,181248
41,123,5120,181248
41,123,6144,181248
41,41,8192,181248
41,123,9216,181248
41,41,10240,181248
41,123,11264,181248
41,42,12288,181248
41,42,14336,181248
41,41,15360,181248
123,123,1024,181248
123,123,2048,181248
123,123,3072,181248
123,123,4096,181248
123,123,5120,181248
123,123,6144,181248
123,41,8192,181248
123,123,9216,181248
123,41,10240,181248
123,123,11264,181248
123,42,12288,181248
123,42,14336,181248
123,41,15360,181248
123,42,17408,181248
123,123,1024,182272
123,123,2048,182272
123,123,3072,182272
123,123,4096,182272
123,123,5120,182272
123,41,7168,182272
123,123,8192,182272
123,41,9216,182272
123,123,10240,182272
123,42,11264,182272
123,42,13312,182272
123,41,14336,182272
123,42,16384,182272
123,123,1024,183296
123,123,2048,183296
123,123,3072,183296
123,123,4096,183296
123,41,6144,183296
123,123,7168,183296
123,41,8192,183296
123,123,9216,183296
123,42,10240,183296
123,42,12288,183296
123,41,13312,183296
123,42,15360,183296
123,123,1024,184320
123,123,2048,184320
123,123,3072,184320
123,41,5120,184320
123,123,6144,184320
123,41,7168,184320
123,123,8192,184320
123,42,9216,184320
123,42,11264,184320
123,41,12288,184320
123,42,14336,184320
123,123,1024,185344
123,123,2048,185344
123,41,4096,185344
123,123,5120,185344
123,41,6144,185344
123,123,7168,185344
123,42,8192,185344
123,42,10240,185344
123,41,11264,185344
123,42,13312,185344
123,123,1024,186368
123,41,3072,186368
123,123,4096,186368
123,41,5120,186368
123,123,6144,186368
123,42,7168,186368
123,42,9216,186368
123,41,10240,186368
123,42,12288,186368
123,42,20480,186368
123,124,20480,186368
123,41,2048,187392
123,123,3072,187392
123,41,4096,187392
123,123,5120,187392
123,42,6144,187392
123,42,8192,187392
123,41,9216,187392
123,42,11264,187392
123,42,19456,187392
123,124,19456,187392
123,42,20480,187392
123,125,20480,187392
41,123,1024,189440
41,41,2048,189440
41,123,3072,189440
41,42,4096,189440
41,42,6144,189440
41,41,7168,189440
41,42,9216,189440
41,42,17408,189440
41,124,17408,189440
41,42,18432,189440
41,125,18432,189440
41,42,19456,189440
41,42,20480,189440
41,125,20480,189440
123,41,1024,190464
123,123,2048,190464
123,42,3072,190464
123,42,5120,190464
123,41,6144,190464
123,42,8192,190464
123,42,16384,190464
123,124,16384,190464
123,42,17408,190464
123,125,17408,190464
123,42,18432,190464
123,42,19456,190464
123,125,19456,190464
123,42,20480,190464
41,123,1024,191488
41,42,2048,191488
41,42,4096,191488
41,41,5120,191488
41,42,7168,191488
41,42,15360,191488
41,124,15360,191488
41,42,16384,191488
41,125,16384,191488
41,42,17408,191488
41,42,18432,191488
41,125,18432,191488
41,42,19456,191488
41,125,19456,191488
123,42,1024,192512
123,42,3072,192512
123,41,4096,192512
123,42,6144,192512
123,42,14336,192512
123,124,14336,192512
123,42,15360,192512
123,125,15360,192512
123,42,16384,192512
123,42,17408,192512
123,125,17408,192512
123,42,18432,192512
123,125,18432,192512
123,74,20480,192512
42,42,2048,193536
42,41,3072,193536
42,42,5120,193536
42,42,13312,193536
42,124,13312,193536
42,42,14336,193536
42,125,14336,193536
42,42,15360,193536
42,42,16384,193536
42,125,16384,193536
42,42,17408,193536
42,125,17408,193536
42,74,19456,193536
42,74,20480,193536
42,41,1024,195584
42,42,3072,195584
42,42,11264,195584
42,124,11264,195584
42,42,12288,195584
42,125,12288,195584
42,42,13312,195584
42,42,14336,195584
42,125,14336,195584
42,42,15360,195584
42,125,15360,195584
42,74,17408,195584
42,74,18432,195584
42,111,18432,195584
41,42,2048,196608
41,42,10240,196608
41,124,10240,196608
41,42,11264,196608
41,125,11264,196608
41,42,12288,196608
41,42,13312,196608
41,125,13312,196608
41,42,14336,196608
41,125,14336,196608
41,74,16384,196608
41,74,17408,196608
41,111,17408,196608
41,74,18432,196608
42,42,8192,198656
42,124,8192,198656
42,42,9216,198656
42,125,9216,198656
42,42,10240,198656
42,42,11264,198656
42,125,11264,198656
42,42,12288,198656
42,125,12288,198656
42,74,14336,198656
42,74,15360,198656
42,111,15360,198656
42,74,16384,198656
42,32,18432,198656
42,124,0,206848
42,42,1024,206848
42,125,1024,206848
42,42,2048,206848
42,42,3072,206848
42,125,3072,206848
42,42,4096,206848
42,125,4096,206848
42,74,6144,206848
42,74,7168,206848
42,111,7168,206848
42,74,8192,206848
42,32,10240,206848
42,31,11264,206848
124,42,1024,206848
124,125,1024,206848
124,42,2048,206848
124,42,3072,206848
124,125,3072,206848
124,42,4096,206848
124,125,4096,206848
124,74,6144,206848
124,74,7168,206848
124,111,7168,206848
124,74,8192,206848
124,32,10240,206848
124,31,11264,206848
124,63,11264,206848
42,125,0,207872
42,42,1024,207872
42,42,2048,207872
42,125,2048,207872
42,42,3072,207872
42,125,3072,207872
42,74,5120,207872
42,74,6144,207872
42,111,6144,207872
42,74,7168,207872
42,32,9216,207872
42,31,10240,207872
42,63,10240,207872
42,31,11264,207872
125,42,1024,207872
125,42,2048,207872
125,125,2048,207872
125,42,3072,207872
125,125,3072,207872
125,74,5120,207872
125,74,6144,207872
125,111,6144,207872
125,74,7168,207872
125,32,9216,207872
125,31,10240,207872
125,63,10240,207872
125,31,11264,207872
125,63,11264,207872
42,42,1024,208896
42,125,1024,208896
42,42,2048,208896
42,125,2048,208896
42,74,4096,208896
42,74,5120,208896
42,111,5120,208896
42,74,6144,208896
42,32,8192,208896
42,31,9216,208896
42,63,9216,208896
42,31,10240,208896
42,63,10240,208896
42,31,11264,208896
42,125,0,209920
42,42,1024,209920
42,125,1024,209920
42,74,3072,209920
42,74,4096,209920
42,111,4096,209920
42,74,5120,209920
42,32,7168,209920
42,31,8192,209920
42,63,8192,209920
42,31,9216,209920
42,63,9216,209920
42,31,10240,209920
42,63,10240,209920
125,42,1024,209920
125,125,1024,209920
125,74,3072,209920
125,74,4096,209920
125,111,4096,209920
125,74,5120,209920
125,32,7168,209920
125,31,8192,209920
125,63,8192,209920
125,31,9216,209920
125,63,9216,209920
125,31,10240,209920
125,63,10240,209920
125,32,11264,209920
42,125,0,210944
42,74,2048,210944
42,74,3072,210944
42,111,3072,210944
42,74,4096,210944
42,32,6144,210944
42,31,7168,210944
42,63,7168,210944
42,31,8192,210944
42,63,8192,210944
42,31,9216,210944
42,63,9216,210944
42,32,10240,210944
42,63,10240,210944
125,74,2048,210944
125,74,3072,210944
125,111,3072,210944
125,74,4096,210944
125,32,6144,210944
125,31,7168,210944
125,63,7168,210944
125,31,8192,210944
125,63,8192,210944
125,31,9216,210944
125,63,9216,210944
125,32,10240,210944
125,63,10240,210944
125,113,13312,210944
74,74,1024,212992
74,111,1024,212992
74,74,2048,212992
74,32,4096,212992
74,31,5120,212992
74,63,5120,212992
74,31,6144,212992
74,63,6144,212992
74,31,7168,212992
74,63,7168,212992
74,32,8192,212992
74,63,8192,212992
74,113,11264,212992
74,111,0,214016
74,74,1024,214016
74,32,3072,214016
74,31,4096,214016
74,63,4096,214016
74,31,5120,214016
74,63,5120,214016
74,31,6144,214016
74,63,6144,214016
74,32,7168,214016
74,63,7168,214016
74,113,10240,214016
111,74,1024,214016
111,32,3072,214016
111,31,4096,214016
111,63,4096,214016
111,31,5120,214016
111,63,5120,214016
111,31,6144,214016
111,63,6144,214016
111,32,7168,214016
111,63,7168,214016
111,113,10240,214016
74,32,2048,215040
74,31,3072,215040
74,63,3072,215040
74,31,4096,215040
74,63,4096,215040
74,31,5120,215040
74,63,5120,215040
74,32,6144,215040
74,63,6144,215040
74,113,9216,215040
32,31,1024,217088
32,63,1024,217088
32,31,2048,217088
32,63,2048,217088
32,31,3072,217088
32,63,3072,217088
32,32,4096,217088
32,63,4096,217088
32,113,7168,217088
31,63,0,218112
31,31,1024,218112
31,63,1024,218112
31,31,2048,218112
31,63,2048,218112
31,32,3072,218112
31,63,3072,218112
31,113,6144,218112
63,31,1024,218112
63,63,1024,218112
63,31,2048,218112
63,63,2048,218112
63,32,3072,218112
63,63,3072,218112
63,113,6144,218112
31,63,0,219136
31,31,1024,219136
31,63,1024,219136
31,32,2048,219136
31,63,2048,219136
31,113,5120,219136
63,31,1024,219136
63,63,1024,219136
63,32,2048,219136
63,63,2048,219136
63,113,5120,219136
31,63,0,220160
31,32,1024,220160
31,63,1024,220160
31,113,4096,220160
63,32,1024,220160
63,63,1024,220160
63,113,4096,220160
32,63,0,221184
32,113,3072,221184
63,113,3072,221184
53,55,1024,277504
53,55,2048,277504
53,55,3072,277504
53,55,4096,277504
53,55,5120,277504
53,55,6144,277504
53,55,7168,277504
53,55,8192,277504
53,55,9216,277504
53,55,10240,277504
53,55,11264,277504
53,55,12288,277504
53,55,13312,277504
53,55,14336,277504
55,55,1024,278528
55,55,2048,278528
55,55,3072,278528
55,55,4096,278528
55,55,5120,278528
55,55,6144,278528
55,55,7168,278528
55,55,8192,278528
55,55,9216,278528
55,55,10240,278528
55,55,11264,278528
55,55,12288,278528
55,55,13312,278528
55,52,15360,278528
55,55,1024,279552
55,55,2048,279552
55,55,3072,279552
55,55,4096,279552
55,55,5120,279552
55,55,6144,279552
55,55,7168,279552
55,55,8192,279552
55,55,9216,279552
55,55,10240,279552
55,55,11264,279552
55,55,12288,279552
55,52,14336,279552
55,52,15360,279552
55,55,1024,280576
55,55,2048,280576
55,55,3072,280576
55,55,4096,280576
55,55,5120,280576
55,55,6144,280576
55,55,7168,280576
55,55,8192,280576
55,55,9216,280576
55,55,10240,280576
55,55,11264,280576
55,52,13312,280576
55,52,14336,280576
55,52,15360,280576
55,55,1024,281600
55,55,2048,281600
55,55,3072,281600
55,55,4096,281600
55,55,5120,281600
55,55,6144,281600
55,55,7168,281600
55,55,8192,281600
55,55,9216,281600
55,55,10240,281600
55,52,12288,281600
55,52,13312,281600
55,52,14336,281600
55,52,15360,281600
55,55,1024,282624
55,55,2048,282624
55,55,3072,282624
55,55,4096,282624
55,55,5120,282624
55,55,6144,282624
55,55,7168,282624
55,55,8192,282624
55,55,9216,282624
55,52,11264,282624
55,52,12288,282624
55,52,13312,282624
55,52,14336,282624
55,52,15360,282624
55,55,1024,283648
55,55,2048,283648
55,55,3072,283648
55,55,4096,283648
55,55,5120,283648
55,55,6144,283648
55,55,7168,283648
55,55,8192,283648
55,52,10240,283648
55,52,11264,283648
55,52,12288,283648
55,52,13312,283648
55,52,14336,283648
55,52,15360,283648
55,55,1024,284672
55,55,2048,284672
55,55,3072,284672
55,55,4096,284672
55,55,5120,284672
55,55,6144,284672
55,55,7168,284672
55,52,9216,284672
55,52,10240,284672
55,52,11264,284672
55,52,12288,284672
55,52,13312,284672
55,52,14336,284672
55,52,15360,284672
55,55,1024,285696
55,55,2048,285696
55,55,3072,285696
55,55,4096,285696
55,55,5120,285696
55,55,6144,285696
55,52,8192,285696
55,52,9216,285696
55,52,10240,285696
55,52,11264,285696
55,52,12288,285696
55,52,13312,285696
55,52,14336,285696
55,52,17408,285696
55,55,1024,286720
55,55,2048,286720
55,55,3072,286720
55,55,4096,286720
55,55,5120,286720
55,52,7168,286720
55,52,8192,286720
55,52,9216,286720
55,52,10240,286720
55,52,11264,286720
55,52,12288,286720
55,52,13312,286720
55,52,16384,286720
55,55,1024,287744
55,55,2048,287744
55,55,3072,287744
55,55,4096,287744
55,52,6144,287744
55,52,7168,287744
55,52,8192,287744
55,52,9216,287744
55,52,10240,287744
55,52,11264,287744
55,52,12288,287744
55,52,15360,287744
55,55,1024,288768
55,55,2048,288768
55,55,3072,288768
55,52,5120,288768
55,52,6144,288768
55,52,7168,288768
55,52,8192,288768
55,52,9216,288768
55,52,10240,288768
55,52,11264,288768
55,52,14336,288768
55,55,1024,289792
55,55,2048,289792
55,52,4096,289792
55,52,5120,289792
55,52,6144,289792
55,52,7168,289792
55,52,8192,289792
55,52,9216,289792
55,52,10240,289792
55,52,13312,289792
55,55,1024,290816
55,52,3072,290816
55,52,4096,290816
55,52,5120,290816
55,52,6144,290816
55,52,7168,290816
55,52,8192,290816
55,52,9216,290816
55,52,12288,290816
55,52,2048,291840
55,52,3072,291840
55,52,4096,291840
55,52,5120,291840
55,52,6144,291840
55,52,7168,291840
55,52,8192,291840
55,52,11264,291840
52,52,1024,293888
52,52,2048,293888
52,52,3072,293888
52,52,4096,293888
52,52,5120,293888
52,52,6144,293888
52,52,9216,293888
52,52,1024,294912
52,52,2048,294912
52,52,3072,294912
52,52,4096,294912
52,52,5120,294912
52,52,8192,294912
52,52,1024,295936
52,52,2048,295936
52,52,3072,295936
52,52,4096,295936
52,52,7168,295936
52,52,1024,296960
52,52,2048,296960
52,52,3072,296960
52,52,6144,296960
52,52,1024,297984
52,52,2048,297984
52,52,5120,297984
52,52,1024,299008
52,52,4096,299008
52,52,3072,300032
