69,87,1024,1024
69,66,2048,1024
69,66,3072,1024
69,32,4096,1024
69,51,5120,1024
69,55,6144,1024
69,56,7168,1024
69,55,8192,1024
69,60,10240,1024
69,61,11264,1024
69,31,13312,1024
69,61,14336,1024
87,66,1024,2048
87,66,2048,2048
87,32,3072,2048
87,51,4096,2048
87,55,5120,2048
87,56,6144,2048
87,55,7168,2048
87,60,9216,2048
87,61,10240,2048
87,31,12288,2048
87,61,13312,2048
66,66,1024,3072
66,32,2048,3072
66,51,3072,3072
66,55,4096,3072
66,56,5120,3072
66,55,6144,3072
66,60,8192,3072
66,61,9216,3072
66,31,11264,3072
66,61,12288,3072
66,32,1024,4096
66,51,2048,4096
66,55,3072,4096
66,56,4096,4096
66,55,5120,4096
66,60,7168,4096
66,61,8192,4096
66,31,10240,4096
66,61,11264,4096
32,51,1024,5120
32,55,2048,5120
32,56,3072,5120
32,55,4096,5120
32,60,6144,5120
32,61,7168,5120
32,31,9216,5120
32,61,10240,5120
51,55,1024,6144
51,56,2048,6144
51,55,3072,6144
51,60,5120,6144
51,61,6144,6144
51,31,8192,6144
51,61,9216,6144
55,56,1024,7168
55,55,2048,7168
55,60,4096,7168
55,61,5120,7168
55,31,7168,7168
55,61,8192,7168
56,55,1024,8192
56,60,3072,8192
56,61,4096,8192
56,31,6144,8192
56,61,7168,8192
56,37,20480,8192
55,60,2048,9216
55,61,3072,9216
55,31,5120,9216
55,61,6144,9216
55,37,19456,9216
55,112,20480,9216
60,61,1024,11264
60,31,3072,11264
60,61,4096,11264
60,37,17408,11264
60,112,18432,11264
60,57,19456,11264
60,82,20480,11264
61,31,2048,12288
61,61,3072,12288
61,37,16384,12288
61,112,17408,12288
61,57,18432,12288
61,82,19456,12288
61,113,20480,12288
31,61,1024,14336
31,37,14336,14336
31,112,15360,14336
31,57,16384,14336
31,82,17408,14336
31,113,18432,14336
31,113,19456,14336
31,75,20480,14336
61,37,13312,15360
61,112,14336,15360
61,57,15360,15360
61,82,16384,15360
61,113,17408,15360
61,113,18432,15360
61,75,19456,15360
61,82,20480,15360
37,112,1024,28672
37,57,2048,28672
37,82,3072,28672
37,113,4096,28672
37,113,5120,28672
37,75,6144,28672
37,82,7168,28672
37,79,8192,28672
37,112,9216,28672
37,73,10240,28672
37,81,11264,28672
37,44,12288,28672
37,49,13312,28672
37,99,14336,28672
112,57,1024,29696
112,82,2048,29696
112,113,3072,29696
112,113,4096,29696
112,75,5120,29696
112,82,6144,29696
112,79,7168,29696
112,112,8192,29696
112,73,9216,29696
112,81,10240,29696
112,44,11264,29696
112,49,12288,29696
112,99,13312,29696
112,69,14336,29696
57,82,1024,30720
57,113,2048,30720
57,113,3072,30720
57,75,4096,30720
57,82,5120,30720
57,79,6144,30720
57,112,7168,30720
57,73,8192,30720
57,81,9216,30720
57,44,10240,30720
57,49,11264,30720
57,99,12288,30720
57,69,13312,30720
57,66,15360,30720
82,113,1024,31744
82,113,2048,31744
82,75,3072,31744
82,82,4096,31744
82,79,5120,31744
82,112,6144,31744
82,73,7168,31744
82,81,8192,31744
82,44,9216,31744
82,49,10240,31744
82,99,11264,31744
82,69,12288,31744
82,66,14336,31744
82,50,15360,31744
113,113,1024,32768
113,75,2048,32768
113,82,3072,32768
113,79,4096,32768
113,112,5120,32768
113,73,6144,32768
113,81,7168,32768
113,44,8192,32768
113,49,9216,32768
113,99,10240,32768
113,69,11264,32768
113,66,13312,32768
113,50,14336,32768
113,66,15360,32768
113,75,1024,33792
113,82,2048,33792
113,79,3072,33792
113,112,4096,33792
113,73,5120,33792
113,81,6144,33792
113,44,7168,33792
113,49,8192,33792
113,99,9216,33792
113,69,10240,33792
113,66,12288,33792
113,50,13312,33792
113,66,14336,33792
113,50,16384,33792
75,82,1024,34816
75,79,2048,34816
75,112,3072,34816
75,73,4096,34816
75,81,5120,34816
75,44,6144,34816
75,49,7168,34816
75,99,8192,34816
75,69,9216,34816
75,66,11264,34816
75,50,12288,34816
75,66,13312,34816
75,50,15360,34816
75,65,16384,34816
82,79,1024,35840
82,112,2048,35840
82,73,3072,35840
82,81,4096,35840
82,44,5120,35840
82,49,6144,35840
82,99,7168,35840
82,69,8192,35840
82,66,10240,35840
82,50,11264,35840
82,66,12288,35840
82,50,14336,35840
82,65,15360,35840
82,67,16384,35840
79,112,1024,36864
79,73,2048,36864
79,81,3072,36864
79,44,4096,36864
79,49,5120,36864
79,99,6144,36864
79,69,7168,36864
79,66,9216,36864
79,50,10240,36864
79,66,11264,36864
79,50,13312,36864
79,65,14336,36864
79,67,15360,36864
79,68,16384,36864
112,73,1024,37888
112,81,2048,37888
112,44,3072,37888
112,49,4096,37888
112,99,5120,37888
112,69,6144,37888
112,66,8192,37888
112,50,9216,37888
112,66,10240,37888
112,50,12288,37888
112,65,13312,37888
112,67,14336,37888
112,68,15360,37888
73,81,1024,38912
73,44,2048,38912
73,49,3072,38912
73,99,4096,38912
73,69,5120,38912
73,66,7168,38912
73,50,8192,38912
73,66,9216,38912
73,50,11264,38912
73,65,12288,38912
73,67,13312,38912
73,68,14336,38912
73,98,20480,38912
81,44,1024,39936
81,49,2048,39936
81,99,3072,39936
81,69,4096,39936
81,66,6144,39936
81,50,7168,39936
81,66,8192,39936
81,50,10240,39936
81,65,11264,39936
81,67,12288,39936
81,68,13312,39936
81,98,19456,39936
81,48,20480,39936
44,49,1024,40960
44,99,2048,40960
44,69,3072,40960
44,66,5120,40960
44,50,6144,40960
44,66,7168,40960
44,50,9216,40960
44,65,10240,40960
44,67,11264,40960
44,68,12288,40960
44,98,18432,40960
44,48,19456,40960
44,67,20480,40960
49,99,1024,41984
49,69,2048,41984
49,66,4096,41984
49,50,5120,41984
49,66,6144,41984
49,50,8192,41984
49,65,9216,41984
49,67,10240,41984
49,68,11264,41984
49,98,17408,41984
49,48,18432,41984
49,67,19456,41984
49,66,20480,41984
99,69,1024,43008
99,66,3072,43008
99,50,4096,43008
99,66,5120,43008
99,50,7168,43008
99,65,8192,43008
99,67,9216,43008
99,68,10240,43008
99,98,16384,43008
99,48,17408,43008
99,67,18432,43008
99,66,19456,43008
99,97,20480,43008
69,66,2048,44032
69,50,3072,44032
69,66,4096,44032
69,50,6144,44032
69,65,7168,44032
69,67,8192,44032
69,68,9216,44032
69,98,15360,44032
69,48,16384,44032
69,67,17408,44032
69,66,18432,44032
69,97,19456,44032
69,49,20480,44032
66,50,1024,46080
66,66,2048,46080
66,50,4096,46080
66,65,5120,46080
66,67,6144,46080
66,68,7168,46080
66,98,13312,46080
66,48,14336,46080
66,67,15360,46080
66,66,16384,46080
66,97,17408,46080
66,49,18432,46080
66,48,19456,46080
66,47,20480,46080
50,66,1024,47104
50,50,3072,47104
50,65,4096,47104
50,67,5120,47104
50,68,6144,47104
50,98,12288,47104
50,48,13312,47104
50,67,14336,47104
50,66,15360,47104
50,97,16384,47104
50,49,17408,47104
50,48,18432,47104
50,47,19456,47104
50,51,20480,47104
66,50,2048,48128
66,65,3072,48128
66,67,4096,48128
66,68,5120,48128
66,98,11264,48128
66,48,12288,48128
66,67,13312,48128
66,66,14336,48128
66,97,15360,48128
66,49,16384,48128
66,48,17408,48128
66,47,18432,48128
66,51,19456,48128
50,65,1024,50176
50,67,2048,50176
50,68,3072,50176
50,98,9216,50176
50,48,10240,50176
50,67,11264,50176
50,66,12288,50176
50,97,13312,50176
50,49,14336,50176
50,48,15360,50176
50,47,16384,50176
50,51,17408,50176
50,167,20480,50176
65,67,1024,51200
65,68,2048,51200
65,98,8192,51200
65,48,9216,51200
65,67,10240,51200
65,66,11264,51200
65,97,12288,51200
65,49,13312,51200
65,48,14336,51200
65,47,15360,51200
65,51,16384,51200
65,167,19456,51200
65,168,20480,51200
67,68,1024,52224
67,98,7168,52224
67,48,8192,52224
67,67,9216,52224
67,66,10240,52224
67,97,11264,52224
67,49,12288,52224
67,48,13312,52224
67,47,14336,52224
67,51,15360,52224
67,167,18432,52224
67,168,19456,52224
67,67,20480,52224
68,98,6144,53248
68,48,7168,53248
68,67,8192,53248
68,66,9216,53248
68,97,10240,53248
68,49,11264,53248
68,48,12288,53248
68,47,13312,53248
68,51,14336,53248
68,167,17408,53248
68,168,18432,53248
68,67,19456,53248
68,82,20480,53248
98,48,1024,59392
98,67,2048,59392
98,66,3072,59392
98,97,4096,59392
98,49,5120,59392
98,48,6144,59392
98,47,7168,59392
98,51,8192,59392
98,167,11264,59392
98,168,12288,59392
98,67,13312,59392
98,82,14336,59392
98,66,15360,59392
98,51,16384,59392
48,67,1024,60416
48,66,2048,60416
48,97,3072,60416
48,49,4096,60416
48,48,5120,60416
48,47,6144,60416
48,51,7168,60416
48,167,10240,60416
48,168,11264,60416
48,67,12288,60416
48,82,13312,60416
48,66,14336,60416
48,51,15360,60416
48,33,16384,60416
67,66,1024,61440
67,97,2048,61440
67,49,3072,61440
67,48,4096,61440
67,47,5120,61440
67,51,6144,61440
67,167,9216,61440
67,168,10240,61440
67,67,11264,61440
67,82,12288,61440
67,66,13312,61440
67,51,14336,61440
67,33,15360,61440
67,41,16384,61440
66,97,1024,62464
66,49,2048,62464
66,48,3072,62464
66,47,4096,62464
66,51,5120,62464
66,167,8192,62464
66,168,9216,62464
66,67,10240,62464
66,82,11264,62464
66,66,12288,62464
66,51,13312,62464
66,33,14336,62464
66,41,15360,62464
66,37,17408,62464
97,49,1024,63488
97,48,2048,63488
97,47,3072,63488
97,51,4096,63488
97,167,7168,63488
97,168,8192,63488
97,67,9216,63488
97,82,10240,63488
97,66,11264,63488
97,51,12288,63488
97,33,13312,63488
97,41,14336,63488
97,37,16384,63488
97,103,17408,63488
49,48,1024,64512
49,47,2048,64512
49,51,3072,64512
49,167,6144,64512
49,168,7168,64512
49,67,8192,64512
49,82,9216,64512
49,66,10240,64512
49,51,11264,64512
49,33,12288,64512
49,41,13312,64512
49,37,15360,64512
49,103,16384,64512
49,105,17408,64512
48,47,1024,65536
48,51,2048,65536
48,167,5120,65536
48,168,6144,65536
48,67,7168,65536
48,82,8192,65536
48,66,9216,65536
48,51,10240,65536
48,33,11264,65536
48,41,12288,65536
48,37,14336,65536
48,103,15360,65536
48,105,16384,65536
48,48,17408,65536
47,51,1024,66560
47,167,4096,66560
47,168,5120,66560
47,67,6144,66560
47,82,7168,66560
47,66,8192,66560
47,51,9216,66560
47,33,10240,66560
47,41,11264,66560
47,37,13312,66560
47,103,14336,66560
47,105,15360,66560
47,48,16384,66560
47,105,17408,66560
51,167,3072,67584
51,168,4096,67584
51,67,5120,67584
51,82,6144,67584
51,66,7168,67584
51,51,8192,67584
51,33,9216,67584
51,41,10240,67584
51,37,12288,67584
51,103,13312,67584
51,105,14336,67584
51,48,15360,67584
51,105,16384,67584
51,42,17408,67584
167,168,1024,70656
167,67,2048,70656
167,82,3072,70656
167,66,4096,70656
167,51,5120,70656
167,33,6144,70656
167,41,7168,70656
167,37,9216,70656
167,103,10240,70656
167,105,11264,70656
167,48,12288,70656
167,105,13312,70656
167,42,14336,70656
167,37,15360,70656
168,67,1024,71680
168,82,2048,71680
168,66,3072,71680
168,51,4096,71680
168,33,5120,71680
168,41,6144,71680
168,37,8192,71680
168,103,9216,71680
168,105,10240,71680
168,48,11264,71680
168,105,12288,71680
168,42,13312,71680
168,37,14336,71680
168,37,16384,71680
67,82,1024,72704
67,66,2048,72704
67,51,3072,72704
67,33,4096,72704
67,41,5120,72704
67,37,7168,72704
67,103,8192,72704
67,105,9216,72704
67,48,10240,72704
67,105,11264,72704
67,42,12288,72704
67,37,13312,72704
67,37,15360,72704
67,41,16384,72704
82,66,1024,73728
82,51,2048,73728
82,33,3072,73728
82,41,4096,73728
82,37,6144,73728
82,103,7168,73728
82,105,8192,73728
82,48,9216,73728
82,105,10240,73728
82,42,11264,73728
82,37,12288,73728
82,37,14336,73728
82,41,15360,73728
82,59,16384,73728
66,51,1024,74752
66,33,2048,74752
66,41,3072,74752
66,37,5120,74752
66,103,6144,74752
66,105,7168,74752
66,48,8192,74752
66,105,9216,74752
66,42,10240,74752
66,37,11264,74752
66,37,13312,74752
66,41,14336,74752
66,59,15360,74752
66,35,16384,74752
51,33,1024,75776
51,41,2048,75776
51,37,4096,75776
51,103,5120,75776
51,105,6144,75776
51,48,7168,75776
51,105,8192,75776
51,42,9216,75776
51,37,10240,75776
51,37,12288,75776
51,41,13312,75776
51,59,14336,75776
51,35,15360,75776
33,41,1024,76800
33,37,3072,76800
33,103,4096,76800
33,105,5120,76800
33,48,6144,76800
33,105,7168,76800
33,42,8192,76800
33,37,9216,76800
33,37,11264,76800
33,41,12288,76800
33,59,13312,76800
33,35,14336,76800
41,37,2048,77824
41,103,3072,77824
41,105,4096,77824
41,48,5120,77824
41,105,6144,77824
41,42,7168,77824
41,37,8192,77824
41,37,10240,77824
41,41,11264,77824
41,59,12288,77824
41,35,13312,77824
37,103,1024,79872
37,105,2048,79872
37,48,3072,79872
37,105,4096,79872
37,42,5120,79872
37,37,6144,79872
37,37,8192,79872
37,41,9216,79872
37,59,10240,79872
37,35,11264,79872
103,105,1024,80896
103,48,2048,80896
103,105,3072,80896
103,42,4096,80896
103,37,5120,80896
103,37,7168,80896
103,41,8192,80896
103,59,9216,80896
103,35,10240,80896
105,48,1024,81920
105,105,2048,81920
105,42,3072,81920
105,37,4096,81920
105,37,6144,81920
105,41,7168,81920
105,59,8192,81920
105,35,9216,81920
105,96,20480,81920
48,105,1024,82944
48,42,2048,82944
48,37,3072,82944
48,37,5120,82944
48,41,6144,82944
48,59,7168,82944
48,35,8192,82944
48,96,19456,82944
48,118,20480,82944
105,42,1024,83968
105,37,2048,83968
105,37,4096,83968
105,41,5120,83968
105,59,6144,83968
105,35,7168,83968
105,96,18432,83968
105,118,19456,83968
105,46,20480,83968
42,37,1024,84992
42,37,3072,84992
42,41,4096,84992
42,59,5120,84992
42,35,6144,84992
42,96,17408,84992
42,118,18432,84992
42,46,19456,84992
42,34,20480,84992
37,37,2048,86016
37,41,3072,86016
37,59,4096,86016
37,35,5120,86016
37,96,16384,86016
37,118,17408,86016
37,46,18432,86016
37,34,19456,86016
37,62,20480,86016
37,41,1024,88064
37,59,2048,88064
37,35,3072,88064
37,96,14336,88064
37,118,15360,88064
37,46,16384,88064
37,34,17408,88064
37,62,18432,88064
37,58,19456,88064
37,33,20480,88064
41,59,1024,89088
41,35,2048,89088
41,96,13312,89088
41,118,14336,89088
41,46,15360,89088
41,34,16384,89088
41,62,17408,89088
41,58,18432,89088
41,33,19456,89088
41,46,20480,89088
59,35,1024,90112
59,96,12288,90112
59,118,13312,90112
59,46,14336,90112
59,34,15360,90112
59,62,16384,90112
59,58,17408,90112
59,33,18432,90112
59,46,19456,90112
35,96,11264,91136
35,118,12288,91136
35,46,13312,91136
35,34,14336,91136
35,62,15360,91136
35,58,16384,91136
35,33,17408,91136
35,46,18432,91136
96,118,1024,102400
96,46,2048,102400
96,34,3072,102400
96,62,4096,102400
96,58,5120,102400
96,33,6144,102400
96,46,7168,102400
96,36,14336,102400
96,104,15360,102400
96,113,16384,102400
96,51,17408,102400
96,57,18432,102400
96,41,19456,102400
118,46,1024,103424
118,34,2048,103424
118,62,3072,103424
118,58,4096,103424
118,33,5120,103424
118,46,6144,103424
118,36,13312,103424
118,104,14336,103424
118,113,15360,103424
118,51,16384,103424
118,57,17408,103424
118,41,18432,103424
46,34,1024,104448
46,62,2048,104448
46,58,3072,104448
46,33,4096,104448
46,46,5120,104448
46,36,12288,104448
46,104,13312,104448
46,113,14336,104448
46,51,15360,104448
46,57,16384,104448
46,41,17408,104448
34,62,1024,105472
34,58,2048,105472
34,33,3072,105472
34,46,4096,105472
34,36,11264,105472
34,104,12288,105472
34,113,13312,105472
34,51,14336,105472
34,57,15360,105472
34,41,16384,105472
62,58,1024,106496
62,33,2048,106496
62,46,3072,106496
62,36,10240,106496
62,104,11264,106496
62,113,12288,106496
62,51,13312,106496
62,57,14336,106496
62,41,15360,106496
58,33,1024,107520
58,46,2048,107520
58,36,9216,107520
58,104,10240,107520
58,113,11264,107520
58,51,12288,107520
58,57,13312,107520
58,41,14336,107520
33,46,1024,108544
33,36,8192,108544
33,104,9216,108544
33,113,10240,108544
33,51,11264,108544
33,57,12288,108544
33,41,13312,108544
46,36,7168,109568
46,104,8192,109568
46,113,9216,109568
46,51,10240,109568
46,57,11264,109568
46,41,12288,109568
36,104,1024,116736
36,113,2048,116736
36,51,3072,116736
36,57,4096,116736
36,41,5120,116736
36,44,17408,116736
36,104,18432,116736
36,112,19456,116736
36,57,20480,116736
104,113,1024,117760
104,51,2048,117760
104,57,3072,117760
104,41,4096,117760
104,44,16384,117760
104,104,17408,117760
104,112,18432,117760
104,57,19456,117760
104,75,20480,117760
113,51,1024,118784
113,57,2048,118784
113,41,3072,118784
113,44,15360,118784
113,104,16384,118784
113,112,17408,118784
113,57,18432,118784
113,75,19456,118784
51,57,1024,119808
51,41,2048,119808
51,44,14336,119808
51,104,15360,119808
51,112,16384,119808
51,57,17408,119808
51,75,18432,119808
51,49,20480,119808
57,41,1024,120832
57,44,13312,120832
57,104,14336,120832
57,112,15360,120832
57,57,16384,120832
57,75,17408,120832
57,49,19456,120832
57,49,20480,120832
41,44,12288,121856
41,104,13312,121856
41,112,14336,121856
41,57,15360,121856
41,75,16384,121856
41,49,18432,121856
41,49,19456,121856
41,46,20480,121856
44,104,1024,134144
44,112,2048,134144
44,57,3072,134144
44,75,4096,134144
44,49,6144,134144
44,49,7168,134144
44,46,8192,134144
44,47,9216,134144
44,41,10240,134144
44,37,13312,134144
44,22,15360,134144
44,22,16384,134144
104,112,1024,135168
104,57,2048,135168
104,75,3072,135168
104,49,5120,135168
104,49,6144,135168
104,46,7168,135168
104,47,8192,135168
104,41,9216,135168
104,37,12288,135168
104,22,14336,135168
104,22,15360,135168
104,55,20480,135168
112,57,1024,136192
112,75,2048,136192
112,49,4096,136192
112,49,5120,136192
112,46,6144,136192
112,47,7168,136192
112,41,8192,136192
112,37,11264,136192
112,22,13312,136192
112,22,14336,136192
112,55,19456,136192
57,75,1024,137216
57,49,3072,137216
57,49,4096,137216
57,46,5120,137216
57,47,6144,137216
57,41,7168,137216
57,37,10240,137216
57,22,12288,137216
57,22,13312,137216
57,55,18432,137216
75,49,2048,138240
75,49,3072,138240
75,46,4096,138240
75,47,5120,138240
75,41,6144,138240
75,37,9216,138240
75,22,11264,138240
75,22,12288,138240
75,55,17408,138240
49,49,1024,140288
49,46,2048,140288
49,47,3072,140288
49,41,4096,140288
49,37,7168,140288
49,22,9216,140288
49,22,10240,140288
49,55,15360,140288
49,46,1024,141312
49,47,2048,141312
49,41,3072,141312
49,37,6144,141312
49,22,8192,141312
49,22,9216,141312
49,55,14336,141312
49,47,20480,141312
46,47,1024,142336
46,41,2048,142336
46,37,5120,142336
46,22,7168,142336
46,22,8192,142336
46,55,13312,142336
46,47,19456,142336
46,47,20480,142336
47,41,1024,143360
47,37,4096,143360
47,22,6144,143360
47,22,7168,143360
47,55,12288,143360
47,47,18432,143360
47,47,19456,143360
47,47,20480,143360
41,37,3072,144384
41,22,5120,144384
41,22,6144,144384
41,55,11264,144384
41,47,17408,144384
41,47,18432,144384
41,47,19456,144384
37,22,2048,147456
37,22,3072,147456
37,55,8192,147456
37,47,14336,147456
37,47,15360,147456
37,47,16384,147456
22,22,1024,149504
22,55,6144,149504
22,47,12288,149504
22,47,13312,149504
22,47,14336,149504
22,55,5120,150528
22,47,11264,150528
22,47,12288,150528
22,47,13312,150528
55,47,6144,155648
55,47,7168,155648
55,47,8192,155648
47,47,1024,161792
47,47,2048,161792
47,47,1024,162816
