23,23,1024,2048
23,23,2048,2048
23,23,3072,2048
23,23,4096,2048
23,23,5120,2048
23,19,10240,2048
23,18,11264,2048
23,37,13312,2048
23,25,14336,2048
23,25,15360,2048
23,25,16384,2048
23,21,19456,2048
23,42,19456,2048
23,23,1024,3072
23,23,2048,3072
23,23,3072,3072
23,23,4096,3072
23,19,9216,3072
23,18,10240,3072
23,37,12288,3072
23,25,13312,3072
23,25,14336,3072
23,25,15360,3072
23,21,18432,3072
23,42,18432,3072
23,23,1024,4096
23,23,2048,4096
23,23,3072,4096
23,19,8192,4096
23,18,9216,4096
23,37,11264,4096
23,25,12288,4096
23,25,13312,4096
23,25,14336,4096
23,21,17408,4096
23,42,17408,4096
23,23,1024,5120
23,23,2048,5120
23,19,7168,5120
23,18,8192,5120
23,37,10240,5120
23,25,11264,5120
23,25,12288,5120
23,25,13312,5120
23,21,16384,5120
23,42,16384,5120
23,23,1024,6144
23,19,6144,6144
23,18,7168,6144
23,37,9216,6144
23,25,10240,6144
23,25,11264,6144
23,25,12288,6144
23,21,15360,6144
23,42,15360,6144
23,19,5120,7168
23,18,6144,7168
23,37,8192,7168
23,25,9216,7168
23,25,10240,7168
23,25,11264,7168
23,21,14336,7168
23,42,14336,7168
19,18,1024,12288
19,37,3072,12288
19,25,4096,12288
19,25,5120,12288
19,25,6144,12288
19,21,9216,12288
19,42,9216,12288
18,37,2048,13312
18,25,3072,13312
18,25,4096,13312
18,25,5120,13312
18,21,8192,13312
18,42,8192,13312
37,25,1024,15360
37,25,2048,15360
37,25,3072,15360
37,21,6144,15360
37,42,6144,15360
25,25,1024,16384
25,25,2048,16384
25,21,5120,16384
25,42,5120,16384
25,25,1024,17408
25,21,4096,17408
25,42,4096,17408
25,21,3072,18432
25,42,3072,18432
21,42,0,21504
21,23,20480,21504
42,23,20480,21504
23,23,6144,41984
23,20,13312,41984
23,23,14336,41984
23,63,18432,41984
23,72,19456,41984
23,20,7168,48128
23,23,8192,48128
23,63,12288,48128
23,72,13312,48128
23,72,15360,48128
23,73,16384,48128
20,23,1024,55296
20,63,5120,55296
20,72,6144,55296
20,72,8192,55296
20,73,9216,55296
20,20,17408,55296
20,190,20480,55296
23,63,4096,56320
23,72,5120,56320
23,72,7168,56320
23,73,8192,56320
23,20,16384,56320
23,190,19456,56320
63,72,1024,60416
63,72,3072,60416
63,73,4096,60416
63,20,12288,60416
63,190,15360,60416
63,126,19456,60416
63,20,20480,60416
63,62,20480,60416
72,72,2048,61440
72,73,3072,61440
72,20,11264,61440
72,190,14336,61440
72,126,18432,61440
72,20,19456,61440
72,62,19456,61440
72,73,1024,63488
72,20,9216,63488
72,190,12288,63488
72,126,16384,63488
72,20,17408,63488
72,62,17408,63488
73,20,8192,64512
73,190,11264,64512
73,126,15360,64512
73,20,16384,64512
73,62,16384,64512
73,31,20480,64512
20,190,3072,72704
20,126,7168,72704
20,20,8192,72704
20,62,8192,72704
20,31,12288,72704
20,30,13312,72704
20,27,18432,72704
20,28,20480,72704
190,126,4096,75776
190,20,5120,75776
190,62,5120,75776
190,31,9216,75776
190,30,10240,75776
190,27,15360,75776
190,28,17408,75776
126,20,1024,79872
126,62,1024,79872
126,31,5120,79872
126,30,6144,79872
126,27,11264,79872
126,28,13312,79872
126,28,17408,79872
126,28,18432,79872
20,62,0,80896
20,31,4096,80896
20,30,5120,80896
20,27,10240,80896
20,28,12288,80896
20,28,16384,80896
20,28,17408,80896
62,31,4096,80896
62,30,5120,80896
62,27,10240,80896
62,28,12288,80896
62,28,16384,80896
62,28,17408,80896
31,30,1024,84992
31,27,6144,84992
31,28,8192,84992
31,28,12288,84992
31,28,13312,84992
31,21,18432,84992
31,21,19456,84992
30,27,5120,86016
30,28,7168,86016
30,28,11264,86016
30,28,12288,86016
30,21,17408,86016
30,21,18432,86016
27,28,2048,91136
27,28,6144,91136
27,28,7168,91136
27,21,12288,91136
27,21,13312,91136
27,21,17408,91136
27,19,18432,91136
27,19,19456,91136
27,21,20480,91136
28,28,4096,93184
28,28,5120,93184
28,21,10240,93184
28,21,11264,93184
28,21,15360,93184
28,19,16384,93184
28,19,17408,93184
28,21,18432,93184
28,21,19456,93184
28,21,20480,93184
28,28,1024,97280
28,21,6144,97280
28,21,7168,97280
28,21,11264,97280
28,19,12288,97280
28,19,13312,97280
28,21,14336,97280
28,21,15360,97280
28,21,16384,97280
28,21,17408,97280
28,21,18432,97280
28,31,20480,97280
28,93,20480,97280
28,21,5120,98304
28,21,6144,98304
28,21,10240,98304
28,19,11264,98304
28,19,12288,98304
28,21,13312,98304
28,21,14336,98304
28,21,15360,98304
28,21,16384,98304
28,21,17408,98304
28,31,19456,98304
28,93,19456,98304
28,31,20480,98304
28,47,20480,98304
21,21,1024,103424
21,21,5120,103424
21,19,6144,103424
21,19,7168,103424
21,21,8192,103424
21,21,9216,103424
21,21,10240,103424
21,21,11264,103424
21,21,12288,103424
21,31,14336,103424
21,93,14336,103424
21,31,15360,103424
21,47,15360,103424
21,20,17408,103424
21,21,4096,104448
21,19,5120,104448
21,19,6144,104448
21,21,7168,104448
21,21,8192,104448
21,21,9216,104448
21,21,10240,104448
21,21,11264,104448
21,31,13312,104448
21,93,13312,104448
21,31,14336,104448
21,47,14336,104448
21,20,16384,104448
21,41,16384,104448
21,19,1024,108544
21,19,2048,108544
21,21,3072,108544
21,21,4096,108544
21,21,5120,108544
21,21,6144,108544
21,21,7168,108544
21,31,9216,108544
21,93,9216,108544
21,31,10240,108544
21,47,10240,108544
21,20,12288,108544
21,41,12288,108544
21,21,13312,108544
19,19,1024,109568
19,21,2048,109568
19,21,3072,109568
19,21,4096,109568
19,21,5120,109568
19,21,6144,109568
19,31,8192,109568
19,93,8192,109568
19,31,9216,109568
19,47,9216,109568
19,20,11264,109568
19,41,11264,109568
19,21,12288,109568
19,18,15360,109568
19,21,1024,110592
19,21,2048,110592
19,21,3072,110592
19,21,4096,110592
19,21,5120,110592
19,31,7168,110592
19,93,7168,110592
19,31,8192,110592
19,47,8192,110592
19,20,10240,110592
19,41,10240,110592
19,21,11264,110592
19,18,14336,110592
19,147,17408,110592
21,21,1024,111616
21,21,2048,111616
21,21,3072,111616
21,21,4096,111616
21,31,6144,111616
21,93,6144,111616
21,31,7168,111616
21,47,7168,111616
21,20,9216,111616
21,41,9216,111616
21,21,10240,111616
21,18,13312,111616
21,147,16384,111616
21,21,17408,111616
21,21,1024,112640
21,21,2048,112640
21,21,3072,112640
21,31,5120,112640
21,93,5120,112640
21,31,6144,112640
21,47,6144,112640
21,20,8192,112640
21,41,8192,112640
21,21,9216,112640
21,18,12288,112640
21,147,15360,112640
21,21,16384,112640
21,146,16384,112640
21,21,1024,113664
21,21,2048,113664
21,31,4096,113664
21,93,4096,113664
21,31,5120,113664
21,47,5120,113664
21,20,7168,113664
21,41,7168,113664
21,21,8192,113664
21,18,11264,113664
21,147,14336,113664
21,21,15360,113664
21,146,15360,113664
21,37,19456,113664
21,21,1024,114688
21,31,3072,114688
21,93,3072,114688
21,31,4096,114688
21,47,4096,114688
21,20,6144,114688
21,41,6144,114688
21,21,7168,114688
21,18,10240,114688
21,147,13312,114688
21,21,14336,114688
21,146,14336,114688
21,37,18432,114688
21,31,2048,115712
21,93,2048,115712
21,31,3072,115712
21,47,3072,115712
21,20,5120,115712
21,41,5120,115712
21,21,6144,115712
21,18,9216,115712
21,147,12288,115712
21,21,13312,115712
21,146,13312,115712
21,37,17408,115712
21,31,20480,115712
31,93,0,117760
31,31,1024,117760
31,47,1024,117760
31,20,3072,117760
31,41,3072,117760
31,21,4096,117760
31,18,7168,117760
31,147,10240,117760
31,21,11264,117760
31,146,11264,117760
31,37,15360,117760
31,31,18432,117760
31,21,19456,117760
93,31,1024,117760
93,47,1024,117760
93,20,3072,117760
93,41,3072,117760
93,21,4096,117760
93,18,7168,117760
93,147,10240,117760
93,21,11264,117760
93,146,11264,117760
93,37,15360,117760
93,31,18432,117760
93,21,19456,117760
31,47,0,118784
31,20,2048,118784
31,41,2048,118784
31,21,3072,118784
31,18,6144,118784
31,147,9216,118784
31,21,10240,118784
31,146,10240,118784
31,37,14336,118784
31,31,17408,118784
31,21,18432,118784
47,20,2048,118784
47,41,2048,118784
47,21,3072,118784
47,18,6144,118784
47,147,9216,118784
47,21,10240,118784
47,146,10240,118784
47,37,14336,118784
47,31,17408,118784
47,21,18432,118784
20,41,0,120832
20,21,1024,120832
20,18,4096,120832
20,147,7168,120832
20,21,8192,120832
20,146,8192,120832
20,37,12288,120832
20,31,15360,120832
20,21,16384,120832
20,109,19456,120832
41,21,1024,120832
41,18,4096,120832
41,147,7168,120832
41,21,8192,120832
41,146,8192,120832
41,37,12288,120832
41,31,15360,120832
41,21,16384,120832
41,109,19456,120832
21,18,3072,121856
21,147,6144,121856
21,21,7168,121856
21,146,7168,121856
21,37,11264,121856
21,31,14336,121856
21,21,15360,121856
21,109,18432,121856
18,147,3072,124928
18,21,4096,124928
18,146,4096,124928
18,37,8192,124928
18,31,11264,124928
18,21,12288,124928
18,109,15360,124928
18,20,20480,124928
147,21,1024,128000
147,146,1024,128000
147,37,5120,128000
147,31,8192,128000
147,21,9216,128000
147,109,12288,128000
147,20,17408,128000
147,23,18432,128000
147,93,20480,128000
21,146,0,129024
21,37,4096,129024
21,31,7168,129024
21,21,8192,129024
21,109,11264,129024
21,20,16384,129024
21,23,17408,129024
21,93,19456,129024
146,37,4096,129024
146,31,7168,129024
146,21,8192,129024
146,109,11264,129024
146,20,16384,129024
146,23,17408,129024
146,93,19456,129024
37,31,3072,133120
37,21,4096,133120
37,109,7168,133120
37,20,12288,133120
37,23,13312,133120
37,93,15360,133120
37,31,17408,133120
37,18,18432,133120
37,21,20480,133120
37,57,20480,133120
31,21,1024,136192
31,109,4096,136192
31,20,9216,136192
31,23,10240,136192
31,93,12288,136192
31,31,14336,136192
31,18,15360,136192
31,21,17408,136192
31,57,17408,136192
31,135,20480,136192
21,109,3072,137216
21,20,8192,137216
21,23,9216,137216
21,93,11264,137216
21,31,13312,137216
21,18,14336,137216
21,21,16384,137216
21,57,16384,137216
21,135,19456,137216
21,28,20480,137216
109,20,5120,140288
109,23,6144,140288
109,93,8192,140288
109,31,10240,140288
109,18,11264,140288
109,21,13312,140288
109,57,13312,140288
109,135,16384,140288
109,28,17408,140288
109,21,18432,140288
109,21,19456,140288
20,23,1024,145408
20,93,3072,145408
20,31,5120,145408
20,18,6144,145408
20,21,8192,145408
20,57,8192,145408
20,135,11264,145408
20,28,12288,145408
20,21,13312,145408
20,21,14336,145408
20,21,17408,145408
20,21,18432,145408
20,55,19456,145408
20,27,20480,145408
23,93,2048,146432
23,31,4096,146432
23,18,5120,146432
23,21,7168,146432
23,57,7168,146432
23,135,10240,146432
23,28,11264,146432
23,21,12288,146432
23,21,13312,146432
23,21,16384,146432
23,21,17408,146432
23,55,18432,146432
23,27,19456,146432
93,31,2048,148480
93,18,3072,148480
93,21,5120,148480
93,57,5120,148480
93,135,8192,148480
93,28,9216,148480
93,21,10240,148480
93,21,11264,148480
93,21,14336,148480
93,21,15360,148480
93,55,16384,148480
93,27,17408,148480
31,18,1024,150528
31,21,3072,150528
31,57,3072,150528
31,135,6144,150528
31,28,7168,150528
31,21,8192,150528
31,21,9216,150528
31,21,12288,150528
31,21,13312,150528
31,55,14336,150528
31,27,15360,150528
31,101,19456,150528
31,35,20480,150528
18,21,2048,151552
18,57,2048,151552
18,135,5120,151552
18,28,6144,151552
18,21,7168,151552
18,21,8192,151552
18,21,11264,151552
18,21,12288,151552
18,55,13312,151552
18,27,14336,151552
18,101,18432,151552
18,35,19456,151552
21,57,0,153600
21,135,3072,153600
21,28,4096,153600
21,21,5120,153600
21,21,6144,153600
21,21,9216,153600
21,21,10240,153600
21,55,11264,153600
21,27,12288,153600
21,101,16384,153600
21,35,17408,153600
21,21,19456,153600
57,135,3072,153600
57,28,4096,153600
57,21,5120,153600
57,21,6144,153600
57,21,9216,153600
57,21,10240,153600
57,55,11264,153600
57,27,12288,153600
57,101,16384,153600
57,35,17408,153600
57,21,19456,153600
135,28,1024,156672
135,21,2048,156672
135,21,3072,156672
135,21,6144,156672
135,21,7168,156672
135,55,8192,156672
135,27,9216,156672
135,101,13312,156672
135,35,14336,156672
135,21,16384,156672
135,18,18432,156672
28,21,1024,157696
28,21,2048,157696
28,21,5120,157696
28,21,6144,157696
28,55,7168,157696
28,27,8192,157696
28,101,12288,157696
28,35,13312,157696
28,21,15360,157696
28,18,17408,157696
21,21,1024,158720
21,21,4096,158720
21,21,5120,158720
21,55,6144,158720
21,27,7168,158720
21,101,11264,158720
21,35,12288,158720
21,21,14336,158720
21,18,16384,158720
21,21,20480,158720
21,21,3072,159744
21,21,4096,159744
21,55,5120,159744
21,27,6144,159744
21,101,10240,159744
21,35,11264,159744
21,21,13312,159744
21,18,15360,159744
21,21,19456,159744
21,21,20480,159744
21,21,1024,162816
21,55,2048,162816
21,27,3072,162816
21,101,7168,162816
21,35,8192,162816
21,21,10240,162816
21,18,12288,162816
21,21,16384,162816
21,21,17408,162816
21,21,18432,162816
21,93,19456,162816
21,55,1024,163840
21,27,2048,163840
21,101,6144,163840
21,35,7168,163840
21,21,9216,163840
21,18,11264,163840
21,21,15360,163840
21,21,16384,163840
21,21,17408,163840
21,93,18432,163840
21,47,20480,163840
55,27,1024,164864
55,101,5120,164864
55,35,6144,164864
55,21,8192,164864
55,18,10240,164864
55,21,14336,164864
55,21,15360,164864
55,21,16384,164864
55,93,17408,164864
55,47,19456,164864
55,23,20480,164864
27,101,4096,165888
27,35,5120,165888
27,21,7168,165888
27,18,9216,165888
27,21,13312,165888
27,21,14336,165888
27,21,15360,165888
27,93,16384,165888
27,47,18432,165888
27,23,19456,165888
27,21,20480,165888
101,35,1024,169984
101,21,3072,169984
101,18,5120,169984
101,21,9216,169984
101,21,10240,169984
101,21,11264,169984
101,93,12288,169984
101,47,14336,169984
101,23,15360,169984
101,21,16384,169984
101,18,17408,169984
101,19,18432,169984
101,19,19456,169984
35,21,2048,171008
35,18,4096,171008
35,21,8192,171008
35,21,9216,171008
35,21,10240,171008
35,93,11264,171008
35,47,13312,171008
35,23,14336,171008
35,21,15360,171008
35,18,16384,171008
35,19,17408,171008
35,19,18432,171008
21,18,2048,173056
21,21,6144,173056
21,21,7168,173056
21,21,8192,173056
21,93,9216,173056
21,47,11264,173056
21,23,12288,173056
21,21,13312,173056
21,18,14336,173056
21,19,15360,173056
21,19,16384,173056
18,21,4096,175104
18,21,5120,175104
18,21,6144,175104
18,93,7168,175104
18,47,9216,175104
18,23,10240,175104
18,21,11264,175104
18,18,12288,175104
18,19,13312,175104
18,19,14336,175104
18,23,19456,175104
18,23,20480,175104
21,21,1024,179200
21,21,2048,179200
21,93,3072,179200
21,47,5120,179200
21,23,6144,179200
21,21,7168,179200
21,18,8192,179200
21,19,9216,179200
21,19,10240,179200
21,23,15360,179200
21,23,16384,179200
21,23,17408,179200
21,23,18432,179200
21,21,1024,180224
21,93,2048,180224
21,47,4096,180224
21,23,5120,180224
21,21,6144,180224
21,18,7168,180224
21,19,8192,180224
21,19,9216,180224
21,23,14336,180224
21,23,15360,180224
21,23,16384,180224
21,23,17408,180224
21,93,1024,181248
21,47,3072,181248
21,23,4096,181248
21,21,5120,181248
21,18,6144,181248
21,19,7168,181248
21,19,8192,181248
21,23,13312,181248
21,23,14336,181248
21,23,15360,181248
21,23,16384,181248
21,23,20480,181248
93,47,2048,182272
93,23,3072,182272
93,21,4096,182272
93,18,5120,182272
93,19,6144,182272
93,19,7168,182272
93,23,12288,182272
93,23,13312,182272
93,23,14336,182272
93,23,15360,182272
93,23,19456,182272
47,23,1024,184320
47,21,2048,184320
47,18,3072,184320
47,19,4096,184320
47,19,5120,184320
47,23,10240,184320
47,23,11264,184320
47,23,12288,184320
47,23,13312,184320
47,23,17408,184320
47,23,19456,184320
47,23,20480,184320
23,21,1024,185344
23,18,2048,185344
23,19,3072,185344
23,19,4096,185344
23,23,9216,185344
23,23,10240,185344
23,23,11264,185344
23,23,12288,185344
23,23,16384,185344
23,23,18432,185344
23,23,19456,185344
23,23,20480,185344
23,74,20480,185344
21,18,1024,186368
21,19,2048,186368
21,19,3072,186368
21,23,8192,186368
21,23,9216,186368
21,23,10240,186368
21,23,11264,186368
21,23,15360,186368
21,23,17408,186368
21,23,18432,186368
21,23,19456,186368
21,74,19456,186368
21,18,20480,186368
18,19,1024,187392
18,19,2048,187392
18,23,7168,187392
18,23,8192,187392
18,23,9216,187392
18,23,10240,187392
18,23,14336,187392
18,23,16384,187392
18,23,17408,187392
18,23,18432,187392
18,74,18432,187392
18,18,19456,187392
18,23,20480,187392
19,19,1024,188416
19,23,6144,188416
19,23,7168,188416
19,23,8192,188416
19,23,9216,188416
19,23,13312,188416
19,23,15360,188416
19,23,16384,188416
19,23,17408,188416
19,74,17408,188416
19,18,18432,188416
19,23,19456,188416
19,23,20480,188416
19,23,5120,189440
19,23,6144,189440
19,23,7168,189440
19,23,8192,189440
19,23,12288,189440
19,23,14336,189440
19,23,15360,189440
19,23,16384,189440
19,74,16384,189440
19,18,17408,189440
19,23,18432,189440
19,23,19456,189440
19,23,20480,189440
23,23,1024,194560
23,23,2048,194560
23,23,3072,194560
23,23,7168,194560
23,23,9216,194560
23,23,10240,194560
23,23,11264,194560
23,74,11264,194560
23,18,12288,194560
23,23,13312,194560
23,23,14336,194560
23,23,15360,194560
23,23,17408,194560
23,71,17408,194560
23,23,1024,195584
23,23,2048,195584
23,23,6144,195584
23,23,8192,195584
23,23,9216,195584
23,23,10240,195584
23,74,10240,195584
23,18,11264,195584
23,23,12288,195584
23,23,13312,195584
23,23,14336,195584
23,23,16384,195584
23,71,16384,195584
23,23,18432,195584
23,23,1024,196608
23,23,5120,196608
23,23,7168,196608
23,23,8192,196608
23,23,9216,196608
23,74,9216,196608
23,18,10240,196608
23,23,11264,196608
23,23,12288,196608
23,23,13312,196608
23,23,15360,196608
23,71,15360,196608
23,23,17408,196608
23,84,17408,196608
23,23,4096,197632
23,23,6144,197632
23,23,7168,197632
23,23,8192,197632
23,74,8192,197632
23,18,9216,197632
23,23,10240,197632
23,23,11264,197632
23,23,12288,197632
23,23,14336,197632
23,71,14336,197632
23,23,16384,197632
23,84,16384,197632
23,37,20480,197632
23,23,2048,201728
23,23,3072,201728
23,23,4096,201728
23,74,4096,201728
23,18,5120,201728
23,23,6144,201728
23,23,7168,201728
23,23,8192,201728
23,23,10240,201728
23,71,10240,201728
23,23,12288,201728
23,84,12288,201728
23,37,16384,201728
23,38,17408,201728
23,23,1024,203776
23,23,2048,203776
23,74,2048,203776
23,18,3072,203776
23,23,4096,203776
23,23,5120,203776
23,23,6144,203776
23,23,8192,203776
23,71,8192,203776
23,23,10240,203776
23,84,10240,203776
23,37,14336,203776
23,38,15360,203776
23,37,16384,203776
23,23,1024,204800
23,74,1024,204800
23,18,2048,204800
23,23,3072,204800
23,23,4096,204800
23,23,5120,204800
23,23,7168,204800
23,71,7168,204800
23,23,9216,204800
23,84,9216,204800
23,37,13312,204800
23,38,14336,204800
23,37,15360,204800
23,74,0,205824
23,18,1024,205824
23,23,2048,205824
23,23,3072,205824
23,23,4096,205824
23,23,6144,205824
23,71,6144,205824
23,23,8192,205824
23,84,8192,205824
23,37,12288,205824
23,38,13312,205824
23,37,14336,205824
74,18,1024,205824
74,23,2048,205824
74,23,3072,205824
74,23,4096,205824
74,23,6144,205824
74,71,6144,205824
74,23,8192,205824
74,84,8192,205824
74,37,12288,205824
74,38,13312,205824
74,37,14336,205824
18,23,1024,206848
18,23,2048,206848
18,23,3072,206848
18,23,5120,206848
18,71,5120,206848
18,23,7168,206848
18,84,7168,206848
18,37,11264,206848
18,38,12288,206848
18,37,13312,206848
18,19,20480,206848
23,23,1024,207872
23,23,2048,207872
23,23,4096,207872
23,71,4096,207872
23,23,6144,207872
23,84,6144,207872
23,37,10240,207872
23,38,11264,207872
23,37,12288,207872
23,19,19456,207872
23,21,20480,207872
23,23,1024,208896
23,23,3072,208896
23,71,3072,208896
23,23,5120,208896
23,84,5120,208896
23,37,9216,208896
23,38,10240,208896
23,37,11264,208896
23,19,18432,208896
23,21,19456,208896
23,23,2048,209920
23,71,2048,209920
23,23,4096,209920
23,84,4096,209920
23,37,8192,209920
23,38,9216,209920
23,37,10240,209920
23,19,17408,209920
23,21,18432,209920
23,71,0,211968
23,23,2048,211968
23,84,2048,211968
23,37,6144,211968
23,38,7168,211968
23,37,8192,211968
23,19,15360,211968
23,21,16384,211968
23,21,20480,211968
71,23,2048,211968
71,84,2048,211968
71,37,6144,211968
71,38,7168,211968
71,37,8192,211968
71,19,15360,211968
71,21,16384,211968
71,21,20480,211968
23,84,0,214016
23,37,4096,214016
23,38,5120,214016
23,37,6144,214016
23,19,13312,214016
23,21,14336,214016
23,21,18432,214016
84,37,4096,214016
84,38,5120,214016
84,37,6144,214016
84,19,13312,214016
84,21,14336,214016
84,21,18432,214016
37,38,1024,218112
37,37,2048,218112
37,19,9216,218112
37,21,10240,218112
37,21,14336,218112
37,21,17408,218112
37,136,19456,218112
37,21,20480,218112
37,89,20480,218112
38,37,1024,219136
38,19,8192,219136
38,21,9216,219136
38,21,13312,219136
38,21,16384,219136
38,136,18432,219136
38,21,19456,219136
38,89,19456,219136
38,21,20480,219136
37,19,7168,220160
37,21,8192,220160
37,21,12288,220160
37,21,15360,220160
37,136,17408,220160
37,21,18432,220160
37,89,18432,220160
37,21,19456,220160
37,21,20480,220160
19,21,1024,227328
19,21,5120,227328
19,21,8192,227328
19,136,10240,227328
19,21,11264,227328
19,89,11264,227328
19,21,12288,227328
19,21,13312,227328
19,43,14336,227328
19,21,16384,227328
19,21,17408,227328
19,21,18432,227328
19,87,19456,227328
19,87,20480,227328
21,21,4096,228352
21,21,7168,228352
21,136,9216,228352
21,21,10240,228352
21,89,10240,228352
21,21,11264,228352
21,21,12288,228352
21,43,13312,228352
21,21,15360,228352
21,21,16384,228352
21,21,17408,228352
21,87,18432,228352
21,87,19456,228352
21,21,3072,232448
21,136,5120,232448
21,21,6144,232448
21,89,6144,232448
21,21,7168,232448
21,21,8192,232448
21,43,9216,232448
21,21,11264,232448
21,21,12288,232448
21,21,13312,232448
21,87,14336,232448
21,87,15360,232448
21,20,18432,232448
21,87,18432,232448
21,136,2048,235520
21,21,3072,235520
21,89,3072,235520
21,21,4096,235520
21,21,5120,235520
21,43,6144,235520
21,21,8192,235520
21,21,9216,235520
21,21,10240,235520
21,87,11264,235520
21,87,12288,235520
21,20,15360,235520
21,87,15360,235520
21,84,16384,235520
136,21,1024,237568
136,89,1024,237568
136,21,2048,237568
136,21,3072,237568
136,43,4096,237568
136,21,6144,237568
136,21,7168,237568
136,21,8192,237568
136,87,9216,237568
136,87,10240,237568
136,20,13312,237568
136,87,13312,237568
136,84,14336,237568
136,84,18432,237568
21,89,0,238592
21,21,1024,238592
21,21,2048,238592
21,43,3072,238592
21,21,5120,238592
21,21,6144,238592
21,21,7168,238592
21,87,8192,238592
21,87,9216,238592
21,20,12288,238592
21,87,12288,238592
21,84,13312,238592
21,84,17408,238592
21,78,18432,238592
89,21,1024,238592
89,21,2048,238592
89,43,3072,238592
89,21,5120,238592
89,21,6144,238592
89,21,7168,238592
89,87,8192,238592
89,87,9216,238592
89,20,12288,238592
89,87,12288,238592
89,84,13312,238592
89,84,17408,238592
89,78,18432,238592
89,62,20480,238592
21,21,1024,239616
21,43,2048,239616
21,21,4096,239616
21,21,5120,239616
21,21,6144,239616
21,87,7168,239616
21,87,8192,239616
21,20,11264,239616
21,87,11264,239616
21,84,12288,239616
21,84,16384,239616
21,78,17408,239616
21,62,19456,239616
21,20,20480,239616
21,43,1024,240640
21,21,3072,240640
21,21,4096,240640
21,21,5120,240640
21,87,6144,240640
21,87,7168,240640
21,20,10240,240640
21,87,10240,240640
21,84,11264,240640
21,84,15360,240640
21,78,16384,240640
21,62,18432,240640
21,20,19456,240640
21,64,19456,240640
43,21,2048,241664
43,21,3072,241664
43,21,4096,241664
43,87,5120,241664
43,87,6144,241664
43,20,9216,241664
43,87,9216,241664
43,84,10240,241664
43,84,14336,241664
43,78,15360,241664
43,62,17408,241664
43,20,18432,241664
43,64,18432,241664
21,21,1024,243712
21,21,2048,243712
21,87,3072,243712
21,87,4096,243712
21,20,7168,243712
21,87,7168,243712
21,84,8192,243712
21,84,12288,243712
21,78,13312,243712
21,62,15360,243712
21,20,16384,243712
21,64,16384,243712
21,18,20480,243712
21,21,1024,244736
21,87,2048,244736
21,87,3072,244736
21,20,6144,244736
21,87,6144,244736
21,84,7168,244736
21,84,11264,244736
21,78,12288,244736
21,62,14336,244736
21,20,15360,244736
21,64,15360,244736
21,18,19456,244736
21,87,1024,245760
21,87,2048,245760
21,20,5120,245760
21,87,5120,245760
21,84,6144,245760
21,84,10240,245760
21,78,11264,245760
21,62,13312,245760
21,20,14336,245760
21,64,14336,245760
21,18,18432,245760
87,87,1024,246784
87,20,4096,246784
87,87,4096,246784
87,84,5120,246784
87,84,9216,246784
87,78,10240,246784
87,62,12288,246784
87,20,13312,246784
87,64,13312,246784
87,18,17408,246784
87,20,3072,247808
87,87,3072,247808
87,84,4096,247808
87,84,8192,247808
87,78,9216,247808
87,62,11264,247808
87,20,12288,247808
87,64,12288,247808
87,18,16384,247808
87,20,20480,247808
20,87,0,250880
20,84,1024,250880
20,84,5120,250880
20,78,6144,250880
20,62,8192,250880
20,20,9216,250880
20,64,9216,250880
20,18,13312,250880
20,20,17408,250880
87,84,1024,250880
87,84,5120,250880
87,78,6144,250880
87,62,8192,250880
87,20,9216,250880
87,64,9216,250880
87,18,13312,250880
87,20,17408,250880
84,84,4096,251904
84,78,5120,251904
84,62,7168,251904
84,20,8192,251904
84,64,8192,251904
84,18,12288,251904
84,20,16384,251904
84,78,1024,256000
84,62,3072,256000
84,20,4096,256000
84,64,4096,256000
84,18,8192,256000
84,20,12288,256000
84,23,17408,256000
84,23,18432,256000
84,21,20480,256000
78,62,2048,257024
78,20,3072,257024
78,64,3072,257024
78,18,7168,257024
78,20,11264,257024
78,23,16384,257024
78,23,17408,257024
78,21,19456,257024
78,23,20480,257024
62,20,1024,259072
62,64,1024,259072
62,18,5120,259072
62,20,9216,259072
62,23,14336,259072
62,23,15360,259072
62,21,17408,259072
62,23,18432,259072
62,73,20480,259072
20,64,0,260096
20,18,4096,260096
20,20,8192,260096
20,23,13312,260096
20,23,14336,260096
20,21,16384,260096
20,23,17408,260096
20,73,19456,260096
20,76,20480,260096
64,18,4096,260096
64,20,8192,260096
64,23,13312,260096
64,23,14336,260096
64,21,16384,260096
64,23,17408,260096
64,73,19456,260096
64,76,20480,260096
18,20,4096,264192
18,23,9216,264192
18,23,10240,264192
18,21,12288,264192
18,23,13312,264192
18,73,15360,264192
18,76,16384,264192
18,23,17408,264192
18,76,17408,264192
18,23,18432,264192
18,76,18432,264192
18,21,19456,264192
18,76,19456,264192
18,20,20480,264192
20,23,5120,268288
20,23,6144,268288
20,21,8192,268288
20,23,9216,268288
20,73,11264,268288
20,76,12288,268288
20,23,13312,268288
20,76,13312,268288
20,23,14336,268288
20,76,14336,268288
20,21,15360,268288
20,76,15360,268288
20,20,16384,268288
20,64,16384,268288
23,23,1024,273408
23,21,3072,273408
23,23,4096,273408
23,73,6144,273408
23,76,7168,273408
23,23,8192,273408
23,76,8192,273408
23,23,9216,273408
23,76,9216,273408
23,21,10240,273408
23,76,10240,273408
23,20,11264,273408
23,64,11264,273408
23,56,12288,273408
23,21,2048,274432
23,23,3072,274432
23,73,5120,274432
23,76,6144,274432
23,23,7168,274432
23,76,7168,274432
23,23,8192,274432
23,76,8192,274432
23,21,9216,274432
23,76,9216,274432
23,20,10240,274432
23,64,10240,274432
23,56,11264,274432
23,28,12288,274432
21,23,1024,276480
21,73,3072,276480
21,76,4096,276480
21,23,5120,276480
21,76,5120,276480
21,23,6144,276480
21,76,6144,276480
21,21,7168,276480
21,76,7168,276480
21,20,8192,276480
21,64,8192,276480
21,56,9216,276480
21,28,10240,276480
21,28,11264,276480
23,73,2048,277504
23,76,3072,277504
23,23,4096,277504
23,76,4096,277504
23,23,5120,277504
23,76,5120,277504
23,21,6144,277504
23,76,6144,277504
23,20,7168,277504
23,64,7168,277504
23,56,8192,277504
23,28,9216,277504
23,28,10240,277504
23,28,12288,277504
73,76,1024,279552
73,23,2048,279552
73,76,2048,279552
73,23,3072,279552
73,76,3072,279552
73,21,4096,279552
73,76,4096,279552
73,20,5120,279552
73,64,5120,279552
73,56,6144,279552
73,28,7168,279552
73,28,8192,279552
73,28,10240,279552
73,62,10240,279552
76,23,1024,280576
76,76,1024,280576
76,23,2048,280576
76,76,2048,280576
76,21,3072,280576
76,76,3072,280576
76,20,4096,280576
76,64,4096,280576
76,56,5120,280576
76,28,6144,280576
76,28,7168,280576
76,28,9216,280576
76,62,9216,280576
76,52,10240,280576
23,76,0,281600
23,23,1024,281600
23,76,1024,281600
23,21,2048,281600
23,76,2048,281600
23,20,3072,281600
23,64,3072,281600
23,56,4096,281600
23,28,5120,281600
23,28,6144,281600
23,28,8192,281600
23,62,8192,281600
23,52,9216,281600
23,55,10240,281600
76,23,1024,281600
76,76,1024,281600
76,21,2048,281600
76,76,2048,281600
76,20,3072,281600
76,64,3072,281600
76,56,4096,281600
76,28,5120,281600
76,28,6144,281600
76,28,8192,281600
76,62,8192,281600
76,52,9216,281600
76,55,10240,281600
76,22,11264,281600
23,76,0,282624
23,21,1024,282624
23,76,1024,282624
23,20,2048,282624
23,64,2048,282624
23,56,3072,282624
23,28,4096,282624
23,28,5120,282624
23,28,7168,282624
23,62,7168,282624
23,52,8192,282624
23,55,9216,282624
23,22,10240,282624
23,41,10240,282624
76,21,1024,282624
76,76,1024,282624
76,20,2048,282624
76,64,2048,282624
76,56,3072,282624
76,28,4096,282624
76,28,5120,282624
76,28,7168,282624
76,62,7168,282624
76,52,8192,282624
76,55,9216,282624
76,22,10240,282624
76,41,10240,282624
76,21,12288,282624
21,76,0,283648
21,20,1024,283648
21,64,1024,283648
21,56,2048,283648
21,28,3072,283648
21,28,4096,283648
21,28,6144,283648
21,62,6144,283648
21,52,7168,283648
21,55,8192,283648
21,22,9216,283648
21,41,9216,283648
21,21,11264,283648
21,21,14336,283648
76,20,1024,283648
76,64,1024,283648
76,56,2048,283648
76,28,3072,283648
76,28,4096,283648
76,28,6144,283648
76,62,6144,283648
76,52,7168,283648
76,55,8192,283648
76,22,9216,283648
76,41,9216,283648
76,21,11264,283648
76,21,14336,283648
76,21,15360,283648
20,64,0,284672
20,56,1024,284672
20,28,2048,284672
20,28,3072,284672
20,28,5120,284672
20,62,5120,284672
20,52,6144,284672
20,55,7168,284672
20,22,8192,284672
20,41,8192,284672
20,21,10240,284672
20,21,13312,284672
20,21,14336,284672
20,20,16384,284672
64,56,1024,284672
64,28,2048,284672
64,28,3072,284672
64,28,5120,284672
64,62,5120,284672
64,52,6144,284672
64,55,7168,284672
64,22,8192,284672
64,41,8192,284672
64,21,10240,284672
64,21,13312,284672
64,21,14336,284672
64,20,16384,284672
56,28,1024,285696
56,28,2048,285696
56,28,4096,285696
56,62,4096,285696
56,52,5120,285696
56,55,6144,285696
56,22,7168,285696
56,41,7168,285696
56,21,9216,285696
56,21,12288,285696
56,21,13312,285696
56,20,15360,285696
28,28,1024,286720
28,28,3072,286720
28,62,3072,286720
28,52,4096,286720
28,55,5120,286720
28,22,6144,286720
28,41,6144,286720
28,21,8192,286720
28,21,11264,286720
28,21,12288,286720
28,20,14336,286720
28,28,2048,287744
28,62,2048,287744
28,52,3072,287744
28,55,4096,287744
28,22,5120,287744
28,41,5120,287744
28,21,7168,287744
28,21,10240,287744
28,21,11264,287744
28,20,13312,287744
28,21,20480,287744
28,41,20480,287744
28,62,0,289792
28,52,1024,289792
28,55,2048,289792
28,22,3072,289792
28,41,3072,289792
28,21,5120,289792
28,21,8192,289792
28,21,9216,289792
28,20,11264,289792
28,21,18432,289792
28,41,18432,289792
28,21,19456,289792
62,52,1024,289792
62,55,2048,289792
62,22,3072,289792
62,41,3072,289792
62,21,5120,289792
62,21,8192,289792
62,21,9216,289792
62,20,11264,289792
62,21,18432,289792
62,41,18432,289792
62,21,19456,289792
52,55,1024,290816
52,22,2048,290816
52,41,2048,290816
52,21,4096,290816
52,21,7168,290816
52,21,8192,290816
52,20,10240,290816
52,21,17408,290816
52,41,17408,290816
52,21,18432,290816
52,20,20480,290816
55,22,1024,291840
55,41,1024,291840
55,21,3072,291840
55,21,6144,291840
55,21,7168,291840
55,20,9216,291840
55,21,16384,291840
55,41,16384,291840
55,21,17408,291840
55,20,19456,291840
55,22,20480,291840
22,41,0,292864
22,21,2048,292864
22,21,5120,292864
22,21,6144,292864
22,20,8192,292864
22,21,15360,292864
22,41,15360,292864
22,21,16384,292864
22,20,18432,292864
22,22,19456,292864
22,21,20480,292864
41,21,2048,292864
41,21,5120,292864
41,21,6144,292864
41,20,8192,292864
41,21,15360,292864
41,41,15360,292864
41,21,16384,292864
41,20,18432,292864
41,22,19456,292864
41,21,20480,292864
21,21,3072,294912
21,21,4096,294912
21,20,6144,294912
21,21,13312,294912
21,41,13312,294912
21,21,14336,294912
21,20,16384,294912
21,22,17408,294912
21,21,18432,294912
21,21,19456,294912
21,20,20480,294912
21,21,1024,297984
21,20,3072,297984
21,21,10240,297984
21,41,10240,297984
21,21,11264,297984
21,20,13312,297984
21,22,14336,297984
21,21,15360,297984
21,21,16384,297984
21,20,17408,297984
21,20,18432,297984
21,21,19456,297984
21,21,20480,297984
21,20,2048,299008
21,21,9216,299008
21,41,9216,299008
21,21,10240,299008
21,20,12288,299008
21,22,13312,299008
21,21,14336,299008
21,21,15360,299008
21,20,16384,299008
21,20,17408,299008
21,21,18432,299008
21,21,19456,299008
21,21,20480,299008
20,21,7168,301056
20,41,7168,301056
20,21,8192,301056
20,20,10240,301056
20,22,11264,301056
20,21,12288,301056
20,21,13312,301056
20,20,14336,301056
20,20,15360,301056
20,21,16384,301056
20,21,17408,301056
20,21,18432,301056
20,21,19456,301056
21,41,0,308224
21,21,1024,308224
21,20,3072,308224
21,22,4096,308224
21,21,5120,308224
21,21,6144,308224
21,20,7168,308224
21,20,8192,308224
21,21,9216,308224
21,21,10240,308224
21,21,11264,308224
21,21,12288,308224
41,21,1024,308224
41,20,3072,308224
41,22,4096,308224
41,21,5120,308224
41,21,6144,308224
41,20,7168,308224
41,20,8192,308224
41,21,9216,308224
41,21,10240,308224
41,21,11264,308224
41,21,12288,308224
21,20,2048,309248
21,22,3072,309248
21,21,4096,309248
21,21,5120,309248
21,20,6144,309248
21,20,7168,309248
21,21,8192,309248
21,21,9216,309248
21,21,10240,309248
21,21,11264,309248
20,22,1024,311296
20,21,2048,311296
20,21,3072,311296
20,20,4096,311296
20,20,5120,311296
20,21,6144,311296
20,21,7168,311296
20,21,8192,311296
20,21,9216,311296
22,21,1024,312320
22,21,2048,312320
22,20,3072,312320
22,20,4096,312320
22,21,5120,312320
22,21,6144,312320
22,21,7168,312320
22,21,8192,312320
21,21,1024,313344
21,20,2048,313344
21,20,3072,313344
21,21,4096,313344
21,21,5120,313344
21,21,6144,313344
21,21,7168,313344
21,20,1024,314368
21,20,2048,314368
21,21,3072,314368
21,21,4096,314368
21,21,5120,314368
21,21,6144,314368
20,20,1024,315392
20,21,2048,315392
20,21,3072,315392
20,21,4096,315392
20,21,5120,315392
20,21,1024,316416
20,21,2048,316416
20,21,3072,316416
20,21,4096,316416
21,21,1024,317440
21,21,2048,317440
21,21,3072,317440
21,21,1024,318464
21,21,2048,318464
21,21,1024,319488
