20,31,1024,0
20,22,2048,0
20,20,3072,0
20,222,3072,0
20,22,5120,0
20,22,6144,0
20,108,6144,0
20,22,8192,0
20,22,9216,0
20,22,11264,0
20,18,12288,0
20,20,17408,0
20,23,20480,0
31,22,1024,1024
31,20,2048,1024
31,222,2048,1024
31,22,4096,1024
31,22,5120,1024
31,108,5120,1024
31,22,7168,1024
31,22,8192,1024
31,22,10240,1024
31,18,11264,1024
31,20,16384,1024
31,23,19456,1024
22,20,1024,2048
22,222,1024,2048
22,22,3072,2048
22,22,4096,2048
22,108,4096,2048
22,22,6144,2048
22,22,7168,2048
22,22,9216,2048
22,18,10240,2048
22,20,15360,2048
22,23,18432,2048
20,222,0,3072
20,22,2048,3072
20,22,3072,3072
20,108,3072,3072
20,22,5120,3072
20,22,6144,3072
20,22,8192,3072
20,18,9216,3072
20,20,14336,3072
20,23,17408,3072
222,22,2048,3072
222,22,3072,3072
222,108,3072,3072
222,22,5120,3072
222,22,6144,3072
222,22,8192,3072
222,18,9216,3072
222,20,14336,3072
222,23,17408,3072
22,22,1024,5120
22,108,1024,5120
22,22,3072,5120
22,22,4096,5120
22,22,6144,5120
22,18,7168,5120
22,20,12288,5120
22,23,15360,5120
22,20,20480,5120
22,108,0,6144
22,22,2048,6144
22,22,3072,6144
22,22,5120,6144
22,18,6144,6144
22,20,11264,6144
22,23,14336,6144
22,20,19456,6144
108,22,2048,6144
108,22,3072,6144
108,22,5120,6144
108,18,6144,6144
108,20,11264,6144
108,23,14336,6144
108,20,19456,6144
22,22,1024,8192
22,22,3072,8192
22,18,4096,8192
22,20,9216,8192
22,23,12288,8192
22,20,17408,8192
22,22,2048,9216
22,18,3072,9216
22,20,8192,9216
22,23,11264,9216
22,20,16384,9216
22,22,20480,9216
22,18,1024,11264
22,20,6144,11264
22,23,9216,11264
22,20,14336,11264
22,22,18432,11264
22,22,19456,11264
22,22,20480,11264
18,20,5120,12288
18,23,8192,12288
18,20,13312,12288
18,22,17408,12288
18,22,18432,12288
18,22,19456,12288
18,22,20480,12288
20,23,3072,17408
20,20,8192,17408
20,22,12288,17408
20,22,13312,17408
20,22,14336,17408
20,22,15360,17408
20,22,20480,17408
23,20,5120,20480
23,22,9216,20480
23,22,10240,20480
23,22,11264,20480
23,22,12288,20480
23,22,17408,20480
20,22,4096,25600
20,22,5120,25600
20,22,6144,25600
20,22,7168,25600
20,22,12288,25600
20,22,17408,25600
20,22,20480,25600
22,22,1024,29696
22,22,2048,29696
22,22,3072,29696
22,22,8192,29696
22,22,13312,29696
22,22,16384,29696
22,22,1024,30720
22,22,2048,30720
22,22,7168,30720
22,22,12288,30720
22,22,15360,30720
22,22,1024,31744
22,22,6144,31744
22,22,11264,31744
22,22,14336,31744
22,22,5120,32768
22,22,10240,32768
22,22,13312,32768
22,22,5120,37888
22,22,8192,37888
22,22,18432,37888
22,22,19456,37888
22,22,20480,37888
22,22,3072,43008
22,22,13312,43008
22,22,14336,43008
22,22,15360,43008
22,22,10240,46080
22,22,11264,46080
22,22,12288,46080
22,18,20480,46080
22,22,1024,56320
22,22,2048,56320
22,18,10240,56320
22,18,11264,56320
22,22,13312,56320
22,18,15360,56320
22,22,1024,57344
22,18,9216,57344
22,18,10240,57344
22,22,12288,57344
22,18,14336,57344
22,18,8192,58368
22,18,9216,58368
22,22,11264,58368
22,18,13312,58368
22,31,20480,58368
18,18,1024,66560
18,22,3072,66560
18,18,5120,66560
18,31,12288,66560
18,19,13312,66560
18,22,15360,66560
18,30,16384,66560
18,23,17408,66560
18,22,18432,66560
18,22,19456,66560
18,20,20480,66560
18,22,2048,67584
18,18,4096,67584
18,31,11264,67584
18,19,12288,67584
18,22,14336,67584
18,30,15360,67584
18,23,16384,67584
18,22,17408,67584
18,22,18432,67584
18,20,19456,67584
18,21,20480,67584
18,251,20480,67584
22,18,2048,69632
22,31,9216,69632
22,19,10240,69632
22,22,12288,69632
22,30,13312,69632
22,23,14336,69632
22,22,15360,69632
22,22,16384,69632
22,20,17408,69632
22,21,18432,69632
22,251,18432,69632
22,18,20480,69632
18,31,7168,71680
18,19,8192,71680
18,22,10240,71680
18,30,11264,71680
18,23,12288,71680
18,22,13312,71680
18,22,14336,71680
18,20,15360,71680
18,21,16384,71680
18,251,16384,71680
18,18,18432,71680
18,22,20480,71680
31,19,1024,78848
31,22,3072,78848
31,30,4096,78848
31,23,5120,78848
31,22,6144,78848
31,22,7168,78848
31,20,8192,78848
31,21,9216,78848
31,251,9216,78848
31,18,11264,78848
31,22,13312,78848
31,18,14336,78848
31,61,15360,78848
31,20,17408,78848
19,22,2048,79872
19,30,3072,79872
19,23,4096,79872
19,22,5120,79872
19,22,6144,79872
19,20,7168,79872
19,21,8192,79872
19,251,8192,79872
19,18,10240,79872
19,22,12288,79872
19,18,13312,79872
19,61,14336,79872
19,20,16384,79872
19,18,19456,79872
22,30,1024,81920
22,23,2048,81920
22,22,3072,81920
22,22,4096,81920
22,20,5120,81920
22,21,6144,81920
22,251,6144,81920
22,18,8192,81920
22,22,10240,81920
22,18,11264,81920
22,61,12288,81920
22,20,14336,81920
22,18,17408,81920
22,20,20480,81920
30,23,1024,82944
30,22,2048,82944
30,22,3072,82944
30,20,4096,82944
30,21,5120,82944
30,251,5120,82944
30,18,7168,82944
30,22,9216,82944
30,18,10240,82944
30,61,11264,82944
30,20,13312,82944
30,18,16384,82944
30,20,19456,82944
30,64,19456,82944
23,22,1024,83968
23,22,2048,83968
23,20,3072,83968
23,21,4096,83968
23,251,4096,83968
23,18,6144,83968
23,22,8192,83968
23,18,9216,83968
23,61,10240,83968
23,20,12288,83968
23,18,15360,83968
23,20,18432,83968
23,64,18432,83968
23,19,19456,83968
22,22,1024,84992
22,20,2048,84992
22,21,3072,84992
22,251,3072,84992
22,18,5120,84992
22,22,7168,84992
22,18,8192,84992
22,61,9216,84992
22,20,11264,84992
22,18,14336,84992
22,20,17408,84992
22,64,17408,84992
22,19,18432,84992
22,22,20480,84992
22,20,1024,86016
22,21,2048,86016
22,251,2048,86016
22,18,4096,86016
22,22,6144,86016
22,18,7168,86016
22,61,8192,86016
22,20,10240,86016
22,18,13312,86016
22,20,16384,86016
22,64,16384,86016
22,19,17408,86016
22,22,19456,86016
20,21,1024,87040
20,251,1024,87040
20,18,3072,87040
20,22,5120,87040
20,18,6144,87040
20,61,7168,87040
20,20,9216,87040
20,18,12288,87040
20,20,15360,87040
20,64,15360,87040
20,19,16384,87040
20,22,18432,87040
20,22,20480,87040
21,251,0,88064
21,18,2048,88064
21,22,4096,88064
21,18,5120,88064
21,61,6144,88064
21,20,8192,88064
21,18,11264,88064
21,20,14336,88064
21,64,14336,88064
21,19,15360,88064
21,22,17408,88064
21,22,19456,88064
21,31,20480,88064
251,18,2048,88064
251,22,4096,88064
251,18,5120,88064
251,61,6144,88064
251,20,8192,88064
251,18,11264,88064
251,20,14336,88064
251,64,14336,88064
251,19,15360,88064
251,22,17408,88064
251,22,19456,88064
251,31,20480,88064
18,22,2048,90112
18,18,3072,90112
18,61,4096,90112
18,20,6144,90112
18,18,9216,90112
18,20,12288,90112
18,64,12288,90112
18,19,13312,90112
18,22,15360,90112
18,22,17408,90112
18,31,18432,90112
18,28,19456,90112
18,22,20480,90112
22,18,1024,92160
22,61,2048,92160
22,20,4096,92160
22,18,7168,92160
22,20,10240,92160
22,64,10240,92160
22,19,11264,92160
22,22,13312,92160
22,22,15360,92160
22,31,16384,92160
22,28,17408,92160
22,22,18432,92160
18,61,1024,93184
18,20,3072,93184
18,18,6144,93184
18,20,9216,93184
18,64,9216,93184
18,19,10240,93184
18,22,12288,93184
18,22,14336,93184
18,31,15360,93184
18,28,16384,93184
18,22,17408,93184
61,20,2048,94208
61,18,5120,94208
61,20,8192,94208
61,64,8192,94208
61,19,9216,94208
61,22,11264,94208
61,22,13312,94208
61,31,14336,94208
61,28,15360,94208
61,22,16384,94208
20,18,3072,96256
20,20,6144,96256
20,64,6144,96256
20,19,7168,96256
20,22,9216,96256
20,22,11264,96256
20,31,12288,96256
20,28,13312,96256
20,22,14336,96256
18,20,3072,99328
18,64,3072,99328
18,19,4096,99328
18,22,6144,99328
18,22,8192,99328
18,31,9216,99328
18,28,10240,99328
18,22,11264,99328
20,64,0,102400
20,19,1024,102400
20,22,3072,102400
20,22,5120,102400
20,31,6144,102400
20,28,7168,102400
20,22,8192,102400
20,21,20480,102400
64,19,1024,102400
64,22,3072,102400
64,22,5120,102400
64,31,6144,102400
64,28,7168,102400
64,22,8192,102400
64,21,20480,102400
19,22,2048,103424
19,22,4096,103424
19,31,5120,103424
19,28,6144,103424
19,22,7168,103424
19,21,19456,103424
19,22,20480,103424
22,22,2048,105472
22,31,3072,105472
22,28,4096,105472
22,22,5120,105472
22,21,17408,105472
22,22,18432,105472
22,20,19456,105472
22,19,20480,105472
22,31,1024,107520
22,28,2048,107520
22,22,3072,107520
22,21,15360,107520
22,22,16384,107520
22,20,17408,107520
22,19,18432,107520
22,34,20480,107520
31,28,1024,108544
31,22,2048,108544
31,21,14336,108544
31,22,15360,108544
31,20,16384,108544
31,19,17408,108544
31,34,19456,108544
31,18,20480,108544
28,22,1024,109568
28,21,13312,109568
28,22,14336,109568
28,20,15360,109568
28,19,16384,109568
28,34,18432,109568
28,18,19456,109568
22,21,12288,110592
22,22,13312,110592
22,20,14336,110592
22,19,15360,110592
22,34,17408,110592
22,18,18432,110592
22,21,20480,110592
21,22,1024,122880
21,20,2048,122880
21,19,3072,122880
21,34,5120,122880
21,18,6144,122880
21,21,8192,122880
21,18,9216,122880
21,22,10240,122880
21,18,12288,122880
21,18,15360,122880
21,22,17408,122880
21,26,18432,122880
21,67,18432,122880
21,99,18432,122880
22,20,1024,123904
22,19,2048,123904
22,34,4096,123904
22,18,5120,123904
22,21,7168,123904
22,18,8192,123904
22,22,9216,123904
22,18,11264,123904
22,18,14336,123904
22,22,16384,123904
22,26,17408,123904
22,67,17408,123904
22,99,17408,123904
22,22,19456,123904
20,19,1024,124928
20,34,3072,124928
20,18,4096,124928
20,21,6144,124928
20,18,7168,124928
20,22,8192,124928
20,18,10240,124928
20,18,13312,124928
20,22,15360,124928
20,26,16384,124928
20,67,16384,124928
20,99,16384,124928
20,22,18432,124928
20,20,19456,124928
19,34,2048,125952
19,18,3072,125952
19,21,5120,125952
19,18,6144,125952
19,22,7168,125952
19,18,9216,125952
19,18,12288,125952
19,22,14336,125952
19,26,15360,125952
19,67,15360,125952
19,99,15360,125952
19,22,17408,125952
19,20,18432,125952
19,44,18432,125952
34,18,1024,128000
34,21,3072,128000
34,18,4096,128000
34,22,5120,128000
34,18,7168,128000
34,18,10240,128000
34,22,12288,128000
34,26,13312,128000
34,67,13312,128000
34,99,13312,128000
34,22,15360,128000
34,20,16384,128000
34,44,16384,128000
34,22,19456,128000
18,21,2048,129024
18,18,3072,129024
18,22,4096,129024
18,18,6144,129024
18,18,9216,129024
18,22,11264,129024
18,26,12288,129024
18,67,12288,129024
18,99,12288,129024
18,22,14336,129024
18,20,15360,129024
18,44,15360,129024
18,22,18432,129024
21,18,1024,131072
21,22,2048,131072
21,18,4096,131072
21,18,7168,131072
21,22,9216,131072
21,26,10240,131072
21,67,10240,131072
21,99,10240,131072
21,22,12288,131072
21,20,13312,131072
21,44,13312,131072
21,22,16384,131072
21,19,19456,131072
21,137,20480,131072
18,22,1024,132096
18,18,3072,132096
18,18,6144,132096
18,22,8192,132096
18,26,9216,132096
18,67,9216,132096
18,99,9216,132096
18,22,11264,132096
18,20,12288,132096
18,44,12288,132096
18,22,15360,132096
18,19,18432,132096
18,137,19456,132096
18,29,20480,132096
22,18,2048,133120
22,18,5120,133120
22,22,7168,133120
22,26,8192,133120
22,67,8192,133120
22,99,8192,133120
22,22,10240,133120
22,20,11264,133120
22,44,11264,133120
22,22,14336,133120
22,19,17408,133120
22,137,18432,133120
22,29,19456,133120
22,60,20480,133120
18,18,3072,135168
18,22,5120,135168
18,26,6144,135168
18,67,6144,135168
18,99,6144,135168
18,22,8192,135168
18,20,9216,135168
18,44,9216,135168
18,22,12288,135168
18,19,15360,135168
18,137,16384,135168
18,29,17408,135168
18,60,18432,135168
18,22,20480,135168
18,22,2048,138240
18,26,3072,138240
18,67,3072,138240
18,99,3072,138240
18,22,5120,138240
18,20,6144,138240
18,44,6144,138240
18,22,9216,138240
18,19,12288,138240
18,137,13312,138240
18,29,14336,138240
18,60,15360,138240
18,22,17408,138240
18,22,20480,138240
22,26,1024,140288
22,67,1024,140288
22,99,1024,140288
22,22,3072,140288
22,20,4096,140288
22,44,4096,140288
22,22,7168,140288
22,19,10240,140288
22,137,11264,140288
22,29,12288,140288
22,60,13312,140288
22,22,15360,140288
22,22,18432,140288
26,67,0,141312
26,99,0,141312
26,22,2048,141312
26,20,3072,141312
26,44,3072,141312
26,22,6144,141312
26,19,9216,141312
26,137,10240,141312
26,29,11264,141312
26,60,12288,141312
26,22,14336,141312
26,22,17408,141312
67,99,0,141312
67,22,2048,141312
67,20,3072,141312
67,44,3072,141312
67,22,6144,141312
67,19,9216,141312
67,137,10240,141312
67,29,11264,141312
67,60,12288,141312
67,22,14336,141312
67,22,17408,141312
99,22,2048,141312
99,20,3072,141312
99,44,3072,141312
99,22,6144,141312
99,19,9216,141312
99,137,10240,141312
99,29,11264,141312
99,60,12288,141312
99,22,14336,141312
99,22,17408,141312
22,20,1024,143360
22,44,1024,143360
22,22,4096,143360
22,19,7168,143360
22,137,8192,143360
22,29,9216,143360
22,60,10240,143360
22,22,12288,143360
22,22,15360,143360
22,22,19456,143360
20,44,0,144384
20,22,3072,144384
20,19,6144,144384
20,137,7168,144384
20,29,8192,144384
20,60,9216,144384
20,22,11264,144384
20,22,14336,144384
20,22,18432,144384
20,19,20480,144384
44,22,3072,144384
44,19,6144,144384
44,137,7168,144384
44,29,8192,144384
44,60,9216,144384
44,22,11264,144384
44,22,14336,144384
44,22,18432,144384
44,19,20480,144384
22,19,3072,147456
22,137,4096,147456
22,29,5120,147456
22,60,6144,147456
22,22,8192,147456
22,22,11264,147456
22,22,15360,147456
22,19,17408,147456
19,137,1024,150528
19,29,2048,150528
19,60,3072,150528
19,22,5120,150528
19,22,8192,150528
19,22,12288,150528
19,19,14336,150528
19,20,20480,150528
137,29,1024,151552
137,60,2048,151552
137,22,4096,151552
137,22,7168,151552
137,22,11264,151552
137,19,13312,151552
137,20,19456,151552
29,60,1024,152576
29,22,3072,152576
29,22,6144,152576
29,22,10240,152576
29,19,12288,152576
29,20,18432,152576
60,22,2048,153600
60,22,5120,153600
60,22,9216,153600
60,19,11264,153600
60,20,17408,153600
60,18,20480,153600
22,22,3072,155648
22,22,7168,155648
22,19,9216,155648
22,20,15360,155648
22,18,18432,155648
22,39,20480,155648
22,40,20480,155648
22,22,4096,158720
22,19,6144,158720
22,20,12288,158720
22,18,15360,158720
22,39,17408,158720
22,40,17408,158720
22,18,18432,158720
22,23,19456,158720
22,23,20480,158720
22,19,2048,162816
22,20,8192,162816
22,18,11264,162816
22,39,13312,162816
22,40,13312,162816
22,18,14336,162816
22,23,15360,162816
22,23,16384,162816
22,18,17408,162816
22,20,20480,162816
22,67,20480,162816
19,20,6144,164864
19,18,9216,164864
19,39,11264,164864
19,40,11264,164864
19,18,12288,164864
19,23,13312,164864
19,23,14336,164864
19,18,15360,164864
19,20,18432,164864
19,67,18432,164864
19,23,19456,164864
19,23,20480,164864
20,18,3072,171008
20,39,5120,171008
20,40,5120,171008
20,18,6144,171008
20,23,7168,171008
20,23,8192,171008
20,18,9216,171008
20,20,12288,171008
20,67,12288,171008
20,23,13312,171008
20,23,14336,171008
20,20,15360,171008
20,68,15360,171008
20,20,18432,171008
18,39,2048,174080
18,40,2048,174080
18,18,3072,174080
18,23,4096,174080
18,23,5120,174080
18,18,6144,174080
18,20,9216,174080
18,67,9216,174080
18,23,10240,174080
18,23,11264,174080
18,20,12288,174080
18,68,12288,174080
18,20,15360,174080
18,23,18432,174080
39,40,0,176128
39,18,1024,176128
39,23,2048,176128
39,23,3072,176128
39,18,4096,176128
39,20,7168,176128
39,67,7168,176128
39,23,8192,176128
39,23,9216,176128
39,20,10240,176128
39,68,10240,176128
39,20,13312,176128
39,23,16384,176128
39,114,16384,176128
40,18,1024,176128
40,23,2048,176128
40,23,3072,176128
40,18,4096,176128
40,20,7168,176128
40,67,7168,176128
40,23,8192,176128
40,23,9216,176128
40,20,10240,176128
40,68,10240,176128
40,20,13312,176128
40,23,16384,176128
40,114,16384,176128
40,18,17408,176128
18,23,1024,177152
18,23,2048,177152
18,18,3072,177152
18,20,6144,177152
18,67,6144,177152
18,23,7168,177152
18,23,8192,177152
18,20,9216,177152
18,68,9216,177152
18,20,12288,177152
18,23,15360,177152
18,114,15360,177152
18,18,16384,177152
18,18,17408,177152
23,23,1024,178176
23,18,2048,178176
23,20,5120,178176
23,67,5120,178176
23,23,6144,178176
23,23,7168,178176
23,20,8192,178176
23,68,8192,178176
23,20,11264,178176
23,23,14336,178176
23,114,14336,178176
23,18,15360,178176
23,18,16384,178176
23,20,17408,178176
23,18,1024,179200
23,20,4096,179200
23,67,4096,179200
23,23,5120,179200
23,23,6144,179200
23,20,7168,179200
23,68,7168,179200
23,20,10240,179200
23,23,13312,179200
23,114,13312,179200
23,18,14336,179200
23,18,15360,179200
23,20,16384,179200
23,18,19456,179200
18,20,3072,180224
18,67,3072,180224
18,23,4096,180224
18,23,5120,180224
18,20,6144,180224
18,68,6144,180224
18,20,9216,180224
18,23,12288,180224
18,114,12288,180224
18,18,13312,180224
18,18,14336,180224
18,20,15360,180224
18,18,18432,180224
18,33,19456,180224
20,67,0,183296
20,23,1024,183296
20,23,2048,183296
20,20,3072,183296
20,68,3072,183296
20,20,6144,183296
20,23,9216,183296
20,114,9216,183296
20,18,10240,183296
20,18,11264,183296
20,20,12288,183296
20,18,15360,183296
20,33,16384,183296
20,107,18432,183296
67,23,1024,183296
67,23,2048,183296
67,20,3072,183296
67,68,3072,183296
67,20,6144,183296
67,23,9216,183296
67,114,9216,183296
67,18,10240,183296
67,18,11264,183296
67,20,12288,183296
67,18,15360,183296
67,33,16384,183296
67,107,18432,183296
67,96,19456,183296
23,23,1024,184320
23,20,2048,184320
23,68,2048,184320
23,20,5120,184320
23,23,8192,184320
23,114,8192,184320
23,18,9216,184320
23,18,10240,184320
23,20,11264,184320
23,18,14336,184320
23,33,15360,184320
23,107,17408,184320
23,96,18432,184320
23,20,1024,185344
23,68,1024,185344
23,20,4096,185344
23,23,7168,185344
23,114,7168,185344
23,18,8192,185344
23,18,9216,185344
23,20,10240,185344
23,18,13312,185344
23,33,14336,185344
23,107,16384,185344
23,96,17408,185344
23,19,20480,185344
20,68,0,186368
20,20,3072,186368
20,23,6144,186368
20,114,6144,186368
20,18,7168,186368
20,18,8192,186368
20,20,9216,186368
20,18,12288,186368
20,33,13312,186368
20,107,15360,186368
20,96,16384,186368
20,19,19456,186368
20,37,20480,186368
68,20,3072,186368
68,23,6144,186368
68,114,6144,186368
68,18,7168,186368
68,18,8192,186368
68,20,9216,186368
68,18,12288,186368
68,33,13312,186368
68,107,15360,186368
68,96,16384,186368
68,19,19456,186368
68,37,20480,186368
20,23,3072,189440
20,114,3072,189440
20,18,4096,189440
20,18,5120,189440
20,20,6144,189440
20,18,9216,189440
20,33,10240,189440
20,107,12288,189440
20,96,13312,189440
20,19,16384,189440
20,37,17408,189440
20,18,18432,189440
23,114,0,192512
23,18,1024,192512
23,18,2048,192512
23,20,3072,192512
23,18,6144,192512
23,33,7168,192512
23,107,9216,192512
23,96,10240,192512
23,19,13312,192512
23,37,14336,192512
23,18,15360,192512
23,20,18432,192512
23,19,19456,192512
114,18,1024,192512
114,18,2048,192512
114,20,3072,192512
114,18,6144,192512
114,33,7168,192512
114,107,9216,192512
114,96,10240,192512
114,19,13312,192512
114,37,14336,192512
114,18,15360,192512
114,20,18432,192512
114,19,19456,192512
18,18,1024,193536
18,20,2048,193536
18,18,5120,193536
18,33,6144,193536
18,107,8192,193536
18,96,9216,193536
18,19,12288,193536
18,37,13312,193536
18,18,14336,193536
18,20,17408,193536
18,19,18432,193536
18,20,20480,193536
18,20,1024,194560
18,18,4096,194560
18,33,5120,194560
18,107,7168,194560
18,96,8192,194560
18,19,11264,194560
18,37,12288,194560
18,18,13312,194560
18,20,16384,194560
18,19,17408,194560
18,20,19456,194560
20,18,3072,195584
20,33,4096,195584
20,107,6144,195584
20,96,7168,195584
20,19,10240,195584
20,37,11264,195584
20,18,12288,195584
20,20,15360,195584
20,19,16384,195584
20,20,18432,195584
18,33,1024,198656
18,107,3072,198656
18,96,4096,198656
18,19,7168,198656
18,37,8192,198656
18,18,9216,198656
18,20,12288,198656
18,19,13312,198656
18,20,15360,198656
18,18,18432,198656
18,67,20480,198656
33,107,2048,199680
33,96,3072,199680
33,19,6144,199680
33,37,7168,199680
33,18,8192,199680
33,20,11264,199680
33,19,12288,199680
33,20,14336,199680
33,18,17408,199680
33,67,19456,199680
33,23,20480,199680
107,96,1024,201728
107,19,4096,201728
107,37,5120,201728
107,18,6144,201728
107,20,9216,201728
107,19,10240,201728
107,20,12288,201728
107,18,15360,201728
107,67,17408,201728
107,23,18432,201728
107,20,19456,201728
96,19,3072,202752
96,37,4096,202752
96,18,5120,202752
96,20,8192,202752
96,19,9216,202752
96,20,11264,202752
96,18,14336,202752
96,67,16384,202752
96,23,17408,202752
96,20,18432,202752
96,31,20480,202752
19,37,1024,205824
19,18,2048,205824
19,20,5120,205824
19,19,6144,205824
19,20,8192,205824
19,18,11264,205824
19,67,13312,205824
19,23,14336,205824
19,20,15360,205824
19,31,17408,205824
19,23,18432,205824
19,23,19456,205824
19,32,20480,205824
37,18,1024,206848
37,20,4096,206848
37,19,5120,206848
37,20,7168,206848
37,18,10240,206848
37,67,12288,206848
37,23,13312,206848
37,20,14336,206848
37,31,16384,206848
37,23,17408,206848
37,23,18432,206848
37,32,19456,206848
37,23,20480,206848
37,61,20480,206848
18,20,3072,207872
18,19,4096,207872
18,20,6144,207872
18,18,9216,207872
18,67,11264,207872
18,23,12288,207872
18,20,13312,207872
18,31,15360,207872
18,23,16384,207872
18,23,17408,207872
18,32,18432,207872
18,23,19456,207872
18,61,19456,207872
18,23,20480,207872
20,19,1024,210944
20,20,3072,210944
20,18,6144,210944
20,67,8192,210944
20,23,9216,210944
20,20,10240,210944
20,31,12288,210944
20,23,13312,210944
20,23,14336,210944
20,32,15360,210944
20,23,16384,210944
20,61,16384,210944
20,23,17408,210944
20,30,18432,210944
19,20,2048,211968
19,18,5120,211968
19,67,7168,211968
19,23,8192,211968
19,20,9216,211968
19,31,11264,211968
19,23,12288,211968
19,23,13312,211968
19,32,14336,211968
19,23,15360,211968
19,61,15360,211968
19,23,16384,211968
19,30,17408,211968
19,19,19456,211968
20,18,3072,214016
20,67,5120,214016
20,23,6144,214016
20,20,7168,214016
20,31,9216,214016
20,23,10240,214016
20,23,11264,214016
20,32,12288,214016
20,23,13312,214016
20,61,13312,214016
20,23,14336,214016
20,30,15360,214016
20,19,17408,214016
18,67,2048,217088
18,23,3072,217088
18,20,4096,217088
18,31,6144,217088
18,23,7168,217088
18,23,8192,217088
18,32,9216,217088
18,23,10240,217088
18,61,10240,217088
18,23,11264,217088
18,30,12288,217088
18,19,14336,217088
18,23,18432,217088
18,18,19456,217088
67,23,1024,219136
67,20,2048,219136
67,31,4096,219136
67,23,5120,219136
67,23,6144,219136
67,32,7168,219136
67,23,8192,219136
67,61,8192,219136
67,23,9216,219136
67,30,10240,219136
67,19,12288,219136
67,23,16384,219136
67,18,17408,219136
67,251,20480,219136
23,20,1024,220160
23,31,3072,220160
23,23,4096,220160
23,23,5120,220160
23,32,6144,220160
23,23,7168,220160
23,61,7168,220160
23,23,8192,220160
23,30,9216,220160
23,19,11264,220160
23,23,15360,220160
23,18,16384,220160
23,251,19456,220160
20,31,2048,221184
20,23,3072,221184
20,23,4096,221184
20,32,5120,221184
20,23,6144,221184
20,61,6144,221184
20,23,7168,221184
20,30,8192,221184
20,19,10240,221184
20,23,14336,221184
20,18,15360,221184
20,251,18432,221184
31,23,1024,223232
31,23,2048,223232
31,32,3072,223232
31,23,4096,223232
31,61,4096,223232
31,23,5120,223232
31,30,6144,223232
31,19,8192,223232
31,23,12288,223232
31,18,13312,223232
31,251,16384,223232
31,70,19456,223232
31,105,19456,223232
31,70,20480,223232
23,23,1024,224256
23,32,2048,224256
23,23,3072,224256
23,61,3072,224256
23,23,4096,224256
23,30,5120,224256
23,19,7168,224256
23,23,11264,224256
23,18,12288,224256
23,251,15360,224256
23,70,18432,224256
23,105,18432,224256
23,70,19456,224256
23,32,1024,225280
23,23,2048,225280
23,61,2048,225280
23,23,3072,225280
23,30,4096,225280
23,19,6144,225280
23,23,10240,225280
23,18,11264,225280
23,251,14336,225280
23,70,17408,225280
23,105,17408,225280
23,70,18432,225280
32,23,1024,226304
32,61,1024,226304
32,23,2048,226304
32,30,3072,226304
32,19,5120,226304
32,23,9216,226304
32,18,10240,226304
32,251,13312,226304
32,70,16384,226304
32,105,16384,226304
32,70,17408,226304
32,19,20480,226304
23,61,0,227328
23,23,1024,227328
23,30,2048,227328
23,19,4096,227328
23,23,8192,227328
23,18,9216,227328
23,251,12288,227328
23,70,15360,227328
23,105,15360,227328
23,70,16384,227328
23,19,19456,227328
23,44,20480,227328
61,23,1024,227328
61,30,2048,227328
61,19,4096,227328
61,23,8192,227328
61,18,9216,227328
61,251,12288,227328
61,70,15360,227328
61,105,15360,227328
61,70,16384,227328
61,19,19456,227328
61,44,20480,227328
23,30,1024,228352
23,19,3072,228352
23,23,7168,228352
23,18,8192,228352
23,251,11264,228352
23,70,14336,228352
23,105,14336,228352
23,70,15360,228352
23,19,18432,228352
23,44,19456,228352
23,18,20480,228352
30,19,2048,229376
30,23,6144,229376
30,18,7168,229376
30,251,10240,229376
30,70,13312,229376
30,105,13312,229376
30,70,14336,229376
30,19,17408,229376
30,44,18432,229376
30,18,19456,229376
19,23,4096,231424
19,18,5120,231424
19,251,8192,231424
19,70,11264,231424
19,105,11264,231424
19,70,12288,231424
19,19,15360,231424
19,44,16384,231424
19,18,17408,231424
23,18,1024,235520
23,251,4096,235520
23,70,7168,235520
23,105,7168,235520
23,70,8192,235520
23,19,11264,235520
23,44,12288,235520
23,18,13312,235520
23,23,20480,235520
18,251,3072,236544
18,70,6144,236544
18,105,6144,236544
18,70,7168,236544
18,19,10240,236544
18,44,11264,236544
18,18,12288,236544
18,23,19456,236544
18,18,20480,236544
251,70,3072,239616
251,105,3072,239616
251,70,4096,239616
251,19,7168,239616
251,44,8192,239616
251,18,9216,239616
251,23,16384,239616
251,18,17408,239616
251,18,18432,239616
251,23,19456,239616
70,105,0,242688
70,70,1024,242688
70,19,4096,242688
70,44,5120,242688
70,18,6144,242688
70,23,13312,242688
70,18,14336,242688
70,18,15360,242688
70,23,16384,242688
70,21,19456,242688
105,70,1024,242688
105,19,4096,242688
105,44,5120,242688
105,18,6144,242688
105,23,13312,242688
105,18,14336,242688
105,18,15360,242688
105,23,16384,242688
105,21,19456,242688
70,19,3072,243712
70,44,4096,243712
70,18,5120,243712
70,23,12288,243712
70,18,13312,243712
70,18,14336,243712
70,23,15360,243712
70,21,18432,243712
70,101,20480,243712
19,44,1024,246784
19,18,2048,246784
19,23,9216,246784
19,18,10240,246784
19,18,11264,246784
19,23,12288,246784
19,21,15360,246784
19,101,17408,246784
19,18,18432,246784
19,32,20480,246784
19,155,20480,246784
44,18,1024,247808
44,23,8192,247808
44,18,9216,247808
44,18,10240,247808
44,23,11264,247808
44,21,14336,247808
44,101,16384,247808
44,18,17408,247808
44,32,19456,247808
44,155,19456,247808
44,18,20480,247808
18,23,7168,248832
18,18,8192,248832
18,18,9216,248832
18,23,10240,248832
18,21,13312,248832
18,101,15360,248832
18,18,16384,248832
18,32,18432,248832
18,155,18432,248832
18,18,19456,248832
23,18,1024,256000
23,18,2048,256000
23,23,3072,256000
23,21,6144,256000
23,101,8192,256000
23,18,9216,256000
23,32,11264,256000
23,155,11264,256000
23,18,12288,256000
23,22,14336,256000
23,18,15360,256000
23,172,15360,256000
23,22,16384,256000
23,20,18432,256000
18,18,1024,257024
18,23,2048,257024
18,21,5120,257024
18,101,7168,257024
18,18,8192,257024
18,32,10240,257024
18,155,10240,257024
18,18,11264,257024
18,22,13312,257024
18,18,14336,257024
18,172,14336,257024
18,22,15360,257024
18,20,17408,257024
18,171,17408,257024
18,23,1024,258048
18,21,4096,258048
18,101,6144,258048
18,18,7168,258048
18,32,9216,258048
18,155,9216,258048
18,18,10240,258048
18,22,12288,258048
18,18,13312,258048
18,172,13312,258048
18,22,14336,258048
18,20,16384,258048
18,171,16384,258048
18,20,19456,258048
23,21,3072,259072
23,101,5120,259072
23,18,6144,259072
23,32,8192,259072
23,155,8192,259072
23,18,9216,259072
23,22,11264,259072
23,18,12288,259072
23,172,12288,259072
23,22,13312,259072
23,20,15360,259072
23,171,15360,259072
23,20,18432,259072
21,101,2048,262144
21,18,3072,262144
21,32,5120,262144
21,155,5120,262144
21,18,6144,262144
21,22,8192,262144
21,18,9216,262144
21,172,9216,262144
21,22,10240,262144
21,20,12288,262144
21,171,12288,262144
21,20,15360,262144
21,22,18432,262144
21,22,19456,262144
101,18,1024,264192
101,32,3072,264192
101,155,3072,264192
101,18,4096,264192
101,22,6144,264192
101,18,7168,264192
101,172,7168,264192
101,22,8192,264192
101,20,10240,264192
101,171,10240,264192
101,20,13312,264192
101,22,16384,264192
101,22,17408,264192
18,32,2048,265216
18,155,2048,265216
18,18,3072,265216
18,22,5120,265216
18,18,6144,265216
18,172,6144,265216
18,22,7168,265216
18,20,9216,265216
18,171,9216,265216
18,20,12288,265216
18,22,15360,265216
18,22,16384,265216
32,155,0,267264
32,18,1024,267264
32,22,3072,267264
32,18,4096,267264
32,172,4096,267264
32,22,5120,267264
32,20,7168,267264
32,171,7168,267264
32,20,10240,267264
32,22,13312,267264
32,22,14336,267264
155,18,1024,267264
155,22,3072,267264
155,18,4096,267264
155,172,4096,267264
155,22,5120,267264
155,20,7168,267264
155,171,7168,267264
155,20,10240,267264
155,22,13312,267264
155,22,14336,267264
18,22,2048,268288
18,18,3072,268288
18,172,3072,268288
18,22,4096,268288
18,20,6144,268288
18,171,6144,268288
18,20,9216,268288
18,22,12288,268288
18,22,13312,268288
18,21,20480,268288
22,18,1024,270336
22,172,1024,270336
22,22,2048,270336
22,20,4096,270336
22,171,4096,270336
22,20,7168,270336
22,22,10240,270336
22,22,11264,270336
22,21,18432,270336
22,22,19456,270336
22,22,20480,270336
18,172,0,271360
18,22,1024,271360
18,20,3072,271360
18,171,3072,271360
18,20,6144,271360
18,22,9216,271360
18,22,10240,271360
18,21,17408,271360
18,22,18432,271360
18,22,19456,271360
18,22,20480,271360
172,22,1024,271360
172,20,3072,271360
172,171,3072,271360
172,20,6144,271360
172,22,9216,271360
172,22,10240,271360
172,21,17408,271360
172,22,18432,271360
172,22,19456,271360
172,22,20480,271360
22,20,2048,272384
22,171,2048,272384
22,20,5120,272384
22,22,8192,272384
22,22,9216,272384
22,21,16384,272384
22,22,17408,272384
22,22,18432,272384
22,22,19456,272384
22,22,20480,272384
20,171,0,274432
20,20,3072,274432
20,22,6144,274432
20,22,7168,274432
20,21,14336,274432
20,22,15360,274432
20,22,16384,274432
20,22,17408,274432
20,22,18432,274432
20,22,19456,274432
20,18,20480,274432
171,20,3072,274432
171,22,6144,274432
171,22,7168,274432
171,21,14336,274432
171,22,15360,274432
171,22,16384,274432
171,22,17408,274432
171,22,18432,274432
171,22,19456,274432
171,18,20480,274432
20,22,3072,277504
20,22,4096,277504
20,21,11264,277504
20,22,12288,277504
20,22,13312,277504
20,22,14336,277504
20,22,15360,277504
20,22,16384,277504
20,18,17408,277504
20,19,20480,277504
22,22,1024,280576
22,21,8192,280576
22,22,9216,280576
22,22,10240,280576
22,22,11264,280576
22,22,12288,280576
22,22,13312,280576
22,18,14336,280576
22,19,17408,280576
22,22,18432,280576
22,22,19456,280576
22,20,20480,280576
22,21,7168,281600
22,22,8192,281600
22,22,9216,281600
22,22,10240,281600
22,22,11264,281600
22,22,12288,281600
22,18,13312,281600
22,19,16384,281600
22,22,17408,281600
22,22,18432,281600
22,20,19456,281600
21,22,1024,288768
21,22,2048,288768
21,22,3072,288768
21,22,4096,288768
21,22,5120,288768
21,18,6144,288768
21,19,9216,288768
21,22,10240,288768
21,22,11264,288768
21,20,12288,288768
21,20,15360,288768
21,20,17408,288768
21,18,18432,288768
22,22,1024,289792
22,22,2048,289792
22,22,3072,289792
22,22,4096,289792
22,18,5120,289792
22,19,8192,289792
22,22,9216,289792
22,22,10240,289792
22,20,11264,289792
22,20,14336,289792
22,20,16384,289792
22,18,17408,289792
22,18,20480,289792
22,212,20480,289792
22,22,1024,290816
22,22,2048,290816
22,22,3072,290816
22,18,4096,290816
22,19,7168,290816
22,22,8192,290816
22,22,9216,290816
22,20,10240,290816
22,20,13312,290816
22,20,15360,290816
22,18,16384,290816
22,18,19456,290816
22,212,19456,290816
22,22,1024,291840
22,22,2048,291840
22,18,3072,291840
22,19,6144,291840
22,22,7168,291840
22,22,8192,291840
22,20,9216,291840
22,20,12288,291840
22,20,14336,291840
22,18,15360,291840
22,18,18432,291840
22,212,18432,291840
22,22,20480,291840
22,22,1024,292864
22,18,2048,292864
22,19,5120,292864
22,22,6144,292864
22,22,7168,292864
22,20,8192,292864
22,20,11264,292864
22,20,13312,292864
22,18,14336,292864
22,18,17408,292864
22,212,17408,292864
22,22,19456,292864
22,18,20480,292864
22,18,1024,293888
22,19,4096,293888
22,22,5120,293888
22,22,6144,293888
22,20,7168,293888
22,20,10240,293888
22,20,12288,293888
22,18,13312,293888
22,18,16384,293888
22,212,16384,293888
22,22,18432,293888
22,18,19456,293888
22,32,20480,293888
18,19,3072,294912
18,22,4096,294912
18,22,5120,294912
18,20,6144,294912
18,20,9216,294912
18,20,11264,294912
18,18,12288,294912
18,18,15360,294912
18,212,15360,294912
18,22,17408,294912
18,18,18432,294912
18,32,19456,294912
18,22,20480,294912
19,22,1024,297984
19,22,2048,297984
19,20,3072,297984
19,20,6144,297984
19,20,8192,297984
19,18,9216,297984
19,18,12288,297984
19,212,12288,297984
19,22,14336,297984
19,18,15360,297984
19,32,16384,297984
19,22,17408,297984
19,18,18432,297984
19,59,18432,297984
22,22,1024,299008
22,20,2048,299008
22,20,5120,299008
22,20,7168,299008
22,18,8192,299008
22,18,11264,299008
22,212,11264,299008
22,22,13312,299008
22,18,14336,299008
22,32,15360,299008
22,22,16384,299008
22,18,17408,299008
22,59,17408,299008
22,29,18432,299008
22,20,1024,300032
22,20,4096,300032
22,20,6144,300032
22,18,7168,300032
22,18,10240,300032
22,212,10240,300032
22,22,12288,300032
22,18,13312,300032
22,32,14336,300032
22,22,15360,300032
22,18,16384,300032
22,59,16384,300032
22,29,17408,300032
22,18,19456,300032
20,20,3072,301056
20,20,5120,301056
20,18,6144,301056
20,18,9216,301056
20,212,9216,301056
20,22,11264,301056
20,18,12288,301056
20,32,13312,301056
20,22,14336,301056
20,18,15360,301056
20,59,15360,301056
20,29,16384,301056
20,18,18432,301056
20,20,2048,304128
20,18,3072,304128
20,18,6144,304128
20,212,6144,304128
20,22,8192,304128
20,18,9216,304128
20,32,10240,304128
20,22,11264,304128
20,18,12288,304128
20,59,12288,304128
20,29,13312,304128
20,18,15360,304128
20,22,18432,304128
20,22,20480,304128
20,18,1024,306176
20,18,4096,306176
20,212,4096,306176
20,22,6144,306176
20,18,7168,306176
20,32,8192,306176
20,22,9216,306176
20,18,10240,306176
20,59,10240,306176
20,29,11264,306176
20,18,13312,306176
20,22,16384,306176
20,22,18432,306176
20,22,19456,306176
18,18,3072,307200
18,212,3072,307200
18,22,5120,307200
18,18,6144,307200
18,32,7168,307200
18,22,8192,307200
18,18,9216,307200
18,59,9216,307200
18,29,10240,307200
18,18,12288,307200
18,22,15360,307200
18,22,17408,307200
18,22,18432,307200
18,212,0,310272
18,22,2048,310272
18,18,3072,310272
18,32,4096,310272
18,22,5120,310272
18,18,6144,310272
18,59,6144,310272
18,29,7168,310272
18,18,9216,310272
18,22,12288,310272
18,22,14336,310272
18,22,15360,310272
18,22,18432,310272
212,22,2048,310272
212,18,3072,310272
212,32,4096,310272
212,22,5120,310272
212,18,6144,310272
212,59,6144,310272
212,29,7168,310272
212,18,9216,310272
212,22,12288,310272
212,22,14336,310272
212,22,15360,310272
212,22,18432,310272
22,18,1024,312320
22,32,2048,312320
22,22,3072,312320
22,18,4096,312320
22,59,4096,312320
22,29,5120,312320
22,18,7168,312320
22,22,10240,312320
22,22,12288,312320
22,22,13312,312320
22,22,16384,312320
18,32,1024,313344
18,22,2048,313344
18,18,3072,313344
18,59,3072,313344
18,29,4096,313344
18,18,6144,313344
18,22,9216,313344
18,22,11264,313344
18,22,12288,313344
18,22,15360,313344
32,22,1024,314368
32,18,2048,314368
32,59,2048,314368
32,29,3072,314368
32,18,5120,314368
32,22,8192,314368
32,22,10240,314368
32,22,11264,314368
32,22,14336,314368
22,18,1024,315392
22,59,1024,315392
22,29,2048,315392
22,18,4096,315392
22,22,7168,315392
22,22,9216,315392
22,22,10240,315392
22,22,13312,315392
18,59,0,316416
18,29,1024,316416
18,18,3072,316416
18,22,6144,316416
18,22,8192,316416
18,22,9216,316416
18,22,12288,316416
59,29,1024,316416
59,18,3072,316416
59,22,6144,316416
59,22,8192,316416
59,22,9216,316416
59,22,12288,316416
29,18,2048,317440
29,22,5120,317440
29,22,7168,317440
29,22,8192,317440
29,22,11264,317440
18,22,3072,319488
18,22,5120,319488
18,22,6144,319488
18,22,9216,319488
22,22,2048,322560
22,22,3072,322560
22,22,6144,322560
22,22,1024,324608
22,22,4096,324608
22,22,3072,325632
