37,74,0,0
37,73,1024,0
37,93,2048,0
37,18,3072,0
37,42,3072,0
37,18,10240,0
37,64,11264,0
37,65,14336,0
37,18,17408,0
37,61,18432,0
74,73,1024,0
74,93,2048,0
74,18,3072,0
74,42,3072,0
74,18,10240,0
74,64,11264,0
74,65,14336,0
74,18,17408,0
74,61,18432,0
73,93,1024,1024
73,18,2048,1024
73,42,2048,1024
73,18,9216,1024
73,64,10240,1024
73,65,13312,1024
73,18,16384,1024
73,61,17408,1024
73,63,20480,1024
73,95,20480,1024
93,18,1024,2048
93,42,1024,2048
93,18,8192,2048
93,64,9216,2048
93,65,12288,2048
93,18,15360,2048
93,61,16384,2048
93,63,19456,2048
93,95,19456,2048
18,42,0,3072
18,18,7168,3072
18,64,8192,3072
18,65,11264,3072
18,18,14336,3072
18,61,15360,3072
18,63,18432,3072
18,95,18432,3072
42,18,7168,3072
42,64,8192,3072
42,65,11264,3072
42,18,14336,3072
42,61,15360,3072
42,63,18432,3072
42,95,18432,3072
18,64,1024,10240
18,65,4096,10240
18,18,7168,10240
18,61,8192,10240
18,63,11264,10240
18,95,11264,10240
18,33,14336,10240
18,30,15360,10240
18,33,17408,10240
18,61,18432,10240
18,31,20480,10240
64,65,3072,11264
64,18,6144,11264
64,61,7168,11264
64,63,10240,11264
64,95,10240,11264
64,33,13312,11264
64,30,14336,11264
64,33,16384,11264
64,61,17408,11264
64,31,19456,11264
64,58,20480,11264
65,18,3072,14336
65,61,4096,14336
65,63,7168,14336
65,95,7168,14336
65,33,10240,14336
65,30,11264,14336
65,33,13312,14336
65,61,14336,14336
65,31,16384,14336
65,58,17408,14336
65,111,20480,14336
18,61,1024,17408
18,63,4096,17408
18,95,4096,17408
18,33,7168,17408
18,30,8192,17408
18,33,10240,17408
18,61,11264,17408
18,31,13312,17408
18,58,14336,17408
18,111,17408,17408
18,59,18432,17408
18,118,18432,17408
18,18,20480,17408
18,41,20480,17408
61,63,3072,18432
61,95,3072,18432
61,33,6144,18432
61,30,7168,18432
61,33,9216,18432
61,61,10240,18432
61,31,12288,18432
61,58,13312,18432
61,111,16384,18432
61,59,17408,18432
61,118,17408,18432
61,18,19456,18432
61,41,19456,18432
63,95,0,21504
63,33,3072,21504
63,30,4096,21504
63,33,6144,21504
63,61,7168,21504
63,31,9216,21504
63,58,10240,21504
63,111,13312,21504
63,59,14336,21504
63,118,14336,21504
63,18,16384,21504
63,41,16384,21504
63,18,19456,21504
63,25,20480,21504
95,33,3072,21504
95,30,4096,21504
95,33,6144,21504
95,61,7168,21504
95,31,9216,21504
95,58,10240,21504
95,111,13312,21504
95,59,14336,21504
95,118,14336,21504
95,18,16384,21504
95,41,16384,21504
95,18,19456,21504
95,25,20480,21504
33,30,1024,24576
33,33,3072,24576
33,61,4096,24576
33,31,6144,24576
33,58,7168,24576
33,111,10240,24576
33,59,11264,24576
33,118,11264,24576
33,18,13312,24576
33,41,13312,24576
33,18,16384,24576
33,25,17408,24576
33,37,19456,24576
33,102,19456,24576
30,33,2048,25600
30,61,3072,25600
30,31,5120,25600
30,58,6144,25600
30,111,9216,25600
30,59,10240,25600
30,118,10240,25600
30,18,12288,25600
30,41,12288,25600
30,18,15360,25600
30,25,16384,25600
30,37,18432,25600
30,102,18432,25600
30,18,19456,25600
33,61,1024,27648
33,31,3072,27648
33,58,4096,27648
33,111,7168,27648
33,59,8192,27648
33,118,8192,27648
33,18,10240,27648
33,41,10240,27648
33,18,13312,27648
33,25,14336,27648
33,37,16384,27648
33,102,16384,27648
33,18,17408,27648
33,103,17408,27648
61,31,2048,28672
61,58,3072,28672
61,111,6144,28672
61,59,7168,28672
61,118,7168,28672
61,18,9216,28672
61,41,9216,28672
61,18,12288,28672
61,25,13312,28672
61,37,15360,28672
61,102,15360,28672
61,18,16384,28672
61,103,16384,28672
61,40,17408,28672
31,58,1024,30720
31,111,4096,30720
31,59,5120,30720
31,118,5120,30720
31,18,7168,30720
31,41,7168,30720
31,18,10240,30720
31,25,11264,30720
31,37,13312,30720
31,102,13312,30720
31,18,14336,30720
31,103,14336,30720
31,40,15360,30720
31,98,15360,30720
58,111,3072,31744
58,59,4096,31744
58,118,4096,31744
58,18,6144,31744
58,41,6144,31744
58,18,9216,31744
58,25,10240,31744
58,37,12288,31744
58,102,12288,31744
58,18,13312,31744
58,103,13312,31744
58,40,14336,31744
58,98,14336,31744
58,38,16384,31744
111,59,1024,34816
111,118,1024,34816
111,18,3072,34816
111,41,3072,34816
111,18,6144,34816
111,25,7168,34816
111,37,9216,34816
111,102,9216,34816
111,18,10240,34816
111,103,10240,34816
111,40,11264,34816
111,98,11264,34816
111,38,13312,34816
111,71,14336,34816
59,118,0,35840
59,18,2048,35840
59,41,2048,35840
59,18,5120,35840
59,25,6144,35840
59,37,8192,35840
59,102,8192,35840
59,18,9216,35840
59,103,9216,35840
59,40,10240,35840
59,98,10240,35840
59,38,12288,35840
59,71,13312,35840
59,67,14336,35840
118,18,2048,35840
118,41,2048,35840
118,18,5120,35840
118,25,6144,35840
118,37,8192,35840
118,102,8192,35840
118,18,9216,35840
118,103,9216,35840
118,40,10240,35840
118,98,10240,35840
118,38,12288,35840
118,71,13312,35840
118,67,14336,35840
118,65,15360,35840
18,41,0,37888
18,18,3072,37888
18,25,4096,37888
18,37,6144,37888
18,102,6144,37888
18,18,7168,37888
18,103,7168,37888
18,40,8192,37888
18,98,8192,37888
18,38,10240,37888
18,71,11264,37888
18,67,12288,37888
18,65,13312,37888
18,18,14336,37888
41,18,3072,37888
41,25,4096,37888
41,37,6144,37888
41,102,6144,37888
41,18,7168,37888
41,103,7168,37888
41,40,8192,37888
41,98,8192,37888
41,38,10240,37888
41,71,11264,37888
41,67,12288,37888
41,65,13312,37888
41,18,14336,37888
41,63,14336,37888
18,25,1024,40960
18,37,3072,40960
18,102,3072,40960
18,18,4096,40960
18,103,4096,40960
18,40,5120,40960
18,98,5120,40960
18,38,7168,40960
18,71,8192,40960
18,67,9216,40960
18,65,10240,40960
18,18,11264,40960
18,63,11264,40960
18,25,12288,40960
25,37,2048,41984
25,102,2048,41984
25,18,3072,41984
25,103,3072,41984
25,40,4096,41984
25,98,4096,41984
25,38,6144,41984
25,71,7168,41984
25,67,8192,41984
25,65,9216,41984
25,18,10240,41984
25,63,10240,41984
25,25,11264,41984
25,79,11264,41984
37,102,0,44032
37,18,1024,44032
37,103,1024,44032
37,40,2048,44032
37,98,2048,44032
37,38,4096,44032
37,71,5120,44032
37,67,6144,44032
37,65,7168,44032
37,18,8192,44032
37,63,8192,44032
37,25,9216,44032
37,79,9216,44032
37,80,9216,44032
102,18,1024,44032
102,103,1024,44032
102,40,2048,44032
102,98,2048,44032
102,38,4096,44032
102,71,5120,44032
102,67,6144,44032
102,65,7168,44032
102,18,8192,44032
102,63,8192,44032
102,25,9216,44032
102,79,9216,44032
102,80,9216,44032
102,55,10240,44032
18,103,0,45056
18,40,1024,45056
18,98,1024,45056
18,38,3072,45056
18,71,4096,45056
18,67,5120,45056
18,65,6144,45056
18,18,7168,45056
18,63,7168,45056
18,25,8192,45056
18,79,8192,45056
18,80,8192,45056
18,55,9216,45056
18,33,15360,45056
103,40,1024,45056
103,98,1024,45056
103,38,3072,45056
103,71,4096,45056
103,67,5120,45056
103,65,6144,45056
103,18,7168,45056
103,63,7168,45056
103,25,8192,45056
103,79,8192,45056
103,80,8192,45056
103,55,9216,45056
103,33,15360,45056
103,34,17408,45056
40,98,0,46080
40,38,2048,46080
40,71,3072,46080
40,67,4096,46080
40,65,5120,46080
40,18,6144,46080
40,63,6144,46080
40,25,7168,46080
40,79,7168,46080
40,80,7168,46080
40,55,8192,46080
40,33,14336,46080
40,34,16384,46080
40,69,16384,46080
98,38,2048,46080
98,71,3072,46080
98,67,4096,46080
98,65,5120,46080
98,18,6144,46080
98,63,6144,46080
98,25,7168,46080
98,79,7168,46080
98,80,7168,46080
98,55,8192,46080
98,33,14336,46080
98,34,16384,46080
98,69,16384,46080
98,69,17408,46080
38,71,1024,48128
38,67,2048,48128
38,65,3072,48128
38,18,4096,48128
38,63,4096,48128
38,25,5120,48128
38,79,5120,48128
38,80,5120,48128
38,55,6144,48128
38,33,12288,48128
38,34,14336,48128
38,69,14336,48128
38,69,15360,48128
38,66,16384,48128
71,67,1024,49152
71,65,2048,49152
71,18,3072,49152
71,63,3072,49152
71,25,4096,49152
71,79,4096,49152
71,80,4096,49152
71,55,5120,49152
71,33,11264,49152
71,34,13312,49152
71,69,13312,49152
71,69,14336,49152
71,66,15360,49152
71,69,16384,49152
67,65,1024,50176
67,18,2048,50176
67,63,2048,50176
67,25,3072,50176
67,79,3072,50176
67,80,3072,50176
67,55,4096,50176
67,33,10240,50176
67,34,12288,50176
67,69,12288,50176
67,69,13312,50176
67,66,14336,50176
67,69,15360,50176
67,35,16384,50176
65,18,1024,51200
65,63,1024,51200
65,25,2048,51200
65,79,2048,51200
65,80,2048,51200
65,55,3072,51200
65,33,9216,51200
65,34,11264,51200
65,69,11264,51200
65,69,12288,51200
65,66,13312,51200
65,69,14336,51200
65,35,15360,51200
65,33,16384,51200
18,63,0,52224
18,25,1024,52224
18,79,1024,52224
18,80,1024,52224
18,55,2048,52224
18,33,8192,52224
18,34,10240,52224
18,69,10240,52224
18,69,11264,52224
18,66,12288,52224
18,69,13312,52224
18,35,14336,52224
18,33,15360,52224
18,44,16384,52224
63,25,1024,52224
63,79,1024,52224
63,80,1024,52224
63,55,2048,52224
63,33,8192,52224
63,34,10240,52224
63,69,10240,52224
63,69,11264,52224
63,66,12288,52224
63,69,13312,52224
63,35,14336,52224
63,33,15360,52224
63,44,16384,52224
63,35,17408,52224
25,79,0,53248
25,80,0,53248
25,55,1024,53248
25,33,7168,53248
25,34,9216,53248
25,69,9216,53248
25,69,10240,53248
25,66,11264,53248
25,69,12288,53248
25,35,13312,53248
25,33,14336,53248
25,44,15360,53248
25,35,16384,53248
25,58,17408,53248
79,80,0,53248
79,55,1024,53248
79,33,7168,53248
79,34,9216,53248
79,69,9216,53248
79,69,10240,53248
79,66,11264,53248
79,69,12288,53248
79,35,13312,53248
79,33,14336,53248
79,44,15360,53248
79,35,16384,53248
79,58,17408,53248
79,64,18432,53248
80,55,1024,53248
80,33,7168,53248
80,34,9216,53248
80,69,9216,53248
80,69,10240,53248
80,66,11264,53248
80,69,12288,53248
80,35,13312,53248
80,33,14336,53248
80,44,15360,53248
80,35,16384,53248
80,58,17408,53248
80,64,18432,53248
80,19,19456,53248
55,33,6144,54272
55,34,8192,54272
55,69,8192,54272
55,69,9216,54272
55,66,10240,54272
55,69,11264,54272
55,35,12288,54272
55,33,13312,54272
55,44,14336,54272
55,35,15360,54272
55,58,16384,54272
55,64,17408,54272
55,19,18432,54272
55,63,18432,54272
33,34,2048,60416
33,69,2048,60416
33,69,3072,60416
33,66,4096,60416
33,69,5120,60416
33,35,6144,60416
33,33,7168,60416
33,44,8192,60416
33,35,9216,60416
33,58,10240,60416
33,64,11264,60416
33,19,12288,60416
33,63,12288,60416
33,62,13312,60416
34,69,0,62464
34,69,1024,62464
34,66,2048,62464
34,69,3072,62464
34,35,4096,62464
34,33,5120,62464
34,44,6144,62464
34,35,7168,62464
34,58,8192,62464
34,64,9216,62464
34,19,10240,62464
34,63,10240,62464
34,62,11264,62464
34,60,12288,62464
69,69,1024,62464
69,66,2048,62464
69,69,3072,62464
69,35,4096,62464
69,33,5120,62464
69,44,6144,62464
69,35,7168,62464
69,58,8192,62464
69,64,9216,62464
69,19,10240,62464
69,63,10240,62464
69,62,11264,62464
69,60,12288,62464
69,58,13312,62464
69,66,1024,63488
69,69,2048,63488
69,35,3072,63488
69,33,4096,63488
69,44,5120,63488
69,35,6144,63488
69,58,7168,63488
69,64,8192,63488
69,19,9216,63488
69,63,9216,63488
69,62,10240,63488
69,60,11264,63488
69,58,12288,63488
69,54,13312,63488
66,69,1024,64512
66,35,2048,64512
66,33,3072,64512
66,44,4096,64512
66,35,5120,64512
66,58,6144,64512
66,64,7168,64512
66,19,8192,64512
66,63,8192,64512
66,62,9216,64512
66,60,10240,64512
66,58,11264,64512
66,54,12288,64512
66,50,13312,64512
69,35,1024,65536
69,33,2048,65536
69,44,3072,65536
69,35,4096,65536
69,58,5120,65536
69,64,6144,65536
69,19,7168,65536
69,63,7168,65536
69,62,8192,65536
69,60,9216,65536
69,58,10240,65536
69,54,11264,65536
69,50,12288,65536
69,18,14336,65536
35,33,1024,66560
35,44,2048,66560
35,35,3072,66560
35,58,4096,66560
35,64,5120,66560
35,19,6144,66560
35,63,6144,66560
35,62,7168,66560
35,60,8192,66560
35,58,9216,66560
35,54,10240,66560
35,50,11264,66560
35,18,13312,66560
35,31,19456,66560
33,44,1024,67584
33,35,2048,67584
33,58,3072,67584
33,64,4096,67584
33,19,5120,67584
33,63,5120,67584
33,62,6144,67584
33,60,7168,67584
33,58,8192,67584
33,54,9216,67584
33,50,10240,67584
33,18,12288,67584
33,31,18432,67584
44,35,1024,68608
44,58,2048,68608
44,64,3072,68608
44,19,4096,68608
44,63,4096,68608
44,62,5120,68608
44,60,6144,68608
44,58,7168,68608
44,54,8192,68608
44,50,9216,68608
44,18,11264,68608
44,31,17408,68608
35,58,1024,69632
35,64,2048,69632
35,19,3072,69632
35,63,3072,69632
35,62,4096,69632
35,60,5120,69632
35,58,6144,69632
35,54,7168,69632
35,50,8192,69632
35,18,10240,69632
35,31,16384,69632
58,64,1024,70656
58,19,2048,70656
58,63,2048,70656
58,62,3072,70656
58,60,4096,70656
58,58,5120,70656
58,54,6144,70656
58,50,7168,70656
58,18,9216,70656
58,31,15360,70656
64,19,1024,71680
64,63,1024,71680
64,62,2048,71680
64,60,3072,71680
64,58,4096,71680
64,54,5120,71680
64,50,6144,71680
64,18,8192,71680
64,31,14336,71680
64,31,20480,71680
19,63,0,72704
19,62,1024,72704
19,60,2048,72704
19,58,3072,72704
19,54,4096,72704
19,50,5120,72704
19,18,7168,72704
19,31,13312,72704
19,31,19456,72704
19,18,20480,72704
19,46,20480,72704
63,62,1024,72704
63,60,2048,72704
63,58,3072,72704
63,54,4096,72704
63,50,5120,72704
63,18,7168,72704
63,31,13312,72704
63,31,19456,72704
63,18,20480,72704
63,46,20480,72704
62,60,1024,73728
62,58,2048,73728
62,54,3072,73728
62,50,4096,73728
62,18,6144,73728
62,31,12288,73728
62,31,18432,73728
62,18,19456,73728
62,46,19456,73728
62,25,20480,73728
60,58,1024,74752
60,54,2048,74752
60,50,3072,74752
60,18,5120,74752
60,31,11264,74752
60,31,17408,74752
60,18,18432,74752
60,46,18432,74752
60,25,19456,74752
60,18,20480,74752
58,54,1024,75776
58,50,2048,75776
58,18,4096,75776
58,31,10240,75776
58,31,16384,75776
58,18,17408,75776
58,46,17408,75776
58,25,18432,75776
58,18,19456,75776
54,50,1024,76800
54,18,3072,76800
54,31,9216,76800
54,31,15360,76800
54,18,16384,76800
54,46,16384,76800
54,25,17408,76800
54,18,18432,76800
50,18,2048,77824
50,31,8192,77824
50,31,14336,77824
50,18,15360,77824
50,46,15360,77824
50,25,16384,77824
50,18,17408,77824
18,31,6144,79872
18,31,12288,79872
18,18,13312,79872
18,46,13312,79872
18,25,14336,79872
18,18,15360,79872
18,68,19456,79872
18,18,20480,79872
18,62,20480,79872
31,31,6144,86016
31,18,7168,86016
31,46,7168,86016
31,25,8192,86016
31,18,9216,86016
31,68,13312,86016
31,18,14336,86016
31,62,14336,86016
31,32,15360,86016
31,36,17408,86016
31,63,18432,86016
31,60,19456,86016
31,71,20480,86016
31,18,1024,92160
31,46,1024,92160
31,25,2048,92160
31,18,3072,92160
31,68,7168,92160
31,18,8192,92160
31,62,8192,92160
31,32,9216,92160
31,36,11264,92160
31,63,12288,92160
31,60,13312,92160
31,71,14336,92160
31,18,15360,92160
31,66,16384,92160
18,46,0,93184
18,25,1024,93184
18,18,2048,93184
18,68,6144,93184
18,18,7168,93184
18,62,7168,93184
18,32,8192,93184
18,36,10240,93184
18,63,11264,93184
18,60,12288,93184
18,71,13312,93184
18,18,14336,93184
18,66,15360,93184
46,25,1024,93184
46,18,2048,93184
46,68,6144,93184
46,18,7168,93184
46,62,7168,93184
46,32,8192,93184
46,36,10240,93184
46,63,11264,93184
46,60,12288,93184
46,71,13312,93184
46,18,14336,93184
46,66,15360,93184
25,18,1024,94208
25,68,5120,94208
25,18,6144,94208
25,62,6144,94208
25,32,7168,94208
25,36,9216,94208
25,63,10240,94208
25,60,11264,94208
25,71,12288,94208
25,18,13312,94208
25,66,14336,94208
25,33,20480,94208
25,66,20480,94208
18,68,4096,95232
18,18,5120,95232
18,62,5120,95232
18,32,6144,95232
18,36,8192,95232
18,63,9216,95232
18,60,10240,95232
18,71,11264,95232
18,18,12288,95232
18,66,13312,95232
18,33,19456,95232
18,66,19456,95232
18,33,20480,95232
68,18,1024,99328
68,62,1024,99328
68,32,2048,99328
68,36,4096,99328
68,63,5120,99328
68,60,6144,99328
68,71,7168,99328
68,18,8192,99328
68,66,9216,99328
68,33,15360,99328
68,66,15360,99328
68,33,16384,99328
68,33,17408,99328
68,33,18432,99328
18,62,0,100352
18,32,1024,100352
18,36,3072,100352
18,63,4096,100352
18,60,5120,100352
18,71,6144,100352
18,18,7168,100352
18,66,8192,100352
18,33,14336,100352
18,66,14336,100352
18,33,15360,100352
18,33,16384,100352
18,33,17408,100352
18,65,17408,100352
62,32,1024,100352
62,36,3072,100352
62,63,4096,100352
62,60,5120,100352
62,71,6144,100352
62,18,7168,100352
62,66,8192,100352
62,33,14336,100352
62,66,14336,100352
62,33,15360,100352
62,33,16384,100352
62,33,17408,100352
62,65,17408,100352
62,65,20480,100352
32,36,2048,101376
32,63,3072,101376
32,60,4096,101376
32,71,5120,101376
32,18,6144,101376
32,66,7168,101376
32,33,13312,101376
32,66,13312,101376
32,33,14336,101376
32,33,15360,101376
32,33,16384,101376
32,65,16384,101376
32,65,19456,101376
32,84,20480,101376
36,63,1024,103424
36,60,2048,103424
36,71,3072,103424
36,18,4096,103424
36,66,5120,103424
36,33,11264,103424
36,66,11264,103424
36,33,12288,103424
36,33,13312,103424
36,33,14336,103424
36,65,14336,103424
36,65,17408,103424
36,84,18432,103424
63,60,1024,104448
63,71,2048,104448
63,18,3072,104448
63,66,4096,104448
63,33,10240,104448
63,66,10240,104448
63,33,11264,104448
63,33,12288,104448
63,33,13312,104448
63,65,13312,104448
63,65,16384,104448
63,84,17408,104448
63,31,20480,104448
60,71,1024,105472
60,18,2048,105472
60,66,3072,105472
60,33,9216,105472
60,66,9216,105472
60,33,10240,105472
60,33,11264,105472
60,33,12288,105472
60,65,12288,105472
60,65,15360,105472
60,84,16384,105472
60,31,19456,105472
60,56,20480,105472
71,18,1024,106496
71,66,2048,106496
71,33,8192,106496
71,66,8192,106496
71,33,9216,106496
71,33,10240,106496
71,33,11264,106496
71,65,11264,106496
71,65,14336,106496
71,84,15360,106496
71,31,18432,106496
71,56,19456,106496
71,61,20480,106496
18,66,1024,107520
18,33,7168,107520
18,66,7168,107520
18,33,8192,107520
18,33,9216,107520
18,33,10240,107520
18,65,10240,107520
18,65,13312,107520
18,84,14336,107520
18,31,17408,107520
18,56,18432,107520
18,61,19456,107520
18,60,20480,107520
66,33,6144,108544
66,66,6144,108544
66,33,7168,108544
66,33,8192,108544
66,33,9216,108544
66,65,9216,108544
66,65,12288,108544
66,84,13312,108544
66,31,16384,108544
66,56,17408,108544
66,61,18432,108544
66,60,19456,108544
66,21,20480,108544
66,59,20480,108544
33,66,0,114688
33,33,1024,114688
33,33,2048,114688
33,33,3072,114688
33,65,3072,114688
33,65,6144,114688
33,84,7168,114688
33,31,10240,114688
33,56,11264,114688
33,61,12288,114688
33,60,13312,114688
33,21,14336,114688
33,59,14336,114688
33,56,15360,114688
66,33,1024,114688
66,33,2048,114688
66,33,3072,114688
66,65,3072,114688
66,65,6144,114688
66,84,7168,114688
66,31,10240,114688
66,56,11264,114688
66,61,12288,114688
66,60,13312,114688
66,21,14336,114688
66,59,14336,114688
66,56,15360,114688
66,51,16384,114688
33,33,1024,115712
33,33,2048,115712
33,65,2048,115712
33,65,5120,115712
33,84,6144,115712
33,31,9216,115712
33,56,10240,115712
33,61,11264,115712
33,60,12288,115712
33,21,13312,115712
33,59,13312,115712
33,56,14336,115712
33,51,15360,115712
33,31,17408,115712
33,33,1024,116736
33,65,1024,116736
33,65,4096,116736
33,84,5120,116736
33,31,8192,116736
33,56,9216,116736
33,61,10240,116736
33,60,11264,116736
33,21,12288,116736
33,59,12288,116736
33,56,13312,116736
33,51,14336,116736
33,31,16384,116736
33,18,18432,116736
33,65,0,117760
33,65,3072,117760
33,84,4096,117760
33,31,7168,117760
33,56,8192,117760
33,61,9216,117760
33,60,10240,117760
33,21,11264,117760
33,59,11264,117760
33,56,12288,117760
33,51,13312,117760
33,31,15360,117760
33,18,17408,117760
65,65,3072,117760
65,84,4096,117760
65,31,7168,117760
65,56,8192,117760
65,61,9216,117760
65,60,10240,117760
65,21,11264,117760
65,59,11264,117760
65,56,12288,117760
65,51,13312,117760
65,31,15360,117760
65,18,17408,117760
65,84,1024,120832
65,31,4096,120832
65,56,5120,120832
65,61,6144,120832
65,60,7168,120832
65,21,8192,120832
65,59,8192,120832
65,56,9216,120832
65,51,10240,120832
65,31,12288,120832
65,18,14336,120832
65,57,18432,120832
65,59,19456,120832
65,61,20480,120832
84,31,3072,121856
84,56,4096,121856
84,61,5120,121856
84,60,6144,121856
84,21,7168,121856
84,59,7168,121856
84,56,8192,121856
84,51,9216,121856
84,31,11264,121856
84,18,13312,121856
84,57,17408,121856
84,59,18432,121856
84,61,19456,121856
84,18,20480,121856
31,56,1024,124928
31,61,2048,124928
31,60,3072,124928
31,21,4096,124928
31,59,4096,124928
31,56,5120,124928
31,51,6144,124928
31,31,8192,124928
31,18,10240,124928
31,57,14336,124928
31,59,15360,124928
31,61,16384,124928
31,18,17408,124928
31,61,17408,124928
56,61,1024,125952
56,60,2048,125952
56,21,3072,125952
56,59,3072,125952
56,56,4096,125952
56,51,5120,125952
56,31,7168,125952
56,18,9216,125952
56,57,13312,125952
56,59,14336,125952
56,61,15360,125952
56,18,16384,125952
56,61,16384,125952
56,59,17408,125952
61,60,1024,126976
61,21,2048,126976
61,59,2048,126976
61,56,3072,126976
61,51,4096,126976
61,31,6144,126976
61,18,8192,126976
61,57,12288,126976
61,59,13312,126976
61,61,14336,126976
61,18,15360,126976
61,61,15360,126976
61,59,16384,126976
61,55,17408,126976
60,21,1024,128000
60,59,1024,128000
60,56,2048,128000
60,51,3072,128000
60,31,5120,128000
60,18,7168,128000
60,57,11264,128000
60,59,12288,128000
60,61,13312,128000
60,18,14336,128000
60,61,14336,128000
60,59,15360,128000
60,55,16384,128000
21,59,0,129024
21,56,1024,129024
21,51,2048,129024
21,31,4096,129024
21,18,6144,129024
21,57,10240,129024
21,59,11264,129024
21,61,12288,129024
21,18,13312,129024
21,61,13312,129024
21,59,14336,129024
21,55,15360,129024
59,56,1024,129024
59,51,2048,129024
59,31,4096,129024
59,18,6144,129024
59,57,10240,129024
59,59,11264,129024
59,61,12288,129024
59,18,13312,129024
59,61,13312,129024
59,59,14336,129024
59,55,15360,129024
56,51,1024,130048
56,31,3072,130048
56,18,5120,130048
56,57,9216,130048
56,59,10240,130048
56,61,11264,130048
56,18,12288,130048
56,61,12288,130048
56,59,13312,130048
56,55,14336,130048
51,31,2048,131072
51,18,4096,131072
51,57,8192,131072
51,59,9216,131072
51,61,10240,131072
51,18,11264,131072
51,61,11264,131072
51,59,12288,131072
51,55,13312,131072
31,18,2048,133120
31,57,6144,133120
31,59,7168,133120
31,61,8192,133120
31,18,9216,133120
31,61,9216,133120
31,59,10240,133120
31,55,11264,133120
31,31,19456,133120
31,55,20480,133120
18,57,4096,135168
18,59,5120,135168
18,61,6144,135168
18,18,7168,135168
18,61,7168,135168
18,59,8192,135168
18,55,9216,135168
18,31,17408,135168
18,55,18432,135168
18,61,19456,135168
18,23,20480,135168
18,60,20480,135168
57,59,1024,139264
57,61,2048,139264
57,18,3072,139264
57,61,3072,139264
57,59,4096,139264
57,55,5120,139264
57,31,13312,139264
57,55,14336,139264
57,61,15360,139264
57,23,16384,139264
57,60,16384,139264
57,57,17408,139264
59,61,1024,140288
59,18,2048,140288
59,61,2048,140288
59,59,3072,140288
59,55,4096,140288
59,31,12288,140288
59,55,13312,140288
59,61,14336,140288
59,23,15360,140288
59,60,15360,140288
59,57,16384,140288
59,56,20480,140288
61,18,1024,141312
61,61,1024,141312
61,59,2048,141312
61,55,3072,141312
61,31,11264,141312
61,55,12288,141312
61,61,13312,141312
61,23,14336,141312
61,60,14336,141312
61,57,15360,141312
61,56,19456,141312
61,61,20480,141312
18,61,0,142336
18,59,1024,142336
18,55,2048,142336
18,31,10240,142336
18,55,11264,142336
18,61,12288,142336
18,23,13312,142336
18,60,13312,142336
18,57,14336,142336
18,56,18432,142336
18,61,19456,142336
18,60,20480,142336
61,59,1024,142336
61,55,2048,142336
61,31,10240,142336
61,55,11264,142336
61,61,12288,142336
61,23,13312,142336
61,60,13312,142336
61,57,14336,142336
61,56,18432,142336
61,61,19456,142336
61,60,20480,142336
59,55,1024,143360
59,31,9216,143360
59,55,10240,143360
59,61,11264,143360
59,23,12288,143360
59,60,12288,143360
59,57,13312,143360
59,56,17408,143360
59,61,18432,143360
59,60,19456,143360
55,31,8192,144384
55,55,9216,144384
55,61,10240,144384
55,23,11264,144384
55,60,11264,144384
55,57,12288,144384
55,56,16384,144384
55,61,17408,144384
55,60,18432,144384
31,55,1024,152576
31,61,2048,152576
31,23,3072,152576
31,60,3072,152576
31,57,4096,152576
31,56,8192,152576
31,61,9216,152576
31,60,10240,152576
31,58,14336,152576
31,60,15360,152576
31,119,15360,152576
31,62,16384,152576
31,60,17408,152576
31,58,18432,152576
55,61,1024,153600
55,23,2048,153600
55,60,2048,153600
55,57,3072,153600
55,56,7168,153600
55,61,8192,153600
55,60,9216,153600
55,58,13312,153600
55,60,14336,153600
55,119,14336,153600
55,62,15360,153600
55,60,16384,153600
55,58,17408,153600
55,18,18432,153600
61,23,1024,154624
61,60,1024,154624
61,57,2048,154624
61,56,6144,154624
61,61,7168,154624
61,60,8192,154624
61,58,12288,154624
61,60,13312,154624
61,119,13312,154624
61,62,14336,154624
61,60,15360,154624
61,58,16384,154624
61,18,17408,154624
61,56,17408,154624
23,60,0,155648
23,57,1024,155648
23,56,5120,155648
23,61,6144,155648
23,60,7168,155648
23,58,11264,155648
23,60,12288,155648
23,119,12288,155648
23,62,13312,155648
23,60,14336,155648
23,58,15360,155648
23,18,16384,155648
23,56,16384,155648
23,81,17408,155648
60,57,1024,155648
60,56,5120,155648
60,61,6144,155648
60,60,7168,155648
60,58,11264,155648
60,60,12288,155648
60,119,12288,155648
60,62,13312,155648
60,60,14336,155648
60,58,15360,155648
60,18,16384,155648
60,56,16384,155648
60,81,17408,155648
60,18,19456,155648
57,56,4096,156672
57,61,5120,156672
57,60,6144,156672
57,58,10240,156672
57,60,11264,156672
57,119,11264,156672
57,62,12288,156672
57,60,13312,156672
57,58,14336,156672
57,18,15360,156672
57,56,15360,156672
57,81,16384,156672
57,18,18432,156672
57,18,20480,156672
56,61,1024,160768
56,60,2048,160768
56,58,6144,160768
56,60,7168,160768
56,119,7168,160768
56,62,8192,160768
56,60,9216,160768
56,58,10240,160768
56,18,11264,160768
56,56,11264,160768
56,81,12288,160768
56,18,14336,160768
56,18,16384,160768
56,19,18432,160768
61,60,1024,161792
61,58,5120,161792
61,60,6144,161792
61,119,6144,161792
61,62,7168,161792
61,60,8192,161792
61,58,9216,161792
61,18,10240,161792
61,56,10240,161792
61,81,11264,161792
61,18,13312,161792
61,18,15360,161792
61,19,17408,161792
61,52,17408,161792
60,58,4096,162816
60,60,5120,162816
60,119,5120,162816
60,62,6144,162816
60,60,7168,162816
60,58,8192,162816
60,18,9216,162816
60,56,9216,162816
60,81,10240,162816
60,18,12288,162816
60,18,14336,162816
60,19,16384,162816
60,52,16384,162816
60,85,18432,162816
58,60,1024,166912
58,119,1024,166912
58,62,2048,166912
58,60,3072,166912
58,58,4096,166912
58,18,5120,166912
58,56,5120,166912
58,81,6144,166912
58,18,8192,166912
58,18,10240,166912
58,19,12288,166912
58,52,12288,166912
58,85,14336,166912
60,119,0,167936
60,62,1024,167936
60,60,2048,167936
60,58,3072,167936
60,18,4096,167936
60,56,4096,167936
60,81,5120,167936
60,18,7168,167936
60,18,9216,167936
60,19,11264,167936
60,52,11264,167936
60,85,13312,167936
60,28,20480,167936
119,62,1024,167936
119,60,2048,167936
119,58,3072,167936
119,18,4096,167936
119,56,4096,167936
119,81,5120,167936
119,18,7168,167936
119,18,9216,167936
119,19,11264,167936
119,52,11264,167936
119,85,13312,167936
119,28,20480,167936
62,60,1024,168960
62,58,2048,168960
62,18,3072,168960
62,56,3072,168960
62,81,4096,168960
62,18,6144,168960
62,18,8192,168960
62,19,10240,168960
62,52,10240,168960
62,85,12288,168960
62,28,19456,168960
60,58,1024,169984
60,18,2048,169984
60,56,2048,169984
60,81,3072,169984
60,18,5120,169984
60,18,7168,169984
60,19,9216,169984
60,52,9216,169984
60,85,11264,169984
60,28,18432,169984
58,18,1024,171008
58,56,1024,171008
58,81,2048,171008
58,18,4096,171008
58,18,6144,171008
58,19,8192,171008
58,52,8192,171008
58,85,10240,171008
58,28,17408,171008
58,20,20480,171008
18,56,0,172032
18,81,1024,172032
18,18,3072,172032
18,18,5120,172032
18,19,7168,172032
18,52,7168,172032
18,85,9216,172032
18,28,16384,172032
18,20,19456,172032
56,81,1024,172032
56,18,3072,172032
56,18,5120,172032
56,19,7168,172032
56,52,7168,172032
56,85,9216,172032
56,28,16384,172032
56,20,19456,172032
81,18,2048,173056
81,18,4096,173056
81,19,6144,173056
81,52,6144,173056
81,85,8192,173056
81,28,15360,173056
81,20,18432,173056
81,27,20480,173056
18,18,2048,175104
18,19,4096,175104
18,52,4096,175104
18,85,6144,175104
18,28,13312,175104
18,20,16384,175104
18,27,18432,175104
18,77,19456,175104
18,19,2048,177152
18,52,2048,177152
18,85,4096,177152
18,28,11264,177152
18,20,14336,177152
18,27,16384,177152
18,77,17408,177152
18,20,19456,177152
18,18,20480,177152
19,52,0,179200
19,85,2048,179200
19,28,9216,179200
19,20,12288,179200
19,27,14336,179200
19,77,15360,179200
19,20,17408,179200
19,18,18432,179200
19,79,19456,179200
52,85,2048,179200
52,28,9216,179200
52,20,12288,179200
52,27,14336,179200
52,77,15360,179200
52,20,17408,179200
52,18,18432,179200
52,79,19456,179200
85,28,7168,181248
85,20,10240,181248
85,27,12288,181248
85,77,13312,181248
85,20,15360,181248
85,18,16384,181248
85,79,17408,181248
85,20,19456,181248
85,65,20480,181248
28,20,3072,188416
28,27,5120,188416
28,77,6144,188416
28,20,8192,188416
28,18,9216,188416
28,79,10240,188416
28,20,12288,188416
28,65,13312,188416
28,20,15360,188416
28,18,16384,188416
28,20,17408,188416
28,20,19456,188416
28,66,19456,188416
20,27,2048,191488
20,77,3072,191488
20,20,5120,191488
20,18,6144,191488
20,79,7168,191488
20,20,9216,191488
20,65,10240,191488
20,20,12288,191488
20,18,13312,191488
20,20,14336,191488
20,20,16384,191488
20,66,16384,191488
20,20,19456,191488
20,18,20480,191488
27,77,1024,193536
27,20,3072,193536
27,18,4096,193536
27,79,5120,193536
27,20,7168,193536
27,65,8192,193536
27,20,10240,193536
27,18,11264,193536
27,20,12288,193536
27,20,14336,193536
27,66,14336,193536
27,20,17408,193536
27,18,18432,193536
27,26,19456,193536
77,20,2048,194560
77,18,3072,194560
77,79,4096,194560
77,20,6144,194560
77,65,7168,194560
77,20,9216,194560
77,18,10240,194560
77,20,11264,194560
77,20,13312,194560
77,66,13312,194560
77,20,16384,194560
77,18,17408,194560
77,26,18432,194560
20,18,1024,196608
20,79,2048,196608
20,20,4096,196608
20,65,5120,196608
20,20,7168,196608
20,18,8192,196608
20,20,9216,196608
20,20,11264,196608
20,66,11264,196608
20,20,14336,196608
20,18,15360,196608
20,26,16384,196608
18,79,1024,197632
18,20,3072,197632
18,65,4096,197632
18,20,6144,197632
18,18,7168,197632
18,20,8192,197632
18,20,10240,197632
18,66,10240,197632
18,20,13312,197632
18,18,14336,197632
18,26,15360,197632
18,20,20480,197632
79,20,2048,198656
79,65,3072,198656
79,20,5120,198656
79,18,6144,198656
79,20,7168,198656
79,20,9216,198656
79,66,9216,198656
79,20,12288,198656
79,18,13312,198656
79,26,14336,198656
79,20,19456,198656
79,18,20480,198656
79,52,20480,198656
20,65,1024,200704
20,20,3072,200704
20,18,4096,200704
20,20,5120,200704
20,20,7168,200704
20,66,7168,200704
20,20,10240,200704
20,18,11264,200704
20,26,12288,200704
20,20,17408,200704
20,18,18432,200704
20,52,18432,200704
20,52,20480,200704
65,20,2048,201728
65,18,3072,201728
65,20,4096,201728
65,20,6144,201728
65,66,6144,201728
65,20,9216,201728
65,18,10240,201728
65,26,11264,201728
65,20,16384,201728
65,18,17408,201728
65,52,17408,201728
65,52,19456,201728
65,18,20480,201728
65,52,20480,201728
20,18,1024,203776
20,20,2048,203776
20,20,4096,203776
20,66,4096,203776
20,20,7168,203776
20,18,8192,203776
20,26,9216,203776
20,20,14336,203776
20,18,15360,203776
20,52,15360,203776
20,52,17408,203776
20,18,18432,203776
20,52,18432,203776
20,54,20480,203776
18,20,1024,204800
18,20,3072,204800
18,66,3072,204800
18,20,6144,204800
18,18,7168,204800
18,26,8192,204800
18,20,13312,204800
18,18,14336,204800
18,52,14336,204800
18,52,16384,204800
18,18,17408,204800
18,52,17408,204800
18,54,19456,204800
20,20,2048,205824
20,66,2048,205824
20,20,5120,205824
20,18,6144,205824
20,26,7168,205824
20,20,12288,205824
20,18,13312,205824
20,52,13312,205824
20,52,15360,205824
20,18,16384,205824
20,52,16384,205824
20,54,18432,205824
20,66,0,207872
20,20,3072,207872
20,18,4096,207872
20,26,5120,207872
20,20,10240,207872
20,18,11264,207872
20,52,11264,207872
20,52,13312,207872
20,18,14336,207872
20,52,14336,207872
20,54,16384,207872
66,20,3072,207872
66,18,4096,207872
66,26,5120,207872
66,20,10240,207872
66,18,11264,207872
66,52,11264,207872
66,52,13312,207872
66,18,14336,207872
66,52,14336,207872
66,54,16384,207872
20,18,1024,210944
20,26,2048,210944
20,20,7168,210944
20,18,8192,210944
20,52,8192,210944
20,52,10240,210944
20,18,11264,210944
20,52,11264,210944
20,54,13312,210944
20,18,18432,210944
20,77,18432,210944
20,85,19456,210944
18,26,1024,211968
18,20,6144,211968
18,18,7168,211968
18,52,7168,211968
18,52,9216,211968
18,18,10240,211968
18,52,10240,211968
18,54,12288,211968
18,18,17408,211968
18,77,17408,211968
18,85,18432,211968
26,20,5120,212992
26,18,6144,212992
26,52,6144,212992
26,52,8192,212992
26,18,9216,212992
26,52,9216,212992
26,54,11264,212992
26,18,16384,212992
26,77,16384,212992
26,85,17408,212992
26,62,20480,212992
26,120,20480,212992
20,18,1024,218112
20,52,1024,218112
20,52,3072,218112
20,18,4096,218112
20,52,4096,218112
20,54,6144,218112
20,18,11264,218112
20,77,11264,218112
20,85,12288,218112
20,62,15360,218112
20,120,15360,218112
20,18,16384,218112
20,58,16384,218112
20,87,16384,218112
18,52,0,219136
18,52,2048,219136
18,18,3072,219136
18,52,3072,219136
18,54,5120,219136
18,18,10240,219136
18,77,10240,219136
18,85,11264,219136
18,62,14336,219136
18,120,14336,219136
18,18,15360,219136
18,58,15360,219136
18,87,15360,219136
18,30,16384,219136
52,52,2048,219136
52,18,3072,219136
52,52,3072,219136
52,54,5120,219136
52,18,10240,219136
52,77,10240,219136
52,85,11264,219136
52,62,14336,219136
52,120,14336,219136
52,18,15360,219136
52,58,15360,219136
52,87,15360,219136
52,30,16384,219136
52,58,17408,219136
52,18,1024,221184
52,52,1024,221184
52,54,3072,221184
52,18,8192,221184
52,77,8192,221184
52,85,9216,221184
52,62,12288,221184
52,120,12288,221184
52,18,13312,221184
52,58,13312,221184
52,87,13312,221184
52,30,14336,221184
52,58,15360,221184
52,18,18432,221184
18,52,0,222208
18,54,2048,222208
18,18,7168,222208
18,77,7168,222208
18,85,8192,222208
18,62,11264,222208
18,120,11264,222208
18,18,12288,222208
18,58,12288,222208
18,87,12288,222208
18,30,13312,222208
18,58,14336,222208
18,18,17408,222208
52,54,2048,222208
52,18,7168,222208
52,77,7168,222208
52,85,8192,222208
52,62,11264,222208
52,120,11264,222208
52,18,12288,222208
52,58,12288,222208
52,87,12288,222208
52,30,13312,222208
52,58,14336,222208
52,18,17408,222208
54,18,5120,224256
54,77,5120,224256
54,85,6144,224256
54,62,9216,224256
54,120,9216,224256
54,18,10240,224256
54,58,10240,224256
54,87,10240,224256
54,30,11264,224256
54,58,12288,224256
54,18,15360,224256
18,77,0,229376
18,85,1024,229376
18,62,4096,229376
18,120,4096,229376
18,18,5120,229376
18,58,5120,229376
18,87,5120,229376
18,30,6144,229376
18,58,7168,229376
18,18,10240,229376
18,18,17408,229376
18,70,18432,229376
18,36,19456,229376
18,37,20480,229376
77,85,1024,229376
77,62,4096,229376
77,120,4096,229376
77,18,5120,229376
77,58,5120,229376
77,87,5120,229376
77,30,6144,229376
77,58,7168,229376
77,18,10240,229376
77,18,17408,229376
77,70,18432,229376
77,36,19456,229376
77,37,20480,229376
85,62,3072,230400
85,120,3072,230400
85,18,4096,230400
85,58,4096,230400
85,87,4096,230400
85,30,5120,230400
85,58,6144,230400
85,18,9216,230400
85,18,16384,230400
85,70,17408,230400
85,36,18432,230400
85,37,19456,230400
85,71,20480,230400
62,120,0,233472
62,18,1024,233472
62,58,1024,233472
62,87,1024,233472
62,30,2048,233472
62,58,3072,233472
62,18,6144,233472
62,18,13312,233472
62,70,14336,233472
62,36,15360,233472
62,37,16384,233472
62,71,17408,233472
62,18,20480,233472
120,18,1024,233472
120,58,1024,233472
120,87,1024,233472
120,30,2048,233472
120,58,3072,233472
120,18,6144,233472
120,18,13312,233472
120,70,14336,233472
120,36,15360,233472
120,37,16384,233472
120,71,17408,233472
120,18,20480,233472
18,58,0,234496
18,87,0,234496
18,30,1024,234496
18,58,2048,234496
18,18,5120,234496
18,18,12288,234496
18,70,13312,234496
18,36,14336,234496
18,37,15360,234496
18,71,16384,234496
18,18,19456,234496
58,87,0,234496
58,30,1024,234496
58,58,2048,234496
58,18,5120,234496
58,18,12288,234496
58,70,13312,234496
58,36,14336,234496
58,37,15360,234496
58,71,16384,234496
58,18,19456,234496
87,30,1024,234496
87,58,2048,234496
87,18,5120,234496
87,18,12288,234496
87,70,13312,234496
87,36,14336,234496
87,37,15360,234496
87,71,16384,234496
87,18,19456,234496
30,58,1024,235520
30,18,4096,235520
30,18,11264,235520
30,70,12288,235520
30,36,13312,235520
30,37,14336,235520
30,71,15360,235520
30,18,18432,235520
30,31,20480,235520
58,18,3072,236544
58,18,10240,236544
58,70,11264,236544
58,36,12288,236544
58,37,13312,236544
58,71,14336,236544
58,18,17408,236544
58,31,19456,236544
58,31,20480,236544
18,18,7168,239616
18,70,8192,239616
18,36,9216,239616
18,37,10240,239616
18,71,11264,239616
18,18,14336,239616
18,31,16384,239616
18,31,17408,239616
18,70,1024,246784
18,36,2048,246784
18,37,3072,246784
18,71,4096,246784
18,18,7168,246784
18,31,9216,246784
18,31,10240,246784
18,18,20480,246784
70,36,1024,247808
70,37,2048,247808
70,71,3072,247808
70,18,6144,247808
70,31,8192,247808
70,31,9216,247808
70,18,19456,247808
70,18,20480,247808
36,37,1024,248832
36,71,2048,248832
36,18,5120,248832
36,31,7168,248832
36,31,8192,248832
36,18,18432,248832
36,18,19456,248832
36,18,20480,248832
37,71,1024,249856
37,18,4096,249856
37,31,6144,249856
37,31,7168,249856
37,18,17408,249856
37,18,18432,249856
37,18,19456,249856
71,18,3072,250880
71,31,5120,250880
71,31,6144,250880
71,18,16384,250880
71,18,17408,250880
71,18,18432,250880
18,31,2048,253952
18,31,3072,253952
18,18,13312,253952
18,18,14336,253952
18,18,15360,253952
18,19,18432,253952
18,23,19456,253952
31,31,1024,256000
31,18,11264,256000
31,18,12288,256000
31,18,13312,256000
31,19,16384,256000
31,23,17408,256000
31,18,20480,256000
31,18,10240,257024
31,18,11264,257024
31,18,12288,257024
31,19,15360,257024
31,23,16384,257024
31,18,19456,257024
18,18,1024,267264
18,18,2048,267264
18,19,5120,267264
18,23,6144,267264
18,18,9216,267264
18,20,17408,267264
18,18,19456,267264
18,26,20480,267264
18,18,1024,268288
18,19,4096,268288
18,23,5120,268288
18,18,8192,268288
18,20,16384,268288
18,18,18432,268288
18,26,19456,268288
18,19,3072,269312
18,23,4096,269312
18,18,7168,269312
18,20,15360,269312
18,18,17408,269312
18,26,18432,269312
19,23,1024,272384
19,18,4096,272384
19,20,12288,272384
19,18,14336,272384
19,26,15360,272384
19,31,18432,272384
19,85,19456,272384
23,18,3072,273408
23,20,11264,273408
23,18,13312,273408
23,26,14336,273408
23,31,17408,273408
23,85,18432,273408
23,41,20480,273408
18,20,8192,276480
18,18,10240,276480
18,26,11264,276480
18,31,14336,276480
18,85,15360,276480
18,41,17408,276480
18,18,18432,276480
18,27,19456,276480
20,18,2048,284672
20,26,3072,284672
20,31,6144,284672
20,85,7168,284672
20,41,9216,284672
20,18,10240,284672
20,27,11264,284672
20,28,15360,284672
20,18,17408,284672
18,26,1024,286720
18,31,4096,286720
18,85,5120,286720
18,41,7168,286720
18,18,8192,286720
18,27,9216,286720
18,28,13312,286720
18,18,15360,286720
18,103,19456,286720
26,31,3072,287744
26,85,4096,287744
26,41,6144,287744
26,18,7168,287744
26,27,8192,287744
26,28,12288,287744
26,18,14336,287744
26,103,18432,287744
31,85,1024,290816
31,41,3072,290816
31,18,4096,290816
31,27,5120,290816
31,28,9216,290816
31,18,11264,290816
31,103,15360,290816
31,18,18432,290816
31,20,19456,290816
31,20,20480,290816
85,41,2048,291840
85,18,3072,291840
85,27,4096,291840
85,28,8192,291840
85,18,10240,291840
85,103,14336,291840
85,18,17408,291840
85,20,18432,291840
85,20,19456,291840
85,20,20480,291840
41,18,1024,293888
41,27,2048,293888
41,28,6144,293888
41,18,8192,293888
41,103,12288,293888
41,18,15360,293888
41,20,16384,293888
41,20,17408,293888
41,20,18432,293888
41,59,19456,293888
41,21,20480,293888
41,52,20480,293888
18,27,1024,294912
18,28,5120,294912
18,18,7168,294912
18,103,11264,294912
18,18,14336,294912
18,20,15360,294912
18,20,16384,294912
18,20,17408,294912
18,59,18432,294912
18,21,19456,294912
18,52,19456,294912
27,28,4096,295936
27,18,6144,295936
27,103,10240,295936
27,18,13312,295936
27,20,14336,295936
27,20,15360,295936
27,20,16384,295936
27,59,17408,295936
27,21,18432,295936
27,52,18432,295936
27,18,20480,295936
28,18,2048,300032
28,103,6144,300032
28,18,9216,300032
28,20,10240,300032
28,20,11264,300032
28,20,12288,300032
28,59,13312,300032
28,21,14336,300032
28,52,14336,300032
28,18,16384,300032
28,21,17408,300032
28,77,18432,300032
28,75,20480,300032
18,103,4096,302080
18,18,7168,302080
18,20,8192,302080
18,20,9216,302080
18,20,10240,302080
18,59,11264,302080
18,21,12288,302080
18,52,12288,302080
18,18,14336,302080
18,21,15360,302080
18,77,16384,302080
18,75,18432,302080
18,25,20480,302080
103,18,3072,306176
103,20,4096,306176
103,20,5120,306176
103,20,6144,306176
103,59,7168,306176
103,21,8192,306176
103,52,8192,306176
103,18,10240,306176
103,21,11264,306176
103,77,12288,306176
103,75,14336,306176
103,25,16384,306176
103,78,17408,306176
103,104,17408,306176
18,20,1024,309248
18,20,2048,309248
18,20,3072,309248
18,59,4096,309248
18,21,5120,309248
18,52,5120,309248
18,18,7168,309248
18,21,8192,309248
18,77,9216,309248
18,75,11264,309248
18,25,13312,309248
18,78,14336,309248
18,104,14336,309248
18,74,15360,309248
20,20,1024,310272
20,20,2048,310272
20,59,3072,310272
20,21,4096,310272
20,52,4096,310272
20,18,6144,310272
20,21,7168,310272
20,77,8192,310272
20,75,10240,310272
20,25,12288,310272
20,78,13312,310272
20,104,13312,310272
20,74,14336,310272
20,57,16384,310272
20,20,1024,311296
20,59,2048,311296
20,21,3072,311296
20,52,3072,311296
20,18,5120,311296
20,21,6144,311296
20,77,7168,311296
20,75,9216,311296
20,25,11264,311296
20,78,12288,311296
20,104,12288,311296
20,74,13312,311296
20,57,15360,311296
20,101,16384,311296
20,59,1024,312320
20,21,2048,312320
20,52,2048,312320
20,18,4096,312320
20,21,5120,312320
20,77,6144,312320
20,75,8192,312320
20,25,10240,312320
20,78,11264,312320
20,104,11264,312320
20,74,12288,312320
20,57,14336,312320
20,101,15360,312320
59,21,1024,313344
59,52,1024,313344
59,18,3072,313344
59,21,4096,313344
59,77,5120,313344
59,75,7168,313344
59,25,9216,313344
59,78,10240,313344
59,104,10240,313344
59,74,11264,313344
59,57,13312,313344
59,101,14336,313344
21,52,0,314368
21,18,2048,314368
21,21,3072,314368
21,77,4096,314368
21,75,6144,314368
21,25,8192,314368
21,78,9216,314368
21,104,9216,314368
21,74,10240,314368
21,57,12288,314368
21,101,13312,314368
52,18,2048,314368
52,21,3072,314368
52,77,4096,314368
52,75,6144,314368
52,25,8192,314368
52,78,9216,314368
52,104,9216,314368
52,74,10240,314368
52,57,12288,314368
52,101,13312,314368
18,21,1024,316416
18,77,2048,316416
18,75,4096,316416
18,25,6144,316416
18,78,7168,316416
18,104,7168,316416
18,74,8192,316416
18,57,10240,316416
18,101,11264,316416
21,77,1024,317440
21,75,3072,317440
21,25,5120,317440
21,78,6144,317440
21,104,6144,317440
21,74,7168,317440
21,57,9216,317440
21,101,10240,317440
77,75,2048,318464
77,25,4096,318464
77,78,5120,318464
77,104,5120,318464
77,74,6144,318464
77,57,8192,318464
77,101,9216,318464
75,25,2048,320512
75,78,3072,320512
75,104,3072,320512
75,74,4096,320512
75,57,6144,320512
75,101,7168,320512
25,78,1024,322560
25,104,1024,322560
25,74,2048,322560
25,57,4096,322560
25,101,5120,322560
78,104,0,323584
78,74,1024,323584
78,57,3072,323584
78,101,4096,323584
104,74,1024,323584
104,57,3072,323584
104,101,4096,323584
74,57,2048,324608
74,101,3072,324608
57,101,1024,326656
