28,27,1024,0
28,214,1024,0
28,27,2048,0
28,217,2048,0
28,59,3072,0
28,33,7168,0
28,18,9216,0
28,18,20480,0
27,214,0,1024
27,27,1024,1024
27,217,1024,1024
27,59,2048,1024
27,33,6144,1024
27,18,8192,1024
27,18,19456,1024
214,27,1024,1024
214,217,1024,1024
214,59,2048,1024
214,33,6144,1024
214,18,8192,1024
214,18,19456,1024
27,217,0,2048
27,59,1024,2048
27,33,5120,2048
27,18,7168,2048
27,18,18432,2048
217,59,1024,2048
217,33,5120,2048
217,18,7168,2048
217,18,18432,2048
59,33,4096,3072
59,18,6144,3072
59,18,17408,3072
59,44,20480,3072
33,18,2048,7168
33,18,13312,7168
33,44,16384,7168
33,41,17408,7168
18,18,11264,9216
18,44,14336,9216
18,41,15360,9216
18,62,20480,9216
18,44,3072,20480
18,41,4096,20480
18,62,9216,20480
18,41,10240,20480
18,41,11264,20480
18,63,13312,20480
18,60,14336,20480
44,41,1024,23552
44,62,6144,23552
44,41,7168,23552
44,41,8192,23552
44,63,10240,23552
44,60,11264,23552
44,22,19456,23552
41,62,5120,24576
41,41,6144,24576
41,41,7168,24576
41,63,9216,24576
41,60,10240,24576
41,22,18432,24576
41,54,20480,24576
62,41,1024,29696
62,41,2048,29696
62,63,4096,29696
62,60,5120,29696
62,22,13312,29696
62,54,15360,29696
62,42,16384,29696
62,43,17408,29696
62,55,18432,29696
41,41,1024,30720
41,63,3072,30720
41,60,4096,30720
41,22,12288,30720
41,54,14336,30720
41,42,15360,30720
41,43,16384,30720
41,55,17408,30720
41,63,2048,31744
41,60,3072,31744
41,22,11264,31744
41,54,13312,31744
41,42,14336,31744
41,43,15360,31744
41,55,16384,31744
63,60,1024,33792
63,22,9216,33792
63,54,11264,33792
63,42,12288,33792
63,43,13312,33792
63,55,14336,33792
60,22,8192,34816
60,54,10240,34816
60,42,11264,34816
60,43,12288,34816
60,55,13312,34816
22,54,2048,43008
22,42,3072,43008
22,43,4096,43008
22,55,5120,43008
22,18,17408,43008
22,22,19456,43008
22,33,20480,43008
54,42,1024,45056
54,43,2048,45056
54,55,3072,45056
54,18,15360,45056
54,22,17408,45056
54,33,18432,45056
54,25,19456,45056
42,43,1024,46080
42,55,2048,46080
42,18,14336,46080
42,22,16384,46080
42,33,17408,46080
42,25,18432,46080
43,55,1024,47104
43,18,13312,47104
43,22,15360,47104
43,33,16384,47104
43,25,17408,47104
55,18,12288,48128
55,22,14336,48128
55,33,15360,48128
55,25,16384,48128
18,22,2048,60416
18,33,3072,60416
18,25,4096,60416
18,22,10240,60416
18,19,16384,60416
18,48,16384,60416
18,62,19456,60416
18,58,20480,60416
22,33,1024,62464
22,25,2048,62464
22,22,8192,62464
22,19,14336,62464
22,48,14336,62464
22,62,17408,62464
22,58,18432,62464
22,57,20480,62464
33,25,1024,63488
33,22,7168,63488
33,19,13312,63488
33,48,13312,63488
33,62,16384,63488
33,58,17408,63488
33,57,19456,63488
25,22,6144,64512
25,19,12288,64512
25,48,12288,64512
25,62,15360,64512
25,58,16384,64512
25,57,18432,64512
22,19,6144,70656
22,48,6144,70656
22,62,9216,70656
22,58,10240,70656
22,57,12288,70656
22,57,19456,70656
22,55,20480,70656
19,48,0,76800
19,62,3072,76800
19,58,4096,76800
19,57,6144,76800
19,57,13312,76800
19,55,14336,76800
19,54,15360,76800
48,62,3072,76800
48,58,4096,76800
48,57,6144,76800
48,57,13312,76800
48,55,14336,76800
48,54,15360,76800
62,58,1024,79872
62,57,3072,79872
62,57,10240,79872
62,55,11264,79872
62,54,12288,79872
58,57,2048,80896
58,57,9216,80896
58,55,10240,80896
58,54,11264,80896
58,22,20480,80896
57,57,7168,82944
57,55,8192,82944
57,54,9216,82944
57,22,18432,82944
57,49,20480,82944
57,55,1024,90112
57,54,2048,90112
57,22,11264,90112
57,49,13312,90112
57,18,15360,90112
57,54,15360,90112
57,51,20480,90112
55,54,1024,91136
55,22,10240,91136
55,49,12288,91136
55,18,14336,91136
55,54,14336,91136
55,51,19456,91136
55,54,20480,91136
54,22,9216,92160
54,49,11264,92160
54,18,13312,92160
54,54,13312,92160
54,51,18432,92160
54,54,19456,92160
22,49,2048,101376
22,18,4096,101376
22,54,4096,101376
22,51,9216,101376
22,54,10240,101376
22,18,15360,101376
22,99,15360,101376
22,99,16384,101376
22,100,17408,101376
22,99,18432,101376
22,74,19456,101376
22,99,19456,101376
22,74,20480,101376
22,99,20480,101376
49,18,2048,103424
49,54,2048,103424
49,51,7168,103424
49,54,8192,103424
49,18,13312,103424
49,99,13312,103424
49,99,14336,103424
49,100,15360,103424
49,99,16384,103424
49,74,17408,103424
49,99,17408,103424
49,74,18432,103424
49,99,18432,103424
49,49,19456,103424
18,54,0,105472
18,51,5120,105472
18,54,6144,105472
18,18,11264,105472
18,99,11264,105472
18,99,12288,105472
18,100,13312,105472
18,99,14336,105472
18,74,15360,105472
18,99,15360,105472
18,74,16384,105472
18,99,16384,105472
18,49,17408,105472
18,49,18432,105472
54,51,5120,105472
54,54,6144,105472
54,18,11264,105472
54,99,11264,105472
54,99,12288,105472
54,100,13312,105472
54,99,14336,105472
54,74,15360,105472
54,99,15360,105472
54,74,16384,105472
54,99,16384,105472
54,49,17408,105472
54,49,18432,105472
54,53,19456,105472
51,54,1024,110592
51,18,6144,110592
51,99,6144,110592
51,99,7168,110592
51,100,8192,110592
51,99,9216,110592
51,74,10240,110592
51,99,10240,110592
51,74,11264,110592
51,99,11264,110592
51,49,12288,110592
51,49,13312,110592
51,53,14336,110592
51,53,15360,110592
54,18,5120,111616
54,99,5120,111616
54,99,6144,111616
54,100,7168,111616
54,99,8192,111616
54,74,9216,111616
54,99,9216,111616
54,74,10240,111616
54,99,10240,111616
54,49,11264,111616
54,49,12288,111616
54,53,13312,111616
54,53,14336,111616
54,49,15360,111616
18,99,0,116736
18,99,1024,116736
18,100,2048,116736
18,99,3072,116736
18,74,4096,116736
18,99,4096,116736
18,74,5120,116736
18,99,5120,116736
18,49,6144,116736
18,49,7168,116736
18,53,8192,116736
18,53,9216,116736
18,49,10240,116736
18,43,11264,116736
99,99,1024,116736
99,100,2048,116736
99,99,3072,116736
99,74,4096,116736
99,99,4096,116736
99,74,5120,116736
99,99,5120,116736
99,49,6144,116736
99,49,7168,116736
99,53,8192,116736
99,53,9216,116736
99,49,10240,116736
99,43,11264,116736
99,40,12288,116736
99,100,1024,117760
99,99,2048,117760
99,74,3072,117760
99,99,3072,117760
99,74,4096,117760
99,99,4096,117760
99,49,5120,117760
99,49,6144,117760
99,53,7168,117760
99,53,8192,117760
99,49,9216,117760
99,43,10240,117760
99,40,11264,117760
99,39,12288,117760
100,99,1024,118784
100,74,2048,118784
100,99,2048,118784
100,74,3072,118784
100,99,3072,118784
100,49,4096,118784
100,49,5120,118784
100,53,6144,118784
100,53,7168,118784
100,49,8192,118784
100,43,9216,118784
100,40,10240,118784
100,39,11264,118784
100,37,12288,118784
99,74,1024,119808
99,99,1024,119808
99,74,2048,119808
99,99,2048,119808
99,49,3072,119808
99,49,4096,119808
99,53,5120,119808
99,53,6144,119808
99,49,7168,119808
99,43,8192,119808
99,40,9216,119808
99,39,10240,119808
99,37,11264,119808
99,38,12288,119808
74,99,0,120832
74,74,1024,120832
74,99,1024,120832
74,49,2048,120832
74,49,3072,120832
74,53,4096,120832
74,53,5120,120832
74,49,6144,120832
74,43,7168,120832
74,40,8192,120832
74,39,9216,120832
74,37,10240,120832
74,38,11264,120832
74,38,12288,120832
99,74,1024,120832
99,99,1024,120832
99,49,2048,120832
99,49,3072,120832
99,53,4096,120832
99,53,5120,120832
99,49,6144,120832
99,43,7168,120832
99,40,8192,120832
99,39,9216,120832
99,37,10240,120832
99,38,11264,120832
99,38,12288,120832
99,22,14336,120832
74,99,0,121856
74,49,1024,121856
74,49,2048,121856
74,53,3072,121856
74,53,4096,121856
74,49,5120,121856
74,43,6144,121856
74,40,7168,121856
74,39,8192,121856
74,37,9216,121856
74,38,10240,121856
74,38,11264,121856
74,22,13312,121856
74,22,14336,121856
99,49,1024,121856
99,49,2048,121856
99,53,3072,121856
99,53,4096,121856
99,49,5120,121856
99,43,6144,121856
99,40,7168,121856
99,39,8192,121856
99,37,9216,121856
99,38,10240,121856
99,38,11264,121856
99,22,13312,121856
99,22,14336,121856
99,49,14336,121856
49,49,1024,122880
49,53,2048,122880
49,53,3072,122880
49,49,4096,122880
49,43,5120,122880
49,40,6144,122880
49,39,7168,122880
49,37,8192,122880
49,38,9216,122880
49,38,10240,122880
49,22,12288,122880
49,22,13312,122880
49,49,13312,122880
49,47,14336,122880
49,53,1024,123904
49,53,2048,123904
49,49,3072,123904
49,43,4096,123904
49,40,5120,123904
49,39,6144,123904
49,37,7168,123904
49,38,8192,123904
49,38,9216,123904
49,22,11264,123904
49,22,12288,123904
49,49,12288,123904
49,47,13312,123904
49,46,14336,123904
53,53,1024,124928
53,49,2048,124928
53,43,3072,124928
53,40,4096,124928
53,39,5120,124928
53,37,6144,124928
53,38,7168,124928
53,38,8192,124928
53,22,10240,124928
53,22,11264,124928
53,49,11264,124928
53,47,12288,124928
53,46,13312,124928
53,44,14336,124928
53,49,1024,125952
53,43,2048,125952
53,40,3072,125952
53,39,4096,125952
53,37,5120,125952
53,38,6144,125952
53,38,7168,125952
53,22,9216,125952
53,22,10240,125952
53,49,10240,125952
53,47,11264,125952
53,46,12288,125952
53,44,13312,125952
53,22,15360,125952
49,43,1024,126976
49,40,2048,126976
49,39,3072,126976
49,37,4096,126976
49,38,5120,126976
49,38,6144,126976
49,22,8192,126976
49,22,9216,126976
49,49,9216,126976
49,47,10240,126976
49,46,11264,126976
49,44,12288,126976
49,22,14336,126976
43,40,1024,128000
43,39,2048,128000
43,37,3072,128000
43,38,4096,128000
43,38,5120,128000
43,22,7168,128000
43,22,8192,128000
43,49,8192,128000
43,47,9216,128000
43,46,10240,128000
43,44,11264,128000
43,22,13312,128000
40,39,1024,129024
40,37,2048,129024
40,38,3072,129024
40,38,4096,129024
40,22,6144,129024
40,22,7168,129024
40,49,7168,129024
40,47,8192,129024
40,46,9216,129024
40,44,10240,129024
40,22,12288,129024
39,37,1024,130048
39,38,2048,130048
39,38,3072,130048
39,22,5120,130048
39,22,6144,130048
39,49,6144,130048
39,47,7168,130048
39,46,8192,130048
39,44,9216,130048
39,22,11264,130048
37,38,1024,131072
37,38,2048,131072
37,22,4096,131072
37,22,5120,131072
37,49,5120,131072
37,47,6144,131072
37,46,7168,131072
37,44,8192,131072
37,22,10240,131072
38,38,1024,132096
38,22,3072,132096
38,22,4096,132096
38,49,4096,132096
38,47,5120,132096
38,46,6144,132096
38,44,7168,132096
38,22,9216,132096
38,22,2048,133120
38,22,3072,133120
38,49,3072,133120
38,47,4096,133120
38,46,5120,133120
38,44,6144,133120
38,22,8192,133120
22,22,1024,135168
22,49,1024,135168
22,47,2048,135168
22,46,3072,135168
22,44,4096,135168
22,22,6144,135168
22,49,0,136192
22,47,1024,136192
22,46,2048,136192
22,44,3072,136192
22,22,5120,136192
49,47,1024,136192
49,46,2048,136192
49,44,3072,136192
49,22,5120,136192
47,46,1024,137216
47,44,2048,137216
47,22,4096,137216
47,18,20480,137216
46,44,1024,138240
46,22,3072,138240
46,18,19456,138240
44,22,2048,139264
44,18,18432,139264
22,18,16384,141312
18,22,12288,157696
18,18,18432,157696
18,22,19456,157696
22,18,6144,169984
22,22,7168,169984
22,18,9216,169984
22,50,15360,169984
22,31,19456,169984
22,60,20480,169984
22,181,20480,169984
18,22,1024,176128
18,18,3072,176128
18,50,9216,176128
18,31,13312,176128
18,60,14336,176128
18,181,14336,176128
18,60,16384,176128
18,64,17408,176128
18,60,19456,176128
18,58,20480,176128
18,117,20480,176128
22,18,2048,177152
22,50,8192,177152
22,31,12288,177152
22,60,13312,177152
22,181,13312,177152
22,60,15360,177152
22,64,16384,177152
22,60,18432,177152
22,58,19456,177152
22,117,19456,177152
18,50,6144,179200
18,31,10240,179200
18,60,11264,179200
18,181,11264,179200
18,60,13312,179200
18,64,14336,179200
18,60,16384,179200
18,58,17408,179200
18,117,17408,179200
18,46,19456,179200
18,45,20480,179200
50,31,4096,185344
50,60,5120,185344
50,181,5120,185344
50,60,7168,185344
50,64,8192,185344
50,60,10240,185344
50,58,11264,185344
50,117,11264,185344
50,46,13312,185344
50,45,14336,185344
50,45,15360,185344
50,45,20480,185344
50,181,20480,185344
31,60,1024,189440
31,181,1024,189440
31,60,3072,189440
31,64,4096,189440
31,60,6144,189440
31,58,7168,189440
31,117,7168,189440
31,46,9216,189440
31,45,10240,189440
31,45,11264,189440
31,45,16384,189440
31,181,16384,189440
31,46,18432,189440
60,181,0,190464
60,60,2048,190464
60,64,3072,190464
60,60,5120,190464
60,58,6144,190464
60,117,6144,190464
60,46,8192,190464
60,45,9216,190464
60,45,10240,190464
60,45,15360,190464
60,181,15360,190464
60,46,17408,190464
181,60,2048,190464
181,64,3072,190464
181,60,5120,190464
181,58,6144,190464
181,117,6144,190464
181,46,8192,190464
181,45,9216,190464
181,45,10240,190464
181,45,15360,190464
181,181,15360,190464
181,46,17408,190464
60,64,1024,192512
60,60,3072,192512
60,58,4096,192512
60,117,4096,192512
60,46,6144,192512
60,45,7168,192512
60,45,8192,192512
60,45,13312,192512
60,181,13312,192512
60,46,15360,192512
64,60,2048,193536
64,58,3072,193536
64,117,3072,193536
64,46,5120,193536
64,45,6144,193536
64,45,7168,193536
64,45,12288,193536
64,181,12288,193536
64,46,14336,193536
60,58,1024,195584
60,117,1024,195584
60,46,3072,195584
60,45,4096,195584
60,45,5120,195584
60,45,10240,195584
60,181,10240,195584
60,46,12288,195584
60,87,20480,195584
58,117,0,196608
58,46,2048,196608
58,45,3072,196608
58,45,4096,196608
58,45,9216,196608
58,181,9216,196608
58,46,11264,196608
58,87,19456,196608
117,46,2048,196608
117,45,3072,196608
117,45,4096,196608
117,45,9216,196608
117,181,9216,196608
117,46,11264,196608
117,87,19456,196608
46,45,1024,198656
46,45,2048,198656
46,45,7168,198656
46,181,7168,198656
46,46,9216,198656
46,87,17408,198656
46,60,19456,198656
45,45,1024,199680
45,45,6144,199680
45,181,6144,199680
45,46,8192,199680
45,87,16384,199680
45,60,18432,199680
45,45,5120,200704
45,181,5120,200704
45,46,7168,200704
45,87,15360,200704
45,60,17408,200704
45,47,20480,200704
45,181,0,205824
45,46,2048,205824
45,87,10240,205824
45,60,12288,205824
45,47,15360,205824
45,44,16384,205824
45,46,17408,205824
45,43,18432,205824
45,47,20480,205824
181,46,2048,205824
181,87,10240,205824
181,60,12288,205824
181,47,15360,205824
181,44,16384,205824
181,46,17408,205824
181,43,18432,205824
181,47,20480,205824
46,87,8192,207872
46,60,10240,207872
46,47,13312,207872
46,44,14336,207872
46,46,15360,207872
46,43,16384,207872
46,47,18432,207872
46,48,20480,207872
87,60,2048,216064
87,47,5120,216064
87,44,6144,216064
87,46,7168,216064
87,43,8192,216064
87,47,10240,216064
87,48,12288,216064
87,46,13312,216064
87,45,14336,216064
87,43,16384,216064
87,55,17408,216064
60,47,3072,218112
60,44,4096,218112
60,46,5120,218112
60,43,6144,218112
60,47,8192,218112
60,48,10240,218112
60,46,11264,218112
60,45,12288,218112
60,43,14336,218112
60,55,15360,218112
47,44,1024,221184
47,46,2048,221184
47,43,3072,221184
47,47,5120,221184
47,48,7168,221184
47,46,8192,221184
47,45,9216,221184
47,43,11264,221184
47,55,12288,221184
44,46,1024,222208
44,43,2048,222208
44,47,4096,222208
44,48,6144,222208
44,46,7168,222208
44,45,8192,222208
44,43,10240,222208
44,55,11264,222208
46,43,1024,223232
46,47,3072,223232
46,48,5120,223232
46,46,6144,223232
46,45,7168,223232
46,43,9216,223232
46,55,10240,223232
43,47,2048,224256
43,48,4096,224256
43,46,5120,224256
43,45,6144,224256
43,43,8192,224256
43,55,9216,224256
47,48,2048,226304
47,46,3072,226304
47,45,4096,226304
47,43,6144,226304
47,55,7168,226304
47,46,19456,226304
47,47,20480,226304
48,46,1024,228352
48,45,2048,228352
48,43,4096,228352
48,55,5120,228352
48,46,17408,228352
48,47,18432,228352
48,44,19456,228352
46,45,1024,229376
46,43,3072,229376
46,55,4096,229376
46,46,16384,229376
46,47,17408,229376
46,44,18432,229376
46,58,20480,229376
45,43,2048,230400
45,55,3072,230400
45,46,15360,230400
45,47,16384,230400
45,44,17408,230400
45,58,19456,230400
43,55,1024,232448
43,46,13312,232448
43,47,14336,232448
43,44,15360,232448
43,58,17408,232448
43,46,19456,232448
43,22,20480,232448
43,46,20480,232448
55,46,12288,233472
55,47,13312,233472
55,44,14336,233472
55,58,16384,233472
55,46,18432,233472
55,22,19456,233472
55,46,19456,233472
46,47,1024,245760
46,44,2048,245760
46,58,4096,245760
46,46,6144,245760
46,22,7168,245760
46,46,7168,245760
46,18,19456,245760
47,44,1024,246784
47,58,3072,246784
47,46,5120,246784
47,22,6144,246784
47,46,6144,246784
47,18,18432,246784
44,58,2048,247808
44,46,4096,247808
44,22,5120,247808
44,46,5120,247808
44,18,17408,247808
58,46,2048,249856
58,22,3072,249856
58,46,3072,249856
58,18,15360,249856
58,18,20480,249856
46,22,1024,251904
46,46,1024,251904
46,18,13312,251904
46,18,18432,251904
22,46,0,252928
22,18,12288,252928
22,18,17408,252928
46,18,12288,252928
46,18,17408,252928
18,18,5120,265216
18,48,9216,265216
18,53,13312,265216
18,59,15360,265216
18,154,19456,265216
18,48,4096,270336
18,53,8192,270336
18,59,10240,270336
18,154,14336,270336
18,25,18432,270336
48,53,4096,274432
48,59,6144,274432
48,154,10240,274432
48,25,14336,274432
48,46,18432,274432
53,59,2048,278528
53,154,6144,278528
53,25,10240,278528
53,46,14336,278528
53,46,18432,278528
59,154,4096,280576
59,25,8192,280576
59,46,12288,280576
59,46,16384,280576
154,25,4096,284672
154,46,8192,284672
154,46,12288,284672
154,136,18432,284672
25,46,4096,288768
25,46,8192,288768
25,136,14336,288768
25,60,17408,288768
25,89,20480,288768
46,46,4096,292864
46,136,10240,292864
46,60,13312,292864
46,89,16384,292864
46,150,17408,292864
46,89,20480,292864
46,136,6144,296960
46,60,9216,296960
46,89,12288,296960
46,150,13312,296960
46,89,16384,296960
46,86,17408,296960
46,88,18432,296960
46,87,19456,296960
46,84,20480,296960
136,60,3072,303104
136,89,6144,303104
136,150,7168,303104
136,89,10240,303104
136,86,11264,303104
136,88,12288,303104
136,87,13312,303104
136,84,14336,303104
136,43,19456,303104
136,108,19456,303104
136,45,20480,303104
60,89,3072,306176
60,150,4096,306176
60,89,7168,306176
60,86,8192,306176
60,88,9216,306176
60,87,10240,306176
60,84,11264,306176
60,43,16384,306176
60,108,16384,306176
60,45,17408,306176
60,46,18432,306176
60,44,19456,306176
89,150,1024,309248
89,89,4096,309248
89,86,5120,309248
89,88,6144,309248
89,87,7168,309248
89,84,8192,309248
89,43,13312,309248
89,108,13312,309248
89,45,14336,309248
89,46,15360,309248
89,44,16384,309248
89,18,18432,309248
89,90,20480,309248
150,89,3072,310272
150,86,4096,310272
150,88,5120,310272
150,87,6144,310272
150,84,7168,310272
150,43,12288,310272
150,108,12288,310272
150,45,13312,310272
150,46,14336,310272
150,44,15360,310272
150,18,17408,310272
150,90,19456,310272
89,86,1024,313344
89,88,2048,313344
89,87,3072,313344
89,84,4096,313344
89,43,9216,313344
89,108,9216,313344
89,45,10240,313344
89,46,11264,313344
89,44,12288,313344
89,18,14336,313344
89,90,16384,313344
86,88,1024,314368
86,87,2048,314368
86,84,3072,314368
86,43,8192,314368
86,108,8192,314368
86,45,9216,314368
86,46,10240,314368
86,44,11264,314368
86,18,13312,314368
86,90,15360,314368
88,87,1024,315392
88,84,2048,315392
88,43,7168,315392
88,108,7168,315392
88,45,8192,315392
88,46,9216,315392
88,44,10240,315392
88,18,12288,315392
88,90,14336,315392
87,84,1024,316416
87,43,6144,316416
87,108,6144,316416
87,45,7168,316416
87,46,8192,316416
87,44,9216,316416
87,18,11264,316416
87,90,13312,316416
84,43,5120,317440
84,108,5120,317440
84,45,6144,317440
84,46,7168,317440
84,44,8192,317440
84,18,10240,317440
84,90,12288,317440
43,108,0,322560
43,45,1024,322560
43,46,2048,322560
43,44,3072,322560
43,18,5120,322560
43,90,7168,322560
108,45,1024,322560
108,46,2048,322560
108,44,3072,322560
108,18,5120,322560
108,90,7168,322560
45,46,1024,323584
45,44,2048,323584
45,18,4096,323584
45,90,6144,323584
46,44,1024,324608
46,18,3072,324608
46,90,5120,324608
44,18,2048,325632
44,90,4096,325632
18,90,2048,327680
