15,15,1024,0
15,15,9216,0
15,15,20480,0
15,15,8192,1024
15,15,19456,1024
15,15,11264,9216
15,15,19456,9216
15,15,8192,20480
15,11,11264,20480
15,11,20480,20480
15,11,3072,28672
15,11,12288,28672
15,15,17408,28672
15,15,18432,28672
15,15,20480,28672
11,11,9216,31744
11,15,14336,31744
11,15,15360,31744
11,15,17408,31744
11,15,18432,31744
11,15,5120,40960
11,15,6144,40960
11,15,8192,40960
11,15,9216,40960
11,12,14336,40960
11,16,15360,40960
11,15,16384,40960
15,15,1024,46080
15,15,3072,46080
15,15,4096,46080
15,12,9216,46080
15,16,10240,46080
15,15,11264,46080
15,15,17408,46080
15,15,2048,47104
15,15,3072,47104
15,12,8192,47104
15,16,9216,47104
15,15,10240,47104
15,15,16384,47104
15,15,20480,47104
15,15,1024,49152
15,12,6144,49152
15,16,7168,49152
15,15,8192,49152
15,15,14336,49152
15,15,18432,49152
15,12,5120,50176
15,16,6144,50176
15,15,7168,50176
15,15,13312,50176
15,15,17408,50176
12,16,1024,55296
12,15,2048,55296
12,15,8192,55296
12,15,12288,55296
12,16,19456,55296
12,15,20480,55296
16,15,1024,56320
16,15,7168,56320
16,15,11264,56320
16,16,18432,56320
16,15,19456,56320
15,15,6144,57344
15,15,10240,57344
15,16,17408,57344
15,15,18432,57344
15,15,4096,63488
15,16,11264,63488
15,15,12288,63488
15,15,16384,63488
15,16,7168,67584
15,15,8192,67584
15,15,12288,67584
15,15,17408,67584
15,15,18432,67584
16,15,1024,74752
16,15,5120,74752
16,15,10240,74752
16,15,11264,74752
16,15,20480,74752
15,15,4096,75776
15,15,9216,75776
15,15,10240,75776
15,15,19456,75776
15,15,5120,79872
15,15,6144,79872
15,15,15360,79872
15,15,1024,84992
15,15,10240,84992
15,11,18432,84992
15,15,19456,84992
15,15,20480,84992
15,15,9216,86016
15,11,17408,86016
15,15,18432,86016
15,15,19456,86016
15,11,8192,95232
15,15,9216,95232
15,15,10240,95232
15,15,16384,95232
15,15,19456,95232
11,15,1024,103424
11,15,2048,103424
11,15,8192,103424
11,15,11264,103424
11,15,19456,103424
11,15,20480,103424
15,15,1024,104448
15,15,7168,104448
15,15,10240,104448
15,15,18432,104448
15,15,19456,104448
15,15,6144,105472
15,15,9216,105472
15,15,17408,105472
15,15,18432,105472
15,15,3072,111616
15,15,11264,111616
15,15,12288,111616
15,15,16384,111616
15,15,17408,111616
15,12,20480,111616
15,15,8192,114688
15,15,9216,114688
15,15,13312,114688
15,15,14336,114688
15,12,17408,114688
15,13,18432,114688
15,15,1024,122880
15,15,5120,122880
15,15,6144,122880
15,12,9216,122880
15,13,10240,122880
15,15,19456,122880
15,15,20480,122880
15,15,4096,123904
15,15,5120,123904
15,12,8192,123904
15,13,9216,123904
15,15,18432,123904
15,15,19456,123904
15,15,1024,128000
15,12,4096,128000
15,13,5120,128000
15,15,14336,128000
15,15,15360,128000
15,12,3072,129024
15,13,4096,129024
15,15,13312,129024
15,15,14336,129024
12,13,1024,132096
12,15,10240,132096
12,15,11264,132096
12,15,20480,132096
13,15,9216,133120
13,15,10240,133120
13,15,19456,133120
15,15,1024,142336
15,15,10240,142336
15,15,19456,142336
15,15,9216,143360
15,15,18432,143360
15,15,9216,152576
15,15,15360,152576
15,15,16384,152576
15,15,18432,152576
15,15,19456,152576
15,15,6144,161792
15,15,7168,161792
15,15,9216,161792
15,15,10240,161792
15,15,18432,161792
15,15,19456,161792
15,15,1024,167936
15,15,3072,167936
15,15,4096,167936
15,15,12288,167936
15,15,13312,167936
15,13,16384,167936
15,15,2048,168960
15,15,3072,168960
15,15,11264,168960
15,15,12288,168960
15,13,15360,168960
15,15,20480,168960
15,15,1024,171008
15,15,9216,171008
15,15,10240,171008
15,13,13312,171008
15,15,18432,171008
15,15,19456,171008
15,15,8192,172032
15,15,9216,172032
15,13,12288,172032
15,15,17408,172032
15,15,18432,172032
15,15,1024,180224
15,13,4096,180224
15,15,9216,180224
15,15,10240,180224
15,15,19456,180224
15,15,20480,180224
15,13,3072,181248
15,15,8192,181248
15,15,9216,181248
15,15,18432,181248
15,15,19456,181248
13,15,5120,184320
13,15,6144,184320
13,15,15360,184320
13,15,16384,184320
15,15,1024,189440
15,15,10240,189440
15,15,11264,189440
15,15,20480,189440
15,15,9216,190464
15,15,10240,190464
15,15,19456,190464
15,15,1024,199680
15,15,10240,199680
15,15,18432,199680
15,15,19456,199680
15,12,20480,199680
15,15,9216,200704
15,15,17408,200704
15,15,18432,200704
15,12,19456,200704
15,15,8192,209920
15,15,9216,209920
15,12,10240,209920
15,16,17408,209920
15,15,18432,209920
15,15,1024,218112
15,12,2048,218112
15,16,9216,218112
15,15,10240,218112
15,15,15360,218112
15,13,18432,218112
15,12,1024,219136
15,16,8192,219136
15,15,9216,219136
15,15,14336,219136
15,13,17408,219136
12,16,7168,220160
12,15,8192,220160
12,15,13312,220160
12,13,16384,220160
12,12,20480,220160
16,15,1024,227328
16,15,6144,227328
16,13,9216,227328
16,12,13312,227328
16,15,17408,227328
16,15,20480,227328
15,15,5120,228352
15,13,8192,228352
15,12,12288,228352
15,15,16384,228352
15,15,19456,228352
15,13,3072,233472
15,12,7168,233472
15,15,11264,233472
15,15,14336,233472
15,15,16384,233472
15,15,18432,233472
13,12,4096,236544
13,15,8192,236544
13,15,11264,236544
13,15,13312,236544
13,15,15360,236544
13,16,19456,236544
13,15,20480,236544
12,15,4096,240640
12,15,7168,240640
12,15,9216,240640
12,15,11264,240640
12,16,15360,240640
12,15,16384,240640
15,15,3072,244736
15,15,5120,244736
15,15,7168,244736
15,16,11264,244736
15,15,12288,244736
15,15,20480,244736
15,15,2048,247808
15,15,4096,247808
15,16,8192,247808
15,15,9216,247808
15,15,17408,247808
15,15,18432,247808
15,15,19456,247808
15,15,2048,249856
15,16,6144,249856
15,15,7168,249856
15,15,15360,249856
15,15,16384,249856
15,15,17408,249856
15,16,4096,251904
15,15,5120,251904
15,15,13312,251904
15,15,14336,251904
15,15,15360,251904
16,15,1024,256000
16,15,9216,256000
16,15,10240,256000
16,15,11264,256000
16,14,19456,256000
16,15,20480,256000
15,15,8192,257024
15,15,9216,257024
15,15,10240,257024
15,14,18432,257024
15,15,19456,257024
15,15,1024,265216
15,15,2048,265216
15,14,10240,265216
15,15,11264,265216
15,16,19456,265216
15,15,20480,265216
15,15,1024,266240
15,14,9216,266240
15,15,10240,266240
15,16,18432,266240
15,15,19456,266240
15,14,8192,267264
15,15,9216,267264
15,16,17408,267264
15,15,18432,267264
15,15,20480,267264
14,15,1024,275456
14,16,9216,275456
14,15,10240,275456
14,15,12288,275456
14,15,19456,275456
14,15,20480,275456
15,16,8192,276480
15,15,9216,276480
15,15,11264,276480
15,15,18432,276480
15,15,19456,276480
16,15,1024,284672
16,15,3072,284672
16,15,10240,284672
16,15,11264,284672
16,11,14336,284672
16,15,20480,284672
15,15,2048,285696
15,15,9216,285696
15,15,10240,285696
15,11,13312,285696
15,15,19456,285696
15,15,7168,287744
15,15,8192,287744
15,11,11264,287744
15,15,17408,287744
15,15,1024,294912
15,11,4096,294912
15,15,10240,294912
15,15,17408,294912
15,15,19456,294912
15,10,20480,294912
15,11,3072,295936
15,15,9216,295936
15,15,16384,295936
15,15,18432,295936
15,10,19456,295936
15,15,20480,295936
11,15,6144,299008
11,15,13312,299008
11,15,15360,299008
11,10,16384,299008
11,15,17408,299008
11,15,18432,299008
15,15,7168,305152
15,15,9216,305152
15,10,10240,305152
15,15,11264,305152
15,15,12288,305152
15,15,19456,305152
15,15,20480,305152
15,15,2048,312320
15,10,3072,312320
15,15,4096,312320
15,15,5120,312320
15,15,12288,312320
15,15,13312,312320
15,15,14336,312320
15,11,15360,312320
15,10,1024,314368
15,15,2048,314368
15,15,3072,314368
15,15,10240,314368
15,15,11264,314368
15,15,12288,314368
15,11,13312,314368
10,15,1024,315392
10,15,2048,315392
10,15,9216,315392
10,15,10240,315392
10,15,11264,315392
10,11,12288,315392
15,15,1024,316416
15,15,8192,316416
15,15,9216,316416
15,15,10240,316416
15,11,11264,316416
15,15,7168,317440
15,15,8192,317440
15,15,9216,317440
15,11,10240,317440
15,15,1024,324608
15,15,2048,324608
15,11,3072,324608
15,15,1024,325632
15,11,2048,325632
15,11,1024,326656
