11,7,1024,11264
11,7,6144,11264
11,5,8192,11264
11,21,9216,11264
11,19,13312,11264
7,7,5120,12288
7,5,7168,12288
7,21,8192,12288
7,19,12288,12288
7,5,2048,17408
7,21,3072,17408
7,19,7168,17408
7,12,18432,17408
7,12,19456,17408
5,21,1024,19456
5,19,5120,19456
5,12,16384,19456
5,12,17408,19456
21,19,4096,20480
21,12,15360,20480
21,12,16384,20480
21,5,20480,20480
19,12,11264,24576
19,12,12288,24576
19,5,16384,24576
19,43,17408,24576
19,44,18432,24576
12,12,1024,35840
12,5,5120,35840
12,43,6144,35840
12,44,7168,35840
12,11,11264,35840
12,12,14336,35840
12,10,15360,35840
12,55,16384,35840
12,57,17408,35840
12,58,18432,35840
12,85,20480,35840
12,5,4096,36864
12,43,5120,36864
12,44,6144,36864
12,11,10240,36864
12,12,13312,36864
12,10,14336,36864
12,55,15360,36864
12,57,16384,36864
12,58,17408,36864
12,85,19456,36864
5,43,1024,40960
5,44,2048,40960
5,11,6144,40960
5,12,9216,40960
5,10,10240,40960
5,55,11264,40960
5,57,12288,40960
5,58,13312,40960
5,85,15360,40960
43,44,1024,41984
43,11,5120,41984
43,12,8192,41984
43,10,9216,41984
43,55,10240,41984
43,57,11264,41984
43,58,12288,41984
43,85,14336,41984
43,6,20480,41984
44,11,4096,43008
44,12,7168,43008
44,10,8192,43008
44,55,9216,43008
44,57,10240,43008
44,58,11264,43008
44,85,13312,43008
44,6,19456,43008
11,12,3072,47104
11,10,4096,47104
11,55,5120,47104
11,57,6144,47104
11,58,7168,47104
11,85,9216,47104
11,6,15360,47104
11,9,19456,47104
12,10,1024,50176
12,55,2048,50176
12,57,3072,50176
12,58,4096,50176
12,85,6144,50176
12,6,12288,50176
12,9,16384,50176
10,55,1024,51200
10,57,2048,51200
10,58,3072,51200
10,85,5120,51200
10,6,11264,51200
10,9,15360,51200
10,177,20480,51200
55,57,1024,52224
55,58,2048,52224
55,85,4096,52224
55,6,10240,52224
55,9,14336,52224
55,177,19456,52224
55,7,20480,52224
57,58,1024,53248
57,85,3072,53248
57,6,9216,53248
57,9,13312,53248
57,177,18432,53248
57,7,19456,53248
57,58,20480,53248
58,85,2048,54272
58,6,8192,54272
58,9,12288,54272
58,177,17408,54272
58,7,18432,54272
58,58,19456,54272
58,58,20480,54272
85,6,6144,56320
85,9,10240,56320
85,177,15360,56320
85,7,16384,56320
85,58,17408,56320
85,58,18432,56320
6,9,4096,62464
6,177,9216,62464
6,7,10240,62464
6,58,11264,62464
6,58,12288,62464
6,12,16384,62464
6,11,19456,62464
9,177,5120,66560
9,7,6144,66560
9,58,7168,66560
9,58,8192,66560
9,12,12288,66560
9,11,15360,66560
9,6,17408,66560
177,7,1024,71680
177,58,2048,71680
177,58,3072,71680
177,12,7168,71680
177,11,10240,71680
177,6,12288,71680
177,9,16384,71680
177,11,18432,71680
7,58,1024,72704
7,58,2048,72704
7,12,6144,72704
7,11,9216,72704
7,6,11264,72704
7,9,15360,72704
7,11,17408,72704
7,12,20480,72704
58,58,1024,73728
58,12,5120,73728
58,11,8192,73728
58,6,10240,73728
58,9,14336,73728
58,11,16384,73728
58,12,19456,73728
58,12,4096,74752
58,11,7168,74752
58,6,9216,74752
58,9,13312,74752
58,11,15360,74752
58,12,18432,74752
12,11,3072,78848
12,6,5120,78848
12,9,9216,78848
12,11,11264,78848
12,12,14336,78848
12,6,18432,78848
11,6,2048,81920
11,9,6144,81920
11,11,8192,81920
11,12,11264,81920
11,6,15360,81920
11,18,18432,81920
6,9,4096,83968
6,11,6144,83968
6,12,9216,83968
6,6,13312,83968
6,18,16384,83968
9,11,2048,88064
9,12,5120,88064
9,6,9216,88064
9,18,12288,88064
9,8,17408,88064
9,49,20480,88064
11,12,3072,90112
11,6,7168,90112
11,18,10240,90112
11,8,15360,90112
11,49,18432,90112
11,49,19456,90112
12,6,4096,93184
12,18,7168,93184
12,8,12288,93184
12,49,15360,93184
12,49,16384,93184
12,11,18432,93184
6,18,3072,97280
6,8,8192,97280
6,49,11264,97280
6,49,12288,97280
6,11,14336,97280
6,9,18432,97280
18,8,5120,100352
18,49,8192,100352
18,49,9216,100352
18,11,11264,100352
18,9,15360,100352
8,49,3072,105472
8,49,4096,105472
8,11,6144,105472
8,9,10240,105472
49,49,1024,108544
49,11,3072,108544
49,9,7168,108544
49,6,18432,108544
49,44,19456,108544
49,44,20480,108544
49,11,2048,109568
49,9,6144,109568
49,6,17408,109568
49,44,18432,109568
49,44,19456,109568
11,9,4096,111616
11,6,15360,111616
11,44,16384,111616
11,44,17408,111616
9,6,11264,115712
9,44,12288,115712
9,44,13312,115712
6,44,1024,126976
6,44,2048,126976
6,9,10240,126976
6,12,16384,126976
44,44,1024,128000
44,9,9216,128000
44,12,15360,128000
44,58,20480,128000
44,9,8192,129024
44,12,14336,129024
44,58,19456,129024
44,58,20480,129024
9,12,6144,137216
9,58,11264,137216
9,58,12288,137216
12,58,5120,143360
12,58,6144,143360
12,7,15360,143360
58,58,1024,148480
58,7,10240,148480
58,11,19456,148480
58,11,20480,148480
58,7,9216,149504
58,11,18432,149504
58,11,19456,149504
58,12,20480,149504
7,11,9216,158720
7,11,10240,158720
7,12,11264,158720
7,12,12288,158720
7,60,13312,158720
7,56,16384,158720
7,55,17408,158720
7,12,19456,158720
7,12,20480,158720
11,11,1024,167936
11,12,2048,167936
11,12,3072,167936
11,60,4096,167936
11,56,7168,167936
11,55,8192,167936
11,12,10240,167936
11,12,11264,167936
11,12,12288,167936
11,18,20480,167936
11,12,1024,168960
11,12,2048,168960
11,60,3072,168960
11,56,6144,168960
11,55,7168,168960
11,12,9216,168960
11,12,10240,168960
11,12,11264,168960
11,18,19456,168960
12,12,1024,169984
12,60,2048,169984
12,56,5120,169984
12,55,6144,169984
12,12,8192,169984
12,12,9216,169984
12,12,10240,169984
12,18,18432,169984
12,60,1024,171008
12,56,4096,171008
12,55,5120,171008
12,12,7168,171008
12,12,8192,171008
12,12,9216,171008
12,18,17408,171008
12,5,20480,171008
60,56,3072,172032
60,55,4096,172032
60,12,6144,172032
60,12,7168,172032
60,12,8192,172032
60,18,16384,172032
60,5,19456,172032
56,55,1024,175104
56,12,3072,175104
56,12,4096,175104
56,12,5120,175104
56,18,13312,175104
56,5,16384,175104
56,83,19456,175104
56,83,20480,175104
55,12,2048,176128
55,12,3072,176128
55,12,4096,176128
55,18,12288,176128
55,5,15360,176128
55,83,18432,176128
55,83,19456,176128
55,66,20480,176128
12,12,1024,178176
12,12,2048,178176
12,18,10240,178176
12,5,13312,178176
12,83,16384,178176
12,83,17408,178176
12,66,18432,178176
12,65,19456,178176
12,67,20480,178176
12,12,1024,179200
12,18,9216,179200
12,5,12288,179200
12,83,15360,179200
12,83,16384,179200
12,66,17408,179200
12,65,18432,179200
12,67,19456,179200
12,8,20480,179200
12,18,8192,180224
12,5,11264,180224
12,83,14336,180224
12,83,15360,180224
12,66,16384,180224
12,65,17408,180224
12,67,18432,180224
12,8,19456,180224
12,60,20480,180224
18,5,3072,188416
18,83,6144,188416
18,83,7168,188416
18,66,8192,188416
18,65,9216,188416
18,67,10240,188416
18,8,11264,188416
18,60,12288,188416
5,83,3072,191488
5,83,4096,191488
5,66,5120,191488
5,65,6144,191488
5,67,7168,191488
5,8,8192,191488
5,60,9216,191488
83,83,1024,194560
83,66,2048,194560
83,65,3072,194560
83,67,4096,194560
83,8,5120,194560
83,60,6144,194560
83,7,18432,194560
83,64,19456,194560
83,66,1024,195584
83,65,2048,195584
83,67,3072,195584
83,8,4096,195584
83,60,5120,195584
83,7,17408,195584
83,64,18432,195584
66,65,1024,196608
66,67,2048,196608
66,8,3072,196608
66,60,4096,196608
66,7,16384,196608
66,64,17408,196608
65,67,1024,197632
65,8,2048,197632
65,60,3072,197632
65,7,15360,197632
65,64,16384,197632
67,8,1024,198656
67,60,2048,198656
67,7,14336,198656
67,64,15360,198656
67,184,20480,198656
8,60,1024,199680
8,7,13312,199680
8,64,14336,199680
8,184,19456,199680
60,7,12288,200704
60,64,13312,200704
60,184,18432,200704
7,64,1024,212992
7,184,6144,212992
7,5,11264,212992
64,184,5120,214016
64,5,10240,214016
64,8,20480,214016
184,5,5120,219136
184,8,15360,219136
5,8,10240,224256
8,5,11264,234496
8,65,17408,234496
5,65,6144,245760
5,7,10240,245760
5,9,13312,245760
5,9,14336,245760
65,7,4096,251904
65,9,7168,251904
65,9,8192,251904
65,9,17408,251904
65,29,18432,251904
65,12,20480,251904
7,9,3072,256000
7,9,4096,256000
7,9,13312,256000
7,29,14336,256000
7,12,16384,256000
7,12,17408,256000
9,9,1024,259072
9,9,10240,259072
9,29,11264,259072
9,12,13312,259072
9,12,14336,259072
9,7,18432,259072
9,59,19456,259072
9,65,20480,259072
9,9,9216,260096
9,29,10240,260096
9,12,12288,260096
9,12,13312,260096
9,7,17408,260096
9,59,18432,260096
9,65,19456,260096
9,66,20480,260096
9,29,1024,269312
9,12,3072,269312
9,12,4096,269312
9,7,8192,269312
9,59,9216,269312
9,65,10240,269312
9,66,11264,269312
9,65,12288,269312
9,65,13312,269312
9,65,14336,269312
9,64,15360,269312
9,59,16384,269312
9,58,17408,269312
9,5,20480,269312
29,12,2048,270336
29,12,3072,270336
29,7,7168,270336
29,59,8192,270336
29,65,9216,270336
29,66,10240,270336
29,65,11264,270336
29,65,12288,270336
29,65,13312,270336
29,64,14336,270336
29,59,15360,270336
29,58,16384,270336
29,5,19456,270336
29,5,20480,270336
12,12,1024,272384
12,7,5120,272384
12,59,6144,272384
12,65,7168,272384
12,66,8192,272384
12,65,9216,272384
12,65,10240,272384
12,65,11264,272384
12,64,12288,272384
12,59,13312,272384
12,58,14336,272384
12,5,17408,272384
12,5,18432,272384
12,5,19456,272384
12,7,4096,273408
12,59,5120,273408
12,65,6144,273408
12,66,7168,273408
12,65,8192,273408
12,65,9216,273408
12,65,10240,273408
12,64,11264,273408
12,59,12288,273408
12,58,13312,273408
12,5,16384,273408
12,5,17408,273408
12,5,18432,273408
12,5,19456,273408
7,59,1024,277504
7,65,2048,277504
7,66,3072,277504
7,65,4096,277504
7,65,5120,277504
7,65,6144,277504
7,64,7168,277504
7,59,8192,277504
7,58,9216,277504
7,5,12288,277504
7,5,13312,277504
7,5,14336,277504
7,5,15360,277504
7,5,16384,277504
59,65,1024,278528
59,66,2048,278528
59,65,3072,278528
59,65,4096,278528
59,65,5120,278528
59,64,6144,278528
59,59,7168,278528
59,58,8192,278528
59,5,11264,278528
59,5,12288,278528
59,5,13312,278528
59,5,14336,278528
59,5,15360,278528
59,5,18432,278528
65,66,1024,279552
65,65,2048,279552
65,65,3072,279552
65,65,4096,279552
65,64,5120,279552
65,59,6144,279552
65,58,7168,279552
65,5,10240,279552
65,5,11264,279552
65,5,12288,279552
65,5,13312,279552
65,5,14336,279552
65,5,17408,279552
65,5,18432,279552
66,65,1024,280576
66,65,2048,280576
66,65,3072,280576
66,64,4096,280576
66,59,5120,280576
66,58,6144,280576
66,5,9216,280576
66,5,10240,280576
66,5,11264,280576
66,5,12288,280576
66,5,13312,280576
66,5,16384,280576
66,5,17408,280576
66,7,18432,280576
65,65,1024,281600
65,65,2048,281600
65,64,3072,281600
65,59,4096,281600
65,58,5120,281600
65,5,8192,281600
65,5,9216,281600
65,5,10240,281600
65,5,11264,281600
65,5,12288,281600
65,5,15360,281600
65,5,16384,281600
65,7,17408,281600
65,67,18432,281600
65,65,1024,282624
65,64,2048,282624
65,59,3072,282624
65,58,4096,282624
65,5,7168,282624
65,5,8192,282624
65,5,9216,282624
65,5,10240,282624
65,5,11264,282624
65,5,14336,282624
65,5,15360,282624
65,7,16384,282624
65,67,17408,282624
65,64,1024,283648
65,59,2048,283648
65,58,3072,283648
65,5,6144,283648
65,5,7168,283648
65,5,8192,283648
65,5,9216,283648
65,5,10240,283648
65,5,13312,283648
65,5,14336,283648
65,7,15360,283648
65,67,16384,283648
65,64,20480,283648
64,59,1024,284672
64,58,2048,284672
64,5,5120,284672
64,5,6144,284672
64,5,7168,284672
64,5,8192,284672
64,5,9216,284672
64,5,12288,284672
64,5,13312,284672
64,7,14336,284672
64,67,15360,284672
64,64,19456,284672
59,58,1024,285696
59,5,4096,285696
59,5,5120,285696
59,5,6144,285696
59,5,7168,285696
59,5,8192,285696
59,5,11264,285696
59,5,12288,285696
59,7,13312,285696
59,67,14336,285696
59,64,18432,285696
58,5,3072,286720
58,5,4096,286720
58,5,5120,286720
58,5,6144,286720
58,5,7168,286720
58,5,10240,286720
58,5,11264,286720
58,7,12288,286720
58,67,13312,286720
58,64,17408,286720
58,5,20480,286720
5,5,1024,289792
5,5,2048,289792
5,5,3072,289792
5,5,4096,289792
5,5,7168,289792
5,5,8192,289792
5,7,9216,289792
5,67,10240,289792
5,64,14336,289792
5,5,17408,289792
5,6,18432,289792
5,5,19456,289792
5,6,20480,289792
5,5,1024,290816
5,5,2048,290816
5,5,3072,290816
5,5,6144,290816
5,5,7168,290816
5,7,8192,290816
5,67,9216,290816
5,64,13312,290816
5,5,16384,290816
5,6,17408,290816
5,5,18432,290816
5,6,19456,290816
5,5,1024,291840
5,5,2048,291840
5,5,5120,291840
5,5,6144,291840
5,7,7168,291840
5,67,8192,291840
5,64,12288,291840
5,5,15360,291840
5,6,16384,291840
5,5,17408,291840
5,6,18432,291840
5,5,1024,292864
5,5,4096,292864
5,5,5120,292864
5,7,6144,292864
5,67,7168,292864
5,64,11264,292864
5,5,14336,292864
5,6,15360,292864
5,5,16384,292864
5,6,17408,292864
5,158,20480,292864
5,5,3072,293888
5,5,4096,293888
5,7,5120,293888
5,67,6144,293888
5,64,10240,293888
5,5,13312,293888
5,6,14336,293888
5,5,15360,293888
5,6,16384,293888
5,158,19456,293888
5,5,1024,296960
5,7,2048,296960
5,67,3072,296960
5,64,7168,296960
5,5,10240,296960
5,6,11264,296960
5,5,12288,296960
5,6,13312,296960
5,158,16384,296960
5,5,18432,296960
5,5,19456,296960
5,7,1024,297984
5,67,2048,297984
5,64,6144,297984
5,5,9216,297984
5,6,10240,297984
5,5,11264,297984
5,6,12288,297984
5,158,15360,297984
5,5,17408,297984
5,5,18432,297984
5,5,20480,297984
7,67,1024,299008
7,64,5120,299008
7,5,8192,299008
7,6,9216,299008
7,5,10240,299008
7,6,11264,299008
7,158,14336,299008
7,5,16384,299008
7,5,17408,299008
7,5,19456,299008
7,5,20480,299008
67,64,4096,300032
67,5,7168,300032
67,6,8192,300032
67,5,9216,300032
67,6,10240,300032
67,158,13312,300032
67,5,15360,300032
67,5,16384,300032
67,5,18432,300032
67,5,19456,300032
64,5,3072,304128
64,6,4096,304128
64,5,5120,304128
64,6,6144,304128
64,158,9216,304128
64,5,11264,304128
64,5,12288,304128
64,5,14336,304128
64,5,15360,304128
5,6,1024,307200
5,5,2048,307200
5,6,3072,307200
5,158,6144,307200
5,5,8192,307200
5,5,9216,307200
5,5,11264,307200
5,5,12288,307200
6,5,1024,308224
6,6,2048,308224
6,158,5120,308224
6,5,7168,308224
6,5,8192,308224
6,5,10240,308224
6,5,11264,308224
5,6,1024,309248
5,158,4096,309248
5,5,6144,309248
5,5,7168,309248
5,5,9216,309248
5,5,10240,309248
6,158,3072,310272
6,5,5120,310272
6,5,6144,310272
6,5,8192,310272
6,5,9216,310272
158,5,2048,313344
158,5,3072,313344
158,5,5120,313344
158,5,6144,313344
5,5,1024,315392
5,5,3072,315392
5,5,4096,315392
5,5,2048,316416
5,5,3072,316416
5,5,1024,318464
