12,23,10240,1024
12,24,11264,1024
12,12,15360,1024
12,20,16384,1024
12,15,18432,1024
23,24,1024,11264
23,12,5120,11264
23,20,6144,11264
23,15,8192,11264
24,12,4096,12288
24,20,5120,12288
24,15,7168,12288
12,20,1024,16384
12,15,3072,16384
12,12,19456,16384
12,22,20480,16384
20,15,2048,17408
20,12,18432,17408
20,22,19456,17408
15,12,16384,19456
15,22,17408,19456
15,23,19456,19456
12,22,1024,35840
12,23,3072,35840
12,24,9216,35840
12,24,16384,35840
12,31,20480,35840
22,23,2048,36864
22,24,8192,36864
22,24,15360,36864
22,31,19456,36864
23,24,6144,38912
23,24,13312,38912
23,31,17408,38912
24,24,7168,45056
24,31,11264,45056
24,31,20480,45056
24,31,4096,52224
24,31,13312,52224
24,22,18432,52224
24,24,19456,52224
31,31,9216,56320
31,22,14336,56320
31,24,15360,56320
31,24,17408,56320
31,24,18432,56320
31,24,19456,56320
31,22,5120,65536
31,24,6144,65536
31,24,8192,65536
31,24,9216,65536
31,24,10240,65536
22,24,1024,70656
22,24,3072,70656
22,24,4096,70656
22,24,5120,70656
22,28,17408,70656
24,24,2048,71680
24,24,3072,71680
24,24,4096,71680
24,28,16384,71680
24,24,1024,73728
24,24,2048,73728
24,28,14336,73728
24,31,20480,73728
24,24,1024,74752
24,28,13312,74752
24,31,19456,74752
24,31,20480,74752
24,28,12288,75776
24,31,18432,75776
24,31,19456,75776
28,31,6144,88064
28,31,7168,88064
28,31,12288,88064
28,31,13312,88064
28,31,14336,88064
28,30,17408,88064
28,23,18432,88064
31,31,1024,94208
31,31,6144,94208
31,31,7168,94208
31,31,8192,94208
31,30,11264,94208
31,23,12288,94208
31,24,15360,94208
31,34,18432,94208
31,31,5120,95232
31,31,6144,95232
31,31,7168,95232
31,30,10240,95232
31,23,11264,95232
31,24,14336,95232
31,34,17408,95232
31,31,1024,100352
31,31,2048,100352
31,30,5120,100352
31,23,6144,100352
31,24,9216,100352
31,34,12288,100352
31,23,18432,100352
31,31,1024,101376
31,30,4096,101376
31,23,5120,101376
31,24,8192,101376
31,34,11264,101376
31,23,17408,101376
31,30,3072,102400
31,23,4096,102400
31,24,7168,102400
31,34,10240,102400
31,23,16384,102400
30,23,1024,105472
30,24,4096,105472
30,34,7168,105472
30,23,13312,105472
23,24,3072,106496
23,34,6144,106496
23,23,12288,106496
24,34,3072,109568
24,23,9216,109568
34,23,6144,112640
23,23,1024,153600
23,22,3072,153600
23,23,4096,153600
23,17,6144,153600
23,22,2048,154624
23,23,3072,154624
23,17,5120,154624
22,23,1024,156672
22,17,3072,156672
23,17,2048,157696
