14,67,4096,0
14,14,6144,0
14,14,8192,0
14,67,16384,0
14,14,17408,0
14,14,19456,0
14,60,20480,0
67,14,2048,4096
67,14,4096,4096
67,67,12288,4096
67,14,13312,4096
67,14,15360,4096
67,60,16384,4096
67,55,17408,4096
67,133,18432,4096
14,14,2048,6144
14,67,10240,6144
14,14,11264,6144
14,14,13312,6144
14,60,14336,6144
14,55,15360,6144
14,133,16384,6144
14,67,8192,8192
14,14,9216,8192
14,14,11264,8192
14,60,12288,8192
14,55,13312,8192
14,133,14336,8192
14,55,19456,8192
14,112,20480,8192
67,14,1024,16384
67,14,3072,16384
67,60,4096,16384
67,55,5120,16384
67,133,6144,16384
67,55,11264,16384
67,112,12288,16384
67,108,13312,16384
67,107,14336,16384
14,14,2048,17408
14,60,3072,17408
14,55,4096,17408
14,133,5120,17408
14,55,10240,17408
14,112,11264,17408
14,108,12288,17408
14,107,13312,17408
14,60,1024,19456
14,55,2048,19456
14,133,3072,19456
14,55,8192,19456
14,112,9216,19456
14,108,10240,19456
14,107,11264,19456
14,64,19456,19456
60,55,1024,20480
60,133,2048,20480
60,55,7168,20480
60,112,8192,20480
60,108,9216,20480
60,107,10240,20480
60,64,18432,20480
60,14,20480,20480
55,133,1024,21504
55,55,6144,21504
55,112,7168,21504
55,108,8192,21504
55,107,9216,21504
55,64,17408,21504
55,14,19456,21504
133,55,5120,22528
133,112,6144,22528
133,108,7168,22528
133,107,8192,22528
133,64,16384,22528
133,14,18432,22528
55,112,1024,27648
55,108,2048,27648
55,107,3072,27648
55,64,11264,27648
55,14,13312,27648
55,111,16384,27648
55,14,18432,27648
55,113,20480,27648
112,108,1024,28672
112,107,2048,28672
112,64,10240,28672
112,14,12288,28672
112,111,15360,28672
112,14,17408,28672
112,113,19456,28672
108,107,1024,29696
108,64,9216,29696
108,14,11264,29696
108,111,14336,29696
108,14,16384,29696
108,113,18432,29696
107,64,8192,30720
107,14,10240,30720
107,111,13312,30720
107,14,15360,30720
107,113,17408,30720
64,14,2048,38912
64,111,5120,38912
64,14,7168,38912
64,113,9216,38912
64,110,14336,38912
64,106,15360,38912
64,106,16384,38912
14,111,3072,40960
14,14,5120,40960
14,113,7168,40960
14,110,12288,40960
14,106,13312,40960
14,106,14336,40960
111,14,2048,44032
111,113,4096,44032
111,110,9216,44032
111,106,10240,44032
111,106,11264,44032
111,65,18432,44032
111,12,19456,44032
14,113,2048,46080
14,110,7168,46080
14,106,8192,46080
14,106,9216,46080
14,65,16384,46080
14,12,17408,46080
14,112,20480,46080
113,110,5120,48128
113,106,6144,48128
113,106,7168,48128
113,65,14336,48128
113,12,15360,48128
113,112,18432,48128
113,112,19456,48128
113,109,20480,48128
110,106,1024,53248
110,106,2048,53248
110,65,9216,53248
110,12,10240,53248
110,112,13312,53248
110,112,14336,53248
110,109,15360,53248
110,22,17408,53248
110,22,18432,53248
106,106,1024,54272
106,65,8192,54272
106,12,9216,54272
106,112,12288,54272
106,112,13312,54272
106,109,14336,54272
106,22,16384,54272
106,22,17408,54272
106,65,7168,55296
106,12,8192,55296
106,112,11264,55296
106,112,12288,55296
106,109,13312,55296
106,22,15360,55296
106,22,16384,55296
65,12,1024,62464
65,112,4096,62464
65,112,5120,62464
65,109,6144,62464
65,22,8192,62464
65,22,9216,62464
65,14,18432,62464
12,112,3072,63488
12,112,4096,63488
12,109,5120,63488
12,22,7168,63488
12,22,8192,63488
12,14,17408,63488
12,13,20480,63488
112,112,1024,66560
112,109,2048,66560
112,22,4096,66560
112,22,5120,66560
112,14,14336,66560
112,13,17408,66560
112,14,19456,66560
112,109,1024,67584
112,22,3072,67584
112,22,4096,67584
112,14,13312,67584
112,13,16384,67584
112,14,18432,67584
109,22,2048,68608
109,22,3072,68608
109,14,12288,68608
109,13,15360,68608
109,14,17408,68608
109,14,20480,68608
22,22,1024,70656
22,14,10240,70656
22,13,13312,70656
22,14,15360,70656
22,14,18432,70656
22,14,19456,70656
22,14,9216,71680
22,13,12288,71680
22,14,14336,71680
22,14,17408,71680
22,14,18432,71680
22,14,20480,71680
14,13,3072,80896
14,14,5120,80896
14,14,8192,80896
14,14,9216,80896
14,14,11264,80896
14,27,13312,80896
14,14,14336,80896
14,14,16384,80896
13,14,2048,83968
13,14,5120,83968
13,14,6144,83968
13,14,8192,83968
13,27,10240,83968
13,14,11264,83968
13,14,13312,83968
13,14,18432,83968
14,14,3072,86016
14,14,4096,86016
14,14,6144,86016
14,27,8192,86016
14,14,9216,86016
14,14,11264,86016
14,14,16384,86016
14,14,19456,86016
14,14,20480,86016
14,14,1024,89088
14,14,3072,89088
14,27,5120,89088
14,14,6144,89088
14,14,8192,89088
14,14,13312,89088
14,14,16384,89088
14,14,17408,89088
14,14,19456,89088
14,13,20480,89088
14,14,2048,90112
14,27,4096,90112
14,14,5120,90112
14,14,7168,90112
14,14,12288,90112
14,14,15360,90112
14,14,16384,90112
14,14,18432,90112
14,13,19456,90112
14,27,2048,92160
14,14,3072,92160
14,14,5120,92160
14,14,10240,92160
14,14,13312,92160
14,14,14336,92160
14,14,16384,92160
14,13,17408,92160
27,14,1024,94208
27,14,3072,94208
27,14,8192,94208
27,14,11264,94208
27,14,12288,94208
27,14,14336,94208
27,13,15360,94208
27,14,20480,94208
14,14,2048,95232
14,14,7168,95232
14,14,10240,95232
14,14,11264,95232
14,14,13312,95232
14,13,14336,95232
14,14,19456,95232
14,14,5120,97280
14,14,8192,97280
14,14,9216,97280
14,14,11264,97280
14,13,12288,97280
14,14,17408,97280
14,14,3072,102400
14,14,4096,102400
14,14,6144,102400
14,13,7168,102400
14,14,12288,102400
14,154,20480,102400
14,14,1024,105472
14,14,3072,105472
14,13,4096,105472
14,14,9216,105472
14,154,17408,105472
14,14,2048,106496
14,13,3072,106496
14,14,8192,106496
14,154,16384,106496
14,13,1024,108544
14,14,6144,108544
14,154,14336,108544
14,14,19456,108544
13,14,5120,109568
13,154,13312,109568
13,14,18432,109568
13,68,20480,109568
14,154,8192,114688
14,14,13312,114688
14,68,15360,114688
14,67,16384,114688
14,14,17408,114688
154,14,5120,122880
154,68,7168,122880
154,67,8192,122880
154,14,9216,122880
154,27,13312,122880
154,27,17408,122880
154,14,20480,122880
14,68,2048,128000
14,67,3072,128000
14,14,4096,128000
14,27,8192,128000
14,27,12288,128000
14,14,15360,128000
14,135,16384,128000
14,49,17408,128000
14,14,18432,128000
14,13,19456,128000
68,67,1024,130048
68,14,2048,130048
68,27,6144,130048
68,27,10240,130048
68,14,13312,130048
68,135,14336,130048
68,49,15360,130048
68,14,16384,130048
68,13,17408,130048
68,13,19456,130048
68,111,20480,130048
67,14,1024,131072
67,27,5120,131072
67,27,9216,131072
67,14,12288,131072
67,135,13312,131072
67,49,14336,131072
67,14,15360,131072
67,13,16384,131072
67,13,18432,131072
67,111,19456,131072
67,19,20480,131072
14,27,4096,132096
14,27,8192,132096
14,14,11264,132096
14,135,12288,132096
14,49,13312,132096
14,14,14336,132096
14,13,15360,132096
14,13,17408,132096
14,111,18432,132096
14,19,19456,132096
27,27,4096,136192
27,14,7168,136192
27,135,8192,136192
27,49,9216,136192
27,14,10240,136192
27,13,11264,136192
27,13,13312,136192
27,111,14336,136192
27,19,15360,136192
27,14,3072,140288
27,135,4096,140288
27,49,5120,140288
27,14,6144,140288
27,13,7168,140288
27,13,9216,140288
27,111,10240,140288
27,19,11264,140288
27,16,18432,140288
14,135,1024,143360
14,49,2048,143360
14,14,3072,143360
14,13,4096,143360
14,13,6144,143360
14,111,7168,143360
14,19,8192,143360
14,16,15360,143360
14,12,18432,143360
135,49,1024,144384
135,14,2048,144384
135,13,3072,144384
135,13,5120,144384
135,111,6144,144384
135,19,7168,144384
135,16,14336,144384
135,12,17408,144384
49,14,1024,145408
49,13,2048,145408
49,13,4096,145408
49,111,5120,145408
49,19,6144,145408
49,16,13312,145408
49,12,16384,145408
14,13,1024,146432
14,13,3072,146432
14,111,4096,146432
14,19,5120,146432
14,16,12288,146432
14,12,15360,146432
13,13,2048,147456
13,111,3072,147456
13,19,4096,147456
13,16,11264,147456
13,12,14336,147456
13,111,1024,149504
13,19,2048,149504
13,16,9216,149504
13,12,12288,149504
111,19,1024,150528
111,16,8192,150528
111,12,11264,150528
19,16,7168,151552
19,12,10240,151552
16,12,3072,158720
