19,10,1024,0
19,10,2048,0
19,29,12288,0
19,6,13312,0
10,10,1024,1024
10,29,11264,1024
10,6,12288,1024
10,29,10240,2048
10,6,11264,2048
10,5,20480,2048
29,6,1024,12288
29,5,10240,12288
29,6,17408,12288
29,26,19456,12288
6,5,9216,13312
6,6,16384,13312
6,26,18432,13312
5,6,7168,22528
5,26,9216,22528
5,5,19456,22528
6,26,2048,29696
6,5,12288,29696
6,5,19456,29696
26,5,10240,31744
26,5,17408,31744
5,5,7168,41984
5,5,14336,49152
5,10,18432,49152
5,10,4096,63488
5,5,7168,63488
5,10,10240,63488
10,5,3072,67584
10,10,6144,67584
5,10,3072,70656
5,6,19456,70656
10,6,16384,73728
10,10,20480,73728
6,10,4096,90112
6,6,9216,90112
6,26,15360,90112
6,6,16384,90112
6,6,19456,90112
10,6,5120,94208
10,26,11264,94208
10,6,12288,94208
10,6,15360,94208
6,26,6144,99328
6,6,7168,99328
6,6,10240,99328
6,26,16384,99328
6,5,19456,99328
26,6,1024,105472
26,6,4096,105472
26,26,10240,105472
26,5,13312,105472
6,6,3072,106496
6,26,9216,106496
6,5,12288,106496
6,26,6144,109568
6,5,9216,109568
6,5,18432,109568
26,5,3072,115712
26,5,12288,115712
26,14,18432,115712
26,4,19456,115712
5,5,9216,118784
5,14,15360,118784
5,4,16384,118784
5,14,6144,128000
5,4,7168,128000
5,5,16384,128000
5,19,17408,128000
5,5,18432,128000
14,4,1024,134144
14,5,10240,134144
14,19,11264,134144
14,5,12288,134144
4,5,9216,135168
4,19,10240,135168
4,5,11264,135168
5,19,1024,144384
5,5,2048,144384
5,6,12288,144384
5,19,15360,144384
5,4,19456,144384
19,5,1024,145408
19,6,11264,145408
19,19,14336,145408
19,4,18432,145408
19,5,20480,145408
5,6,10240,146432
5,19,13312,146432
5,4,17408,146432
5,5,19456,146432
6,19,3072,156672
6,4,7168,156672
6,5,9216,156672
6,10,15360,156672
19,4,4096,159744
19,5,6144,159744
19,10,12288,159744
19,26,18432,159744
4,5,2048,163840
4,10,8192,163840
4,26,14336,163840
5,10,6144,165888
5,26,12288,165888
5,6,19456,165888
10,26,6144,172032
10,6,13312,172032
26,6,7168,178176
6,79,17408,185344
6,6,19456,185344
79,6,2048,202752
79,5,4096,202752
79,22,7168,202752
79,29,15360,202752
6,5,2048,204800
6,22,5120,204800
6,29,13312,204800
6,15,20480,204800
5,22,3072,206848
5,29,11264,206848
5,15,18432,206848
5,7,19456,206848
5,7,20480,206848
22,29,8192,209920
22,15,15360,209920
22,7,16384,209920
22,7,17408,209920
29,15,7168,218112
29,7,8192,218112
29,7,9216,218112
29,14,14336,218112
29,6,15360,218112
29,7,16384,218112
29,7,18432,218112
29,7,19456,218112
29,6,20480,218112
15,7,1024,225280
15,7,2048,225280
15,14,7168,225280
15,6,8192,225280
15,7,9216,225280
15,7,11264,225280
15,7,12288,225280
15,6,13312,225280
15,7,14336,225280
15,7,19456,225280
7,7,1024,226304
7,14,6144,226304
7,6,7168,226304
7,7,8192,226304
7,7,10240,226304
7,7,11264,226304
7,6,12288,226304
7,7,13312,226304
7,7,18432,226304
7,14,5120,227328
7,6,6144,227328
7,7,7168,227328
7,7,9216,227328
7,7,10240,227328
7,6,11264,227328
7,7,12288,227328
7,7,17408,227328
7,6,20480,227328
14,6,1024,232448
14,7,2048,232448
14,7,4096,232448
14,7,5120,232448
14,6,6144,232448
14,7,7168,232448
14,7,12288,232448
14,6,15360,232448
14,22,19456,232448
14,5,20480,232448
6,7,1024,233472
6,7,3072,233472
6,7,4096,233472
6,6,5120,233472
6,7,6144,233472
6,7,11264,233472
6,6,14336,233472
6,22,18432,233472
6,5,19456,233472
7,7,2048,234496
7,7,3072,234496
7,6,4096,234496
7,7,5120,234496
7,7,10240,234496
7,6,13312,234496
7,22,17408,234496
7,5,18432,234496
7,7,1024,236544
7,6,2048,236544
7,7,3072,236544
7,7,8192,236544
7,6,11264,236544
7,22,15360,236544
7,5,16384,236544
7,14,20480,236544
7,6,1024,237568
7,7,2048,237568
7,7,7168,237568
7,6,10240,237568
7,22,14336,237568
7,5,15360,237568
7,14,19456,237568
6,7,1024,238592
6,7,6144,238592
6,6,9216,238592
6,22,13312,238592
6,5,14336,238592
6,14,18432,238592
7,7,5120,239616
7,6,8192,239616
7,22,12288,239616
7,5,13312,239616
7,14,17408,239616
7,6,3072,244736
7,22,7168,244736
7,5,8192,244736
7,14,12288,244736
7,14,16384,244736
7,7,20480,244736
6,22,4096,247808
6,5,5120,247808
6,14,9216,247808
6,14,13312,247808
6,7,17408,247808
6,6,19456,247808
6,14,20480,247808
22,5,1024,251904
22,14,5120,251904
22,14,9216,251904
22,7,13312,251904
22,6,15360,251904
22,14,16384,251904
22,14,17408,251904
22,6,20480,251904
5,14,4096,252928
5,14,8192,252928
5,7,12288,252928
5,6,14336,252928
5,14,15360,252928
5,14,16384,252928
5,6,19456,252928
14,14,4096,257024
14,7,8192,257024
14,6,10240,257024
14,14,11264,257024
14,14,12288,257024
14,6,15360,257024
14,14,18432,257024
14,15,19456,257024
14,7,4096,261120
14,6,6144,261120
14,14,7168,261120
14,14,8192,261120
14,6,11264,261120
14,14,14336,261120
14,15,15360,261120
14,14,17408,261120
14,7,19456,261120
14,6,20480,261120
7,6,2048,265216
7,14,3072,265216
7,14,4096,265216
7,6,7168,265216
7,14,10240,265216
7,15,11264,265216
7,14,13312,265216
7,7,15360,265216
7,6,16384,265216
7,14,17408,265216
7,14,18432,265216
6,14,1024,267264
6,14,2048,267264
6,6,5120,267264
6,14,8192,267264
6,15,9216,267264
6,14,11264,267264
6,7,13312,267264
6,6,14336,267264
6,14,15360,267264
6,14,16384,267264
14,14,1024,268288
14,6,4096,268288
14,14,7168,268288
14,15,8192,268288
14,14,10240,268288
14,7,12288,268288
14,6,13312,268288
14,14,14336,268288
14,14,15360,268288
14,6,3072,269312
14,14,6144,269312
14,15,7168,269312
14,14,9216,269312
14,7,11264,269312
14,6,12288,269312
14,14,13312,269312
14,14,14336,269312
14,22,20480,269312
6,14,3072,272384
6,15,4096,272384
6,14,6144,272384
6,7,8192,272384
6,6,9216,272384
6,14,10240,272384
6,14,11264,272384
6,22,17408,272384
6,22,18432,272384
14,15,1024,275456
14,14,3072,275456
14,7,5120,275456
14,6,6144,275456
14,14,7168,275456
14,14,8192,275456
14,22,14336,275456
14,22,15360,275456
15,14,2048,276480
15,7,4096,276480
15,6,5120,276480
15,14,6144,276480
15,14,7168,276480
15,22,13312,276480
15,22,14336,276480
14,7,2048,278528
14,6,3072,278528
14,14,4096,278528
14,14,5120,278528
14,22,11264,278528
14,22,12288,278528
7,6,1024,280576
7,14,2048,280576
7,14,3072,280576
7,22,9216,280576
7,22,10240,280576
7,7,19456,280576
7,6,20480,280576
6,14,1024,281600
6,14,2048,281600
6,22,8192,281600
6,22,9216,281600
6,7,18432,281600
6,6,19456,281600
14,14,1024,282624
14,22,7168,282624
14,22,8192,282624
14,7,17408,282624
14,6,18432,282624
14,22,6144,283648
14,22,7168,283648
14,7,16384,283648
14,6,17408,283648
22,22,1024,289792
22,7,10240,289792
22,6,11264,289792
22,22,19456,289792
22,7,20480,289792
22,7,9216,290816
22,6,10240,290816
22,22,18432,290816
22,7,19456,290816
22,22,20480,290816
7,6,1024,300032
7,22,9216,300032
7,7,10240,300032
7,22,11264,300032
7,22,12288,300032
7,22,14336,300032
7,5,15360,300032
6,22,8192,301056
6,7,9216,301056
6,22,10240,301056
6,22,11264,301056
6,22,13312,301056
6,5,14336,301056
22,7,1024,309248
22,22,2048,309248
22,22,3072,309248
22,22,5120,309248
22,5,6144,309248
22,7,14336,309248
7,22,1024,310272
7,22,2048,310272
7,22,4096,310272
7,5,5120,310272
7,7,13312,310272
22,22,1024,311296
22,22,3072,311296
22,5,4096,311296
22,7,12288,311296
22,22,2048,312320
22,5,3072,312320
22,7,11264,312320
22,5,1024,314368
22,7,9216,314368
5,7,8192,315392
