6,5,2048,20480
6,6,13312,20480
6,6,17408,20480
5,6,11264,22528
5,6,15360,22528
6,6,4096,33792
6,5,11264,33792
6,6,20480,33792
6,5,7168,37888
6,6,16384,37888
5,6,9216,45056
5,5,18432,45056
6,5,9216,54272
5,6,16384,63488
5,6,17408,63488
5,5,19456,63488
6,6,1024,79872
6,5,3072,79872
6,6,18432,79872
6,5,19456,79872
6,5,2048,80896
6,6,17408,80896
6,5,18432,80896
6,5,20480,80896
5,6,15360,82944
5,5,16384,82944
5,5,18432,82944
5,5,19456,82944
5,5,20480,82944
6,5,1024,98304
6,5,3072,98304
6,5,4096,98304
6,5,5120,98304
6,6,12288,98304
6,5,20480,98304
5,5,2048,99328
5,5,3072,99328
5,5,4096,99328
5,6,11264,99328
5,5,19456,99328
5,5,1024,101376
5,5,2048,101376
5,6,9216,101376
5,5,17408,101376
5,5,1024,102400
5,6,8192,102400
5,5,16384,102400
5,6,7168,103424
5,5,15360,103424
6,5,8192,110592
5,6,14336,118784
5,6,16384,118784
6,6,2048,133120
6,7,12288,133120
6,6,16384,133120
6,7,10240,135168
6,6,14336,135168
7,6,4096,145408
7,5,11264,145408
7,6,17408,145408
6,5,7168,149504
6,6,13312,149504
5,6,6144,156672
5,6,14336,156672
5,5,18432,156672
6,6,8192,162816
6,5,12288,162816
6,5,4096,171008
6,6,15360,171008
6,6,19456,171008
5,6,11264,175104
5,6,15360,175104
6,6,4096,186368
6,5,3072,228352
6,9,12288,228352
6,9,14336,228352
5,9,9216,231424
5,9,11264,231424
5,5,18432,231424
5,5,19456,231424
5,5,20480,231424
9,9,2048,240640
9,5,9216,240640
9,5,10240,240640
9,5,11264,240640
9,5,12288,240640
9,5,7168,242688
9,5,8192,242688
9,5,9216,242688
9,5,10240,242688
5,5,1024,249856
5,5,2048,249856
5,5,3072,249856
5,5,19456,249856
5,5,1024,250880
5,5,2048,250880
5,5,18432,250880
5,5,20480,250880
5,5,1024,251904
5,5,17408,251904
5,5,19456,251904
5,5,16384,252928
5,5,18432,252928
5,5,2048,269312
5,6,14336,269312
5,6,16384,269312
5,5,17408,269312
5,6,18432,269312
5,5,19456,269312
5,6,12288,271360
5,6,14336,271360
5,5,15360,271360
5,6,16384,271360
5,5,17408,271360
5,5,19456,271360
6,6,2048,283648
6,5,3072,283648
6,6,4096,283648
6,5,5120,283648
6,5,7168,283648
6,9,18432,283648
6,5,1024,285696
6,6,2048,285696
6,5,3072,285696
6,5,5120,285696
6,9,16384,285696
5,6,1024,286720
5,5,2048,286720
5,5,4096,286720
5,9,15360,286720
6,5,1024,287744
6,5,3072,287744
6,9,14336,287744
6,5,20480,287744
5,5,2048,288768
5,9,13312,288768
5,5,19456,288768
5,9,11264,290816
5,5,17408,290816
9,5,6144,302080
5,6,15360,308224
5,5,16384,308224
5,5,18432,308224
5,5,19456,308224
6,5,1024,323584
6,5,3072,323584
6,5,4096,323584
5,5,2048,324608
5,5,3072,324608
5,5,1024,326656
