11,11,1024,29696
11,11,2048,29696
11,11,3072,29696
11,14,8192,29696
11,14,19456,29696
11,14,20480,29696
11,11,1024,30720
11,11,2048,30720
11,14,7168,30720
11,14,18432,30720
11,14,19456,30720
11,15,20480,30720
11,11,1024,31744
11,14,6144,31744
11,14,17408,31744
11,14,18432,31744
11,15,19456,31744
11,14,20480,31744
11,14,5120,32768
11,14,16384,32768
11,14,17408,32768
11,15,18432,32768
11,14,19456,32768
14,14,11264,37888
14,14,12288,37888
14,15,13312,37888
14,14,14336,37888
14,14,16384,37888
14,14,1024,49152
14,15,2048,49152
14,14,3072,49152
14,14,5120,49152
14,15,1024,50176
14,14,2048,50176
14,14,4096,50176
15,14,1024,51200
15,14,3072,51200
14,14,2048,52224
14,9,20480,54272
9,15,9216,74752
9,14,10240,74752
9,9,18432,74752
15,14,1024,83968
15,9,9216,83968
15,14,12288,83968
14,9,8192,84992
14,14,11264,84992
14,11,20480,84992
9,14,3072,93184
9,11,12288,93184
9,13,14336,93184
9,13,15360,93184
14,11,9216,96256
14,13,11264,96256
14,13,12288,96256
11,13,2048,105472
11,13,3072,105472
11,15,12288,105472
13,13,1024,107520
13,15,10240,107520
13,15,9216,108544
15,13,12288,117760
15,14,20480,117760
13,14,8192,130048
13,5,13312,130048
14,5,5120,138240
5,11,20480,143360
11,14,10240,163840
11,14,11264,163840
11,14,13312,163840
11,14,14336,163840
11,14,15360,163840
11,14,16384,163840
11,14,18432,163840
14,14,1024,174080
14,14,3072,174080
14,14,4096,174080
14,14,5120,174080
14,14,6144,174080
14,14,8192,174080
14,14,19456,174080
14,14,2048,175104
14,14,3072,175104
14,14,4096,175104
14,14,5120,175104
14,14,7168,175104
14,14,18432,175104
14,14,1024,177152
14,14,2048,177152
14,14,3072,177152
14,14,5120,177152
14,14,16384,177152
14,14,1024,178176
14,14,2048,178176
14,14,4096,178176
14,14,15360,178176
14,13,20480,178176
14,14,1024,179200
14,14,3072,179200
14,14,14336,179200
14,13,19456,179200
14,12,20480,179200
14,14,2048,180224
14,14,13312,180224
14,13,18432,180224
14,12,19456,180224
14,11,20480,180224
14,14,11264,182272
14,13,16384,182272
14,12,17408,182272
14,11,18432,182272
14,11,19456,182272
14,13,5120,193536
14,12,6144,193536
14,11,7168,193536
14,11,8192,193536
14,14,14336,193536
14,15,15360,193536
13,12,1024,198656
13,11,2048,198656
13,11,3072,198656
13,14,9216,198656
13,15,10240,198656
13,14,19456,198656
12,11,1024,199680
12,11,2048,199680
12,14,8192,199680
12,15,9216,199680
12,14,18432,199680
11,11,1024,200704
11,14,7168,200704
11,15,8192,200704
11,14,17408,200704
11,14,6144,201728
11,15,7168,201728
11,14,16384,201728
14,15,1024,207872
14,14,10240,207872
14,15,20480,207872
15,14,9216,208896
15,15,19456,208896
15,15,20480,208896
14,15,10240,218112
14,15,11264,218112
14,15,16384,218112
14,14,17408,218112
15,15,1024,228352
15,15,6144,228352
15,14,7168,228352
15,13,12288,228352
15,11,13312,228352
15,14,16384,228352
15,14,18432,228352
15,15,5120,229376
15,14,6144,229376
15,13,11264,229376
15,11,12288,229376
15,14,15360,229376
15,14,17408,229376
15,14,1024,234496
15,13,6144,234496
15,11,7168,234496
15,14,10240,234496
15,14,12288,234496
14,13,5120,235520
14,11,6144,235520
14,14,9216,235520
14,14,11264,235520
13,11,1024,240640
13,14,4096,240640
13,14,6144,240640
13,13,19456,240640
13,13,20480,240640
11,14,3072,241664
11,14,5120,241664
11,13,18432,241664
11,13,19456,241664
11,13,20480,241664
14,14,2048,244736
14,13,15360,244736
14,13,16384,244736
14,13,17408,244736
14,13,13312,246784
14,13,14336,246784
14,13,15360,246784
13,13,1024,260096
13,13,2048,260096
13,14,20480,260096
13,13,1024,261120
13,14,19456,261120
13,14,20480,261120
13,14,18432,262144
13,14,19456,262144
13,5,20480,262144
14,14,1024,280576
14,5,2048,280576
14,19,4096,280576
14,8,13312,280576
14,13,14336,280576
14,59,16384,280576
14,58,17408,280576
14,5,1024,281600
14,19,3072,281600
14,8,12288,281600
14,13,13312,281600
14,59,15360,281600
14,58,16384,281600
14,14,20480,281600
5,19,2048,282624
5,8,11264,282624
5,13,12288,282624
5,59,14336,282624
5,58,15360,282624
5,14,19456,282624
19,8,9216,284672
19,13,10240,284672
19,59,12288,284672
19,58,13312,284672
19,14,17408,284672
8,13,1024,293888
8,59,3072,293888
8,58,4096,293888
8,14,8192,293888
8,5,20480,293888
13,59,2048,294912
13,58,3072,294912
13,14,7168,294912
13,5,19456,294912
59,58,1024,296960
59,14,5120,296960
59,5,17408,296960
58,14,4096,297984
58,5,16384,297984
58,14,20480,297984
14,5,12288,302080
14,14,16384,302080
14,53,17408,302080
14,14,18432,302080
5,14,4096,314368
5,53,5120,314368
5,14,6144,314368
5,5,11264,314368
14,53,1024,318464
14,14,2048,318464
14,5,7168,318464
53,14,1024,319488
53,5,6144,319488
14,5,5120,320512
