119,31,1024,7168
119,61,2048,7168
119,92,2048,7168
119,89,3072,7168
119,22,7168,7168
119,51,9216,7168
119,20,12288,7168
31,61,1024,8192
31,92,1024,8192
31,89,2048,8192
31,22,6144,8192
31,51,8192,8192
31,20,11264,8192
61,92,0,9216
61,89,1024,9216
61,22,5120,9216
61,51,7168,9216
61,20,10240,9216
92,89,1024,9216
92,22,5120,9216
92,51,7168,9216
92,20,10240,9216
89,22,4096,10240
89,51,6144,10240
89,20,9216,10240
22,51,2048,14336
22,20,5120,14336
51,20,3072,16384
51,39,20480,16384
20,39,17408,19456
20,45,19456,19456
20,45,20480,19456
39,45,2048,36864
39,45,3072,36864
39,185,7168,36864
39,222,8192,36864
39,113,13312,36864
39,45,15360,36864
45,45,1024,38912
45,185,5120,38912
45,222,6144,38912
45,113,11264,38912
45,45,13312,38912
45,185,4096,39936
45,222,5120,39936
45,113,10240,39936
45,45,12288,39936
45,136,20480,39936
45,272,20480,39936
185,222,1024,44032
185,113,6144,44032
185,45,8192,44032
185,136,16384,44032
185,272,16384,44032
185,30,18432,44032
222,113,5120,45056
222,45,7168,45056
222,136,15360,45056
222,272,15360,45056
222,30,17408,45056
222,30,20480,45056
113,45,2048,50176
113,136,10240,50176
113,272,10240,50176
113,30,12288,50176
113,30,15360,50176
113,31,16384,50176
113,30,17408,50176
113,31,18432,50176
113,28,19456,50176
45,136,8192,52224
45,272,8192,52224
45,30,10240,52224
45,30,13312,52224
45,31,14336,52224
45,30,15360,52224
45,31,16384,52224
45,28,17408,52224
136,272,0,60416
136,30,2048,60416
136,30,5120,60416
136,31,6144,60416
136,30,7168,60416
136,31,8192,60416
136,28,9216,60416
136,30,15360,60416
136,60,15360,60416
136,90,15360,60416
136,30,16384,60416
136,89,16384,60416
272,30,2048,60416
272,30,5120,60416
272,31,6144,60416
272,30,7168,60416
272,31,8192,60416
272,28,9216,60416
272,30,15360,60416
272,60,15360,60416
272,90,15360,60416
272,30,16384,60416
272,89,16384,60416
30,30,3072,62464
30,31,4096,62464
30,30,5120,62464
30,31,6144,62464
30,28,7168,62464
30,30,13312,62464
30,60,13312,62464
30,90,13312,62464
30,30,14336,62464
30,89,14336,62464
30,177,20480,62464
30,31,1024,65536
30,30,2048,65536
30,31,3072,65536
30,28,4096,65536
30,30,10240,65536
30,60,10240,65536
30,90,10240,65536
30,30,11264,65536
30,89,11264,65536
30,177,17408,65536
30,50,20480,65536
31,30,1024,66560
31,31,2048,66560
31,28,3072,66560
31,30,9216,66560
31,60,9216,66560
31,90,9216,66560
31,30,10240,66560
31,89,10240,66560
31,177,16384,66560
31,50,19456,66560
31,46,20480,66560
30,31,1024,67584
30,28,2048,67584
30,30,8192,67584
30,60,8192,67584
30,90,8192,67584
30,30,9216,67584
30,89,9216,67584
30,177,15360,67584
30,50,18432,67584
30,46,19456,67584
31,28,1024,68608
31,30,7168,68608
31,60,7168,68608
31,90,7168,68608
31,30,8192,68608
31,89,8192,68608
31,177,14336,68608
31,50,17408,68608
31,46,18432,68608
28,30,6144,69632
28,60,6144,69632
28,90,6144,69632
28,30,7168,69632
28,89,7168,69632
28,177,13312,69632
28,50,16384,69632
28,46,17408,69632
30,60,0,75776
30,90,0,75776
30,30,1024,75776
30,89,1024,75776
30,177,7168,75776
30,50,10240,75776
30,46,11264,75776
30,90,16384,75776
30,45,17408,75776
60,90,0,75776
60,30,1024,75776
60,89,1024,75776
60,177,7168,75776
60,50,10240,75776
60,46,11264,75776
60,90,16384,75776
60,45,17408,75776
90,30,1024,75776
90,89,1024,75776
90,177,7168,75776
90,50,10240,75776
90,46,11264,75776
90,90,16384,75776
90,45,17408,75776
30,89,0,76800
30,177,6144,76800
30,50,9216,76800
30,46,10240,76800
30,90,15360,76800
30,45,16384,76800
30,94,20480,76800
89,177,6144,76800
89,50,9216,76800
89,46,10240,76800
89,90,15360,76800
89,45,16384,76800
89,94,20480,76800
177,50,3072,82944
177,46,4096,82944
177,90,9216,82944
177,45,10240,82944
177,94,14336,82944
177,22,15360,82944
177,51,16384,82944
177,101,16384,82944
177,101,17408,82944
50,46,1024,86016
50,90,6144,86016
50,45,7168,86016
50,94,11264,86016
50,22,12288,86016
50,51,13312,86016
50,101,13312,86016
50,101,14336,86016
46,90,5120,87040
46,45,6144,87040
46,94,10240,87040
46,22,11264,87040
46,51,12288,87040
46,101,12288,87040
46,101,13312,87040
90,45,1024,92160
90,94,5120,92160
90,22,6144,92160
90,51,7168,92160
90,101,7168,92160
90,101,8192,92160
90,40,16384,92160
90,39,17408,92160
90,40,17408,92160
90,37,18432,92160
90,22,19456,92160
45,94,4096,93184
45,22,5120,93184
45,51,6144,93184
45,101,6144,93184
45,101,7168,93184
45,40,15360,93184
45,39,16384,93184
45,40,16384,93184
45,37,17408,93184
45,22,18432,93184
94,22,1024,97280
94,51,2048,97280
94,101,2048,97280
94,101,3072,97280
94,40,11264,97280
94,39,12288,97280
94,40,12288,97280
94,37,13312,97280
94,22,14336,97280
94,41,20480,97280
22,51,1024,98304
22,101,1024,98304
22,101,2048,98304
22,40,10240,98304
22,39,11264,98304
22,40,11264,98304
22,37,12288,98304
22,22,13312,98304
22,41,19456,98304
51,101,0,99328
51,101,1024,99328
51,40,9216,99328
51,39,10240,99328
51,40,10240,99328
51,37,11264,99328
51,22,12288,99328
51,41,18432,99328
101,101,1024,99328
101,40,9216,99328
101,39,10240,99328
101,40,10240,99328
101,37,11264,99328
101,22,12288,99328
101,41,18432,99328
101,40,8192,100352
101,39,9216,100352
101,40,9216,100352
101,37,10240,100352
101,22,11264,100352
101,41,17408,100352
101,113,20480,100352
40,39,1024,108544
40,40,1024,108544
40,37,2048,108544
40,22,3072,108544
40,41,9216,108544
40,113,12288,108544
40,114,13312,108544
40,113,14336,108544
40,113,15360,108544
40,151,16384,108544
39,40,0,109568
39,37,1024,109568
39,22,2048,109568
39,41,8192,109568
39,113,11264,109568
39,114,12288,109568
39,113,13312,109568
39,113,14336,109568
39,151,15360,109568
40,37,1024,109568
40,22,2048,109568
40,41,8192,109568
40,113,11264,109568
40,114,12288,109568
40,113,13312,109568
40,113,14336,109568
40,151,15360,109568
37,22,1024,110592
37,41,7168,110592
37,113,10240,110592
37,114,11264,110592
37,113,12288,110592
37,113,13312,110592
37,151,14336,110592
37,39,20480,110592
37,40,20480,110592
22,41,6144,111616
22,113,9216,111616
22,114,10240,111616
22,113,11264,111616
22,113,12288,111616
22,151,13312,111616
22,39,19456,111616
22,40,19456,111616
22,38,20480,111616
41,113,3072,117760
41,114,4096,117760
41,113,5120,117760
41,113,6144,117760
41,151,7168,117760
41,39,13312,117760
41,40,13312,117760
41,38,14336,117760
113,114,1024,120832
113,113,2048,120832
113,113,3072,120832
113,151,4096,120832
113,39,10240,120832
113,40,10240,120832
113,38,11264,120832
113,82,20480,120832
114,113,1024,121856
114,113,2048,121856
114,151,3072,121856
114,39,9216,121856
114,40,9216,121856
114,38,10240,121856
114,82,19456,121856
113,113,1024,122880
113,151,2048,122880
113,39,8192,122880
113,40,8192,122880
113,38,9216,122880
113,82,18432,122880
113,92,20480,122880
113,151,1024,123904
113,39,7168,123904
113,40,7168,123904
113,38,8192,123904
113,82,17408,123904
113,92,19456,123904
151,39,6144,124928
151,40,6144,124928
151,38,7168,124928
151,82,16384,124928
151,92,18432,124928
151,90,20480,124928
39,40,0,131072
39,38,1024,131072
39,82,10240,131072
39,92,12288,131072
39,90,14336,131072
39,39,19456,131072
39,39,20480,131072
40,38,1024,131072
40,82,10240,131072
40,92,12288,131072
40,90,14336,131072
40,39,19456,131072
40,39,20480,131072
38,82,9216,132096
38,92,11264,132096
38,90,13312,132096
38,39,18432,132096
38,39,19456,132096
38,35,20480,132096
82,92,2048,141312
82,90,4096,141312
82,39,9216,141312
82,39,10240,141312
82,35,11264,141312
82,39,17408,141312
82,42,17408,141312
82,79,20480,141312
92,90,2048,143360
92,39,7168,143360
92,39,8192,143360
92,35,9216,143360
92,39,15360,143360
92,42,15360,143360
92,79,18432,143360
90,39,5120,145408
90,39,6144,145408
90,35,7168,145408
90,39,13312,145408
90,42,13312,145408
90,79,16384,145408
90,60,19456,145408
90,23,20480,145408
90,47,20480,145408
39,39,1024,150528
39,35,2048,150528
39,39,8192,150528
39,42,8192,150528
39,79,11264,150528
39,60,14336,150528
39,23,15360,150528
39,47,15360,150528
39,116,19456,150528
39,40,20480,150528
39,80,20480,150528
39,35,1024,151552
39,39,7168,151552
39,42,7168,151552
39,79,10240,151552
39,60,13312,151552
39,23,14336,151552
39,47,14336,151552
39,116,18432,151552
39,40,19456,151552
39,80,19456,151552
39,39,20480,151552
35,39,6144,152576
35,42,6144,152576
35,79,9216,152576
35,60,12288,152576
35,23,13312,152576
35,47,13312,152576
35,116,17408,152576
35,40,18432,152576
35,80,18432,152576
35,39,19456,152576
35,79,20480,152576
39,42,0,158720
39,79,3072,158720
39,60,6144,158720
39,23,7168,158720
39,47,7168,158720
39,116,11264,158720
39,40,12288,158720
39,80,12288,158720
39,39,13312,158720
39,79,14336,158720
39,23,18432,158720
42,79,3072,158720
42,60,6144,158720
42,23,7168,158720
42,47,7168,158720
42,116,11264,158720
42,40,12288,158720
42,80,12288,158720
42,39,13312,158720
42,79,14336,158720
42,23,18432,158720
79,60,3072,161792
79,23,4096,161792
79,47,4096,161792
79,116,8192,161792
79,40,9216,161792
79,80,9216,161792
79,39,10240,161792
79,79,11264,161792
79,23,15360,161792
79,20,19456,161792
60,23,1024,164864
60,47,1024,164864
60,116,5120,164864
60,40,6144,164864
60,80,6144,164864
60,39,7168,164864
60,79,8192,164864
60,23,12288,164864
60,20,16384,164864
60,101,20480,164864
60,200,20480,164864
23,47,0,165888
23,116,4096,165888
23,40,5120,165888
23,80,5120,165888
23,39,6144,165888
23,79,7168,165888
23,23,11264,165888
23,20,15360,165888
23,101,19456,165888
23,200,19456,165888
23,50,20480,165888
47,116,4096,165888
47,40,5120,165888
47,80,5120,165888
47,39,6144,165888
47,79,7168,165888
47,23,11264,165888
47,20,15360,165888
47,101,19456,165888
47,200,19456,165888
47,50,20480,165888
116,40,1024,169984
116,80,1024,169984
116,39,2048,169984
116,79,3072,169984
116,23,7168,169984
116,20,11264,169984
116,101,15360,169984
116,200,15360,169984
116,50,16384,169984
116,45,18432,169984
40,80,0,171008
40,39,1024,171008
40,79,2048,171008
40,23,6144,171008
40,20,10240,171008
40,101,14336,171008
40,200,14336,171008
40,50,15360,171008
40,45,17408,171008
40,46,20480,171008
80,39,1024,171008
80,79,2048,171008
80,23,6144,171008
80,20,10240,171008
80,101,14336,171008
80,200,14336,171008
80,50,15360,171008
80,45,17408,171008
80,46,20480,171008
39,79,1024,172032
39,23,5120,172032
39,20,9216,172032
39,101,13312,172032
39,200,13312,172032
39,50,14336,172032
39,45,16384,172032
39,46,19456,172032
79,23,4096,173056
79,20,8192,173056
79,101,12288,173056
79,200,12288,173056
79,50,13312,173056
79,45,15360,173056
79,46,18432,173056
23,20,4096,177152
23,101,8192,177152
23,200,8192,177152
23,50,9216,177152
23,45,11264,177152
23,46,14336,177152
23,45,18432,177152
23,46,19456,177152
23,45,20480,177152
20,101,4096,181248
20,200,4096,181248
20,50,5120,181248
20,45,7168,181248
20,46,10240,181248
20,45,14336,181248
20,46,15360,181248
20,45,16384,181248
20,44,17408,181248
20,46,19456,181248
20,149,19456,181248
20,20,20480,181248
101,200,0,185344
101,50,1024,185344
101,45,3072,185344
101,46,6144,185344
101,45,10240,185344
101,46,11264,185344
101,45,12288,185344
101,44,13312,185344
101,46,15360,185344
101,149,15360,185344
101,20,16384,185344
101,20,18432,185344
200,50,1024,185344
200,45,3072,185344
200,46,6144,185344
200,45,10240,185344
200,46,11264,185344
200,45,12288,185344
200,44,13312,185344
200,46,15360,185344
200,149,15360,185344
200,20,16384,185344
200,20,18432,185344
50,45,2048,186368
50,46,5120,186368
50,45,9216,186368
50,46,10240,186368
50,45,11264,186368
50,44,12288,186368
50,46,14336,186368
50,149,14336,186368
50,20,15360,186368
50,20,17408,186368
45,46,3072,188416
45,45,7168,188416
45,46,8192,188416
45,45,9216,188416
45,44,10240,188416
45,46,12288,188416
45,149,12288,188416
45,20,13312,188416
45,20,15360,188416
46,45,4096,191488
46,46,5120,191488
46,45,6144,191488
46,44,7168,191488
46,46,9216,191488
46,149,9216,191488
46,20,10240,191488
46,20,12288,191488
45,46,1024,195584
45,45,2048,195584
45,44,3072,195584
45,46,5120,195584
45,149,5120,195584
45,20,6144,195584
45,20,8192,195584
45,158,17408,195584
46,45,1024,196608
46,44,2048,196608
46,46,4096,196608
46,149,4096,196608
46,20,5120,196608
46,20,7168,196608
46,158,16384,196608
45,44,1024,197632
45,46,3072,197632
45,149,3072,197632
45,20,4096,197632
45,20,6144,197632
45,158,15360,197632
44,46,2048,198656
44,149,2048,198656
44,20,3072,198656
44,20,5120,198656
44,158,14336,198656
46,149,0,200704
46,20,1024,200704
46,20,3072,200704
46,158,12288,200704
149,20,1024,200704
149,20,3072,200704
149,158,12288,200704
20,20,2048,201728
20,158,11264,201728
20,158,9216,203776
20,70,20480,203776
158,70,11264,212992
158,60,13312,212992
158,38,15360,212992
158,41,15360,212992
158,40,16384,212992
158,39,17408,212992
70,60,2048,224256
70,38,4096,224256
70,41,4096,224256
70,40,5120,224256
70,39,6144,224256
70,41,14336,224256
70,40,15360,224256
70,42,20480,224256
60,38,2048,226304
60,41,2048,226304
60,40,3072,226304
60,39,4096,226304
60,41,12288,226304
60,40,13312,226304
60,42,18432,226304
60,45,19456,226304
38,41,0,228352
38,40,1024,228352
38,39,2048,228352
38,41,10240,228352
38,40,11264,228352
38,42,16384,228352
38,45,17408,228352
38,20,20480,228352
41,40,1024,228352
41,39,2048,228352
41,41,10240,228352
41,40,11264,228352
41,42,16384,228352
41,45,17408,228352
41,20,20480,228352
40,39,1024,229376
40,41,9216,229376
40,40,10240,229376
40,42,15360,229376
40,45,16384,229376
40,20,19456,229376
39,41,8192,230400
39,40,9216,230400
39,42,14336,230400
39,45,15360,230400
39,20,18432,230400
41,40,1024,238592
41,42,6144,238592
41,45,7168,238592
41,20,10240,238592
41,35,19456,238592
40,42,5120,239616
40,45,6144,239616
40,20,9216,239616
40,35,18432,239616
40,42,20480,239616
42,45,1024,244736
42,20,4096,244736
42,35,13312,244736
42,42,15360,244736
42,119,16384,244736
42,39,20480,244736
42,43,20480,244736
45,20,3072,245760
45,35,12288,245760
45,42,14336,245760
45,119,15360,245760
45,39,19456,245760
45,43,19456,245760
45,81,20480,245760
20,35,9216,248832
20,42,11264,248832
20,119,12288,248832
20,39,16384,248832
20,43,16384,248832
20,81,17408,248832
20,91,18432,248832
35,42,2048,258048
35,119,3072,258048
35,39,7168,258048
35,43,7168,258048
35,81,8192,258048
35,91,9216,258048
35,45,13312,258048
35,162,13312,258048
42,119,1024,260096
42,39,5120,260096
42,43,5120,260096
42,81,6144,260096
42,91,7168,260096
42,45,11264,260096
42,162,11264,260096
42,30,20480,260096
119,39,4096,261120
119,43,4096,261120
119,81,5120,261120
119,91,6144,261120
119,45,10240,261120
119,162,10240,261120
119,30,19456,261120
39,43,0,265216
39,81,1024,265216
39,91,2048,265216
39,45,6144,265216
39,162,6144,265216
39,30,15360,265216
39,30,17408,265216
39,60,17408,265216
39,30,18432,265216
43,81,1024,265216
43,91,2048,265216
43,45,6144,265216
43,162,6144,265216
43,30,15360,265216
43,30,17408,265216
43,60,17408,265216
43,30,18432,265216
81,91,1024,266240
81,45,5120,266240
81,162,5120,266240
81,30,14336,266240
81,30,16384,266240
81,60,16384,266240
81,30,17408,266240
91,45,4096,267264
91,162,4096,267264
91,30,13312,267264
91,30,15360,267264
91,60,15360,267264
91,30,16384,267264
45,162,0,271360
45,30,9216,271360
45,30,11264,271360
45,60,11264,271360
45,30,12288,271360
162,30,9216,271360
162,30,11264,271360
162,60,11264,271360
162,30,12288,271360
30,30,2048,280576
30,60,2048,280576
30,30,3072,280576
30,18,17408,280576
30,18,18432,280576
30,18,19456,280576
30,60,0,282624
30,30,1024,282624
30,18,15360,282624
30,18,16384,282624
30,18,17408,282624
60,30,1024,282624
60,18,15360,282624
60,18,16384,282624
60,18,17408,282624
30,18,14336,283648
30,18,15360,283648
30,18,16384,283648
18,18,1024,297984
18,18,2048,297984
18,18,1024,299008
35,21,1024,321536
35,30,2048,321536
21,30,1024,322560
