34,29,1024,0
34,23,2048,0
34,20,3072,0
34,19,4096,0
34,76,4096,0
34,39,5120,0
34,29,12288,0
34,42,13312,0
34,25,20480,0
29,23,1024,1024
29,20,2048,1024
29,19,3072,1024
29,76,3072,1024
29,39,4096,1024
29,29,11264,1024
29,42,12288,1024
29,25,19456,1024
29,21,20480,1024
23,20,1024,2048
23,19,2048,2048
23,76,2048,2048
23,39,3072,2048
23,29,10240,2048
23,42,11264,2048
23,25,18432,2048
23,21,19456,2048
23,22,20480,2048
23,301,20480,2048
20,19,1024,3072
20,76,1024,3072
20,39,2048,3072
20,29,9216,3072
20,42,10240,3072
20,25,17408,3072
20,21,18432,3072
20,22,19456,3072
20,301,19456,3072
20,21,20480,3072
19,76,0,4096
19,39,1024,4096
19,29,8192,4096
19,42,9216,4096
19,25,16384,4096
19,21,17408,4096
19,22,18432,4096
19,301,18432,4096
19,21,19456,4096
19,52,20480,4096
76,39,1024,4096
76,29,8192,4096
76,42,9216,4096
76,25,16384,4096
76,21,17408,4096
76,22,18432,4096
76,301,18432,4096
76,21,19456,4096
76,52,20480,4096
39,29,7168,5120
39,42,8192,5120
39,25,15360,5120
39,21,16384,5120
39,22,17408,5120
39,301,17408,5120
39,21,18432,5120
39,52,19456,5120
29,42,1024,12288
29,25,8192,12288
29,21,9216,12288
29,22,10240,12288
29,301,10240,12288
29,21,11264,12288
29,52,12288,12288
29,59,14336,12288
29,86,15360,12288
29,20,16384,12288
29,87,18432,12288
42,25,7168,13312
42,21,8192,13312
42,22,9216,13312
42,301,9216,13312
42,21,10240,13312
42,52,11264,13312
42,59,13312,13312
42,86,14336,13312
42,20,15360,13312
42,87,17408,13312
42,99,20480,13312
42,173,20480,13312
25,21,1024,20480
25,22,2048,20480
25,301,2048,20480
25,21,3072,20480
25,52,4096,20480
25,59,6144,20480
25,86,7168,20480
25,20,8192,20480
25,87,10240,20480
25,99,13312,20480
25,173,13312,20480
25,99,14336,20480
25,173,14336,20480
25,98,15360,20480
21,22,1024,21504
21,301,1024,21504
21,21,2048,21504
21,52,3072,21504
21,59,5120,21504
21,86,6144,21504
21,20,7168,21504
21,87,9216,21504
21,99,12288,21504
21,173,12288,21504
21,99,13312,21504
21,173,13312,21504
21,98,14336,21504
21,20,15360,21504
22,301,0,22528
22,21,1024,22528
22,52,2048,22528
22,59,4096,22528
22,86,5120,22528
22,20,6144,22528
22,87,8192,22528
22,99,11264,22528
22,173,11264,22528
22,99,12288,22528
22,173,12288,22528
22,98,13312,22528
22,20,14336,22528
22,74,14336,22528
301,21,1024,22528
301,52,2048,22528
301,59,4096,22528
301,86,5120,22528
301,20,6144,22528
301,87,8192,22528
301,99,11264,22528
301,173,11264,22528
301,99,12288,22528
301,173,12288,22528
301,98,13312,22528
301,20,14336,22528
301,74,14336,22528
301,74,16384,22528
21,52,1024,23552
21,59,3072,23552
21,86,4096,23552
21,20,5120,23552
21,87,7168,23552
21,99,10240,23552
21,173,10240,23552
21,99,11264,23552
21,173,11264,23552
21,98,12288,23552
21,20,13312,23552
21,74,13312,23552
21,74,15360,23552
52,59,2048,24576
52,86,3072,24576
52,20,4096,24576
52,87,6144,24576
52,99,9216,24576
52,173,9216,24576
52,99,10240,24576
52,173,10240,24576
52,98,11264,24576
52,20,12288,24576
52,74,12288,24576
52,74,14336,24576
59,86,1024,26624
59,20,2048,26624
59,87,4096,26624
59,99,7168,26624
59,173,7168,26624
59,99,8192,26624
59,173,8192,26624
59,98,9216,26624
59,20,10240,26624
59,74,10240,26624
59,74,12288,26624
59,19,19456,26624
59,19,20480,26624
86,20,1024,27648
86,87,3072,27648
86,99,6144,27648
86,173,6144,27648
86,99,7168,27648
86,173,7168,27648
86,98,8192,27648
86,20,9216,27648
86,74,9216,27648
86,74,11264,27648
86,19,18432,27648
86,19,19456,27648
86,20,20480,27648
20,87,2048,28672
20,99,5120,28672
20,173,5120,28672
20,99,6144,28672
20,173,6144,28672
20,98,7168,28672
20,20,8192,28672
20,74,8192,28672
20,74,10240,28672
20,19,17408,28672
20,19,18432,28672
20,20,19456,28672
20,70,20480,28672
87,99,3072,30720
87,173,3072,30720
87,99,4096,30720
87,173,4096,30720
87,98,5120,30720
87,20,6144,30720
87,74,6144,30720
87,74,8192,30720
87,19,15360,30720
87,19,16384,30720
87,20,17408,30720
87,70,18432,30720
99,173,0,33792
99,99,1024,33792
99,173,1024,33792
99,98,2048,33792
99,20,3072,33792
99,74,3072,33792
99,74,5120,33792
99,19,12288,33792
99,19,13312,33792
99,20,14336,33792
99,70,15360,33792
99,27,19456,33792
173,99,1024,33792
173,173,1024,33792
173,98,2048,33792
173,20,3072,33792
173,74,3072,33792
173,74,5120,33792
173,19,12288,33792
173,19,13312,33792
173,20,14336,33792
173,70,15360,33792
173,27,19456,33792
99,173,0,34816
99,98,1024,34816
99,20,2048,34816
99,74,2048,34816
99,74,4096,34816
99,19,11264,34816
99,19,12288,34816
99,20,13312,34816
99,70,14336,34816
99,27,18432,34816
99,23,20480,34816
173,98,1024,34816
173,20,2048,34816
173,74,2048,34816
173,74,4096,34816
173,19,11264,34816
173,19,12288,34816
173,20,13312,34816
173,70,14336,34816
173,27,18432,34816
173,23,20480,34816
98,20,1024,35840
98,74,1024,35840
98,74,3072,35840
98,19,10240,35840
98,19,11264,35840
98,20,12288,35840
98,70,13312,35840
98,27,17408,35840
98,23,19456,35840
20,74,0,36864
20,74,2048,36864
20,19,9216,36864
20,19,10240,36864
20,20,11264,36864
20,70,12288,36864
20,27,16384,36864
20,23,18432,36864
20,22,20480,36864
20,43,20480,36864
74,74,2048,36864
74,19,9216,36864
74,19,10240,36864
74,20,11264,36864
74,70,12288,36864
74,27,16384,36864
74,23,18432,36864
74,22,20480,36864
74,43,20480,36864
74,19,7168,38912
74,19,8192,38912
74,20,9216,38912
74,70,10240,38912
74,27,14336,38912
74,23,16384,38912
74,22,18432,38912
74,43,18432,38912
74,26,20480,38912
74,48,20480,38912
19,19,1024,46080
19,20,2048,46080
19,70,3072,46080
19,27,7168,46080
19,23,9216,46080
19,22,11264,46080
19,43,11264,46080
19,26,13312,46080
19,48,13312,46080
19,61,14336,46080
19,44,15360,46080
19,42,16384,46080
19,82,18432,46080
19,20,1024,47104
19,70,2048,47104
19,27,6144,47104
19,23,8192,47104
19,22,10240,47104
19,43,10240,47104
19,26,12288,47104
19,48,12288,47104
19,61,13312,47104
19,44,14336,47104
19,42,15360,47104
19,82,17408,47104
19,176,20480,47104
20,70,1024,48128
20,27,5120,48128
20,23,7168,48128
20,22,9216,48128
20,43,9216,48128
20,26,11264,48128
20,48,11264,48128
20,61,12288,48128
20,44,13312,48128
20,42,14336,48128
20,82,16384,48128
20,176,19456,48128
20,99,20480,48128
70,27,4096,49152
70,23,6144,49152
70,22,8192,49152
70,43,8192,49152
70,26,10240,49152
70,48,10240,49152
70,61,11264,49152
70,44,12288,49152
70,42,13312,49152
70,82,15360,49152
70,176,18432,49152
70,99,19456,49152
70,98,20480,49152
27,23,2048,53248
27,22,4096,53248
27,43,4096,53248
27,26,6144,53248
27,48,6144,53248
27,61,7168,53248
27,44,8192,53248
27,42,9216,53248
27,82,11264,53248
27,176,14336,53248
27,99,15360,53248
27,98,16384,53248
27,98,18432,53248
27,172,18432,53248
23,22,2048,55296
23,43,2048,55296
23,26,4096,55296
23,48,4096,55296
23,61,5120,55296
23,44,6144,55296
23,42,7168,55296
23,82,9216,55296
23,176,12288,55296
23,99,13312,55296
23,98,14336,55296
23,98,16384,55296
23,172,16384,55296
23,20,18432,55296
22,43,0,57344
22,26,2048,57344
22,48,2048,57344
22,61,3072,57344
22,44,4096,57344
22,42,5120,57344
22,82,7168,57344
22,176,10240,57344
22,99,11264,57344
22,98,12288,57344
22,98,14336,57344
22,172,14336,57344
22,20,16384,57344
22,100,16384,57344
43,26,2048,57344
43,48,2048,57344
43,61,3072,57344
43,44,4096,57344
43,42,5120,57344
43,82,7168,57344
43,176,10240,57344
43,99,11264,57344
43,98,12288,57344
43,98,14336,57344
43,172,14336,57344
43,20,16384,57344
43,100,16384,57344
43,19,18432,57344
26,48,0,59392
26,61,1024,59392
26,44,2048,59392
26,42,3072,59392
26,82,5120,59392
26,176,8192,59392
26,99,9216,59392
26,98,10240,59392
26,98,12288,59392
26,172,12288,59392
26,20,14336,59392
26,100,14336,59392
26,19,16384,59392
26,20,18432,59392
48,61,1024,59392
48,44,2048,59392
48,42,3072,59392
48,82,5120,59392
48,176,8192,59392
48,99,9216,59392
48,98,10240,59392
48,98,12288,59392
48,172,12288,59392
48,20,14336,59392
48,100,14336,59392
48,19,16384,59392
48,20,18432,59392
48,20,19456,59392
61,44,1024,60416
61,42,2048,60416
61,82,4096,60416
61,176,7168,60416
61,99,8192,60416
61,98,9216,60416
61,98,11264,60416
61,172,11264,60416
61,20,13312,60416
61,100,13312,60416
61,19,15360,60416
61,20,17408,60416
61,20,18432,60416
44,42,1024,61440
44,82,3072,61440
44,176,6144,61440
44,99,7168,61440
44,98,8192,61440
44,98,10240,61440
44,172,10240,61440
44,20,12288,61440
44,100,12288,61440
44,19,14336,61440
44,20,16384,61440
44,20,17408,61440
42,82,2048,62464
42,176,5120,62464
42,99,6144,62464
42,98,7168,62464
42,98,9216,62464
42,172,9216,62464
42,20,11264,62464
42,100,11264,62464
42,19,13312,62464
42,20,15360,62464
42,20,16384,62464
82,176,3072,64512
82,99,4096,64512
82,98,5120,64512
82,98,7168,64512
82,172,7168,64512
82,20,9216,64512
82,100,9216,64512
82,19,11264,64512
82,20,13312,64512
82,20,14336,64512
176,99,1024,67584
176,98,2048,67584
176,98,4096,67584
176,172,4096,67584
176,20,6144,67584
176,100,6144,67584
176,19,8192,67584
176,20,10240,67584
176,20,11264,67584
176,25,18432,67584
176,21,19456,67584
176,22,20480,67584
99,98,1024,68608
99,98,3072,68608
99,172,3072,68608
99,20,5120,68608
99,100,5120,68608
99,19,7168,68608
99,20,9216,68608
99,20,10240,68608
99,25,17408,68608
99,21,18432,68608
99,22,19456,68608
98,98,2048,69632
98,172,2048,69632
98,20,4096,69632
98,100,4096,69632
98,19,6144,69632
98,20,8192,69632
98,20,9216,69632
98,25,16384,69632
98,21,17408,69632
98,22,18432,69632
98,53,20480,69632
98,172,0,71680
98,20,2048,71680
98,100,2048,71680
98,19,4096,71680
98,20,6144,71680
98,20,7168,71680
98,25,14336,71680
98,21,15360,71680
98,22,16384,71680
98,53,18432,71680
98,60,20480,71680
172,20,2048,71680
172,100,2048,71680
172,19,4096,71680
172,20,6144,71680
172,20,7168,71680
172,25,14336,71680
172,21,15360,71680
172,22,16384,71680
172,53,18432,71680
172,60,20480,71680
20,100,0,73728
20,19,2048,73728
20,20,4096,73728
20,20,5120,73728
20,25,12288,73728
20,21,13312,73728
20,22,14336,73728
20,53,16384,73728
20,60,18432,73728
100,19,2048,73728
100,20,4096,73728
100,20,5120,73728
100,25,12288,73728
100,21,13312,73728
100,22,14336,73728
100,53,16384,73728
100,60,18432,73728
19,20,2048,75776
19,20,3072,75776
19,25,10240,75776
19,21,11264,75776
19,22,12288,75776
19,53,14336,75776
19,60,16384,75776
19,92,20480,75776
20,20,1024,77824
20,25,8192,77824
20,21,9216,77824
20,22,10240,77824
20,53,12288,77824
20,60,14336,77824
20,92,18432,77824
20,96,20480,77824
20,25,7168,78848
20,21,8192,78848
20,22,9216,78848
20,53,11264,78848
20,60,13312,78848
20,92,17408,78848
20,96,19456,78848
25,21,1024,86016
25,22,2048,86016
25,53,4096,86016
25,60,6144,86016
25,92,10240,86016
25,96,12288,86016
25,62,14336,86016
25,31,16384,86016
25,46,18432,86016
21,22,1024,87040
21,53,3072,87040
21,60,5120,87040
21,92,9216,87040
21,96,11264,87040
21,62,13312,87040
21,31,15360,87040
21,46,17408,87040
22,53,2048,88064
22,60,4096,88064
22,92,8192,88064
22,96,10240,88064
22,62,12288,88064
22,31,14336,88064
22,46,16384,88064
53,60,2048,90112
53,92,6144,90112
53,96,8192,90112
53,62,10240,90112
53,31,12288,90112
53,46,14336,90112
53,19,20480,90112
60,92,4096,92160
60,96,6144,92160
60,62,8192,92160
60,31,10240,92160
60,46,12288,92160
60,19,18432,92160
92,96,2048,96256
92,62,4096,96256
92,31,6144,96256
92,46,8192,96256
92,19,14336,96256
92,20,18432,96256
96,62,2048,98304
96,31,4096,98304
96,46,6144,98304
96,19,12288,98304
96,20,16384,98304
96,28,20480,98304
96,63,20480,98304
62,31,2048,100352
62,46,4096,100352
62,19,10240,100352
62,20,14336,100352
62,28,18432,100352
62,63,18432,100352
31,46,2048,102400
31,19,8192,102400
31,20,12288,102400
31,28,16384,102400
31,63,16384,102400
31,28,20480,102400
46,19,6144,104448
46,20,10240,104448
46,28,14336,104448
46,63,14336,104448
46,28,18432,104448
19,20,4096,110592
19,28,8192,110592
19,63,8192,110592
19,28,12288,110592
19,20,16384,110592
19,28,20480,110592
20,28,4096,114688
20,63,4096,114688
20,28,8192,114688
20,20,12288,114688
20,28,16384,114688
20,28,20480,114688
28,63,0,118784
28,28,4096,118784
28,20,8192,118784
28,28,12288,118784
28,28,16384,118784
28,20,20480,118784
63,28,4096,118784
63,20,8192,118784
63,28,12288,118784
63,28,16384,118784
63,20,20480,118784
28,20,4096,122880
28,28,8192,122880
28,28,12288,122880
28,20,16384,122880
28,76,18432,122880
28,83,19456,122880
28,29,20480,122880
20,28,4096,126976
20,28,8192,126976
20,20,12288,126976
20,76,14336,126976
20,83,15360,126976
20,29,16384,126976
28,28,4096,131072
28,20,8192,131072
28,76,10240,131072
28,83,11264,131072
28,29,12288,131072
28,20,4096,135168
28,76,6144,135168
28,83,7168,135168
28,29,8192,135168
20,76,2048,139264
20,83,3072,139264
20,29,4096,139264
76,83,1024,141312
76,29,2048,141312
83,29,1024,142336
19,19,4096,164864
19,19,4096,190464
19,19,8192,190464
19,19,4096,194560
19,43,18432,194560
19,39,19456,194560
19,40,19456,194560
19,43,14336,198656
19,39,15360,198656
19,40,15360,198656
19,20,17408,198656
19,47,17408,198656
43,39,1024,212992
43,40,1024,212992
43,20,3072,212992
43,47,3072,212992
43,20,7168,212992
43,41,7168,212992
43,47,9216,212992
43,26,11264,212992
43,58,13312,212992
43,54,14336,212992
43,19,15360,212992
43,69,18432,212992
43,66,19456,212992
43,55,20480,212992
39,40,0,214016
39,20,2048,214016
39,47,2048,214016
39,20,6144,214016
39,41,6144,214016
39,47,8192,214016
39,26,10240,214016
39,58,12288,214016
39,54,13312,214016
39,19,14336,214016
39,69,17408,214016
39,66,18432,214016
39,55,19456,214016
40,20,2048,214016
40,47,2048,214016
40,20,6144,214016
40,41,6144,214016
40,47,8192,214016
40,26,10240,214016
40,58,12288,214016
40,54,13312,214016
40,19,14336,214016
40,69,17408,214016
40,66,18432,214016
40,55,19456,214016
20,47,0,216064
20,20,4096,216064
20,41,4096,216064
20,47,6144,216064
20,26,8192,216064
20,58,10240,216064
20,54,11264,216064
20,19,12288,216064
20,69,15360,216064
20,66,16384,216064
20,55,17408,216064
20,45,19456,216064
47,20,4096,216064
47,41,4096,216064
47,47,6144,216064
47,26,8192,216064
47,58,10240,216064
47,54,11264,216064
47,19,12288,216064
47,69,15360,216064
47,66,16384,216064
47,55,17408,216064
47,45,19456,216064
20,41,0,220160
20,47,2048,220160
20,26,4096,220160
20,58,6144,220160
20,54,7168,220160
20,19,8192,220160
20,69,11264,220160
20,66,12288,220160
20,55,13312,220160
20,45,15360,220160
41,47,2048,220160
41,26,4096,220160
41,58,6144,220160
41,54,7168,220160
41,19,8192,220160
41,69,11264,220160
41,66,12288,220160
41,55,13312,220160
41,45,15360,220160
47,26,2048,222208
47,58,4096,222208
47,54,5120,222208
47,19,6144,222208
47,69,9216,222208
47,66,10240,222208
47,55,11264,222208
47,45,13312,222208
47,24,19456,222208
47,51,19456,222208
47,44,20480,222208
26,58,2048,224256
26,54,3072,224256
26,19,4096,224256
26,69,7168,224256
26,66,8192,224256
26,55,9216,224256
26,45,11264,224256
26,24,17408,224256
26,51,17408,224256
26,44,18432,224256
58,54,1024,226304
58,19,2048,226304
58,69,5120,226304
58,66,6144,226304
58,55,7168,226304
58,45,9216,226304
58,24,15360,226304
58,51,15360,226304
58,44,16384,226304
58,19,19456,226304
54,19,1024,227328
54,69,4096,227328
54,66,5120,227328
54,55,6144,227328
54,45,8192,227328
54,24,14336,227328
54,51,14336,227328
54,44,15360,227328
54,19,18432,227328
19,69,3072,228352
19,66,4096,228352
19,55,5120,228352
19,45,7168,228352
19,24,13312,228352
19,51,13312,228352
19,44,14336,228352
19,19,17408,228352
69,66,1024,231424
69,55,2048,231424
69,45,4096,231424
69,24,10240,231424
69,51,10240,231424
69,44,11264,231424
69,19,14336,231424
69,20,18432,231424
66,55,1024,232448
66,45,3072,232448
66,24,9216,232448
66,51,9216,232448
66,44,10240,232448
66,19,13312,232448
66,20,17408,232448
55,45,2048,233472
55,24,8192,233472
55,51,8192,233472
55,44,9216,233472
55,19,12288,233472
55,20,16384,233472
55,23,20480,233472
45,24,6144,235520
45,51,6144,235520
45,44,7168,235520
45,19,10240,235520
45,20,14336,235520
45,23,18432,235520
45,82,19456,235520
24,51,0,241664
24,44,1024,241664
24,19,4096,241664
24,20,8192,241664
24,23,12288,241664
24,82,13312,241664
24,44,18432,241664
24,42,19456,241664
51,44,1024,241664
51,19,4096,241664
51,20,8192,241664
51,23,12288,241664
51,82,13312,241664
51,44,18432,241664
51,42,19456,241664
44,19,3072,242688
44,20,7168,242688
44,23,11264,242688
44,82,12288,242688
44,44,17408,242688
44,42,18432,242688
19,20,4096,245760
19,23,8192,245760
19,82,9216,245760
19,44,14336,245760
19,42,15360,245760
19,63,19456,245760
19,94,19456,245760
20,23,4096,249856
20,82,5120,249856
20,44,10240,249856
20,42,11264,249856
20,63,15360,249856
20,94,15360,249856
20,63,17408,249856
20,102,18432,249856
23,82,1024,253952
23,44,6144,253952
23,42,7168,253952
23,63,11264,253952
23,94,11264,253952
23,63,13312,253952
23,102,14336,253952
82,44,5120,254976
82,42,6144,254976
82,63,10240,254976
82,94,10240,254976
82,63,12288,254976
82,102,13312,254976
82,19,20480,254976
44,42,1024,260096
44,63,5120,260096
44,94,5120,260096
44,63,7168,260096
44,102,8192,260096
44,19,15360,260096
44,19,19456,260096
42,63,4096,261120
42,94,4096,261120
42,63,6144,261120
42,102,7168,261120
42,19,14336,261120
42,19,18432,261120
63,94,0,265216
63,63,2048,265216
63,102,3072,265216
63,19,10240,265216
63,19,14336,265216
63,19,18432,265216
94,63,2048,265216
94,102,3072,265216
94,19,10240,265216
94,19,14336,265216
94,19,18432,265216
63,102,1024,267264
63,19,8192,267264
63,19,12288,267264
63,19,16384,267264
102,19,7168,268288
102,19,11264,268288
102,19,15360,268288
102,45,20480,268288
19,19,4096,275456
19,19,8192,275456
19,45,13312,275456
19,63,14336,275456
19,61,19456,275456
19,19,4096,279552
19,45,9216,279552
19,63,10240,279552
19,61,15360,279552
19,45,5120,283648
19,63,6144,283648
19,61,11264,283648
45,63,1024,288768
45,61,6144,288768
45,19,16384,288768
45,19,20480,288768
45,55,20480,288768
63,61,5120,289792
63,19,15360,289792
63,19,19456,289792
63,55,19456,289792
61,19,10240,294912
61,19,14336,294912
61,55,14336,294912
61,46,17408,294912
61,20,18432,294912
61,21,19456,294912
19,19,4096,305152
19,55,4096,305152
19,46,7168,305152
19,20,8192,305152
19,21,9216,305152
19,20,12288,305152
19,55,0,309248
19,46,3072,309248
19,20,4096,309248
19,21,5120,309248
19,20,8192,309248
19,44,19456,309248
19,41,20480,309248
55,46,3072,309248
55,20,4096,309248
55,21,5120,309248
55,20,8192,309248
55,44,19456,309248
55,41,20480,309248
46,20,1024,312320
46,21,2048,312320
46,20,5120,312320
46,44,16384,312320
46,41,17408,312320
20,21,1024,313344
20,20,4096,313344
20,44,15360,313344
20,41,16384,313344
21,20,3072,314368
21,44,14336,314368
21,41,15360,314368
20,44,11264,317440
20,41,12288,317440
44,41,1024,328704
