31,38,4096,4096
31,23,12288,4096
38,23,8192,8192
38,38,19456,8192
38,280,20480,8192
23,38,11264,16384
23,280,12288,16384
23,39,17408,16384
38,280,1024,27648
38,39,6144,27648
38,23,14336,27648
38,22,15360,27648
38,17,19456,27648
38,39,20480,27648
280,39,5120,28672
280,23,13312,28672
280,22,14336,28672
280,17,18432,28672
280,39,19456,28672
280,37,20480,28672
39,23,8192,33792
39,22,9216,33792
39,17,13312,33792
39,39,14336,33792
39,37,15360,33792
39,38,19456,33792
23,22,1024,41984
23,17,5120,41984
23,39,6144,41984
23,37,7168,41984
23,38,11264,41984
23,31,13312,41984
23,38,17408,41984
22,17,4096,43008
22,39,5120,43008
22,37,6144,43008
22,38,10240,43008
22,31,12288,43008
22,38,16384,43008
17,39,1024,47104
17,37,2048,47104
17,38,6144,47104
17,31,8192,47104
17,38,12288,47104
17,23,20480,47104
39,37,1024,48128
39,38,5120,48128
39,31,7168,48128
39,38,11264,48128
39,23,19456,48128
37,38,4096,49152
37,31,6144,49152
37,38,10240,49152
37,23,18432,49152
37,26,20480,49152
38,31,2048,53248
38,38,6144,53248
38,23,14336,53248
38,26,16384,53248
38,37,17408,53248
38,31,18432,53248
38,137,19456,53248
31,38,4096,55296
31,23,12288,55296
31,26,14336,55296
31,37,15360,55296
31,31,16384,55296
31,137,17408,55296
31,18,19456,55296
31,23,20480,55296
38,23,8192,59392
38,26,10240,59392
38,37,11264,59392
38,31,12288,59392
38,137,13312,59392
38,18,15360,59392
38,23,16384,59392
38,23,17408,59392
38,23,18432,59392
38,38,19456,59392
23,26,2048,67584
23,37,3072,67584
23,31,4096,67584
23,137,5120,67584
23,18,7168,67584
23,23,8192,67584
23,23,9216,67584
23,23,10240,67584
23,38,11264,67584
23,37,15360,67584
23,23,18432,67584
23,23,19456,67584
26,37,1024,69632
26,31,2048,69632
26,137,3072,69632
26,18,5120,69632
26,23,6144,69632
26,23,7168,69632
26,23,8192,69632
26,38,9216,69632
26,37,13312,69632
26,23,16384,69632
26,23,17408,69632
26,23,19456,69632
26,23,20480,69632
37,31,1024,70656
37,137,2048,70656
37,18,4096,70656
37,23,5120,70656
37,23,6144,70656
37,23,7168,70656
37,38,8192,70656
37,37,12288,70656
37,23,15360,70656
37,23,16384,70656
37,23,18432,70656
37,23,19456,70656
37,23,20480,70656
31,137,1024,71680
31,18,3072,71680
31,23,4096,71680
31,23,5120,71680
31,23,6144,71680
31,38,7168,71680
31,37,11264,71680
31,23,14336,71680
31,23,15360,71680
31,23,17408,71680
31,23,18432,71680
31,23,19456,71680
31,23,20480,71680
137,18,2048,72704
137,23,3072,72704
137,23,4096,72704
137,23,5120,72704
137,38,6144,72704
137,37,10240,72704
137,23,13312,72704
137,23,14336,72704
137,23,16384,72704
137,23,17408,72704
137,23,18432,72704
137,23,19456,72704
18,23,1024,74752
18,23,2048,74752
18,23,3072,74752
18,38,4096,74752
18,37,8192,74752
18,23,11264,74752
18,23,12288,74752
18,23,14336,74752
18,23,15360,74752
18,23,16384,74752
18,23,17408,74752
18,139,19456,74752
18,30,20480,74752
23,23,1024,75776
23,23,2048,75776
23,38,3072,75776
23,37,7168,75776
23,23,10240,75776
23,23,11264,75776
23,23,13312,75776
23,23,14336,75776
23,23,15360,75776
23,23,16384,75776
23,139,18432,75776
23,30,19456,75776
23,23,20480,75776
23,23,1024,76800
23,38,2048,76800
23,37,6144,76800
23,23,9216,76800
23,23,10240,76800
23,23,12288,76800
23,23,13312,76800
23,23,14336,76800
23,23,15360,76800
23,139,17408,76800
23,30,18432,76800
23,23,19456,76800
23,38,1024,77824
23,37,5120,77824
23,23,8192,77824
23,23,9216,77824
23,23,11264,77824
23,23,12288,77824
23,23,13312,77824
23,23,14336,77824
23,139,16384,77824
23,30,17408,77824
23,23,18432,77824
23,38,20480,77824
38,37,4096,78848
38,23,7168,78848
38,23,8192,78848
38,23,10240,78848
38,23,11264,78848
38,23,12288,78848
38,23,13312,78848
38,139,15360,78848
38,30,16384,78848
38,23,17408,78848
38,38,19456,78848
37,23,3072,82944
37,23,4096,82944
37,23,6144,82944
37,23,7168,82944
37,23,8192,82944
37,23,9216,82944
37,139,11264,82944
37,30,12288,82944
37,23,13312,82944
37,38,15360,82944
37,23,20480,82944
23,23,1024,86016
23,23,3072,86016
23,23,4096,86016
23,23,5120,86016
23,23,6144,86016
23,139,8192,86016
23,30,9216,86016
23,23,10240,86016
23,38,12288,86016
23,23,17408,86016
23,23,19456,86016
23,23,2048,87040
23,23,3072,87040
23,23,4096,87040
23,23,5120,87040
23,139,7168,87040
23,30,8192,87040
23,23,9216,87040
23,38,11264,87040
23,23,16384,87040
23,23,18432,87040
23,23,1024,89088
23,23,2048,89088
23,23,3072,89088
23,139,5120,89088
23,30,6144,89088
23,23,7168,89088
23,38,9216,89088
23,23,14336,89088
23,23,16384,89088
23,23,1024,90112
23,23,2048,90112
23,139,4096,90112
23,30,5120,90112
23,23,6144,90112
23,38,8192,90112
23,23,13312,90112
23,23,15360,90112
23,23,1024,91136
23,139,3072,91136
23,30,4096,91136
23,23,5120,91136
23,38,7168,91136
23,23,12288,91136
23,23,14336,91136
23,23,20480,91136
23,139,2048,92160
23,30,3072,92160
23,23,4096,92160
23,38,6144,92160
23,23,11264,92160
23,23,13312,92160
23,23,19456,92160
139,30,1024,94208
139,23,2048,94208
139,38,4096,94208
139,23,9216,94208
139,23,11264,94208
139,23,17408,94208
30,23,1024,95232
30,38,3072,95232
30,23,8192,95232
30,23,10240,95232
30,23,16384,95232
23,38,2048,96256
23,23,7168,96256
23,23,9216,96256
23,23,15360,96256
23,23,20480,96256
38,23,5120,98304
38,23,7168,98304
38,23,13312,98304
38,23,18432,98304
38,38,19456,98304
23,23,2048,103424
23,23,8192,103424
23,23,13312,103424
23,38,14336,103424
23,38,17408,103424
23,279,18432,103424
23,20,19456,103424
23,23,20480,103424
23,23,6144,105472
23,23,11264,105472
23,38,12288,105472
23,38,15360,105472
23,279,16384,105472
23,20,17408,105472
23,23,18432,105472
23,17,19456,105472
23,23,5120,111616
23,38,6144,111616
23,38,9216,111616
23,279,10240,111616
23,20,11264,111616
23,23,12288,111616
23,17,13312,111616
23,20,18432,111616
23,31,20480,111616
23,38,1024,116736
23,38,4096,116736
23,279,5120,116736
23,20,6144,116736
23,23,7168,116736
23,17,8192,116736
23,20,13312,116736
23,31,15360,116736
23,38,20480,116736
38,38,3072,117760
38,279,4096,117760
38,20,5120,117760
38,23,6144,117760
38,17,7168,117760
38,20,12288,117760
38,31,14336,117760
38,38,19456,117760
38,279,1024,120832
38,20,2048,120832
38,23,3072,120832
38,17,4096,120832
38,20,9216,120832
38,31,11264,120832
38,38,16384,120832
279,20,1024,121856
279,23,2048,121856
279,17,3072,121856
279,20,8192,121856
279,31,10240,121856
279,38,15360,121856
20,23,1024,122880
20,17,2048,122880
20,20,7168,122880
20,31,9216,122880
20,38,14336,122880
23,17,1024,123904
23,20,6144,123904
23,31,8192,123904
23,38,13312,123904
17,20,5120,124928
17,31,7168,124928
17,38,12288,124928
17,23,20480,124928
20,31,2048,130048
20,38,7168,130048
20,23,15360,130048
20,23,16384,130048
20,34,20480,130048
31,38,5120,132096
31,23,13312,132096
31,23,14336,132096
31,34,18432,132096
38,23,8192,137216
38,23,9216,137216
38,34,13312,137216
38,30,16384,137216
38,38,19456,137216
23,23,1024,145408
23,34,5120,145408
23,30,8192,145408
23,38,11264,145408
23,31,13312,145408
23,26,16384,145408
23,34,4096,146432
23,30,7168,146432
23,38,10240,146432
23,31,12288,146432
23,26,15360,146432
34,30,3072,150528
34,38,6144,150528
34,31,8192,150528
34,26,11264,150528
30,38,3072,153600
30,31,5120,153600
30,26,8192,153600
38,31,2048,156672
38,26,5120,156672
31,26,3072,158720
