12,11,4096,0
12,12,5120,0
12,67,9216,0
12,67,10240,0
12,69,11264,0
12,6,13312,0
12,8,20480,0
11,12,1024,4096
11,67,5120,4096
11,67,6144,4096
11,69,7168,4096
11,6,9216,4096
11,8,16384,4096
11,9,17408,4096
12,67,4096,5120
12,67,5120,5120
12,69,6144,5120
12,6,8192,5120
12,8,15360,5120
12,9,16384,5120
67,67,1024,9216
67,69,2048,9216
67,6,4096,9216
67,8,11264,9216
67,9,12288,9216
67,61,18432,9216
67,56,19456,9216
67,5,20480,9216
67,69,1024,10240
67,6,3072,10240
67,8,10240,10240
67,9,11264,10240
67,61,17408,10240
67,56,18432,10240
67,5,19456,10240
69,6,2048,11264
69,8,9216,11264
69,9,10240,11264
69,61,16384,11264
69,56,17408,11264
69,5,18432,11264
6,8,7168,13312
6,9,8192,13312
6,61,14336,13312
6,56,15360,13312
6,5,16384,13312
6,6,19456,13312
8,9,1024,20480
8,61,7168,20480
8,56,8192,20480
8,5,9216,20480
8,6,12288,20480
9,61,6144,21504
9,56,7168,21504
9,5,8192,21504
9,6,11264,21504
61,56,1024,27648
61,5,2048,27648
61,6,5120,27648
56,5,1024,28672
56,6,4096,28672
56,5,20480,28672
5,6,3072,29696
5,5,19456,29696
6,5,16384,32768
6,5,19456,32768
5,5,3072,49152
5,14,8192,49152
5,14,12288,49152
5,14,13312,49152
5,10,18432,49152
5,9,19456,49152
5,14,5120,52224
5,14,9216,52224
5,14,10240,52224
5,10,15360,52224
5,9,16384,52224
14,14,4096,57344
14,14,5120,57344
14,10,10240,57344
14,9,11264,57344
14,99,16384,57344
14,11,17408,57344
14,73,18432,57344
14,11,19456,57344
14,11,20480,57344
14,14,1024,61440
14,10,6144,61440
14,9,7168,61440
14,99,12288,61440
14,11,13312,61440
14,73,14336,61440
14,11,15360,61440
14,11,16384,61440
14,11,17408,61440
14,11,18432,61440
14,11,19456,61440
14,11,20480,61440
14,10,5120,62464
14,9,6144,62464
14,99,11264,62464
14,11,12288,62464
14,73,13312,62464
14,11,14336,62464
14,11,15360,62464
14,11,16384,62464
14,11,17408,62464
14,11,18432,62464
14,11,19456,62464
14,12,20480,62464
10,9,1024,67584
10,99,6144,67584
10,11,7168,67584
10,73,8192,67584
10,11,9216,67584
10,11,10240,67584
10,11,11264,67584
10,11,12288,67584
10,11,13312,67584
10,11,14336,67584
10,12,15360,67584
10,11,16384,67584
10,11,17408,67584
10,106,18432,67584
9,99,5120,68608
9,11,6144,68608
9,73,7168,68608
9,11,8192,68608
9,11,9216,68608
9,11,10240,68608
9,11,11264,68608
9,11,12288,68608
9,11,13312,68608
9,12,14336,68608
9,11,15360,68608
9,11,16384,68608
9,106,17408,68608
9,103,18432,68608
99,11,1024,73728
99,73,2048,73728
99,11,3072,73728
99,11,4096,73728
99,11,5120,73728
99,11,6144,73728
99,11,7168,73728
99,11,8192,73728
99,12,9216,73728
99,11,10240,73728
99,11,11264,73728
99,106,12288,73728
99,103,13312,73728
99,65,17408,73728
11,73,1024,74752
11,11,2048,74752
11,11,3072,74752
11,11,4096,74752
11,11,5120,74752
11,11,6144,74752
11,11,7168,74752
11,12,8192,74752
11,11,9216,74752
11,11,10240,74752
11,106,11264,74752
11,103,12288,74752
11,65,16384,74752
11,59,17408,74752
73,11,1024,75776
73,11,2048,75776
73,11,3072,75776
73,11,4096,75776
73,11,5120,75776
73,11,6144,75776
73,12,7168,75776
73,11,8192,75776
73,11,9216,75776
73,106,10240,75776
73,103,11264,75776
73,65,15360,75776
73,59,16384,75776
11,11,1024,76800
11,11,2048,76800
11,11,3072,76800
11,11,4096,76800
11,11,5120,76800
11,12,6144,76800
11,11,7168,76800
11,11,8192,76800
11,106,9216,76800
11,103,10240,76800
11,65,14336,76800
11,59,15360,76800
11,5,20480,76800
11,11,1024,77824
11,11,2048,77824
11,11,3072,77824
11,11,4096,77824
11,12,5120,77824
11,11,6144,77824
11,11,7168,77824
11,106,8192,77824
11,103,9216,77824
11,65,13312,77824
11,59,14336,77824
11,5,19456,77824
11,11,1024,78848
11,11,2048,78848
11,11,3072,78848
11,12,4096,78848
11,11,5120,78848
11,11,6144,78848
11,106,7168,78848
11,103,8192,78848
11,65,12288,78848
11,59,13312,78848
11,5,18432,78848
11,11,1024,79872
11,11,2048,79872
11,12,3072,79872
11,11,4096,79872
11,11,5120,79872
11,106,6144,79872
11,103,7168,79872
11,65,11264,79872
11,59,12288,79872
11,5,17408,79872
11,5,20480,79872
11,11,1024,80896
11,12,2048,80896
11,11,3072,80896
11,11,4096,80896
11,106,5120,80896
11,103,6144,80896
11,65,10240,80896
11,59,11264,80896
11,5,16384,80896
11,5,19456,80896
11,12,1024,81920
11,11,2048,81920
11,11,3072,81920
11,106,4096,81920
11,103,5120,81920
11,65,9216,81920
11,59,10240,81920
11,5,15360,81920
11,5,18432,81920
12,11,1024,82944
12,11,2048,82944
12,106,3072,82944
12,103,4096,82944
12,65,8192,82944
12,59,9216,82944
12,5,14336,82944
12,5,17408,82944
11,11,1024,83968
11,106,2048,83968
11,103,3072,83968
11,65,7168,83968
11,59,8192,83968
11,5,13312,83968
11,5,16384,83968
11,58,20480,83968
11,106,1024,84992
11,103,2048,84992
11,65,6144,84992
11,59,7168,84992
11,5,12288,84992
11,5,15360,84992
11,58,19456,84992
11,68,20480,84992
106,103,1024,86016
106,65,5120,86016
106,59,6144,86016
106,5,11264,86016
106,5,14336,86016
106,58,18432,86016
106,68,19456,86016
103,65,4096,87040
103,59,5120,87040
103,5,10240,87040
103,5,13312,87040
103,58,17408,87040
103,68,18432,87040
103,63,20480,87040
65,59,1024,91136
65,5,6144,91136
65,5,9216,91136
65,58,13312,91136
65,68,14336,91136
65,63,16384,91136
65,5,18432,91136
59,5,5120,92160
59,5,8192,92160
59,58,12288,92160
59,68,13312,92160
59,63,15360,92160
59,5,17408,92160
5,5,3072,97280
5,58,7168,97280
5,68,8192,97280
5,63,10240,97280
5,5,12288,97280
5,58,4096,100352
5,68,5120,100352
5,63,7168,100352
5,5,9216,100352
58,68,1024,104448
58,63,3072,104448
58,5,5120,104448
58,92,18432,104448
68,63,2048,105472
68,5,4096,105472
68,92,17408,105472
68,6,20480,105472
63,5,2048,107520
63,92,15360,107520
63,6,18432,107520
5,92,13312,109568
5,6,16384,109568
5,6,19456,109568
92,6,3072,122880
92,6,6144,122880
92,7,15360,122880
92,71,16384,122880
92,67,17408,122880
92,65,18432,122880
92,65,19456,122880
6,6,3072,125952
6,7,12288,125952
6,71,13312,125952
6,67,14336,125952
6,65,15360,125952
6,65,16384,125952
6,62,18432,125952
6,5,19456,125952
6,7,9216,129024
6,71,10240,129024
6,67,11264,129024
6,65,12288,129024
6,65,13312,129024
6,62,15360,129024
6,5,16384,129024
6,12,19456,129024
6,12,20480,129024
7,71,1024,138240
7,67,2048,138240
7,65,3072,138240
7,65,4096,138240
7,62,6144,138240
7,5,7168,138240
7,12,10240,138240
7,12,11264,138240
7,11,16384,138240
7,58,19456,138240
71,67,1024,139264
71,65,2048,139264
71,65,3072,139264
71,62,5120,139264
71,5,6144,139264
71,12,9216,139264
71,12,10240,139264
71,11,15360,139264
71,58,18432,139264
71,17,20480,139264
67,65,1024,140288
67,65,2048,140288
67,62,4096,140288
67,5,5120,140288
67,12,8192,140288
67,12,9216,140288
67,11,14336,140288
67,58,17408,140288
67,17,19456,140288
65,65,1024,141312
65,62,3072,141312
65,5,4096,141312
65,12,7168,141312
65,12,8192,141312
65,11,13312,141312
65,58,16384,141312
65,17,18432,141312
65,62,2048,142336
65,5,3072,142336
65,12,6144,142336
65,12,7168,142336
65,11,12288,142336
65,58,15360,142336
65,17,17408,142336
65,53,20480,142336
62,5,1024,144384
62,12,4096,144384
62,12,5120,144384
62,11,10240,144384
62,58,13312,144384
62,17,15360,144384
62,53,18432,144384
5,12,3072,145408
5,12,4096,145408
5,11,9216,145408
5,58,12288,145408
5,17,14336,145408
5,53,17408,145408
12,12,1024,148480
12,11,6144,148480
12,58,9216,148480
12,17,11264,148480
12,53,14336,148480
12,11,5120,149504
12,58,8192,149504
12,17,10240,149504
12,53,13312,149504
11,58,3072,154624
11,17,5120,154624
11,53,8192,154624
11,19,20480,154624
58,17,2048,157696
58,53,5120,157696
58,19,17408,157696
58,61,18432,157696
17,53,3072,159744
17,19,15360,159744
17,61,16384,159744
53,19,12288,162816
53,61,13312,162816
53,62,18432,162816
53,57,19456,162816
53,63,20480,162816
19,61,1024,175104
19,62,6144,175104
19,57,7168,175104
19,63,8192,175104
19,7,20480,175104
61,62,5120,176128
61,57,6144,176128
61,63,7168,176128
61,7,19456,176128
62,57,1024,181248
62,63,2048,181248
62,7,14336,181248
62,5,19456,181248
57,63,1024,182272
57,7,13312,182272
57,5,18432,182272
63,7,12288,183296
63,5,17408,183296
7,5,5120,195584
7,13,20480,195584
5,13,15360,200704
13,97,13312,216064
13,6,15360,216064
13,104,18432,216064
13,104,19456,216064
13,102,20480,216064
97,6,2048,229376
97,104,5120,229376
97,104,6144,229376
97,102,7168,229376
97,61,9216,229376
97,60,10240,229376
97,61,11264,229376
97,61,12288,229376
97,59,13312,229376
97,62,14336,229376
97,6,15360,229376
97,103,16384,229376
97,103,18432,229376
97,100,20480,229376
6,104,3072,231424
6,104,4096,231424
6,102,5120,231424
6,61,7168,231424
6,60,8192,231424
6,61,9216,231424
6,61,10240,231424
6,59,11264,231424
6,62,12288,231424
6,6,13312,231424
6,103,14336,231424
6,103,16384,231424
6,100,18432,231424
104,104,1024,234496
104,102,2048,234496
104,61,4096,234496
104,60,5120,234496
104,61,6144,234496
104,61,7168,234496
104,59,8192,234496
104,62,9216,234496
104,6,10240,234496
104,103,11264,234496
104,103,13312,234496
104,100,15360,234496
104,102,1024,235520
104,61,3072,235520
104,60,4096,235520
104,61,5120,235520
104,61,6144,235520
104,59,7168,235520
104,62,8192,235520
104,6,9216,235520
104,103,10240,235520
104,103,12288,235520
104,100,14336,235520
102,61,2048,236544
102,60,3072,236544
102,61,4096,236544
102,61,5120,236544
102,59,6144,236544
102,62,7168,236544
102,6,8192,236544
102,103,9216,236544
102,103,11264,236544
102,100,13312,236544
61,60,1024,238592
61,61,2048,238592
61,61,3072,238592
61,59,4096,238592
61,62,5120,238592
61,6,6144,238592
61,103,7168,238592
61,103,9216,238592
61,100,11264,238592
61,59,19456,238592
61,65,20480,238592
60,61,1024,239616
60,61,2048,239616
60,59,3072,239616
60,62,4096,239616
60,6,5120,239616
60,103,6144,239616
60,103,8192,239616
60,100,10240,239616
60,59,18432,239616
60,65,19456,239616
60,70,20480,239616
61,61,1024,240640
61,59,2048,240640
61,62,3072,240640
61,6,4096,240640
61,103,5120,240640
61,103,7168,240640
61,100,9216,240640
61,59,17408,240640
61,65,18432,240640
61,70,19456,240640
61,59,1024,241664
61,62,2048,241664
61,6,3072,241664
61,103,4096,241664
61,103,6144,241664
61,100,8192,241664
61,59,16384,241664
61,65,17408,241664
61,70,18432,241664
59,62,1024,242688
59,6,2048,242688
59,103,3072,242688
59,103,5120,242688
59,100,7168,242688
59,59,15360,242688
59,65,16384,242688
59,70,17408,242688
59,7,20480,242688
62,6,1024,243712
62,103,2048,243712
62,103,4096,243712
62,100,6144,243712
62,59,14336,243712
62,65,15360,243712
62,70,16384,243712
62,7,19456,243712
6,103,1024,244736
6,103,3072,244736
6,100,5120,244736
6,59,13312,244736
6,65,14336,244736
6,70,15360,244736
6,7,18432,244736
103,103,2048,245760
103,100,4096,245760
103,59,12288,245760
103,65,13312,245760
103,70,14336,245760
103,7,17408,245760
103,100,2048,247808
103,59,10240,247808
103,65,11264,247808
103,70,12288,247808
103,7,15360,247808
100,59,8192,249856
100,65,9216,249856
100,70,10240,249856
100,7,13312,249856
100,7,19456,249856
59,65,1024,258048
59,70,2048,258048
59,7,5120,258048
59,7,11264,258048
59,7,15360,258048
59,18,16384,258048
59,6,19456,258048
65,70,1024,259072
65,7,4096,259072
65,7,10240,259072
65,7,14336,259072
65,18,15360,259072
65,6,18432,259072
65,11,20480,259072
70,7,3072,260096
70,7,9216,260096
70,7,13312,260096
70,18,14336,260096
70,6,17408,260096
70,11,19456,260096
70,39,20480,260096
7,7,6144,263168
7,7,10240,263168
7,18,11264,263168
7,6,14336,263168
7,11,16384,263168
7,39,17408,263168
7,11,18432,263168
7,7,4096,269312
7,18,5120,269312
7,6,8192,269312
7,11,10240,269312
7,39,11264,269312
7,11,12288,269312
7,6,17408,269312
7,5,19456,269312
7,18,1024,273408
7,6,4096,273408
7,11,6144,273408
7,39,7168,273408
7,11,8192,273408
7,6,13312,273408
7,5,15360,273408
7,5,18432,273408
18,6,3072,274432
18,11,5120,274432
18,39,6144,274432
18,11,7168,274432
18,6,12288,274432
18,5,14336,274432
18,5,17408,274432
6,11,2048,277504
6,39,3072,277504
6,11,4096,277504
6,6,9216,277504
6,5,11264,277504
6,5,14336,277504
6,61,18432,277504
6,7,20480,277504
11,39,1024,279552
11,11,2048,279552
11,6,7168,279552
11,5,9216,279552
11,5,12288,279552
11,61,16384,279552
11,7,18432,279552
11,13,19456,279552
39,11,1024,280576
39,6,6144,280576
39,5,8192,280576
39,5,11264,280576
39,61,15360,280576
39,7,17408,280576
39,13,18432,280576
39,7,20480,280576
11,6,5120,281600
11,5,7168,281600
11,5,10240,281600
11,61,14336,281600
11,7,16384,281600
11,13,17408,281600
11,7,19456,281600
6,5,2048,286720
6,5,5120,286720
6,61,9216,286720
6,7,11264,286720
6,13,12288,286720
6,7,14336,286720
5,5,3072,288768
5,61,7168,288768
5,7,9216,288768
5,13,10240,288768
5,7,12288,288768
5,63,19456,288768
5,61,4096,291840
5,7,6144,291840
5,13,7168,291840
5,7,9216,291840
5,63,16384,291840
61,7,2048,295936
61,13,3072,295936
61,7,5120,295936
61,63,12288,295936
61,53,19456,295936
61,58,20480,295936
7,13,1024,297984
7,7,3072,297984
7,63,10240,297984
7,53,17408,297984
7,58,18432,297984
7,58,19456,297984
13,7,2048,299008
13,63,9216,299008
13,53,16384,299008
13,58,17408,299008
13,58,18432,299008
7,63,7168,301056
7,53,14336,301056
7,58,15360,301056
7,58,16384,301056
63,53,7168,308224
63,58,8192,308224
63,58,9216,308224
63,11,16384,308224
63,11,17408,308224
63,10,18432,308224
63,10,20480,308224
53,58,1024,315392
53,58,2048,315392
53,11,9216,315392
53,11,10240,315392
53,10,11264,315392
53,10,13312,315392
58,58,1024,316416
58,11,8192,316416
58,11,9216,316416
58,10,10240,316416
58,10,12288,316416
58,11,7168,317440
58,11,8192,317440
58,10,9216,317440
58,10,11264,317440
11,11,1024,324608
11,10,2048,324608
11,10,4096,324608
11,10,1024,325632
11,10,3072,325632
10,10,2048,326656
