77,11,3072,3072
77,76,8192,3072
77,75,11264,3072
77,74,13312,3072
77,7,15360,3072
77,16,16384,3072
77,6,18432,3072
11,76,5120,6144
11,75,8192,6144
11,74,10240,6144
11,7,12288,6144
11,16,13312,6144
11,6,15360,6144
11,6,19456,6144
76,75,3072,11264
76,74,5120,11264
76,7,7168,11264
76,16,8192,11264
76,6,10240,11264
76,6,14336,11264
76,33,16384,11264
76,33,17408,11264
76,32,18432,11264
76,6,20480,11264
75,74,2048,14336
75,7,4096,14336
75,16,5120,14336
75,6,7168,14336
75,6,11264,14336
75,33,13312,14336
75,33,14336,14336
75,32,15360,14336
75,6,17408,14336
75,29,18432,14336
75,29,19456,14336
75,29,20480,14336
74,7,2048,16384
74,16,3072,16384
74,6,5120,16384
74,6,9216,16384
74,33,11264,16384
74,33,12288,16384
74,32,13312,16384
74,6,15360,16384
74,29,16384,16384
74,29,17408,16384
74,29,18432,16384
7,16,1024,18432
7,6,3072,18432
7,6,7168,18432
7,33,9216,18432
7,33,10240,18432
7,32,11264,18432
7,6,13312,18432
7,29,14336,18432
7,29,15360,18432
7,29,16384,18432
16,6,2048,19456
16,6,6144,19456
16,33,8192,19456
16,33,9216,19456
16,32,10240,19456
16,6,12288,19456
16,29,13312,19456
16,29,14336,19456
16,29,15360,19456
6,6,4096,21504
6,33,6144,21504
6,33,7168,21504
6,32,8192,21504
6,6,10240,21504
6,29,11264,21504
6,29,12288,21504
6,29,13312,21504
6,33,2048,25600
6,33,3072,25600
6,32,4096,25600
6,6,6144,25600
6,29,7168,25600
6,29,8192,25600
6,29,9216,25600
6,7,17408,25600
33,33,1024,27648
33,32,2048,27648
33,6,4096,27648
33,29,5120,27648
33,29,6144,27648
33,29,7168,27648
33,7,15360,27648
33,57,20480,27648
33,32,1024,28672
33,6,3072,28672
33,29,4096,28672
33,29,5120,28672
33,29,6144,28672
33,7,14336,28672
33,57,19456,28672
32,6,2048,29696
32,29,3072,29696
32,29,4096,29696
32,29,5120,29696
32,7,13312,29696
32,57,18432,29696
6,29,1024,31744
6,29,2048,31744
6,29,3072,31744
6,7,11264,31744
6,57,16384,31744
6,6,20480,31744
29,29,1024,32768
29,29,2048,32768
29,7,10240,32768
29,57,15360,32768
29,6,19456,32768
29,29,1024,33792
29,7,9216,33792
29,57,14336,33792
29,6,18432,33792
29,7,8192,34816
29,57,13312,34816
29,6,17408,34816
29,7,20480,34816
7,57,5120,43008
7,6,9216,43008
7,7,12288,43008
7,7,13312,43008
7,61,16384,43008
7,7,17408,43008
7,7,20480,43008
57,6,4096,48128
57,7,7168,48128
57,7,8192,48128
57,61,11264,48128
57,7,12288,48128
57,7,15360,48128
57,22,17408,48128
6,7,3072,52224
6,7,4096,52224
6,61,7168,52224
6,7,8192,52224
6,7,11264,52224
6,22,13312,52224
7,7,1024,55296
7,61,4096,55296
7,7,5120,55296
7,7,8192,55296
7,22,10240,55296
7,7,18432,55296
7,61,3072,56320
7,7,4096,56320
7,7,7168,56320
7,22,9216,56320
7,7,17408,56320
61,7,1024,59392
61,7,4096,59392
61,22,6144,59392
61,7,14336,59392
61,22,20480,59392
7,7,3072,60416
7,22,5120,60416
7,7,13312,60416
7,22,19456,60416
7,22,2048,63488
7,7,10240,63488
7,22,16384,63488
7,60,18432,63488
7,58,19456,63488
22,7,8192,65536
22,22,14336,65536
22,60,16384,65536
22,58,17408,65536
7,22,6144,73728
7,60,8192,73728
7,58,9216,73728
7,15,13312,73728
7,32,16384,73728
7,7,17408,73728
7,16,18432,73728
22,60,2048,79872
22,58,3072,79872
22,15,7168,79872
22,32,10240,79872
22,7,11264,79872
22,16,12288,79872
60,58,1024,81920
60,15,5120,81920
60,32,8192,81920
60,7,9216,81920
60,16,10240,81920
60,22,19456,81920
60,76,20480,81920
58,15,4096,82944
58,32,7168,82944
58,7,8192,82944
58,16,9216,82944
58,22,18432,82944
58,76,19456,82944
15,32,3072,87040
15,7,4096,87040
15,16,5120,87040
15,22,14336,87040
15,76,15360,87040
15,74,18432,87040
15,74,19456,87040
15,7,20480,87040
32,7,1024,90112
32,16,2048,90112
32,22,11264,90112
32,76,12288,90112
32,74,15360,90112
32,74,16384,90112
32,7,17408,90112
32,22,19456,90112
7,16,1024,91136
7,22,10240,91136
7,76,11264,91136
7,74,14336,91136
7,74,15360,91136
7,7,16384,91136
7,22,18432,91136
16,22,9216,92160
16,76,10240,92160
16,74,13312,92160
16,74,14336,92160
16,7,15360,92160
16,22,17408,92160
22,76,1024,101376
22,74,4096,101376
22,74,5120,101376
22,7,6144,101376
22,22,8192,101376
22,7,15360,101376
22,32,18432,101376
22,33,19456,101376
76,74,3072,102400
76,74,4096,102400
76,7,5120,102400
76,22,7168,102400
76,7,14336,102400
76,32,17408,102400
76,33,18432,102400
74,74,1024,105472
74,7,2048,105472
74,22,4096,105472
74,7,11264,105472
74,32,14336,105472
74,33,15360,105472
74,29,18432,105472
74,7,1024,106496
74,22,3072,106496
74,7,10240,106496
74,32,13312,106496
74,33,14336,106496
74,29,17408,106496
7,22,2048,107520
7,7,9216,107520
7,32,12288,107520
7,33,13312,107520
7,29,16384,107520
22,7,7168,109568
22,32,10240,109568
22,33,11264,109568
22,29,14336,109568
7,32,3072,116736
7,33,4096,116736
7,29,7168,116736
32,33,1024,119808
32,29,4096,119808
33,29,3072,120832
33,6,20480,120832
29,6,17408,123904
29,6,20480,123904
6,6,3072,141312
6,10,9216,141312
6,6,12288,141312
6,11,15360,141312
6,68,17408,141312
6,10,6144,144384
6,6,9216,144384
6,11,12288,144384
6,68,14336,144384
6,12,19456,144384
10,6,3072,150528
10,11,6144,150528
10,68,8192,150528
10,12,13312,150528
10,36,15360,150528
10,52,16384,150528
10,50,17408,150528
10,35,18432,150528
6,11,3072,153600
6,68,5120,153600
6,12,10240,153600
6,36,12288,153600
6,52,13312,153600
6,50,14336,153600
6,35,15360,153600
6,11,19456,153600
11,68,2048,156672
11,12,7168,156672
11,36,9216,156672
11,52,10240,156672
11,50,11264,156672
11,35,12288,156672
11,11,16384,156672
11,11,19456,156672
68,12,5120,158720
68,36,7168,158720
68,52,8192,158720
68,50,9216,158720
68,35,10240,158720
68,11,14336,158720
68,11,17408,158720
12,36,2048,163840
12,52,3072,163840
12,50,4096,163840
12,35,5120,163840
12,11,9216,163840
12,11,12288,163840
36,52,1024,165888
36,50,2048,165888
36,35,3072,165888
36,11,7168,165888
36,11,10240,165888
52,50,1024,166912
52,35,2048,166912
52,11,6144,166912
52,11,9216,166912
52,15,20480,166912
50,35,1024,167936
50,11,5120,167936
50,11,8192,167936
50,15,19456,167936
35,11,4096,168960
35,11,7168,168960
35,15,18432,168960
11,11,3072,173056
11,15,14336,173056
11,10,19456,173056
11,15,11264,176128
11,10,16384,176128
15,10,5120,187392
15,39,12288,187392
15,38,15360,187392
15,11,18432,187392
15,38,19456,187392
10,39,7168,192512
10,38,10240,192512
10,11,13312,192512
10,38,14336,192512
10,73,17408,192512
10,74,18432,192512
10,73,19456,192512
10,77,20480,192512
39,38,3072,199680
39,11,6144,199680
39,38,7168,199680
39,73,10240,199680
39,74,11264,199680
39,73,12288,199680
39,77,13312,199680
39,67,14336,199680
39,7,16384,199680
39,7,18432,199680
39,7,19456,199680
39,7,20480,199680
38,11,3072,202752
38,38,4096,202752
38,73,7168,202752
38,74,8192,202752
38,73,9216,202752
38,77,10240,202752
38,67,11264,202752
38,7,13312,202752
38,7,15360,202752
38,7,16384,202752
38,7,17408,202752
11,38,1024,205824
11,73,4096,205824
11,74,5120,205824
11,73,6144,205824
11,77,7168,205824
11,67,8192,205824
11,7,10240,205824
11,7,12288,205824
11,7,13312,205824
11,7,14336,205824
11,7,18432,205824
38,73,3072,206848
38,74,4096,206848
38,73,5120,206848
38,77,6144,206848
38,67,7168,206848
38,7,9216,206848
38,7,11264,206848
38,7,12288,206848
38,7,13312,206848
38,7,17408,206848
73,74,1024,209920
73,73,2048,209920
73,77,3072,209920
73,67,4096,209920
73,7,6144,209920
73,7,8192,209920
73,7,9216,209920
73,7,10240,209920
73,7,14336,209920
73,7,18432,209920
74,73,1024,210944
74,77,2048,210944
74,67,3072,210944
74,7,5120,210944
74,7,7168,210944
74,7,8192,210944
74,7,9216,210944
74,7,13312,210944
74,7,17408,210944
73,77,1024,211968
73,67,2048,211968
73,7,4096,211968
73,7,6144,211968
73,7,7168,211968
73,7,8192,211968
73,7,12288,211968
73,7,16384,211968
77,67,1024,212992
77,7,3072,212992
77,7,5120,212992
77,7,6144,212992
77,7,7168,212992
77,7,11264,212992
77,7,15360,212992
77,7,20480,212992
67,7,2048,214016
67,7,4096,214016
67,7,5120,214016
67,7,6144,214016
67,7,10240,214016
67,7,14336,214016
67,7,19456,214016
7,7,2048,216064
7,7,3072,216064
7,7,4096,216064
7,7,8192,216064
7,7,12288,216064
7,7,17408,216064
7,7,1024,218112
7,7,2048,218112
7,7,6144,218112
7,7,10240,218112
7,7,15360,218112
7,7,1024,219136
7,7,5120,219136
7,7,9216,219136
7,7,14336,219136
7,7,4096,220160
7,7,8192,220160
7,7,13312,220160
7,7,4096,224256
7,7,9216,224256
7,7,20480,224256
7,7,5120,228352
7,7,16384,228352
7,7,11264,233472
7,14,12288,244736
7,7,15360,244736
7,7,16384,244736
14,7,3072,257024
14,7,4096,257024
14,7,12288,257024
7,7,1024,260096
7,7,9216,260096
7,7,8192,261120
12,17,1024,290816
12,9,6144,290816
17,9,5120,291840
