11,11,3072,0
11,12,6144,0
11,12,8192,0
11,11,12288,0
11,149,15360,0
11,11,18432,0
11,12,20480,0
11,12,3072,3072
11,12,5120,3072
11,11,9216,3072
11,149,12288,3072
11,11,15360,3072
11,12,17408,3072
11,30,20480,3072
12,12,2048,6144
12,11,6144,6144
12,149,9216,6144
12,11,12288,6144
12,12,14336,6144
12,30,17408,6144
12,11,4096,8192
12,149,7168,8192
12,11,10240,8192
12,12,12288,8192
12,30,15360,8192
11,149,3072,12288
11,11,6144,12288
11,12,8192,12288
11,30,11264,12288
11,11,20480,12288
149,11,3072,15360
149,12,5120,15360
149,30,8192,15360
149,11,17408,15360
149,12,19456,15360
11,12,2048,18432
11,30,5120,18432
11,11,14336,18432
11,12,16384,18432
11,11,19456,18432
11,41,20480,18432
12,30,3072,20480
12,11,12288,20480
12,12,14336,20480
12,11,17408,20480
12,41,18432,20480
30,11,9216,23552
30,12,11264,23552
30,11,14336,23552
30,41,15360,23552
30,11,18432,23552
30,11,20480,23552
11,12,2048,32768
11,11,5120,32768
11,41,6144,32768
11,11,9216,32768
11,11,11264,32768
11,11,17408,32768
12,11,3072,34816
12,41,4096,34816
12,11,7168,34816
12,11,9216,34816
12,11,15360,34816
11,41,1024,37888
11,11,4096,37888
11,11,6144,37888
11,11,12288,37888
41,11,3072,38912
41,11,5120,38912
41,11,11264,38912
11,11,2048,41984
11,11,8192,41984
11,21,18432,41984
11,11,6144,44032
11,21,16384,44032
11,11,19456,44032
11,21,10240,50176
11,11,13312,50176
11,11,19456,50176
21,11,3072,60416
21,11,9216,60416
21,12,16384,60416
21,13,19456,60416
11,11,6144,63488
11,12,13312,63488
11,13,16384,63488
11,12,7168,69632
11,13,10240,69632
11,12,17408,69632
12,13,3072,76800
12,12,10240,76800
12,11,16384,76800
12,12,18432,76800
13,12,7168,79872
13,11,13312,79872
13,12,15360,79872
12,11,6144,87040
12,12,8192,87040
12,12,20480,87040
11,12,2048,93184
11,12,14336,93184
12,12,12288,95232
12,21,18432,107520
12,11,19456,107520
21,11,1024,125952
21,11,5120,125952
21,13,9216,125952
21,11,13312,125952
21,12,15360,125952
21,11,19456,125952
11,11,4096,126976
11,13,8192,126976
11,11,12288,126976
11,12,14336,126976
11,11,18432,126976
11,13,4096,131072
11,11,8192,131072
11,12,10240,131072
11,11,14336,131072
11,11,20480,131072
13,11,4096,135168
13,12,6144,135168
13,11,10240,135168
13,11,16384,135168
13,12,18432,135168
13,67,19456,135168
11,12,2048,139264
11,11,6144,139264
11,11,12288,139264
11,12,14336,139264
11,67,15360,139264
11,12,18432,139264
12,11,4096,141312
12,11,10240,141312
12,12,12288,141312
12,67,13312,141312
12,12,16384,141312
12,144,19456,141312
11,11,6144,145408
11,12,8192,145408
11,67,9216,145408
11,12,12288,145408
11,144,15360,145408
11,12,2048,151552
11,67,3072,151552
11,12,6144,151552
11,144,9216,151552
12,67,1024,153600
12,12,4096,153600
12,144,7168,153600
67,12,3072,154624
67,144,6144,154624
12,144,3072,157696
