41,14,2048,0
41,41,4096,0
41,41,5120,0
41,41,6144,0
41,37,8192,0
41,37,9216,0
41,37,10240,0
41,37,11264,0
41,28,12288,0
41,37,15360,0
41,37,18432,0
41,21,19456,0
14,41,2048,2048
14,41,3072,2048
14,41,4096,2048
14,37,6144,2048
14,37,7168,2048
14,37,8192,2048
14,37,9216,2048
14,28,10240,2048
14,37,13312,2048
14,37,16384,2048
14,21,17408,2048
14,31,19456,2048
14,31,20480,2048
41,41,1024,4096
41,41,2048,4096
41,37,4096,4096
41,37,5120,4096
41,37,6144,4096
41,37,7168,4096
41,28,8192,4096
41,37,11264,4096
41,37,14336,4096
41,21,15360,4096
41,31,17408,4096
41,31,18432,4096
41,31,20480,4096
41,41,1024,5120
41,37,3072,5120
41,37,4096,5120
41,37,5120,5120
41,37,6144,5120
41,28,7168,5120
41,37,10240,5120
41,37,13312,5120
41,21,14336,5120
41,31,16384,5120
41,31,17408,5120
41,31,19456,5120
41,31,20480,5120
41,37,2048,6144
41,37,3072,6144
41,37,4096,6144
41,37,5120,6144
41,28,6144,6144
41,37,9216,6144
41,37,12288,6144
41,21,13312,6144
41,31,15360,6144
41,31,16384,6144
41,31,18432,6144
41,31,19456,6144
41,31,20480,6144
37,37,1024,8192
37,37,2048,8192
37,37,3072,8192
37,28,4096,8192
37,37,7168,8192
37,37,10240,8192
37,21,11264,8192
37,31,13312,8192
37,31,14336,8192
37,31,16384,8192
37,31,17408,8192
37,31,18432,8192
37,31,19456,8192
37,37,1024,9216
37,37,2048,9216
37,28,3072,9216
37,37,6144,9216
37,37,9216,9216
37,21,10240,9216
37,31,12288,9216
37,31,13312,9216
37,31,15360,9216
37,31,16384,9216
37,31,17408,9216
37,31,18432,9216
37,31,20480,9216
37,37,1024,10240
37,28,2048,10240
37,37,5120,10240
37,37,8192,10240
37,21,9216,10240
37,31,11264,10240
37,31,12288,10240
37,31,14336,10240
37,31,15360,10240
37,31,16384,10240
37,31,17408,10240
37,31,19456,10240
37,31,20480,10240
37,28,1024,11264
37,37,4096,11264
37,37,7168,11264
37,21,8192,11264
37,31,10240,11264
37,31,11264,11264
37,31,13312,11264
37,31,14336,11264
37,31,15360,11264
37,31,16384,11264
37,31,18432,11264
37,31,19456,11264
37,31,20480,11264
28,37,3072,12288
28,37,6144,12288
28,21,7168,12288
28,31,9216,12288
28,31,10240,12288
28,31,12288,12288
28,31,13312,12288
28,31,14336,12288
28,31,15360,12288
28,31,17408,12288
28,31,18432,12288
28,31,19456,12288
28,31,20480,12288
37,37,3072,15360
37,21,4096,15360
37,31,6144,15360
37,31,7168,15360
37,31,9216,15360
37,31,10240,15360
37,31,11264,15360
37,31,12288,15360
37,31,14336,15360
37,31,15360,15360
37,31,16384,15360
37,31,17408,15360
37,31,19456,15360
37,21,1024,18432
37,31,3072,18432
37,31,4096,18432
37,31,6144,18432
37,31,7168,18432
37,31,8192,18432
37,31,9216,18432
37,31,11264,18432
37,31,12288,18432
37,31,13312,18432
37,31,14336,18432
37,31,16384,18432
37,37,19456,18432
37,37,20480,18432
21,31,2048,19456
21,31,3072,19456
21,31,5120,19456
21,31,6144,19456
21,31,7168,19456
21,31,8192,19456
21,31,10240,19456
21,31,11264,19456
21,31,12288,19456
21,31,13312,19456
21,31,15360,19456
21,37,18432,19456
21,37,19456,19456
31,31,1024,21504
31,31,3072,21504
31,31,4096,21504
31,31,5120,21504
31,31,6144,21504
31,31,8192,21504
31,31,9216,21504
31,31,10240,21504
31,31,11264,21504
31,31,13312,21504
31,37,16384,21504
31,37,17408,21504
31,13,19456,21504
31,31,2048,22528
31,31,3072,22528
31,31,4096,22528
31,31,5120,22528
31,31,7168,22528
31,31,8192,22528
31,31,9216,22528
31,31,10240,22528
31,31,12288,22528
31,37,15360,22528
31,37,16384,22528
31,13,18432,22528
31,41,20480,22528
31,31,1024,24576
31,31,2048,24576
31,31,3072,24576
31,31,5120,24576
31,31,6144,24576
31,31,7168,24576
31,31,8192,24576
31,31,10240,24576
31,37,13312,24576
31,37,14336,24576
31,13,16384,24576
31,41,18432,24576
31,41,19456,24576
31,27,20480,24576
31,31,1024,25600
31,31,2048,25600
31,31,4096,25600
31,31,5120,25600
31,31,6144,25600
31,31,7168,25600
31,31,9216,25600
31,37,12288,25600
31,37,13312,25600
31,13,15360,25600
31,41,17408,25600
31,41,18432,25600
31,27,19456,25600
31,14,20480,25600
31,31,1024,26624
31,31,3072,26624
31,31,4096,26624
31,31,5120,26624
31,31,6144,26624
31,31,8192,26624
31,37,11264,26624
31,37,12288,26624
31,13,14336,26624
31,41,16384,26624
31,41,17408,26624
31,27,18432,26624
31,14,19456,26624
31,41,20480,26624
31,31,2048,27648
31,31,3072,27648
31,31,4096,27648
31,31,5120,27648
31,31,7168,27648
31,37,10240,27648
31,37,11264,27648
31,13,13312,27648
31,41,15360,27648
31,41,16384,27648
31,27,17408,27648
31,14,18432,27648
31,41,19456,27648
31,41,20480,27648
31,31,1024,29696
31,31,2048,29696
31,31,3072,29696
31,31,5120,29696
31,37,8192,29696
31,37,9216,29696
31,13,11264,29696
31,41,13312,29696
31,41,14336,29696
31,27,15360,29696
31,14,16384,29696
31,41,17408,29696
31,41,18432,29696
31,28,19456,29696
31,31,1024,30720
31,31,2048,30720
31,31,4096,30720
31,37,7168,30720
31,37,8192,30720
31,13,10240,30720
31,41,12288,30720
31,41,13312,30720
31,27,14336,30720
31,14,15360,30720
31,41,16384,30720
31,41,17408,30720
31,28,18432,30720
31,37,20480,30720
31,31,1024,31744
31,31,3072,31744
31,37,6144,31744
31,37,7168,31744
31,13,9216,31744
31,41,11264,31744
31,41,12288,31744
31,27,13312,31744
31,14,14336,31744
31,41,15360,31744
31,41,16384,31744
31,28,17408,31744
31,37,19456,31744
31,31,2048,32768
31,37,5120,32768
31,37,6144,32768
31,13,8192,32768
31,41,10240,32768
31,41,11264,32768
31,27,12288,32768
31,14,13312,32768
31,41,14336,32768
31,41,15360,32768
31,28,16384,32768
31,37,18432,32768
31,37,20480,32768
31,37,3072,34816
31,37,4096,34816
31,13,6144,34816
31,41,8192,34816
31,41,9216,34816
31,27,10240,34816
31,14,11264,34816
31,41,12288,34816
31,41,13312,34816
31,28,14336,34816
31,37,16384,34816
31,37,18432,34816
31,37,19456,34816
37,37,1024,37888
37,13,3072,37888
37,41,5120,37888
37,41,6144,37888
37,27,7168,37888
37,14,8192,37888
37,41,9216,37888
37,41,10240,37888
37,28,11264,37888
37,37,13312,37888
37,37,15360,37888
37,37,16384,37888
37,28,19456,37888
37,37,20480,37888
37,13,2048,38912
37,41,4096,38912
37,41,5120,38912
37,27,6144,38912
37,14,7168,38912
37,41,8192,38912
37,41,9216,38912
37,28,10240,38912
37,37,12288,38912
37,37,14336,38912
37,37,15360,38912
37,28,18432,38912
37,37,19456,38912
13,41,2048,40960
13,41,3072,40960
13,27,4096,40960
13,14,5120,40960
13,41,6144,40960
13,41,7168,40960
13,28,8192,40960
13,37,10240,40960
13,37,12288,40960
13,37,13312,40960
13,28,16384,40960
13,37,17408,40960
41,41,1024,43008
41,27,2048,43008
41,14,3072,43008
41,41,4096,43008
41,41,5120,43008
41,28,6144,43008
41,37,8192,43008
41,37,10240,43008
41,37,11264,43008
41,28,14336,43008
41,37,15360,43008
41,27,19456,43008
41,31,20480,43008
41,27,1024,44032
41,14,2048,44032
41,41,3072,44032
41,41,4096,44032
41,28,5120,44032
41,37,7168,44032
41,37,9216,44032
41,37,10240,44032
41,28,13312,44032
41,37,14336,44032
41,27,18432,44032
41,31,19456,44032
27,14,1024,45056
27,41,2048,45056
27,41,3072,45056
27,28,4096,45056
27,37,6144,45056
27,37,8192,45056
27,37,9216,45056
27,28,12288,45056
27,37,13312,45056
27,27,17408,45056
27,31,18432,45056
14,41,1024,46080
14,41,2048,46080
14,28,3072,46080
14,37,5120,46080
14,37,7168,46080
14,37,8192,46080
14,28,11264,46080
14,37,12288,46080
14,27,16384,46080
14,31,17408,46080
41,41,1024,47104
41,28,2048,47104
41,37,4096,47104
41,37,6144,47104
41,37,7168,47104
41,28,10240,47104
41,37,11264,47104
41,27,15360,47104
41,31,16384,47104
41,31,20480,47104
41,28,1024,48128
41,37,3072,48128
41,37,5120,48128
41,37,6144,48128
41,28,9216,48128
41,37,10240,48128
41,27,14336,48128
41,31,15360,48128
41,31,19456,48128
28,37,2048,49152
28,37,4096,49152
28,37,5120,49152
28,28,8192,49152
28,37,9216,49152
28,27,13312,49152
28,31,14336,49152
28,31,18432,49152
37,37,2048,51200
37,37,3072,51200
37,28,6144,51200
37,37,7168,51200
37,27,11264,51200
37,31,12288,51200
37,31,16384,51200
37,37,1024,53248
37,28,4096,53248
37,37,5120,53248
37,27,9216,53248
37,31,10240,53248
37,31,14336,53248
37,31,20480,53248
37,28,3072,54272
37,37,4096,54272
37,27,8192,54272
37,31,9216,54272
37,31,13312,54272
37,31,19456,54272
28,37,1024,57344
28,27,5120,57344
28,31,6144,57344
28,31,10240,57344
28,31,16384,57344
37,27,4096,58368
37,31,5120,58368
37,31,9216,58368
37,31,15360,58368
27,31,1024,62464
27,31,5120,62464
27,31,11264,62464
31,31,4096,63488
31,31,10240,63488
31,31,6144,67584
31,31,17408,67584
31,413,20480,67584
31,31,11264,73728
31,413,14336,73728
31,31,15360,73728
31,31,16384,73728
31,64,19456,73728
31,11,20480,73728
31,413,3072,84992
31,31,4096,84992
31,31,5120,84992
31,64,8192,84992
31,11,9216,84992
31,28,14336,84992
31,31,15360,84992
31,28,16384,84992
413,31,1024,88064
413,31,2048,88064
413,64,5120,88064
413,11,6144,88064
413,28,11264,88064
413,31,12288,88064
413,28,13312,88064
413,24,18432,88064
31,31,1024,89088
31,64,4096,89088
31,11,5120,89088
31,28,10240,89088
31,31,11264,89088
31,28,12288,89088
31,24,17408,89088
31,81,20480,89088
31,64,3072,90112
31,11,4096,90112
31,28,9216,90112
31,31,10240,90112
31,28,11264,90112
31,24,16384,90112
31,81,19456,90112
31,28,20480,90112
64,11,1024,93184
64,28,6144,93184
64,31,7168,93184
64,28,8192,93184
64,24,13312,93184
64,81,16384,93184
64,28,17408,93184
64,31,18432,93184
11,28,5120,94208
11,31,6144,94208
11,28,7168,94208
11,24,12288,94208
11,81,15360,94208
11,28,16384,94208
11,31,17408,94208
28,31,1024,99328
28,28,2048,99328
28,24,7168,99328
28,81,10240,99328
28,28,11264,99328
28,31,12288,99328
28,31,17408,99328
28,74,19456,99328
31,28,1024,100352
31,24,6144,100352
31,81,9216,100352
31,28,10240,100352
31,31,11264,100352
31,31,16384,100352
31,74,18432,100352
28,24,5120,101376
28,81,8192,101376
28,28,9216,101376
28,31,10240,101376
28,31,15360,101376
28,74,17408,101376
28,31,20480,101376
24,81,3072,106496
24,28,4096,106496
24,31,5120,106496
24,31,10240,106496
24,74,12288,106496
24,31,15360,106496
24,37,16384,106496
81,28,1024,109568
81,31,2048,109568
81,31,7168,109568
81,74,9216,109568
81,31,12288,109568
81,37,13312,109568
81,27,18432,109568
81,31,19456,109568
28,31,1024,110592
28,31,6144,110592
28,74,8192,110592
28,31,11264,110592
28,37,12288,110592
28,27,17408,110592
28,31,18432,110592
31,31,5120,111616
31,74,7168,111616
31,31,10240,111616
31,37,11264,111616
31,27,16384,111616
31,31,17408,111616
31,74,2048,116736
31,31,5120,116736
31,37,6144,116736
31,27,11264,116736
31,31,12288,116736
31,31,16384,116736
74,31,3072,118784
74,37,4096,118784
74,27,9216,118784
74,31,10240,118784
74,31,14336,118784
74,31,19456,118784
31,37,1024,121856
31,27,6144,121856
31,31,7168,121856
31,31,11264,121856
31,31,16384,121856
37,27,5120,122880
37,31,6144,122880
37,31,10240,122880
37,31,15360,122880
37,376,20480,122880
27,31,1024,128000
27,31,5120,128000
27,31,10240,128000
27,376,15360,128000
31,31,4096,129024
31,31,9216,129024
31,376,14336,129024
31,184,20480,129024
31,31,5120,133120
31,376,10240,133120
31,184,16384,133120
31,33,17408,133120
31,33,18432,133120
31,204,19456,133120
31,376,5120,138240
31,184,11264,138240
31,33,12288,138240
31,33,13312,138240
31,204,14336,138240
31,33,20480,138240
376,184,6144,143360
376,33,7168,143360
376,33,8192,143360
376,204,9216,143360
376,33,15360,143360
376,25,16384,143360
376,37,18432,143360
376,213,19456,143360
184,33,1024,149504
184,33,2048,149504
184,204,3072,149504
184,33,9216,149504
184,25,10240,149504
184,37,12288,149504
184,213,13312,149504
33,33,1024,150528
33,204,2048,150528
33,33,8192,150528
33,25,9216,150528
33,37,11264,150528
33,213,12288,150528
33,204,1024,151552
33,33,7168,151552
33,25,8192,151552
33,37,10240,151552
33,213,11264,151552
204,33,6144,152576
204,25,7168,152576
204,37,9216,152576
204,213,10240,152576
33,25,1024,158720
33,37,3072,158720
33,213,4096,158720
25,37,2048,159744
25,213,3072,159744
37,213,1024,161792
