13,13,1024,0
13,13,2048,0
13,8,3072,0
13,13,4096,0
13,13,5120,0
13,13,7168,0
13,13,8192,0
13,13,12288,0
13,258,14336,0
13,8,16384,0
13,7,17408,0
13,7,20480,0
13,13,1024,1024
13,8,2048,1024
13,13,3072,1024
13,13,4096,1024
13,13,6144,1024
13,13,7168,1024
13,13,11264,1024
13,258,13312,1024
13,8,15360,1024
13,7,16384,1024
13,7,19456,1024
13,13,20480,1024
13,8,1024,2048
13,13,2048,2048
13,13,3072,2048
13,13,5120,2048
13,13,6144,2048
13,13,10240,2048
13,258,12288,2048
13,8,14336,2048
13,7,15360,2048
13,7,18432,2048
13,13,19456,2048
13,46,20480,2048
8,13,1024,3072
8,13,2048,3072
8,13,4096,3072
8,13,5120,3072
8,13,9216,3072
8,258,11264,3072
8,8,13312,3072
8,7,14336,3072
8,7,17408,3072
8,13,18432,3072
8,46,19456,3072
8,10,20480,3072
13,13,1024,4096
13,13,3072,4096
13,13,4096,4096
13,13,8192,4096
13,258,10240,4096
13,8,12288,4096
13,7,13312,4096
13,7,16384,4096
13,13,17408,4096
13,46,18432,4096
13,10,19456,4096
13,13,2048,5120
13,13,3072,5120
13,13,7168,5120
13,258,9216,5120
13,8,11264,5120
13,7,12288,5120
13,7,15360,5120
13,13,16384,5120
13,46,17408,5120
13,10,18432,5120
13,13,1024,7168
13,13,5120,7168
13,258,7168,7168
13,8,9216,7168
13,7,10240,7168
13,7,13312,7168
13,13,14336,7168
13,46,15360,7168
13,10,16384,7168
13,13,4096,8192
13,258,6144,8192
13,8,8192,8192
13,7,9216,8192
13,7,12288,8192
13,13,13312,8192
13,46,14336,8192
13,10,15360,8192
13,258,2048,12288
13,8,4096,12288
13,7,5120,12288
13,7,8192,12288
13,13,9216,12288
13,46,10240,12288
13,10,11264,12288
13,13,19456,12288
258,8,2048,14336
258,7,3072,14336
258,7,6144,14336
258,13,7168,14336
258,46,8192,14336
258,10,9216,14336
258,13,17408,14336
258,13,19456,14336
8,7,1024,16384
8,7,4096,16384
8,13,5120,16384
8,46,6144,16384
8,10,7168,16384
8,13,15360,16384
8,13,17408,16384
7,7,3072,17408
7,13,4096,17408
7,46,5120,17408
7,10,6144,17408
7,13,14336,17408
7,13,16384,17408
7,13,1024,20480
7,46,2048,20480
7,10,3072,20480
7,13,11264,20480
7,13,13312,20480
13,46,1024,21504
13,10,2048,21504
13,13,10240,21504
13,13,12288,21504
46,10,1024,22528
46,13,9216,22528
46,13,11264,22528
10,13,8192,23552
10,13,10240,23552
13,13,2048,31744
13,7,17408,31744
13,7,15360,33792
7,7,3072,71680
7,30,11264,71680
7,6,16384,71680
7,30,8192,74752
7,6,13312,74752
30,6,5120,82944
6,13,17408,88064
6,8,18432,88064
6,13,19456,88064
6,13,20480,88064
13,8,1024,105472
13,13,2048,105472
13,13,3072,105472
13,26,5120,105472
13,13,6144,105472
13,6,8192,105472
13,13,11264,105472
13,13,12288,105472
13,13,13312,105472
13,8,14336,105472
13,13,15360,105472
13,13,16384,105472
13,7,17408,105472
13,7,18432,105472
8,13,1024,106496
8,13,2048,106496
8,26,4096,106496
8,13,5120,106496
8,6,7168,106496
8,13,10240,106496
8,13,11264,106496
8,13,12288,106496
8,8,13312,106496
8,13,14336,106496
8,13,15360,106496
8,7,16384,106496
8,7,17408,106496
8,13,18432,106496
13,13,1024,107520
13,26,3072,107520
13,13,4096,107520
13,6,6144,107520
13,13,9216,107520
13,13,10240,107520
13,13,11264,107520
13,8,12288,107520
13,13,13312,107520
13,13,14336,107520
13,7,15360,107520
13,7,16384,107520
13,13,17408,107520
13,26,2048,108544
13,13,3072,108544
13,6,5120,108544
13,13,8192,108544
13,13,9216,108544
13,13,10240,108544
13,8,11264,108544
13,13,12288,108544
13,13,13312,108544
13,7,14336,108544
13,7,15360,108544
13,13,16384,108544
13,31,20480,108544
26,13,1024,110592
26,6,3072,110592
26,13,6144,110592
26,13,7168,110592
26,13,8192,110592
26,8,9216,110592
26,13,10240,110592
26,13,11264,110592
26,7,12288,110592
26,7,13312,110592
26,13,14336,110592
26,31,18432,110592
26,13,20480,110592
13,6,2048,111616
13,13,5120,111616
13,13,6144,111616
13,13,7168,111616
13,8,8192,111616
13,13,9216,111616
13,13,10240,111616
13,7,11264,111616
13,7,12288,111616
13,13,13312,111616
13,31,17408,111616
13,13,19456,111616
13,158,20480,111616
6,13,3072,113664
6,13,4096,113664
6,13,5120,113664
6,8,6144,113664
6,13,7168,113664
6,13,8192,113664
6,7,9216,113664
6,7,10240,113664
6,13,11264,113664
6,31,15360,113664
6,13,17408,113664
6,158,18432,113664
13,13,1024,116736
13,13,2048,116736
13,8,3072,116736
13,13,4096,116736
13,13,5120,116736
13,7,6144,116736
13,7,7168,116736
13,13,8192,116736
13,31,12288,116736
13,13,14336,116736
13,158,15360,116736
13,164,18432,116736
13,10,20480,116736
13,13,1024,117760
13,8,2048,117760
13,13,3072,117760
13,13,4096,117760
13,7,5120,117760
13,7,6144,117760
13,13,7168,117760
13,31,11264,117760
13,13,13312,117760
13,158,14336,117760
13,164,17408,117760
13,10,19456,117760
13,8,1024,118784
13,13,2048,118784
13,13,3072,118784
13,7,4096,118784
13,7,5120,118784
13,13,6144,118784
13,31,10240,118784
13,13,12288,118784
13,158,13312,118784
13,164,16384,118784
13,10,18432,118784
8,13,1024,119808
8,13,2048,119808
8,7,3072,119808
8,7,4096,119808
8,13,5120,119808
8,31,9216,119808
8,13,11264,119808
8,158,12288,119808
8,164,15360,119808
8,10,17408,119808
13,13,1024,120832
13,7,2048,120832
13,7,3072,120832
13,13,4096,120832
13,31,8192,120832
13,13,10240,120832
13,158,11264,120832
13,164,14336,120832
13,10,16384,120832
13,7,1024,121856
13,7,2048,121856
13,13,3072,121856
13,31,7168,121856
13,13,9216,121856
13,158,10240,121856
13,164,13312,121856
13,10,15360,121856
7,7,1024,122880
7,13,2048,122880
7,31,6144,122880
7,13,8192,122880
7,158,9216,122880
7,164,12288,122880
7,10,14336,122880
7,153,20480,122880
7,13,1024,123904
7,31,5120,123904
7,13,7168,123904
7,158,8192,123904
7,164,11264,123904
7,10,13312,123904
7,153,19456,123904
7,13,20480,123904
13,31,4096,124928
13,13,6144,124928
13,158,7168,124928
13,164,10240,124928
13,10,12288,124928
13,153,18432,124928
13,13,19456,124928
13,13,20480,124928
31,13,2048,129024
31,158,3072,129024
31,164,6144,129024
31,10,8192,129024
31,153,14336,129024
31,13,15360,129024
31,13,16384,129024
31,13,17408,129024
31,13,19456,129024
31,13,20480,129024
13,158,1024,131072
13,164,4096,131072
13,10,6144,131072
13,153,12288,131072
13,13,13312,131072
13,13,14336,131072
13,13,15360,131072
13,13,17408,131072
13,13,18432,131072
13,13,20480,131072
158,164,3072,132096
158,10,5120,132096
158,153,11264,132096
158,13,12288,132096
158,13,13312,132096
158,13,14336,132096
158,13,16384,132096
158,13,17408,132096
158,13,19456,132096
158,13,20480,132096
164,10,2048,135168
164,153,8192,135168
164,13,9216,135168
164,13,10240,135168
164,13,11264,135168
164,13,13312,135168
164,13,14336,135168
164,13,16384,135168
164,13,17408,135168
164,13,19456,135168
10,153,6144,137216
10,13,7168,137216
10,13,8192,137216
10,13,9216,137216
10,13,11264,137216
10,13,12288,137216
10,13,14336,137216
10,13,15360,137216
10,13,17408,137216
153,13,1024,143360
153,13,2048,143360
153,13,3072,143360
153,13,5120,143360
153,13,6144,143360
153,13,8192,143360
153,13,9216,143360
153,13,11264,143360
153,13,15360,143360
153,13,16384,143360
13,13,1024,144384
13,13,2048,144384
13,13,4096,144384
13,13,5120,144384
13,13,7168,144384
13,13,8192,144384
13,13,10240,144384
13,13,14336,144384
13,13,15360,144384
13,13,20480,144384
13,13,1024,145408
13,13,3072,145408
13,13,4096,145408
13,13,6144,145408
13,13,7168,145408
13,13,9216,145408
13,13,13312,145408
13,13,14336,145408
13,13,19456,145408
13,13,20480,145408
13,13,2048,146432
13,13,3072,146432
13,13,5120,146432
13,13,6144,146432
13,13,8192,146432
13,13,12288,146432
13,13,13312,146432
13,13,18432,146432
13,13,19456,146432
13,13,1024,148480
13,13,3072,148480
13,13,4096,148480
13,13,6144,148480
13,13,10240,148480
13,13,11264,148480
13,13,16384,148480
13,13,17408,148480
13,13,19456,148480
13,13,2048,149504
13,13,3072,149504
13,13,5120,149504
13,13,9216,149504
13,13,10240,149504
13,13,15360,149504
13,13,16384,149504
13,13,18432,149504
13,13,1024,151552
13,13,3072,151552
13,13,7168,151552
13,13,8192,151552
13,13,13312,151552
13,13,14336,151552
13,13,16384,151552
13,13,20480,151552
13,13,2048,152576
13,13,6144,152576
13,13,7168,152576
13,13,12288,152576
13,13,13312,152576
13,13,15360,152576
13,13,19456,152576
13,13,20480,152576
13,13,4096,154624
13,13,5120,154624
13,13,10240,154624
13,13,11264,154624
13,13,13312,154624
13,13,17408,154624
13,13,18432,154624
13,13,1024,158720
13,13,6144,158720
13,13,7168,158720
13,13,9216,158720
13,13,13312,158720
13,13,14336,158720
13,13,17408,158720
13,13,19456,158720
13,13,20480,158720
13,13,5120,159744
13,13,6144,159744
13,13,8192,159744
13,13,12288,159744
13,13,13312,159744
13,13,16384,159744
13,13,18432,159744
13,13,19456,159744
13,72,20480,159744
13,13,1024,164864
13,13,3072,164864
13,13,7168,164864
13,13,8192,164864
13,13,11264,164864
13,13,13312,164864
13,13,14336,164864
13,72,15360,164864
13,7,20480,164864
13,13,2048,165888
13,13,6144,165888
13,13,7168,165888
13,13,10240,165888
13,13,12288,165888
13,13,13312,165888
13,72,14336,165888
13,7,19456,165888
13,13,20480,165888
13,13,4096,167936
13,13,5120,167936
13,13,8192,167936
13,13,10240,167936
13,13,11264,167936
13,72,12288,167936
13,7,17408,167936
13,13,18432,167936
13,7,20480,167936
13,13,1024,172032
13,13,4096,172032
13,13,6144,172032
13,13,7168,172032
13,72,8192,172032
13,7,13312,172032
13,13,14336,172032
13,7,16384,172032
13,7,17408,172032
13,7,19456,172032
13,13,20480,172032
13,13,3072,173056
13,13,5120,173056
13,13,6144,173056
13,72,7168,173056
13,7,12288,173056
13,13,13312,173056
13,7,15360,173056
13,7,16384,173056
13,7,18432,173056
13,13,19456,173056
13,13,2048,176128
13,13,3072,176128
13,72,4096,176128
13,7,9216,176128
13,13,10240,176128
13,7,12288,176128
13,7,13312,176128
13,7,15360,176128
13,13,16384,176128
13,13,1024,178176
13,72,2048,178176
13,7,7168,178176
13,13,8192,178176
13,7,10240,178176
13,7,11264,178176
13,7,13312,178176
13,13,14336,178176
13,72,1024,179200
13,7,6144,179200
13,13,7168,179200
13,7,9216,179200
13,7,10240,179200
13,7,12288,179200
13,13,13312,179200
72,7,5120,180224
72,13,6144,180224
72,7,8192,180224
72,7,9216,180224
72,7,11264,180224
72,13,12288,180224
7,13,1024,185344
7,7,3072,185344
7,7,4096,185344
7,7,6144,185344
7,13,7168,185344
13,7,2048,186368
13,7,3072,186368
13,7,5120,186368
13,13,6144,186368
7,7,1024,188416
7,7,3072,188416
7,13,4096,188416
7,7,2048,189440
7,13,3072,189440
7,13,1024,191488
38,36,2048,214016
38,32,3072,214016
38,32,4096,214016
38,39,10240,214016
36,32,1024,216064
36,32,2048,216064
36,39,8192,216064
32,32,1024,217088
32,39,7168,217088
32,39,6144,218112
39,7,18432,224256
7,7,8192,242688
7,13,10240,242688
7,13,14336,242688
7,19,17408,242688
7,13,2048,250880
7,13,6144,250880
7,19,9216,250880
7,13,15360,250880
7,13,16384,250880
13,13,4096,252928
13,19,7168,252928
13,13,13312,252928
13,13,14336,252928
13,19,3072,257024
13,13,9216,257024
13,13,10240,257024
13,13,19456,257024
19,13,6144,260096
19,13,7168,260096
19,13,16384,260096
19,13,19456,260096
13,13,1024,266240
13,13,10240,266240
13,13,13312,266240
13,13,17408,266240
13,13,9216,267264
13,13,12288,267264
13,13,16384,267264
13,13,3072,276480
13,13,7168,276480
13,13,16384,276480
13,13,17408,276480
13,13,4096,279552
13,13,13312,279552
13,13,14336,279552
13,10,20480,279552
13,13,9216,283648
13,13,10240,283648
13,10,16384,283648
13,13,17408,283648
13,13,20480,283648
13,13,1024,292864
13,10,7168,292864
13,13,8192,292864
13,13,11264,292864
13,79,14336,292864
13,13,18432,292864
13,10,6144,293888
13,13,7168,293888
13,13,10240,293888
13,79,13312,293888
13,13,17408,293888
10,13,1024,300032
10,13,4096,300032
10,79,7168,300032
10,13,11264,300032
10,13,15360,300032
13,13,3072,301056
13,79,6144,301056
13,13,10240,301056
13,13,14336,301056
13,79,3072,304128
13,13,7168,304128
13,13,11264,304128
79,13,4096,307200
79,13,8192,307200
13,13,4096,311296
