11,37,1024,1024
11,36,3072,1024
11,36,7168,1024
11,37,9216,1024
11,37,11264,1024
11,14,14336,1024
11,36,15360,1024
11,12,16384,1024
11,31,17408,1024
11,31,19456,1024
37,36,2048,2048
37,36,6144,2048
37,37,8192,2048
37,37,10240,2048
37,14,13312,2048
37,36,14336,2048
37,12,15360,2048
37,31,16384,2048
37,31,18432,2048
37,15,20480,2048
36,36,4096,4096
36,37,6144,4096
36,37,8192,4096
36,14,11264,4096
36,36,12288,4096
36,12,13312,4096
36,31,14336,4096
36,31,16384,4096
36,15,18432,4096
36,31,19456,4096
36,37,2048,8192
36,37,4096,8192
36,14,7168,8192
36,36,8192,8192
36,12,9216,8192
36,31,10240,8192
36,31,12288,8192
36,15,14336,8192
36,31,15360,8192
36,36,18432,8192
37,37,2048,10240
37,14,5120,10240
37,36,6144,10240
37,12,7168,10240
37,31,8192,10240
37,31,10240,10240
37,15,12288,10240
37,31,13312,10240
37,36,16384,10240
37,24,20480,10240
37,14,3072,12288
37,36,4096,12288
37,12,5120,12288
37,31,6144,12288
37,31,8192,12288
37,15,10240,12288
37,31,11264,12288
37,36,14336,12288
37,24,18432,12288
37,27,20480,12288
14,36,1024,15360
14,12,2048,15360
14,31,3072,15360
14,31,5120,15360
14,15,7168,15360
14,31,8192,15360
14,36,11264,15360
14,24,15360,15360
14,27,17408,15360
14,34,18432,15360
36,12,1024,16384
36,31,2048,16384
36,31,4096,16384
36,15,6144,16384
36,31,7168,16384
36,36,10240,16384
36,24,14336,16384
36,27,16384,16384
36,34,17408,16384
12,31,1024,17408
12,31,3072,17408
12,15,5120,17408
12,31,6144,17408
12,36,9216,17408
12,24,13312,17408
12,27,15360,17408
12,34,16384,17408
31,31,2048,18432
31,15,4096,18432
31,31,5120,18432
31,36,8192,18432
31,24,12288,18432
31,27,14336,18432
31,34,15360,18432
31,15,2048,20480
31,31,3072,20480
31,36,6144,20480
31,24,10240,20480
31,27,12288,20480
31,34,13312,20480
15,31,1024,22528
15,36,4096,22528
15,24,8192,22528
15,27,10240,22528
15,34,11264,22528
31,36,3072,23552
31,24,7168,23552
31,27,9216,23552
31,34,10240,23552
36,24,4096,26624
36,27,6144,26624
36,34,7168,26624
36,148,20480,26624
24,27,2048,30720
24,34,3072,30720
24,148,16384,30720
24,37,18432,30720
24,31,20480,30720
27,34,1024,32768
27,148,14336,32768
27,37,16384,32768
27,31,18432,32768
27,61,19456,32768
34,148,13312,33792
34,37,15360,33792
34,31,17408,33792
34,61,18432,33792
148,37,2048,47104
148,31,4096,47104
148,61,5120,47104
148,185,8192,47104
148,253,15360,47104
148,36,17408,47104
148,15,18432,47104
148,27,19456,47104
148,21,20480,47104
37,31,2048,49152
37,61,3072,49152
37,185,6144,49152
37,253,13312,49152
37,36,15360,49152
37,15,16384,49152
37,27,17408,49152
37,21,18432,49152
37,185,20480,49152
31,61,1024,51200
31,185,4096,51200
31,253,11264,51200
31,36,13312,51200
31,15,14336,51200
31,27,15360,51200
31,21,16384,51200
31,185,18432,51200
61,185,3072,52224
61,253,10240,52224
61,36,12288,52224
61,15,13312,52224
61,27,14336,52224
61,21,15360,52224
61,185,17408,52224
185,253,7168,55296
185,36,9216,55296
185,15,10240,55296
185,27,11264,55296
185,21,12288,55296
185,185,14336,55296
253,36,2048,62464
253,15,3072,62464
253,27,4096,62464
253,21,5120,62464
253,185,7168,62464
253,186,17408,62464
253,36,19456,62464
253,11,20480,62464
36,15,1024,64512
36,27,2048,64512
36,21,3072,64512
36,185,5120,64512
36,186,15360,64512
36,36,17408,64512
36,11,18432,64512
36,12,19456,64512
36,31,20480,64512
15,27,1024,65536
15,21,2048,65536
15,185,4096,65536
15,186,14336,65536
15,36,16384,65536
15,11,17408,65536
15,12,18432,65536
15,31,19456,65536
15,62,20480,65536
27,21,1024,66560
27,185,3072,66560
27,186,13312,66560
27,36,15360,66560
27,11,16384,66560
27,12,17408,66560
27,31,18432,66560
27,62,19456,66560
21,185,2048,67584
21,186,12288,67584
21,36,14336,67584
21,11,15360,67584
21,12,16384,67584
21,31,17408,67584
21,62,18432,67584
185,186,10240,69632
185,36,12288,69632
185,11,13312,69632
185,12,14336,69632
185,31,15360,69632
185,62,16384,69632
186,36,2048,79872
186,11,3072,79872
186,12,4096,79872
186,31,5120,79872
186,62,6144,79872
186,34,14336,79872
186,29,16384,79872
186,41,18432,79872
186,37,19456,79872
186,12,20480,79872
36,11,1024,81920
36,12,2048,81920
36,31,3072,81920
36,62,4096,81920
36,34,12288,81920
36,29,14336,81920
36,41,16384,81920
36,37,17408,81920
36,12,18432,81920
36,46,19456,81920
36,11,20480,81920
11,12,1024,82944
11,31,2048,82944
11,62,3072,82944
11,34,11264,82944
11,29,13312,82944
11,41,15360,82944
11,37,16384,82944
11,12,17408,82944
11,46,18432,82944
11,11,19456,82944
11,95,20480,82944
12,31,1024,83968
12,62,2048,83968
12,34,10240,83968
12,29,12288,83968
12,41,14336,83968
12,37,15360,83968
12,12,16384,83968
12,46,17408,83968
12,11,18432,83968
12,95,19456,83968
31,62,1024,84992
31,34,9216,84992
31,29,11264,84992
31,41,13312,84992
31,37,14336,84992
31,12,15360,84992
31,46,16384,84992
31,11,17408,84992
31,95,18432,84992
31,16,20480,84992
62,34,8192,86016
62,29,10240,86016
62,41,12288,86016
62,37,13312,86016
62,12,14336,86016
62,46,15360,86016
62,11,16384,86016
62,95,17408,86016
62,16,19456,86016
34,29,2048,94208
34,41,4096,94208
34,37,5120,94208
34,12,6144,94208
34,46,7168,94208
34,11,8192,94208
34,95,9216,94208
34,16,11264,94208
34,15,13312,94208
34,31,14336,94208
34,167,15360,94208
34,31,16384,94208
34,14,20480,94208
29,41,2048,96256
29,37,3072,96256
29,12,4096,96256
29,46,5120,96256
29,11,6144,96256
29,95,7168,96256
29,16,9216,96256
29,15,11264,96256
29,31,12288,96256
29,167,13312,96256
29,31,14336,96256
29,14,18432,96256
29,13,20480,96256
41,37,1024,98304
41,12,2048,98304
41,46,3072,98304
41,11,4096,98304
41,95,5120,98304
41,16,7168,98304
41,15,9216,98304
41,31,10240,98304
41,167,11264,98304
41,31,12288,98304
41,14,16384,98304
41,13,18432,98304
41,46,19456,98304
41,46,20480,98304
37,12,1024,99328
37,46,2048,99328
37,11,3072,99328
37,95,4096,99328
37,16,6144,99328
37,15,8192,99328
37,31,9216,99328
37,167,10240,99328
37,31,11264,99328
37,14,15360,99328
37,13,17408,99328
37,46,18432,99328
37,46,19456,99328
12,46,1024,100352
12,11,2048,100352
12,95,3072,100352
12,16,5120,100352
12,15,7168,100352
12,31,8192,100352
12,167,9216,100352
12,31,10240,100352
12,14,14336,100352
12,13,16384,100352
12,46,17408,100352
12,46,18432,100352
12,31,20480,100352
46,11,1024,101376
46,95,2048,101376
46,16,4096,101376
46,15,6144,101376
46,31,7168,101376
46,167,8192,101376
46,31,9216,101376
46,14,13312,101376
46,13,15360,101376
46,46,16384,101376
46,46,17408,101376
46,31,19456,101376
11,95,1024,102400
11,16,3072,102400
11,15,5120,102400
11,31,6144,102400
11,167,7168,102400
11,31,8192,102400
11,14,12288,102400
11,13,14336,102400
11,46,15360,102400
11,46,16384,102400
11,31,18432,102400
11,31,20480,102400
95,16,2048,103424
95,15,4096,103424
95,31,5120,103424
95,167,6144,103424
95,31,7168,103424
95,14,11264,103424
95,13,13312,103424
95,46,14336,103424
95,46,15360,103424
95,31,17408,103424
95,31,19456,103424
95,10,20480,103424
16,15,2048,105472
16,31,3072,105472
16,167,4096,105472
16,31,5120,105472
16,14,9216,105472
16,13,11264,105472
16,46,12288,105472
16,46,13312,105472
16,31,15360,105472
16,31,17408,105472
16,10,18432,105472
16,31,19456,105472
15,31,1024,107520
15,167,2048,107520
15,31,3072,107520
15,14,7168,107520
15,13,9216,107520
15,46,10240,107520
15,46,11264,107520
15,31,13312,107520
15,31,15360,107520
15,10,16384,107520
15,31,17408,107520
15,31,19456,107520
15,31,20480,107520
31,167,1024,108544
31,31,2048,108544
31,14,6144,108544
31,13,8192,108544
31,46,9216,108544
31,46,10240,108544
31,31,12288,108544
31,31,14336,108544
31,10,15360,108544
31,31,16384,108544
31,31,18432,108544
31,31,19456,108544
167,31,1024,109568
167,14,5120,109568
167,13,7168,109568
167,46,8192,109568
167,46,9216,109568
167,31,11264,109568
167,31,13312,109568
167,10,14336,109568
167,31,15360,109568
167,31,17408,109568
167,31,18432,109568
31,14,4096,110592
31,13,6144,110592
31,46,7168,110592
31,46,8192,110592
31,31,10240,110592
31,31,12288,110592
31,10,13312,110592
31,31,14336,110592
31,31,16384,110592
31,31,17408,110592
31,80,20480,110592
14,13,2048,114688
14,46,3072,114688
14,46,4096,114688
14,31,6144,114688
14,31,8192,114688
14,10,9216,114688
14,31,10240,114688
14,31,12288,114688
14,31,13312,114688
14,80,16384,114688
14,37,17408,114688
14,10,18432,114688
14,37,19456,114688
14,37,20480,114688
13,46,1024,116736
13,46,2048,116736
13,31,4096,116736
13,31,6144,116736
13,10,7168,116736
13,31,8192,116736
13,31,10240,116736
13,31,11264,116736
13,80,14336,116736
13,37,15360,116736
13,10,16384,116736
13,37,17408,116736
13,37,18432,116736
13,10,19456,116736
46,46,1024,117760
46,31,3072,117760
46,31,5120,117760
46,10,6144,117760
46,31,7168,117760
46,31,9216,117760
46,31,10240,117760
46,80,13312,117760
46,37,14336,117760
46,10,15360,117760
46,37,16384,117760
46,37,17408,117760
46,10,18432,117760
46,31,2048,118784
46,31,4096,118784
46,10,5120,118784
46,31,6144,118784
46,31,8192,118784
46,31,9216,118784
46,80,12288,118784
46,37,13312,118784
46,10,14336,118784
46,37,15360,118784
46,37,16384,118784
46,10,17408,118784
46,9,20480,118784
31,31,2048,120832
31,10,3072,120832
31,31,4096,120832
31,31,6144,120832
31,31,7168,120832
31,80,10240,120832
31,37,11264,120832
31,10,12288,120832
31,37,13312,120832
31,37,14336,120832
31,10,15360,120832
31,9,18432,120832
31,10,19456,120832
31,10,1024,122880
31,31,2048,122880
31,31,4096,122880
31,31,5120,122880
31,80,8192,122880
31,37,9216,122880
31,10,10240,122880
31,37,11264,122880
31,37,12288,122880
31,10,13312,122880
31,9,16384,122880
31,10,17408,122880
31,9,20480,122880
10,31,1024,123904
10,31,3072,123904
10,31,4096,123904
10,80,7168,123904
10,37,8192,123904
10,10,9216,123904
10,37,10240,123904
10,37,11264,123904
10,10,12288,123904
10,9,15360,123904
10,10,16384,123904
10,9,19456,123904
10,9,20480,123904
31,31,2048,124928
31,31,3072,124928
31,80,6144,124928
31,37,7168,124928
31,10,8192,124928
31,37,9216,124928
31,37,10240,124928
31,10,11264,124928
31,9,14336,124928
31,10,15360,124928
31,9,18432,124928
31,9,19456,124928
31,31,1024,126976
31,80,4096,126976
31,37,5120,126976
31,10,6144,126976
31,37,7168,126976
31,37,8192,126976
31,10,9216,126976
31,9,12288,126976
31,10,13312,126976
31,9,16384,126976
31,9,17408,126976
31,9,20480,126976
31,80,3072,128000
31,37,4096,128000
31,10,5120,128000
31,37,6144,128000
31,37,7168,128000
31,10,8192,128000
31,9,11264,128000
31,10,12288,128000
31,9,15360,128000
31,9,16384,128000
31,9,19456,128000
31,37,20480,128000
80,37,1024,131072
80,10,2048,131072
80,37,3072,131072
80,37,4096,131072
80,10,5120,131072
80,9,8192,131072
80,10,9216,131072
80,9,12288,131072
80,9,13312,131072
80,9,16384,131072
80,37,17408,131072
80,46,19456,131072
80,31,20480,131072
37,10,1024,132096
37,37,2048,132096
37,37,3072,132096
37,10,4096,132096
37,9,7168,132096
37,10,8192,132096
37,9,11264,132096
37,9,12288,132096
37,9,15360,132096
37,37,16384,132096
37,46,18432,132096
37,31,19456,132096
37,46,20480,132096
10,37,1024,133120
10,37,2048,133120
10,10,3072,133120
10,9,6144,133120
10,10,7168,133120
10,9,10240,133120
10,9,11264,133120
10,9,14336,133120
10,37,15360,133120
10,46,17408,133120
10,31,18432,133120
10,46,19456,133120
10,31,20480,133120
37,37,1024,134144
37,10,2048,134144
37,9,5120,134144
37,10,6144,134144
37,9,9216,134144
37,9,10240,134144
37,9,13312,134144
37,37,14336,134144
37,46,16384,134144
37,31,17408,134144
37,46,18432,134144
37,31,19456,134144
37,31,20480,134144
37,10,1024,135168
37,9,4096,135168
37,10,5120,135168
37,9,8192,135168
37,9,9216,135168
37,9,12288,135168
37,37,13312,135168
37,46,15360,135168
37,31,16384,135168
37,46,17408,135168
37,31,18432,135168
37,31,19456,135168
37,9,20480,135168
10,9,3072,136192
10,10,4096,136192
10,9,7168,136192
10,9,8192,136192
10,9,11264,136192
10,37,12288,136192
10,46,14336,136192
10,31,15360,136192
10,46,16384,136192
10,31,17408,136192
10,31,18432,136192
10,9,19456,136192
10,9,20480,136192
9,10,1024,139264
9,9,4096,139264
9,9,5120,139264
9,9,8192,139264
9,37,9216,139264
9,46,11264,139264
9,31,12288,139264
9,46,13312,139264
9,31,14336,139264
9,31,15360,139264
9,9,16384,139264
9,9,17408,139264
9,31,20480,139264
10,9,3072,140288
10,9,4096,140288
10,9,7168,140288
10,37,8192,140288
10,46,10240,140288
10,31,11264,140288
10,46,12288,140288
10,31,13312,140288
10,31,14336,140288
10,9,15360,140288
10,9,16384,140288
10,31,19456,140288
10,9,20480,140288
9,9,1024,143360
9,9,4096,143360
9,37,5120,143360
9,46,7168,143360
9,31,8192,143360
9,46,9216,143360
9,31,10240,143360
9,31,11264,143360
9,9,12288,143360
9,9,13312,143360
9,31,16384,143360
9,9,17408,143360
9,9,20480,143360
9,9,3072,144384
9,37,4096,144384
9,46,6144,144384
9,31,7168,144384
9,46,8192,144384
9,31,9216,144384
9,31,10240,144384
9,9,11264,144384
9,9,12288,144384
9,31,15360,144384
9,9,16384,144384
9,9,19456,144384
9,37,1024,147456
9,46,3072,147456
9,31,4096,147456
9,46,5120,147456
9,31,6144,147456
9,31,7168,147456
9,9,8192,147456
9,9,9216,147456
9,31,12288,147456
9,9,13312,147456
9,9,16384,147456
37,46,2048,148480
37,31,3072,148480
37,46,4096,148480
37,31,5120,148480
37,31,6144,148480
37,9,7168,148480
37,9,8192,148480
37,31,11264,148480
37,9,12288,148480
37,9,15360,148480
46,31,1024,150528
46,46,2048,150528
46,31,3072,150528
46,31,4096,150528
46,9,5120,150528
46,9,6144,150528
46,31,9216,150528
46,9,10240,150528
46,9,13312,150528
31,46,1024,151552
31,31,2048,151552
31,31,3072,151552
31,9,4096,151552
31,9,5120,151552
31,31,8192,151552
31,9,9216,151552
31,9,12288,151552
46,31,1024,152576
46,31,2048,152576
46,9,3072,152576
46,9,4096,152576
46,31,7168,152576
46,9,8192,152576
46,9,11264,152576
31,31,1024,153600
31,9,2048,153600
31,9,3072,153600
31,31,6144,153600
31,9,7168,153600
31,9,10240,153600
31,9,1024,154624
31,9,2048,154624
31,31,5120,154624
31,9,6144,154624
31,9,9216,154624
9,9,1024,155648
9,31,4096,155648
9,9,5120,155648
9,9,8192,155648
9,31,3072,156672
9,9,4096,156672
9,9,7168,156672
31,9,1024,159744
31,9,4096,159744
9,9,3072,160768
