21,28,5120,17408
21,28,6144,17408
21,62,6144,17408
21,62,7168,17408
21,62,9216,17408
21,28,10240,17408
21,62,10240,17408
21,28,11264,17408
21,28,12288,17408
21,28,13312,17408
21,62,13312,17408
21,28,14336,17408
21,62,14336,17408
21,62,15360,17408
28,28,1024,22528
28,62,1024,22528
28,62,2048,22528
28,62,4096,22528
28,28,5120,22528
28,62,5120,22528
28,28,6144,22528
28,28,7168,22528
28,28,8192,22528
28,62,8192,22528
28,28,9216,22528
28,62,9216,22528
28,62,10240,22528
28,62,11264,22528
28,62,0,23552
28,62,1024,23552
28,62,3072,23552
28,28,4096,23552
28,62,4096,23552
28,28,5120,23552
28,28,6144,23552
28,28,7168,23552
28,62,7168,23552
28,28,8192,23552
28,62,8192,23552
28,62,9216,23552
28,62,10240,23552
28,28,11264,23552
62,62,1024,23552
62,62,3072,23552
62,28,4096,23552
62,62,4096,23552
62,28,5120,23552
62,28,6144,23552
62,28,7168,23552
62,62,7168,23552
62,28,8192,23552
62,62,8192,23552
62,62,9216,23552
62,62,10240,23552
62,28,11264,23552
62,62,11264,23552
62,62,2048,24576
62,28,3072,24576
62,62,3072,24576
62,28,4096,24576
62,28,5120,24576
62,28,6144,24576
62,62,6144,24576
62,28,7168,24576
62,62,7168,24576
62,62,8192,24576
62,62,9216,24576
62,28,10240,24576
62,62,10240,24576
62,28,11264,24576
62,28,1024,26624
62,62,1024,26624
62,28,2048,26624
62,28,3072,26624
62,28,4096,26624
62,62,4096,26624
62,28,5120,26624
62,62,5120,26624
62,62,6144,26624
62,62,7168,26624
62,28,8192,26624
62,62,8192,26624
62,28,9216,26624
62,83,10240,26624
28,62,0,27648
28,28,1024,27648
28,28,2048,27648
28,28,3072,27648
28,62,3072,27648
28,28,4096,27648
28,62,4096,27648
28,62,5120,27648
28,62,6144,27648
28,28,7168,27648
28,62,7168,27648
28,28,8192,27648
28,83,9216,27648
28,80,10240,27648
62,28,1024,27648
62,28,2048,27648
62,28,3072,27648
62,62,3072,27648
62,28,4096,27648
62,62,4096,27648
62,62,5120,27648
62,62,6144,27648
62,28,7168,27648
62,62,7168,27648
62,28,8192,27648
62,83,9216,27648
62,80,10240,27648
28,28,1024,28672
28,28,2048,28672
28,62,2048,28672
28,28,3072,28672
28,62,3072,28672
28,62,4096,28672
28,62,5120,28672
28,28,6144,28672
28,62,6144,28672
28,28,7168,28672
28,83,8192,28672
28,80,9216,28672
28,28,1024,29696
28,62,1024,29696
28,28,2048,29696
28,62,2048,29696
28,62,3072,29696
28,62,4096,29696
28,28,5120,29696
28,62,5120,29696
28,28,6144,29696
28,83,7168,29696
28,80,8192,29696
28,18,20480,29696
28,62,0,30720
28,28,1024,30720
28,62,1024,30720
28,62,2048,30720
28,62,3072,30720
28,28,4096,30720
28,62,4096,30720
28,28,5120,30720
28,83,6144,30720
28,80,7168,30720
28,18,19456,30720
62,28,1024,30720
62,62,1024,30720
62,62,2048,30720
62,62,3072,30720
62,28,4096,30720
62,62,4096,30720
62,28,5120,30720
62,83,6144,30720
62,80,7168,30720
62,18,19456,30720
28,62,0,31744
28,62,1024,31744
28,62,2048,31744
28,28,3072,31744
28,62,3072,31744
28,28,4096,31744
28,83,5120,31744
28,80,6144,31744
28,18,18432,31744
62,62,1024,31744
62,62,2048,31744
62,28,3072,31744
62,62,3072,31744
62,28,4096,31744
62,83,5120,31744
62,80,6144,31744
62,18,18432,31744
62,62,1024,32768
62,28,2048,32768
62,62,2048,32768
62,28,3072,32768
62,83,4096,32768
62,80,5120,32768
62,18,17408,32768
62,28,1024,33792
62,62,1024,33792
62,28,2048,33792
62,83,3072,33792
62,80,4096,33792
62,18,16384,33792
28,62,0,34816
28,28,1024,34816
28,83,2048,34816
28,80,3072,34816
28,18,15360,34816
62,28,1024,34816
62,83,2048,34816
62,80,3072,34816
62,18,15360,34816
28,83,1024,35840
28,80,2048,35840
28,18,14336,35840
83,80,1024,36864
83,18,13312,36864
80,18,12288,37888
18,31,15360,84992
18,31,16384,84992
31,31,1024,100352
31,31,14336,100352
31,31,13312,101376
39,83,3072,146432
39,79,6144,146432
39,83,7168,146432
39,79,8192,146432
39,42,9216,146432
39,82,9216,146432
39,81,18432,146432
39,43,20480,146432
83,79,3072,149504
83,83,4096,149504
83,79,5120,149504
83,42,6144,149504
83,82,6144,149504
83,81,15360,149504
83,43,17408,149504
83,40,18432,149504
83,42,19456,149504
83,41,20480,149504
79,83,1024,152576
79,79,2048,152576
79,42,3072,152576
79,82,3072,152576
79,81,12288,152576
79,43,14336,152576
79,40,15360,152576
79,42,16384,152576
79,41,17408,152576
83,79,1024,153600
83,42,2048,153600
83,82,2048,153600
83,81,11264,153600
83,43,13312,153600
83,40,14336,153600
83,42,15360,153600
83,41,16384,153600
79,42,1024,154624
79,82,1024,154624
79,81,10240,154624
79,43,12288,154624
79,40,13312,154624
79,42,14336,154624
79,41,15360,154624
42,82,0,155648
42,81,9216,155648
42,43,11264,155648
42,40,12288,155648
42,42,13312,155648
42,41,14336,155648
82,81,9216,155648
82,43,11264,155648
82,40,12288,155648
82,42,13312,155648
82,41,14336,155648
81,43,2048,164864
81,40,3072,164864
81,42,4096,164864
81,41,5120,164864
81,41,13312,164864
81,81,14336,164864
81,43,17408,164864
81,42,18432,164864
43,40,1024,166912
43,42,2048,166912
43,41,3072,166912
43,41,11264,166912
43,81,12288,166912
43,43,15360,166912
43,42,16384,166912
40,42,1024,167936
40,41,2048,167936
40,41,10240,167936
40,81,11264,167936
40,43,14336,167936
40,42,15360,167936
42,41,1024,168960
42,41,9216,168960
42,81,10240,168960
42,43,13312,168960
42,42,14336,168960
42,31,20480,168960
41,41,8192,169984
41,81,9216,169984
41,43,12288,169984
41,42,13312,169984
41,31,19456,169984
41,81,1024,178176
41,43,4096,178176
41,42,5120,178176
41,31,11264,178176
41,131,13312,178176
41,34,15360,178176
41,35,16384,178176
41,65,17408,178176
41,71,18432,178176
81,43,3072,179200
81,42,4096,179200
81,31,10240,179200
81,131,12288,179200
81,34,14336,179200
81,35,15360,179200
81,65,16384,179200
81,71,17408,179200
81,69,20480,179200
43,42,1024,182272
43,31,7168,182272
43,131,9216,182272
43,34,11264,182272
43,35,12288,182272
43,65,13312,182272
43,71,14336,182272
43,69,17408,182272
43,28,18432,182272
42,31,6144,183296
42,131,8192,183296
42,34,10240,183296
42,35,11264,183296
42,65,12288,183296
42,71,13312,183296
42,69,16384,183296
42,28,17408,183296
31,131,2048,189440
31,34,4096,189440
31,35,5120,189440
31,65,6144,189440
31,71,7168,189440
31,69,10240,189440
31,28,11264,189440
31,82,19456,189440
131,34,2048,191488
131,35,3072,191488
131,65,4096,191488
131,71,5120,191488
131,69,8192,191488
131,28,9216,191488
131,82,17408,191488
131,31,20480,191488
34,35,1024,193536
34,65,2048,193536
34,71,3072,193536
34,69,6144,193536
34,28,7168,193536
34,82,15360,193536
34,31,18432,193536
35,65,1024,194560
35,71,2048,194560
35,69,5120,194560
35,28,6144,194560
35,82,14336,194560
35,31,17408,194560
65,71,1024,195584
65,69,4096,195584
65,28,5120,195584
65,82,13312,195584
65,31,16384,195584
71,69,3072,196608
71,28,4096,196608
71,82,12288,196608
71,31,15360,196608
69,28,1024,199680
69,82,9216,199680
69,31,12288,199680
69,87,20480,199680
28,82,8192,200704
28,31,11264,200704
28,87,19456,200704
82,31,3072,208896
82,87,11264,208896
82,82,13312,208896
82,42,15360,208896
82,82,15360,208896
31,87,8192,211968
31,82,10240,211968
31,42,12288,211968
31,82,12288,211968
31,38,20480,211968
31,76,20480,211968
87,82,2048,220160
87,42,4096,220160
87,82,4096,220160
87,38,12288,220160
87,76,12288,220160
87,41,14336,220160
87,41,15360,220160
82,42,2048,222208
82,82,2048,222208
82,38,10240,222208
82,76,10240,222208
82,41,12288,222208
82,41,13312,222208
82,21,20480,222208
42,82,0,224256
42,38,8192,224256
42,76,8192,224256
42,41,10240,224256
42,41,11264,224256
42,21,18432,224256
82,38,8192,224256
82,76,8192,224256
82,41,10240,224256
82,41,11264,224256
82,21,18432,224256
38,76,0,232448
38,41,2048,232448
38,41,3072,232448
38,21,10240,232448
38,51,13312,232448
38,28,18432,232448
76,41,2048,232448
76,41,3072,232448
76,21,10240,232448
76,51,13312,232448
76,28,18432,232448
41,41,1024,234496
41,21,8192,234496
41,51,11264,234496
41,28,16384,234496
41,21,7168,235520
41,51,10240,235520
41,28,15360,235520
21,51,3072,242688
21,28,8192,242688
21,156,19456,242688
21,83,20480,242688
51,28,5120,245760
51,156,16384,245760
51,83,17408,245760
51,167,19456,245760
28,156,11264,250880
28,83,12288,250880
28,167,14336,250880
156,83,1024,262144
156,167,3072,262144
156,85,11264,262144
156,82,12288,262144
156,81,13312,262144
156,86,14336,262144
83,167,2048,263168
83,85,10240,263168
83,82,11264,263168
83,81,12288,263168
83,86,13312,263168
167,85,8192,265216
167,82,9216,265216
167,81,10240,265216
167,86,11264,265216
85,82,1024,273408
85,81,2048,273408
85,86,3072,273408
85,41,13312,273408
85,169,14336,273408
85,40,16384,273408
85,42,17408,273408
82,81,1024,274432
82,86,2048,274432
82,41,12288,274432
82,169,13312,274432
82,40,15360,274432
82,42,16384,274432
81,86,1024,275456
81,41,11264,275456
81,169,12288,275456
81,40,14336,275456
81,42,15360,275456
86,41,10240,276480
86,169,11264,276480
86,40,13312,276480
86,42,14336,276480
41,169,1024,286720
41,40,3072,286720
41,42,4096,286720
41,34,15360,286720
41,70,18432,286720
41,69,19456,286720
41,69,20480,286720
169,40,2048,287744
169,42,3072,287744
169,34,14336,287744
169,70,17408,287744
169,69,18432,287744
169,69,19456,287744
40,42,1024,289792
40,34,12288,289792
40,70,15360,289792
40,69,16384,289792
40,69,17408,289792
42,34,11264,290816
42,70,14336,290816
42,69,15360,290816
42,69,16384,290816
34,70,3072,302080
34,69,4096,302080
34,69,5120,302080
34,82,14336,302080
34,80,15360,302080
70,69,1024,305152
70,69,2048,305152
70,82,11264,305152
70,80,12288,305152
70,31,18432,305152
69,69,1024,306176
69,82,10240,306176
69,80,11264,306176
69,31,17408,306176
69,82,9216,307200
69,80,10240,307200
69,31,16384,307200
82,80,1024,316416
82,31,7168,316416
82,84,13312,316416
80,31,6144,317440
80,84,12288,317440
31,84,6144,323584
