26,28,1024,0
26,29,2048,0
26,29,4096,0
26,29,5120,0
26,30,9216,0
26,29,10240,0
26,32,13312,0
26,25,17408,0
26,27,18432,0
28,29,1024,1024
28,29,3072,1024
28,29,4096,1024
28,30,8192,1024
28,29,9216,1024
28,32,12288,1024
28,25,16384,1024
28,27,17408,1024
29,29,2048,2048
29,29,3072,2048
29,30,7168,2048
29,29,8192,2048
29,32,11264,2048
29,25,15360,2048
29,27,16384,2048
29,29,1024,4096
29,30,5120,4096
29,29,6144,4096
29,32,9216,4096
29,25,13312,4096
29,27,14336,4096
29,22,19456,4096
29,22,20480,4096
29,30,4096,5120
29,29,5120,5120
29,32,8192,5120
29,25,12288,5120
29,27,13312,5120
29,22,18432,5120
29,22,19456,5120
29,24,20480,5120
30,29,1024,9216
30,32,4096,9216
30,25,8192,9216
30,27,9216,9216
30,22,14336,9216
30,22,15360,9216
30,24,16384,9216
30,24,17408,9216
29,32,3072,10240
29,25,7168,10240
29,27,8192,10240
29,22,13312,10240
29,22,14336,10240
29,24,15360,10240
29,24,16384,10240
29,22,20480,10240
32,25,4096,13312
32,27,5120,13312
32,22,10240,13312
32,22,11264,13312
32,24,12288,13312
32,24,13312,13312
32,22,17408,13312
32,20,18432,13312
32,22,19456,13312
32,21,20480,13312
25,27,1024,17408
25,22,6144,17408
25,22,7168,17408
25,24,8192,17408
25,24,9216,17408
25,22,13312,17408
25,20,14336,17408
25,22,15360,17408
25,21,16384,17408
25,22,17408,17408
27,22,5120,18432
27,22,6144,18432
27,24,7168,18432
27,24,8192,18432
27,22,12288,18432
27,20,13312,18432
27,22,14336,18432
27,21,15360,18432
27,22,16384,18432
22,22,1024,23552
22,24,2048,23552
22,24,3072,23552
22,22,7168,23552
22,20,8192,23552
22,22,9216,23552
22,21,10240,23552
22,22,11264,23552
22,24,1024,24576
22,24,2048,24576
22,22,6144,24576
22,20,7168,24576
22,22,8192,24576
22,21,9216,24576
22,22,10240,24576
24,24,1024,25600
24,22,5120,25600
24,20,6144,25600
24,22,7168,25600
24,21,8192,25600
24,22,9216,25600
24,29,20480,25600
24,22,4096,26624
24,20,5120,26624
24,22,6144,26624
24,21,7168,26624
24,22,8192,26624
24,29,19456,26624
24,32,20480,26624
22,20,1024,30720
22,22,2048,30720
22,21,3072,30720
22,22,4096,30720
22,29,15360,30720
22,32,16384,30720
22,32,17408,30720
22,30,18432,30720
22,29,19456,30720
22,29,20480,30720
20,22,1024,31744
20,21,2048,31744
20,22,3072,31744
20,29,14336,31744
20,32,15360,31744
20,32,16384,31744
20,30,17408,31744
20,29,18432,31744
20,29,19456,31744
20,29,20480,31744
22,21,1024,32768
22,22,2048,32768
22,29,13312,32768
22,32,14336,32768
22,32,15360,32768
22,30,16384,32768
22,29,17408,32768
22,29,18432,32768
22,29,19456,32768
22,27,20480,32768
21,22,1024,33792
21,29,12288,33792
21,32,13312,33792
21,32,14336,33792
21,30,15360,33792
21,29,16384,33792
21,29,17408,33792
21,29,18432,33792
21,27,19456,33792
22,29,11264,34816
22,32,12288,34816
22,32,13312,34816
22,30,14336,34816
22,29,15360,34816
22,29,16384,34816
22,29,17408,34816
22,27,18432,34816
29,32,1024,46080
29,32,2048,46080
29,30,3072,46080
29,29,4096,46080
29,29,5120,46080
29,29,6144,46080
29,27,7168,46080
29,24,10240,46080
29,31,14336,46080
29,25,17408,46080
29,24,18432,46080
29,27,19456,46080
29,26,20480,46080
32,32,1024,47104
32,30,2048,47104
32,29,3072,47104
32,29,4096,47104
32,29,5120,47104
32,27,6144,47104
32,24,9216,47104
32,31,13312,47104
32,25,16384,47104
32,24,17408,47104
32,27,18432,47104
32,26,19456,47104
32,27,20480,47104
32,30,1024,48128
32,29,2048,48128
32,29,3072,48128
32,29,4096,48128
32,27,5120,48128
32,24,8192,48128
32,31,12288,48128
32,25,15360,48128
32,24,16384,48128
32,27,17408,48128
32,26,18432,48128
32,27,19456,48128
30,29,1024,49152
30,29,2048,49152
30,29,3072,49152
30,27,4096,49152
30,24,7168,49152
30,31,11264,49152
30,25,14336,49152
30,24,15360,49152
30,27,16384,49152
30,26,17408,49152
30,27,18432,49152
29,29,1024,50176
29,29,2048,50176
29,27,3072,50176
29,24,6144,50176
29,31,10240,50176
29,25,13312,50176
29,24,14336,50176
29,27,15360,50176
29,26,16384,50176
29,27,17408,50176
29,29,1024,51200
29,27,2048,51200
29,24,5120,51200
29,31,9216,51200
29,25,12288,51200
29,24,13312,51200
29,27,14336,51200
29,26,15360,51200
29,27,16384,51200
29,27,1024,52224
29,24,4096,52224
29,31,8192,52224
29,25,11264,52224
29,24,12288,52224
29,27,13312,52224
29,26,14336,52224
29,27,15360,52224
27,24,3072,53248
27,31,7168,53248
27,25,10240,53248
27,24,11264,53248
27,27,12288,53248
27,26,13312,53248
27,27,14336,53248
24,31,4096,56320
24,25,7168,56320
24,24,8192,56320
24,27,9216,56320
24,26,10240,56320
24,27,11264,56320
24,32,18432,56320
24,36,19456,56320
24,35,20480,56320
31,25,3072,60416
31,24,4096,60416
31,27,5120,60416
31,26,6144,60416
31,27,7168,60416
31,32,14336,60416
31,36,15360,60416
31,35,16384,60416
31,34,17408,60416
31,32,18432,60416
31,32,19456,60416
25,24,1024,63488
25,27,2048,63488
25,26,3072,63488
25,27,4096,63488
25,32,11264,63488
25,36,12288,63488
25,35,13312,63488
25,34,14336,63488
25,32,15360,63488
25,32,16384,63488
24,27,1024,64512
24,26,2048,64512
24,27,3072,64512
24,32,10240,64512
24,36,11264,64512
24,35,12288,64512
24,34,13312,64512
24,32,14336,64512
24,32,15360,64512
27,26,1024,65536
27,27,2048,65536
27,32,9216,65536
27,36,10240,65536
27,35,11264,65536
27,34,12288,65536
27,32,13312,65536
27,32,14336,65536
26,27,1024,66560
26,32,8192,66560
26,36,9216,66560
26,35,10240,66560
26,34,11264,66560
26,32,12288,66560
26,32,13312,66560
27,32,7168,67584
27,36,8192,67584
27,35,9216,67584
27,34,10240,67584
27,32,11264,67584
27,32,12288,67584
32,36,1024,74752
32,35,2048,74752
32,34,3072,74752
32,32,4096,74752
32,32,5120,74752
32,21,14336,74752
32,22,15360,74752
32,22,18432,74752
32,22,19456,74752
32,25,20480,74752
36,35,1024,75776
36,34,2048,75776
36,32,3072,75776
36,32,4096,75776
36,21,13312,75776
36,22,14336,75776
36,22,17408,75776
36,22,18432,75776
36,25,19456,75776
36,24,20480,75776
35,34,1024,76800
35,32,2048,76800
35,32,3072,76800
35,21,12288,76800
35,22,13312,76800
35,22,16384,76800
35,22,17408,76800
35,25,18432,76800
35,24,19456,76800
35,23,20480,76800
34,32,1024,77824
34,32,2048,77824
34,21,11264,77824
34,22,12288,77824
34,22,15360,77824
34,22,16384,77824
34,25,17408,77824
34,24,18432,77824
34,23,19456,77824
34,25,20480,77824
32,32,1024,78848
32,21,10240,78848
32,22,11264,78848
32,22,14336,78848
32,22,15360,78848
32,25,16384,78848
32,24,17408,78848
32,23,18432,78848
32,25,19456,78848
32,21,9216,79872
32,22,10240,79872
32,22,13312,79872
32,22,14336,79872
32,25,15360,79872
32,24,16384,79872
32,23,17408,79872
32,25,18432,79872
21,22,1024,89088
21,22,4096,89088
21,22,5120,89088
21,25,6144,89088
21,24,7168,89088
21,23,8192,89088
21,25,9216,89088
21,33,17408,89088
21,65,17408,89088
21,33,18432,89088
21,65,18432,89088
21,36,19456,89088
21,73,19456,89088
21,36,20480,89088
22,22,3072,90112
22,22,4096,90112
22,25,5120,90112
22,24,6144,90112
22,23,7168,90112
22,25,8192,90112
22,33,16384,90112
22,65,16384,90112
22,33,17408,90112
22,65,17408,90112
22,36,18432,90112
22,73,18432,90112
22,36,19456,90112
22,72,19456,90112
22,22,1024,93184
22,25,2048,93184
22,24,3072,93184
22,23,4096,93184
22,25,5120,93184
22,33,13312,93184
22,65,13312,93184
22,33,14336,93184
22,65,14336,93184
22,36,15360,93184
22,73,15360,93184
22,36,16384,93184
22,72,16384,93184
22,32,17408,93184
22,25,1024,94208
22,24,2048,94208
22,23,3072,94208
22,25,4096,94208
22,33,12288,94208
22,65,12288,94208
22,33,13312,94208
22,65,13312,94208
22,36,14336,94208
22,73,14336,94208
22,36,15360,94208
22,72,15360,94208
22,32,16384,94208
22,31,17408,94208
25,24,1024,95232
25,23,2048,95232
25,25,3072,95232
25,33,11264,95232
25,65,11264,95232
25,33,12288,95232
25,65,12288,95232
25,36,13312,95232
25,73,13312,95232
25,36,14336,95232
25,72,14336,95232
25,32,15360,95232
25,31,16384,95232
25,32,17408,95232
24,23,1024,96256
24,25,2048,96256
24,33,10240,96256
24,65,10240,96256
24,33,11264,96256
24,65,11264,96256
24,36,12288,96256
24,73,12288,96256
24,36,13312,96256
24,72,13312,96256
24,32,14336,96256
24,31,15360,96256
24,32,16384,96256
24,32,17408,96256
23,25,1024,97280
23,33,9216,97280
23,65,9216,97280
23,33,10240,97280
23,65,10240,97280
23,36,11264,97280
23,73,11264,97280
23,36,12288,97280
23,72,12288,97280
23,32,13312,97280
23,31,14336,97280
23,32,15360,97280
23,32,16384,97280
23,32,17408,97280
25,33,8192,98304
25,65,8192,98304
25,33,9216,98304
25,65,9216,98304
25,36,10240,98304
25,73,10240,98304
25,36,11264,98304
25,72,11264,98304
25,32,12288,98304
25,31,13312,98304
25,32,14336,98304
25,32,15360,98304
25,32,16384,98304
25,33,18432,98304
33,65,0,106496
33,33,1024,106496
33,65,1024,106496
33,36,2048,106496
33,73,2048,106496
33,36,3072,106496
33,72,3072,106496
33,32,4096,106496
33,31,5120,106496
33,32,6144,106496
33,32,7168,106496
33,32,8192,106496
33,33,10240,106496
33,33,11264,106496
65,33,1024,106496
65,65,1024,106496
65,36,2048,106496
65,73,2048,106496
65,36,3072,106496
65,72,3072,106496
65,32,4096,106496
65,31,5120,106496
65,32,6144,106496
65,32,7168,106496
65,32,8192,106496
65,33,10240,106496
65,33,11264,106496
65,31,19456,106496
33,65,0,107520
33,36,1024,107520
33,73,1024,107520
33,36,2048,107520
33,72,2048,107520
33,32,3072,107520
33,31,4096,107520
33,32,5120,107520
33,32,6144,107520
33,32,7168,107520
33,33,9216,107520
33,33,10240,107520
33,31,18432,107520
65,36,1024,107520
65,73,1024,107520
65,36,2048,107520
65,72,2048,107520
65,32,3072,107520
65,31,4096,107520
65,32,5120,107520
65,32,6144,107520
65,32,7168,107520
65,33,9216,107520
65,33,10240,107520
65,31,18432,107520
36,73,0,108544
36,36,1024,108544
36,72,1024,108544
36,32,2048,108544
36,31,3072,108544
36,32,4096,108544
36,32,5120,108544
36,32,6144,108544
36,33,8192,108544
36,33,9216,108544
36,31,17408,108544
36,34,20480,108544
36,68,20480,108544
73,36,1024,108544
73,72,1024,108544
73,32,2048,108544
73,31,3072,108544
73,32,4096,108544
73,32,5120,108544
73,32,6144,108544
73,33,8192,108544
73,33,9216,108544
73,31,17408,108544
73,34,20480,108544
73,68,20480,108544
36,72,0,109568
36,32,1024,109568
36,31,2048,109568
36,32,3072,109568
36,32,4096,109568
36,32,5120,109568
36,33,7168,109568
36,33,8192,109568
36,31,16384,109568
36,34,19456,109568
36,68,19456,109568
36,35,20480,109568
36,71,20480,109568
72,32,1024,109568
72,31,2048,109568
72,32,3072,109568
72,32,4096,109568
72,32,5120,109568
72,33,7168,109568
72,33,8192,109568
72,31,16384,109568
72,34,19456,109568
72,68,19456,109568
72,35,20480,109568
72,71,20480,109568
32,31,1024,110592
32,32,2048,110592
32,32,3072,110592
32,32,4096,110592
32,33,6144,110592
32,33,7168,110592
32,31,15360,110592
32,34,18432,110592
32,68,18432,110592
32,35,19456,110592
32,71,19456,110592
32,36,20480,110592
32,71,20480,110592
31,32,1024,111616
31,32,2048,111616
31,32,3072,111616
31,33,5120,111616
31,33,6144,111616
31,31,14336,111616
31,34,17408,111616
31,68,17408,111616
31,35,18432,111616
31,71,18432,111616
31,36,19456,111616
31,71,19456,111616
32,32,1024,112640
32,32,2048,112640
32,33,4096,112640
32,33,5120,112640
32,31,13312,112640
32,34,16384,112640
32,68,16384,112640
32,35,17408,112640
32,71,17408,112640
32,36,18432,112640
32,71,18432,112640
32,28,20480,112640
32,32,1024,113664
32,33,3072,113664
32,33,4096,113664
32,31,12288,113664
32,34,15360,113664
32,68,15360,113664
32,35,16384,113664
32,71,16384,113664
32,36,17408,113664
32,71,17408,113664
32,28,19456,113664
32,33,2048,114688
32,33,3072,114688
32,31,11264,114688
32,34,14336,114688
32,68,14336,114688
32,35,15360,114688
32,71,15360,114688
32,36,16384,114688
32,71,16384,114688
32,28,18432,114688
33,33,1024,116736
33,31,9216,116736
33,34,12288,116736
33,68,12288,116736
33,35,13312,116736
33,71,13312,116736
33,36,14336,116736
33,71,14336,116736
33,28,16384,116736
33,21,20480,116736
33,31,8192,117760
33,34,11264,117760
33,68,11264,117760
33,35,12288,117760
33,71,12288,117760
33,36,13312,117760
33,71,13312,117760
33,28,15360,117760
33,21,19456,117760
33,22,20480,117760
31,34,3072,125952
31,68,3072,125952
31,35,4096,125952
31,71,4096,125952
31,36,5120,125952
31,71,5120,125952
31,28,7168,125952
31,21,11264,125952
31,22,12288,125952
31,22,14336,125952
31,22,15360,125952
31,24,16384,125952
34,68,0,129024
34,35,1024,129024
34,71,1024,129024
34,36,2048,129024
34,71,2048,129024
34,28,4096,129024
34,21,8192,129024
34,22,9216,129024
34,22,11264,129024
34,22,12288,129024
34,24,13312,129024
34,32,18432,129024
34,32,19456,129024
34,37,20480,129024
68,35,1024,129024
68,71,1024,129024
68,36,2048,129024
68,71,2048,129024
68,28,4096,129024
68,21,8192,129024
68,22,9216,129024
68,22,11264,129024
68,22,12288,129024
68,24,13312,129024
68,32,18432,129024
68,32,19456,129024
68,37,20480,129024
35,71,0,130048
35,36,1024,130048
35,71,1024,130048
35,28,3072,130048
35,21,7168,130048
35,22,8192,130048
35,22,10240,130048
35,22,11264,130048
35,24,12288,130048
35,32,17408,130048
35,32,18432,130048
35,37,19456,130048
35,36,20480,130048
71,36,1024,130048
71,71,1024,130048
71,28,3072,130048
71,21,7168,130048
71,22,8192,130048
71,22,10240,130048
71,22,11264,130048
71,24,12288,130048
71,32,17408,130048
71,32,18432,130048
71,37,19456,130048
71,36,20480,130048
36,71,0,131072
36,28,2048,131072
36,21,6144,131072
36,22,7168,131072
36,22,9216,131072
36,22,10240,131072
36,24,11264,131072
36,32,16384,131072
36,32,17408,131072
36,37,18432,131072
36,36,19456,131072
36,35,20480,131072
71,28,2048,131072
71,21,6144,131072
71,22,7168,131072
71,22,9216,131072
71,22,10240,131072
71,24,11264,131072
71,32,16384,131072
71,32,17408,131072
71,37,18432,131072
71,36,19456,131072
71,35,20480,131072
28,21,4096,133120
28,22,5120,133120
28,22,7168,133120
28,22,8192,133120
28,24,9216,133120
28,32,14336,133120
28,32,15360,133120
28,37,16384,133120
28,36,17408,133120
28,35,18432,133120
28,37,19456,133120
28,36,20480,133120
21,22,1024,137216
21,22,3072,137216
21,22,4096,137216
21,24,5120,137216
21,32,10240,137216
21,32,11264,137216
21,37,12288,137216
21,36,13312,137216
21,35,14336,137216
21,37,15360,137216
21,36,16384,137216
22,22,2048,138240
22,22,3072,138240
22,24,4096,138240
22,32,9216,138240
22,32,10240,138240
22,37,11264,138240
22,36,12288,138240
22,35,13312,138240
22,37,14336,138240
22,36,15360,138240
22,22,1024,140288
22,24,2048,140288
22,32,7168,140288
22,32,8192,140288
22,37,9216,140288
22,36,10240,140288
22,35,11264,140288
22,37,12288,140288
22,36,13312,140288
22,24,1024,141312
22,32,6144,141312
22,32,7168,141312
22,37,8192,141312
22,36,9216,141312
22,35,10240,141312
22,37,11264,141312
22,36,12288,141312
24,32,5120,142336
24,32,6144,142336
24,37,7168,142336
24,36,8192,142336
24,35,9216,142336
24,37,10240,142336
24,36,11264,142336
32,32,1024,147456
32,37,2048,147456
32,36,3072,147456
32,35,4096,147456
32,37,5120,147456
32,36,6144,147456
32,36,16384,147456
32,110,16384,147456
32,36,17408,147456
32,40,18432,147456
32,80,18432,147456
32,40,19456,147456
32,81,19456,147456
32,37,1024,148480
32,36,2048,148480
32,35,3072,148480
32,37,4096,148480
32,36,5120,148480
32,36,15360,148480
32,110,15360,148480
32,36,16384,148480
32,40,17408,148480
32,80,17408,148480
32,40,18432,148480
32,81,18432,148480
32,36,20480,148480
32,42,20480,148480
37,36,1024,149504
37,35,2048,149504
37,37,3072,149504
37,36,4096,149504
37,36,14336,149504
37,110,14336,149504
37,36,15360,149504
37,40,16384,149504
37,80,16384,149504
37,40,17408,149504
37,81,17408,149504
37,36,19456,149504
37,42,19456,149504
37,43,20480,149504
36,35,1024,150528
36,37,2048,150528
36,36,3072,150528
36,36,13312,150528
36,110,13312,150528
36,36,14336,150528
36,40,15360,150528
36,80,15360,150528
36,40,16384,150528
36,81,16384,150528
36,36,18432,150528
36,42,18432,150528
36,43,19456,150528
35,37,1024,151552
35,36,2048,151552
35,36,12288,151552
35,110,12288,151552
35,36,13312,151552
35,40,14336,151552
35,80,14336,151552
35,40,15360,151552
35,81,15360,151552
35,36,17408,151552
35,42,17408,151552
35,43,18432,151552
37,36,1024,152576
37,36,11264,152576
37,110,11264,152576
37,36,12288,152576
37,40,13312,152576
37,80,13312,152576
37,40,14336,152576
37,81,14336,152576
37,36,16384,152576
37,42,16384,152576
37,43,17408,152576
37,37,20480,152576
37,74,20480,152576
36,36,10240,153600
36,110,10240,153600
36,36,11264,153600
36,40,12288,153600
36,80,12288,153600
36,40,13312,153600
36,81,13312,153600
36,36,15360,153600
36,42,15360,153600
36,43,16384,153600
36,37,19456,153600
36,74,19456,153600
36,69,20480,153600
36,110,0,163840
36,36,1024,163840
36,40,2048,163840
36,80,2048,163840
36,40,3072,163840
36,81,3072,163840
36,36,5120,163840
36,42,5120,163840
36,43,6144,163840
36,37,9216,163840
36,74,9216,163840
36,69,10240,163840
36,83,11264,163840
36,79,12288,163840
110,36,1024,163840
110,40,2048,163840
110,80,2048,163840
110,40,3072,163840
110,81,3072,163840
110,36,5120,163840
110,42,5120,163840
110,43,6144,163840
110,37,9216,163840
110,74,9216,163840
110,69,10240,163840
110,83,11264,163840
110,79,12288,163840
110,83,13312,163840
36,40,1024,164864
36,80,1024,164864
36,40,2048,164864
36,81,2048,164864
36,36,4096,164864
36,42,4096,164864
36,43,5120,164864
36,37,8192,164864
36,74,8192,164864
36,69,9216,164864
36,83,10240,164864
36,79,11264,164864
36,83,12288,164864
40,80,0,165888
40,40,1024,165888
40,81,1024,165888
40,36,3072,165888
40,42,3072,165888
40,43,4096,165888
40,37,7168,165888
40,74,7168,165888
40,69,8192,165888
40,83,9216,165888
40,79,10240,165888
40,83,11264,165888
80,40,1024,165888
80,81,1024,165888
80,36,3072,165888
80,42,3072,165888
80,43,4096,165888
80,37,7168,165888
80,74,7168,165888
80,69,8192,165888
80,83,9216,165888
80,79,10240,165888
80,83,11264,165888
40,81,0,166912
40,36,2048,166912
40,42,2048,166912
40,43,3072,166912
40,37,6144,166912
40,74,6144,166912
40,69,7168,166912
40,83,8192,166912
40,79,9216,166912
40,83,10240,166912
81,36,2048,166912
81,42,2048,166912
81,43,3072,166912
81,37,6144,166912
81,74,6144,166912
81,69,7168,166912
81,83,8192,166912
81,79,9216,166912
81,83,10240,166912
36,42,0,168960
36,43,1024,168960
36,37,4096,168960
36,74,4096,168960
36,69,5120,168960
36,83,6144,168960
36,79,7168,168960
36,83,8192,168960
36,81,20480,168960
42,43,1024,168960
42,37,4096,168960
42,74,4096,168960
42,69,5120,168960
42,83,6144,168960
42,79,7168,168960
42,83,8192,168960
42,81,20480,168960
43,37,3072,169984
43,74,3072,169984
43,69,4096,169984
43,83,5120,169984
43,79,6144,169984
43,83,7168,169984
43,81,19456,169984
43,40,20480,169984
43,80,20480,169984
37,74,0,173056
37,69,1024,173056
37,83,2048,173056
37,79,3072,173056
37,83,4096,173056
37,81,16384,173056
37,40,17408,173056
37,80,17408,173056
74,69,1024,173056
74,83,2048,173056
74,79,3072,173056
74,83,4096,173056
74,81,16384,173056
74,40,17408,173056
74,80,17408,173056
69,83,1024,174080
69,79,2048,174080
69,83,3072,174080
69,81,15360,174080
69,40,16384,174080
69,80,16384,174080
69,43,20480,174080
69,85,20480,174080
83,79,1024,175104
83,83,2048,175104
83,81,14336,175104
83,40,15360,175104
83,80,15360,175104
83,43,19456,175104
83,85,19456,175104
79,83,1024,176128
79,81,13312,176128
79,40,14336,176128
79,80,14336,176128
79,43,18432,176128
79,85,18432,176128
79,43,20480,176128
83,81,12288,177152
83,40,13312,177152
83,80,13312,177152
83,43,17408,177152
83,85,17408,177152
83,43,19456,177152
83,44,20480,177152
81,40,1024,189440
81,80,1024,189440
81,43,5120,189440
81,85,5120,189440
81,43,7168,189440
81,44,8192,189440
81,96,10240,189440
81,37,12288,189440
81,43,12288,189440
81,86,12288,189440
81,83,13312,189440
81,87,14336,189440
81,19,15360,189440
81,84,15360,189440
40,80,0,190464
40,43,4096,190464
40,85,4096,190464
40,43,6144,190464
40,44,7168,190464
40,96,9216,190464
40,37,11264,190464
40,43,11264,190464
40,86,11264,190464
40,83,12288,190464
40,87,13312,190464
40,19,14336,190464
40,84,14336,190464
40,84,15360,190464
80,43,4096,190464
80,85,4096,190464
80,43,6144,190464
80,44,7168,190464
80,96,9216,190464
80,37,11264,190464
80,43,11264,190464
80,86,11264,190464
80,83,12288,190464
80,87,13312,190464
80,19,14336,190464
80,84,14336,190464
80,84,15360,190464
80,86,16384,190464
43,85,0,194560
43,43,2048,194560
43,44,3072,194560
43,96,5120,194560
43,37,7168,194560
43,43,7168,194560
43,86,7168,194560
43,83,8192,194560
43,87,9216,194560
43,19,10240,194560
43,84,10240,194560
43,84,11264,194560
43,86,12288,194560
43,84,13312,194560
85,43,2048,194560
85,44,3072,194560
85,96,5120,194560
85,37,7168,194560
85,43,7168,194560
85,86,7168,194560
85,83,8192,194560
85,87,9216,194560
85,19,10240,194560
85,84,10240,194560
85,84,11264,194560
85,86,12288,194560
85,84,13312,194560
85,73,14336,194560
43,44,1024,196608
43,96,3072,196608
43,37,5120,196608
43,43,5120,196608
43,86,5120,196608
43,83,6144,196608
43,87,7168,196608
43,19,8192,196608
43,84,8192,196608
43,84,9216,196608
43,86,10240,196608
43,84,11264,196608
43,73,12288,196608
43,44,19456,196608
44,96,2048,197632
44,37,4096,197632
44,43,4096,197632
44,86,4096,197632
44,83,5120,197632
44,87,6144,197632
44,19,7168,197632
44,84,7168,197632
44,84,8192,197632
44,86,9216,197632
44,84,10240,197632
44,73,11264,197632
44,44,18432,197632
44,88,18432,197632
96,37,2048,199680
96,43,2048,199680
96,86,2048,199680
96,83,3072,199680
96,87,4096,199680
96,19,5120,199680
96,84,5120,199680
96,84,6144,199680
96,86,7168,199680
96,84,8192,199680
96,73,9216,199680
96,44,16384,199680
96,88,16384,199680
96,42,17408,199680
37,43,0,201728
37,86,0,201728
37,83,1024,201728
37,87,2048,201728
37,19,3072,201728
37,84,3072,201728
37,84,4096,201728
37,86,5120,201728
37,84,6144,201728
37,73,7168,201728
37,44,14336,201728
37,88,14336,201728
37,42,15360,201728
37,42,16384,201728
43,86,0,201728
43,83,1024,201728
43,87,2048,201728
43,19,3072,201728
43,84,3072,201728
43,84,4096,201728
43,86,5120,201728
43,84,6144,201728
43,73,7168,201728
43,44,14336,201728
43,88,14336,201728
43,42,15360,201728
43,42,16384,201728
43,42,17408,201728
86,83,1024,201728
86,87,2048,201728
86,19,3072,201728
86,84,3072,201728
86,84,4096,201728
86,86,5120,201728
86,84,6144,201728
86,73,7168,201728
86,44,14336,201728
86,88,14336,201728
86,42,15360,201728
86,42,16384,201728
86,42,17408,201728
86,85,18432,201728
83,87,1024,202752
83,19,2048,202752
83,84,2048,202752
83,84,3072,202752
83,86,4096,202752
83,84,5120,202752
83,73,6144,202752
83,44,13312,202752
83,88,13312,202752
83,42,14336,202752
83,42,15360,202752
83,42,16384,202752
83,85,17408,202752
83,85,18432,202752
87,19,1024,203776
87,84,1024,203776
87,84,2048,203776
87,86,3072,203776
87,84,4096,203776
87,73,5120,203776
87,44,12288,203776
87,88,12288,203776
87,42,13312,203776
87,42,14336,203776
87,42,15360,203776
87,85,16384,203776
87,85,17408,203776
87,86,18432,203776
19,84,0,204800
19,84,1024,204800
19,86,2048,204800
19,84,3072,204800
19,73,4096,204800
19,44,11264,204800
19,88,11264,204800
19,42,12288,204800
19,42,13312,204800
19,42,14336,204800
19,85,15360,204800
19,85,16384,204800
19,86,17408,204800
19,98,18432,204800
84,84,1024,204800
84,86,2048,204800
84,84,3072,204800
84,73,4096,204800
84,44,11264,204800
84,88,11264,204800
84,42,12288,204800
84,42,13312,204800
84,42,14336,204800
84,85,15360,204800
84,85,16384,204800
84,86,17408,204800
84,98,18432,204800
84,142,19456,204800
84,86,1024,205824
84,84,2048,205824
84,73,3072,205824
84,44,10240,205824
84,88,10240,205824
84,42,11264,205824
84,42,12288,205824
84,42,13312,205824
84,85,14336,205824
84,85,15360,205824
84,86,16384,205824
84,98,17408,205824
84,142,18432,205824
84,144,19456,205824
86,84,1024,206848
86,73,2048,206848
86,44,9216,206848
86,88,9216,206848
86,42,10240,206848
86,42,11264,206848
86,42,12288,206848
86,85,13312,206848
86,85,14336,206848
86,86,15360,206848
86,98,16384,206848
86,142,17408,206848
86,144,18432,206848
84,73,1024,207872
84,44,8192,207872
84,88,8192,207872
84,42,9216,207872
84,42,10240,207872
84,42,11264,207872
84,85,12288,207872
84,85,13312,207872
84,86,14336,207872
84,98,15360,207872
84,142,16384,207872
84,144,17408,207872
84,43,20480,207872
73,44,7168,208896
73,88,7168,208896
73,42,8192,208896
73,42,9216,208896
73,42,10240,208896
73,85,11264,208896
73,85,12288,208896
73,86,13312,208896
73,98,14336,208896
73,142,15360,208896
73,144,16384,208896
73,43,19456,208896
73,42,20480,208896
44,88,0,216064
44,42,1024,216064
44,42,2048,216064
44,42,3072,216064
44,85,4096,216064
44,85,5120,216064
44,86,6144,216064
44,98,7168,216064
44,142,8192,216064
44,144,9216,216064
44,43,12288,216064
44,42,13312,216064
44,86,14336,216064
44,83,15360,216064
88,42,1024,216064
88,42,2048,216064
88,42,3072,216064
88,85,4096,216064
88,85,5120,216064
88,86,6144,216064
88,98,7168,216064
88,142,8192,216064
88,144,9216,216064
88,43,12288,216064
88,42,13312,216064
88,86,14336,216064
88,83,15360,216064
88,87,16384,216064
42,42,1024,217088
42,42,2048,217088
42,85,3072,217088
42,85,4096,217088
42,86,5120,217088
42,98,6144,217088
42,142,7168,217088
42,144,8192,217088
42,43,11264,217088
42,42,12288,217088
42,86,13312,217088
42,83,14336,217088
42,87,15360,217088
42,83,16384,217088
42,42,1024,218112
42,85,2048,218112
42,85,3072,218112
42,86,4096,218112
42,98,5120,218112
42,142,6144,218112
42,144,7168,218112
42,43,10240,218112
42,42,11264,218112
42,86,12288,218112
42,83,13312,218112
42,87,14336,218112
42,83,15360,218112
42,43,16384,218112
42,85,1024,219136
42,85,2048,219136
42,86,3072,219136
42,98,4096,219136
42,142,5120,219136
42,144,6144,219136
42,43,9216,219136
42,42,10240,219136
42,86,11264,219136
42,83,12288,219136
42,87,13312,219136
42,83,14336,219136
42,43,15360,219136
85,85,1024,220160
85,86,2048,220160
85,98,3072,220160
85,142,4096,220160
85,144,5120,220160
85,43,8192,220160
85,42,9216,220160
85,86,10240,220160
85,83,11264,220160
85,87,12288,220160
85,83,13312,220160
85,43,14336,220160
85,86,1024,221184
85,98,2048,221184
85,142,3072,221184
85,144,4096,221184
85,43,7168,221184
85,42,8192,221184
85,86,9216,221184
85,83,10240,221184
85,87,11264,221184
85,83,12288,221184
85,43,13312,221184
85,31,20480,221184
86,98,1024,222208
86,142,2048,222208
86,144,3072,222208
86,43,6144,222208
86,42,7168,222208
86,86,8192,222208
86,83,9216,222208
86,87,10240,222208
86,83,11264,222208
86,43,12288,222208
86,31,19456,222208
98,142,1024,223232
98,144,2048,223232
98,43,5120,223232
98,42,6144,223232
98,86,7168,223232
98,83,8192,223232
98,87,9216,223232
98,83,10240,223232
98,43,11264,223232
98,31,18432,223232
98,67,20480,223232
142,144,1024,224256
142,43,4096,224256
142,42,5120,224256
142,86,6144,224256
142,83,7168,224256
142,87,8192,224256
142,83,9216,224256
142,43,10240,224256
142,31,17408,224256
142,67,19456,224256
142,32,20480,224256
144,43,3072,225280
144,42,4096,225280
144,86,5120,225280
144,83,6144,225280
144,87,7168,225280
144,83,8192,225280
144,43,9216,225280
144,31,16384,225280
144,67,18432,225280
144,32,19456,225280
144,32,20480,225280
144,63,20480,225280
43,42,1024,228352
43,86,2048,228352
43,83,3072,228352
43,87,4096,228352
43,83,5120,228352
43,43,6144,228352
43,31,13312,228352
43,67,15360,228352
43,32,16384,228352
43,32,17408,228352
43,63,17408,228352
43,67,18432,228352
43,68,19456,228352
43,102,19456,228352
42,86,1024,229376
42,83,2048,229376
42,87,3072,229376
42,83,4096,229376
42,43,5120,229376
42,31,12288,229376
42,67,14336,229376
42,32,15360,229376
42,32,16384,229376
42,63,16384,229376
42,67,17408,229376
42,68,18432,229376
42,102,18432,229376
42,34,19456,229376
86,83,1024,230400
86,87,2048,230400
86,83,3072,230400
86,43,4096,230400
86,31,11264,230400
86,67,13312,230400
86,32,14336,230400
86,32,15360,230400
86,63,15360,230400
86,67,16384,230400
86,68,17408,230400
86,102,17408,230400
86,34,18432,230400
86,68,18432,230400
83,87,1024,231424
83,83,2048,231424
83,43,3072,231424
83,31,10240,231424
83,67,12288,231424
83,32,13312,231424
83,32,14336,231424
83,63,14336,231424
83,67,15360,231424
83,68,16384,231424
83,102,16384,231424
83,34,17408,231424
83,68,17408,231424
87,83,1024,232448
87,43,2048,232448
87,31,9216,232448
87,67,11264,232448
87,32,12288,232448
87,32,13312,232448
87,63,13312,232448
87,67,14336,232448
87,68,15360,232448
87,102,15360,232448
87,34,16384,232448
87,68,16384,232448
83,43,1024,233472
83,31,8192,233472
83,67,10240,233472
83,32,11264,233472
83,32,12288,233472
83,63,12288,233472
83,67,13312,233472
83,68,14336,233472
83,102,14336,233472
83,34,15360,233472
83,68,15360,233472
43,31,7168,234496
43,67,9216,234496
43,32,10240,234496
43,32,11264,234496
43,63,11264,234496
43,67,12288,234496
43,68,13312,234496
43,102,13312,234496
43,34,14336,234496
43,68,14336,234496
31,67,2048,241664
31,32,3072,241664
31,32,4096,241664
31,63,4096,241664
31,67,5120,241664
31,68,6144,241664
31,102,6144,241664
31,34,7168,241664
31,68,7168,241664
31,34,14336,241664
31,33,15360,241664
31,33,16384,241664
67,32,1024,243712
67,32,2048,243712
67,63,2048,243712
67,67,3072,243712
67,68,4096,243712
67,102,4096,243712
67,34,5120,243712
67,68,5120,243712
67,34,12288,243712
67,33,13312,243712
67,33,14336,243712
67,19,19456,243712
32,32,1024,244736
32,63,1024,244736
32,67,2048,244736
32,68,3072,244736
32,102,3072,244736
32,34,4096,244736
32,68,4096,244736
32,34,11264,244736
32,33,12288,244736
32,33,13312,244736
32,19,18432,244736
32,63,0,245760
32,67,1024,245760
32,68,2048,245760
32,102,2048,245760
32,34,3072,245760
32,68,3072,245760
32,34,10240,245760
32,33,11264,245760
32,33,12288,245760
32,19,17408,245760
63,67,1024,245760
63,68,2048,245760
63,102,2048,245760
63,34,3072,245760
63,68,3072,245760
63,34,10240,245760
63,33,11264,245760
63,33,12288,245760
63,19,17408,245760
67,68,1024,246784
67,102,1024,246784
67,34,2048,246784
67,68,2048,246784
67,34,9216,246784
67,33,10240,246784
67,33,11264,246784
67,19,16384,246784
68,102,0,247808
68,34,1024,247808
68,68,1024,247808
68,34,8192,247808
68,33,9216,247808
68,33,10240,247808
68,19,15360,247808
102,34,1024,247808
102,68,1024,247808
102,34,8192,247808
102,33,9216,247808
102,33,10240,247808
102,19,15360,247808
34,68,0,248832
34,34,7168,248832
34,33,8192,248832
34,33,9216,248832
34,19,14336,248832
68,34,7168,248832
68,33,8192,248832
68,33,9216,248832
68,19,14336,248832
34,33,1024,256000
34,33,2048,256000
34,19,7168,256000
34,31,15360,256000
34,32,16384,256000
34,32,18432,256000
34,33,19456,256000
34,32,20480,256000
33,33,1024,257024
33,19,6144,257024
33,31,14336,257024
33,32,15360,257024
33,32,17408,257024
33,33,18432,257024
33,32,19456,257024
33,33,20480,257024
33,19,5120,258048
33,31,13312,258048
33,32,14336,258048
33,32,16384,258048
33,33,17408,258048
33,32,18432,258048
33,33,19456,258048
33,33,20480,258048
19,31,8192,263168
19,32,9216,263168
19,32,11264,263168
19,33,12288,263168
19,32,13312,263168
19,33,14336,263168
19,33,15360,263168
19,36,16384,263168
19,44,18432,263168
19,44,19456,263168
31,32,1024,271360
31,32,3072,271360
31,33,4096,271360
31,32,5120,271360
31,33,6144,271360
31,33,7168,271360
31,36,8192,271360
31,44,10240,271360
31,44,11264,271360
31,51,13312,271360
31,49,14336,271360
31,52,17408,271360
31,105,18432,271360
31,108,19456,271360
32,32,2048,272384
32,33,3072,272384
32,32,4096,272384
32,33,5120,272384
32,33,6144,272384
32,36,7168,272384
32,44,9216,272384
32,44,10240,272384
32,51,12288,272384
32,49,13312,272384
32,52,16384,272384
32,105,17408,272384
32,108,18432,272384
32,109,19456,272384
32,33,1024,274432
32,32,2048,274432
32,33,3072,274432
32,33,4096,274432
32,36,5120,274432
32,44,7168,274432
32,44,8192,274432
32,51,10240,274432
32,49,11264,274432
32,52,14336,274432
32,105,15360,274432
32,108,16384,274432
32,109,17408,274432
32,164,17408,274432
33,32,1024,275456
33,33,2048,275456
33,33,3072,275456
33,36,4096,275456
33,44,6144,275456
33,44,7168,275456
33,51,9216,275456
33,49,10240,275456
33,52,13312,275456
33,105,14336,275456
33,108,15360,275456
33,109,16384,275456
33,164,16384,275456
33,102,17408,275456
32,33,1024,276480
32,33,2048,276480
32,36,3072,276480
32,44,5120,276480
32,44,6144,276480
32,51,8192,276480
32,49,9216,276480
32,52,12288,276480
32,105,13312,276480
32,108,14336,276480
32,109,15360,276480
32,164,15360,276480
32,102,16384,276480
32,108,17408,276480
33,33,1024,277504
33,36,2048,277504
33,44,4096,277504
33,44,5120,277504
33,51,7168,277504
33,49,8192,277504
33,52,11264,277504
33,105,12288,277504
33,108,13312,277504
33,109,14336,277504
33,164,14336,277504
33,102,15360,277504
33,108,16384,277504
33,108,17408,277504
33,36,1024,278528
33,44,3072,278528
33,44,4096,278528
33,51,6144,278528
33,49,7168,278528
33,52,10240,278528
33,105,11264,278528
33,108,12288,278528
33,109,13312,278528
33,164,13312,278528
33,102,14336,278528
33,108,15360,278528
33,108,16384,278528
33,163,16384,278528
36,44,2048,279552
36,44,3072,279552
36,51,5120,279552
36,49,6144,279552
36,52,9216,279552
36,105,10240,279552
36,108,11264,279552
36,109,12288,279552
36,164,12288,279552
36,102,13312,279552
36,108,14336,279552
36,108,15360,279552
36,163,15360,279552
44,44,1024,281600
44,51,3072,281600
44,49,4096,281600
44,52,7168,281600
44,105,8192,281600
44,108,9216,281600
44,109,10240,281600
44,164,10240,281600
44,102,11264,281600
44,108,12288,281600
44,108,13312,281600
44,163,13312,281600
44,51,2048,282624
44,49,3072,282624
44,52,6144,282624
44,105,7168,282624
44,108,8192,282624
44,109,9216,282624
44,164,9216,282624
44,102,10240,282624
44,108,11264,282624
44,108,12288,282624
44,163,12288,282624
51,49,1024,284672
51,52,4096,284672
51,105,5120,284672
51,108,6144,284672
51,109,7168,284672
51,164,7168,284672
51,102,8192,284672
51,108,9216,284672
51,108,10240,284672
51,163,10240,284672
51,29,19456,284672
49,52,3072,285696
49,105,4096,285696
49,108,5120,285696
49,109,6144,285696
49,164,6144,285696
49,102,7168,285696
49,108,8192,285696
49,108,9216,285696
49,163,9216,285696
49,29,18432,285696
52,105,1024,288768
52,108,2048,288768
52,109,3072,288768
52,164,3072,288768
52,102,4096,288768
52,108,5120,288768
52,108,6144,288768
52,163,6144,288768
52,29,15360,288768
52,48,18432,288768
52,54,19456,288768
52,55,20480,288768
105,108,1024,289792
105,109,2048,289792
105,164,2048,289792
105,102,3072,289792
105,108,4096,289792
105,108,5120,289792
105,163,5120,289792
105,29,14336,289792
105,48,17408,289792
105,54,18432,289792
105,55,19456,289792
108,109,1024,290816
108,164,1024,290816
108,102,2048,290816
108,108,3072,290816
108,108,4096,290816
108,163,4096,290816
108,29,13312,290816
108,48,16384,290816
108,54,17408,290816
108,55,18432,290816
108,96,20480,290816
109,164,0,291840
109,102,1024,291840
109,108,2048,291840
109,108,3072,291840
109,163,3072,291840
109,29,12288,291840
109,48,15360,291840
109,54,16384,291840
109,55,17408,291840
109,96,19456,291840
109,46,20480,291840
164,102,1024,291840
164,108,2048,291840
164,108,3072,291840
164,163,3072,291840
164,29,12288,291840
164,48,15360,291840
164,54,16384,291840
164,55,17408,291840
164,96,19456,291840
164,46,20480,291840
102,108,1024,292864
102,108,2048,292864
102,163,2048,292864
102,29,11264,292864
102,48,14336,292864
102,54,15360,292864
102,55,16384,292864
102,96,18432,292864
102,46,19456,292864
102,42,20480,292864
108,108,1024,293888
108,163,1024,293888
108,29,10240,293888
108,48,13312,293888
108,54,14336,293888
108,55,15360,293888
108,96,17408,293888
108,46,18432,293888
108,42,19456,293888
108,43,20480,293888
108,86,20480,293888
108,163,0,294912
108,29,9216,294912
108,48,12288,294912
108,54,13312,294912
108,55,14336,294912
108,96,16384,294912
108,46,17408,294912
108,42,18432,294912
108,43,19456,294912
108,86,19456,294912
108,85,20480,294912
163,29,9216,294912
163,48,12288,294912
163,54,13312,294912
163,55,14336,294912
163,96,16384,294912
163,46,17408,294912
163,42,18432,294912
163,43,19456,294912
163,86,19456,294912
163,85,20480,294912
29,48,3072,304128
29,54,4096,304128
29,55,5120,304128
29,96,7168,304128
29,46,8192,304128
29,42,9216,304128
29,43,10240,304128
29,86,10240,304128
29,85,11264,304128
29,80,14336,304128
29,160,14336,304128
29,85,16384,304128
29,87,17408,304128
29,85,18432,304128
48,54,1024,307200
48,55,2048,307200
48,96,4096,307200
48,46,5120,307200
48,42,6144,307200
48,43,7168,307200
48,86,7168,307200
48,85,8192,307200
48,80,11264,307200
48,160,11264,307200
48,85,13312,307200
48,87,14336,307200
48,85,15360,307200
48,88,16384,307200
54,55,1024,308224
54,96,3072,308224
54,46,4096,308224
54,42,5120,308224
54,43,6144,308224
54,86,6144,308224
54,85,7168,308224
54,80,10240,308224
54,160,10240,308224
54,85,12288,308224
54,87,13312,308224
54,85,14336,308224
54,88,15360,308224
54,85,16384,308224
55,96,2048,309248
55,46,3072,309248
55,42,4096,309248
55,43,5120,309248
55,86,5120,309248
55,85,6144,309248
55,80,9216,309248
55,160,9216,309248
55,85,11264,309248
55,87,12288,309248
55,85,13312,309248
55,88,14336,309248
55,85,15360,309248
55,88,16384,309248
96,46,1024,311296
96,42,2048,311296
96,43,3072,311296
96,86,3072,311296
96,85,4096,311296
96,80,7168,311296
96,160,7168,311296
96,85,9216,311296
96,87,10240,311296
96,85,11264,311296
96,88,12288,311296
96,85,13312,311296
96,88,14336,311296
96,86,15360,311296
46,42,1024,312320
46,43,2048,312320
46,86,2048,312320
46,85,3072,312320
46,80,6144,312320
46,160,6144,312320
46,85,8192,312320
46,87,9216,312320
46,85,10240,312320
46,88,11264,312320
46,85,12288,312320
46,88,13312,312320
46,86,14336,312320
46,87,16384,312320
42,43,1024,313344
42,86,1024,313344
42,85,2048,313344
42,80,5120,313344
42,160,5120,313344
42,85,7168,313344
42,87,8192,313344
42,85,9216,313344
42,88,10240,313344
42,85,11264,313344
42,88,12288,313344
42,86,13312,313344
42,87,15360,313344
43,86,0,314368
43,85,1024,314368
43,80,4096,314368
43,160,4096,314368
43,85,6144,314368
43,87,7168,314368
43,85,8192,314368
43,88,9216,314368
43,85,10240,314368
43,88,11264,314368
43,86,12288,314368
43,87,14336,314368
86,85,1024,314368
86,80,4096,314368
86,160,4096,314368
86,85,6144,314368
86,87,7168,314368
86,85,8192,314368
86,88,9216,314368
86,85,10240,314368
86,88,11264,314368
86,86,12288,314368
86,87,14336,314368
85,80,3072,315392
85,160,3072,315392
85,85,5120,315392
85,87,6144,315392
85,85,7168,315392
85,88,8192,315392
85,85,9216,315392
85,88,10240,315392
85,86,11264,315392
85,87,13312,315392
80,160,0,318464
80,85,2048,318464
80,87,3072,318464
80,85,4096,318464
80,88,5120,318464
80,85,6144,318464
80,88,7168,318464
80,86,8192,318464
80,87,10240,318464
160,85,2048,318464
160,87,3072,318464
160,85,4096,318464
160,88,5120,318464
160,85,6144,318464
160,88,7168,318464
160,86,8192,318464
160,87,10240,318464
85,87,1024,320512
85,85,2048,320512
85,88,3072,320512
85,85,4096,320512
85,88,5120,320512
85,86,6144,320512
85,87,8192,320512
87,85,1024,321536
87,88,2048,321536
87,85,3072,321536
87,88,4096,321536
87,86,5120,321536
87,87,7168,321536
85,88,1024,322560
85,85,2048,322560
85,88,3072,322560
85,86,4096,322560
85,87,6144,322560
88,85,1024,323584
88,88,2048,323584
88,86,3072,323584
88,87,5120,323584
85,88,1024,324608
85,86,2048,324608
85,87,4096,324608
88,86,1024,325632
88,87,3072,325632
86,87,2048,326656
