13,11,20480,29696
11,13,1024,50176
11,13,2048,50176
11,58,9216,50176
11,65,10240,50176
11,19,11264,50176
11,11,15360,50176
11,11,18432,50176
11,11,19456,50176
11,11,20480,50176
13,13,1024,51200
13,58,8192,51200
13,65,9216,51200
13,19,10240,51200
13,11,14336,51200
13,11,17408,51200
13,11,18432,51200
13,11,19456,51200
13,58,7168,52224
13,65,8192,52224
13,19,9216,52224
13,11,13312,52224
13,11,16384,52224
13,11,17408,52224
13,11,18432,52224
13,44,20480,52224
58,65,1024,59392
58,19,2048,59392
58,11,6144,59392
58,11,9216,59392
58,11,10240,59392
58,11,11264,59392
58,44,13312,59392
58,49,14336,59392
58,49,15360,59392
58,52,17408,59392
65,19,1024,60416
65,11,5120,60416
65,11,8192,60416
65,11,9216,60416
65,11,10240,60416
65,44,12288,60416
65,49,13312,60416
65,49,14336,60416
65,52,16384,60416
19,11,4096,61440
19,11,7168,61440
19,11,8192,61440
19,11,9216,61440
19,44,11264,61440
19,49,12288,61440
19,49,13312,61440
19,52,15360,61440
11,11,3072,65536
11,11,4096,65536
11,11,5120,65536
11,44,7168,65536
11,49,8192,65536
11,49,9216,65536
11,52,11264,65536
11,13,17408,65536
11,11,1024,68608
11,11,2048,68608
11,44,4096,68608
11,49,5120,68608
11,49,6144,68608
11,52,8192,68608
11,13,14336,68608
11,11,18432,68608
11,11,1024,69632
11,44,3072,69632
11,49,4096,69632
11,49,5120,69632
11,52,7168,69632
11,13,13312,69632
11,11,17408,69632
11,44,2048,70656
11,49,3072,70656
11,49,4096,70656
11,52,6144,70656
11,13,12288,70656
11,11,16384,70656
44,49,1024,72704
44,49,2048,72704
44,52,4096,72704
44,13,10240,72704
44,11,14336,72704
49,49,1024,73728
49,52,3072,73728
49,13,9216,73728
49,11,13312,73728
49,52,2048,74752
49,13,8192,74752
49,11,12288,74752
52,13,6144,76800
52,11,10240,76800
52,11,19456,76800
13,11,4096,82944
13,11,13312,82944
13,37,18432,82944
13,38,20480,82944
11,11,9216,87040
11,37,14336,87040
11,38,16384,87040
11,9,17408,87040
11,38,20480,87040
11,37,5120,96256
11,38,7168,96256
11,9,8192,96256
11,38,11264,96256
11,39,12288,96256
11,14,13312,96256
11,36,14336,96256
11,29,17408,96256
11,29,18432,96256
11,29,19456,96256
11,29,20480,96256
37,38,2048,101376
37,9,3072,101376
37,38,6144,101376
37,39,7168,101376
37,14,8192,101376
37,36,9216,101376
37,29,12288,101376
37,29,13312,101376
37,29,14336,101376
37,29,15360,101376
38,9,1024,103424
38,38,4096,103424
38,39,5120,103424
38,14,6144,103424
38,36,7168,103424
38,29,10240,103424
38,29,11264,103424
38,29,12288,103424
38,29,13312,103424
9,38,3072,104448
9,39,4096,104448
9,14,5120,104448
9,36,6144,104448
9,29,9216,104448
9,29,10240,104448
9,29,11264,104448
9,29,12288,104448
38,39,1024,107520
38,14,2048,107520
38,36,3072,107520
38,29,6144,107520
38,29,7168,107520
38,29,8192,107520
38,29,9216,107520
38,59,19456,107520
38,59,20480,107520
39,14,1024,108544
39,36,2048,108544
39,29,5120,108544
39,29,6144,108544
39,29,7168,108544
39,29,8192,108544
39,59,18432,108544
39,59,19456,108544
39,58,20480,108544
14,36,1024,109568
14,29,4096,109568
14,29,5120,109568
14,29,6144,109568
14,29,7168,109568
14,59,17408,109568
14,59,18432,109568
14,58,19456,109568
14,65,20480,109568
36,29,3072,110592
36,29,4096,110592
36,29,5120,110592
36,29,6144,110592
36,59,16384,110592
36,59,17408,110592
36,58,18432,110592
36,65,19456,110592
36,9,20480,110592
29,29,1024,113664
29,29,2048,113664
29,29,3072,113664
29,59,13312,113664
29,59,14336,113664
29,58,15360,113664
29,65,16384,113664
29,9,17408,113664
29,59,18432,113664
29,59,19456,113664
29,59,20480,113664
29,29,1024,114688
29,29,2048,114688
29,59,12288,114688
29,59,13312,114688
29,58,14336,114688
29,65,15360,114688
29,9,16384,114688
29,59,17408,114688
29,59,18432,114688
29,59,19456,114688
29,49,20480,114688
29,29,1024,115712
29,59,11264,115712
29,59,12288,115712
29,58,13312,115712
29,65,14336,115712
29,9,15360,115712
29,59,16384,115712
29,59,17408,115712
29,59,18432,115712
29,49,19456,115712
29,49,20480,115712
29,59,10240,116736
29,59,11264,116736
29,58,12288,116736
29,65,13312,116736
29,9,14336,116736
29,59,15360,116736
29,59,16384,116736
29,59,17408,116736
29,49,18432,116736
29,49,19456,116736
29,49,20480,116736
59,59,1024,126976
59,58,2048,126976
59,65,3072,126976
59,9,4096,126976
59,59,5120,126976
59,59,6144,126976
59,59,7168,126976
59,49,8192,126976
59,49,9216,126976
59,49,10240,126976
59,9,13312,126976
59,60,15360,126976
59,59,16384,126976
59,59,17408,126976
59,58,1024,128000
59,65,2048,128000
59,9,3072,128000
59,59,4096,128000
59,59,5120,128000
59,59,6144,128000
59,49,7168,128000
59,49,8192,128000
59,49,9216,128000
59,9,12288,128000
59,60,14336,128000
59,59,15360,128000
59,59,16384,128000
59,131,17408,128000
58,65,1024,129024
58,9,2048,129024
58,59,3072,129024
58,59,4096,129024
58,59,5120,129024
58,49,6144,129024
58,49,7168,129024
58,49,8192,129024
58,9,11264,129024
58,60,13312,129024
58,59,14336,129024
58,59,15360,129024
58,131,16384,129024
58,48,19456,129024
65,9,1024,130048
65,59,2048,130048
65,59,3072,130048
65,59,4096,130048
65,49,5120,130048
65,49,6144,130048
65,49,7168,130048
65,9,10240,130048
65,60,12288,130048
65,59,13312,130048
65,59,14336,130048
65,131,15360,130048
65,48,18432,130048
65,48,19456,130048
9,59,1024,131072
9,59,2048,131072
9,59,3072,131072
9,49,4096,131072
9,49,5120,131072
9,49,6144,131072
9,9,9216,131072
9,60,11264,131072
9,59,12288,131072
9,59,13312,131072
9,131,14336,131072
9,48,17408,131072
9,48,18432,131072
9,49,19456,131072
59,59,1024,132096
59,59,2048,132096
59,49,3072,132096
59,49,4096,132096
59,49,5120,132096
59,9,8192,132096
59,60,10240,132096
59,59,11264,132096
59,59,12288,132096
59,131,13312,132096
59,48,16384,132096
59,48,17408,132096
59,49,18432,132096
59,53,19456,132096
59,59,1024,133120
59,49,2048,133120
59,49,3072,133120
59,49,4096,133120
59,9,7168,133120
59,60,9216,133120
59,59,10240,133120
59,59,11264,133120
59,131,12288,133120
59,48,15360,133120
59,48,16384,133120
59,49,17408,133120
59,53,18432,133120
59,52,19456,133120
59,49,1024,134144
59,49,2048,134144
59,49,3072,134144
59,9,6144,134144
59,60,8192,134144
59,59,9216,134144
59,59,10240,134144
59,131,11264,134144
59,48,14336,134144
59,48,15360,134144
59,49,16384,134144
59,53,17408,134144
59,52,18432,134144
59,11,19456,134144
49,49,1024,135168
49,49,2048,135168
49,9,5120,135168
49,60,7168,135168
49,59,8192,135168
49,59,9216,135168
49,131,10240,135168
49,48,13312,135168
49,48,14336,135168
49,49,15360,135168
49,53,16384,135168
49,52,17408,135168
49,11,18432,135168
49,11,19456,135168
49,49,1024,136192
49,9,4096,136192
49,60,6144,136192
49,59,7168,136192
49,59,8192,136192
49,131,9216,136192
49,48,12288,136192
49,48,13312,136192
49,49,14336,136192
49,53,15360,136192
49,52,16384,136192
49,11,17408,136192
49,11,18432,136192
49,11,20480,136192
49,9,3072,137216
49,60,5120,137216
49,59,6144,137216
49,59,7168,137216
49,131,8192,137216
49,48,11264,137216
49,48,12288,137216
49,49,13312,137216
49,53,14336,137216
49,52,15360,137216
49,11,16384,137216
49,11,17408,137216
49,11,19456,137216
49,11,20480,137216
9,60,2048,140288
9,59,3072,140288
9,59,4096,140288
9,131,5120,140288
9,48,8192,140288
9,48,9216,140288
9,49,10240,140288
9,53,11264,140288
9,52,12288,140288
9,11,13312,140288
9,11,14336,140288
9,11,16384,140288
9,11,17408,140288
9,51,18432,140288
60,59,1024,142336
60,59,2048,142336
60,131,3072,142336
60,48,6144,142336
60,48,7168,142336
60,49,8192,142336
60,53,9216,142336
60,52,10240,142336
60,11,11264,142336
60,11,12288,142336
60,11,14336,142336
60,11,15360,142336
60,51,16384,142336
60,147,18432,142336
59,59,1024,143360
59,131,2048,143360
59,48,5120,143360
59,48,6144,143360
59,49,7168,143360
59,53,8192,143360
59,52,9216,143360
59,11,10240,143360
59,11,11264,143360
59,11,13312,143360
59,11,14336,143360
59,51,15360,143360
59,147,17408,143360
59,13,19456,143360
59,131,1024,144384
59,48,4096,144384
59,48,5120,144384
59,49,6144,144384
59,53,7168,144384
59,52,8192,144384
59,11,9216,144384
59,11,10240,144384
59,11,12288,144384
59,11,13312,144384
59,51,14336,144384
59,147,16384,144384
59,13,18432,144384
131,48,3072,145408
131,48,4096,145408
131,49,5120,145408
131,53,6144,145408
131,52,7168,145408
131,11,8192,145408
131,11,9216,145408
131,11,11264,145408
131,11,12288,145408
131,51,13312,145408
131,147,15360,145408
131,13,17408,145408
48,48,1024,148480
48,49,2048,148480
48,53,3072,148480
48,52,4096,148480
48,11,5120,148480
48,11,6144,148480
48,11,8192,148480
48,11,9216,148480
48,51,10240,148480
48,147,12288,148480
48,13,14336,148480
48,49,1024,149504
48,53,2048,149504
48,52,3072,149504
48,11,4096,149504
48,11,5120,149504
48,11,7168,149504
48,11,8192,149504
48,51,9216,149504
48,147,11264,149504
48,13,13312,149504
49,53,1024,150528
49,52,2048,150528
49,11,3072,150528
49,11,4096,150528
49,11,6144,150528
49,11,7168,150528
49,51,8192,150528
49,147,10240,150528
49,13,12288,150528
53,52,1024,151552
53,11,2048,151552
53,11,3072,151552
53,11,5120,151552
53,11,6144,151552
53,51,7168,151552
53,147,9216,151552
53,13,11264,151552
52,11,1024,152576
52,11,2048,152576
52,11,4096,152576
52,11,5120,152576
52,51,6144,152576
52,147,8192,152576
52,13,10240,152576
11,11,1024,153600
11,11,3072,153600
11,11,4096,153600
11,51,5120,153600
11,147,7168,153600
11,13,9216,153600
11,11,2048,154624
11,11,3072,154624
11,51,4096,154624
11,147,6144,154624
11,13,8192,154624
11,11,1024,156672
11,51,2048,156672
11,147,4096,156672
11,13,6144,156672
11,51,1024,157696
11,147,3072,157696
11,13,5120,157696
51,147,2048,158720
51,13,4096,158720
147,13,2048,160768
