40,65,2048,0
40,64,3072,0
40,58,5120,0
40,75,13312,0
40,64,15360,0
40,107,15360,0
40,66,16384,0
40,77,17408,0
65,64,1024,2048
65,58,3072,2048
65,75,11264,2048
65,64,13312,2048
65,107,13312,2048
65,66,14336,2048
65,77,15360,2048
64,58,2048,3072
64,75,10240,3072
64,64,12288,3072
64,107,12288,3072
64,66,13312,3072
64,77,14336,3072
58,75,8192,5120
58,64,10240,5120
58,107,10240,5120
58,66,11264,5120
58,77,12288,5120
75,64,2048,13312
75,107,2048,13312
75,66,3072,13312
75,77,4096,13312
64,107,0,15360
64,66,1024,15360
64,77,2048,15360
107,66,1024,15360
107,77,2048,15360
66,77,1024,16384
74,78,2048,60416
74,76,3072,60416
74,77,5120,60416
74,69,11264,60416
74,69,12288,60416
74,137,13312,60416
74,58,17408,60416
74,173,17408,60416
78,76,1024,62464
78,77,3072,62464
78,69,9216,62464
78,69,10240,62464
78,137,11264,62464
78,58,15360,62464
78,173,15360,62464
76,77,2048,63488
76,69,8192,63488
76,69,9216,63488
76,137,10240,63488
76,58,14336,63488
76,173,14336,63488
77,69,6144,65536
77,69,7168,65536
77,137,8192,65536
77,58,12288,65536
77,173,12288,65536
69,69,1024,71680
69,137,2048,71680
69,58,6144,71680
69,173,6144,71680
69,137,1024,72704
69,58,5120,72704
69,173,5120,72704
137,58,4096,73728
137,173,4096,73728
58,173,0,77824
58,58,1024,153600
58,58,2048,153600
58,65,3072,153600
58,65,4096,153600
58,58,5120,153600
58,58,6144,153600
58,173,6144,153600
58,58,7168,153600
58,173,7168,153600
58,58,8192,153600
58,57,9216,153600
58,58,1024,154624
58,65,2048,154624
58,65,3072,154624
58,58,4096,154624
58,58,5120,154624
58,173,5120,154624
58,58,6144,154624
58,173,6144,154624
58,58,7168,154624
58,57,8192,154624
58,65,1024,155648
58,65,2048,155648
58,58,3072,155648
58,58,4096,155648
58,173,4096,155648
58,58,5120,155648
58,173,5120,155648
58,58,6144,155648
58,57,7168,155648
65,65,1024,156672
65,58,2048,156672
65,58,3072,156672
65,173,3072,156672
65,58,4096,156672
65,173,4096,156672
65,58,5120,156672
65,57,6144,156672
65,58,1024,157696
65,58,2048,157696
65,173,2048,157696
65,58,3072,157696
65,173,3072,157696
65,58,4096,157696
65,57,5120,157696
58,58,1024,158720
58,173,1024,158720
58,58,2048,158720
58,173,2048,158720
58,58,3072,158720
58,57,4096,158720
58,173,0,159744
58,58,1024,159744
58,173,1024,159744
58,58,2048,159744
58,57,3072,159744
173,58,1024,159744
173,173,1024,159744
173,58,2048,159744
173,57,3072,159744
58,173,0,160768
58,58,1024,160768
58,57,2048,160768
173,58,1024,160768
173,57,2048,160768
58,57,1024,161792
51,58,6144,187392
51,58,7168,187392
51,87,7168,187392
51,65,9216,187392
51,65,10240,187392
51,58,11264,187392
51,58,12288,187392
58,58,1024,193536
58,87,1024,193536
58,65,3072,193536
58,65,4096,193536
58,58,5120,193536
58,58,6144,193536
58,87,0,194560
58,65,2048,194560
58,65,3072,194560
58,58,4096,194560
58,58,5120,194560
87,65,2048,194560
87,65,3072,194560
87,58,4096,194560
87,58,5120,194560
65,65,1024,196608
65,58,2048,196608
65,58,3072,196608
65,58,1024,197632
65,58,2048,197632
58,58,1024,198656
52,103,0,234496
52,78,2048,234496
52,77,6144,234496
52,79,7168,234496
52,87,8192,234496
52,65,10240,234496
52,64,11264,234496
103,78,2048,234496
103,77,6144,234496
103,79,7168,234496
103,87,8192,234496
103,65,10240,234496
103,64,11264,234496
78,77,4096,236544
78,79,5120,236544
78,87,6144,236544
78,65,8192,236544
78,64,9216,236544
77,79,1024,240640
77,87,2048,240640
77,65,4096,240640
77,64,5120,240640
77,76,18432,240640
77,118,19456,240640
77,116,20480,240640
79,87,1024,241664
79,65,3072,241664
79,64,4096,241664
79,76,17408,241664
79,118,18432,241664
79,116,19456,241664
87,65,2048,242688
87,64,3072,242688
87,76,16384,242688
87,118,17408,242688
87,116,18432,242688
65,64,1024,244736
65,76,14336,244736
65,118,15360,244736
65,116,16384,244736
64,76,13312,245760
64,118,14336,245760
64,116,15360,245760
76,118,1024,259072
76,116,2048,259072
118,116,1024,260096
85,100,8192,291840
85,65,9216,291840
85,91,11264,291840
85,71,13312,291840
85,69,14336,291840
85,103,14336,291840
85,39,17408,291840
85,51,17408,291840
100,65,1024,300032
100,91,3072,300032
100,71,5120,300032
100,69,6144,300032
100,103,6144,300032
100,39,9216,300032
100,51,9216,300032
100,26,18432,300032
100,25,19456,300032
100,26,20480,300032
65,91,2048,301056
65,71,4096,301056
65,69,5120,301056
65,103,5120,301056
65,39,8192,301056
65,51,8192,301056
65,26,17408,301056
65,25,18432,301056
65,26,19456,301056
65,25,20480,301056
91,71,2048,303104
91,69,3072,303104
91,103,3072,303104
91,39,6144,303104
91,51,6144,303104
91,26,15360,303104
91,25,16384,303104
91,26,17408,303104
91,25,18432,303104
91,26,20480,303104
91,179,20480,303104
71,69,1024,305152
71,103,1024,305152
71,39,4096,305152
71,51,4096,305152
71,26,13312,305152
71,25,14336,305152
71,26,15360,305152
71,25,16384,305152
71,26,18432,305152
71,179,18432,305152
71,26,19456,305152
71,26,20480,305152
69,103,0,306176
69,39,3072,306176
69,51,3072,306176
69,26,12288,306176
69,25,13312,306176
69,26,14336,306176
69,25,15360,306176
69,26,17408,306176
69,179,17408,306176
69,26,18432,306176
69,26,19456,306176
69,26,20480,306176
103,39,3072,306176
103,51,3072,306176
103,26,12288,306176
103,25,13312,306176
103,26,14336,306176
103,25,15360,306176
103,26,17408,306176
103,179,17408,306176
103,26,18432,306176
103,26,19456,306176
103,26,20480,306176
39,51,0,309248
39,26,9216,309248
39,25,10240,309248
39,26,11264,309248
39,25,12288,309248
39,26,14336,309248
39,179,14336,309248
39,26,15360,309248
39,26,16384,309248
39,26,17408,309248
39,25,18432,309248
39,42,19456,309248
51,26,9216,309248
51,25,10240,309248
51,26,11264,309248
51,25,12288,309248
51,26,14336,309248
51,179,14336,309248
51,26,15360,309248
51,26,16384,309248
51,26,17408,309248
51,25,18432,309248
51,42,19456,309248
26,25,1024,318464
26,26,2048,318464
26,25,3072,318464
26,26,5120,318464
26,179,5120,318464
26,26,6144,318464
26,26,7168,318464
26,26,8192,318464
26,25,9216,318464
26,42,10240,318464
25,26,1024,319488
25,25,2048,319488
25,26,4096,319488
25,179,4096,319488
25,26,5120,319488
25,26,6144,319488
25,26,7168,319488
25,25,8192,319488
25,42,9216,319488
26,25,1024,320512
26,26,3072,320512
26,179,3072,320512
26,26,4096,320512
26,26,5120,320512
26,26,6144,320512
26,25,7168,320512
26,42,8192,320512
25,26,2048,321536
25,179,2048,321536
25,26,3072,321536
25,26,4096,321536
25,26,5120,321536
25,25,6144,321536
25,42,7168,321536
26,179,0,323584
26,26,1024,323584
26,26,2048,323584
26,26,3072,323584
26,25,4096,323584
26,42,5120,323584
179,26,1024,323584
179,26,2048,323584
179,26,3072,323584
179,25,4096,323584
179,42,5120,323584
26,26,1024,324608
26,26,2048,324608
26,25,3072,324608
26,42,4096,324608
26,26,1024,325632
26,25,2048,325632
26,42,3072,325632
26,25,1024,326656
26,42,2048,326656
25,42,1024,327680
