82,10,5120,0
82,10,10240,0
82,130,11264,0
82,129,12288,0
82,129,13312,0
82,65,15360,0
82,87,17408,0
82,16,18432,0
82,82,20480,0
10,10,5120,5120
10,130,6144,5120
10,129,7168,5120
10,129,8192,5120
10,65,10240,5120
10,87,12288,5120
10,16,13312,5120
10,82,15360,5120
10,16,16384,5120
10,162,17408,5120
10,20,18432,5120
10,130,1024,10240
10,129,2048,10240
10,129,3072,10240
10,65,5120,10240
10,87,7168,10240
10,16,8192,10240
10,82,10240,10240
10,16,11264,10240
10,162,12288,10240
10,20,13312,10240
10,21,16384,10240
130,129,1024,11264
130,129,2048,11264
130,65,4096,11264
130,87,6144,11264
130,16,7168,11264
130,82,9216,11264
130,16,10240,11264
130,162,11264,11264
130,20,12288,11264
130,21,15360,11264
129,129,1024,12288
129,65,3072,12288
129,87,5120,12288
129,16,6144,12288
129,82,8192,12288
129,16,9216,12288
129,162,10240,12288
129,20,11264,12288
129,21,14336,12288
129,11,20480,12288
129,65,2048,13312
129,87,4096,13312
129,16,5120,13312
129,82,7168,13312
129,16,8192,13312
129,162,9216,13312
129,20,10240,13312
129,21,13312,13312
129,11,19456,13312
129,22,20480,13312
65,87,2048,15360
65,16,3072,15360
65,82,5120,15360
65,16,6144,15360
65,162,7168,15360
65,20,8192,15360
65,21,11264,15360
65,11,17408,15360
65,22,18432,15360
65,22,19456,15360
87,16,1024,17408
87,82,3072,17408
87,16,4096,17408
87,162,5120,17408
87,20,6144,17408
87,21,9216,17408
87,11,15360,17408
87,22,16384,17408
87,22,17408,17408
87,22,20480,17408
16,82,2048,18432
16,16,3072,18432
16,162,4096,18432
16,20,5120,18432
16,21,8192,18432
16,11,14336,18432
16,22,15360,18432
16,22,16384,18432
16,22,19456,18432
82,16,1024,20480
82,162,2048,20480
82,20,3072,20480
82,21,6144,20480
82,11,12288,20480
82,22,13312,20480
82,22,14336,20480
82,22,17408,20480
82,65,20480,20480
16,162,1024,21504
16,20,2048,21504
16,21,5120,21504
16,11,11264,21504
16,22,12288,21504
16,22,13312,21504
16,22,16384,21504
16,65,19456,21504
16,10,20480,21504
162,20,1024,22528
162,21,4096,22528
162,11,10240,22528
162,22,11264,22528
162,22,12288,22528
162,22,15360,22528
162,65,18432,22528
162,10,19456,22528
162,10,20480,22528
20,21,3072,23552
20,11,9216,23552
20,22,10240,23552
20,22,11264,23552
20,22,14336,23552
20,65,17408,23552
20,10,18432,23552
20,10,19456,23552
20,10,20480,23552
21,11,6144,26624
21,22,7168,26624
21,22,8192,26624
21,22,11264,26624
21,65,14336,26624
21,10,15360,26624
21,10,16384,26624
21,10,17408,26624
21,9,19456,26624
21,146,20480,26624
11,22,1024,32768
11,22,2048,32768
11,22,5120,32768
11,65,8192,32768
11,10,9216,32768
11,10,10240,32768
11,10,11264,32768
11,9,13312,32768
11,146,14336,32768
11,145,15360,32768
11,19,16384,32768
11,16,18432,32768
11,109,19456,32768
22,22,1024,33792
22,22,4096,33792
22,65,7168,33792
22,10,8192,33792
22,10,9216,33792
22,10,10240,33792
22,9,12288,33792
22,146,13312,33792
22,145,14336,33792
22,19,15360,33792
22,16,17408,33792
22,109,18432,33792
22,41,20480,33792
22,22,3072,34816
22,65,6144,34816
22,10,7168,34816
22,10,8192,34816
22,10,9216,34816
22,9,11264,34816
22,146,12288,34816
22,145,13312,34816
22,19,14336,34816
22,16,16384,34816
22,109,17408,34816
22,41,19456,34816
22,65,3072,37888
22,10,4096,37888
22,10,5120,37888
22,10,6144,37888
22,9,8192,37888
22,146,9216,37888
22,145,10240,37888
22,19,11264,37888
22,16,13312,37888
22,109,14336,37888
22,41,16384,37888
22,18,18432,37888
22,162,20480,37888
65,10,1024,40960
65,10,2048,40960
65,10,3072,40960
65,9,5120,40960
65,146,6144,40960
65,145,7168,40960
65,19,8192,40960
65,16,10240,40960
65,109,11264,40960
65,41,13312,40960
65,18,15360,40960
65,162,17408,40960
65,24,18432,40960
65,24,19456,40960
10,10,1024,41984
10,10,2048,41984
10,9,4096,41984
10,146,5120,41984
10,145,6144,41984
10,19,7168,41984
10,16,9216,41984
10,109,10240,41984
10,41,12288,41984
10,18,14336,41984
10,162,16384,41984
10,24,17408,41984
10,24,18432,41984
10,24,19456,41984
10,10,1024,43008
10,9,3072,43008
10,146,4096,43008
10,145,5120,43008
10,19,6144,43008
10,16,8192,43008
10,109,9216,43008
10,41,11264,43008
10,18,13312,43008
10,162,15360,43008
10,24,16384,43008
10,24,17408,43008
10,24,18432,43008
10,12,19456,43008
10,9,2048,44032
10,146,3072,44032
10,145,4096,44032
10,19,5120,44032
10,16,7168,44032
10,109,8192,44032
10,41,10240,44032
10,18,12288,44032
10,162,14336,44032
10,24,15360,44032
10,24,16384,44032
10,24,17408,44032
10,12,18432,44032
10,114,19456,44032
9,146,1024,46080
9,145,2048,46080
9,19,3072,46080
9,16,5120,46080
9,109,6144,46080
9,41,8192,46080
9,18,10240,46080
9,162,12288,46080
9,24,13312,46080
9,24,14336,46080
9,24,15360,46080
9,12,16384,46080
9,114,17408,46080
9,36,19456,46080
146,145,1024,47104
146,19,2048,47104
146,16,4096,47104
146,109,5120,47104
146,41,7168,47104
146,18,9216,47104
146,162,11264,47104
146,24,12288,47104
146,24,13312,47104
146,24,14336,47104
146,12,15360,47104
146,114,16384,47104
146,36,18432,47104
145,19,1024,48128
145,16,3072,48128
145,109,4096,48128
145,41,6144,48128
145,18,8192,48128
145,162,10240,48128
145,24,11264,48128
145,24,12288,48128
145,24,13312,48128
145,12,14336,48128
145,114,15360,48128
145,36,17408,48128
145,55,20480,48128
19,16,2048,49152
19,109,3072,49152
19,41,5120,49152
19,18,7168,49152
19,162,9216,49152
19,24,10240,49152
19,24,11264,49152
19,24,12288,49152
19,12,13312,49152
19,114,14336,49152
19,36,16384,49152
19,55,19456,49152
19,37,20480,49152
16,109,1024,51200
16,41,3072,51200
16,18,5120,51200
16,162,7168,51200
16,24,8192,51200
16,24,9216,51200
16,24,10240,51200
16,12,11264,51200
16,114,12288,51200
16,36,14336,51200
16,55,17408,51200
16,37,18432,51200
109,41,2048,52224
109,18,4096,52224
109,162,6144,52224
109,24,7168,52224
109,24,8192,52224
109,24,9216,52224
109,12,10240,52224
109,114,11264,52224
109,36,13312,52224
109,55,16384,52224
109,37,17408,52224
41,18,2048,54272
41,162,4096,54272
41,24,5120,54272
41,24,6144,54272
41,24,7168,54272
41,12,8192,54272
41,114,9216,54272
41,36,11264,54272
41,55,14336,54272
41,37,15360,54272
41,16,19456,54272
18,162,2048,56320
18,24,3072,56320
18,24,4096,56320
18,24,5120,56320
18,12,6144,56320
18,114,7168,56320
18,36,9216,56320
18,55,12288,56320
18,37,13312,56320
18,16,17408,56320
18,109,19456,56320
162,24,1024,58368
162,24,2048,58368
162,24,3072,58368
162,12,4096,58368
162,114,5120,58368
162,36,7168,58368
162,55,10240,58368
162,37,11264,58368
162,16,15360,58368
162,109,17408,58368
162,13,20480,58368
24,24,1024,59392
24,24,2048,59392
24,12,3072,59392
24,114,4096,59392
24,36,6144,59392
24,55,9216,59392
24,37,10240,59392
24,16,14336,59392
24,109,16384,59392
24,13,19456,59392
24,24,1024,60416
24,12,2048,60416
24,114,3072,60416
24,36,5120,60416
24,55,8192,60416
24,37,9216,60416
24,16,13312,60416
24,109,15360,60416
24,13,18432,60416
24,12,1024,61440
24,114,2048,61440
24,36,4096,61440
24,55,7168,61440
24,37,8192,61440
24,16,12288,61440
24,109,14336,61440
24,13,17408,61440
24,22,20480,61440
12,114,1024,62464
12,36,3072,62464
12,55,6144,62464
12,37,7168,62464
12,16,11264,62464
12,109,13312,62464
12,13,16384,62464
12,22,19456,62464
114,36,2048,63488
114,55,5120,63488
114,37,6144,63488
114,16,10240,63488
114,109,12288,63488
114,13,15360,63488
114,22,18432,63488
36,55,3072,65536
36,37,4096,65536
36,16,8192,65536
36,109,10240,65536
36,13,13312,65536
36,22,16384,65536
36,107,20480,65536
55,37,1024,68608
55,16,5120,68608
55,109,7168,68608
55,13,10240,68608
55,22,13312,68608
55,107,17408,68608
55,165,20480,68608
37,16,4096,69632
37,109,6144,69632
37,13,9216,69632
37,22,12288,69632
37,107,16384,69632
37,165,19456,69632
16,109,2048,73728
16,13,5120,73728
16,22,8192,73728
16,107,12288,73728
16,165,15360,73728
16,25,18432,73728
16,12,19456,73728
16,12,20480,73728
109,13,3072,75776
109,22,6144,75776
109,107,10240,75776
109,165,13312,75776
109,25,16384,75776
109,12,17408,75776
109,12,18432,75776
13,22,3072,78848
13,107,7168,78848
13,165,10240,78848
13,25,13312,78848
13,12,14336,78848
13,12,15360,78848
13,73,19456,78848
22,107,4096,81920
22,165,7168,81920
22,25,10240,81920
22,12,11264,81920
22,12,12288,81920
22,73,16384,81920
22,158,18432,81920
22,16,19456,81920
107,165,3072,86016
107,25,6144,86016
107,12,7168,86016
107,12,8192,86016
107,73,12288,86016
107,158,14336,86016
107,16,15360,86016
165,25,3072,89088
165,12,4096,89088
165,12,5120,89088
165,73,9216,89088
165,158,11264,89088
165,16,12288,89088
165,55,19456,89088
25,12,1024,92160
25,12,2048,92160
25,73,6144,92160
25,158,8192,92160
25,16,9216,92160
25,55,16384,92160
25,18,19456,92160
25,15,20480,92160
12,12,1024,93184
12,73,5120,93184
12,158,7168,93184
12,16,8192,93184
12,55,15360,93184
12,18,18432,93184
12,15,19456,93184
12,73,4096,94208
12,158,6144,94208
12,16,7168,94208
12,55,14336,94208
12,18,17408,94208
12,15,18432,94208
12,21,20480,94208
73,158,2048,98304
73,16,3072,98304
73,55,10240,98304
73,18,13312,98304
73,15,14336,98304
73,21,16384,98304
73,11,17408,98304
73,22,18432,98304
73,22,19456,98304
158,16,1024,100352
158,55,8192,100352
158,18,11264,100352
158,15,12288,100352
158,21,14336,100352
158,11,15360,100352
158,22,16384,100352
158,22,17408,100352
158,86,19456,100352
158,22,20480,100352
16,55,7168,101376
16,18,10240,101376
16,15,11264,101376
16,21,13312,101376
16,11,14336,101376
16,22,15360,101376
16,22,16384,101376
16,86,18432,101376
16,22,19456,101376
16,86,20480,101376
55,18,3072,108544
55,15,4096,108544
55,21,6144,108544
55,11,7168,108544
55,22,8192,108544
55,22,9216,108544
55,86,11264,108544
55,22,12288,108544
55,86,13312,108544
55,109,14336,108544
55,22,15360,108544
55,65,17408,108544
18,15,1024,111616
18,21,3072,111616
18,11,4096,111616
18,22,5120,111616
18,22,6144,111616
18,86,8192,111616
18,22,9216,111616
18,86,10240,111616
18,109,11264,111616
18,22,12288,111616
18,65,14336,111616
18,97,20480,111616
15,21,2048,112640
15,11,3072,112640
15,22,4096,112640
15,22,5120,112640
15,86,7168,112640
15,22,8192,112640
15,86,9216,112640
15,109,10240,112640
15,22,11264,112640
15,65,13312,112640
15,97,19456,112640
21,11,1024,114688
21,22,2048,114688
21,22,3072,114688
21,86,5120,114688
21,22,6144,114688
21,86,7168,114688
21,109,8192,114688
21,22,9216,114688
21,65,11264,114688
21,97,17408,114688
21,16,19456,114688
11,22,1024,115712
11,22,2048,115712
11,86,4096,115712
11,22,5120,115712
11,86,6144,115712
11,109,7168,115712
11,22,8192,115712
11,65,10240,115712
11,97,16384,115712
11,16,18432,115712
11,97,20480,115712
22,22,1024,116736
22,86,3072,116736
22,22,4096,116736
22,86,5120,116736
22,109,6144,116736
22,22,7168,116736
22,65,9216,116736
22,97,15360,116736
22,16,17408,116736
22,97,19456,116736
22,24,20480,116736
22,86,2048,117760
22,22,3072,117760
22,86,4096,117760
22,109,5120,117760
22,22,6144,117760
22,65,8192,117760
22,97,14336,117760
22,16,16384,117760
22,97,18432,117760
22,24,19456,117760
22,16,20480,117760
86,22,1024,119808
86,86,2048,119808
86,109,3072,119808
86,22,4096,119808
86,65,6144,119808
86,97,12288,119808
86,16,14336,119808
86,97,16384,119808
86,24,17408,119808
86,16,18432,119808
22,86,1024,120832
22,109,2048,120832
22,22,3072,120832
22,65,5120,120832
22,97,11264,120832
22,16,13312,120832
22,97,15360,120832
22,24,16384,120832
22,16,17408,120832
22,131,20480,120832
86,109,1024,121856
86,22,2048,121856
86,65,4096,121856
86,97,10240,121856
86,16,12288,121856
86,97,14336,121856
86,24,15360,121856
86,16,16384,121856
86,131,19456,121856
86,132,20480,121856
109,22,1024,122880
109,65,3072,122880
109,97,9216,122880
109,16,11264,122880
109,97,13312,122880
109,24,14336,122880
109,16,15360,122880
109,131,18432,122880
109,132,19456,122880
109,128,20480,122880
22,65,2048,123904
22,97,8192,123904
22,16,10240,123904
22,97,12288,123904
22,24,13312,123904
22,16,14336,123904
22,131,17408,123904
22,132,18432,123904
22,128,19456,123904
22,128,20480,123904
65,97,6144,125952
65,16,8192,125952
65,97,10240,125952
65,24,11264,125952
65,16,12288,125952
65,131,15360,125952
65,132,16384,125952
65,128,17408,125952
65,128,18432,125952
65,12,19456,125952
97,16,2048,132096
97,97,4096,132096
97,24,5120,132096
97,16,6144,132096
97,131,9216,132096
97,132,10240,132096
97,128,11264,132096
97,128,12288,132096
97,12,13312,132096
97,23,15360,132096
97,87,19456,132096
16,97,2048,134144
16,24,3072,134144
16,16,4096,134144
16,131,7168,134144
16,132,8192,134144
16,128,9216,134144
16,128,10240,134144
16,12,11264,134144
16,23,13312,134144
16,87,17408,134144
16,86,19456,134144
16,86,20480,134144
97,24,1024,136192
97,16,2048,136192
97,131,5120,136192
97,132,6144,136192
97,128,7168,136192
97,128,8192,136192
97,12,9216,136192
97,23,11264,136192
97,87,15360,136192
97,86,17408,136192
97,86,18432,136192
97,172,20480,136192
24,16,1024,137216
24,131,4096,137216
24,132,5120,137216
24,128,6144,137216
24,128,7168,137216
24,12,8192,137216
24,23,10240,137216
24,87,14336,137216
24,86,16384,137216
24,86,17408,137216
24,172,19456,137216
24,111,20480,137216
16,131,3072,138240
16,132,4096,138240
16,128,5120,138240
16,128,6144,138240
16,12,7168,138240
16,23,9216,138240
16,87,13312,138240
16,86,15360,138240
16,86,16384,138240
16,172,18432,138240
16,111,19456,138240
16,163,20480,138240
131,132,1024,141312
131,128,2048,141312
131,128,3072,141312
131,12,4096,141312
131,23,6144,141312
131,87,10240,141312
131,86,12288,141312
131,86,13312,141312
131,172,15360,141312
131,111,16384,141312
131,163,17408,141312
131,115,19456,141312
131,10,20480,141312
132,128,1024,142336
132,128,2048,142336
132,12,3072,142336
132,23,5120,142336
132,87,9216,142336
132,86,11264,142336
132,86,12288,142336
132,172,14336,142336
132,111,15360,142336
132,163,16384,142336
132,115,18432,142336
132,10,19456,142336
128,128,1024,143360
128,12,2048,143360
128,23,4096,143360
128,87,8192,143360
128,86,10240,143360
128,86,11264,143360
128,172,13312,143360
128,111,14336,143360
128,163,15360,143360
128,115,17408,143360
128,10,18432,143360
128,174,20480,143360
128,12,1024,144384
128,23,3072,144384
128,87,7168,144384
128,86,9216,144384
128,86,10240,144384
128,172,12288,144384
128,111,13312,144384
128,163,14336,144384
128,115,16384,144384
128,10,17408,144384
128,174,19456,144384
12,23,2048,145408
12,87,6144,145408
12,86,8192,145408
12,86,9216,145408
12,172,11264,145408
12,111,12288,145408
12,163,13312,145408
12,115,15360,145408
12,10,16384,145408
12,174,18432,145408
23,87,4096,147456
23,86,6144,147456
23,86,7168,147456
23,172,9216,147456
23,111,10240,147456
23,163,11264,147456
23,115,13312,147456
23,10,14336,147456
23,174,16384,147456
87,86,2048,151552
87,86,3072,151552
87,172,5120,151552
87,111,6144,151552
87,163,7168,151552
87,115,9216,151552
87,10,10240,151552
87,174,12288,151552
86,86,1024,153600
86,172,3072,153600
86,111,4096,153600
86,163,5120,153600
86,115,7168,153600
86,10,8192,153600
86,174,10240,153600
86,172,2048,154624
86,111,3072,154624
86,163,4096,154624
86,115,6144,154624
86,10,7168,154624
86,174,9216,154624
172,111,1024,156672
172,163,2048,156672
172,115,4096,156672
172,10,5120,156672
172,174,7168,156672
111,163,1024,157696
111,115,3072,157696
111,10,4096,157696
111,174,6144,157696
163,115,2048,158720
163,10,3072,158720
163,174,5120,158720
115,10,1024,160768
115,174,3072,160768
10,174,2048,161792
