52,31,4096,5120
52,69,6144,5120
52,23,11264,5120
52,23,12288,5120
52,18,13312,5120
52,33,18432,5120
52,30,19456,5120
31,69,2048,9216
31,23,7168,9216
31,23,8192,9216
31,18,9216,9216
31,33,14336,9216
31,30,15360,9216
31,31,17408,9216
69,23,5120,11264
69,23,6144,11264
69,18,7168,11264
69,33,12288,11264
69,30,13312,11264
69,31,15360,11264
23,23,1024,16384
23,18,2048,16384
23,33,7168,16384
23,30,8192,16384
23,31,10240,16384
23,18,1024,17408
23,33,6144,17408
23,30,7168,17408
23,31,9216,17408
18,33,5120,18432
18,30,6144,18432
18,31,8192,18432
33,30,1024,23552
33,31,3072,23552
33,69,16384,23552
33,23,17408,23552
33,23,18432,23552
33,72,19456,23552
33,109,19456,23552
30,31,2048,24576
30,69,15360,24576
30,23,16384,24576
30,23,17408,24576
30,72,18432,24576
30,109,18432,24576
31,69,13312,26624
31,23,14336,26624
31,23,15360,26624
31,72,16384,26624
31,109,16384,26624
69,23,1024,39936
69,23,2048,39936
69,72,3072,39936
69,109,3072,39936
69,37,8192,39936
69,34,10240,39936
69,27,17408,39936
69,34,19456,39936
23,23,1024,40960
23,72,2048,40960
23,109,2048,40960
23,37,7168,40960
23,34,9216,40960
23,27,16384,40960
23,34,18432,40960
23,72,1024,41984
23,109,1024,41984
23,37,6144,41984
23,34,8192,41984
23,27,15360,41984
23,34,17408,41984
23,31,20480,41984
72,109,0,43008
72,37,5120,43008
72,34,7168,43008
72,27,14336,43008
72,34,16384,43008
72,31,19456,43008
72,35,20480,43008
109,37,5120,43008
109,34,7168,43008
109,27,14336,43008
109,34,16384,43008
109,31,19456,43008
109,35,20480,43008
37,34,2048,48128
37,27,9216,48128
37,34,11264,48128
37,31,14336,48128
37,35,15360,48128
37,21,18432,48128
34,27,7168,50176
34,34,9216,50176
34,31,12288,50176
34,35,13312,50176
34,21,16384,50176
27,34,2048,57344
27,31,5120,57344
27,35,6144,57344
27,21,9216,57344
27,28,14336,57344
27,31,15360,57344
27,28,18432,57344
34,31,3072,59392
34,35,4096,59392
34,21,7168,59392
34,28,12288,59392
34,31,13312,59392
34,28,16384,59392
34,31,20480,59392
31,35,1024,62464
31,21,4096,62464
31,28,9216,62464
31,31,10240,62464
31,28,13312,62464
31,31,17408,62464
35,21,3072,63488
35,28,8192,63488
35,31,9216,63488
35,28,12288,63488
35,31,16384,63488
21,28,5120,66560
21,31,6144,66560
21,28,9216,66560
21,31,13312,66560
21,20,20480,66560
28,31,1024,71680
28,28,4096,71680
28,31,8192,71680
28,20,15360,71680
28,23,16384,71680
28,23,17408,71680
31,28,3072,72704
31,31,7168,72704
31,20,14336,72704
31,23,15360,72704
31,23,16384,72704
31,23,20480,72704
28,31,4096,75776
28,20,11264,75776
28,23,12288,75776
28,23,13312,75776
28,23,17408,75776
28,20,20480,75776
31,20,7168,79872
31,23,8192,79872
31,23,9216,79872
31,23,13312,79872
31,20,16384,79872
31,36,19456,79872
31,71,19456,79872
20,23,1024,87040
20,23,2048,87040
20,23,6144,87040
20,20,9216,87040
20,36,12288,87040
20,71,12288,87040
20,30,15360,87040
23,23,1024,88064
23,23,5120,88064
23,20,8192,88064
23,36,11264,88064
23,71,11264,88064
23,30,14336,88064
23,31,20480,88064
23,23,4096,89088
23,20,7168,89088
23,36,10240,89088
23,71,10240,89088
23,30,13312,89088
23,31,19456,89088
23,30,20480,89088
23,20,3072,93184
23,36,6144,93184
23,71,6144,93184
23,30,9216,93184
23,31,15360,93184
23,30,16384,93184
23,31,17408,93184
23,23,19456,93184
23,21,20480,93184
20,36,3072,96256
20,71,3072,96256
20,30,6144,96256
20,31,12288,96256
20,30,13312,96256
20,31,14336,96256
20,23,16384,96256
20,21,17408,96256
36,71,0,99328
36,30,3072,99328
36,31,9216,99328
36,30,10240,99328
36,31,11264,99328
36,23,13312,99328
36,21,14336,99328
36,23,18432,99328
36,52,18432,99328
36,27,19456,99328
36,31,20480,99328
71,30,3072,99328
71,31,9216,99328
71,30,10240,99328
71,31,11264,99328
71,23,13312,99328
71,21,14336,99328
71,23,18432,99328
71,52,18432,99328
71,27,19456,99328
71,31,20480,99328
30,31,6144,102400
30,30,7168,102400
30,31,8192,102400
30,23,10240,102400
30,21,11264,102400
30,23,15360,102400
30,52,15360,102400
30,27,16384,102400
30,31,17408,102400
30,31,18432,102400
30,35,19456,102400
30,34,20480,102400
31,30,1024,108544
31,31,2048,108544
31,23,4096,108544
31,21,5120,108544
31,23,9216,108544
31,52,9216,108544
31,27,10240,108544
31,31,11264,108544
31,31,12288,108544
31,35,13312,108544
31,34,14336,108544
31,34,15360,108544
31,35,16384,108544
31,34,17408,108544
30,31,1024,109568
30,23,3072,109568
30,21,4096,109568
30,23,8192,109568
30,52,8192,109568
30,27,9216,109568
30,31,10240,109568
30,31,11264,109568
30,35,12288,109568
30,34,13312,109568
30,34,14336,109568
30,35,15360,109568
30,34,16384,109568
30,69,16384,109568
31,23,2048,110592
31,21,3072,110592
31,23,7168,110592
31,52,7168,110592
31,27,8192,110592
31,31,9216,110592
31,31,10240,110592
31,35,11264,110592
31,34,12288,110592
31,34,13312,110592
31,35,14336,110592
31,34,15360,110592
31,69,15360,110592
31,276,15360,110592
23,21,1024,112640
23,23,5120,112640
23,52,5120,112640
23,27,6144,112640
23,31,7168,112640
23,31,8192,112640
23,35,9216,112640
23,34,10240,112640
23,34,11264,112640
23,35,12288,112640
23,34,13312,112640
23,69,13312,112640
23,276,13312,112640
23,34,14336,112640
21,23,4096,113664
21,52,4096,113664
21,27,5120,113664
21,31,6144,113664
21,31,7168,113664
21,35,8192,113664
21,34,9216,113664
21,34,10240,113664
21,35,11264,113664
21,34,12288,113664
21,69,12288,113664
21,276,12288,113664
21,34,13312,113664
21,272,13312,113664
23,52,0,117760
23,27,1024,117760
23,31,2048,117760
23,31,3072,117760
23,35,4096,117760
23,34,5120,117760
23,34,6144,117760
23,35,7168,117760
23,34,8192,117760
23,69,8192,117760
23,276,8192,117760
23,34,9216,117760
23,272,9216,117760
23,32,10240,117760
52,27,1024,117760
52,31,2048,117760
52,31,3072,117760
52,35,4096,117760
52,34,5120,117760
52,34,6144,117760
52,35,7168,117760
52,34,8192,117760
52,69,8192,117760
52,276,8192,117760
52,34,9216,117760
52,272,9216,117760
52,32,10240,117760
52,30,11264,117760
27,31,1024,118784
27,31,2048,118784
27,35,3072,118784
27,34,4096,118784
27,34,5120,118784
27,35,6144,118784
27,34,7168,118784
27,69,7168,118784
27,276,7168,118784
27,34,8192,118784
27,272,8192,118784
27,32,9216,118784
27,30,10240,118784
31,31,1024,119808
31,35,2048,119808
31,34,3072,119808
31,34,4096,119808
31,35,5120,119808
31,34,6144,119808
31,69,6144,119808
31,276,6144,119808
31,34,7168,119808
31,272,7168,119808
31,32,8192,119808
31,30,9216,119808
31,35,1024,120832
31,34,2048,120832
31,34,3072,120832
31,35,4096,120832
31,34,5120,120832
31,69,5120,120832
31,276,5120,120832
31,34,6144,120832
31,272,6144,120832
31,32,7168,120832
31,30,8192,120832
31,61,20480,120832
35,34,1024,121856
35,34,2048,121856
35,35,3072,121856
35,34,4096,121856
35,69,4096,121856
35,276,4096,121856
35,34,5120,121856
35,272,5120,121856
35,32,6144,121856
35,30,7168,121856
35,61,19456,121856
35,31,20480,121856
34,34,1024,122880
34,35,2048,122880
34,34,3072,122880
34,69,3072,122880
34,276,3072,122880
34,34,4096,122880
34,272,4096,122880
34,32,5120,122880
34,30,6144,122880
34,61,18432,122880
34,31,19456,122880
34,35,1024,123904
34,34,2048,123904
34,69,2048,123904
34,276,2048,123904
34,34,3072,123904
34,272,3072,123904
34,32,4096,123904
34,30,5120,123904
34,61,17408,123904
34,31,18432,123904
35,34,1024,124928
35,69,1024,124928
35,276,1024,124928
35,34,2048,124928
35,272,2048,124928
35,32,3072,124928
35,30,4096,124928
35,61,16384,124928
35,31,17408,124928
34,69,0,125952
34,276,0,125952
34,34,1024,125952
34,272,1024,125952
34,32,2048,125952
34,30,3072,125952
34,61,15360,125952
34,31,16384,125952
69,276,0,125952
69,34,1024,125952
69,272,1024,125952
69,32,2048,125952
69,30,3072,125952
69,61,15360,125952
69,31,16384,125952
276,34,1024,125952
276,272,1024,125952
276,32,2048,125952
276,30,3072,125952
276,61,15360,125952
276,31,16384,125952
34,272,0,126976
34,32,1024,126976
34,30,2048,126976
34,61,14336,126976
34,31,15360,126976
272,32,1024,126976
272,30,2048,126976
272,61,14336,126976
272,31,15360,126976
32,30,1024,128000
32,61,13312,128000
32,31,14336,128000
30,61,12288,129024
30,31,13312,129024
61,31,1024,141312
61,26,9216,141312
61,23,10240,141312
61,23,12288,141312
61,23,13312,141312
61,26,14336,141312
61,26,15360,141312
61,27,16384,141312
61,28,17408,141312
31,26,8192,142336
31,23,9216,142336
31,23,11264,142336
31,23,12288,142336
31,26,13312,142336
31,26,14336,142336
31,27,15360,142336
31,28,16384,142336
26,23,1024,150528
26,23,3072,150528
26,23,4096,150528
26,26,5120,150528
26,26,6144,150528
26,27,7168,150528
26,28,8192,150528
23,23,2048,151552
23,23,3072,151552
23,26,4096,151552
23,26,5120,151552
23,27,6144,151552
23,28,7168,151552
23,26,20480,151552
23,23,1024,153600
23,26,2048,153600
23,26,3072,153600
23,27,4096,153600
23,28,5120,153600
23,26,18432,153600
23,26,19456,153600
23,22,20480,153600
23,26,1024,154624
23,26,2048,154624
23,27,3072,154624
23,28,4096,154624
23,26,17408,154624
23,26,18432,154624
23,22,19456,154624
26,26,1024,155648
26,27,2048,155648
26,28,3072,155648
26,26,16384,155648
26,26,17408,155648
26,22,18432,155648
26,27,1024,156672
26,28,2048,156672
26,26,15360,156672
26,26,16384,156672
26,22,17408,156672
26,28,20480,156672
27,28,1024,157696
27,26,14336,157696
27,26,15360,157696
27,22,16384,157696
27,28,19456,157696
27,102,20480,157696
28,26,13312,158720
28,26,14336,158720
28,22,15360,158720
28,28,18432,158720
28,102,19456,158720
26,26,1024,172032
26,22,2048,172032
26,28,5120,172032
26,102,6144,172032
26,26,8192,172032
26,27,9216,172032
26,55,13312,172032
26,27,14336,172032
26,41,20480,172032
26,22,1024,173056
26,28,4096,173056
26,102,5120,173056
26,26,7168,173056
26,27,8192,173056
26,55,12288,173056
26,27,13312,173056
26,41,19456,173056
22,28,3072,174080
22,102,4096,174080
22,26,6144,174080
22,27,7168,174080
22,55,11264,174080
22,27,12288,174080
22,41,18432,174080
28,102,1024,177152
28,26,3072,177152
28,27,4096,177152
28,55,8192,177152
28,27,9216,177152
28,41,15360,177152
28,30,19456,177152
28,30,20480,177152
102,26,2048,178176
102,27,3072,178176
102,55,7168,178176
102,27,8192,178176
102,41,14336,178176
102,30,18432,178176
102,30,19456,178176
102,32,20480,178176
26,27,1024,180224
26,55,5120,180224
26,27,6144,180224
26,41,12288,180224
26,30,16384,180224
26,30,17408,180224
26,32,18432,180224
26,30,19456,180224
26,31,20480,180224
27,55,4096,181248
27,27,5120,181248
27,41,11264,181248
27,30,15360,181248
27,30,16384,181248
27,32,17408,181248
27,30,18432,181248
27,31,19456,181248
27,30,20480,181248
55,27,1024,185344
55,41,7168,185344
55,30,11264,185344
55,30,12288,185344
55,32,13312,185344
55,30,14336,185344
55,31,15360,185344
55,30,16384,185344
55,18,20480,185344
27,41,6144,186368
27,30,10240,186368
27,30,11264,186368
27,32,12288,186368
27,30,13312,186368
27,31,14336,186368
27,30,15360,186368
27,18,19456,186368
41,30,4096,192512
41,30,5120,192512
41,32,6144,192512
41,30,7168,192512
41,31,8192,192512
41,30,9216,192512
41,18,13312,192512
41,34,16384,192512
41,34,18432,192512
41,376,18432,192512
41,378,19456,192512
30,30,1024,196608
30,32,2048,196608
30,30,3072,196608
30,31,4096,196608
30,30,5120,196608
30,18,9216,196608
30,34,12288,196608
30,34,14336,196608
30,376,14336,196608
30,378,15360,196608
30,36,17408,196608
30,33,19456,196608
30,30,20480,196608
30,32,1024,197632
30,30,2048,197632
30,31,3072,197632
30,30,4096,197632
30,18,8192,197632
30,34,11264,197632
30,34,13312,197632
30,376,13312,197632
30,378,14336,197632
30,36,16384,197632
30,33,18432,197632
30,30,19456,197632
30,31,20480,197632
32,30,1024,198656
32,31,2048,198656
32,30,3072,198656
32,18,7168,198656
32,34,10240,198656
32,34,12288,198656
32,376,12288,198656
32,378,13312,198656
32,36,15360,198656
32,33,17408,198656
32,30,18432,198656
32,31,19456,198656
32,31,20480,198656
30,31,1024,199680
30,30,2048,199680
30,18,6144,199680
30,34,9216,199680
30,34,11264,199680
30,376,11264,199680
30,378,12288,199680
30,36,14336,199680
30,33,16384,199680
30,30,17408,199680
30,31,18432,199680
30,31,19456,199680
30,30,20480,199680
31,30,1024,200704
31,18,5120,200704
31,34,8192,200704
31,34,10240,200704
31,376,10240,200704
31,378,11264,200704
31,36,13312,200704
31,33,15360,200704
31,30,16384,200704
31,31,17408,200704
31,31,18432,200704
31,30,19456,200704
31,31,20480,200704
30,18,4096,201728
30,34,7168,201728
30,34,9216,201728
30,376,9216,201728
30,378,10240,201728
30,36,12288,201728
30,33,14336,201728
30,30,15360,201728
30,31,16384,201728
30,31,17408,201728
30,30,18432,201728
30,31,19456,201728
18,34,3072,205824
18,34,5120,205824
18,376,5120,205824
18,378,6144,205824
18,36,8192,205824
18,33,10240,205824
18,30,11264,205824
18,31,12288,205824
18,31,13312,205824
18,30,14336,205824
18,31,15360,205824
34,34,2048,208896
34,376,2048,208896
34,378,3072,208896
34,36,5120,208896
34,33,7168,208896
34,30,8192,208896
34,31,9216,208896
34,31,10240,208896
34,30,11264,208896
34,31,12288,208896
34,23,19456,208896
34,22,20480,208896
34,376,0,210944
34,378,1024,210944
34,36,3072,210944
34,33,5120,210944
34,30,6144,210944
34,31,7168,210944
34,31,8192,210944
34,30,9216,210944
34,31,10240,210944
34,23,17408,210944
34,22,18432,210944
34,22,19456,210944
34,52,19456,210944
376,378,1024,210944
376,36,3072,210944
376,33,5120,210944
376,30,6144,210944
376,31,7168,210944
376,31,8192,210944
376,30,9216,210944
376,31,10240,210944
376,23,17408,210944
376,22,18432,210944
376,22,19456,210944
376,52,19456,210944
378,36,2048,211968
378,33,4096,211968
378,30,5120,211968
378,31,6144,211968
378,31,7168,211968
378,30,8192,211968
378,31,9216,211968
378,23,16384,211968
378,22,17408,211968
378,22,18432,211968
378,52,18432,211968
36,33,2048,214016
36,30,3072,214016
36,31,4096,214016
36,31,5120,214016
36,30,6144,214016
36,31,7168,214016
36,23,14336,214016
36,22,15360,214016
36,22,16384,214016
36,52,16384,214016
33,30,1024,216064
33,31,2048,216064
33,31,3072,216064
33,30,4096,216064
33,31,5120,216064
33,23,12288,216064
33,22,13312,216064
33,22,14336,216064
33,52,14336,216064
30,31,1024,217088
30,31,2048,217088
30,30,3072,217088
30,31,4096,217088
30,23,11264,217088
30,22,12288,217088
30,22,13312,217088
30,52,13312,217088
31,31,1024,218112
31,30,2048,218112
31,31,3072,218112
31,23,10240,218112
31,22,11264,218112
31,22,12288,218112
31,52,12288,218112
31,67,20480,218112
31,30,1024,219136
31,31,2048,219136
31,23,9216,219136
31,22,10240,219136
31,22,11264,219136
31,52,11264,219136
31,67,19456,219136
31,68,20480,219136
30,31,1024,220160
30,23,8192,220160
30,22,9216,220160
30,22,10240,220160
30,52,10240,220160
30,67,18432,220160
30,68,19456,220160
30,69,20480,220160
31,23,7168,221184
31,22,8192,221184
31,22,9216,221184
31,52,9216,221184
31,67,17408,221184
31,68,18432,221184
31,69,19456,221184
23,22,1024,228352
23,22,2048,228352
23,52,2048,228352
23,67,10240,228352
23,68,11264,228352
23,69,12288,228352
22,22,1024,229376
22,52,1024,229376
22,67,9216,229376
22,68,10240,229376
22,69,11264,229376
22,52,0,230400
22,67,8192,230400
22,68,9216,230400
22,69,10240,230400
52,67,8192,230400
52,68,9216,230400
52,69,10240,230400
67,68,1024,238592
67,69,2048,238592
67,31,17408,238592
68,69,1024,239616
68,31,16384,239616
69,31,15360,240640
31,22,8192,256000
31,23,9216,256000
31,24,10240,256000
31,23,11264,256000
31,25,12288,256000
31,26,13312,256000
31,27,14336,256000
22,23,1024,264192
22,24,2048,264192
22,23,3072,264192
22,25,4096,264192
22,26,5120,264192
22,27,6144,264192
22,20,15360,264192
23,24,1024,265216
23,23,2048,265216
23,25,3072,265216
23,26,4096,265216
23,27,5120,265216
23,20,14336,265216
24,23,1024,266240
24,25,2048,266240
24,26,3072,266240
24,27,4096,266240
24,20,13312,266240
24,23,20480,266240
24,52,20480,266240
23,25,1024,267264
23,26,2048,267264
23,27,3072,267264
23,20,12288,267264
23,23,19456,267264
23,52,19456,267264
23,27,20480,267264
25,26,1024,268288
25,27,2048,268288
25,20,11264,268288
25,23,18432,268288
25,52,18432,268288
25,27,19456,268288
26,27,1024,269312
26,20,10240,269312
26,23,17408,269312
26,52,17408,269312
26,27,18432,269312
27,20,9216,270336
27,23,16384,270336
27,52,16384,270336
27,27,17408,270336
20,23,7168,279552
20,52,7168,279552
20,27,8192,279552
20,27,13312,279552
20,27,14336,279552
20,54,15360,279552
20,55,16384,279552
23,52,0,286720
23,27,1024,286720
23,27,6144,286720
23,27,7168,286720
23,54,8192,286720
23,55,9216,286720
23,37,15360,286720
23,41,16384,286720
23,30,18432,286720
52,27,1024,286720
52,27,6144,286720
52,27,7168,286720
52,54,8192,286720
52,55,9216,286720
52,37,15360,286720
52,41,16384,286720
52,30,18432,286720
27,27,5120,287744
27,27,6144,287744
27,54,7168,287744
27,55,8192,287744
27,37,14336,287744
27,41,15360,287744
27,30,17408,287744
27,27,1024,292864
27,54,2048,292864
27,55,3072,292864
27,37,9216,292864
27,41,10240,292864
27,30,12288,292864
27,54,1024,293888
27,55,2048,293888
27,37,8192,293888
27,41,9216,293888
27,30,11264,293888
54,55,1024,294912
54,37,7168,294912
54,41,8192,294912
54,30,10240,294912
55,37,6144,295936
55,41,7168,295936
55,30,9216,295936
55,54,20480,295936
37,41,1024,302080
37,30,3072,302080
37,54,14336,302080
37,55,15360,302080
37,18,16384,302080
37,31,20480,302080
41,30,2048,303104
41,54,13312,303104
41,55,14336,303104
41,18,15360,303104
41,31,19456,303104
30,54,11264,305152
30,55,12288,305152
30,18,13312,305152
30,31,17408,305152
30,34,19456,305152
54,55,1024,316416
54,18,2048,316416
54,31,6144,316416
54,34,8192,316416
54,35,11264,316416
54,104,11264,316416
54,33,12288,316416
55,18,1024,317440
55,31,5120,317440
55,34,7168,317440
55,35,10240,317440
55,104,10240,317440
55,33,11264,317440
18,31,4096,318464
18,34,6144,318464
18,35,9216,318464
18,104,9216,318464
18,33,10240,318464
31,34,2048,322560
31,35,5120,322560
31,104,5120,322560
31,33,6144,322560
34,35,3072,324608
34,104,3072,324608
34,33,4096,324608
35,104,0,327680
35,33,1024,327680
104,33,1024,327680
