8,7,3072,23552
8,8,5120,23552
8,6,8192,23552
8,5,9216,23552
8,8,10240,23552
8,5,13312,23552
8,4,14336,23552
7,8,2048,26624
7,6,5120,26624
7,5,6144,26624
7,8,7168,26624
7,5,10240,26624
7,4,11264,26624
8,6,3072,28672
8,5,4096,28672
8,8,5120,28672
8,5,8192,28672
8,4,9216,28672
6,5,1024,31744
6,8,2048,31744
6,5,5120,31744
6,4,6144,31744
5,8,1024,32768
5,5,4096,32768
5,4,5120,32768
8,5,3072,33792
8,4,4096,33792
5,4,1024,36864
7,7,1024,67584
7,6,5120,67584
7,5,6144,67584
7,5,7168,67584
7,4,10240,67584
7,3,11264,67584
7,3,12288,67584
7,3,13312,67584
7,3,14336,67584
7,6,4096,68608
7,5,5120,68608
7,5,6144,68608
7,4,9216,68608
7,3,10240,68608
7,3,11264,68608
7,3,12288,68608
7,3,13312,68608
6,5,1024,72704
6,5,2048,72704
6,4,5120,72704
6,3,6144,72704
6,3,7168,72704
6,3,8192,72704
6,3,9216,72704
5,5,1024,73728
5,4,4096,73728
5,3,5120,73728
5,3,6144,73728
5,3,7168,73728
5,3,8192,73728
5,4,3072,74752
5,3,4096,74752
5,3,5120,74752
5,3,6144,74752
5,3,7168,74752
4,3,1024,77824
4,3,2048,77824
4,3,3072,77824
4,3,4096,77824
3,3,1024,78848
3,3,2048,78848
3,3,3072,78848
3,3,1024,79872
3,3,2048,79872
3,3,1024,80896
7,7,3072,106496
7,7,4096,106496
7,8,5120,106496
7,5,8192,106496
7,5,9216,106496
7,7,10240,106496
7,5,13312,106496
7,4,14336,106496
7,4,15360,106496
7,7,1024,109568
7,8,2048,109568
7,5,5120,109568
7,5,6144,109568
7,7,7168,109568
7,5,10240,109568
7,4,11264,109568
7,4,12288,109568
7,8,1024,110592
7,5,4096,110592
7,5,5120,110592
7,7,6144,110592
7,5,9216,110592
7,4,10240,110592
7,4,11264,110592
8,5,3072,111616
8,5,4096,111616
8,7,5120,111616
8,5,8192,111616
8,4,9216,111616
8,4,10240,111616
5,5,1024,114688
5,7,2048,114688
5,5,5120,114688
5,4,6144,114688
5,4,7168,114688
5,7,1024,115712
5,5,4096,115712
5,4,5120,115712
5,4,6144,115712
7,5,3072,116736
7,4,4096,116736
7,4,5120,116736
5,4,1024,119808
5,4,2048,119808
4,4,1024,120832
7,7,1024,150528
7,7,2048,150528
7,6,5120,150528
7,5,6144,150528
7,5,7168,150528
7,4,10240,150528
7,3,11264,150528
7,3,12288,150528
7,3,13312,150528
7,3,14336,150528
7,7,1024,151552
7,6,4096,151552
7,5,5120,151552
7,5,6144,151552
7,4,9216,151552
7,3,10240,151552
7,3,11264,151552
7,3,12288,151552
7,3,13312,151552
7,6,3072,152576
7,5,4096,152576
7,5,5120,152576
7,4,8192,152576
7,3,9216,152576
7,3,10240,152576
7,3,11264,152576
7,3,12288,152576
6,5,1024,155648
6,5,2048,155648
6,4,5120,155648
6,3,6144,155648
6,3,7168,155648
6,3,8192,155648
6,3,9216,155648
5,5,1024,156672
5,4,4096,156672
5,3,5120,156672
5,3,6144,156672
5,3,7168,156672
5,3,8192,156672
5,4,3072,157696
5,3,4096,157696
5,3,5120,157696
5,3,6144,157696
5,3,7168,157696
4,3,1024,160768
4,3,2048,160768
4,3,3072,160768
4,3,4096,160768
3,3,1024,161792
3,3,2048,161792
3,3,3072,161792
3,3,1024,162816
3,3,2048,162816
3,3,1024,163840
17,3,1024,188416
17,3,2048,188416
17,3,3072,188416
17,3,4096,188416
17,3,5120,188416
17,3,6144,188416
17,5,9216,188416
17,5,11264,188416
17,5,12288,188416
17,5,13312,188416
17,5,14336,188416
17,5,15360,188416
17,3,17408,188416
17,3,19456,188416
3,3,1024,189440
3,3,2048,189440
3,3,3072,189440
3,3,4096,189440
3,3,5120,189440
3,5,8192,189440
3,5,10240,189440
3,5,11264,189440
3,5,12288,189440
3,5,13312,189440
3,5,14336,189440
3,3,16384,189440
3,3,18432,189440
3,3,19456,189440
3,3,1024,190464
3,3,2048,190464
3,3,3072,190464
3,3,4096,190464
3,5,7168,190464
3,5,9216,190464
3,5,10240,190464
3,5,11264,190464
3,5,12288,190464
3,5,13312,190464
3,3,15360,190464
3,3,17408,190464
3,3,18432,190464
3,5,19456,190464
3,3,1024,191488
3,3,2048,191488
3,3,3072,191488
3,5,6144,191488
3,5,8192,191488
3,5,9216,191488
3,5,10240,191488
3,5,11264,191488
3,5,12288,191488
3,3,14336,191488
3,3,16384,191488
3,3,17408,191488
3,5,18432,191488
3,4,19456,191488
3,3,1024,192512
3,3,2048,192512
3,5,5120,192512
3,5,7168,192512
3,5,8192,192512
3,5,9216,192512
3,5,10240,192512
3,5,11264,192512
3,3,13312,192512
3,3,15360,192512
3,3,16384,192512
3,5,17408,192512
3,4,18432,192512
3,4,19456,192512
3,3,1024,193536
3,5,4096,193536
3,5,6144,193536
3,5,7168,193536
3,5,8192,193536
3,5,9216,193536
3,5,10240,193536
3,3,12288,193536
3,3,14336,193536
3,3,15360,193536
3,5,16384,193536
3,4,17408,193536
3,4,18432,193536
3,4,19456,193536
3,5,3072,194560
3,5,5120,194560
3,5,6144,194560
3,5,7168,194560
3,5,8192,194560
3,5,9216,194560
3,3,11264,194560
3,3,13312,194560
3,3,14336,194560
3,5,15360,194560
3,4,16384,194560
3,4,17408,194560
3,4,18432,194560
5,5,2048,197632
5,5,3072,197632
5,5,4096,197632
5,5,5120,197632
5,5,6144,197632
5,3,8192,197632
5,3,10240,197632
5,3,11264,197632
5,5,12288,197632
5,4,13312,197632
5,4,14336,197632
5,4,15360,197632
5,5,20480,197632
5,5,1024,199680
5,5,2048,199680
5,5,3072,199680
5,5,4096,199680
5,3,6144,199680
5,3,8192,199680
5,3,9216,199680
5,5,10240,199680
5,4,11264,199680
5,4,12288,199680
5,4,13312,199680
5,5,18432,199680
5,5,1024,200704
5,5,2048,200704
5,5,3072,200704
5,3,5120,200704
5,3,7168,200704
5,3,8192,200704
5,5,9216,200704
5,4,10240,200704
5,4,11264,200704
5,4,12288,200704
5,5,17408,200704
5,5,20480,200704
5,5,1024,201728
5,5,2048,201728
5,3,4096,201728
5,3,6144,201728
5,3,7168,201728
5,5,8192,201728
5,4,9216,201728
5,4,10240,201728
5,4,11264,201728
5,5,16384,201728
5,5,19456,201728
5,5,20480,201728
5,5,1024,202752
5,3,3072,202752
5,3,5120,202752
5,3,6144,202752
5,5,7168,202752
5,4,8192,202752
5,4,9216,202752
5,4,10240,202752
5,5,15360,202752
5,5,18432,202752
5,5,19456,202752
5,3,2048,203776
5,3,4096,203776
5,3,5120,203776
5,5,6144,203776
5,4,7168,203776
5,4,8192,203776
5,4,9216,203776
5,5,14336,203776
5,5,17408,203776
5,5,18432,203776
5,3,20480,203776
3,3,2048,205824
3,3,3072,205824
3,5,4096,205824
3,4,5120,205824
3,4,6144,205824
3,4,7168,205824
3,5,12288,205824
3,5,15360,205824
3,5,16384,205824
3,3,18432,205824
3,5,20480,205824
3,3,1024,207872
3,5,2048,207872
3,4,3072,207872
3,4,4096,207872
3,4,5120,207872
3,5,10240,207872
3,5,13312,207872
3,5,14336,207872
3,3,16384,207872
3,5,18432,207872
3,5,19456,207872
3,7,20480,207872
3,5,1024,208896
3,4,2048,208896
3,4,3072,208896
3,4,4096,208896
3,5,9216,208896
3,5,12288,208896
3,5,13312,208896
3,3,15360,208896
3,5,17408,208896
3,5,18432,208896
3,7,19456,208896
3,7,20480,208896
5,4,1024,209920
5,4,2048,209920
5,4,3072,209920
5,5,8192,209920
5,5,11264,209920
5,5,12288,209920
5,3,14336,209920
5,5,16384,209920
5,5,17408,209920
5,7,18432,209920
5,7,19456,209920
5,8,20480,209920
4,4,1024,210944
4,4,2048,210944
4,5,7168,210944
4,5,10240,210944
4,5,11264,210944
4,3,13312,210944
4,5,15360,210944
4,5,16384,210944
4,7,17408,210944
4,7,18432,210944
4,8,19456,210944
4,4,1024,211968
4,5,6144,211968
4,5,9216,211968
4,5,10240,211968
4,3,12288,211968
4,5,14336,211968
4,5,15360,211968
4,7,16384,211968
4,7,17408,211968
4,8,18432,211968
4,5,5120,212992
4,5,8192,212992
4,5,9216,212992
4,3,11264,212992
4,5,13312,212992
4,5,14336,212992
4,7,15360,212992
4,7,16384,212992
4,8,17408,212992
5,5,3072,218112
5,5,4096,218112
5,3,6144,218112
5,5,8192,218112
5,5,9216,218112
5,7,10240,218112
5,7,11264,218112
5,8,12288,218112
5,3,20480,218112
5,5,1024,221184
5,3,3072,221184
5,5,5120,221184
5,5,6144,221184
5,7,7168,221184
5,7,8192,221184
5,8,9216,221184
5,3,17408,221184
5,7,18432,221184
5,3,20480,221184
5,3,2048,222208
5,5,4096,222208
5,5,5120,222208
5,7,6144,222208
5,7,7168,222208
5,8,8192,222208
5,3,16384,222208
5,7,17408,222208
5,3,19456,222208
5,3,20480,222208
3,5,2048,224256
3,5,3072,224256
3,7,4096,224256
3,7,5120,224256
3,8,6144,224256
3,3,14336,224256
3,7,15360,224256
3,3,17408,224256
3,3,18432,224256
3,3,19456,224256
3,3,20480,224256
5,5,1024,226304
5,7,2048,226304
5,7,3072,226304
5,8,4096,226304
5,3,12288,226304
5,7,13312,226304
5,3,15360,226304
5,3,16384,226304
5,3,17408,226304
5,3,18432,226304
5,7,20480,226304
5,7,1024,227328
5,7,2048,227328
5,8,3072,227328
5,3,11264,227328
5,7,12288,227328
5,3,14336,227328
5,3,15360,227328
5,3,16384,227328
5,3,17408,227328
5,7,19456,227328
7,7,1024,228352
7,8,2048,228352
7,3,10240,228352
7,7,11264,228352
7,3,13312,228352
7,3,14336,228352
7,3,15360,228352
7,3,16384,228352
7,7,18432,228352
7,8,20480,228352
7,8,1024,229376
7,3,9216,229376
7,7,10240,229376
7,3,12288,229376
7,3,13312,229376
7,3,14336,229376
7,3,15360,229376
7,7,17408,229376
7,8,19456,229376
7,5,20480,229376
8,3,8192,230400
8,7,9216,230400
8,3,11264,230400
8,3,12288,230400
8,3,13312,230400
8,3,14336,230400
8,7,16384,230400
8,8,18432,230400
8,5,19456,230400
8,5,20480,230400
3,7,1024,238592
3,3,3072,238592
3,3,4096,238592
3,3,5120,238592
3,3,6144,238592
3,7,8192,238592
3,8,10240,238592
3,5,11264,238592
3,5,12288,238592
3,4,16384,238592
3,4,17408,238592
3,6,18432,238592
3,6,19456,238592
7,3,2048,239616
7,3,3072,239616
7,3,4096,239616
7,3,5120,239616
7,7,7168,239616
7,8,9216,239616
7,5,10240,239616
7,5,11264,239616
7,4,15360,239616
7,4,16384,239616
7,6,17408,239616
7,6,18432,239616
7,9,20480,239616
3,3,1024,241664
3,3,2048,241664
3,3,3072,241664
3,7,5120,241664
3,8,7168,241664
3,5,8192,241664
3,5,9216,241664
3,4,13312,241664
3,4,14336,241664
3,6,15360,241664
3,6,16384,241664
3,9,18432,241664
3,7,20480,241664
3,3,1024,242688
3,3,2048,242688
3,7,4096,242688
3,8,6144,242688
3,5,7168,242688
3,5,8192,242688
3,4,12288,242688
3,4,13312,242688
3,6,14336,242688
3,6,15360,242688
3,9,17408,242688
3,7,19456,242688
3,7,20480,242688
3,3,1024,243712
3,7,3072,243712
3,8,5120,243712
3,5,6144,243712
3,5,7168,243712
3,4,11264,243712
3,4,12288,243712
3,6,13312,243712
3,6,14336,243712
3,9,16384,243712
3,7,18432,243712
3,7,19456,243712
3,8,20480,243712
3,7,2048,244736
3,8,4096,244736
3,5,5120,244736
3,5,6144,244736
3,4,10240,244736
3,4,11264,244736
3,6,12288,244736
3,6,13312,244736
3,9,15360,244736
3,7,17408,244736
3,7,18432,244736
3,8,19456,244736
3,5,20480,244736
7,8,2048,246784
7,5,3072,246784
7,5,4096,246784
7,4,8192,246784
7,4,9216,246784
7,6,10240,246784
7,6,11264,246784
7,9,13312,246784
7,7,15360,246784
7,7,16384,246784
7,8,17408,246784
7,5,18432,246784
7,8,20480,246784
8,5,1024,248832
8,5,2048,248832
8,4,6144,248832
8,4,7168,248832
8,6,8192,248832
8,6,9216,248832
8,9,11264,248832
8,7,13312,248832
8,7,14336,248832
8,8,15360,248832
8,5,16384,248832
8,8,18432,248832
8,8,20480,248832
5,5,1024,249856
5,4,5120,249856
5,4,6144,249856
5,6,7168,249856
5,6,8192,249856
5,9,10240,249856
5,7,12288,249856
5,7,13312,249856
5,8,14336,249856
5,5,15360,249856
5,8,17408,249856
5,8,19456,249856
5,6,20480,249856
5,4,4096,250880
5,4,5120,250880
5,6,6144,250880
5,6,7168,250880
5,9,9216,250880
5,7,11264,250880
5,7,12288,250880
5,8,13312,250880
5,5,14336,250880
5,8,16384,250880
5,8,18432,250880
5,6,19456,250880
5,17,20480,250880
4,4,1024,254976
4,6,2048,254976
4,6,3072,254976
4,9,5120,254976
4,7,7168,254976
4,7,8192,254976
4,8,9216,254976
4,5,10240,254976
4,8,12288,254976
4,8,14336,254976
4,6,15360,254976
4,17,16384,254976
4,3,18432,254976
4,6,1024,256000
4,6,2048,256000
4,9,4096,256000
4,7,6144,256000
4,7,7168,256000
4,8,8192,256000
4,5,9216,256000
4,8,11264,256000
4,8,13312,256000
4,6,14336,256000
4,17,15360,256000
4,3,17408,256000
6,6,1024,257024
6,9,3072,257024
6,7,5120,257024
6,7,6144,257024
6,8,7168,257024
6,5,8192,257024
6,8,10240,257024
6,8,12288,257024
6,6,13312,257024
6,17,14336,257024
6,3,16384,257024
6,9,2048,258048
6,7,4096,258048
6,7,5120,258048
6,8,6144,258048
6,5,7168,258048
6,8,9216,258048
6,8,11264,258048
6,6,12288,258048
6,17,13312,258048
6,3,15360,258048
9,7,2048,260096
9,7,3072,260096
9,8,4096,260096
9,5,5120,260096
9,8,7168,260096
9,8,9216,260096
9,6,10240,260096
9,17,11264,260096
9,3,13312,260096
9,5,20480,260096
7,7,1024,262144
7,8,2048,262144
7,5,3072,262144
7,8,5120,262144
7,8,7168,262144
7,6,8192,262144
7,17,9216,262144
7,3,11264,262144
7,5,18432,262144
7,5,20480,262144
7,8,1024,263168
7,5,2048,263168
7,8,4096,263168
7,8,6144,263168
7,6,7168,263168
7,17,8192,263168
7,3,10240,263168
7,5,17408,263168
7,5,19456,263168
7,5,20480,263168
8,5,1024,264192
8,8,3072,264192
8,8,5120,264192
8,6,6144,264192
8,17,7168,264192
8,3,9216,264192
8,5,16384,264192
8,5,18432,264192
8,5,19456,264192
8,5,20480,264192
5,8,2048,265216
5,8,4096,265216
5,6,5120,265216
5,17,6144,265216
5,3,8192,265216
5,5,15360,265216
5,5,17408,265216
5,5,18432,265216
5,5,19456,265216
5,5,20480,265216
8,8,2048,267264
8,6,3072,267264
8,17,4096,267264
8,3,6144,267264
8,5,13312,267264
8,5,15360,267264
8,5,16384,267264
8,5,17408,267264
8,5,18432,267264
8,7,20480,267264
8,6,1024,269312
8,17,2048,269312
8,3,4096,269312
8,5,11264,269312
8,5,13312,269312
8,5,14336,269312
8,5,15360,269312
8,5,16384,269312
8,7,18432,269312
8,7,19456,269312
8,8,20480,269312
6,17,1024,270336
6,3,3072,270336
6,5,10240,270336
6,5,12288,270336
6,5,13312,270336
6,5,14336,270336
6,5,15360,270336
6,7,17408,270336
6,7,18432,270336
6,8,19456,270336
6,3,20480,270336
17,3,2048,271360
17,5,9216,271360
17,5,11264,271360
17,5,12288,271360
17,5,13312,271360
17,5,14336,271360
17,7,16384,271360
17,7,17408,271360
17,8,18432,271360
17,3,19456,271360
17,3,20480,271360
3,5,7168,273408
3,5,9216,273408
3,5,10240,273408
3,5,11264,273408
3,5,12288,273408
3,7,14336,273408
3,7,15360,273408
3,8,16384,273408
3,3,17408,273408
3,3,18432,273408
3,5,19456,273408
3,4,20480,273408
5,5,2048,280576
5,5,3072,280576
5,5,4096,280576
5,5,5120,280576
5,7,7168,280576
5,7,8192,280576
5,8,9216,280576
5,3,10240,280576
5,3,11264,280576
5,5,12288,280576
5,4,13312,280576
5,4,14336,280576
5,4,15360,280576
5,4,16384,280576
5,5,1024,282624
5,5,2048,282624
5,5,3072,282624
5,7,5120,282624
5,7,6144,282624
5,8,7168,282624
5,3,8192,282624
5,3,9216,282624
5,5,10240,282624
5,4,11264,282624
5,4,12288,282624
5,4,13312,282624
5,4,14336,282624
5,5,16384,282624
5,5,1024,283648
5,5,2048,283648
5,7,4096,283648
5,7,5120,283648
5,8,6144,283648
5,3,7168,283648
5,3,8192,283648
5,5,9216,283648
5,4,10240,283648
5,4,11264,283648
5,4,12288,283648
5,4,13312,283648
5,5,15360,283648
5,3,17408,283648
5,5,1024,284672
5,7,3072,284672
5,7,4096,284672
5,8,5120,284672
5,3,6144,284672
5,3,7168,284672
5,5,8192,284672
5,4,9216,284672
5,4,10240,284672
5,4,11264,284672
5,4,12288,284672
5,5,14336,284672
5,3,16384,284672
5,4,17408,284672
5,7,2048,285696
5,7,3072,285696
5,8,4096,285696
5,3,5120,285696
5,3,6144,285696
5,5,7168,285696
5,4,8192,285696
5,4,9216,285696
5,4,10240,285696
5,4,11264,285696
5,5,13312,285696
5,3,15360,285696
5,4,16384,285696
5,7,17408,285696
7,7,1024,287744
7,8,2048,287744
7,3,3072,287744
7,3,4096,287744
7,5,5120,287744
7,4,6144,287744
7,4,7168,287744
7,4,8192,287744
7,4,9216,287744
7,5,11264,287744
7,3,13312,287744
7,4,14336,287744
7,7,15360,287744
7,7,16384,287744
7,8,1024,288768
7,3,2048,288768
7,3,3072,288768
7,5,4096,288768
7,4,5120,288768
7,4,6144,288768
7,4,7168,288768
7,4,8192,288768
7,5,10240,288768
7,3,12288,288768
7,4,13312,288768
7,7,14336,288768
7,7,15360,288768
7,5,17408,288768
8,3,1024,289792
8,3,2048,289792
8,5,3072,289792
8,4,4096,289792
8,4,5120,289792
8,4,6144,289792
8,4,7168,289792
8,5,9216,289792
8,3,11264,289792
8,4,12288,289792
8,7,13312,289792
8,7,14336,289792
8,5,16384,289792
8,5,17408,289792
3,3,1024,290816
3,5,2048,290816
3,4,3072,290816
3,4,4096,290816
3,4,5120,290816
3,4,6144,290816
3,5,8192,290816
3,3,10240,290816
3,4,11264,290816
3,7,12288,290816
3,7,13312,290816
3,5,15360,290816
3,5,16384,290816
3,3,18432,290816
3,5,1024,291840
3,4,2048,291840
3,4,3072,291840
3,4,4096,291840
3,4,5120,291840
3,5,7168,291840
3,3,9216,291840
3,4,10240,291840
3,7,11264,291840
3,7,12288,291840
3,5,14336,291840
3,5,15360,291840
3,3,17408,291840
3,5,19456,291840
5,4,1024,292864
5,4,2048,292864
5,4,3072,292864
5,4,4096,292864
5,5,6144,292864
5,3,8192,292864
5,4,9216,292864
5,7,10240,292864
5,7,11264,292864
5,5,13312,292864
5,5,14336,292864
5,3,16384,292864
5,5,18432,292864
5,7,20480,292864
4,4,1024,293888
4,4,2048,293888
4,4,3072,293888
4,5,5120,293888
4,3,7168,293888
4,4,8192,293888
4,7,9216,293888
4,7,10240,293888
4,5,12288,293888
4,5,13312,293888
4,3,15360,293888
4,5,17408,293888
4,7,19456,293888
4,5,20480,293888
4,4,1024,294912
4,4,2048,294912
4,5,4096,294912
4,3,6144,294912
4,4,7168,294912
4,7,8192,294912
4,7,9216,294912
4,5,11264,294912
4,5,12288,294912
4,3,14336,294912
4,5,16384,294912
4,7,18432,294912
4,5,19456,294912
4,5,20480,294912
4,4,1024,295936
4,5,3072,295936
4,3,5120,295936
4,4,6144,295936
4,7,7168,295936
4,7,8192,295936
4,5,10240,295936
4,5,11264,295936
4,3,13312,295936
4,5,15360,295936
4,7,17408,295936
4,5,18432,295936
4,5,19456,295936
4,5,2048,296960
4,3,4096,296960
4,4,5120,296960
4,7,6144,296960
4,7,7168,296960
4,5,9216,296960
4,5,10240,296960
4,3,12288,296960
4,5,14336,296960
4,7,16384,296960
4,5,17408,296960
4,5,18432,296960
4,5,20480,296960
5,3,2048,299008
5,4,3072,299008
5,7,4096,299008
5,7,5120,299008
5,5,7168,299008
5,5,8192,299008
5,3,10240,299008
5,5,12288,299008
5,7,14336,299008
5,5,15360,299008
5,5,16384,299008
5,5,18432,299008
5,5,19456,299008
3,4,1024,301056
3,7,2048,301056
3,7,3072,301056
3,5,5120,301056
3,5,6144,301056
3,3,8192,301056
3,5,10240,301056
3,7,12288,301056
3,5,13312,301056
3,5,14336,301056
3,5,16384,301056
3,5,17408,301056
3,7,20480,301056
4,7,1024,302080
4,7,2048,302080
4,5,4096,302080
4,5,5120,302080
4,3,7168,302080
4,5,9216,302080
4,7,11264,302080
4,5,12288,302080
4,5,13312,302080
4,5,15360,302080
4,5,16384,302080
4,7,19456,302080
4,6,20480,302080
7,7,1024,303104
7,5,3072,303104
7,5,4096,303104
7,3,6144,303104
7,5,8192,303104
7,7,10240,303104
7,5,11264,303104
7,5,12288,303104
7,5,14336,303104
7,5,15360,303104
7,7,18432,303104
7,6,19456,303104
7,34,20480,303104
7,5,2048,304128
7,5,3072,304128
7,3,5120,304128
7,5,7168,304128
7,7,9216,304128
7,5,10240,304128
7,5,11264,304128
7,5,13312,304128
7,5,14336,304128
7,7,17408,304128
7,6,18432,304128
7,34,19456,304128
7,7,20480,304128
5,5,1024,306176
5,3,3072,306176
5,5,5120,306176
5,7,7168,306176
5,5,8192,306176
5,5,9216,306176
5,5,11264,306176
5,5,12288,306176
5,7,15360,306176
5,6,16384,306176
5,34,17408,306176
5,7,18432,306176
5,7,19456,306176
5,7,20480,306176
5,3,2048,307200
5,5,4096,307200
5,7,6144,307200
5,5,7168,307200
5,5,8192,307200
5,5,10240,307200
5,5,11264,307200
5,7,14336,307200
5,6,15360,307200
5,34,16384,307200
5,7,17408,307200
5,7,18432,307200
5,7,19456,307200
3,5,2048,309248
3,7,4096,309248
3,5,5120,309248
3,5,6144,309248
3,5,8192,309248
3,5,9216,309248
3,7,12288,309248
3,6,13312,309248
3,34,14336,309248
3,7,15360,309248
3,7,16384,309248
3,7,17408,309248
3,8,19456,309248
5,7,2048,311296
5,5,3072,311296
5,5,4096,311296
5,5,6144,311296
5,5,7168,311296
5,7,10240,311296
5,6,11264,311296
5,34,12288,311296
5,7,13312,311296
5,7,14336,311296
5,7,15360,311296
5,8,17408,311296
7,5,1024,313344
7,5,2048,313344
7,5,4096,313344
7,5,5120,313344
7,7,8192,313344
7,6,9216,313344
7,34,10240,313344
7,7,11264,313344
7,7,12288,313344
7,7,13312,313344
7,8,15360,313344
5,5,1024,314368
5,5,3072,314368
5,5,4096,314368
5,7,7168,314368
5,6,8192,314368
5,34,9216,314368
5,7,10240,314368
5,7,11264,314368
5,7,12288,314368
5,8,14336,314368
5,5,2048,315392
5,5,3072,315392
5,7,6144,315392
5,6,7168,315392
5,34,8192,315392
5,7,9216,315392
5,7,10240,315392
5,7,11264,315392
5,8,13312,315392
5,5,1024,317440
5,7,4096,317440
5,6,5120,317440
5,34,6144,317440
5,7,7168,317440
5,7,8192,317440
5,7,9216,317440
5,8,11264,317440
5,7,3072,318464
5,6,4096,318464
5,34,5120,318464
5,7,6144,318464
5,7,7168,318464
5,7,8192,318464
5,8,10240,318464
7,6,1024,321536
7,34,2048,321536
7,7,3072,321536
7,7,4096,321536
7,7,5120,321536
7,8,7168,321536
6,34,1024,322560
6,7,2048,322560
6,7,3072,322560
6,7,4096,322560
6,8,6144,322560
34,7,1024,323584
34,7,2048,323584
34,7,3072,323584
34,8,5120,323584
7,7,1024,324608
7,7,2048,324608
7,8,4096,324608
7,7,1024,325632
7,8,3072,325632
7,8,2048,326656
