15,55,1024,12288
15,54,2048,12288
15,36,5120,12288
15,18,6144,12288
15,18,7168,12288
15,55,11264,12288
15,53,12288,12288
15,18,15360,12288
15,18,17408,12288
55,54,1024,13312
55,36,4096,13312
55,18,5120,13312
55,18,6144,13312
55,55,10240,13312
55,53,11264,13312
55,18,14336,13312
55,18,16384,13312
54,36,3072,14336
54,18,4096,14336
54,18,5120,14336
54,55,9216,14336
54,53,10240,14336
54,18,13312,14336
54,18,15360,14336
36,18,1024,17408
36,18,2048,17408
36,55,6144,17408
36,53,7168,17408
36,18,10240,17408
36,18,12288,17408
36,14,18432,17408
18,18,1024,18432
18,55,5120,18432
18,53,6144,18432
18,18,9216,18432
18,18,11264,18432
18,14,17408,18432
18,10,20480,18432
18,55,4096,19456
18,53,5120,19456
18,18,8192,19456
18,18,10240,19456
18,14,16384,19456
18,10,19456,19456
55,53,1024,23552
55,18,4096,23552
55,18,6144,23552
55,14,12288,23552
55,10,15360,23552
55,18,17408,23552
55,31,20480,23552
53,18,3072,24576
53,18,5120,24576
53,14,11264,24576
53,10,14336,24576
53,18,16384,24576
53,31,19456,24576
53,31,20480,24576
18,18,2048,27648
18,14,8192,27648
18,10,11264,27648
18,18,13312,27648
18,31,16384,27648
18,31,17408,27648
18,14,6144,29696
18,10,9216,29696
18,18,11264,29696
18,31,14336,29696
18,31,15360,29696
18,55,19456,29696
18,56,20480,29696
14,10,3072,35840
14,18,5120,35840
14,31,8192,35840
14,31,9216,35840
14,55,13312,35840
14,56,14336,35840
14,15,15360,35840
10,18,2048,38912
10,31,5120,38912
10,31,6144,38912
10,55,10240,38912
10,56,11264,38912
10,15,12288,38912
10,46,18432,38912
10,46,19456,38912
10,46,20480,38912
18,31,3072,40960
18,31,4096,40960
18,55,8192,40960
18,56,9216,40960
18,15,10240,40960
18,46,16384,40960
18,46,17408,40960
18,46,18432,40960
18,54,19456,40960
31,31,1024,44032
31,55,5120,44032
31,56,6144,44032
31,15,7168,44032
31,46,13312,44032
31,46,14336,44032
31,46,15360,44032
31,54,16384,44032
31,15,20480,44032
31,55,4096,45056
31,56,5120,45056
31,15,6144,45056
31,46,12288,45056
31,46,13312,45056
31,46,14336,45056
31,54,15360,45056
31,15,19456,45056
55,56,1024,49152
55,15,2048,49152
55,46,8192,49152
55,46,9216,49152
55,46,10240,49152
55,54,11264,49152
55,15,15360,49152
55,27,20480,49152
56,15,1024,50176
56,46,7168,50176
56,46,8192,50176
56,46,9216,50176
56,54,10240,50176
56,15,14336,50176
56,27,19456,50176
56,27,20480,50176
15,46,6144,51200
15,46,7168,51200
15,46,8192,51200
15,54,9216,51200
15,15,13312,51200
15,27,18432,51200
15,27,19456,51200
46,46,1024,57344
46,46,2048,57344
46,54,3072,57344
46,15,7168,57344
46,27,12288,57344
46,27,13312,57344
46,14,17408,57344
46,45,19456,57344
46,46,1024,58368
46,54,2048,58368
46,15,6144,58368
46,27,11264,58368
46,27,12288,58368
46,14,16384,58368
46,45,18432,58368
46,55,20480,58368
46,54,1024,59392
46,15,5120,59392
46,27,10240,59392
46,27,11264,59392
46,14,15360,59392
46,45,17408,59392
46,55,19456,59392
54,15,4096,60416
54,27,9216,60416
54,27,10240,60416
54,14,14336,60416
54,45,16384,60416
54,55,18432,60416
15,27,5120,64512
15,27,6144,64512
15,14,10240,64512
15,45,12288,64512
15,55,14336,64512
15,41,20480,64512
27,27,1024,69632
27,14,5120,69632
27,45,7168,69632
27,55,9216,69632
27,41,15360,69632
27,46,19456,69632
27,14,20480,69632
27,14,4096,70656
27,45,6144,70656
27,55,8192,70656
27,41,14336,70656
27,46,18432,70656
27,14,19456,70656
27,56,20480,70656
14,45,2048,74752
14,55,4096,74752
14,41,10240,74752
14,46,14336,74752
14,14,15360,74752
14,56,16384,74752
14,54,17408,74752
14,54,18432,74752
14,55,20480,74752
45,55,2048,76800
45,41,8192,76800
45,46,12288,76800
45,14,13312,76800
45,56,14336,76800
45,54,15360,76800
45,54,16384,76800
45,55,18432,76800
45,24,19456,76800
45,24,20480,76800
55,41,6144,78848
55,46,10240,78848
55,14,11264,78848
55,56,12288,78848
55,54,13312,78848
55,54,14336,78848
55,55,16384,78848
55,24,17408,78848
55,24,18432,78848
41,46,4096,84992
41,14,5120,84992
41,56,6144,84992
41,54,7168,84992
41,54,8192,84992
41,55,10240,84992
41,24,11264,84992
41,24,12288,84992
41,13,18432,84992
46,14,1024,89088
46,56,2048,89088
46,54,3072,89088
46,54,4096,89088
46,55,6144,89088
46,24,7168,89088
46,24,8192,89088
46,13,14336,89088
14,56,1024,90112
14,54,2048,90112
14,54,3072,90112
14,55,5120,90112
14,24,6144,90112
14,24,7168,90112
14,13,13312,90112
56,54,1024,91136
56,54,2048,91136
56,55,4096,91136
56,24,5120,91136
56,24,6144,91136
56,13,12288,91136
54,54,1024,92160
54,55,3072,92160
54,24,4096,92160
54,24,5120,92160
54,13,11264,92160
54,55,2048,93184
54,24,3072,93184
54,24,4096,93184
54,13,10240,93184
55,24,1024,95232
55,24,2048,95232
55,13,8192,95232
55,73,19456,95232
55,146,20480,95232
24,24,1024,96256
24,13,7168,96256
24,73,18432,96256
24,146,19456,96256
24,13,6144,97280
24,73,17408,97280
24,146,18432,97280
13,73,11264,103424
13,146,12288,103424
13,18,20480,103424
73,146,1024,114688
73,18,9216,114688
73,18,10240,114688
73,18,11264,114688
73,18,12288,114688
73,15,14336,114688
73,18,15360,114688
73,18,16384,114688
73,18,17408,114688
73,55,20480,114688
146,18,8192,115712
146,18,9216,115712
146,18,10240,115712
146,18,11264,115712
146,15,13312,115712
146,18,14336,115712
146,18,15360,115712
146,18,16384,115712
146,55,19456,115712
146,18,20480,115712
18,18,1024,123904
18,18,2048,123904
18,18,3072,123904
18,15,5120,123904
18,18,6144,123904
18,18,7168,123904
18,18,8192,123904
18,55,11264,123904
18,18,12288,123904
18,18,13312,123904
18,18,14336,123904
18,18,16384,123904
18,18,19456,123904
18,18,20480,123904
18,18,1024,124928
18,18,2048,124928
18,15,4096,124928
18,18,5120,124928
18,18,6144,124928
18,18,7168,124928
18,55,10240,124928
18,18,11264,124928
18,18,12288,124928
18,18,13312,124928
18,18,15360,124928
18,18,18432,124928
18,18,19456,124928
18,18,1024,125952
18,15,3072,125952
18,18,4096,125952
18,18,5120,125952
18,18,6144,125952
18,55,9216,125952
18,18,10240,125952
18,18,11264,125952
18,18,12288,125952
18,18,14336,125952
18,18,17408,125952
18,18,18432,125952
18,15,2048,126976
18,18,3072,126976
18,18,4096,126976
18,18,5120,126976
18,55,8192,126976
18,18,9216,126976
18,18,10240,126976
18,18,11264,126976
18,18,13312,126976
18,18,16384,126976
18,18,17408,126976
15,18,1024,129024
15,18,2048,129024
15,18,3072,129024
15,55,6144,129024
15,18,7168,129024
15,18,8192,129024
15,18,9216,129024
15,18,11264,129024
15,18,14336,129024
15,18,15360,129024
15,15,19456,129024
15,31,20480,129024
18,18,1024,130048
18,18,2048,130048
18,55,5120,130048
18,18,6144,130048
18,18,7168,130048
18,18,8192,130048
18,18,10240,130048
18,18,13312,130048
18,18,14336,130048
18,15,18432,130048
18,31,19456,130048
18,18,1024,131072
18,55,4096,131072
18,18,5120,131072
18,18,6144,131072
18,18,7168,131072
18,18,9216,131072
18,18,12288,131072
18,18,13312,131072
18,15,17408,131072
18,31,18432,131072
18,55,3072,132096
18,18,4096,132096
18,18,5120,132096
18,18,6144,132096
18,18,8192,132096
18,18,11264,132096
18,18,12288,132096
18,15,16384,132096
18,31,17408,132096
18,14,20480,132096
55,18,1024,135168
55,18,2048,135168
55,18,3072,135168
55,18,5120,135168
55,18,8192,135168
55,18,9216,135168
55,15,13312,135168
55,31,14336,135168
55,14,17408,135168
55,55,18432,135168
55,15,20480,135168
18,18,1024,136192
18,18,2048,136192
18,18,4096,136192
18,18,7168,136192
18,18,8192,136192
18,15,12288,136192
18,31,13312,136192
18,14,16384,136192
18,55,17408,136192
18,15,19456,136192
18,18,1024,137216
18,18,3072,137216
18,18,6144,137216
18,18,7168,137216
18,15,11264,137216
18,31,12288,137216
18,14,15360,137216
18,55,16384,137216
18,15,18432,137216
18,15,20480,137216
18,18,2048,138240
18,18,5120,138240
18,18,6144,138240
18,15,10240,138240
18,31,11264,138240
18,14,14336,138240
18,55,15360,138240
18,15,17408,138240
18,15,19456,138240
18,18,3072,140288
18,18,4096,140288
18,15,8192,140288
18,31,9216,140288
18,14,12288,140288
18,55,13312,140288
18,15,15360,140288
18,15,17408,140288
18,15,19456,140288
18,18,1024,143360
18,15,5120,143360
18,31,6144,143360
18,14,9216,143360
18,55,10240,143360
18,15,12288,143360
18,15,14336,143360
18,15,16384,143360
18,15,4096,144384
18,31,5120,144384
18,14,8192,144384
18,55,9216,144384
18,15,11264,144384
18,15,13312,144384
18,15,15360,144384
15,31,1024,148480
15,14,4096,148480
15,55,5120,148480
15,15,7168,148480
15,15,9216,148480
15,15,11264,148480
31,14,3072,149504
31,55,4096,149504
31,15,6144,149504
31,15,8192,149504
31,15,10240,149504
14,55,1024,152576
14,15,3072,152576
14,15,5120,152576
14,15,7168,152576
55,15,2048,153600
55,15,4096,153600
55,15,6144,153600
15,15,2048,155648
15,15,4096,155648
15,15,2048,157696
