10,6,1024,0
10,6,2048,0
10,6,3072,0
10,6,6144,0
10,6,7168,0
10,6,8192,0
6,6,1024,1024
6,6,2048,1024
6,6,5120,1024
6,6,6144,1024
6,6,7168,1024
6,6,1024,2048
6,6,4096,2048
6,6,5120,2048
6,6,6144,2048
6,6,3072,3072
6,6,4096,3072
6,6,5120,3072
6,6,1024,6144
6,6,2048,6144
6,5,20480,6144
6,6,1024,7168
6,5,19456,7168
6,5,20480,7168
6,5,18432,8192
6,5,19456,8192
5,5,1024,26624
5,6,4096,26624
5,6,5120,26624
5,6,6144,26624
5,6,9216,26624
5,6,10240,26624
5,6,11264,26624
5,6,12288,26624
5,6,3072,27648
5,6,4096,27648
5,6,5120,27648
5,6,8192,27648
5,6,9216,27648
5,6,10240,27648
5,6,11264,27648
6,6,1024,30720
6,6,2048,30720
6,6,5120,30720
6,6,6144,30720
6,6,7168,30720
6,6,8192,30720
6,8,18432,30720
6,6,1024,31744
6,6,4096,31744
6,6,5120,31744
6,6,6144,31744
6,6,7168,31744
6,8,17408,31744
6,6,3072,32768
6,6,4096,32768
6,6,5120,32768
6,6,6144,32768
6,8,16384,32768
6,6,1024,35840
6,6,2048,35840
6,6,3072,35840
6,8,13312,35840
6,6,1024,36864
6,6,2048,36864
6,8,12288,36864
6,6,1024,37888
6,8,11264,37888
6,5,20480,37888
6,8,10240,38912
6,5,19456,38912
8,5,9216,49152
8,6,11264,49152
8,6,12288,49152
8,6,13312,49152
8,6,16384,49152
8,6,17408,49152
8,6,18432,49152
5,6,2048,58368
5,6,3072,58368
5,6,4096,58368
5,6,7168,58368
5,6,8192,58368
5,6,9216,58368
5,5,18432,58368
5,5,19456,58368
5,5,20480,58368
6,6,1024,60416
6,6,2048,60416
6,6,5120,60416
6,6,6144,60416
6,6,7168,60416
6,5,16384,60416
6,5,17408,60416
6,5,18432,60416
6,5,20480,60416
6,6,1024,61440
6,6,4096,61440
6,6,5120,61440
6,6,6144,61440
6,5,15360,61440
6,5,16384,61440
6,5,17408,61440
6,5,19456,61440
6,6,3072,62464
6,6,4096,62464
6,6,5120,62464
6,5,14336,62464
6,5,15360,62464
6,5,16384,62464
6,5,18432,62464
6,6,1024,65536
6,6,2048,65536
6,5,11264,65536
6,5,12288,65536
6,5,13312,65536
6,5,15360,65536
6,6,18432,65536
6,5,19456,65536
6,5,20480,65536
6,6,1024,66560
6,5,10240,66560
6,5,11264,66560
6,5,12288,66560
6,5,14336,66560
6,6,17408,66560
6,5,18432,66560
6,5,19456,66560
6,5,20480,66560
6,5,9216,67584
6,5,10240,67584
6,5,11264,67584
6,5,13312,67584
6,6,16384,67584
6,5,17408,67584
6,5,18432,67584
6,5,19456,67584
5,5,1024,76800
5,5,2048,76800
5,5,4096,76800
5,6,7168,76800
5,5,8192,76800
5,5,9216,76800
5,5,10240,76800
5,5,13312,76800
5,5,14336,76800
5,5,15360,76800
5,5,18432,76800
5,5,19456,76800
5,7,20480,76800
5,5,1024,77824
5,5,3072,77824
5,6,6144,77824
5,5,7168,77824
5,5,8192,77824
5,5,9216,77824
5,5,12288,77824
5,5,13312,77824
5,5,14336,77824
5,5,17408,77824
5,5,18432,77824
5,7,19456,77824
5,6,20480,77824
5,5,2048,78848
5,6,5120,78848
5,5,6144,78848
5,5,7168,78848
5,5,8192,78848
5,5,11264,78848
5,5,12288,78848
5,5,13312,78848
5,5,16384,78848
5,5,17408,78848
5,7,18432,78848
5,6,19456,78848
5,6,3072,80896
5,5,4096,80896
5,5,5120,80896
5,5,6144,80896
5,5,9216,80896
5,5,10240,80896
5,5,11264,80896
5,5,14336,80896
5,5,15360,80896
5,7,16384,80896
5,6,17408,80896
5,6,20480,80896
6,5,1024,83968
6,5,2048,83968
6,5,3072,83968
6,5,6144,83968
6,5,7168,83968
6,5,8192,83968
6,5,11264,83968
6,5,12288,83968
6,7,13312,83968
6,6,14336,83968
6,6,17408,83968
6,6,18432,83968
6,6,20480,83968
5,5,1024,84992
5,5,2048,84992
5,5,5120,84992
5,5,6144,84992
5,5,7168,84992
5,5,10240,84992
5,5,11264,84992
5,7,12288,84992
5,6,13312,84992
5,6,16384,84992
5,6,17408,84992
5,6,19456,84992
5,5,20480,84992
5,5,1024,86016
5,5,4096,86016
5,5,5120,86016
5,5,6144,86016
5,5,9216,86016
5,5,10240,86016
5,7,11264,86016
5,6,12288,86016
5,6,15360,86016
5,6,16384,86016
5,6,18432,86016
5,5,19456,86016
5,5,20480,86016
5,5,3072,87040
5,5,4096,87040
5,5,5120,87040
5,5,8192,87040
5,5,9216,87040
5,7,10240,87040
5,6,11264,87040
5,6,14336,87040
5,6,15360,87040
5,6,17408,87040
5,5,18432,87040
5,5,19456,87040
5,5,1024,90112
5,5,2048,90112
5,5,5120,90112
5,5,6144,90112
5,7,7168,90112
5,6,8192,90112
5,6,11264,90112
5,6,12288,90112
5,6,14336,90112
5,5,15360,90112
5,5,16384,90112
5,5,18432,90112
5,4,19456,90112
5,5,20480,90112
5,5,1024,91136
5,5,4096,91136
5,5,5120,91136
5,7,6144,91136
5,6,7168,91136
5,6,10240,91136
5,6,11264,91136
5,6,13312,91136
5,5,14336,91136
5,5,15360,91136
5,5,17408,91136
5,4,18432,91136
5,5,19456,91136
5,6,20480,91136
5,5,3072,92160
5,5,4096,92160
5,7,5120,92160
5,6,6144,92160
5,6,9216,92160
5,6,10240,92160
5,6,12288,92160
5,5,13312,92160
5,5,14336,92160
5,5,16384,92160
5,4,17408,92160
5,5,18432,92160
5,6,19456,92160
5,4,20480,92160
5,5,1024,95232
5,7,2048,95232
5,6,3072,95232
5,6,6144,95232
5,6,7168,95232
5,6,9216,95232
5,5,10240,95232
5,5,11264,95232
5,5,13312,95232
5,4,14336,95232
5,5,15360,95232
5,6,16384,95232
5,4,17408,95232
5,4,18432,95232
5,7,1024,96256
5,6,2048,96256
5,6,5120,96256
5,6,6144,96256
5,6,8192,96256
5,5,9216,96256
5,5,10240,96256
5,5,12288,96256
5,4,13312,96256
5,5,14336,96256
5,6,15360,96256
5,4,16384,96256
5,4,17408,96256
5,4,18432,96256
7,6,1024,97280
7,6,4096,97280
7,6,5120,97280
7,6,7168,97280
7,5,8192,97280
7,5,9216,97280
7,5,11264,97280
7,4,12288,97280
7,5,13312,97280
7,6,14336,97280
7,4,15360,97280
7,4,16384,97280
7,4,17408,97280
7,5,18432,97280
6,6,3072,98304
6,6,4096,98304
6,6,6144,98304
6,5,7168,98304
6,5,8192,98304
6,5,10240,98304
6,4,11264,98304
6,5,12288,98304
6,6,13312,98304
6,4,14336,98304
6,4,15360,98304
6,4,16384,98304
6,5,17408,98304
6,5,18432,98304
6,6,1024,101376
6,6,3072,101376
6,5,4096,101376
6,5,5120,101376
6,5,7168,101376
6,4,8192,101376
6,5,9216,101376
6,6,10240,101376
6,4,11264,101376
6,4,12288,101376
6,4,13312,101376
6,5,14336,101376
6,5,15360,101376
6,5,16384,101376
6,6,2048,102400
6,5,3072,102400
6,5,4096,102400
6,5,6144,102400
6,4,7168,102400
6,5,8192,102400
6,6,9216,102400
6,4,10240,102400
6,4,11264,102400
6,4,12288,102400
6,5,13312,102400
6,5,14336,102400
6,5,15360,102400
6,5,17408,102400
6,5,1024,104448
6,5,2048,104448
6,5,4096,104448
6,4,5120,104448
6,5,6144,104448
6,6,7168,104448
6,4,8192,104448
6,4,9216,104448
6,4,10240,104448
6,5,11264,104448
6,5,12288,104448
6,5,13312,104448
6,5,15360,104448
6,4,16384,104448
5,5,1024,105472
5,5,3072,105472
5,4,4096,105472
5,5,5120,105472
5,6,6144,105472
5,4,7168,105472
5,4,8192,105472
5,4,9216,105472
5,5,10240,105472
5,5,11264,105472
5,5,12288,105472
5,5,14336,105472
5,4,15360,105472
5,5,16384,105472
5,5,2048,106496
5,4,3072,106496
5,5,4096,106496
5,6,5120,106496
5,4,6144,106496
5,4,7168,106496
5,4,8192,106496
5,5,9216,106496
5,5,10240,106496
5,5,11264,106496
5,5,13312,106496
5,4,14336,106496
5,5,15360,106496
5,8,16384,106496
5,4,1024,108544
5,5,2048,108544
5,6,3072,108544
5,4,4096,108544
5,4,5120,108544
5,4,6144,108544
5,5,7168,108544
5,5,8192,108544
5,5,9216,108544
5,5,11264,108544
5,4,12288,108544
5,5,13312,108544
5,8,14336,108544
5,8,15360,108544
4,5,1024,109568
4,6,2048,109568
4,4,3072,109568
4,4,4096,109568
4,4,5120,109568
4,5,6144,109568
4,5,7168,109568
4,5,8192,109568
4,5,10240,109568
4,4,11264,109568
4,5,12288,109568
4,8,13312,109568
4,8,14336,109568
4,7,15360,109568
5,6,1024,110592
5,4,2048,110592
5,4,3072,110592
5,4,4096,110592
5,5,5120,110592
5,5,6144,110592
5,5,7168,110592
5,5,9216,110592
5,4,10240,110592
5,5,11264,110592
5,8,12288,110592
5,8,13312,110592
5,7,14336,110592
5,8,16384,110592
6,4,1024,111616
6,4,2048,111616
6,4,3072,111616
6,5,4096,111616
6,5,5120,111616
6,5,6144,111616
6,5,8192,111616
6,4,9216,111616
6,5,10240,111616
6,8,11264,111616
6,8,12288,111616
6,7,13312,111616
6,8,15360,111616
6,7,16384,111616
4,4,1024,112640
4,4,2048,112640
4,5,3072,112640
4,5,4096,112640
4,5,5120,112640
4,5,7168,112640
4,4,8192,112640
4,5,9216,112640
4,8,10240,112640
4,8,11264,112640
4,7,12288,112640
4,8,14336,112640
4,7,15360,112640
4,7,16384,112640
4,4,1024,113664
4,5,2048,113664
4,5,3072,113664
4,5,4096,113664
4,5,6144,113664
4,4,7168,113664
4,5,8192,113664
4,8,9216,113664
4,8,10240,113664
4,7,11264,113664
4,8,13312,113664
4,7,14336,113664
4,7,15360,113664
4,6,17408,113664
4,5,1024,114688
4,5,2048,114688
4,5,3072,114688
4,5,5120,114688
4,4,6144,114688
4,5,7168,114688
4,8,8192,114688
4,8,9216,114688
4,7,10240,114688
4,8,12288,114688
4,7,13312,114688
4,7,14336,114688
4,6,16384,114688
4,6,17408,114688
5,5,1024,115712
5,5,2048,115712
5,5,4096,115712
5,4,5120,115712
5,5,6144,115712
5,8,7168,115712
5,8,8192,115712
5,7,9216,115712
5,8,11264,115712
5,7,12288,115712
5,7,13312,115712
5,6,15360,115712
5,6,16384,115712
5,6,17408,115712
5,5,1024,116736
5,5,3072,116736
5,4,4096,116736
5,5,5120,116736
5,8,6144,116736
5,8,7168,116736
5,7,8192,116736
5,8,10240,116736
5,7,11264,116736
5,7,12288,116736
5,6,14336,116736
5,6,15360,116736
5,6,16384,116736
5,8,17408,116736
5,5,2048,117760
5,4,3072,117760
5,5,4096,117760
5,8,5120,117760
5,8,6144,117760
5,7,7168,117760
5,8,9216,117760
5,7,10240,117760
5,7,11264,117760
5,6,13312,117760
5,6,14336,117760
5,6,15360,117760
5,8,16384,117760
5,9,17408,117760
5,4,1024,119808
5,5,2048,119808
5,8,3072,119808
5,8,4096,119808
5,7,5120,119808
5,8,7168,119808
5,7,8192,119808
5,7,9216,119808
5,6,11264,119808
5,6,12288,119808
5,6,13312,119808
5,8,14336,119808
5,9,15360,119808
4,5,1024,120832
4,8,2048,120832
4,8,3072,120832
4,7,4096,120832
4,8,6144,120832
4,7,7168,120832
4,7,8192,120832
4,6,10240,120832
4,6,11264,120832
4,6,12288,120832
4,8,13312,120832
4,9,14336,120832
5,8,1024,121856
5,8,2048,121856
5,7,3072,121856
5,8,5120,121856
5,7,6144,121856
5,7,7168,121856
5,6,9216,121856
5,6,10240,121856
5,6,11264,121856
5,8,12288,121856
5,9,13312,121856
5,7,20480,121856
8,8,1024,122880
8,7,2048,122880
8,8,4096,122880
8,7,5120,122880
8,7,6144,122880
8,6,8192,122880
8,6,9216,122880
8,6,10240,122880
8,8,11264,122880
8,9,12288,122880
8,7,19456,122880
8,8,20480,122880
8,7,1024,123904
8,8,3072,123904
8,7,4096,123904
8,7,5120,123904
8,6,7168,123904
8,6,8192,123904
8,6,9216,123904
8,8,10240,123904
8,9,11264,123904
8,7,18432,123904
8,8,19456,123904
7,8,2048,124928
7,7,3072,124928
7,7,4096,124928
7,6,6144,124928
7,6,7168,124928
7,6,8192,124928
7,8,9216,124928
7,9,10240,124928
7,7,17408,124928
7,8,18432,124928
7,7,20480,124928
8,7,1024,126976
8,7,2048,126976
8,6,4096,126976
8,6,5120,126976
8,6,6144,126976
8,8,7168,126976
8,9,8192,126976
8,7,15360,126976
8,8,16384,126976
8,7,18432,126976
8,7,19456,126976
8,7,20480,126976
7,7,1024,128000
7,6,3072,128000
7,6,4096,128000
7,6,5120,128000
7,8,6144,128000
7,9,7168,128000
7,7,14336,128000
7,8,15360,128000
7,7,17408,128000
7,7,18432,128000
7,7,19456,128000
7,7,20480,128000
7,6,2048,129024
7,6,3072,129024
7,6,4096,129024
7,8,5120,129024
7,9,6144,129024
7,7,13312,129024
7,8,14336,129024
7,7,16384,129024
7,7,17408,129024
7,7,18432,129024
7,7,19456,129024
7,6,20480,129024
6,6,1024,131072
6,6,2048,131072
6,8,3072,131072
6,9,4096,131072
6,7,11264,131072
6,8,12288,131072
6,7,14336,131072
6,7,15360,131072
6,7,16384,131072
6,7,17408,131072
6,6,18432,131072
6,6,19456,131072
6,6,1024,132096
6,8,2048,132096
6,9,3072,132096
6,7,10240,132096
6,8,11264,132096
6,7,13312,132096
6,7,14336,132096
6,7,15360,132096
6,7,16384,132096
6,6,17408,132096
6,6,18432,132096
6,8,1024,133120
6,9,2048,133120
6,7,9216,133120
6,8,10240,133120
6,7,12288,133120
6,7,13312,133120
6,7,14336,133120
6,7,15360,133120
6,6,16384,133120
6,6,17408,133120
8,9,1024,134144
8,7,8192,134144
8,8,9216,134144
8,7,11264,134144
8,7,12288,134144
8,7,13312,134144
8,7,14336,134144
8,6,15360,134144
8,6,16384,134144
9,7,7168,135168
9,8,8192,135168
9,7,10240,135168
9,7,11264,135168
9,7,12288,135168
9,7,13312,135168
9,6,14336,135168
9,6,15360,135168
7,8,1024,142336
7,7,3072,142336
7,7,4096,142336
7,7,5120,142336
7,7,6144,142336
7,6,7168,142336
7,6,8192,142336
8,7,2048,143360
8,7,3072,143360
8,7,4096,143360
8,7,5120,143360
8,6,6144,143360
8,6,7168,143360
7,7,1024,145408
7,7,2048,145408
7,7,3072,145408
7,6,4096,145408
7,6,5120,145408
7,7,1024,146432
7,7,2048,146432
7,6,3072,146432
7,6,4096,146432
7,7,1024,147456
7,6,2048,147456
7,6,3072,147456
7,8,20480,147456
7,6,1024,148480
7,6,2048,148480
7,8,19456,148480
6,6,1024,149504
6,8,18432,149504
6,8,17408,150528
8,5,11264,167936
8,5,12288,167936
8,5,13312,167936
8,5,14336,167936
5,5,1024,179200
5,5,2048,179200
5,5,3072,179200
5,5,17408,179200
5,8,18432,179200
5,5,1024,180224
5,5,2048,180224
5,5,16384,180224
5,8,17408,180224
5,5,1024,181248
5,5,15360,181248
5,8,16384,181248
5,5,14336,182272
5,8,15360,182272
5,8,20480,182272
5,8,1024,196608
5,8,6144,196608
5,5,7168,196608
5,5,8192,196608
5,5,9216,196608
5,5,10240,196608
5,5,11264,196608
5,6,13312,196608
5,6,14336,196608
8,8,5120,197632
8,5,6144,197632
8,5,7168,197632
8,5,8192,197632
8,5,9216,197632
8,5,10240,197632
8,6,12288,197632
8,6,13312,197632
8,5,1024,202752
8,5,2048,202752
8,5,3072,202752
8,5,4096,202752
8,5,5120,202752
8,6,7168,202752
8,6,8192,202752
5,5,1024,203776
5,5,2048,203776
5,5,3072,203776
5,5,4096,203776
5,6,6144,203776
5,6,7168,203776
5,5,1024,204800
5,5,2048,204800
5,5,3072,204800
5,6,5120,204800
5,6,6144,204800
5,5,1024,205824
5,5,2048,205824
5,6,4096,205824
5,6,5120,205824
5,5,1024,206848
5,6,3072,206848
5,6,4096,206848
5,8,20480,206848
5,6,2048,207872
5,6,3072,207872
5,8,19456,207872
6,6,1024,209920
6,8,17408,209920
6,8,16384,210944
8,5,11264,227328
8,5,12288,227328
8,5,13312,227328
8,5,14336,227328
5,5,1024,238592
5,5,2048,238592
5,5,3072,238592
5,6,14336,238592
5,5,15360,238592
5,9,16384,238592
5,8,18432,238592
5,5,20480,238592
5,5,1024,239616
5,5,2048,239616
5,6,13312,239616
5,5,14336,239616
5,9,15360,239616
5,8,17408,239616
5,5,19456,239616
5,5,20480,239616
5,5,1024,240640
5,6,12288,240640
5,5,13312,240640
5,9,14336,240640
5,8,16384,240640
5,5,18432,240640
5,5,19456,240640
5,6,11264,241664
5,5,12288,241664
5,9,13312,241664
5,8,15360,241664
5,5,17408,241664
5,5,18432,241664
5,7,20480,241664
6,5,1024,252928
6,9,2048,252928
6,8,4096,252928
6,5,6144,252928
6,5,7168,252928
6,7,9216,252928
6,8,10240,252928
6,6,11264,252928
6,6,12288,252928
6,5,13312,252928
6,5,14336,252928
6,6,15360,252928
6,6,16384,252928
6,6,17408,252928
5,9,1024,253952
5,8,3072,253952
5,5,5120,253952
5,5,6144,253952
5,7,8192,253952
5,8,9216,253952
5,6,10240,253952
5,6,11264,253952
5,5,12288,253952
5,5,13312,253952
5,6,14336,253952
5,6,15360,253952
5,6,16384,253952
5,6,17408,253952
9,8,2048,254976
9,5,4096,254976
9,5,5120,254976
9,7,7168,254976
9,8,8192,254976
9,6,9216,254976
9,6,10240,254976
9,5,11264,254976
9,5,12288,254976
9,6,13312,254976
9,6,14336,254976
9,6,15360,254976
9,6,16384,254976
8,5,2048,257024
8,5,3072,257024
8,7,5120,257024
8,8,6144,257024
8,6,7168,257024
8,6,8192,257024
8,5,9216,257024
8,5,10240,257024
8,6,11264,257024
8,6,12288,257024
8,6,13312,257024
8,6,14336,257024
5,5,1024,259072
5,7,3072,259072
5,8,4096,259072
5,6,5120,259072
5,6,6144,259072
5,5,7168,259072
5,5,8192,259072
5,6,9216,259072
5,6,10240,259072
5,6,11264,259072
5,6,12288,259072
5,7,2048,260096
5,8,3072,260096
5,6,4096,260096
5,6,5120,260096
5,5,6144,260096
5,5,7168,260096
5,6,8192,260096
5,6,9216,260096
5,6,10240,260096
5,6,11264,260096
7,8,1024,262144
7,6,2048,262144
7,6,3072,262144
7,5,4096,262144
7,5,5120,262144
7,6,6144,262144
7,6,7168,262144
7,6,8192,262144
7,6,9216,262144
8,6,1024,263168
8,6,2048,263168
8,5,3072,263168
8,5,4096,263168
8,6,5120,263168
8,6,6144,263168
8,6,7168,263168
8,6,8192,263168
6,6,1024,264192
6,5,2048,264192
6,5,3072,264192
6,6,4096,264192
6,6,5120,264192
6,6,6144,264192
6,6,7168,264192
6,5,1024,265216
6,5,2048,265216
6,6,3072,265216
6,6,4096,265216
6,6,5120,265216
6,6,6144,265216
5,5,1024,266240
5,6,2048,266240
5,6,3072,266240
5,6,4096,266240
5,6,5120,266240
5,8,20480,266240
5,6,1024,267264
5,6,2048,267264
5,6,3072,267264
5,6,4096,267264
5,8,19456,267264
6,6,1024,268288
6,6,2048,268288
6,6,3072,268288
6,8,18432,268288
6,6,1024,269312
6,6,2048,269312
6,8,17408,269312
6,6,1024,270336
6,8,16384,270336
6,8,15360,271360
8,5,11264,286720
8,5,12288,286720
8,5,13312,286720
5,5,1024,297984
5,5,2048,297984
5,5,16384,297984
5,5,17408,297984
5,8,18432,297984
5,5,1024,299008
5,5,15360,299008
5,5,16384,299008
5,8,17408,299008
5,5,14336,300032
5,5,15360,300032
5,8,16384,300032
5,5,1024,314368
5,8,2048,314368
5,5,8192,314368
5,5,9216,314368
5,5,10240,314368
5,5,11264,314368
5,5,12288,314368
5,7,13312,314368
5,6,14336,314368
5,8,1024,315392
5,5,7168,315392
5,5,8192,315392
5,5,9216,315392
5,5,10240,315392
5,5,11264,315392
5,7,12288,315392
5,6,13312,315392
8,5,6144,316416
8,5,7168,316416
8,5,8192,316416
8,5,9216,316416
8,5,10240,316416
8,7,11264,316416
8,6,12288,316416
5,5,1024,322560
5,5,2048,322560
5,5,3072,322560
5,5,4096,322560
5,7,5120,322560
5,6,6144,322560
5,5,1024,323584
5,5,2048,323584
5,5,3072,323584
5,7,4096,323584
5,6,5120,323584
5,5,1024,324608
5,5,2048,324608
5,7,3072,324608
5,6,4096,324608
5,5,1024,325632
5,7,2048,325632
5,6,3072,325632
5,7,1024,326656
5,6,2048,326656
7,6,1024,327680
