7,3,3072,0
7,4,8192,0
7,4,9216,0
7,4,10240,0
7,4,11264,0
7,37,17408,0
7,37,18432,0
7,8,19456,0
7,5,20480,0
3,4,5120,3072
3,4,6144,3072
3,4,7168,3072
3,4,8192,3072
3,37,14336,3072
3,37,15360,3072
3,8,16384,3072
3,5,17408,3072
4,4,1024,8192
4,4,2048,8192
4,4,3072,8192
4,37,9216,8192
4,37,10240,8192
4,8,11264,8192
4,5,12288,8192
4,5,18432,8192
4,7,20480,8192
4,4,1024,9216
4,4,2048,9216
4,37,8192,9216
4,37,9216,9216
4,8,10240,9216
4,5,11264,9216
4,5,17408,9216
4,7,19456,9216
4,4,1024,10240
4,37,7168,10240
4,37,8192,10240
4,8,9216,10240
4,5,10240,10240
4,5,16384,10240
4,7,18432,10240
4,5,20480,10240
4,37,6144,11264
4,37,7168,11264
4,8,8192,11264
4,5,9216,11264
4,5,15360,11264
4,7,17408,11264
4,5,19456,11264
4,6,20480,11264
37,37,1024,17408
37,8,2048,17408
37,5,3072,17408
37,5,9216,17408
37,7,11264,17408
37,5,13312,17408
37,6,14336,17408
37,8,1024,18432
37,5,2048,18432
37,5,8192,18432
37,7,10240,18432
37,5,12288,18432
37,6,13312,18432
8,5,1024,19456
8,5,7168,19456
8,7,9216,19456
8,5,11264,19456
8,6,12288,19456
5,5,6144,20480
5,7,8192,20480
5,5,10240,20480
5,6,11264,20480
5,7,2048,26624
5,5,4096,26624
5,6,5120,26624
5,7,16384,26624
5,3,17408,26624
7,5,2048,28672
7,6,3072,28672
7,7,14336,28672
7,3,15360,28672
7,3,19456,28672
5,6,1024,30720
5,7,12288,30720
5,3,13312,30720
5,3,17408,30720
6,7,11264,31744
6,3,12288,31744
6,3,16384,31744
6,4,20480,31744
7,3,1024,43008
7,3,5120,43008
7,4,9216,43008
7,4,10240,43008
7,4,11264,43008
7,4,12288,43008
7,8,14336,43008
7,6,20480,43008
3,3,4096,44032
3,4,8192,44032
3,4,9216,44032
3,4,10240,44032
3,4,11264,44032
3,8,13312,44032
3,6,19456,44032
3,4,4096,48128
3,4,5120,48128
3,4,6144,48128
3,4,7168,48128
3,8,9216,48128
3,6,15360,48128
3,7,18432,48128
3,5,19456,48128
4,4,1024,52224
4,4,2048,52224
4,4,3072,52224
4,8,5120,52224
4,6,11264,52224
4,7,14336,52224
4,5,15360,52224
4,4,17408,52224
4,4,20480,52224
4,4,1024,53248
4,4,2048,53248
4,8,4096,53248
4,6,10240,53248
4,7,13312,53248
4,5,14336,53248
4,4,16384,53248
4,4,19456,53248
4,36,20480,53248
4,4,1024,54272
4,8,3072,54272
4,6,9216,54272
4,7,12288,54272
4,5,13312,54272
4,4,15360,54272
4,4,18432,54272
4,36,19456,54272
4,8,2048,55296
4,6,8192,55296
4,7,11264,55296
4,5,12288,55296
4,4,14336,55296
4,4,17408,55296
4,36,18432,55296
4,4,20480,55296
8,6,6144,57344
8,7,9216,57344
8,5,10240,57344
8,4,12288,57344
8,4,15360,57344
8,36,16384,57344
8,4,18432,57344
8,8,20480,57344
6,7,3072,63488
6,5,4096,63488
6,4,6144,63488
6,4,9216,63488
6,36,10240,63488
6,4,12288,63488
6,8,14336,63488
6,5,15360,63488
6,7,20480,63488
7,5,1024,66560
7,4,3072,66560
7,4,6144,66560
7,36,7168,66560
7,4,9216,66560
7,8,11264,66560
7,5,12288,66560
7,7,17408,66560
5,4,2048,67584
5,4,5120,67584
5,36,6144,67584
5,4,8192,67584
5,8,10240,67584
5,5,11264,67584
5,7,16384,67584
4,4,3072,69632
4,36,4096,69632
4,4,6144,69632
4,8,8192,69632
4,5,9216,69632
4,7,14336,69632
4,36,1024,72704
4,4,3072,72704
4,8,5120,72704
4,5,6144,72704
4,7,11264,72704
36,4,2048,73728
36,8,4096,73728
36,5,5120,73728
36,7,10240,73728
4,8,2048,75776
4,5,3072,75776
4,7,8192,75776
4,8,19456,75776
4,3,20480,75776
8,5,1024,77824
8,7,6144,77824
8,8,17408,77824
8,3,18432,77824
5,7,5120,78848
5,8,16384,78848
5,3,17408,78848
7,8,11264,83968
7,3,12288,83968
7,7,17408,83968
7,4,18432,83968
7,4,19456,83968
7,4,20480,83968
8,3,1024,95232
8,7,6144,95232
8,4,7168,95232
8,4,8192,95232
8,4,9216,95232
8,4,11264,95232
8,7,17408,95232
8,5,18432,95232
3,7,5120,96256
3,4,6144,96256
3,4,7168,96256
3,4,8192,96256
3,4,10240,96256
3,7,16384,96256
3,5,17408,96256
7,4,1024,101376
7,4,2048,101376
7,4,3072,101376
7,4,5120,101376
7,7,11264,101376
7,5,12288,101376
7,5,17408,101376
7,5,18432,101376
7,5,19456,101376
7,7,20480,101376
4,4,1024,102400
4,4,2048,102400
4,4,4096,102400
4,7,10240,102400
4,5,11264,102400
4,5,16384,102400
4,5,17408,102400
4,5,18432,102400
4,7,19456,102400
4,4,1024,103424
4,4,3072,103424
4,7,9216,103424
4,5,10240,103424
4,5,15360,103424
4,5,16384,103424
4,5,17408,103424
4,7,18432,103424
4,5,20480,103424
4,4,2048,104448
4,7,8192,104448
4,5,9216,104448
4,5,14336,104448
4,5,15360,104448
4,5,16384,104448
4,7,17408,104448
4,5,19456,104448
4,6,20480,104448
4,7,6144,106496
4,5,7168,106496
4,5,12288,106496
4,5,13312,106496
4,5,14336,106496
4,7,15360,106496
4,5,17408,106496
4,6,18432,106496
7,5,1024,112640
7,5,6144,112640
7,5,7168,112640
7,5,8192,112640
7,7,9216,112640
7,5,11264,112640
7,6,12288,112640
5,5,5120,113664
5,5,6144,113664
5,5,7168,113664
5,7,8192,113664
5,5,10240,113664
5,6,11264,113664
5,5,1024,118784
5,5,2048,118784
5,7,3072,118784
5,5,5120,118784
5,6,6144,118784
5,7,17408,118784
5,3,18432,118784
5,5,1024,119808
5,7,2048,119808
5,5,4096,119808
5,6,5120,119808
5,7,16384,119808
5,3,17408,119808
5,7,1024,120832
5,5,3072,120832
5,6,4096,120832
5,7,15360,120832
5,3,16384,120832
5,3,20480,120832
7,5,2048,121856
7,6,3072,121856
7,7,14336,121856
7,3,15360,121856
7,3,19456,121856
7,7,20480,121856
5,6,1024,123904
5,7,12288,123904
5,3,13312,123904
5,3,17408,123904
5,7,18432,123904
6,7,11264,124928
6,3,12288,124928
6,3,16384,124928
6,7,17408,124928
6,4,20480,124928
7,3,1024,136192
7,3,5120,136192
7,7,6144,136192
7,4,9216,136192
7,4,10240,136192
7,4,11264,136192
7,4,12288,136192
3,3,4096,137216
3,7,5120,137216
3,4,8192,137216
3,4,9216,137216
3,4,10240,137216
3,4,11264,137216
3,7,1024,141312
3,4,4096,141312
3,4,5120,141312
3,4,6144,141312
3,4,7168,141312
3,7,18432,141312
7,4,3072,142336
7,4,4096,142336
7,4,5120,142336
7,4,6144,142336
7,7,17408,142336
7,4,20480,142336
4,4,1024,145408
4,4,2048,145408
4,4,3072,145408
4,7,14336,145408
4,4,17408,145408
4,4,20480,145408
4,4,1024,146432
4,4,2048,146432
4,7,13312,146432
4,4,16384,146432
4,4,19456,146432
4,4,1024,147456
4,7,12288,147456
4,4,15360,147456
4,4,18432,147456
4,7,11264,148480
4,4,14336,148480
4,4,17408,148480
4,4,20480,148480
7,4,3072,159744
7,4,6144,159744
7,4,9216,159744
7,8,11264,159744
7,5,12288,159744
7,7,17408,159744
4,4,3072,162816
4,4,6144,162816
4,8,8192,162816
4,5,9216,162816
4,7,14336,162816
4,8,20480,162816
4,4,3072,165888
4,8,5120,165888
4,5,6144,165888
4,7,11264,165888
4,8,17408,165888
4,8,2048,168960
4,5,3072,168960
4,7,8192,168960
4,8,14336,168960
4,8,19456,168960
4,3,20480,168960
8,5,1024,171008
8,7,6144,171008
8,8,12288,171008
8,8,17408,171008
8,3,18432,171008
5,7,5120,172032
5,8,11264,172032
5,8,16384,172032
5,3,17408,172032
7,8,6144,177152
7,8,11264,177152
7,3,12288,177152
7,7,17408,177152
7,4,18432,177152
7,4,19456,177152
7,4,20480,177152
8,8,5120,183296
8,3,6144,183296
8,7,11264,183296
8,4,12288,183296
8,4,13312,183296
8,4,14336,183296
8,8,15360,183296
8,4,16384,183296
8,7,17408,183296
8,3,1024,188416
8,7,6144,188416
8,4,7168,188416
8,4,8192,188416
8,4,9216,188416
8,8,10240,188416
8,4,11264,188416
8,7,12288,188416
8,9,17408,188416
8,5,18432,188416
3,7,5120,189440
3,4,6144,189440
3,4,7168,189440
3,4,8192,189440
3,8,9216,189440
3,4,10240,189440
3,7,11264,189440
3,9,16384,189440
3,5,17408,189440
7,4,1024,194560
7,4,2048,194560
7,4,3072,194560
7,8,4096,194560
7,4,5120,194560
7,7,6144,194560
7,9,11264,194560
7,5,12288,194560
7,8,17408,194560
7,5,18432,194560
7,5,19456,194560
7,7,20480,194560
4,4,1024,195584
4,4,2048,195584
4,8,3072,195584
4,4,4096,195584
4,7,5120,195584
4,9,10240,195584
4,5,11264,195584
4,8,16384,195584
4,5,17408,195584
4,5,18432,195584
4,7,19456,195584
4,4,1024,196608
4,8,2048,196608
4,4,3072,196608
4,7,4096,196608
4,9,9216,196608
4,5,10240,196608
4,8,15360,196608
4,5,16384,196608
4,5,17408,196608
4,7,18432,196608
4,5,20480,196608
4,8,1024,197632
4,4,2048,197632
4,7,3072,197632
4,9,8192,197632
4,5,9216,197632
4,8,14336,197632
4,5,15360,197632
4,5,16384,197632
4,7,17408,197632
4,5,19456,197632
4,6,20480,197632
8,4,1024,198656
8,7,2048,198656
8,9,7168,198656
8,5,8192,198656
8,8,13312,198656
8,5,14336,198656
8,5,15360,198656
8,7,16384,198656
8,5,18432,198656
8,6,19456,198656
4,7,1024,199680
4,9,6144,199680
4,5,7168,199680
4,8,12288,199680
4,5,13312,199680
4,5,14336,199680
4,7,15360,199680
4,5,17408,199680
4,6,18432,199680
7,9,5120,200704
7,5,6144,200704
7,8,11264,200704
7,5,12288,200704
7,5,13312,200704
7,7,14336,200704
7,5,16384,200704
7,6,17408,200704
9,5,1024,205824
9,8,6144,205824
9,5,7168,205824
9,5,8192,205824
9,7,9216,205824
9,5,11264,205824
9,6,12288,205824
5,8,5120,206848
5,5,6144,206848
5,5,7168,206848
5,7,8192,206848
5,5,10240,206848
5,6,11264,206848
8,5,1024,211968
8,5,2048,211968
8,7,3072,211968
8,5,5120,211968
8,6,6144,211968
8,7,17408,211968
8,3,18432,211968
5,5,1024,212992
5,7,2048,212992
5,5,4096,212992
5,6,5120,212992
5,7,16384,212992
5,3,17408,212992
5,7,1024,214016
5,5,3072,214016
5,6,4096,214016
5,7,15360,214016
5,3,16384,214016
5,4,20480,214016
7,5,2048,215040
7,6,3072,215040
7,7,14336,215040
7,3,15360,215040
7,4,19456,215040
7,7,20480,215040
5,6,1024,217088
5,7,12288,217088
5,3,13312,217088
5,4,17408,217088
5,7,18432,217088
6,7,11264,218112
6,3,12288,218112
6,4,16384,218112
6,7,17408,218112
6,4,20480,218112
7,3,1024,229376
7,4,5120,229376
7,7,6144,229376
7,4,9216,229376
7,4,10240,229376
7,4,11264,229376
7,4,12288,229376
7,8,13312,229376
7,8,14336,229376
7,4,15360,229376
7,20,17408,229376
3,4,4096,230400
3,7,5120,230400
3,4,8192,230400
3,4,9216,230400
3,4,10240,230400
3,4,11264,230400
3,8,12288,230400
3,8,13312,230400
3,4,14336,230400
3,20,16384,230400
4,7,1024,234496
4,4,4096,234496
4,4,5120,234496
4,4,6144,234496
4,4,7168,234496
4,8,8192,234496
4,8,9216,234496
4,4,10240,234496
4,20,12288,234496
4,5,17408,234496
4,7,18432,234496
7,4,3072,235520
7,4,4096,235520
7,4,5120,235520
7,4,6144,235520
7,8,7168,235520
7,8,8192,235520
7,4,9216,235520
7,20,11264,235520
7,5,16384,235520
7,7,17408,235520
7,4,20480,235520
4,4,1024,238592
4,4,2048,238592
4,4,3072,238592
4,8,4096,238592
4,8,5120,238592
4,4,6144,238592
4,20,8192,238592
4,5,13312,238592
4,7,14336,238592
4,4,17408,238592
4,4,20480,238592
4,4,1024,239616
4,4,2048,239616
4,8,3072,239616
4,8,4096,239616
4,4,5120,239616
4,20,7168,239616
4,5,12288,239616
4,7,13312,239616
4,4,16384,239616
4,4,19456,239616
4,4,1024,240640
4,8,2048,240640
4,8,3072,240640
4,4,4096,240640
4,20,6144,240640
4,5,11264,240640
4,7,12288,240640
4,4,15360,240640
4,4,18432,240640
4,8,1024,241664
4,8,2048,241664
4,4,3072,241664
4,20,5120,241664
4,5,10240,241664
4,7,11264,241664
4,4,14336,241664
4,4,17408,241664
4,4,20480,241664
8,8,1024,242688
8,4,2048,242688
8,20,4096,242688
8,5,9216,242688
8,7,10240,242688
8,4,13312,242688
8,4,16384,242688
8,4,19456,242688
8,4,1024,243712
8,20,3072,243712
8,5,8192,243712
8,7,9216,243712
8,4,12288,243712
8,4,15360,243712
8,4,18432,243712
8,8,20480,243712
4,20,2048,244736
4,5,7168,244736
4,7,8192,244736
4,4,11264,244736
4,4,14336,244736
4,4,17408,244736
4,8,19456,244736
4,5,20480,244736
20,5,5120,246784
20,7,6144,246784
20,4,9216,246784
20,4,12288,246784
20,4,15360,246784
20,8,17408,246784
20,5,18432,246784
5,7,1024,251904
5,4,4096,251904
5,4,7168,251904
5,4,10240,251904
5,8,12288,251904
5,5,13312,251904
5,8,18432,251904
7,4,3072,252928
7,4,6144,252928
7,4,9216,252928
7,8,11264,252928
7,5,12288,252928
7,8,17408,252928
4,4,3072,256000
4,4,6144,256000
4,8,8192,256000
4,5,9216,256000
4,8,14336,256000
4,7,20480,256000
4,4,3072,259072
4,8,5120,259072
4,5,6144,259072
4,8,11264,259072
4,7,17408,259072
4,7,20480,259072
4,8,2048,262144
4,5,3072,262144
4,8,8192,262144
4,7,14336,262144
4,7,17408,262144
4,3,20480,262144
8,5,1024,264192
8,8,6144,264192
8,7,12288,264192
8,7,15360,264192
8,3,18432,264192
5,8,5120,265216
5,7,11264,265216
5,7,14336,265216
5,3,17408,265216
8,7,6144,270336
8,7,9216,270336
8,3,12288,270336
8,10,17408,270336
8,4,18432,270336
8,4,19456,270336
8,4,20480,270336
7,7,3072,276480
7,3,6144,276480
7,10,11264,276480
7,4,12288,276480
7,4,13312,276480
7,4,14336,276480
7,4,16384,276480
7,7,17408,276480
7,3,3072,279552
7,10,8192,279552
7,4,9216,279552
7,4,10240,279552
7,4,11264,279552
7,4,13312,279552
7,7,14336,279552
7,5,20480,279552
3,10,5120,282624
3,4,6144,282624
3,4,7168,282624
3,4,8192,282624
3,4,10240,282624
3,7,11264,282624
3,5,17408,282624
10,4,1024,287744
10,4,2048,287744
10,4,3072,287744
10,4,5120,287744
10,7,6144,287744
10,5,12288,287744
10,5,18432,287744
10,5,19456,287744
10,7,20480,287744
4,4,1024,288768
4,4,2048,288768
4,4,4096,288768
4,7,5120,288768
4,5,11264,288768
4,5,17408,288768
4,5,18432,288768
4,7,19456,288768
4,4,1024,289792
4,4,3072,289792
4,7,4096,289792
4,5,10240,289792
4,5,16384,289792
4,5,17408,289792
4,7,18432,289792
4,5,20480,289792
4,4,2048,290816
4,7,3072,290816
4,5,9216,290816
4,5,15360,290816
4,5,16384,290816
4,7,17408,290816
4,5,19456,290816
4,6,20480,290816
4,7,1024,292864
4,5,7168,292864
4,5,13312,292864
4,5,14336,292864
4,7,15360,292864
4,5,17408,292864
4,6,18432,292864
7,5,6144,293888
7,5,12288,293888
7,5,13312,293888
7,7,14336,293888
7,5,16384,293888
7,6,17408,293888
5,5,6144,300032
5,5,7168,300032
5,7,8192,300032
5,5,10240,300032
5,6,11264,300032
5,5,1024,306176
5,7,2048,306176
5,5,4096,306176
5,6,5120,306176
5,8,16384,306176
5,3,17408,306176
5,7,1024,307200
5,5,3072,307200
5,6,4096,307200
5,8,15360,307200
5,3,16384,307200
5,3,20480,307200
7,5,2048,308224
7,6,3072,308224
7,8,14336,308224
7,3,15360,308224
7,3,19456,308224
7,7,20480,308224
5,6,1024,310272
5,8,12288,310272
5,3,13312,310272
5,3,17408,310272
5,7,18432,310272
6,8,11264,311296
6,3,12288,311296
6,3,16384,311296
6,7,17408,311296
8,3,1024,322560
8,3,5120,322560
8,7,6144,322560
3,3,4096,323584
3,7,5120,323584
3,7,1024,327680
