5,5,1024,1024
5,31,6144,1024
5,31,12288,1024
5,31,13312,1024
5,31,14336,1024
5,6,16384,1024
5,5,17408,1024
5,31,5120,2048
5,31,11264,2048
5,31,12288,2048
5,31,13312,2048
5,6,15360,2048
5,5,16384,2048
31,31,6144,7168
31,31,7168,7168
31,31,8192,7168
31,6,10240,7168
31,5,11264,7168
31,31,1024,13312
31,31,2048,13312
31,6,4096,13312
31,5,5120,13312
31,49,19456,13312
31,6,20480,13312
31,31,1024,14336
31,6,3072,14336
31,5,4096,14336
31,49,18432,14336
31,6,19456,14336
31,6,2048,15360
31,5,3072,15360
31,49,17408,15360
31,6,18432,15360
6,5,1024,17408
6,49,15360,17408
6,6,16384,17408
5,49,14336,18432
5,6,15360,18432
49,6,1024,32768
49,5,15360,32768
49,55,17408,32768
49,55,18432,32768
49,5,19456,32768
49,6,20480,32768
6,5,14336,33792
6,55,16384,33792
6,55,17408,33792
6,5,18432,33792
6,6,19456,33792
6,5,20480,33792
5,55,2048,48128
5,55,3072,48128
5,5,4096,48128
5,6,5120,48128
5,5,6144,48128
5,9,17408,48128
5,9,18432,48128
55,55,1024,50176
55,5,2048,50176
55,6,3072,50176
55,5,4096,50176
55,9,15360,50176
55,9,16384,50176
55,5,1024,51200
55,6,2048,51200
55,5,3072,51200
55,9,14336,51200
55,9,15360,51200
55,55,20480,51200
5,6,1024,52224
5,5,2048,52224
5,9,13312,52224
5,9,14336,52224
5,55,19456,52224
6,5,1024,53248
6,9,12288,53248
6,9,13312,53248
6,55,18432,53248
5,9,11264,54272
5,9,12288,54272
5,55,17408,54272
5,55,20480,54272
9,9,1024,65536
9,55,6144,65536
9,55,9216,65536
9,55,10240,65536
9,55,12288,65536
9,9,14336,65536
9,7,16384,65536
9,5,17408,65536
9,110,18432,65536
9,55,5120,66560
9,55,8192,66560
9,55,9216,66560
9,55,11264,66560
9,9,13312,66560
9,7,15360,66560
9,5,16384,66560
9,110,17408,66560
55,55,3072,71680
55,55,4096,71680
55,55,6144,71680
55,9,8192,71680
55,7,10240,71680
55,5,11264,71680
55,110,12288,71680
55,62,20480,71680
55,55,1024,74752
55,55,3072,74752
55,9,5120,74752
55,7,7168,74752
55,5,8192,74752
55,110,9216,74752
55,62,17408,74752
55,64,18432,74752
55,64,19456,74752
55,55,2048,75776
55,9,4096,75776
55,7,6144,75776
55,5,7168,75776
55,110,8192,75776
55,62,16384,75776
55,64,17408,75776
55,64,18432,75776
55,9,2048,77824
55,7,4096,77824
55,5,5120,77824
55,110,6144,77824
55,62,14336,77824
55,64,15360,77824
55,64,16384,77824
55,6,20480,77824
9,7,2048,79872
9,5,3072,79872
9,110,4096,79872
9,62,12288,79872
9,64,13312,79872
9,64,14336,79872
9,6,18432,79872
9,4,19456,79872
7,5,1024,81920
7,110,2048,81920
7,62,10240,81920
7,64,11264,81920
7,64,12288,81920
7,6,16384,81920
7,4,17408,81920
5,110,1024,82944
5,62,9216,82944
5,64,10240,82944
5,64,11264,82944
5,6,15360,82944
5,4,16384,82944
110,62,8192,83968
110,64,9216,83968
110,64,10240,83968
110,6,14336,83968
110,4,15360,83968
62,64,1024,92160
62,64,2048,92160
62,6,6144,92160
62,4,7168,92160
62,5,20480,92160
64,64,1024,93184
64,6,5120,93184
64,4,6144,93184
64,5,19456,93184
64,6,4096,94208
64,4,5120,94208
64,5,18432,94208
64,5,20480,94208
6,4,1024,98304
6,5,14336,98304
6,5,16384,98304
4,5,13312,99328
4,5,15360,99328
5,5,2048,112640
5,10,17408,112640
5,5,18432,112640
5,10,15360,114688
5,5,16384,114688
10,5,1024,130048
10,82,10240,130048
10,7,16384,130048
10,6,20480,130048
5,82,9216,131072
5,7,15360,131072
5,6,19456,131072
82,7,6144,140288
82,6,10240,140288
82,28,14336,140288
82,32,18432,140288
7,6,4096,146432
7,28,8192,146432
7,32,12288,146432
7,29,15360,146432
7,6,16384,146432
7,5,17408,146432
7,28,20480,146432
6,28,4096,150528
6,32,8192,150528
6,29,11264,150528
6,6,12288,150528
6,5,13312,150528
6,28,16384,150528
6,29,17408,150528
28,32,4096,154624
28,29,7168,154624
28,6,8192,154624
28,5,9216,154624
28,28,12288,154624
28,29,13312,154624
28,24,20480,154624
32,29,3072,158720
32,6,4096,158720
32,5,5120,158720
32,28,8192,158720
32,29,9216,158720
32,24,16384,158720
32,25,17408,158720
32,6,18432,158720
32,25,19456,158720
32,6,20480,158720
29,6,1024,161792
29,5,2048,161792
29,28,5120,161792
29,29,6144,161792
29,24,13312,161792
29,25,14336,161792
29,6,15360,161792
29,25,16384,161792
29,6,17408,161792
29,5,18432,161792
29,6,19456,161792
6,5,1024,162816
6,28,4096,162816
6,29,5120,162816
6,24,12288,162816
6,25,13312,162816
6,6,14336,162816
6,25,15360,162816
6,6,16384,162816
6,5,17408,162816
6,6,18432,162816
6,6,20480,162816
5,28,3072,163840
5,29,4096,163840
5,24,11264,163840
5,25,12288,163840
5,6,13312,163840
5,25,14336,163840
5,6,15360,163840
5,5,16384,163840
5,6,17408,163840
5,6,19456,163840
5,4,20480,163840
28,29,1024,166912
28,24,8192,166912
28,25,9216,166912
28,6,10240,166912
28,25,11264,166912
28,6,12288,166912
28,5,13312,166912
28,6,14336,166912
28,6,16384,166912
28,4,17408,166912
29,24,7168,167936
29,25,8192,167936
29,6,9216,167936
29,25,10240,167936
29,6,11264,167936
29,5,12288,167936
29,6,13312,167936
29,6,15360,167936
29,4,16384,167936
24,25,1024,175104
24,6,2048,175104
24,25,3072,175104
24,6,4096,175104
24,5,5120,175104
24,6,6144,175104
24,6,8192,175104
24,4,9216,175104
24,5,20480,175104
25,6,1024,176128
25,25,2048,176128
25,6,3072,176128
25,5,4096,176128
25,6,5120,176128
25,6,7168,176128
25,4,8192,176128
25,5,19456,176128
6,25,1024,177152
6,6,2048,177152
6,5,3072,177152
6,6,4096,177152
6,6,6144,177152
6,4,7168,177152
6,5,18432,177152
25,6,1024,178176
25,5,2048,178176
25,6,3072,178176
25,6,5120,178176
25,4,6144,178176
25,5,17408,178176
6,5,1024,179200
6,6,2048,179200
6,6,4096,179200
6,4,5120,179200
6,5,16384,179200
5,6,1024,180224
5,6,3072,180224
5,4,4096,180224
5,5,15360,180224
6,6,2048,181248
6,4,3072,181248
6,5,14336,181248
6,4,1024,183296
6,5,12288,183296
6,89,19456,183296
4,5,11264,184320
4,89,18432,184320
5,89,7168,195584
5,10,15360,195584
5,5,16384,195584
5,10,19456,195584
5,5,20480,195584
89,10,8192,202752
89,5,9216,202752
89,10,12288,202752
89,5,13312,202752
10,5,1024,210944
10,10,4096,210944
10,5,5120,210944
10,8,16384,210944
10,4,17408,210944
10,66,18432,210944
10,66,19456,210944
10,66,20480,210944
5,10,3072,211968
5,5,4096,211968
5,8,15360,211968
5,4,16384,211968
5,66,17408,211968
5,66,18432,211968
5,66,19456,211968
5,65,20480,211968
10,5,1024,215040
10,8,12288,215040
10,4,13312,215040
10,66,14336,215040
10,66,15360,215040
10,66,16384,215040
10,65,17408,215040
10,66,18432,215040
10,65,19456,215040
10,65,20480,215040
5,8,11264,216064
5,4,12288,216064
5,66,13312,216064
5,66,14336,216064
5,66,15360,216064
5,65,16384,216064
5,66,17408,216064
5,65,18432,216064
5,65,19456,216064
8,4,1024,227328
8,66,2048,227328
8,66,3072,227328
8,66,4096,227328
8,65,5120,227328
8,66,6144,227328
8,65,7168,227328
8,65,8192,227328
8,5,14336,227328
8,4,15360,227328
8,8,16384,227328
8,4,17408,227328
4,66,1024,228352
4,66,2048,228352
4,66,3072,228352
4,65,4096,228352
4,66,5120,228352
4,65,6144,228352
4,65,7168,228352
4,5,13312,228352
4,4,14336,228352
4,8,15360,228352
4,4,16384,228352
66,66,1024,229376
66,66,2048,229376
66,65,3072,229376
66,66,4096,229376
66,65,5120,229376
66,65,6144,229376
66,5,12288,229376
66,4,13312,229376
66,8,14336,229376
66,4,15360,229376
66,66,1024,230400
66,65,2048,230400
66,66,3072,230400
66,65,4096,230400
66,65,5120,230400
66,5,11264,230400
66,4,12288,230400
66,8,13312,230400
66,4,14336,230400
66,65,1024,231424
66,66,2048,231424
66,65,3072,231424
66,65,4096,231424
66,5,10240,231424
66,4,11264,231424
66,8,12288,231424
66,4,13312,231424
66,6,20480,231424
65,66,1024,232448
65,65,2048,232448
65,65,3072,232448
65,5,9216,232448
65,4,10240,232448
65,8,11264,232448
65,4,12288,232448
65,6,19456,232448
65,4,20480,232448
66,65,1024,233472
66,65,2048,233472
66,5,8192,233472
66,4,9216,233472
66,8,10240,233472
66,4,11264,233472
66,6,18432,233472
66,4,19456,233472
65,65,1024,234496
65,5,7168,234496
65,4,8192,234496
65,8,9216,234496
65,4,10240,234496
65,6,17408,234496
65,4,18432,234496
65,52,20480,234496
65,5,6144,235520
65,4,7168,235520
65,8,8192,235520
65,4,9216,235520
65,6,16384,235520
65,4,17408,235520
65,52,19456,235520
65,6,20480,235520
5,4,1024,241664
5,8,2048,241664
5,4,3072,241664
5,6,10240,241664
5,4,11264,241664
5,52,13312,241664
5,6,14336,241664
5,4,15360,241664
5,5,18432,241664
4,8,1024,242688
4,4,2048,242688
4,6,9216,242688
4,4,10240,242688
4,52,12288,242688
4,6,13312,242688
4,4,14336,242688
4,5,17408,242688
8,4,1024,243712
8,6,8192,243712
8,4,9216,243712
8,52,11264,243712
8,6,12288,243712
8,4,13312,243712
8,5,16384,243712
4,6,7168,244736
4,4,8192,244736
4,52,10240,244736
4,6,11264,244736
4,4,12288,244736
4,5,15360,244736
6,4,1024,251904
6,52,3072,251904
6,6,4096,251904
6,4,5120,251904
6,5,8192,251904
6,62,14336,251904
6,5,16384,251904
6,19,19456,251904
6,52,20480,251904
4,52,2048,252928
4,6,3072,252928
4,4,4096,252928
4,5,7168,252928
4,62,13312,252928
4,5,15360,252928
4,19,18432,252928
4,52,19456,252928
4,52,20480,252928
52,6,1024,254976
52,4,2048,254976
52,5,5120,254976
52,62,11264,254976
52,5,13312,254976
52,19,16384,254976
52,52,17408,254976
52,52,18432,254976
52,16,20480,254976
6,4,1024,256000
6,5,4096,256000
6,62,10240,256000
6,5,12288,256000
6,19,15360,256000
6,52,16384,256000
6,52,17408,256000
6,16,19456,256000
6,5,20480,256000
4,5,3072,257024
4,62,9216,257024
4,5,11264,257024
4,19,14336,257024
4,52,15360,257024
4,52,16384,257024
4,16,18432,257024
4,5,19456,257024
5,62,6144,260096
5,5,8192,260096
5,19,11264,260096
5,52,12288,260096
5,52,13312,260096
5,16,15360,260096
5,5,16384,260096
62,5,2048,266240
62,19,5120,266240
62,52,6144,266240
62,52,7168,266240
62,16,9216,266240
62,5,10240,266240
5,19,3072,268288
5,52,4096,268288
5,52,5120,268288
5,16,7168,268288
5,5,8192,268288
5,8,19456,268288
5,4,20480,268288
19,52,1024,271360
19,52,2048,271360
19,16,4096,271360
19,5,5120,271360
19,8,16384,271360
19,4,17408,271360
19,52,19456,271360
19,6,20480,271360
52,52,1024,272384
52,16,3072,272384
52,5,4096,272384
52,8,15360,272384
52,4,16384,272384
52,52,18432,272384
52,6,19456,272384
52,4,20480,272384
52,16,2048,273408
52,5,3072,273408
52,8,14336,273408
52,4,15360,273408
52,52,17408,273408
52,6,18432,273408
52,4,19456,273408
16,5,1024,275456
16,8,12288,275456
16,4,13312,275456
16,52,15360,275456
16,6,16384,275456
16,4,17408,275456
5,8,11264,276480
5,4,12288,276480
5,52,14336,276480
5,6,15360,276480
5,4,16384,276480
8,4,1024,287744
8,52,3072,287744
8,6,4096,287744
8,4,5120,287744
8,22,11264,287744
8,7,12288,287744
8,5,13312,287744
8,5,18432,287744
8,4,19456,287744
4,52,2048,288768
4,6,3072,288768
4,4,4096,288768
4,22,10240,288768
4,7,11264,288768
4,5,12288,288768
4,5,17408,288768
4,4,18432,288768
52,6,1024,290816
52,4,2048,290816
52,22,8192,290816
52,7,9216,290816
52,5,10240,290816
52,5,15360,290816
52,4,16384,290816
6,4,1024,291840
6,22,7168,291840
6,7,8192,291840
6,5,9216,291840
6,5,14336,291840
6,4,15360,291840
6,6,20480,291840
4,22,6144,292864
4,7,7168,292864
4,5,8192,292864
4,5,13312,292864
4,4,14336,292864
4,6,19456,292864
4,4,20480,292864
22,7,1024,299008
22,5,2048,299008
22,5,7168,299008
22,4,8192,299008
22,6,13312,299008
22,4,14336,299008
22,8,17408,299008
7,5,1024,300032
7,5,6144,300032
7,4,7168,300032
7,6,12288,300032
7,4,13312,300032
7,8,16384,300032
7,24,20480,300032
5,5,5120,301056
5,4,6144,301056
5,6,11264,301056
5,4,12288,301056
5,8,15360,301056
5,24,19456,301056
5,4,1024,306176
5,6,6144,306176
5,4,7168,306176
5,8,10240,306176
5,24,14336,306176
5,78,16384,306176
5,5,18432,306176
4,6,5120,307200
4,4,6144,307200
4,8,9216,307200
4,24,13312,307200
4,78,15360,307200
4,5,17408,307200
6,4,1024,312320
6,8,4096,312320
6,24,8192,312320
6,78,10240,312320
6,5,12288,312320
4,8,3072,313344
4,24,7168,313344
4,78,9216,313344
4,5,11264,313344
8,24,4096,316416
8,78,6144,316416
8,5,8192,316416
24,78,2048,320512
24,5,4096,320512
78,5,2048,322560
