23,23,1024,3072
23,5,2048,3072
23,6,3072,3072
23,23,4096,3072
23,5,9216,3072
23,8,10240,3072
23,5,15360,3072
23,5,1024,4096
23,6,2048,4096
23,23,3072,4096
23,5,8192,4096
23,8,9216,4096
23,5,14336,4096
5,6,1024,5120
5,23,2048,5120
5,5,7168,5120
5,8,8192,5120
5,5,13312,5120
6,23,1024,6144
6,5,6144,6144
6,8,7168,6144
6,5,12288,6144
6,5,20480,6144
23,5,5120,7168
23,8,6144,7168
23,5,11264,7168
23,5,19456,7168
5,8,1024,12288
5,5,6144,12288
5,5,14336,12288
8,5,5120,13312
8,5,13312,13312
5,5,8192,18432
5,5,20480,18432
5,5,12288,26624
5,5,17408,26624
5,4,18432,26624
5,5,5120,38912
5,4,6144,38912
5,5,11264,38912
5,4,12288,38912
5,4,1024,44032
5,5,6144,44032
5,4,7168,44032
4,5,5120,45056
4,4,6144,45056
5,4,1024,50176
5,45,17408,50176
5,5,20480,50176
4,45,16384,51200
4,5,19456,51200
45,5,3072,67584
45,63,6144,67584
45,10,7168,67584
45,10,8192,67584
45,58,10240,67584
45,25,11264,67584
45,23,12288,67584
45,17,13312,67584
45,10,15360,67584
5,63,3072,70656
5,10,4096,70656
5,10,5120,70656
5,58,7168,70656
5,25,8192,70656
5,23,9216,70656
5,17,10240,70656
5,10,12288,70656
5,5,19456,70656
63,10,1024,73728
63,10,2048,73728
63,58,4096,73728
63,25,5120,73728
63,23,6144,73728
63,17,7168,73728
63,10,9216,73728
63,5,16384,73728
63,5,18432,73728
10,10,1024,74752
10,58,3072,74752
10,25,4096,74752
10,23,5120,74752
10,17,6144,74752
10,10,8192,74752
10,5,15360,74752
10,5,17408,74752
10,58,2048,75776
10,25,3072,75776
10,23,4096,75776
10,17,5120,75776
10,10,7168,75776
10,5,14336,75776
10,5,16384,75776
10,22,20480,75776
58,25,1024,77824
58,23,2048,77824
58,17,3072,77824
58,10,5120,77824
58,5,12288,77824
58,5,14336,77824
58,22,18432,77824
25,23,1024,78848
25,17,2048,78848
25,10,4096,78848
25,5,11264,78848
25,5,13312,78848
25,22,17408,78848
23,17,1024,79872
23,10,3072,79872
23,5,10240,79872
23,5,12288,79872
23,22,16384,79872
17,10,2048,80896
17,5,9216,80896
17,5,11264,80896
17,22,15360,80896
10,5,7168,82944
10,5,9216,82944
10,22,13312,82944
10,5,19456,82944
10,62,20480,82944
5,5,2048,90112
5,22,6144,90112
5,5,12288,90112
5,62,13312,90112
5,10,14336,90112
5,62,15360,90112
5,5,18432,90112
5,22,4096,92160
5,5,10240,92160
5,62,11264,92160
5,10,12288,92160
5,62,13312,92160
5,5,16384,92160
5,68,20480,92160
22,5,6144,96256
22,62,7168,96256
22,10,8192,96256
22,62,9216,96256
22,5,12288,96256
22,68,16384,96256
22,23,18432,96256
22,23,19456,96256
22,22,20480,96256
5,62,1024,102400
5,10,2048,102400
5,62,3072,102400
5,5,6144,102400
5,68,10240,102400
5,23,12288,102400
5,23,13312,102400
5,22,14336,102400
5,55,15360,102400
5,55,16384,102400
5,60,17408,102400
5,61,18432,102400
5,92,19456,102400
62,10,1024,103424
62,62,2048,103424
62,5,5120,103424
62,68,9216,103424
62,23,11264,103424
62,23,12288,103424
62,22,13312,103424
62,55,14336,103424
62,55,15360,103424
62,60,16384,103424
62,61,17408,103424
62,92,18432,103424
62,5,20480,103424
10,62,1024,104448
10,5,4096,104448
10,68,8192,104448
10,23,10240,104448
10,23,11264,104448
10,22,12288,104448
10,55,13312,104448
10,55,14336,104448
10,60,15360,104448
10,61,16384,104448
10,92,17408,104448
10,5,19456,104448
62,5,3072,105472
62,68,7168,105472
62,23,9216,105472
62,23,10240,105472
62,22,11264,105472
62,55,12288,105472
62,55,13312,105472
62,60,14336,105472
62,61,15360,105472
62,92,16384,105472
62,5,18432,105472
5,68,4096,108544
5,23,6144,108544
5,23,7168,108544
5,22,8192,108544
5,55,9216,108544
5,55,10240,108544
5,60,11264,108544
5,61,12288,108544
5,92,13312,108544
5,5,15360,108544
68,23,2048,112640
68,23,3072,112640
68,22,4096,112640
68,55,5120,112640
68,55,6144,112640
68,60,7168,112640
68,61,8192,112640
68,92,9216,112640
68,5,11264,112640
68,22,17408,112640
68,22,18432,112640
68,22,19456,112640
68,23,20480,112640
23,23,1024,114688
23,22,2048,114688
23,55,3072,114688
23,55,4096,114688
23,60,5120,114688
23,61,6144,114688
23,92,7168,114688
23,5,9216,114688
23,22,15360,114688
23,22,16384,114688
23,22,17408,114688
23,23,18432,114688
23,68,19456,114688
23,23,20480,114688
23,22,1024,115712
23,55,2048,115712
23,55,3072,115712
23,60,4096,115712
23,61,5120,115712
23,92,6144,115712
23,5,8192,115712
23,22,14336,115712
23,22,15360,115712
23,22,16384,115712
23,23,17408,115712
23,68,18432,115712
23,23,19456,115712
23,91,20480,115712
22,55,1024,116736
22,55,2048,116736
22,60,3072,116736
22,61,4096,116736
22,92,5120,116736
22,5,7168,116736
22,22,13312,116736
22,22,14336,116736
22,22,15360,116736
22,23,16384,116736
22,68,17408,116736
22,23,18432,116736
22,91,19456,116736
22,92,20480,116736
55,55,1024,117760
55,60,2048,117760
55,61,3072,117760
55,92,4096,117760
55,5,6144,117760
55,22,12288,117760
55,22,13312,117760
55,22,14336,117760
55,23,15360,117760
55,68,16384,117760
55,23,17408,117760
55,91,18432,117760
55,92,19456,117760
55,60,1024,118784
55,61,2048,118784
55,92,3072,118784
55,5,5120,118784
55,22,11264,118784
55,22,12288,118784
55,22,13312,118784
55,23,14336,118784
55,68,15360,118784
55,23,16384,118784
55,91,17408,118784
55,92,18432,118784
60,61,1024,119808
60,92,2048,119808
60,5,4096,119808
60,22,10240,119808
60,22,11264,119808
60,22,12288,119808
60,23,13312,119808
60,68,14336,119808
60,23,15360,119808
60,91,16384,119808
60,92,17408,119808
60,5,20480,119808
61,92,1024,120832
61,5,3072,120832
61,22,9216,120832
61,22,10240,120832
61,22,11264,120832
61,23,12288,120832
61,68,13312,120832
61,23,14336,120832
61,91,15360,120832
61,92,16384,120832
61,5,19456,120832
92,5,2048,121856
92,22,8192,121856
92,22,9216,121856
92,22,10240,121856
92,23,11264,121856
92,68,12288,121856
92,23,13312,121856
92,91,14336,121856
92,92,15360,121856
92,5,18432,121856
5,22,6144,123904
5,22,7168,123904
5,22,8192,123904
5,23,9216,123904
5,68,10240,123904
5,23,11264,123904
5,91,12288,123904
5,92,13312,123904
5,5,16384,123904
22,22,1024,130048
22,22,2048,130048
22,23,3072,130048
22,68,4096,130048
22,23,5120,130048
22,91,6144,130048
22,92,7168,130048
22,5,10240,130048
22,5,16384,130048
22,22,1024,131072
22,23,2048,131072
22,68,3072,131072
22,23,4096,131072
22,91,5120,131072
22,92,6144,131072
22,5,9216,131072
22,5,15360,131072
22,23,1024,132096
22,68,2048,132096
22,23,3072,132096
22,91,4096,132096
22,92,5120,132096
22,5,8192,132096
22,5,14336,132096
23,68,1024,133120
23,23,2048,133120
23,91,3072,133120
23,92,4096,133120
23,5,7168,133120
23,5,13312,133120
68,23,1024,134144
68,91,2048,134144
68,92,3072,134144
68,5,6144,134144
68,5,12288,134144
68,4,20480,134144
23,91,1024,135168
23,92,2048,135168
23,5,5120,135168
23,5,11264,135168
23,4,19456,135168
91,92,1024,136192
91,5,4096,136192
91,5,10240,136192
91,4,18432,136192
92,5,3072,137216
92,5,9216,137216
92,4,17408,137216
5,5,6144,140288
5,4,14336,140288
5,4,8192,146432
5,5,19456,146432
4,5,11264,154624
4,4,13312,154624
4,5,17408,154624
5,4,2048,165888
5,5,6144,165888
5,5,12288,165888
5,25,20480,165888
4,5,4096,167936
4,5,10240,167936
4,25,18432,167936
4,26,19456,167936
5,5,6144,172032
5,25,14336,172032
5,26,15360,172032
5,31,17408,172032
5,59,19456,172032
5,25,8192,178176
5,26,9216,178176
5,31,11264,178176
5,59,13312,178176
5,68,15360,178176
5,103,16384,178176
5,70,19456,178176
5,76,20480,178176
25,26,1024,186368
25,31,3072,186368
25,59,5120,186368
25,68,7168,186368
25,103,8192,186368
25,70,11264,186368
25,76,12288,186368
25,77,13312,186368
25,77,14336,186368
25,5,17408,186368
26,31,2048,187392
26,59,4096,187392
26,68,6144,187392
26,103,7168,187392
26,70,10240,187392
26,76,11264,187392
26,77,12288,187392
26,77,13312,187392
26,5,16384,187392
31,59,2048,189440
31,68,4096,189440
31,103,5120,189440
31,70,8192,189440
31,76,9216,189440
31,77,10240,189440
31,77,11264,189440
31,5,14336,189440
31,54,20480,189440
59,68,2048,191488
59,103,3072,191488
59,70,6144,191488
59,76,7168,191488
59,77,8192,191488
59,77,9216,191488
59,5,12288,191488
59,54,18432,191488
59,5,19456,191488
59,62,20480,191488
68,103,1024,193536
68,70,4096,193536
68,76,5120,193536
68,77,6144,193536
68,77,7168,193536
68,5,10240,193536
68,54,16384,193536
68,5,17408,193536
68,62,18432,193536
103,70,3072,194560
103,76,4096,194560
103,77,5120,194560
103,77,6144,194560
103,5,9216,194560
103,54,15360,194560
103,5,16384,194560
103,62,17408,194560
70,76,1024,197632
70,77,2048,197632
70,77,3072,197632
70,5,6144,197632
70,54,12288,197632
70,5,13312,197632
70,62,14336,197632
70,5,20480,197632
76,77,1024,198656
76,77,2048,198656
76,5,5120,198656
76,54,11264,198656
76,5,12288,198656
76,62,13312,198656
76,5,19456,198656
77,77,1024,199680
77,5,4096,199680
77,54,10240,199680
77,5,11264,199680
77,62,12288,199680
77,5,18432,199680
77,5,3072,200704
77,54,9216,200704
77,5,10240,200704
77,62,11264,200704
77,5,17408,200704
5,54,6144,203776
5,5,7168,203776
5,62,8192,203776
5,5,14336,203776
5,52,18432,203776
54,5,1024,209920
54,62,2048,209920
54,5,8192,209920
54,52,12288,209920
54,46,16384,209920
54,50,17408,209920
54,51,18432,209920
54,6,19456,209920
54,5,20480,209920
5,62,1024,210944
5,5,7168,210944
5,52,11264,210944
5,46,15360,210944
5,50,16384,210944
5,51,17408,210944
5,6,18432,210944
5,5,19456,210944
62,5,6144,211968
62,52,10240,211968
62,46,14336,211968
62,50,15360,211968
62,51,16384,211968
62,6,17408,211968
62,5,18432,211968
5,52,4096,218112
5,46,8192,218112
5,50,9216,218112
5,51,10240,218112
5,6,11264,218112
5,5,12288,218112
5,5,17408,218112
5,5,18432,218112
52,46,4096,222208
52,50,5120,222208
52,51,6144,222208
52,6,7168,222208
52,5,8192,222208
52,5,13312,222208
52,5,14336,222208
52,5,19456,222208
46,50,1024,226304
46,51,2048,226304
46,6,3072,226304
46,5,4096,226304
46,5,9216,226304
46,5,10240,226304
46,5,15360,226304
50,51,1024,227328
50,6,2048,227328
50,5,3072,227328
50,5,8192,227328
50,5,9216,227328
50,5,14336,227328
50,23,20480,227328
51,6,1024,228352
51,5,2048,228352
51,5,7168,228352
51,5,8192,228352
51,5,13312,228352
51,23,19456,228352
6,5,1024,229376
6,5,6144,229376
6,5,7168,229376
6,5,12288,229376
6,23,18432,229376
6,52,20480,229376
5,5,5120,230400
5,5,6144,230400
5,5,11264,230400
5,23,17408,230400
5,52,19456,230400
5,26,20480,230400
5,5,1024,235520
5,5,6144,235520
5,23,12288,235520
5,52,14336,235520
5,26,15360,235520
5,25,16384,235520
5,115,18432,235520
5,62,19456,235520
5,60,20480,235520
5,5,5120,236544
5,23,11264,236544
5,52,13312,236544
5,26,14336,236544
5,25,15360,236544
5,115,17408,236544
5,62,18432,236544
5,60,19456,236544
5,23,6144,241664
5,52,8192,241664
5,26,9216,241664
5,25,10240,241664
5,115,12288,241664
5,62,13312,241664
5,60,14336,241664
5,5,19456,241664
5,105,20480,241664
23,52,2048,247808
23,26,3072,247808
23,25,4096,247808
23,115,6144,247808
23,62,7168,247808
23,60,8192,247808
23,5,13312,247808
23,105,14336,247808
23,115,15360,247808
23,114,16384,247808
23,114,17408,247808
23,114,18432,247808
23,114,19456,247808
23,111,20480,247808
52,26,1024,249856
52,25,2048,249856
52,115,4096,249856
52,62,5120,249856
52,60,6144,249856
52,5,11264,249856
52,105,12288,249856
52,115,13312,249856
52,114,14336,249856
52,114,15360,249856
52,114,16384,249856
52,114,17408,249856
52,111,18432,249856
52,104,19456,249856
26,25,1024,250880
26,115,3072,250880
26,62,4096,250880
26,60,5120,250880
26,5,10240,250880
26,105,11264,250880
26,115,12288,250880
26,114,13312,250880
26,114,14336,250880
26,114,15360,250880
26,114,16384,250880
26,111,17408,250880
26,104,18432,250880
25,115,2048,251904
25,62,3072,251904
25,60,4096,251904
25,5,9216,251904
25,105,10240,251904
25,115,11264,251904
25,114,12288,251904
25,114,13312,251904
25,114,14336,251904
25,114,15360,251904
25,111,16384,251904
25,104,17408,251904
115,62,1024,253952
115,60,2048,253952
115,5,7168,253952
115,105,8192,253952
115,115,9216,253952
115,114,10240,253952
115,114,11264,253952
115,114,12288,253952
115,114,13312,253952
115,111,14336,253952
115,104,15360,253952
115,5,19456,253952
115,208,20480,253952
62,60,1024,254976
62,5,6144,254976
62,105,7168,254976
62,115,8192,254976
62,114,9216,254976
62,114,10240,254976
62,114,11264,254976
62,114,12288,254976
62,111,13312,254976
62,104,14336,254976
62,5,18432,254976
62,208,19456,254976
62,30,20480,254976
60,5,5120,256000
60,105,6144,256000
60,115,7168,256000
60,114,8192,256000
60,114,9216,256000
60,114,10240,256000
60,114,11264,256000
60,111,12288,256000
60,104,13312,256000
60,5,17408,256000
60,208,18432,256000
60,30,19456,256000
60,4,20480,256000
5,105,1024,261120
5,115,2048,261120
5,114,3072,261120
5,114,4096,261120
5,114,5120,261120
5,114,6144,261120
5,111,7168,261120
5,104,8192,261120
5,5,12288,261120
5,208,13312,261120
5,30,14336,261120
5,4,15360,261120
5,59,16384,261120
5,63,17408,261120
105,115,1024,262144
105,114,2048,262144
105,114,3072,262144
105,114,4096,262144
105,114,5120,262144
105,111,6144,262144
105,104,7168,262144
105,5,11264,262144
105,208,12288,262144
105,30,13312,262144
105,4,14336,262144
105,59,15360,262144
105,63,16384,262144
105,5,19456,262144
115,114,1024,263168
115,114,2048,263168
115,114,3072,263168
115,114,4096,263168
115,111,5120,263168
115,104,6144,263168
115,5,10240,263168
115,208,11264,263168
115,30,12288,263168
115,4,13312,263168
115,59,14336,263168
115,63,15360,263168
115,5,18432,263168
115,4,19456,263168
114,114,1024,264192
114,114,2048,264192
114,114,3072,264192
114,111,4096,264192
114,104,5120,264192
114,5,9216,264192
114,208,10240,264192
114,30,11264,264192
114,4,12288,264192
114,59,13312,264192
114,63,14336,264192
114,5,17408,264192
114,4,18432,264192
114,114,1024,265216
114,114,2048,265216
114,111,3072,265216
114,104,4096,265216
114,5,8192,265216
114,208,9216,265216
114,30,10240,265216
114,4,11264,265216
114,59,12288,265216
114,63,13312,265216
114,5,16384,265216
114,4,17408,265216
114,114,1024,266240
114,111,2048,266240
114,104,3072,266240
114,5,7168,266240
114,208,8192,266240
114,30,9216,266240
114,4,10240,266240
114,59,11264,266240
114,63,12288,266240
114,5,15360,266240
114,4,16384,266240
114,111,1024,267264
114,104,2048,267264
114,5,6144,267264
114,208,7168,267264
114,30,8192,267264
114,4,9216,267264
114,59,10240,267264
114,63,11264,267264
114,5,14336,267264
114,4,15360,267264
111,104,1024,268288
111,5,5120,268288
111,208,6144,268288
111,30,7168,268288
111,4,8192,268288
111,59,9216,268288
111,63,10240,268288
111,5,13312,268288
111,4,14336,268288
104,5,4096,269312
104,208,5120,269312
104,30,6144,269312
104,4,7168,269312
104,59,8192,269312
104,63,9216,269312
104,5,12288,269312
104,4,13312,269312
5,208,1024,273408
5,30,2048,273408
5,4,3072,273408
5,59,4096,273408
5,63,5120,273408
5,5,8192,273408
5,4,9216,273408
5,193,19456,273408
5,189,20480,273408
208,30,1024,274432
208,4,2048,274432
208,59,3072,274432
208,63,4096,274432
208,5,7168,274432
208,4,8192,274432
208,193,18432,274432
208,189,19456,274432
208,76,20480,274432
30,4,1024,275456
30,59,2048,275456
30,63,3072,275456
30,5,6144,275456
30,4,7168,275456
30,193,17408,275456
30,189,18432,275456
30,76,19456,275456
30,191,20480,275456
4,59,1024,276480
4,63,2048,276480
4,5,5120,276480
4,4,6144,276480
4,193,16384,276480
4,189,17408,276480
4,76,18432,276480
4,191,19456,276480
59,63,1024,277504
59,5,4096,277504
59,4,5120,277504
59,193,15360,277504
59,189,16384,277504
59,76,17408,277504
59,191,18432,277504
63,5,3072,278528
63,4,4096,278528
63,193,14336,278528
63,189,15360,278528
63,76,16384,278528
63,191,17408,278528
63,5,20480,278528
5,4,1024,281600
5,193,11264,281600
5,189,12288,281600
5,76,13312,281600
5,191,14336,281600
5,5,17408,281600
5,5,18432,281600
4,193,10240,282624
4,189,11264,282624
4,76,12288,282624
4,191,13312,282624
4,5,16384,282624
4,5,17408,282624
193,189,1024,292864
193,76,2048,292864
193,191,3072,292864
193,5,6144,292864
193,5,7168,292864
193,229,11264,292864
193,5,12288,292864
193,5,13312,292864
193,138,14336,292864
193,138,15360,292864
193,70,16384,292864
193,78,17408,292864
189,76,1024,293888
189,191,2048,293888
189,5,5120,293888
189,5,6144,293888
189,229,10240,293888
189,5,11264,293888
189,5,12288,293888
189,138,13312,293888
189,138,14336,293888
189,70,15360,293888
189,78,16384,293888
76,191,1024,294912
76,5,4096,294912
76,5,5120,294912
76,229,9216,294912
76,5,10240,294912
76,5,11264,294912
76,138,12288,294912
76,138,13312,294912
76,70,14336,294912
76,78,15360,294912
191,5,3072,295936
191,5,4096,295936
191,229,8192,295936
191,5,9216,295936
191,5,10240,295936
191,138,11264,295936
191,138,12288,295936
191,70,13312,295936
191,78,14336,295936
5,5,1024,299008
5,229,5120,299008
5,5,6144,299008
5,5,7168,299008
5,138,8192,299008
5,138,9216,299008
5,70,10240,299008
5,78,11264,299008
5,61,18432,299008
5,61,19456,299008
5,92,20480,299008
5,229,4096,300032
5,5,5120,300032
5,5,6144,300032
5,138,7168,300032
5,138,8192,300032
5,70,9216,300032
5,78,10240,300032
5,61,17408,300032
5,61,18432,300032
5,92,19456,300032
229,5,1024,304128
229,5,2048,304128
229,138,3072,304128
229,138,4096,304128
229,70,5120,304128
229,78,6144,304128
229,61,13312,304128
229,61,14336,304128
229,92,15360,304128
229,35,17408,304128
229,39,18432,304128
229,77,19456,304128
229,79,20480,304128
5,5,1024,305152
5,138,2048,305152
5,138,3072,305152
5,70,4096,305152
5,78,5120,305152
5,61,12288,305152
5,61,13312,305152
5,92,14336,305152
5,35,16384,305152
5,39,17408,305152
5,77,18432,305152
5,79,19456,305152
5,110,20480,305152
5,138,1024,306176
5,138,2048,306176
5,70,3072,306176
5,78,4096,306176
5,61,11264,306176
5,61,12288,306176
5,92,13312,306176
5,35,15360,306176
5,39,16384,306176
5,77,17408,306176
5,79,18432,306176
5,110,19456,306176
5,119,20480,306176
138,138,1024,307200
138,70,2048,307200
138,78,3072,307200
138,61,10240,307200
138,61,11264,307200
138,92,12288,307200
138,35,14336,307200
138,39,15360,307200
138,77,16384,307200
138,79,17408,307200
138,110,18432,307200
138,119,19456,307200
138,115,20480,307200
138,70,1024,308224
138,78,2048,308224
138,61,9216,308224
138,61,10240,308224
138,92,11264,308224
138,35,13312,308224
138,39,14336,308224
138,77,15360,308224
138,79,16384,308224
138,110,17408,308224
138,119,18432,308224
138,115,19456,308224
70,78,1024,309248
70,61,8192,309248
70,61,9216,309248
70,92,10240,309248
70,35,12288,309248
70,39,13312,309248
70,77,14336,309248
70,79,15360,309248
70,110,16384,309248
70,119,17408,309248
70,115,18432,309248
78,61,7168,310272
78,61,8192,310272
78,92,9216,310272
78,35,11264,310272
78,39,12288,310272
78,77,13312,310272
78,79,14336,310272
78,110,15360,310272
78,119,16384,310272
78,115,17408,310272
61,61,1024,317440
61,92,2048,317440
61,35,4096,317440
61,39,5120,317440
61,77,6144,317440
61,79,7168,317440
61,110,8192,317440
61,119,9216,317440
61,115,10240,317440
61,92,1024,318464
61,35,3072,318464
61,39,4096,318464
61,77,5120,318464
61,79,6144,318464
61,110,7168,318464
61,119,8192,318464
61,115,9216,318464
92,35,2048,319488
92,39,3072,319488
92,77,4096,319488
92,79,5120,319488
92,110,6144,319488
92,119,7168,319488
92,115,8192,319488
35,39,1024,321536
35,77,2048,321536
35,79,3072,321536
35,110,4096,321536
35,119,5120,321536
35,115,6144,321536
39,77,1024,322560
39,79,2048,322560
39,110,3072,322560
39,119,4096,322560
39,115,5120,322560
77,79,1024,323584
77,110,2048,323584
77,119,3072,323584
77,115,4096,323584
79,110,1024,324608
79,119,2048,324608
79,115,3072,324608
110,119,1024,325632
110,115,2048,325632
119,115,1024,326656
