34,31,4096,7168
34,64,5120,7168
34,105,6144,7168
34,24,17408,7168
34,27,19456,7168
34,50,20480,7168
31,64,1024,11264
31,105,2048,11264
31,24,13312,11264
31,27,15360,11264
31,50,16384,11264
64,105,1024,12288
64,24,12288,12288
64,27,14336,12288
64,50,15360,12288
64,52,20480,12288
105,24,11264,13312
105,27,13312,13312
105,50,14336,13312
105,52,19456,13312
24,27,2048,24576
24,50,3072,24576
24,52,8192,24576
24,52,11264,24576
24,52,13312,24576
24,60,14336,24576
24,59,15360,24576
24,175,15360,24576
24,31,18432,24576
24,62,18432,24576
24,29,19456,24576
24,87,19456,24576
24,90,20480,24576
27,50,1024,26624
27,52,6144,26624
27,52,9216,26624
27,52,11264,26624
27,60,12288,26624
27,59,13312,26624
27,175,13312,26624
27,31,16384,26624
27,62,16384,26624
27,29,17408,26624
27,87,17408,26624
27,90,18432,26624
27,90,19456,26624
27,88,20480,26624
50,52,5120,27648
50,52,8192,27648
50,52,10240,27648
50,60,11264,27648
50,59,12288,27648
50,175,12288,27648
50,31,15360,27648
50,62,15360,27648
50,29,16384,27648
50,87,16384,27648
50,90,17408,27648
50,90,18432,27648
50,88,19456,27648
50,61,20480,27648
52,52,3072,32768
52,52,5120,32768
52,60,6144,32768
52,59,7168,32768
52,175,7168,32768
52,31,10240,32768
52,62,10240,32768
52,29,11264,32768
52,87,11264,32768
52,90,12288,32768
52,90,13312,32768
52,88,14336,32768
52,61,15360,32768
52,57,19456,32768
52,52,2048,35840
52,60,3072,35840
52,59,4096,35840
52,175,4096,35840
52,31,7168,35840
52,62,7168,35840
52,29,8192,35840
52,87,8192,35840
52,90,9216,35840
52,90,10240,35840
52,88,11264,35840
52,61,12288,35840
52,57,16384,35840
52,59,18432,35840
52,60,1024,37888
52,59,2048,37888
52,175,2048,37888
52,31,5120,37888
52,62,5120,37888
52,29,6144,37888
52,87,6144,37888
52,90,7168,37888
52,90,8192,37888
52,88,9216,37888
52,61,10240,37888
52,57,14336,37888
52,59,16384,37888
52,31,18432,37888
60,59,1024,38912
60,175,1024,38912
60,31,4096,38912
60,62,4096,38912
60,29,5120,38912
60,87,5120,38912
60,90,6144,38912
60,90,7168,38912
60,88,8192,38912
60,61,9216,38912
60,57,13312,38912
60,59,15360,38912
60,31,17408,38912
60,29,19456,38912
59,175,0,39936
59,31,3072,39936
59,62,3072,39936
59,29,4096,39936
59,87,4096,39936
59,90,5120,39936
59,90,6144,39936
59,88,7168,39936
59,61,8192,39936
59,57,12288,39936
59,59,14336,39936
59,31,16384,39936
59,29,18432,39936
59,31,19456,39936
175,31,3072,39936
175,62,3072,39936
175,29,4096,39936
175,87,4096,39936
175,90,5120,39936
175,90,6144,39936
175,88,7168,39936
175,61,8192,39936
175,57,12288,39936
175,59,14336,39936
175,31,16384,39936
175,29,18432,39936
175,31,19456,39936
175,62,19456,39936
31,62,0,43008
31,29,1024,43008
31,87,1024,43008
31,90,2048,43008
31,90,3072,43008
31,88,4096,43008
31,61,5120,43008
31,57,9216,43008
31,59,11264,43008
31,31,13312,43008
31,29,15360,43008
31,31,16384,43008
31,62,16384,43008
31,31,17408,43008
62,29,1024,43008
62,87,1024,43008
62,90,2048,43008
62,90,3072,43008
62,88,4096,43008
62,61,5120,43008
62,57,9216,43008
62,59,11264,43008
62,31,13312,43008
62,29,15360,43008
62,31,16384,43008
62,62,16384,43008
62,31,17408,43008
62,62,17408,43008
29,87,0,44032
29,90,1024,44032
29,90,2048,44032
29,88,3072,44032
29,61,4096,44032
29,57,8192,44032
29,59,10240,44032
29,31,12288,44032
29,29,14336,44032
29,31,15360,44032
29,62,15360,44032
29,31,16384,44032
29,62,16384,44032
87,90,1024,44032
87,90,2048,44032
87,88,3072,44032
87,61,4096,44032
87,57,8192,44032
87,59,10240,44032
87,31,12288,44032
87,29,14336,44032
87,31,15360,44032
87,62,15360,44032
87,31,16384,44032
87,62,16384,44032
90,90,1024,45056
90,88,2048,45056
90,61,3072,45056
90,57,7168,45056
90,59,9216,45056
90,31,11264,45056
90,29,13312,45056
90,31,14336,45056
90,62,14336,45056
90,31,15360,45056
90,62,15360,45056
90,88,1024,46080
90,61,2048,46080
90,57,6144,46080
90,59,8192,46080
90,31,10240,46080
90,29,12288,46080
90,31,13312,46080
90,62,13312,46080
90,31,14336,46080
90,62,14336,46080
88,61,1024,47104
88,57,5120,47104
88,59,7168,47104
88,31,9216,47104
88,29,11264,47104
88,31,12288,47104
88,62,12288,47104
88,31,13312,47104
88,62,13312,47104
88,62,20480,47104
88,93,20480,47104
61,57,4096,48128
61,59,6144,48128
61,31,8192,48128
61,29,10240,48128
61,31,11264,48128
61,62,11264,48128
61,31,12288,48128
61,62,12288,48128
61,62,19456,48128
61,93,19456,48128
57,59,2048,52224
57,31,4096,52224
57,29,6144,52224
57,31,7168,52224
57,62,7168,52224
57,31,8192,52224
57,62,8192,52224
57,62,15360,52224
57,93,15360,52224
57,34,17408,52224
57,31,20480,52224
59,31,2048,54272
59,29,4096,54272
59,31,5120,54272
59,62,5120,54272
59,31,6144,54272
59,62,6144,54272
59,62,13312,54272
59,93,13312,54272
59,34,15360,54272
59,31,18432,54272
59,31,19456,54272
31,29,2048,56320
31,31,3072,56320
31,62,3072,56320
31,31,4096,56320
31,62,4096,56320
31,62,11264,56320
31,93,11264,56320
31,34,13312,56320
31,31,16384,56320
31,31,17408,56320
31,59,20480,56320
29,31,1024,58368
29,62,1024,58368
29,31,2048,58368
29,62,2048,58368
29,62,9216,58368
29,93,9216,58368
29,34,11264,58368
29,31,14336,58368
29,31,15360,58368
29,59,18432,58368
29,52,20480,58368
31,62,0,59392
31,31,1024,59392
31,62,1024,59392
31,62,8192,59392
31,93,8192,59392
31,34,10240,59392
31,31,13312,59392
31,31,14336,59392
31,59,17408,59392
31,52,19456,59392
31,26,20480,59392
62,31,1024,59392
62,62,1024,59392
62,62,8192,59392
62,93,8192,59392
62,34,10240,59392
62,31,13312,59392
62,31,14336,59392
62,59,17408,59392
62,52,19456,59392
62,26,20480,59392
31,62,0,60416
31,62,7168,60416
31,93,7168,60416
31,34,9216,60416
31,31,12288,60416
31,31,13312,60416
31,59,16384,60416
31,52,18432,60416
31,26,19456,60416
31,26,20480,60416
31,78,20480,60416
62,62,7168,60416
62,93,7168,60416
62,34,9216,60416
62,31,12288,60416
62,31,13312,60416
62,59,16384,60416
62,52,18432,60416
62,26,19456,60416
62,26,20480,60416
62,78,20480,60416
62,93,0,67584
62,34,2048,67584
62,31,5120,67584
62,31,6144,67584
62,59,9216,67584
62,52,11264,67584
62,26,12288,67584
62,26,13312,67584
62,78,13312,67584
62,78,14336,67584
62,78,15360,67584
62,78,16384,67584
62,26,17408,67584
62,79,17408,67584
93,34,2048,67584
93,31,5120,67584
93,31,6144,67584
93,59,9216,67584
93,52,11264,67584
93,26,12288,67584
93,26,13312,67584
93,78,13312,67584
93,78,14336,67584
93,78,15360,67584
93,78,16384,67584
93,26,17408,67584
93,79,17408,67584
93,78,18432,67584
34,31,3072,69632
34,31,4096,69632
34,59,7168,69632
34,52,9216,69632
34,26,10240,69632
34,26,11264,69632
34,78,11264,69632
34,78,12288,69632
34,78,13312,69632
34,78,14336,69632
34,26,15360,69632
34,79,15360,69632
34,78,16384,69632
34,78,17408,69632
31,31,1024,72704
31,59,4096,72704
31,52,6144,72704
31,26,7168,72704
31,26,8192,72704
31,78,8192,72704
31,78,9216,72704
31,78,10240,72704
31,78,11264,72704
31,26,12288,72704
31,79,12288,72704
31,78,13312,72704
31,78,14336,72704
31,78,15360,72704
31,59,3072,73728
31,52,5120,73728
31,26,6144,73728
31,26,7168,73728
31,78,7168,73728
31,78,8192,73728
31,78,9216,73728
31,78,10240,73728
31,26,11264,73728
31,79,11264,73728
31,78,12288,73728
31,78,13312,73728
31,78,14336,73728
31,78,15360,73728
59,52,2048,76800
59,26,3072,76800
59,26,4096,76800
59,78,4096,76800
59,78,5120,76800
59,78,6144,76800
59,78,7168,76800
59,26,8192,76800
59,79,8192,76800
59,78,9216,76800
59,78,10240,76800
59,78,11264,76800
59,78,12288,76800
59,39,15360,76800
52,26,1024,78848
52,26,2048,78848
52,78,2048,78848
52,78,3072,78848
52,78,4096,78848
52,78,5120,78848
52,26,6144,78848
52,79,6144,78848
52,78,7168,78848
52,78,8192,78848
52,78,9216,78848
52,78,10240,78848
52,39,13312,78848
52,39,14336,78848
26,26,1024,79872
26,78,1024,79872
26,78,2048,79872
26,78,3072,79872
26,78,4096,79872
26,26,5120,79872
26,79,5120,79872
26,78,6144,79872
26,78,7168,79872
26,78,8192,79872
26,78,9216,79872
26,39,12288,79872
26,39,13312,79872
26,40,13312,79872
26,78,0,80896
26,78,1024,80896
26,78,2048,80896
26,78,3072,80896
26,26,4096,80896
26,79,4096,80896
26,78,5120,80896
26,78,6144,80896
26,78,7168,80896
26,78,8192,80896
26,39,11264,80896
26,39,12288,80896
26,40,12288,80896
26,76,13312,80896
78,78,1024,80896
78,78,2048,80896
78,78,3072,80896
78,26,4096,80896
78,79,4096,80896
78,78,5120,80896
78,78,6144,80896
78,78,7168,80896
78,78,8192,80896
78,39,11264,80896
78,39,12288,80896
78,40,12288,80896
78,76,13312,80896
78,69,14336,80896
78,78,1024,81920
78,78,2048,81920
78,26,3072,81920
78,79,3072,81920
78,78,4096,81920
78,78,5120,81920
78,78,6144,81920
78,78,7168,81920
78,39,10240,81920
78,39,11264,81920
78,40,11264,81920
78,76,12288,81920
78,69,13312,81920
78,104,13312,81920
78,78,1024,82944
78,26,2048,82944
78,79,2048,82944
78,78,3072,82944
78,78,4096,82944
78,78,5120,82944
78,78,6144,82944
78,39,9216,82944
78,39,10240,82944
78,40,10240,82944
78,76,11264,82944
78,69,12288,82944
78,104,12288,82944
78,69,13312,82944
78,26,1024,83968
78,79,1024,83968
78,78,2048,83968
78,78,3072,83968
78,78,4096,83968
78,78,5120,83968
78,39,8192,83968
78,39,9216,83968
78,40,9216,83968
78,76,10240,83968
78,69,11264,83968
78,104,11264,83968
78,69,12288,83968
78,104,12288,83968
26,79,0,84992
26,78,1024,84992
26,78,2048,84992
26,78,3072,84992
26,78,4096,84992
26,39,7168,84992
26,39,8192,84992
26,40,8192,84992
26,76,9216,84992
26,69,10240,84992
26,104,10240,84992
26,69,11264,84992
26,104,11264,84992
26,59,13312,84992
79,78,1024,84992
79,78,2048,84992
79,78,3072,84992
79,78,4096,84992
79,39,7168,84992
79,39,8192,84992
79,40,8192,84992
79,76,9216,84992
79,69,10240,84992
79,104,10240,84992
79,69,11264,84992
79,104,11264,84992
79,59,13312,84992
79,78,14336,84992
78,78,1024,86016
78,78,2048,86016
78,78,3072,86016
78,39,6144,86016
78,39,7168,86016
78,40,7168,86016
78,76,8192,86016
78,69,9216,86016
78,104,9216,86016
78,69,10240,86016
78,104,10240,86016
78,59,12288,86016
78,78,13312,86016
78,76,14336,86016
78,78,1024,87040
78,78,2048,87040
78,39,5120,87040
78,39,6144,87040
78,40,6144,87040
78,76,7168,87040
78,69,8192,87040
78,104,8192,87040
78,69,9216,87040
78,104,9216,87040
78,59,11264,87040
78,78,12288,87040
78,76,13312,87040
78,107,19456,87040
78,78,1024,88064
78,39,4096,88064
78,39,5120,88064
78,40,5120,88064
78,76,6144,88064
78,69,7168,88064
78,104,7168,88064
78,69,8192,88064
78,104,8192,88064
78,59,10240,88064
78,78,11264,88064
78,76,12288,88064
78,107,18432,88064
78,69,20480,88064
78,39,3072,89088
78,39,4096,89088
78,40,4096,89088
78,76,5120,89088
78,69,6144,89088
78,104,6144,89088
78,69,7168,89088
78,104,7168,89088
78,59,9216,89088
78,78,10240,89088
78,76,11264,89088
78,107,17408,89088
78,69,19456,89088
78,118,20480,89088
39,39,1024,92160
39,40,1024,92160
39,76,2048,92160
39,69,3072,92160
39,104,3072,92160
39,69,4096,92160
39,104,4096,92160
39,59,6144,92160
39,78,7168,92160
39,76,8192,92160
39,107,14336,92160
39,69,16384,92160
39,118,17408,92160
39,80,20480,92160
39,40,0,93184
39,76,1024,93184
39,69,2048,93184
39,104,2048,93184
39,69,3072,93184
39,104,3072,93184
39,59,5120,93184
39,78,6144,93184
39,76,7168,93184
39,107,13312,93184
39,69,15360,93184
39,118,16384,93184
39,80,19456,93184
39,123,20480,93184
40,76,1024,93184
40,69,2048,93184
40,104,2048,93184
40,69,3072,93184
40,104,3072,93184
40,59,5120,93184
40,78,6144,93184
40,76,7168,93184
40,107,13312,93184
40,69,15360,93184
40,118,16384,93184
40,80,19456,93184
40,123,20480,93184
76,69,1024,94208
76,104,1024,94208
76,69,2048,94208
76,104,2048,94208
76,59,4096,94208
76,78,5120,94208
76,76,6144,94208
76,107,12288,94208
76,69,14336,94208
76,118,15360,94208
76,80,18432,94208
76,123,19456,94208
69,104,0,95232
69,69,1024,95232
69,104,1024,95232
69,59,3072,95232
69,78,4096,95232
69,76,5120,95232
69,107,11264,95232
69,69,13312,95232
69,118,14336,95232
69,80,17408,95232
69,123,18432,95232
69,69,20480,95232
104,69,1024,95232
104,104,1024,95232
104,59,3072,95232
104,78,4096,95232
104,76,5120,95232
104,107,11264,95232
104,69,13312,95232
104,118,14336,95232
104,80,17408,95232
104,123,18432,95232
104,69,20480,95232
69,104,0,96256
69,59,2048,96256
69,78,3072,96256
69,76,4096,96256
69,107,10240,96256
69,69,12288,96256
69,118,13312,96256
69,80,16384,96256
69,123,17408,96256
69,69,19456,96256
69,79,20480,96256
104,59,2048,96256
104,78,3072,96256
104,76,4096,96256
104,107,10240,96256
104,69,12288,96256
104,118,13312,96256
104,80,16384,96256
104,123,17408,96256
104,69,19456,96256
104,79,20480,96256
59,78,1024,98304
59,76,2048,98304
59,107,8192,98304
59,69,10240,98304
59,118,11264,98304
59,80,14336,98304
59,123,15360,98304
59,69,17408,98304
59,79,18432,98304
59,42,20480,98304
78,76,1024,99328
78,107,7168,99328
78,69,9216,99328
78,118,10240,99328
78,80,13312,99328
78,123,14336,99328
78,69,16384,99328
78,79,17408,99328
78,42,19456,99328
76,107,6144,100352
76,69,8192,100352
76,118,9216,100352
76,80,12288,100352
76,123,13312,100352
76,69,15360,100352
76,79,16384,100352
76,42,18432,100352
76,81,20480,100352
107,69,2048,106496
107,118,3072,106496
107,80,6144,106496
107,123,7168,106496
107,69,9216,106496
107,79,10240,106496
107,42,12288,106496
107,81,14336,106496
107,70,16384,106496
107,78,17408,106496
107,78,18432,106496
107,157,18432,106496
69,118,1024,108544
69,80,4096,108544
69,123,5120,108544
69,69,7168,108544
69,79,8192,108544
69,42,10240,108544
69,81,12288,108544
69,70,14336,108544
69,78,15360,108544
69,78,16384,108544
69,157,16384,108544
118,80,3072,109568
118,123,4096,109568
118,69,6144,109568
118,79,7168,109568
118,42,9216,109568
118,81,11264,109568
118,70,13312,109568
118,78,14336,109568
118,78,15360,109568
118,157,15360,109568
80,123,1024,112640
80,69,3072,112640
80,79,4096,112640
80,42,6144,112640
80,81,8192,112640
80,70,10240,112640
80,78,11264,112640
80,78,12288,112640
80,157,12288,112640
123,69,2048,113664
123,79,3072,113664
123,42,5120,113664
123,81,7168,113664
123,70,9216,113664
123,78,10240,113664
123,78,11264,113664
123,157,11264,113664
69,79,1024,115712
69,42,3072,115712
69,81,5120,115712
69,70,7168,115712
69,78,8192,115712
69,78,9216,115712
69,157,9216,115712
79,42,2048,116736
79,81,4096,116736
79,70,6144,116736
79,78,7168,116736
79,78,8192,116736
79,157,8192,116736
79,39,20480,116736
42,81,2048,118784
42,70,4096,118784
42,78,5120,118784
42,78,6144,118784
42,157,6144,118784
42,39,18432,118784
81,70,2048,120832
81,78,3072,120832
81,78,4096,120832
81,157,4096,120832
81,39,16384,120832
81,78,19456,120832
70,78,1024,122880
70,78,2048,122880
70,157,2048,122880
70,39,14336,122880
70,78,17408,122880
70,26,20480,122880
78,78,1024,123904
78,157,1024,123904
78,39,13312,123904
78,78,16384,123904
78,26,19456,123904
78,157,0,124928
78,39,12288,124928
78,78,15360,124928
78,26,18432,124928
157,39,12288,124928
157,78,15360,124928
157,26,18432,124928
39,78,3072,137216
39,26,6144,137216
39,42,18432,137216
39,22,20480,137216
78,26,3072,140288
78,42,15360,140288
78,22,17408,140288
78,69,18432,140288
26,42,12288,143360
26,22,14336,143360
26,69,15360,143360
42,22,2048,155648
42,69,3072,155648
42,33,9216,155648
42,31,10240,155648
42,61,10240,155648
42,62,11264,155648
42,60,12288,155648
42,70,13312,155648
42,70,14336,155648
42,22,16384,155648
22,69,1024,157696
22,33,7168,157696
22,31,8192,157696
22,61,8192,157696
22,62,9216,157696
22,60,10240,157696
22,70,11264,157696
22,70,12288,157696
22,22,14336,157696
69,33,6144,158720
69,31,7168,158720
69,61,7168,158720
69,62,8192,158720
69,60,9216,158720
69,70,10240,158720
69,70,11264,158720
69,22,13312,158720
33,31,1024,164864
33,61,1024,164864
33,62,2048,164864
33,60,3072,164864
33,70,4096,164864
33,70,5120,164864
33,22,7168,164864
31,61,0,165888
31,62,1024,165888
31,60,2048,165888
31,70,3072,165888
31,70,4096,165888
31,22,6144,165888
31,18,20480,165888
61,62,1024,165888
61,60,2048,165888
61,70,3072,165888
61,70,4096,165888
61,22,6144,165888
61,18,20480,165888
62,60,1024,166912
62,70,2048,166912
62,70,3072,166912
62,22,5120,166912
62,18,19456,166912
60,70,1024,167936
60,70,2048,167936
60,22,4096,167936
60,18,18432,167936
70,70,1024,168960
70,22,3072,168960
70,18,17408,168960
70,22,2048,169984
70,18,16384,169984
70,30,20480,169984
22,18,14336,172032
22,30,18432,172032
18,30,4096,186368
18,32,7168,186368
18,35,8192,186368
18,35,9216,186368
18,69,9216,186368
18,70,10240,186368
30,32,3072,190464
30,35,4096,190464
30,35,5120,190464
30,69,5120,190464
30,70,6144,190464
30,35,17408,190464
30,35,18432,190464
32,35,1024,193536
32,35,2048,193536
32,69,2048,193536
32,70,3072,193536
32,35,14336,193536
32,35,15360,193536
35,35,1024,194560
35,69,1024,194560
35,70,2048,194560
35,35,13312,194560
35,35,14336,194560
35,69,0,195584
35,70,1024,195584
35,35,12288,195584
35,35,13312,195584
69,70,1024,195584
69,35,12288,195584
69,35,13312,195584
70,35,11264,196608
70,35,12288,196608
35,35,1024,207872
35,105,12288,207872
35,31,14336,207872
35,70,14336,207872
35,141,14336,207872
35,31,15360,207872
35,78,15360,207872
35,31,16384,207872
35,42,17408,207872
35,41,18432,207872
35,105,11264,208896
35,31,13312,208896
35,70,13312,208896
35,141,13312,208896
35,31,14336,208896
35,78,14336,208896
35,31,15360,208896
35,42,16384,208896
35,41,17408,208896
105,31,2048,220160
105,70,2048,220160
105,141,2048,220160
105,31,3072,220160
105,78,3072,220160
105,31,4096,220160
105,42,5120,220160
105,41,6144,220160
105,79,10240,220160
105,118,10240,220160
105,113,12288,220160
105,39,16384,220160
105,64,16384,220160
105,71,17408,220160
31,70,0,222208
31,141,0,222208
31,31,1024,222208
31,78,1024,222208
31,31,2048,222208
31,42,3072,222208
31,41,4096,222208
31,79,8192,222208
31,118,8192,222208
31,113,10240,222208
31,39,14336,222208
31,64,14336,222208
31,71,15360,222208
31,69,16384,222208
70,141,0,222208
70,31,1024,222208
70,78,1024,222208
70,31,2048,222208
70,42,3072,222208
70,41,4096,222208
70,79,8192,222208
70,118,8192,222208
70,113,10240,222208
70,39,14336,222208
70,64,14336,222208
70,71,15360,222208
70,69,16384,222208
70,22,20480,222208
141,31,1024,222208
141,78,1024,222208
141,31,2048,222208
141,42,3072,222208
141,41,4096,222208
141,79,8192,222208
141,118,8192,222208
141,113,10240,222208
141,39,14336,222208
141,64,14336,222208
141,71,15360,222208
141,69,16384,222208
141,22,20480,222208
31,78,0,223232
31,31,1024,223232
31,42,2048,223232
31,41,3072,223232
31,79,7168,223232
31,118,7168,223232
31,113,9216,223232
31,39,13312,223232
31,64,13312,223232
31,71,14336,223232
31,69,15360,223232
31,22,19456,223232
31,48,20480,223232
78,31,1024,223232
78,42,2048,223232
78,41,3072,223232
78,79,7168,223232
78,118,7168,223232
78,113,9216,223232
78,39,13312,223232
78,64,13312,223232
78,71,14336,223232
78,69,15360,223232
78,22,19456,223232
78,48,20480,223232
31,42,1024,224256
31,41,2048,224256
31,79,6144,224256
31,118,6144,224256
31,113,8192,224256
31,39,12288,224256
31,64,12288,224256
31,71,13312,224256
31,69,14336,224256
31,22,18432,224256
31,48,19456,224256
42,41,1024,225280
42,79,5120,225280
42,118,5120,225280
42,113,7168,225280
42,39,11264,225280
42,64,11264,225280
42,71,12288,225280
42,69,13312,225280
42,22,17408,225280
42,48,18432,225280
41,79,4096,226304
41,118,4096,226304
41,113,6144,226304
41,39,10240,226304
41,64,10240,226304
41,71,11264,226304
41,69,12288,226304
41,22,16384,226304
41,48,17408,226304
41,33,20480,226304
79,118,0,230400
79,113,2048,230400
79,39,6144,230400
79,64,6144,230400
79,71,7168,230400
79,69,8192,230400
79,22,12288,230400
79,48,13312,230400
79,33,16384,230400
79,31,20480,230400
118,113,2048,230400
118,39,6144,230400
118,64,6144,230400
118,71,7168,230400
118,69,8192,230400
118,22,12288,230400
118,48,13312,230400
118,33,16384,230400
118,31,20480,230400
113,39,4096,232448
113,64,4096,232448
113,71,5120,232448
113,69,6144,232448
113,22,10240,232448
113,48,11264,232448
113,33,14336,232448
113,31,18432,232448
113,79,19456,232448
113,80,19456,232448
113,78,20480,232448
39,64,0,236544
39,71,1024,236544
39,69,2048,236544
39,22,6144,236544
39,48,7168,236544
39,33,10240,236544
39,31,14336,236544
39,79,15360,236544
39,80,15360,236544
39,78,16384,236544
39,39,17408,236544
39,22,20480,236544
64,71,1024,236544
64,69,2048,236544
64,22,6144,236544
64,48,7168,236544
64,33,10240,236544
64,31,14336,236544
64,79,15360,236544
64,80,15360,236544
64,78,16384,236544
64,39,17408,236544
64,22,20480,236544
71,69,1024,237568
71,22,5120,237568
71,48,6144,237568
71,33,9216,237568
71,31,13312,237568
71,79,14336,237568
71,80,14336,237568
71,78,15360,237568
71,39,16384,237568
71,22,19456,237568
69,22,4096,238592
69,48,5120,238592
69,33,8192,238592
69,31,12288,238592
69,79,13312,238592
69,80,13312,238592
69,78,14336,238592
69,39,15360,238592
69,22,18432,238592
22,48,1024,242688
22,33,4096,242688
22,31,8192,242688
22,79,9216,242688
22,80,9216,242688
22,78,10240,242688
22,39,11264,242688
22,22,14336,242688
48,33,3072,243712
48,31,7168,243712
48,79,8192,243712
48,80,8192,243712
48,78,9216,243712
48,39,10240,243712
48,22,13312,243712
33,31,4096,246784
33,79,5120,246784
33,80,5120,246784
33,78,6144,246784
33,39,7168,246784
33,22,10240,246784
31,79,1024,250880
31,80,1024,250880
31,78,2048,250880
31,39,3072,250880
31,22,6144,250880
31,37,17408,250880
31,42,18432,250880
31,41,19456,250880
31,22,20480,250880
31,69,20480,250880
79,80,0,251904
79,78,1024,251904
79,39,2048,251904
79,22,5120,251904
79,37,16384,251904
79,42,17408,251904
79,41,18432,251904
79,22,19456,251904
79,69,19456,251904
79,70,20480,251904
80,78,1024,251904
80,39,2048,251904
80,22,5120,251904
80,37,16384,251904
80,42,17408,251904
80,41,18432,251904
80,22,19456,251904
80,69,19456,251904
80,70,20480,251904
78,39,1024,252928
78,22,4096,252928
78,37,15360,252928
78,42,16384,252928
78,41,17408,252928
78,22,18432,252928
78,69,18432,252928
78,70,19456,252928
39,22,3072,253952
39,37,14336,253952
39,42,15360,253952
39,41,16384,253952
39,22,17408,253952
39,69,17408,253952
39,70,18432,253952
22,37,11264,257024
22,42,12288,257024
22,41,13312,257024
22,22,14336,257024
22,69,14336,257024
22,70,15360,257024
22,78,19456,257024
22,78,20480,257024
22,155,20480,257024
37,42,1024,268288
37,41,2048,268288
37,22,3072,268288
37,69,3072,268288
37,70,4096,268288
37,78,8192,268288
37,78,9216,268288
37,155,9216,268288
37,31,11264,268288
37,31,12288,268288
37,63,14336,268288
37,62,15360,268288
37,63,16384,268288
37,18,17408,268288
42,41,1024,269312
42,22,2048,269312
42,69,2048,269312
42,70,3072,269312
42,78,7168,269312
42,78,8192,269312
42,155,8192,269312
42,31,10240,269312
42,31,11264,269312
42,63,13312,269312
42,62,14336,269312
42,63,15360,269312
42,18,16384,269312
42,61,16384,269312
41,22,1024,270336
41,69,1024,270336
41,70,2048,270336
41,78,6144,270336
41,78,7168,270336
41,155,7168,270336
41,31,9216,270336
41,31,10240,270336
41,63,12288,270336
41,62,13312,270336
41,63,14336,270336
41,18,15360,270336
41,61,15360,270336
22,69,0,271360
22,70,1024,271360
22,78,5120,271360
22,78,6144,271360
22,155,6144,271360
22,31,8192,271360
22,31,9216,271360
22,63,11264,271360
22,62,12288,271360
22,63,13312,271360
22,18,14336,271360
22,61,14336,271360
69,70,1024,271360
69,78,5120,271360
69,78,6144,271360
69,155,6144,271360
69,31,8192,271360
69,31,9216,271360
69,63,11264,271360
69,62,12288,271360
69,63,13312,271360
69,18,14336,271360
69,61,14336,271360
70,78,4096,272384
70,78,5120,272384
70,155,5120,272384
70,31,7168,272384
70,31,8192,272384
70,63,10240,272384
70,62,11264,272384
70,63,12288,272384
70,18,13312,272384
70,61,13312,272384
78,78,1024,276480
78,155,1024,276480
78,31,3072,276480
78,31,4096,276480
78,63,6144,276480
78,62,7168,276480
78,63,8192,276480
78,18,9216,276480
78,61,9216,276480
78,155,0,277504
78,31,2048,277504
78,31,3072,277504
78,63,5120,277504
78,62,6144,277504
78,63,7168,277504
78,18,8192,277504
78,61,8192,277504
155,31,2048,277504
155,31,3072,277504
155,63,5120,277504
155,62,6144,277504
155,63,7168,277504
155,18,8192,277504
155,61,8192,277504
31,31,1024,279552
31,63,3072,279552
31,62,4096,279552
31,63,5120,279552
31,18,6144,279552
31,61,6144,279552
31,68,20480,279552
31,63,2048,280576
31,62,3072,280576
31,63,4096,280576
31,18,5120,280576
31,61,5120,280576
31,68,19456,280576
63,62,1024,282624
63,63,2048,282624
63,18,3072,282624
63,61,3072,282624
63,68,17408,282624
62,63,1024,283648
62,18,2048,283648
62,61,2048,283648
62,68,16384,283648
63,18,1024,284672
63,61,1024,284672
63,68,15360,284672
63,31,20480,284672
18,61,0,285696
18,68,14336,285696
18,31,19456,285696
61,68,14336,285696
61,31,19456,285696
68,31,5120,300032
68,35,7168,300032
68,69,7168,300032
68,35,8192,300032
68,70,8192,300032
68,68,9216,300032
68,102,9216,300032
68,70,10240,300032
68,140,10240,300032
68,70,11264,300032
68,105,11264,300032
68,70,12288,300032
68,139,12288,300032
68,69,13312,300032
31,35,2048,305152
31,69,2048,305152
31,35,3072,305152
31,70,3072,305152
31,68,4096,305152
31,102,4096,305152
31,70,5120,305152
31,140,5120,305152
31,70,6144,305152
31,105,6144,305152
31,70,7168,305152
31,139,7168,305152
31,69,8192,305152
31,104,8192,305152
35,69,0,307200
35,35,1024,307200
35,70,1024,307200
35,68,2048,307200
35,102,2048,307200
35,70,3072,307200
35,140,3072,307200
35,70,4096,307200
35,105,4096,307200
35,70,5120,307200
35,139,5120,307200
35,69,6144,307200
35,104,6144,307200
35,70,7168,307200
69,35,1024,307200
69,70,1024,307200
69,68,2048,307200
69,102,2048,307200
69,70,3072,307200
69,140,3072,307200
69,70,4096,307200
69,105,4096,307200
69,70,5120,307200
69,139,5120,307200
69,69,6144,307200
69,104,6144,307200
69,70,7168,307200
69,139,7168,307200
35,70,0,308224
35,68,1024,308224
35,102,1024,308224
35,70,2048,308224
35,140,2048,308224
35,70,3072,308224
35,105,3072,308224
35,70,4096,308224
35,139,4096,308224
35,69,5120,308224
35,104,5120,308224
35,70,6144,308224
35,139,6144,308224
35,104,7168,308224
70,68,1024,308224
70,102,1024,308224
70,70,2048,308224
70,140,2048,308224
70,70,3072,308224
70,105,3072,308224
70,70,4096,308224
70,139,4096,308224
70,69,5120,308224
70,104,5120,308224
70,70,6144,308224
70,139,6144,308224
70,104,7168,308224
70,138,8192,308224
68,102,0,309248
68,70,1024,309248
68,140,1024,309248
68,70,2048,309248
68,105,2048,309248
68,70,3072,309248
68,139,3072,309248
68,69,4096,309248
68,104,4096,309248
68,70,5120,309248
68,139,5120,309248
68,104,6144,309248
68,138,7168,309248
68,21,8192,309248
102,70,1024,309248
102,140,1024,309248
102,70,2048,309248
102,105,2048,309248
102,70,3072,309248
102,139,3072,309248
102,69,4096,309248
102,104,4096,309248
102,70,5120,309248
102,139,5120,309248
102,104,6144,309248
102,138,7168,309248
102,21,8192,309248
102,58,9216,309248
70,140,0,310272
70,70,1024,310272
70,105,1024,310272
70,70,2048,310272
70,139,2048,310272
70,69,3072,310272
70,104,3072,310272
70,70,4096,310272
70,139,4096,310272
70,104,5120,310272
70,138,6144,310272
70,21,7168,310272
70,58,8192,310272
70,51,9216,310272
140,70,1024,310272
140,105,1024,310272
140,70,2048,310272
140,139,2048,310272
140,69,3072,310272
140,104,3072,310272
140,70,4096,310272
140,139,4096,310272
140,104,5120,310272
140,138,6144,310272
140,21,7168,310272
140,58,8192,310272
140,51,9216,310272
140,27,11264,310272
70,105,0,311296
70,70,1024,311296
70,139,1024,311296
70,69,2048,311296
70,104,2048,311296
70,70,3072,311296
70,139,3072,311296
70,104,4096,311296
70,138,5120,311296
70,21,6144,311296
70,58,7168,311296
70,51,8192,311296
70,27,10240,311296
70,27,12288,311296
105,70,1024,311296
105,139,1024,311296
105,69,2048,311296
105,104,2048,311296
105,70,3072,311296
105,139,3072,311296
105,104,4096,311296
105,138,5120,311296
105,21,6144,311296
105,58,7168,311296
105,51,8192,311296
105,27,10240,311296
105,27,12288,311296
70,139,0,312320
70,69,1024,312320
70,104,1024,312320
70,70,2048,312320
70,139,2048,312320
70,104,3072,312320
70,138,4096,312320
70,21,5120,312320
70,58,6144,312320
70,51,7168,312320
70,27,9216,312320
70,27,11264,312320
139,69,1024,312320
139,104,1024,312320
139,70,2048,312320
139,139,2048,312320
139,104,3072,312320
139,138,4096,312320
139,21,5120,312320
139,58,6144,312320
139,51,7168,312320
139,27,9216,312320
139,27,11264,312320
69,104,0,313344
69,70,1024,313344
69,139,1024,313344
69,104,2048,313344
69,138,3072,313344
69,21,4096,313344
69,58,5120,313344
69,51,6144,313344
69,27,8192,313344
69,27,10240,313344
104,70,1024,313344
104,139,1024,313344
104,104,2048,313344
104,138,3072,313344
104,21,4096,313344
104,58,5120,313344
104,51,6144,313344
104,27,8192,313344
104,27,10240,313344
70,139,0,314368
70,104,1024,314368
70,138,2048,314368
70,21,3072,314368
70,58,4096,314368
70,51,5120,314368
70,27,7168,314368
70,27,9216,314368
139,104,1024,314368
139,138,2048,314368
139,21,3072,314368
139,58,4096,314368
139,51,5120,314368
139,27,7168,314368
139,27,9216,314368
104,138,1024,315392
104,21,2048,315392
104,58,3072,315392
104,51,4096,315392
104,27,6144,315392
104,27,8192,315392
138,21,1024,316416
138,58,2048,316416
138,51,3072,316416
138,27,5120,316416
138,27,7168,316416
21,58,1024,317440
21,51,2048,317440
21,27,4096,317440
21,27,6144,317440
58,51,1024,318464
58,27,3072,318464
58,27,5120,318464
51,27,2048,319488
51,27,4096,319488
27,27,2048,321536
