52,18,4096,2048
52,18,5120,2048
52,88,9216,2048
52,59,11264,2048
52,7,16384,2048
18,18,1024,6144
18,88,5120,6144
18,59,7168,6144
18,7,12288,6144
18,9,17408,6144
18,9,18432,6144
18,9,19456,6144
18,9,20480,6144
18,88,4096,7168
18,59,6144,7168
18,7,11264,7168
18,9,16384,7168
18,9,17408,7168
18,9,18432,7168
18,9,19456,7168
18,9,20480,7168
88,59,2048,11264
88,7,7168,11264
88,9,12288,11264
88,9,13312,11264
88,9,14336,11264
88,9,15360,11264
88,9,16384,11264
88,9,17408,11264
88,9,18432,11264
88,9,19456,11264
88,9,20480,11264
59,7,5120,13312
59,9,10240,13312
59,9,11264,13312
59,9,12288,13312
59,9,13312,13312
59,9,14336,13312
59,9,15360,13312
59,9,16384,13312
59,9,17408,13312
59,9,18432,13312
59,9,19456,13312
59,9,20480,13312
7,9,5120,18432
7,9,6144,18432
7,9,7168,18432
7,9,8192,18432
7,9,9216,18432
7,9,10240,18432
7,9,11264,18432
7,9,12288,18432
7,9,13312,18432
7,9,14336,18432
7,9,15360,18432
7,9,16384,18432
7,9,17408,18432
7,9,18432,18432
9,9,1024,23552
9,9,2048,23552
9,9,3072,23552
9,9,4096,23552
9,9,5120,23552
9,9,6144,23552
9,9,7168,23552
9,9,8192,23552
9,9,9216,23552
9,9,10240,23552
9,9,11264,23552
9,9,12288,23552
9,9,13312,23552
9,9,14336,23552
9,9,1024,24576
9,9,2048,24576
9,9,3072,24576
9,9,4096,24576
9,9,5120,24576
9,9,6144,24576
9,9,7168,24576
9,9,8192,24576
9,9,9216,24576
9,9,10240,24576
9,9,11264,24576
9,9,12288,24576
9,9,13312,24576
9,9,14336,24576
9,9,1024,25600
9,9,2048,25600
9,9,3072,25600
9,9,4096,25600
9,9,5120,25600
9,9,6144,25600
9,9,7168,25600
9,9,8192,25600
9,9,9216,25600
9,9,10240,25600
9,9,11264,25600
9,9,12288,25600
9,9,13312,25600
9,9,14336,25600
9,9,1024,26624
9,9,2048,26624
9,9,3072,26624
9,9,4096,26624
9,9,5120,26624
9,9,6144,26624
9,9,7168,26624
9,9,8192,26624
9,9,9216,26624
9,9,10240,26624
9,9,11264,26624
9,9,12288,26624
9,9,13312,26624
9,18,14336,26624
9,9,1024,27648
9,9,2048,27648
9,9,3072,27648
9,9,4096,27648
9,9,5120,27648
9,9,6144,27648
9,9,7168,27648
9,9,8192,27648
9,9,9216,27648
9,9,10240,27648
9,9,11264,27648
9,9,12288,27648
9,18,13312,27648
9,9,14336,27648
9,9,1024,28672
9,9,2048,28672
9,9,3072,28672
9,9,4096,28672
9,9,5120,28672
9,9,6144,28672
9,9,7168,28672
9,9,8192,28672
9,9,9216,28672
9,9,10240,28672
9,9,11264,28672
9,18,12288,28672
9,9,13312,28672
9,7,14336,28672
9,9,1024,29696
9,9,2048,29696
9,9,3072,29696
9,9,4096,29696
9,9,5120,29696
9,9,6144,29696
9,9,7168,29696
9,9,8192,29696
9,9,9216,29696
9,9,10240,29696
9,18,11264,29696
9,9,12288,29696
9,7,13312,29696
9,9,1024,30720
9,9,2048,30720
9,9,3072,30720
9,9,4096,30720
9,9,5120,30720
9,9,6144,30720
9,9,7168,30720
9,9,8192,30720
9,9,9216,30720
9,18,10240,30720
9,9,11264,30720
9,7,12288,30720
9,9,1024,31744
9,9,2048,31744
9,9,3072,31744
9,9,4096,31744
9,9,5120,31744
9,9,6144,31744
9,9,7168,31744
9,9,8192,31744
9,18,9216,31744
9,9,10240,31744
9,7,11264,31744
9,9,1024,32768
9,9,2048,32768
9,9,3072,32768
9,9,4096,32768
9,9,5120,32768
9,9,6144,32768
9,9,7168,32768
9,18,8192,32768
9,9,9216,32768
9,7,10240,32768
9,9,1024,33792
9,9,2048,33792
9,9,3072,33792
9,9,4096,33792
9,9,5120,33792
9,9,6144,33792
9,18,7168,33792
9,9,8192,33792
9,7,9216,33792
9,120,20480,33792
9,9,1024,34816
9,9,2048,34816
9,9,3072,34816
9,9,4096,34816
9,9,5120,34816
9,18,6144,34816
9,9,7168,34816
9,7,8192,34816
9,120,19456,34816
9,9,1024,35840
9,9,2048,35840
9,9,3072,35840
9,9,4096,35840
9,18,5120,35840
9,9,6144,35840
9,7,7168,35840
9,120,18432,35840
9,9,1024,36864
9,9,2048,36864
9,9,3072,36864
9,18,4096,36864
9,9,5120,36864
9,7,6144,36864
9,120,17408,36864
9,9,1024,37888
9,9,2048,37888
9,18,3072,37888
9,9,4096,37888
9,7,5120,37888
9,120,16384,37888
9,84,20480,37888
9,9,1024,38912
9,18,2048,38912
9,9,3072,38912
9,7,4096,38912
9,120,15360,38912
9,84,19456,38912
9,18,1024,39936
9,9,2048,39936
9,7,3072,39936
9,120,14336,39936
9,84,18432,39936
18,9,1024,40960
18,7,2048,40960
18,120,13312,40960
18,84,17408,40960
9,7,1024,41984
9,120,12288,41984
9,84,16384,41984
7,120,11264,43008
7,84,15360,43008
120,84,4096,54272
120,7,12288,54272
120,9,17408,54272
120,9,18432,54272
120,9,19456,54272
120,9,20480,54272
84,7,8192,58368
84,9,13312,58368
84,9,14336,58368
84,9,15360,58368
84,9,16384,58368
84,9,17408,58368
84,9,18432,58368
84,9,19456,58368
84,9,20480,58368
7,9,5120,66560
7,9,6144,66560
7,9,7168,66560
7,9,8192,66560
7,9,9216,66560
7,9,10240,66560
7,9,11264,66560
7,9,12288,66560
7,9,13312,66560
7,9,14336,66560
7,9,15360,66560
7,9,16384,66560
7,9,17408,66560
7,9,18432,66560
9,9,1024,71680
9,9,2048,71680
9,9,3072,71680
9,9,4096,71680
9,9,5120,71680
9,9,6144,71680
9,9,7168,71680
9,9,8192,71680
9,9,9216,71680
9,9,10240,71680
9,9,11264,71680
9,9,12288,71680
9,9,13312,71680
9,9,14336,71680
9,9,1024,72704
9,9,2048,72704
9,9,3072,72704
9,9,4096,72704
9,9,5120,72704
9,9,6144,72704
9,9,7168,72704
9,9,8192,72704
9,9,9216,72704
9,9,10240,72704
9,9,11264,72704
9,9,12288,72704
9,9,13312,72704
9,9,14336,72704
9,9,1024,73728
9,9,2048,73728
9,9,3072,73728
9,9,4096,73728
9,9,5120,73728
9,9,6144,73728
9,9,7168,73728
9,9,8192,73728
9,9,9216,73728
9,9,10240,73728
9,9,11264,73728
9,9,12288,73728
9,9,13312,73728
9,9,14336,73728
9,9,1024,74752
9,9,2048,74752
9,9,3072,74752
9,9,4096,74752
9,9,5120,74752
9,9,6144,74752
9,9,7168,74752
9,9,8192,74752
9,9,9216,74752
9,9,10240,74752
9,9,11264,74752
9,9,12288,74752
9,9,13312,74752
9,8,15360,74752
9,9,1024,75776
9,9,2048,75776
9,9,3072,75776
9,9,4096,75776
9,9,5120,75776
9,9,6144,75776
9,9,7168,75776
9,9,8192,75776
9,9,9216,75776
9,9,10240,75776
9,9,11264,75776
9,9,12288,75776
9,8,14336,75776
9,7,15360,75776
9,9,1024,76800
9,9,2048,76800
9,9,3072,76800
9,9,4096,76800
9,9,5120,76800
9,9,6144,76800
9,9,7168,76800
9,9,8192,76800
9,9,9216,76800
9,9,10240,76800
9,9,11264,76800
9,8,13312,76800
9,7,14336,76800
9,52,16384,76800
9,9,1024,77824
9,9,2048,77824
9,9,3072,77824
9,9,4096,77824
9,9,5120,77824
9,9,6144,77824
9,9,7168,77824
9,9,8192,77824
9,9,9216,77824
9,9,10240,77824
9,8,12288,77824
9,7,13312,77824
9,52,15360,77824
9,82,20480,77824
9,9,1024,78848
9,9,2048,78848
9,9,3072,78848
9,9,4096,78848
9,9,5120,78848
9,9,6144,78848
9,9,7168,78848
9,9,8192,78848
9,9,9216,78848
9,8,11264,78848
9,7,12288,78848
9,52,14336,78848
9,82,19456,78848
9,9,1024,79872
9,9,2048,79872
9,9,3072,79872
9,9,4096,79872
9,9,5120,79872
9,9,6144,79872
9,9,7168,79872
9,9,8192,79872
9,8,10240,79872
9,7,11264,79872
9,52,13312,79872
9,82,18432,79872
9,52,20480,79872
9,9,1024,80896
9,9,2048,80896
9,9,3072,80896
9,9,4096,80896
9,9,5120,80896
9,9,6144,80896
9,9,7168,80896
9,8,9216,80896
9,7,10240,80896
9,52,12288,80896
9,82,17408,80896
9,52,19456,80896
9,9,1024,81920
9,9,2048,81920
9,9,3072,81920
9,9,4096,81920
9,9,5120,81920
9,9,6144,81920
9,8,8192,81920
9,7,9216,81920
9,52,11264,81920
9,82,16384,81920
9,52,18432,81920
9,51,20480,81920
9,9,1024,82944
9,9,2048,82944
9,9,3072,82944
9,9,4096,82944
9,9,5120,82944
9,8,7168,82944
9,7,8192,82944
9,52,10240,82944
9,82,15360,82944
9,52,17408,82944
9,51,19456,82944
9,9,1024,83968
9,9,2048,83968
9,9,3072,83968
9,9,4096,83968
9,8,6144,83968
9,7,7168,83968
9,52,9216,83968
9,82,14336,83968
9,52,16384,83968
9,51,18432,83968
9,9,1024,84992
9,9,2048,84992
9,9,3072,84992
9,8,5120,84992
9,7,6144,84992
9,52,8192,84992
9,82,13312,84992
9,52,15360,84992
9,51,17408,84992
9,51,20480,84992
9,9,1024,86016
9,9,2048,86016
9,8,4096,86016
9,7,5120,86016
9,52,7168,86016
9,82,12288,86016
9,52,14336,86016
9,51,16384,86016
9,51,19456,86016
9,52,20480,86016
9,9,1024,87040
9,8,3072,87040
9,7,4096,87040
9,52,6144,87040
9,82,11264,87040
9,52,13312,87040
9,51,15360,87040
9,51,18432,87040
9,52,19456,87040
9,52,20480,87040
9,8,2048,88064
9,7,3072,88064
9,52,5120,88064
9,82,10240,88064
9,52,12288,88064
9,51,14336,88064
9,51,17408,88064
9,52,18432,88064
9,52,19456,88064
9,51,20480,88064
8,7,1024,90112
8,52,3072,90112
8,82,8192,90112
8,52,10240,90112
8,51,12288,90112
8,51,15360,90112
8,52,16384,90112
8,52,17408,90112
8,51,18432,90112
8,51,19456,90112
7,52,2048,91136
7,82,7168,91136
7,52,9216,91136
7,51,11264,91136
7,51,14336,91136
7,52,15360,91136
7,52,16384,91136
7,51,17408,91136
7,51,18432,91136
7,13,20480,91136
52,82,5120,93184
52,52,7168,93184
52,51,9216,93184
52,51,12288,93184
52,52,13312,93184
52,52,14336,93184
52,51,15360,93184
52,51,16384,93184
52,13,18432,93184
52,77,20480,93184
82,52,2048,98304
82,51,4096,98304
82,51,7168,98304
82,52,8192,98304
82,52,9216,98304
82,51,10240,98304
82,51,11264,98304
82,13,13312,98304
82,77,15360,98304
82,7,16384,98304
52,51,2048,100352
52,51,5120,100352
52,52,6144,100352
52,52,7168,100352
52,51,8192,100352
52,51,9216,100352
52,13,11264,100352
52,77,13312,100352
52,7,14336,100352
52,58,19456,100352
51,51,3072,102400
51,52,4096,102400
51,52,5120,102400
51,51,6144,102400
51,51,7168,102400
51,13,9216,102400
51,77,11264,102400
51,7,12288,102400
51,58,17408,102400
51,52,1024,105472
51,52,2048,105472
51,51,3072,105472
51,51,4096,105472
51,13,6144,105472
51,77,8192,105472
51,7,9216,105472
51,58,14336,105472
51,58,18432,105472
52,52,1024,106496
52,51,2048,106496
52,51,3072,106496
52,13,5120,106496
52,77,7168,106496
52,7,8192,106496
52,58,13312,106496
52,58,17408,106496
52,51,1024,107520
52,51,2048,107520
52,13,4096,107520
52,77,6144,107520
52,7,7168,107520
52,58,12288,107520
52,58,16384,107520
52,12,20480,107520
51,51,1024,108544
51,13,3072,108544
51,77,5120,108544
51,7,6144,108544
51,58,11264,108544
51,58,15360,108544
51,12,19456,108544
51,13,2048,109568
51,77,4096,109568
51,7,5120,109568
51,58,10240,109568
51,58,14336,109568
51,12,18432,109568
13,77,2048,111616
13,7,3072,111616
13,58,8192,111616
13,58,12288,111616
13,12,16384,111616
13,69,19456,111616
77,7,1024,113664
77,58,6144,113664
77,58,10240,113664
77,12,14336,113664
77,69,17408,113664
77,69,20480,113664
7,58,5120,114688
7,58,9216,114688
7,12,13312,114688
7,69,16384,114688
7,69,19456,114688
7,69,20480,114688
58,58,4096,119808
58,12,8192,119808
58,69,11264,119808
58,69,14336,119808
58,69,15360,119808
58,69,16384,119808
58,69,17408,119808
58,12,4096,123904
58,69,7168,123904
58,69,10240,123904
58,69,11264,123904
58,69,12288,123904
58,69,13312,123904
58,69,17408,123904
12,69,3072,128000
12,69,6144,128000
12,69,7168,128000
12,69,8192,128000
12,69,9216,128000
12,69,13312,128000
12,69,18432,128000
69,69,3072,131072
69,69,4096,131072
69,69,5120,131072
69,69,6144,131072
69,69,10240,131072
69,69,15360,131072
69,69,1024,134144
69,69,2048,134144
69,69,3072,134144
69,69,7168,134144
69,69,12288,134144
69,69,1024,135168
69,69,2048,135168
69,69,6144,135168
69,69,11264,135168
69,69,1024,136192
69,69,5120,136192
69,69,10240,136192
69,69,4096,137216
69,69,9216,137216
69,14,20480,137216
69,69,5120,141312
69,14,16384,141312
69,14,11264,146432
