16,73,7168,0
16,16,11264,0
16,16,12288,0
16,86,14336,0
16,16,15360,0
16,16,18432,0
73,16,4096,7168
73,16,5120,7168
73,86,7168,7168
73,16,8192,7168
73,16,11264,7168
73,14,14336,7168
73,29,15360,7168
73,97,17408,7168
73,91,18432,7168
73,99,20480,7168
16,16,1024,11264
16,86,3072,11264
16,16,4096,11264
16,16,7168,11264
16,14,10240,11264
16,29,11264,11264
16,97,13312,11264
16,91,14336,11264
16,99,16384,11264
16,19,18432,11264
16,86,2048,12288
16,16,3072,12288
16,16,6144,12288
16,14,9216,12288
16,29,10240,12288
16,97,12288,12288
16,91,13312,12288
16,99,15360,12288
16,19,17408,12288
86,16,1024,14336
86,16,4096,14336
86,14,7168,14336
86,29,8192,14336
86,97,10240,14336
86,91,11264,14336
86,99,13312,14336
86,19,15360,14336
86,11,19456,14336
16,16,3072,15360
16,14,6144,15360
16,29,7168,15360
16,97,9216,15360
16,91,10240,15360
16,99,12288,15360
16,19,14336,15360
16,11,18432,15360
16,19,20480,15360
16,14,3072,18432
16,29,4096,18432
16,97,6144,18432
16,91,7168,18432
16,99,9216,18432
16,19,11264,18432
16,11,15360,18432
16,19,17408,18432
16,11,19456,18432
14,29,1024,21504
14,97,3072,21504
14,91,4096,21504
14,99,6144,21504
14,19,8192,21504
14,11,12288,21504
14,19,14336,21504
14,11,16384,21504
14,89,18432,21504
14,99,19456,21504
29,97,2048,22528
29,91,3072,22528
29,99,5120,22528
29,19,7168,22528
29,11,11264,22528
29,19,13312,22528
29,11,15360,22528
29,89,17408,22528
29,99,18432,22528
97,91,1024,24576
97,99,3072,24576
97,19,5120,24576
97,11,9216,24576
97,19,11264,24576
97,11,13312,24576
97,89,15360,24576
97,99,16384,24576
97,12,20480,24576
91,99,2048,25600
91,19,4096,25600
91,11,8192,25600
91,19,10240,25600
91,11,12288,25600
91,89,14336,25600
91,99,15360,25600
91,12,19456,25600
99,19,2048,27648
99,11,6144,27648
99,19,8192,27648
99,11,10240,27648
99,89,12288,27648
99,99,13312,27648
99,12,17408,27648
99,16,19456,27648
19,11,4096,29696
19,19,6144,29696
19,11,8192,29696
19,89,10240,29696
19,99,11264,29696
19,12,15360,29696
19,16,17408,29696
19,16,20480,29696
11,19,2048,33792
11,11,4096,33792
11,89,6144,33792
11,99,7168,33792
11,12,11264,33792
11,16,13312,33792
11,16,16384,33792
11,72,18432,33792
11,16,19456,33792
19,11,2048,35840
19,89,4096,35840
19,99,5120,35840
19,12,9216,35840
19,16,11264,35840
19,16,14336,35840
19,72,16384,35840
19,16,17408,35840
19,24,19456,35840
19,15,20480,35840
11,89,2048,37888
11,99,3072,37888
11,12,7168,37888
11,16,9216,37888
11,16,12288,37888
11,72,14336,37888
11,16,15360,37888
11,24,17408,37888
11,15,18432,37888
11,16,20480,37888
89,99,1024,39936
89,12,5120,39936
89,16,7168,39936
89,16,10240,39936
89,72,12288,39936
89,16,13312,39936
89,24,15360,39936
89,15,16384,39936
89,16,18432,39936
99,12,4096,40960
99,16,6144,40960
99,16,9216,40960
99,72,11264,40960
99,16,12288,40960
99,24,14336,40960
99,15,15360,40960
99,16,17408,40960
99,16,20480,40960
12,16,2048,45056
12,16,5120,45056
12,72,7168,45056
12,16,8192,45056
12,24,10240,45056
12,15,11264,45056
12,16,13312,45056
12,16,16384,45056
12,16,17408,45056
12,16,19456,45056
16,16,3072,47104
16,72,5120,47104
16,16,6144,47104
16,24,8192,47104
16,15,9216,47104
16,16,11264,47104
16,16,14336,47104
16,16,15360,47104
16,16,17408,47104
16,18,20480,47104
16,72,2048,50176
16,16,3072,50176
16,24,5120,50176
16,15,6144,50176
16,16,8192,50176
16,16,11264,50176
16,16,12288,50176
16,16,14336,50176
16,18,17408,50176
72,16,1024,52224
72,24,3072,52224
72,15,4096,52224
72,16,6144,52224
72,16,9216,52224
72,16,10240,52224
72,16,12288,52224
72,18,15360,52224
72,26,20480,52224
16,24,2048,53248
16,15,3072,53248
16,16,5120,53248
16,16,8192,53248
16,16,9216,53248
16,16,11264,53248
16,18,14336,53248
16,26,19456,53248
16,11,20480,53248
24,15,1024,55296
24,16,3072,55296
24,16,6144,55296
24,16,7168,55296
24,16,9216,55296
24,18,12288,55296
24,26,17408,55296
24,11,18432,55296
15,16,2048,56320
15,16,5120,56320
15,16,6144,56320
15,16,8192,56320
15,18,11264,56320
15,26,16384,56320
15,11,17408,56320
16,16,3072,58368
16,16,4096,58368
16,16,6144,58368
16,18,9216,58368
16,26,14336,58368
16,11,15360,58368
16,16,1024,61440
16,16,3072,61440
16,18,6144,61440
16,26,11264,61440
16,11,12288,61440
16,29,19456,61440
16,16,2048,62464
16,18,5120,62464
16,26,10240,62464
16,11,11264,62464
16,29,18432,62464
16,18,3072,64512
16,26,8192,64512
16,11,9216,64512
16,29,16384,64512
16,15,19456,64512
16,15,20480,64512
18,26,5120,67584
18,11,6144,67584
18,29,13312,67584
18,15,16384,67584
18,15,17408,67584
18,29,19456,67584
26,11,1024,72704
26,29,8192,72704
26,15,11264,72704
26,15,12288,72704
26,29,14336,72704
26,14,17408,72704
26,19,18432,72704
11,29,7168,73728
11,15,10240,73728
11,15,11264,73728
11,29,13312,73728
11,14,16384,73728
11,19,17408,73728
29,15,3072,80896
29,15,4096,80896
29,29,6144,80896
29,14,9216,80896
29,19,10240,80896
15,15,1024,83968
15,29,3072,83968
15,14,6144,83968
15,19,7168,83968
15,29,2048,84992
15,14,5120,84992
15,19,6144,84992
29,14,3072,87040
29,19,4096,87040
14,19,1024,90112
19,58,20480,91136
58,26,9216,111616
58,39,12288,111616
58,11,13312,111616
58,23,15360,111616
26,39,3072,120832
26,11,4096,120832
26,23,6144,120832
26,23,13312,120832
26,26,14336,120832
26,12,15360,120832
26,49,20480,120832
39,11,1024,123904
39,23,3072,123904
39,23,10240,123904
39,26,11264,123904
39,12,12288,123904
39,49,17408,123904
39,29,18432,123904
39,49,19456,123904
39,49,20480,123904
11,23,2048,124928
11,23,9216,124928
11,26,10240,124928
11,12,11264,124928
11,49,16384,124928
11,29,17408,124928
11,49,18432,124928
11,49,19456,124928
23,23,7168,126976
23,26,8192,126976
23,12,9216,126976
23,49,14336,126976
23,29,15360,126976
23,49,16384,126976
23,49,17408,126976
23,30,19456,126976
23,26,1024,134144
23,12,2048,134144
23,49,7168,134144
23,29,8192,134144
23,49,9216,134144
23,49,10240,134144
23,30,12288,134144
23,19,14336,134144
23,29,15360,134144
26,12,1024,135168
26,49,6144,135168
26,29,7168,135168
26,49,8192,135168
26,49,9216,135168
26,30,11264,135168
26,19,13312,135168
26,29,14336,135168
12,49,5120,136192
12,29,6144,136192
12,49,7168,136192
12,49,8192,136192
12,30,10240,136192
12,19,12288,136192
12,29,13312,136192
49,29,1024,141312
49,49,2048,141312
49,49,3072,141312
49,30,5120,141312
49,19,7168,141312
49,29,8192,141312
49,129,17408,141312
49,132,18432,141312
49,22,19456,141312
29,49,1024,142336
29,49,2048,142336
29,30,4096,142336
29,19,6144,142336
29,29,7168,142336
29,129,16384,142336
29,132,17408,142336
29,22,18432,142336
49,49,1024,143360
49,30,3072,143360
49,19,5120,143360
49,29,6144,143360
49,129,15360,143360
49,132,16384,143360
49,22,17408,143360
49,109,20480,143360
49,30,2048,144384
49,19,4096,144384
49,29,5120,144384
49,129,14336,144384
49,132,15360,144384
49,22,16384,144384
49,109,19456,144384
30,19,2048,146432
30,29,3072,146432
30,129,12288,146432
30,132,13312,146432
30,22,14336,146432
30,109,17408,146432
19,29,1024,148480
19,129,10240,148480
19,132,11264,148480
19,22,12288,148480
19,109,15360,148480
29,129,9216,149504
29,132,10240,149504
29,22,11264,149504
29,109,14336,149504
129,132,1024,158720
129,22,2048,158720
129,109,5120,158720
132,22,1024,159744
132,109,4096,159744
22,109,3072,160768
