11,122,1024,3072
11,11,2048,3072
11,13,10240,3072
11,11,17408,3072
11,11,19456,3072
122,11,1024,4096
122,13,9216,4096
122,11,16384,4096
122,11,18432,4096
11,13,8192,5120
11,11,15360,5120
11,11,17408,5120
13,11,7168,13312
13,11,9216,13312
13,13,17408,13312
13,123,18432,13312
11,11,2048,20480
11,13,10240,20480
11,123,11264,20480
11,11,17408,20480
11,11,19456,20480
11,13,8192,22528
11,123,9216,22528
11,11,15360,22528
11,11,17408,22528
11,146,19456,22528
13,123,1024,30720
13,11,7168,30720
13,11,9216,30720
13,146,11264,30720
13,13,17408,30720
123,11,6144,31744
123,11,8192,31744
123,146,10240,31744
123,13,16384,31744
11,11,2048,37888
11,146,4096,37888
11,13,10240,37888
11,165,15360,37888
11,145,18432,37888
11,11,19456,37888
11,12,20480,37888
11,146,2048,39936
11,13,8192,39936
11,165,13312,39936
11,145,16384,39936
11,11,17408,39936
11,12,18432,39936
11,24,19456,39936
11,24,20480,39936
146,13,6144,41984
146,165,11264,41984
146,145,14336,41984
146,11,15360,41984
146,12,16384,41984
146,24,17408,41984
146,24,18432,41984
146,151,19456,41984
13,165,5120,48128
13,145,8192,48128
13,11,9216,48128
13,12,10240,48128
13,24,11264,48128
13,24,12288,48128
13,151,13312,48128
13,14,15360,48128
13,24,16384,48128
13,12,17408,48128
13,10,18432,48128
165,145,3072,53248
165,11,4096,53248
165,12,5120,53248
165,24,6144,53248
165,24,7168,53248
165,151,8192,53248
165,14,10240,53248
165,24,11264,53248
165,12,12288,53248
165,10,13312,53248
165,166,17408,53248
145,11,1024,56320
145,12,2048,56320
145,24,3072,56320
145,24,4096,56320
145,151,5120,56320
145,14,7168,56320
145,24,8192,56320
145,12,9216,56320
145,10,10240,56320
145,166,14336,56320
145,11,18432,56320
145,146,19456,56320
11,12,1024,57344
11,24,2048,57344
11,24,3072,57344
11,151,4096,57344
11,14,6144,57344
11,24,7168,57344
11,12,8192,57344
11,10,9216,57344
11,166,13312,57344
11,11,17408,57344
11,146,18432,57344
11,110,20480,57344
12,24,1024,58368
12,24,2048,58368
12,151,3072,58368
12,14,5120,58368
12,24,6144,58368
12,12,7168,58368
12,10,8192,58368
12,166,12288,58368
12,11,16384,58368
12,146,17408,58368
12,110,19456,58368
24,24,1024,59392
24,151,2048,59392
24,14,4096,59392
24,24,5120,59392
24,12,6144,59392
24,10,7168,59392
24,166,11264,59392
24,11,15360,59392
24,146,16384,59392
24,110,18432,59392
24,151,1024,60416
24,14,3072,60416
24,24,4096,60416
24,12,5120,60416
24,10,6144,60416
24,166,10240,60416
24,11,14336,60416
24,146,15360,60416
24,110,17408,60416
24,14,20480,60416
151,14,2048,61440
151,24,3072,61440
151,12,4096,61440
151,10,5120,61440
151,166,9216,61440
151,11,13312,61440
151,146,14336,61440
151,110,16384,61440
151,14,19456,61440
14,24,1024,63488
14,12,2048,63488
14,10,3072,63488
14,166,7168,63488
14,11,11264,63488
14,146,12288,63488
14,110,14336,63488
14,14,17408,63488
14,20,19456,63488
14,9,20480,63488
24,12,1024,64512
24,10,2048,64512
24,166,6144,64512
24,11,10240,64512
24,146,11264,64512
24,110,13312,64512
24,14,16384,64512
24,20,18432,64512
24,9,19456,64512
12,10,1024,65536
12,166,5120,65536
12,11,9216,65536
12,146,10240,65536
12,110,12288,65536
12,14,15360,65536
12,20,17408,65536
12,9,18432,65536
10,166,4096,66560
10,11,8192,66560
10,146,9216,66560
10,110,11264,66560
10,14,14336,66560
10,20,16384,66560
10,9,17408,66560
166,11,4096,70656
166,146,5120,70656
166,110,7168,70656
166,14,10240,70656
166,20,12288,70656
166,9,13312,70656
166,27,17408,70656
166,146,19456,70656
166,146,20480,70656
11,146,1024,74752
11,110,3072,74752
11,14,6144,74752
11,20,8192,74752
11,9,9216,74752
11,27,13312,74752
11,146,15360,74752
11,146,16384,74752
11,11,17408,74752
11,217,18432,74752
11,24,19456,74752
146,110,2048,75776
146,14,5120,75776
146,20,7168,75776
146,9,8192,75776
146,27,12288,75776
146,146,14336,75776
146,146,15360,75776
146,11,16384,75776
146,217,17408,75776
146,24,18432,75776
146,12,20480,75776
110,14,3072,77824
110,20,5120,77824
110,9,6144,77824
110,27,10240,77824
110,146,12288,77824
110,146,13312,77824
110,11,14336,77824
110,217,15360,77824
110,24,16384,77824
110,12,18432,77824
110,248,19456,77824
110,14,20480,77824
14,20,2048,80896
14,9,3072,80896
14,27,7168,80896
14,146,9216,80896
14,146,10240,80896
14,11,11264,80896
14,217,12288,80896
14,24,13312,80896
14,12,15360,80896
14,248,16384,80896
14,14,17408,80896
14,149,18432,80896
14,21,19456,80896
14,10,20480,80896
20,9,1024,82944
20,27,5120,82944
20,146,7168,82944
20,146,8192,82944
20,11,9216,82944
20,217,10240,82944
20,24,11264,82944
20,12,13312,82944
20,248,14336,82944
20,14,15360,82944
20,149,16384,82944
20,21,17408,82944
20,10,18432,82944
20,215,19456,82944
9,27,4096,83968
9,146,6144,83968
9,146,7168,83968
9,11,8192,83968
9,217,9216,83968
9,24,10240,83968
9,12,12288,83968
9,248,13312,83968
9,14,14336,83968
9,149,15360,83968
9,21,16384,83968
9,10,17408,83968
9,215,18432,83968
9,290,19456,83968
27,146,2048,88064
27,146,3072,88064
27,11,4096,88064
27,217,5120,88064
27,24,6144,88064
27,12,8192,88064
27,248,9216,88064
27,14,10240,88064
27,149,11264,88064
27,21,12288,88064
27,10,13312,88064
27,215,14336,88064
27,290,15360,88064
27,61,18432,88064
146,146,1024,90112
146,11,2048,90112
146,217,3072,90112
146,24,4096,90112
146,12,6144,90112
146,248,7168,90112
146,14,8192,90112
146,149,9216,90112
146,21,10240,90112
146,10,11264,90112
146,215,12288,90112
146,290,13312,90112
146,61,16384,90112
146,11,19456,90112
146,11,1024,91136
146,217,2048,91136
146,24,3072,91136
146,12,5120,91136
146,248,6144,91136
146,14,7168,91136
146,149,8192,91136
146,21,9216,91136
146,10,10240,91136
146,215,11264,91136
146,290,12288,91136
146,61,15360,91136
146,11,18432,91136
146,48,19456,91136
11,217,1024,92160
11,24,2048,92160
11,12,4096,92160
11,248,5120,92160
11,14,6144,92160
11,149,7168,92160
11,21,8192,92160
11,10,9216,92160
11,215,10240,92160
11,290,11264,92160
11,61,14336,92160
11,11,17408,92160
11,48,18432,92160
217,24,1024,93184
217,12,3072,93184
217,248,4096,93184
217,14,5120,93184
217,149,6144,93184
217,21,7168,93184
217,10,8192,93184
217,215,9216,93184
217,290,10240,93184
217,61,13312,93184
217,11,16384,93184
217,48,17408,93184
24,12,2048,94208
24,248,3072,94208
24,14,4096,94208
24,149,5120,94208
24,21,6144,94208
24,10,7168,94208
24,215,8192,94208
24,290,9216,94208
24,61,12288,94208
24,11,15360,94208
24,48,16384,94208
24,65,20480,94208
12,248,1024,96256
12,14,2048,96256
12,149,3072,96256
12,21,4096,96256
12,10,5120,96256
12,215,6144,96256
12,290,7168,96256
12,61,10240,96256
12,11,13312,96256
12,48,14336,96256
12,65,18432,96256
12,14,19456,96256
12,10,20480,96256
248,14,1024,97280
248,149,2048,97280
248,21,3072,97280
248,10,4096,97280
248,215,5120,97280
248,290,6144,97280
248,61,9216,97280
248,11,12288,97280
248,48,13312,97280
248,65,17408,97280
248,14,18432,97280
248,10,19456,97280
248,14,20480,97280
14,149,1024,98304
14,21,2048,98304
14,10,3072,98304
14,215,4096,98304
14,290,5120,98304
14,61,8192,98304
14,11,11264,98304
14,48,12288,98304
14,65,16384,98304
14,14,17408,98304
14,10,18432,98304
14,14,19456,98304
149,21,1024,99328
149,10,2048,99328
149,215,3072,99328
149,290,4096,99328
149,61,7168,99328
149,11,10240,99328
149,48,11264,99328
149,65,15360,99328
149,14,16384,99328
149,10,17408,99328
149,14,18432,99328
149,18,20480,99328
21,10,1024,100352
21,215,2048,100352
21,290,3072,100352
21,61,6144,100352
21,11,9216,100352
21,48,10240,100352
21,65,14336,100352
21,14,15360,100352
21,10,16384,100352
21,14,17408,100352
21,18,19456,100352
10,215,1024,101376
10,290,2048,101376
10,61,5120,101376
10,11,8192,101376
10,48,9216,101376
10,65,13312,101376
10,14,14336,101376
10,10,15360,101376
10,14,16384,101376
10,18,18432,101376
215,290,1024,102400
215,61,4096,102400
215,11,7168,102400
215,48,8192,102400
215,65,12288,102400
215,14,13312,102400
215,10,14336,102400
215,14,15360,102400
215,18,17408,102400
215,15,20480,102400
290,61,3072,103424
290,11,6144,103424
290,48,7168,103424
290,65,11264,103424
290,14,12288,103424
290,10,13312,103424
290,14,14336,103424
290,18,16384,103424
290,15,19456,103424
290,15,20480,103424
61,11,3072,106496
61,48,4096,106496
61,65,8192,106496
61,14,9216,106496
61,10,10240,106496
61,14,11264,106496
61,18,13312,106496
61,15,16384,106496
61,15,17408,106496
61,160,18432,106496
61,186,19456,106496
61,11,20480,106496
11,48,1024,109568
11,65,5120,109568
11,14,6144,109568
11,10,7168,109568
11,14,8192,109568
11,18,10240,109568
11,15,13312,109568
11,15,14336,109568
11,160,15360,109568
11,186,16384,109568
11,11,17408,109568
11,97,19456,109568
48,65,4096,110592
48,14,5120,110592
48,10,6144,110592
48,14,7168,110592
48,18,9216,110592
48,15,12288,110592
48,15,13312,110592
48,160,14336,110592
48,186,15360,110592
48,11,16384,110592
48,97,18432,110592
65,14,1024,114688
65,10,2048,114688
65,14,3072,114688
65,18,5120,114688
65,15,8192,114688
65,15,9216,114688
65,160,10240,114688
65,186,11264,114688
65,11,12288,114688
65,97,14336,114688
65,21,18432,114688
65,151,19456,114688
65,13,20480,114688
14,10,1024,115712
14,14,2048,115712
14,18,4096,115712
14,15,7168,115712
14,15,8192,115712
14,160,9216,115712
14,186,10240,115712
14,11,11264,115712
14,97,13312,115712
14,21,17408,115712
14,151,18432,115712
14,13,19456,115712
14,142,20480,115712
10,14,1024,116736
10,18,3072,116736
10,15,6144,116736
10,15,7168,116736
10,160,8192,116736
10,186,9216,116736
10,11,10240,116736
10,97,12288,116736
10,21,16384,116736
10,151,17408,116736
10,13,18432,116736
10,142,19456,116736
14,18,2048,117760
14,15,5120,117760
14,15,6144,117760
14,160,7168,117760
14,186,8192,117760
14,11,9216,117760
14,97,11264,117760
14,21,15360,117760
14,151,16384,117760
14,13,17408,117760
14,142,18432,117760
18,15,3072,119808
18,15,4096,119808
18,160,5120,119808
18,186,6144,119808
18,11,7168,119808
18,97,9216,119808
18,21,13312,119808
18,151,14336,119808
18,13,15360,119808
18,142,16384,119808
15,15,1024,122880
15,160,2048,122880
15,186,3072,122880
15,11,4096,122880
15,97,6144,122880
15,21,10240,122880
15,151,11264,122880
15,13,12288,122880
15,142,13312,122880
15,71,19456,122880
15,160,1024,123904
15,186,2048,123904
15,11,3072,123904
15,97,5120,123904
15,21,9216,123904
15,151,10240,123904
15,13,11264,123904
15,142,12288,123904
15,71,18432,123904
15,11,20480,123904
160,186,1024,124928
160,11,2048,124928
160,97,4096,124928
160,21,8192,124928
160,151,9216,124928
160,13,10240,124928
160,142,11264,124928
160,71,17408,124928
160,11,19456,124928
160,153,20480,124928
186,11,1024,125952
186,97,3072,125952
186,21,7168,125952
186,151,8192,125952
186,13,9216,125952
186,142,10240,125952
186,71,16384,125952
186,11,18432,125952
186,153,19456,125952
11,97,2048,126976
11,21,6144,126976
11,151,7168,126976
11,13,8192,126976
11,142,9216,126976
11,71,15360,126976
11,11,17408,126976
11,153,18432,126976
97,21,4096,129024
97,151,5120,129024
97,13,6144,129024
97,142,7168,129024
97,71,13312,129024
97,11,15360,129024
97,153,16384,129024
97,94,19456,129024
97,91,20480,129024
21,151,1024,133120
21,13,2048,133120
21,142,3072,133120
21,71,9216,133120
21,11,11264,133120
21,153,12288,133120
21,94,15360,133120
21,91,16384,133120
21,14,17408,133120
21,195,18432,133120
21,14,19456,133120
21,10,20480,133120
151,13,1024,134144
151,142,2048,134144
151,71,8192,134144
151,11,10240,134144
151,153,11264,134144
151,94,14336,134144
151,91,15360,134144
151,14,16384,134144
151,195,17408,134144
151,14,18432,134144
151,10,19456,134144
13,142,1024,135168
13,71,7168,135168
13,11,9216,135168
13,153,10240,135168
13,94,13312,135168
13,91,14336,135168
13,14,15360,135168
13,195,16384,135168
13,14,17408,135168
13,10,18432,135168
13,97,20480,135168
142,71,6144,136192
142,11,8192,136192
142,153,9216,136192
142,94,12288,136192
142,91,13312,136192
142,14,14336,136192
142,195,15360,136192
142,14,16384,136192
142,10,17408,136192
142,97,19456,136192
71,11,2048,142336
71,153,3072,142336
71,94,6144,142336
71,91,7168,142336
71,14,8192,142336
71,195,9216,142336
71,14,10240,142336
71,10,11264,142336
71,97,13312,142336
71,93,15360,142336
71,194,16384,142336
71,185,17408,142336
71,93,18432,142336
71,11,19456,142336
11,153,1024,144384
11,94,4096,144384
11,91,5120,144384
11,14,6144,144384
11,195,7168,144384
11,14,8192,144384
11,10,9216,144384
11,97,11264,144384
11,93,13312,144384
11,194,14336,144384
11,185,15360,144384
11,93,16384,144384
11,11,17408,144384
11,185,18432,144384
153,94,3072,145408
153,91,4096,145408
153,14,5120,145408
153,195,6144,145408
153,14,7168,145408
153,10,8192,145408
153,97,10240,145408
153,93,12288,145408
153,194,13312,145408
153,185,14336,145408
153,93,15360,145408
153,11,16384,145408
153,185,17408,145408
153,185,18432,145408
94,91,1024,148480
94,14,2048,148480
94,195,3072,148480
94,14,4096,148480
94,10,5120,148480
94,97,7168,148480
94,93,9216,148480
94,194,10240,148480
94,185,11264,148480
94,93,12288,148480
94,11,13312,148480
94,185,14336,148480
94,185,15360,148480
91,14,1024,149504
91,195,2048,149504
91,14,3072,149504
91,10,4096,149504
91,97,6144,149504
91,93,8192,149504
91,194,9216,149504
91,185,10240,149504
91,93,11264,149504
91,11,12288,149504
91,185,13312,149504
91,185,14336,149504
14,195,1024,150528
14,14,2048,150528
14,10,3072,150528
14,97,5120,150528
14,93,7168,150528
14,194,8192,150528
14,185,9216,150528
14,93,10240,150528
14,11,11264,150528
14,185,12288,150528
14,185,13312,150528
195,14,1024,151552
195,10,2048,151552
195,97,4096,151552
195,93,6144,151552
195,194,7168,151552
195,185,8192,151552
195,93,9216,151552
195,11,10240,151552
195,185,11264,151552
195,185,12288,151552
14,10,1024,152576
14,97,3072,152576
14,93,5120,152576
14,194,6144,152576
14,185,7168,152576
14,93,8192,152576
14,11,9216,152576
14,185,10240,152576
14,185,11264,152576
10,97,2048,153600
10,93,4096,153600
10,194,5120,153600
10,185,6144,153600
10,93,7168,153600
10,11,8192,153600
10,185,9216,153600
10,185,10240,153600
97,93,2048,155648
97,194,3072,155648
97,185,4096,155648
97,93,5120,155648
97,11,6144,155648
97,185,7168,155648
97,185,8192,155648
93,194,1024,157696
93,185,2048,157696
93,93,3072,157696
93,11,4096,157696
93,185,5120,157696
93,185,6144,157696
194,185,1024,158720
194,93,2048,158720
194,11,3072,158720
194,185,4096,158720
194,185,5120,158720
185,93,1024,159744
185,11,2048,159744
185,185,3072,159744
185,185,4096,159744
93,11,1024,160768
93,185,2048,160768
93,185,3072,160768
11,185,1024,161792
11,185,2048,161792
185,185,1024,162816
