32,33,4096,0
32,4,5120,0
32,4,12288,0
32,4,14336,0
32,9,16384,0
32,8,19456,0
32,8,20480,0
33,4,1024,4096
33,4,8192,4096
33,4,10240,4096
33,9,12288,4096
33,8,15360,4096
33,8,16384,4096
33,8,17408,4096
4,4,7168,5120
4,4,9216,5120
4,9,11264,5120
4,8,14336,5120
4,8,15360,5120
4,8,16384,5120
4,4,2048,12288
4,9,4096,12288
4,8,7168,12288
4,8,8192,12288
4,8,9216,12288
4,14,18432,12288
4,9,2048,14336
4,8,5120,14336
4,8,6144,14336
4,8,7168,14336
4,14,16384,14336
4,13,19456,14336
4,73,20480,14336
9,8,3072,16384
9,8,4096,16384
9,8,5120,16384
9,14,14336,16384
9,13,17408,16384
9,73,18432,16384
9,20,19456,16384
9,20,20480,16384
8,8,1024,19456
8,8,2048,19456
8,14,11264,19456
8,13,14336,19456
8,73,15360,19456
8,20,16384,19456
8,20,17408,19456
8,24,19456,19456
8,16,20480,19456
8,8,1024,20480
8,14,10240,20480
8,13,13312,20480
8,73,14336,20480
8,20,15360,20480
8,20,16384,20480
8,24,18432,20480
8,16,19456,20480
8,16,20480,20480
8,14,9216,21504
8,13,12288,21504
8,73,13312,21504
8,20,14336,21504
8,20,15360,21504
8,24,17408,21504
8,16,18432,21504
8,16,19456,21504
8,25,20480,21504
14,13,3072,30720
14,73,4096,30720
14,20,5120,30720
14,20,6144,30720
14,24,8192,30720
14,16,9216,30720
14,16,10240,30720
14,25,11264,30720
14,25,12288,30720
14,25,13312,30720
14,25,14336,30720
14,20,15360,30720
14,61,16384,30720
14,25,17408,30720
13,73,1024,33792
13,20,2048,33792
13,20,3072,33792
13,24,5120,33792
13,16,6144,33792
13,16,7168,33792
13,25,8192,33792
13,25,9216,33792
13,25,10240,33792
13,25,11264,33792
13,20,12288,33792
13,61,13312,33792
13,25,14336,33792
13,25,15360,33792
73,20,1024,34816
73,20,2048,34816
73,24,4096,34816
73,16,5120,34816
73,16,6144,34816
73,25,7168,34816
73,25,8192,34816
73,25,9216,34816
73,25,10240,34816
73,20,11264,34816
73,61,12288,34816
73,25,13312,34816
73,25,14336,34816
73,5,15360,34816
20,20,1024,35840
20,24,3072,35840
20,16,4096,35840
20,16,5120,35840
20,25,6144,35840
20,25,7168,35840
20,25,8192,35840
20,25,9216,35840
20,20,10240,35840
20,61,11264,35840
20,25,12288,35840
20,25,13312,35840
20,5,14336,35840
20,60,16384,35840
20,24,2048,36864
20,16,3072,36864
20,16,4096,36864
20,25,5120,36864
20,25,6144,36864
20,25,7168,36864
20,25,8192,36864
20,20,9216,36864
20,61,10240,36864
20,25,11264,36864
20,25,12288,36864
20,5,13312,36864
20,60,15360,36864
20,20,16384,36864
24,16,1024,38912
24,16,2048,38912
24,25,3072,38912
24,25,4096,38912
24,25,5120,38912
24,25,6144,38912
24,20,7168,38912
24,61,8192,38912
24,25,9216,38912
24,25,10240,38912
24,5,11264,38912
24,60,13312,38912
24,20,14336,38912
24,60,16384,38912
16,16,1024,39936
16,25,2048,39936
16,25,3072,39936
16,25,4096,39936
16,25,5120,39936
16,20,6144,39936
16,61,7168,39936
16,25,8192,39936
16,25,9216,39936
16,5,10240,39936
16,60,12288,39936
16,20,13312,39936
16,60,15360,39936
16,25,1024,40960
16,25,2048,40960
16,25,3072,40960
16,25,4096,40960
16,20,5120,40960
16,61,6144,40960
16,25,7168,40960
16,25,8192,40960
16,5,9216,40960
16,60,11264,40960
16,20,12288,40960
16,60,14336,40960
25,25,1024,41984
25,25,2048,41984
25,25,3072,41984
25,20,4096,41984
25,61,5120,41984
25,25,6144,41984
25,25,7168,41984
25,5,8192,41984
25,60,10240,41984
25,20,11264,41984
25,60,13312,41984
25,25,1024,43008
25,25,2048,43008
25,20,3072,43008
25,61,4096,43008
25,25,5120,43008
25,25,6144,43008
25,5,7168,43008
25,60,9216,43008
25,20,10240,43008
25,60,12288,43008
25,25,1024,44032
25,20,2048,44032
25,61,3072,44032
25,25,4096,44032
25,25,5120,44032
25,5,6144,44032
25,60,8192,44032
25,20,9216,44032
25,60,11264,44032
25,20,1024,45056
25,61,2048,45056
25,25,3072,45056
25,25,4096,45056
25,5,5120,45056
25,60,7168,45056
25,20,8192,45056
25,60,10240,45056
20,61,1024,46080
20,25,2048,46080
20,25,3072,46080
20,5,4096,46080
20,60,6144,46080
20,20,7168,46080
20,60,9216,46080
61,25,1024,47104
61,25,2048,47104
61,5,3072,47104
61,60,5120,47104
61,20,6144,47104
61,60,8192,47104
25,25,1024,48128
25,5,2048,48128
25,60,4096,48128
25,20,5120,48128
25,60,7168,48128
25,5,1024,49152
25,60,3072,49152
25,20,4096,49152
25,60,6144,49152
5,60,2048,50176
5,20,3072,50176
5,60,5120,50176
5,4,20480,50176
60,20,1024,52224
60,60,3072,52224
60,4,18432,52224
20,60,2048,53248
20,4,17408,53248
60,4,15360,55296
4,5,16384,70656
4,5,18432,70656
4,55,19456,70656
5,5,2048,87040
5,55,3072,87040
5,55,1024,89088
16,6,2048,116736
16,4,6144,116736
16,16,8192,116736
16,16,11264,116736
6,4,4096,118784
6,16,6144,118784
6,16,9216,118784
4,16,2048,122880
4,16,5120,122880
4,4,20480,122880
16,16,3072,124928
16,4,18432,124928
16,57,19456,124928
16,60,20480,124928
16,4,15360,128000
16,57,16384,128000
16,60,17408,128000
16,62,18432,128000
16,61,19456,128000
16,60,20480,128000
4,57,1024,143360
4,60,2048,143360
4,62,3072,143360
4,61,4096,143360
4,60,5120,143360
4,32,9216,143360
4,32,10240,143360
4,20,11264,143360
4,27,12288,143360
4,41,13312,143360
4,41,14336,143360
4,20,15360,143360
4,72,18432,143360
4,55,19456,143360
57,60,1024,144384
57,62,2048,144384
57,61,3072,144384
57,60,4096,144384
57,32,8192,144384
57,32,9216,144384
57,20,10240,144384
57,27,11264,144384
57,41,12288,144384
57,41,13312,144384
57,20,14336,144384
57,72,17408,144384
57,55,18432,144384
57,61,20480,144384
60,62,1024,145408
60,61,2048,145408
60,60,3072,145408
60,32,7168,145408
60,32,8192,145408
60,20,9216,145408
60,27,10240,145408
60,41,11264,145408
60,41,12288,145408
60,20,13312,145408
60,72,16384,145408
60,55,17408,145408
60,61,19456,145408
60,73,20480,145408
62,61,1024,146432
62,60,2048,146432
62,32,6144,146432
62,32,7168,146432
62,20,8192,146432
62,27,9216,146432
62,41,10240,146432
62,41,11264,146432
62,20,12288,146432
62,72,15360,146432
62,55,16384,146432
62,61,18432,146432
62,73,19456,146432
61,60,1024,147456
61,32,5120,147456
61,32,6144,147456
61,20,7168,147456
61,27,8192,147456
61,41,9216,147456
61,41,10240,147456
61,20,11264,147456
61,72,14336,147456
61,55,15360,147456
61,61,17408,147456
61,73,18432,147456
60,32,4096,148480
60,32,5120,148480
60,20,6144,148480
60,27,7168,148480
60,41,8192,148480
60,41,9216,148480
60,20,10240,148480
60,72,13312,148480
60,55,14336,148480
60,61,16384,148480
60,73,17408,148480
32,32,1024,152576
32,20,2048,152576
32,27,3072,152576
32,41,4096,152576
32,41,5120,152576
32,20,6144,152576
32,72,9216,152576
32,55,10240,152576
32,61,12288,152576
32,73,13312,152576
32,4,20480,152576
32,20,1024,153600
32,27,2048,153600
32,41,3072,153600
32,41,4096,153600
32,20,5120,153600
32,72,8192,153600
32,55,9216,153600
32,61,11264,153600
32,73,12288,153600
32,4,19456,153600
20,27,1024,154624
20,41,2048,154624
20,41,3072,154624
20,20,4096,154624
20,72,7168,154624
20,55,8192,154624
20,61,10240,154624
20,73,11264,154624
20,4,18432,154624
27,41,1024,155648
27,41,2048,155648
27,20,3072,155648
27,72,6144,155648
27,55,7168,155648
27,61,9216,155648
27,73,10240,155648
27,4,17408,155648
41,41,1024,156672
41,20,2048,156672
41,72,5120,156672
41,55,6144,156672
41,61,8192,156672
41,73,9216,156672
41,4,16384,156672
41,24,20480,156672
41,20,1024,157696
41,72,4096,157696
41,55,5120,157696
41,61,7168,157696
41,73,8192,157696
41,4,15360,157696
41,24,19456,157696
20,72,3072,158720
20,55,4096,158720
20,61,6144,158720
20,73,7168,158720
20,4,14336,158720
20,24,18432,158720
20,6,20480,158720
72,55,1024,161792
72,61,3072,161792
72,73,4096,161792
72,4,11264,161792
72,24,15360,161792
72,6,17408,161792
72,20,18432,161792
72,61,19456,161792
72,24,20480,161792
55,61,2048,162816
55,73,3072,162816
55,4,10240,162816
55,24,14336,162816
55,6,16384,162816
55,20,17408,162816
55,61,18432,162816
55,24,19456,162816
61,73,1024,164864
61,4,8192,164864
61,24,12288,164864
61,6,14336,164864
61,20,15360,164864
61,61,16384,164864
61,24,17408,164864
61,16,20480,164864
73,4,7168,165888
73,24,11264,165888
73,6,13312,165888
73,20,14336,165888
73,61,15360,165888
73,24,16384,165888
73,16,19456,165888
4,24,4096,173056
4,6,6144,173056
4,20,7168,173056
4,61,8192,173056
4,24,9216,173056
4,16,12288,173056
4,24,14336,173056
4,24,15360,173056
4,56,16384,173056
4,60,17408,173056
4,60,18432,173056
4,59,19456,173056
4,60,20480,173056
24,6,2048,177152
24,20,3072,177152
24,61,4096,177152
24,24,5120,177152
24,16,8192,177152
24,24,10240,177152
24,24,11264,177152
24,56,12288,177152
24,60,13312,177152
24,60,14336,177152
24,59,15360,177152
24,60,16384,177152
24,4,18432,177152
24,4,20480,177152
6,20,1024,179200
6,61,2048,179200
6,24,3072,179200
6,16,6144,179200
6,24,8192,179200
6,24,9216,179200
6,56,10240,179200
6,60,11264,179200
6,60,12288,179200
6,59,13312,179200
6,60,14336,179200
6,4,16384,179200
6,4,18432,179200
6,60,19456,179200
20,61,1024,180224
20,24,2048,180224
20,16,5120,180224
20,24,7168,180224
20,24,8192,180224
20,56,9216,180224
20,60,10240,180224
20,60,11264,180224
20,59,12288,180224
20,60,13312,180224
20,4,15360,180224
20,4,17408,180224
20,60,18432,180224
20,60,19456,180224
61,24,1024,181248
61,16,4096,181248
61,24,6144,181248
61,24,7168,181248
61,56,8192,181248
61,60,9216,181248
61,60,10240,181248
61,59,11264,181248
61,60,12288,181248
61,4,14336,181248
61,4,16384,181248
61,60,17408,181248
61,60,18432,181248
24,16,3072,182272
24,24,5120,182272
24,24,6144,182272
24,56,7168,182272
24,60,8192,182272
24,60,9216,182272
24,59,10240,182272
24,60,11264,182272
24,4,13312,182272
24,4,15360,182272
24,60,16384,182272
24,60,17408,182272
16,24,2048,185344
16,24,3072,185344
16,56,4096,185344
16,60,5120,185344
16,60,6144,185344
16,59,7168,185344
16,60,8192,185344
16,4,10240,185344
16,4,12288,185344
16,60,13312,185344
16,60,14336,185344
16,36,19456,185344
24,24,1024,187392
24,56,2048,187392
24,60,3072,187392
24,60,4096,187392
24,59,5120,187392
24,60,6144,187392
24,4,8192,187392
24,4,10240,187392
24,60,11264,187392
24,60,12288,187392
24,36,17408,187392
24,56,1024,188416
24,60,2048,188416
24,60,3072,188416
24,59,4096,188416
24,60,5120,188416
24,4,7168,188416
24,4,9216,188416
24,60,10240,188416
24,60,11264,188416
24,36,16384,188416
56,60,1024,189440
56,60,2048,189440
56,59,3072,189440
56,60,4096,189440
56,4,6144,189440
56,4,8192,189440
56,60,9216,189440
56,60,10240,189440
56,36,15360,189440
60,60,1024,190464
60,59,2048,190464
60,60,3072,190464
60,4,5120,190464
60,4,7168,190464
60,60,8192,190464
60,60,9216,190464
60,36,14336,190464
60,59,1024,191488
60,60,2048,191488
60,4,4096,191488
60,4,6144,191488
60,60,7168,191488
60,60,8192,191488
60,36,13312,191488
59,60,1024,192512
59,4,3072,192512
59,4,5120,192512
59,60,6144,192512
59,60,7168,192512
59,36,12288,192512
60,4,2048,193536
60,4,4096,193536
60,60,5120,193536
60,60,6144,193536
60,36,11264,193536
4,4,2048,195584
4,60,3072,195584
4,60,4096,195584
4,36,9216,195584
4,48,20480,195584
4,60,1024,197632
4,60,2048,197632
4,36,7168,197632
4,48,18432,197632
60,60,1024,198656
60,36,6144,198656
60,48,17408,198656
60,55,20480,198656
60,36,5120,199680
60,48,16384,199680
60,55,19456,199680
36,48,11264,204800
36,55,14336,204800
48,55,3072,216064
48,55,10240,216064
48,55,11264,216064
48,5,15360,216064
48,6,17408,216064
48,18,20480,216064
55,55,7168,219136
55,55,8192,219136
55,5,12288,219136
55,6,14336,219136
55,18,17408,219136
55,55,1024,226304
55,5,5120,226304
55,6,7168,226304
55,18,10240,226304
55,5,4096,227328
55,6,6144,227328
55,18,9216,227328
5,6,2048,231424
5,18,5120,231424
5,6,20480,231424
6,18,3072,233472
6,6,18432,233472
18,6,15360,236544
18,12,18432,236544
18,12,19456,236544
6,12,3072,251904
6,12,4096,251904
12,12,1024,254976
14,14,1024,277504
14,32,2048,277504
14,50,3072,277504
14,16,4096,277504
14,4,6144,277504
14,71,11264,277504
14,61,12288,277504
14,60,13312,277504
14,60,14336,277504
14,21,17408,277504
14,21,18432,277504
14,18,20480,277504
14,32,1024,278528
14,50,2048,278528
14,16,3072,278528
14,4,5120,278528
14,71,10240,278528
14,61,11264,278528
14,60,12288,278528
14,60,13312,278528
14,21,16384,278528
14,21,17408,278528
14,18,19456,278528
14,18,20480,278528
32,50,1024,279552
32,16,2048,279552
32,4,4096,279552
32,71,9216,279552
32,61,10240,279552
32,60,11264,279552
32,60,12288,279552
32,21,15360,279552
32,21,16384,279552
32,18,18432,279552
32,18,19456,279552
50,16,1024,280576
50,4,3072,280576
50,71,8192,280576
50,61,9216,280576
50,60,10240,280576
50,60,11264,280576
50,21,14336,280576
50,21,15360,280576
50,18,17408,280576
50,18,18432,280576
50,16,20480,280576
16,4,2048,281600
16,71,7168,281600
16,61,8192,281600
16,60,9216,281600
16,60,10240,281600
16,21,13312,281600
16,21,14336,281600
16,18,16384,281600
16,18,17408,281600
16,16,19456,281600
16,20,20480,281600
4,71,5120,283648
4,61,6144,283648
4,60,7168,283648
4,60,8192,283648
4,21,11264,283648
4,21,12288,283648
4,18,14336,283648
4,18,15360,283648
4,16,17408,283648
4,20,18432,283648
4,48,20480,283648
71,61,1024,288768
71,60,2048,288768
71,60,3072,288768
71,21,6144,288768
71,21,7168,288768
71,18,9216,288768
71,18,10240,288768
71,16,12288,288768
71,20,13312,288768
71,48,15360,288768
71,16,17408,288768
61,60,1024,289792
61,60,2048,289792
61,21,5120,289792
61,21,6144,289792
61,18,8192,289792
61,18,9216,289792
61,16,11264,289792
61,20,12288,289792
61,48,14336,289792
61,16,16384,289792
60,60,1024,290816
60,21,4096,290816
60,21,5120,290816
60,18,7168,290816
60,18,8192,290816
60,16,10240,290816
60,20,11264,290816
60,48,13312,290816
60,16,15360,290816
60,21,3072,291840
60,21,4096,291840
60,18,6144,291840
60,18,7168,291840
60,16,9216,291840
60,20,10240,291840
60,48,12288,291840
60,16,14336,291840
21,21,1024,294912
21,18,3072,294912
21,18,4096,294912
21,16,6144,294912
21,20,7168,294912
21,48,9216,294912
21,16,11264,294912
21,18,2048,295936
21,18,3072,295936
21,16,5120,295936
21,20,6144,295936
21,48,8192,295936
21,16,10240,295936
18,18,1024,297984
18,16,3072,297984
18,20,4096,297984
18,48,6144,297984
18,16,8192,297984
18,16,2048,299008
18,20,3072,299008
18,48,5120,299008
18,16,7168,299008
16,20,1024,301056
16,48,3072,301056
16,16,5120,301056
20,48,2048,302080
20,16,4096,302080
48,16,2048,304128
48,4,20480,304128
16,4,18432,306176
4,8,3072,324608
4,8,4096,324608
8,8,1024,327680
