20,48,1024,1024
20,26,9216,1024
20,20,13312,1024
20,23,17408,1024
20,23,18432,1024
20,24,19456,1024
48,26,8192,2048
48,20,12288,2048
48,23,16384,2048
48,23,17408,2048
48,24,18432,2048
48,25,20480,2048
26,20,4096,10240
26,23,8192,10240
26,23,9216,10240
26,24,10240,10240
26,25,12288,10240
26,26,13312,10240
26,52,15360,10240
26,26,16384,10240
20,23,4096,14336
20,23,5120,14336
20,24,6144,14336
20,25,8192,14336
20,26,9216,14336
20,52,11264,14336
20,26,12288,14336
20,21,20480,14336
23,23,1024,18432
23,24,2048,18432
23,25,4096,18432
23,26,5120,18432
23,52,7168,18432
23,26,8192,18432
23,21,16384,18432
23,20,17408,18432
23,21,18432,18432
23,23,19456,18432
23,24,1024,19456
23,25,3072,19456
23,26,4096,19456
23,52,6144,19456
23,26,7168,19456
23,21,15360,19456
23,20,16384,19456
23,21,17408,19456
23,23,18432,19456
24,25,2048,20480
24,26,3072,20480
24,52,5120,20480
24,26,6144,20480
24,21,14336,20480
24,20,15360,20480
24,21,16384,20480
24,23,17408,20480
25,26,1024,22528
25,52,3072,22528
25,26,4096,22528
25,21,12288,22528
25,20,13312,22528
25,21,14336,22528
25,23,15360,22528
25,22,20480,22528
26,52,2048,23552
26,26,3072,23552
26,21,11264,23552
26,20,12288,23552
26,21,13312,23552
26,23,14336,23552
26,22,19456,23552
52,26,1024,25600
52,21,9216,25600
52,20,10240,25600
52,21,11264,25600
52,23,12288,25600
52,22,17408,25600
52,21,20480,25600
26,21,8192,26624
26,20,9216,26624
26,21,10240,26624
26,23,11264,26624
26,22,16384,26624
26,21,19456,26624
26,24,20480,26624
21,20,1024,34816
21,21,2048,34816
21,23,3072,34816
21,22,8192,34816
21,21,11264,34816
21,24,12288,34816
21,25,15360,34816
21,21,17408,34816
21,22,18432,34816
20,21,1024,35840
20,23,2048,35840
20,22,7168,35840
20,21,10240,35840
20,24,11264,35840
20,25,14336,35840
20,21,16384,35840
20,22,17408,35840
20,25,20480,35840
21,23,1024,36864
21,22,6144,36864
21,21,9216,36864
21,24,10240,36864
21,25,13312,36864
21,21,15360,36864
21,22,16384,36864
21,25,19456,36864
23,22,5120,37888
23,21,8192,37888
23,24,9216,37888
23,25,12288,37888
23,21,14336,37888
23,22,15360,37888
23,25,18432,37888
22,21,3072,43008
22,24,4096,43008
22,25,7168,43008
22,21,9216,43008
22,22,10240,43008
22,25,13312,43008
22,21,16384,43008
22,24,17408,43008
22,23,18432,43008
22,24,19456,43008
22,26,20480,43008
21,24,1024,46080
21,25,4096,46080
21,21,6144,46080
21,22,7168,46080
21,25,10240,46080
21,21,13312,46080
21,24,14336,46080
21,23,15360,46080
21,24,16384,46080
21,26,17408,46080
24,25,3072,47104
24,21,5120,47104
24,22,6144,47104
24,25,9216,47104
24,21,12288,47104
24,24,13312,47104
24,23,14336,47104
24,24,15360,47104
24,26,16384,47104
25,21,2048,50176
25,22,3072,50176
25,25,6144,50176
25,21,9216,50176
25,24,10240,50176
25,23,11264,50176
25,24,12288,50176
25,26,13312,50176
21,22,1024,52224
21,25,4096,52224
21,21,7168,52224
21,24,8192,52224
21,23,9216,52224
21,24,10240,52224
21,26,11264,52224
22,25,3072,53248
22,21,6144,53248
22,24,7168,53248
22,23,8192,53248
22,24,9216,53248
22,26,10240,53248
25,21,3072,56320
25,24,4096,56320
25,23,5120,56320
25,24,6144,56320
25,26,7168,56320
21,24,1024,59392
21,23,2048,59392
21,24,3072,59392
21,26,4096,59392
21,27,18432,59392
21,26,19456,59392
21,26,20480,59392
24,23,1024,60416
24,24,2048,60416
24,26,3072,60416
24,27,17408,60416
24,26,18432,60416
24,26,19456,60416
24,26,20480,60416
23,24,1024,61440
23,26,2048,61440
23,27,16384,61440
23,26,17408,61440
23,26,18432,61440
23,26,19456,61440
23,25,20480,61440
24,26,1024,62464
24,27,15360,62464
24,26,16384,62464
24,26,17408,62464
24,26,18432,62464
24,25,19456,62464
24,23,20480,62464
26,27,14336,63488
26,26,15360,63488
26,26,16384,63488
26,26,17408,63488
26,25,18432,63488
26,23,19456,63488
27,26,1024,77824
27,26,2048,77824
27,26,3072,77824
27,25,4096,77824
27,23,5120,77824
27,23,8192,77824
27,20,17408,77824
26,26,1024,78848
26,26,2048,78848
26,25,3072,78848
26,23,4096,78848
26,23,7168,78848
26,20,16384,78848
26,26,1024,79872
26,25,2048,79872
26,23,3072,79872
26,23,6144,79872
26,20,15360,79872
26,25,1024,80896
26,23,2048,80896
26,23,5120,80896
26,20,14336,80896
25,23,1024,81920
25,23,4096,81920
25,20,13312,81920
25,26,20480,81920
23,23,3072,82944
23,20,12288,82944
23,26,19456,82944
23,28,20480,82944
23,20,9216,86016
23,26,16384,86016
23,28,17408,86016
23,27,18432,86016
20,26,7168,95232
20,28,8192,95232
20,27,9216,95232
20,82,12288,95232
20,20,13312,95232
20,25,14336,95232
20,63,15360,95232
20,103,16384,95232
20,35,19456,95232
26,28,1024,102400
26,27,2048,102400
26,82,5120,102400
26,20,6144,102400
26,25,7168,102400
26,63,8192,102400
26,103,9216,102400
26,35,12288,102400
26,79,17408,102400
26,80,17408,102400
26,20,19456,102400
26,78,20480,102400
26,82,20480,102400
28,27,1024,103424
28,82,4096,103424
28,20,5120,103424
28,25,6144,103424
28,63,7168,103424
28,103,8192,103424
28,35,11264,103424
28,79,16384,103424
28,80,16384,103424
28,20,18432,103424
28,78,19456,103424
28,82,19456,103424
28,77,20480,103424
27,82,3072,104448
27,20,4096,104448
27,25,5120,104448
27,63,6144,104448
27,103,7168,104448
27,35,10240,104448
27,79,15360,104448
27,80,15360,104448
27,20,17408,104448
27,78,18432,104448
27,82,18432,104448
27,77,19456,104448
82,20,1024,107520
82,25,2048,107520
82,63,3072,107520
82,103,4096,107520
82,35,7168,107520
82,79,12288,107520
82,80,12288,107520
82,20,14336,107520
82,78,15360,107520
82,82,15360,107520
82,77,16384,107520
20,25,1024,108544
20,63,2048,108544
20,103,3072,108544
20,35,6144,108544
20,79,11264,108544
20,80,11264,108544
20,20,13312,108544
20,78,14336,108544
20,82,14336,108544
20,77,15360,108544
20,22,20480,108544
25,63,1024,109568
25,103,2048,109568
25,35,5120,109568
25,79,10240,109568
25,80,10240,109568
25,20,12288,109568
25,78,13312,109568
25,82,13312,109568
25,77,14336,109568
25,22,19456,109568
63,103,1024,110592
63,35,4096,110592
63,79,9216,110592
63,80,9216,110592
63,20,11264,110592
63,78,12288,110592
63,82,12288,110592
63,77,13312,110592
63,22,18432,110592
103,35,3072,111616
103,79,8192,111616
103,80,8192,111616
103,20,10240,111616
103,78,11264,111616
103,82,11264,111616
103,77,12288,111616
103,22,17408,111616
35,79,5120,114688
35,80,5120,114688
35,20,7168,114688
35,78,8192,114688
35,82,8192,114688
35,77,9216,114688
35,22,14336,114688
79,80,0,119808
79,20,2048,119808
79,78,3072,119808
79,82,3072,119808
79,77,4096,119808
79,22,9216,119808
79,24,16384,119808
79,31,17408,119808
79,35,19456,119808
79,69,19456,119808
79,35,20480,119808
80,20,2048,119808
80,78,3072,119808
80,82,3072,119808
80,77,4096,119808
80,22,9216,119808
80,24,16384,119808
80,31,17408,119808
80,35,19456,119808
80,69,19456,119808
80,35,20480,119808
20,78,1024,121856
20,82,1024,121856
20,77,2048,121856
20,22,7168,121856
20,24,14336,121856
20,31,15360,121856
20,35,17408,121856
20,69,17408,121856
20,35,18432,121856
78,82,0,122880
78,77,1024,122880
78,22,6144,122880
78,24,13312,122880
78,31,14336,122880
78,35,16384,122880
78,69,16384,122880
78,35,17408,122880
82,77,1024,122880
82,22,6144,122880
82,24,13312,122880
82,31,14336,122880
82,35,16384,122880
82,69,16384,122880
82,35,17408,122880
77,22,5120,123904
77,24,12288,123904
77,31,13312,123904
77,35,15360,123904
77,69,15360,123904
77,35,16384,123904
22,24,7168,129024
22,31,8192,129024
22,35,10240,129024
22,69,10240,129024
22,35,11264,129024
22,82,20480,129024
24,31,1024,136192
24,35,3072,136192
24,69,3072,136192
24,35,4096,136192
24,82,13312,136192
24,83,14336,136192
24,81,15360,136192
31,35,2048,137216
31,69,2048,137216
31,35,3072,137216
31,82,12288,137216
31,83,13312,137216
31,81,14336,137216
31,84,20480,137216
35,69,0,139264
35,35,1024,139264
35,82,10240,139264
35,83,11264,139264
35,81,12288,139264
35,84,18432,139264
69,35,1024,139264
69,82,10240,139264
69,83,11264,139264
69,81,12288,139264
69,84,18432,139264
35,82,9216,140288
35,83,10240,140288
35,81,11264,140288
35,84,17408,140288
82,83,1024,149504
82,81,2048,149504
82,84,8192,149504
82,26,12288,149504
82,52,12288,149504
82,27,13312,149504
82,92,15360,149504
82,102,16384,149504
83,81,1024,150528
83,84,7168,150528
83,26,11264,150528
83,52,11264,150528
83,27,12288,150528
83,92,14336,150528
83,102,15360,150528
81,84,6144,151552
81,26,10240,151552
81,52,10240,151552
81,27,11264,151552
81,92,13312,151552
81,102,14336,151552
84,26,4096,157696
84,52,4096,157696
84,27,5120,157696
84,92,7168,157696
84,102,8192,157696
84,113,15360,157696
84,81,18432,157696
84,80,19456,157696
84,78,20480,157696
26,52,0,161792
26,27,1024,161792
26,92,3072,161792
26,102,4096,161792
26,113,11264,161792
26,81,14336,161792
26,80,15360,161792
26,78,16384,161792
52,27,1024,161792
52,92,3072,161792
52,102,4096,161792
52,113,11264,161792
52,81,14336,161792
52,80,15360,161792
52,78,16384,161792
27,92,2048,162816
27,102,3072,162816
27,113,10240,162816
27,81,13312,162816
27,80,14336,162816
27,78,15360,162816
27,115,20480,162816
92,102,1024,164864
92,113,8192,164864
92,81,11264,164864
92,80,12288,164864
92,78,13312,164864
92,115,18432,164864
92,39,20480,164864
92,40,20480,164864
102,113,7168,165888
102,81,10240,165888
102,80,11264,165888
102,78,12288,165888
102,115,17408,165888
102,39,19456,165888
102,40,19456,165888
113,81,3072,173056
113,80,4096,173056
113,78,5120,173056
113,115,10240,173056
113,39,12288,173056
113,40,12288,173056
113,32,16384,173056
113,30,17408,173056
113,31,18432,173056
113,26,20480,173056
81,80,1024,176128
81,78,2048,176128
81,115,7168,176128
81,39,9216,176128
81,40,9216,176128
81,32,13312,176128
81,30,14336,176128
81,31,15360,176128
81,26,17408,176128
81,26,19456,176128
80,78,1024,177152
80,115,6144,177152
80,39,8192,177152
80,40,8192,177152
80,32,12288,177152
80,30,13312,177152
80,31,14336,177152
80,26,16384,177152
80,26,18432,177152
78,115,5120,178176
78,39,7168,178176
78,40,7168,178176
78,32,11264,178176
78,30,12288,178176
78,31,13312,178176
78,26,15360,178176
78,26,17408,178176
115,39,2048,183296
115,40,2048,183296
115,32,6144,183296
115,30,7168,183296
115,31,8192,183296
115,26,10240,183296
115,26,12288,183296
115,118,17408,183296
115,78,18432,183296
115,120,18432,183296
115,20,19456,183296
115,82,19456,183296
115,78,20480,183296
39,40,0,185344
39,32,4096,185344
39,30,5120,185344
39,31,6144,185344
39,26,8192,185344
39,26,10240,185344
39,118,15360,185344
39,78,16384,185344
39,120,16384,185344
39,20,17408,185344
39,82,17408,185344
39,78,18432,185344
39,76,19456,185344
39,115,19456,185344
40,32,4096,185344
40,30,5120,185344
40,31,6144,185344
40,26,8192,185344
40,26,10240,185344
40,118,15360,185344
40,78,16384,185344
40,120,16384,185344
40,20,17408,185344
40,82,17408,185344
40,78,18432,185344
40,76,19456,185344
40,115,19456,185344
32,30,1024,189440
32,31,2048,189440
32,26,4096,189440
32,26,6144,189440
32,118,11264,189440
32,78,12288,189440
32,120,12288,189440
32,20,13312,189440
32,82,13312,189440
32,78,14336,189440
32,76,15360,189440
32,115,15360,189440
30,31,1024,190464
30,26,3072,190464
30,26,5120,190464
30,118,10240,190464
30,78,11264,190464
30,120,11264,190464
30,20,12288,190464
30,82,12288,190464
30,78,13312,190464
30,76,14336,190464
30,115,14336,190464
31,26,2048,191488
31,26,4096,191488
31,118,9216,191488
31,78,10240,191488
31,120,10240,191488
31,20,11264,191488
31,82,11264,191488
31,78,12288,191488
31,76,13312,191488
31,115,13312,191488
26,26,2048,193536
26,118,7168,193536
26,78,8192,193536
26,120,8192,193536
26,20,9216,193536
26,82,9216,193536
26,78,10240,193536
26,76,11264,193536
26,115,11264,193536
26,118,5120,195584
26,78,6144,195584
26,120,6144,195584
26,20,7168,195584
26,82,7168,195584
26,78,8192,195584
26,76,9216,195584
26,115,9216,195584
26,28,19456,195584
26,27,20480,195584
118,78,1024,200704
118,120,1024,200704
118,20,2048,200704
118,82,2048,200704
118,78,3072,200704
118,76,4096,200704
118,115,4096,200704
118,28,14336,200704
118,27,15360,200704
118,63,18432,200704
78,120,0,201728
78,20,1024,201728
78,82,1024,201728
78,78,2048,201728
78,76,3072,201728
78,115,3072,201728
78,28,13312,201728
78,27,14336,201728
78,63,17408,201728
78,35,20480,201728
120,20,1024,201728
120,82,1024,201728
120,78,2048,201728
120,76,3072,201728
120,115,3072,201728
120,28,13312,201728
120,27,14336,201728
120,63,17408,201728
120,35,20480,201728
20,82,0,202752
20,78,1024,202752
20,76,2048,202752
20,115,2048,202752
20,28,12288,202752
20,27,13312,202752
20,63,16384,202752
20,35,19456,202752
82,78,1024,202752
82,76,2048,202752
82,115,2048,202752
82,28,12288,202752
82,27,13312,202752
82,63,16384,202752
82,35,19456,202752
78,76,1024,203776
78,115,1024,203776
78,28,11264,203776
78,27,12288,203776
78,63,15360,203776
78,35,18432,203776
76,115,0,204800
76,28,10240,204800
76,27,11264,204800
76,63,14336,204800
76,35,17408,204800
115,28,10240,204800
115,27,11264,204800
115,63,14336,204800
115,35,17408,204800
28,27,1024,215040
28,63,4096,215040
28,35,7168,215040
28,78,15360,215040
28,76,16384,215040
28,77,17408,215040
28,34,18432,215040
27,63,3072,216064
27,35,6144,216064
27,78,14336,216064
27,76,15360,216064
27,77,16384,216064
27,34,17408,216064
63,35,3072,219136
63,78,11264,219136
63,76,12288,219136
63,77,13312,219136
63,34,14336,219136
35,78,8192,222208
35,76,9216,222208
35,77,10240,222208
35,34,11264,222208
35,27,19456,222208
35,55,19456,222208
35,26,20480,222208
35,78,20480,222208
78,76,1024,230400
78,77,2048,230400
78,34,3072,230400
78,27,11264,230400
78,55,11264,230400
78,26,12288,230400
78,78,12288,230400
78,26,13312,230400
78,51,13312,230400
78,27,14336,230400
78,36,16384,230400
78,35,18432,230400
78,35,19456,230400
76,77,1024,231424
76,34,2048,231424
76,27,10240,231424
76,55,10240,231424
76,26,11264,231424
76,78,11264,231424
76,26,12288,231424
76,51,12288,231424
76,27,13312,231424
76,36,15360,231424
76,35,17408,231424
76,35,18432,231424
77,34,1024,232448
77,27,9216,232448
77,55,9216,232448
77,26,10240,232448
77,78,10240,232448
77,26,11264,232448
77,51,11264,232448
77,27,12288,232448
77,36,14336,232448
77,35,16384,232448
77,35,17408,232448
34,27,8192,233472
34,55,8192,233472
34,26,9216,233472
34,78,9216,233472
34,26,10240,233472
34,51,10240,233472
34,27,11264,233472
34,36,13312,233472
34,35,15360,233472
34,35,16384,233472
27,55,0,241664
27,26,1024,241664
27,78,1024,241664
27,26,2048,241664
27,51,2048,241664
27,27,3072,241664
27,36,5120,241664
27,35,7168,241664
27,35,8192,241664
27,82,15360,241664
27,80,16384,241664
27,81,17408,241664
55,26,1024,241664
55,78,1024,241664
55,26,2048,241664
55,51,2048,241664
55,27,3072,241664
55,36,5120,241664
55,35,7168,241664
55,35,8192,241664
55,82,15360,241664
55,80,16384,241664
55,81,17408,241664
26,78,0,242688
26,26,1024,242688
26,51,1024,242688
26,27,2048,242688
26,36,4096,242688
26,35,6144,242688
26,35,7168,242688
26,82,14336,242688
26,80,15360,242688
26,81,16384,242688
78,26,1024,242688
78,51,1024,242688
78,27,2048,242688
78,36,4096,242688
78,35,6144,242688
78,35,7168,242688
78,82,14336,242688
78,80,15360,242688
78,81,16384,242688
26,51,0,243712
26,27,1024,243712
26,36,3072,243712
26,35,5120,243712
26,35,6144,243712
26,82,13312,243712
26,80,14336,243712
26,81,15360,243712
51,27,1024,243712
51,36,3072,243712
51,35,5120,243712
51,35,6144,243712
51,82,13312,243712
51,80,14336,243712
51,81,15360,243712
27,36,2048,244736
27,35,4096,244736
27,35,5120,244736
27,82,12288,244736
27,80,13312,244736
27,81,14336,244736
27,27,20480,244736
36,35,2048,246784
36,35,3072,246784
36,82,10240,246784
36,80,11264,246784
36,81,12288,246784
36,27,18432,246784
35,35,1024,248832
35,82,8192,248832
35,80,9216,248832
35,81,10240,248832
35,27,16384,248832
35,82,7168,249856
35,80,8192,249856
35,81,9216,249856
35,27,15360,249856
35,28,20480,249856
82,80,1024,257024
82,81,2048,257024
82,27,8192,257024
82,28,13312,257024
82,60,15360,257024
82,70,16384,257024
82,104,16384,257024
82,39,20480,257024
80,81,1024,258048
80,27,7168,258048
80,28,12288,258048
80,60,14336,258048
80,70,15360,258048
80,104,15360,258048
80,39,19456,258048
81,27,6144,259072
81,28,11264,259072
81,60,13312,259072
81,70,14336,259072
81,104,14336,259072
81,39,18432,259072
27,28,5120,265216
27,60,7168,265216
27,70,8192,265216
27,104,8192,265216
27,39,12288,265216
27,81,18432,265216
27,77,20480,265216
28,60,2048,270336
28,70,3072,270336
28,104,3072,270336
28,39,7168,270336
28,81,13312,270336
28,77,15360,270336
28,77,16384,270336
28,94,20480,270336
60,70,1024,272384
60,104,1024,272384
60,39,5120,272384
60,81,11264,272384
60,77,13312,272384
60,77,14336,272384
60,94,18432,272384
60,103,19456,272384
60,104,20480,272384
70,104,0,273408
70,39,4096,273408
70,81,10240,273408
70,77,12288,273408
70,77,13312,273408
70,94,17408,273408
70,103,18432,273408
70,104,19456,273408
104,39,4096,273408
104,81,10240,273408
104,77,12288,273408
104,77,13312,273408
104,94,17408,273408
104,103,18432,273408
104,104,19456,273408
39,81,6144,277504
39,77,8192,277504
39,77,9216,277504
39,94,13312,277504
39,103,14336,277504
39,104,15360,277504
39,20,19456,277504
81,77,2048,283648
81,77,3072,283648
81,94,7168,283648
81,103,8192,283648
81,104,9216,283648
81,20,13312,283648
81,103,16384,283648
81,32,17408,283648
81,32,18432,283648
81,33,19456,283648
77,77,1024,285696
77,94,5120,285696
77,103,6144,285696
77,104,7168,285696
77,20,11264,285696
77,103,14336,285696
77,32,15360,285696
77,32,16384,285696
77,33,17408,285696
77,119,19456,285696
77,94,4096,286720
77,103,5120,286720
77,104,6144,286720
77,20,10240,286720
77,103,13312,286720
77,32,14336,286720
77,32,15360,286720
77,33,16384,286720
77,119,18432,286720
77,39,20480,286720
94,103,1024,290816
94,104,2048,290816
94,20,6144,290816
94,103,9216,290816
94,32,10240,290816
94,32,11264,290816
94,33,12288,290816
94,119,14336,290816
94,39,16384,290816
94,20,19456,290816
94,32,20480,290816
103,104,1024,291840
103,20,5120,291840
103,103,8192,291840
103,32,9216,291840
103,32,10240,291840
103,33,11264,291840
103,119,13312,291840
103,39,15360,291840
103,20,18432,291840
103,32,19456,291840
103,31,20480,291840
103,63,20480,291840
104,20,4096,292864
104,103,7168,292864
104,32,8192,292864
104,32,9216,292864
104,33,10240,292864
104,119,12288,292864
104,39,14336,292864
104,20,17408,292864
104,32,18432,292864
104,31,19456,292864
104,63,19456,292864
104,31,20480,292864
104,62,20480,292864
104,94,20480,292864
20,103,3072,296960
20,32,4096,296960
20,32,5120,296960
20,33,6144,296960
20,119,8192,296960
20,39,10240,296960
20,20,13312,296960
20,32,14336,296960
20,31,15360,296960
20,63,15360,296960
20,31,16384,296960
20,62,16384,296960
20,94,16384,296960
20,33,18432,296960
103,32,1024,300032
103,32,2048,300032
103,33,3072,300032
103,119,5120,300032
103,39,7168,300032
103,20,10240,300032
103,32,11264,300032
103,31,12288,300032
103,63,12288,300032
103,31,13312,300032
103,62,13312,300032
103,94,13312,300032
103,33,15360,300032
103,35,16384,300032
32,32,1024,301056
32,33,2048,301056
32,119,4096,301056
32,39,6144,301056
32,20,9216,301056
32,32,10240,301056
32,31,11264,301056
32,63,11264,301056
32,31,12288,301056
32,62,12288,301056
32,94,12288,301056
32,33,14336,301056
32,35,15360,301056
32,70,15360,301056
32,33,1024,302080
32,119,3072,302080
32,39,5120,302080
32,20,8192,302080
32,32,9216,302080
32,31,10240,302080
32,63,10240,302080
32,31,11264,302080
32,62,11264,302080
32,94,11264,302080
32,33,13312,302080
32,35,14336,302080
32,70,14336,302080
32,104,17408,302080
33,119,2048,303104
33,39,4096,303104
33,20,7168,303104
33,32,8192,303104
33,31,9216,303104
33,63,9216,303104
33,31,10240,303104
33,62,10240,303104
33,94,10240,303104
33,33,12288,303104
33,35,13312,303104
33,70,13312,303104
33,104,16384,303104
119,39,2048,305152
119,20,5120,305152
119,32,6144,305152
119,31,7168,305152
119,63,7168,305152
119,31,8192,305152
119,62,8192,305152
119,94,8192,305152
119,33,10240,305152
119,35,11264,305152
119,70,11264,305152
119,104,14336,305152
39,20,3072,307200
39,32,4096,307200
39,31,5120,307200
39,63,5120,307200
39,31,6144,307200
39,62,6144,307200
39,94,6144,307200
39,33,8192,307200
39,35,9216,307200
39,70,9216,307200
39,104,12288,307200
39,83,19456,307200
39,83,20480,307200
20,32,1024,310272
20,31,2048,310272
20,63,2048,310272
20,31,3072,310272
20,62,3072,310272
20,94,3072,310272
20,33,5120,310272
20,35,6144,310272
20,70,6144,310272
20,104,9216,310272
20,83,16384,310272
20,83,17408,310272
32,31,1024,311296
32,63,1024,311296
32,31,2048,311296
32,62,2048,311296
32,94,2048,311296
32,33,4096,311296
32,35,5120,311296
32,70,5120,311296
32,104,8192,311296
32,83,15360,311296
32,83,16384,311296
31,63,0,312320
31,31,1024,312320
31,62,1024,312320
31,94,1024,312320
31,33,3072,312320
31,35,4096,312320
31,70,4096,312320
31,104,7168,312320
31,83,14336,312320
31,83,15360,312320
63,31,1024,312320
63,62,1024,312320
63,94,1024,312320
63,33,3072,312320
63,35,4096,312320
63,70,4096,312320
63,104,7168,312320
63,83,14336,312320
63,83,15360,312320
31,62,0,313344
31,94,0,313344
31,33,2048,313344
31,35,3072,313344
31,70,3072,313344
31,104,6144,313344
31,83,13312,313344
31,83,14336,313344
62,94,0,313344
62,33,2048,313344
62,35,3072,313344
62,70,3072,313344
62,104,6144,313344
62,83,13312,313344
62,83,14336,313344
94,33,2048,313344
94,35,3072,313344
94,70,3072,313344
94,104,6144,313344
94,83,13312,313344
94,83,14336,313344
33,35,1024,315392
33,70,1024,315392
33,104,4096,315392
33,83,11264,315392
33,83,12288,315392
35,70,0,316416
35,104,3072,316416
35,83,10240,316416
35,83,11264,316416
70,104,3072,316416
70,83,10240,316416
70,83,11264,316416
104,83,7168,319488
104,83,8192,319488
83,83,1024,326656
