12,11,8192,12288
12,46,14336,12288
12,46,16384,12288
11,46,6144,20480
11,46,8192,20480
11,12,15360,20480
46,46,2048,26624
46,12,9216,26624
46,11,17408,26624
46,12,7168,28672
46,11,15360,28672
12,11,8192,35840
12,44,19456,35840
11,44,11264,44032
11,18,15360,44032
11,122,16384,44032
11,9,17408,44032
11,55,19456,44032
11,18,20480,44032
44,18,4096,55296
44,122,5120,55296
44,9,6144,55296
44,55,8192,55296
44,18,9216,55296
44,10,12288,55296
44,15,20480,55296
18,122,1024,59392
18,9,2048,59392
18,55,4096,59392
18,18,5120,59392
18,10,8192,59392
18,15,16384,59392
18,15,19456,59392
18,36,20480,59392
122,9,1024,60416
122,55,3072,60416
122,18,4096,60416
122,10,7168,60416
122,15,15360,60416
122,15,18432,60416
122,36,19456,60416
9,55,2048,61440
9,18,3072,61440
9,10,6144,61440
9,15,14336,61440
9,15,17408,61440
9,36,18432,61440
55,18,1024,63488
55,10,4096,63488
55,15,12288,63488
55,15,15360,63488
55,36,16384,63488
55,14,19456,63488
18,10,3072,64512
18,15,11264,64512
18,15,14336,64512
18,36,15360,64512
18,14,18432,64512
18,10,20480,64512
10,15,8192,67584
10,15,11264,67584
10,36,12288,67584
10,14,15360,67584
10,10,17408,67584
15,15,3072,75776
15,36,4096,75776
15,14,7168,75776
15,10,9216,75776
15,11,15360,75776
15,36,1024,78848
15,14,4096,78848
15,10,6144,78848
15,11,12288,78848
15,22,19456,78848
36,14,3072,79872
36,10,5120,79872
36,11,11264,79872
36,22,18432,79872
36,15,20480,79872
14,10,2048,82944
14,11,8192,82944
14,22,15360,82944
14,15,17408,82944
14,45,19456,82944
10,11,6144,84992
10,22,13312,84992
10,15,15360,84992
10,45,17408,84992
11,22,7168,91136
11,15,9216,91136
11,45,11264,91136
11,14,15360,91136
11,18,17408,91136
11,18,19456,91136
22,15,2048,98304
22,45,4096,98304
22,14,8192,98304
22,18,10240,98304
22,18,12288,98304
22,17,17408,98304
22,11,18432,98304
22,43,20480,98304
15,45,2048,100352
15,14,6144,100352
15,18,8192,100352
15,18,10240,100352
15,17,15360,100352
15,11,16384,100352
15,43,18432,100352
15,43,19456,100352
45,14,4096,102400
45,18,6144,102400
45,18,8192,102400
45,17,13312,102400
45,11,14336,102400
45,43,16384,102400
45,43,17408,102400
45,184,20480,102400
14,18,2048,106496
14,18,4096,106496
14,17,9216,106496
14,11,10240,106496
14,43,12288,106496
14,43,13312,106496
14,184,16384,106496
14,184,17408,106496
14,183,18432,106496
14,46,19456,106496
18,18,2048,108544
18,17,7168,108544
18,11,8192,108544
18,43,10240,108544
18,43,11264,108544
18,184,14336,108544
18,184,15360,108544
18,183,16384,108544
18,46,17408,108544
18,23,20480,108544
18,17,5120,110592
18,11,6144,110592
18,43,8192,110592
18,43,9216,110592
18,184,12288,110592
18,184,13312,110592
18,183,14336,110592
18,46,15360,110592
18,23,18432,110592
18,14,19456,110592
17,11,1024,115712
17,43,3072,115712
17,43,4096,115712
17,184,7168,115712
17,184,8192,115712
17,183,9216,115712
17,46,10240,115712
17,23,13312,115712
17,14,14336,115712
11,43,2048,116736
11,43,3072,116736
11,184,6144,116736
11,184,7168,116736
11,183,8192,116736
11,46,9216,116736
11,23,12288,116736
11,14,13312,116736
43,43,1024,118784
43,184,4096,118784
43,184,5120,118784
43,183,6144,118784
43,46,7168,118784
43,23,10240,118784
43,14,11264,118784
43,12,19456,118784
43,184,3072,119808
43,184,4096,119808
43,183,5120,119808
43,46,6144,119808
43,23,9216,119808
43,14,10240,119808
43,12,18432,119808
184,184,1024,122880
184,183,2048,122880
184,46,3072,122880
184,23,6144,122880
184,14,7168,122880
184,12,15360,122880
184,183,1024,123904
184,46,2048,123904
184,23,5120,123904
184,14,6144,123904
184,12,14336,123904
183,46,1024,124928
183,23,4096,124928
183,14,5120,124928
183,12,13312,124928
46,23,3072,125952
46,14,4096,125952
46,12,12288,125952
23,14,1024,129024
23,12,9216,129024
23,45,20480,129024
14,12,8192,130048
14,45,19456,130048
12,45,11264,138240
12,14,15360,138240
45,14,4096,149504
45,11,12288,149504
45,18,13312,149504
14,11,8192,153600
14,18,9216,153600
11,18,1024,161792
