68,102,0,0
68,67,1024,0
68,100,1024,0
68,69,3072,0
68,66,16384,0
68,102,18432,0
68,70,19456,0
102,67,1024,0
102,100,1024,0
102,69,3072,0
102,66,16384,0
102,102,18432,0
102,70,19456,0
67,100,0,1024
67,69,2048,1024
67,66,15360,1024
67,102,17408,1024
67,70,18432,1024
67,36,20480,1024
100,69,2048,1024
100,66,15360,1024
100,102,17408,1024
100,70,18432,1024
100,36,20480,1024
69,66,13312,3072
69,102,15360,3072
69,70,16384,3072
69,36,18432,3072
69,37,19456,3072
69,36,20480,3072
69,71,20480,3072
66,102,2048,16384
66,70,3072,16384
66,36,5120,16384
66,37,6144,16384
66,36,7168,16384
66,71,7168,16384
66,98,8192,16384
66,92,9216,16384
66,122,10240,16384
66,70,16384,16384
66,69,17408,16384
66,103,17408,16384
66,103,20480,16384
102,70,1024,18432
102,36,3072,18432
102,37,4096,18432
102,36,5120,18432
102,71,5120,18432
102,98,6144,18432
102,92,7168,18432
102,122,8192,18432
102,70,14336,18432
102,69,15360,18432
102,103,15360,18432
102,103,18432,18432
102,70,19456,18432
70,36,2048,19456
70,37,3072,19456
70,36,4096,19456
70,71,4096,19456
70,98,5120,19456
70,92,6144,19456
70,122,7168,19456
70,70,13312,19456
70,69,14336,19456
70,103,14336,19456
70,103,17408,19456
70,70,18432,19456
70,68,20480,19456
70,102,20480,19456
36,37,1024,21504
36,36,2048,21504
36,71,2048,21504
36,98,3072,21504
36,92,4096,21504
36,122,5120,21504
36,70,11264,21504
36,69,12288,21504
36,103,12288,21504
36,103,15360,21504
36,70,16384,21504
36,68,18432,21504
36,102,18432,21504
36,69,19456,21504
37,36,1024,22528
37,71,1024,22528
37,98,2048,22528
37,92,3072,22528
37,122,4096,22528
37,70,10240,22528
37,69,11264,22528
37,103,11264,22528
37,103,14336,22528
37,70,15360,22528
37,68,17408,22528
37,102,17408,22528
37,69,18432,22528
37,103,18432,22528
36,71,0,23552
36,98,1024,23552
36,92,2048,23552
36,122,3072,23552
36,70,9216,23552
36,69,10240,23552
36,103,10240,23552
36,103,13312,23552
36,70,14336,23552
36,68,16384,23552
36,102,16384,23552
36,69,17408,23552
36,103,17408,23552
36,99,20480,23552
71,98,1024,23552
71,92,2048,23552
71,122,3072,23552
71,70,9216,23552
71,69,10240,23552
71,103,10240,23552
71,103,13312,23552
71,70,14336,23552
71,68,16384,23552
71,102,16384,23552
71,69,17408,23552
71,103,17408,23552
71,99,20480,23552
98,92,1024,24576
98,122,2048,24576
98,70,8192,24576
98,69,9216,24576
98,103,9216,24576
98,103,12288,24576
98,70,13312,24576
98,68,15360,24576
98,102,15360,24576
98,69,16384,24576
98,103,16384,24576
98,99,19456,24576
92,122,1024,25600
92,70,7168,25600
92,69,8192,25600
92,103,8192,25600
92,103,11264,25600
92,70,12288,25600
92,68,14336,25600
92,102,14336,25600
92,69,15360,25600
92,103,15360,25600
92,99,18432,25600
122,70,6144,26624
122,69,7168,26624
122,103,7168,26624
122,103,10240,26624
122,70,11264,26624
122,68,13312,26624
122,102,13312,26624
122,69,14336,26624
122,103,14336,26624
122,99,17408,26624
70,69,1024,32768
70,103,1024,32768
70,103,4096,32768
70,70,5120,32768
70,68,7168,32768
70,102,7168,32768
70,69,8192,32768
70,103,8192,32768
70,99,11264,32768
70,24,19456,32768
69,103,0,33792
69,103,3072,33792
69,70,4096,33792
69,68,6144,33792
69,102,6144,33792
69,69,7168,33792
69,103,7168,33792
69,99,10240,33792
69,24,18432,33792
103,103,3072,33792
103,70,4096,33792
103,68,6144,33792
103,102,6144,33792
103,69,7168,33792
103,103,7168,33792
103,99,10240,33792
103,24,18432,33792
103,70,1024,36864
103,68,3072,36864
103,102,3072,36864
103,69,4096,36864
103,103,4096,36864
103,99,7168,36864
103,24,15360,36864
70,68,2048,37888
70,102,2048,37888
70,69,3072,37888
70,103,3072,37888
70,99,6144,37888
70,24,14336,37888
68,102,0,39936
68,69,1024,39936
68,103,1024,39936
68,99,4096,39936
68,24,12288,39936
102,69,1024,39936
102,103,1024,39936
102,99,4096,39936
102,24,12288,39936
69,103,0,40960
69,99,3072,40960
69,24,11264,40960
103,99,3072,40960
103,24,11264,40960
99,24,8192,44032
99,99,18432,44032
24,99,10240,52224
24,31,16384,52224
24,61,16384,52224
99,31,6144,62464
99,61,6144,62464
99,61,15360,62464
99,31,18432,62464
99,62,18432,62464
99,61,19456,62464
99,30,20480,62464
31,61,0,68608
31,61,9216,68608
31,31,12288,68608
31,62,12288,68608
31,61,13312,68608
31,30,14336,68608
31,61,17408,68608
31,61,18432,68608
31,63,19456,68608
61,61,9216,68608
61,31,12288,68608
61,62,12288,68608
61,61,13312,68608
61,30,14336,68608
61,61,17408,68608
61,61,18432,68608
61,63,19456,68608
61,31,3072,77824
61,62,3072,77824
61,61,4096,77824
61,30,5120,77824
61,61,8192,77824
61,61,9216,77824
61,63,10240,77824
31,62,0,80896
31,61,1024,80896
31,30,2048,80896
31,61,5120,80896
31,61,6144,80896
31,63,7168,80896
62,61,1024,80896
62,30,2048,80896
62,61,5120,80896
62,61,6144,80896
62,63,7168,80896
61,30,1024,81920
61,61,4096,81920
61,61,5120,81920
61,63,6144,81920
30,61,3072,82944
30,61,4096,82944
30,63,5120,82944
61,61,1024,86016
61,63,2048,86016
61,63,1024,87040
27,26,6144,109568
27,26,7168,109568
27,26,8192,109568
27,60,11264,109568
26,26,1024,115712
26,26,2048,115712
26,60,5120,115712
26,24,15360,115712
26,24,16384,115712
26,24,17408,115712
26,24,18432,115712
26,26,1024,116736
26,60,4096,116736
26,24,14336,116736
26,24,15360,116736
26,24,16384,116736
26,24,17408,116736
26,60,3072,117760
26,24,13312,117760
26,24,14336,117760
26,24,15360,117760
26,24,16384,117760
26,36,20480,117760
26,73,20480,117760
60,24,10240,120832
60,24,11264,120832
60,24,12288,120832
60,24,13312,120832
60,36,17408,120832
60,73,17408,120832
60,24,18432,120832
24,24,1024,131072
24,24,2048,131072
24,24,3072,131072
24,36,7168,131072
24,73,7168,131072
24,24,8192,131072
24,86,18432,131072
24,24,1024,132096
24,24,2048,132096
24,36,6144,132096
24,73,6144,132096
24,24,7168,132096
24,86,17408,132096
24,73,20480,132096
24,24,1024,133120
24,36,5120,133120
24,73,5120,133120
24,24,6144,133120
24,86,16384,133120
24,73,19456,133120
24,73,20480,133120
24,36,4096,134144
24,73,4096,134144
24,24,5120,134144
24,86,15360,134144
24,73,18432,134144
24,73,19456,134144
36,73,0,138240
36,24,1024,138240
36,86,11264,138240
36,73,14336,138240
36,73,15360,138240
73,24,1024,138240
73,86,11264,138240
73,73,14336,138240
73,73,15360,138240
24,86,10240,139264
24,73,13312,139264
24,73,14336,139264
86,73,3072,149504
86,73,4096,149504
86,68,13312,149504
73,73,1024,152576
73,68,10240,152576
73,68,9216,153600
68,67,16384,162816
68,67,17408,162816
67,67,1024,179200
67,66,16384,179200
67,63,17408,179200
67,67,18432,179200
67,66,15360,180224
67,63,16384,180224
67,67,17408,180224
66,63,1024,195584
66,67,2048,195584
66,75,18432,195584
66,73,20480,195584
63,67,1024,196608
63,75,17408,196608
63,73,19456,196608
67,75,16384,197632
67,73,18432,197632
67,24,20480,197632
75,73,2048,214016
75,24,4096,214016
75,24,5120,214016
75,145,6144,214016
75,147,7168,214016
75,37,10240,214016
75,36,11264,214016
75,73,12288,214016
75,73,15360,214016
75,73,16384,214016
75,66,18432,214016
75,73,19456,214016
73,24,2048,216064
73,24,3072,216064
73,145,4096,216064
73,147,5120,216064
73,37,8192,216064
73,36,9216,216064
73,73,10240,216064
73,73,13312,216064
73,73,14336,216064
73,66,16384,216064
73,73,17408,216064
24,24,1024,218112
24,145,2048,218112
24,147,3072,218112
24,37,6144,218112
24,36,7168,218112
24,73,8192,218112
24,73,11264,218112
24,73,12288,218112
24,66,14336,218112
24,73,15360,218112
24,145,1024,219136
24,147,2048,219136
24,37,5120,219136
24,36,6144,219136
24,73,7168,219136
24,73,10240,219136
24,73,11264,219136
24,66,13312,219136
24,73,14336,219136
145,147,1024,220160
145,37,4096,220160
145,36,5120,220160
145,73,6144,220160
145,73,9216,220160
145,73,10240,220160
145,66,12288,220160
145,73,13312,220160
147,37,3072,221184
147,36,4096,221184
147,73,5120,221184
147,73,8192,221184
147,73,9216,221184
147,66,11264,221184
147,73,12288,221184
37,36,1024,224256
37,73,2048,224256
37,73,5120,224256
37,73,6144,224256
37,66,8192,224256
37,73,9216,224256
36,73,1024,225280
36,73,4096,225280
36,73,5120,225280
36,66,7168,225280
36,73,8192,225280
73,73,3072,226304
73,73,4096,226304
73,66,6144,226304
73,73,7168,226304
73,73,1024,229376
73,66,3072,229376
73,73,4096,229376
73,73,20480,229376
73,66,2048,230400
73,73,3072,230400
73,73,19456,230400
73,73,20480,230400
66,73,1024,232448
66,73,17408,232448
66,73,18432,232448
73,73,16384,233472
73,73,17408,233472
73,73,1024,249856
73,65,5120,249856
73,68,7168,249856
73,49,16384,249856
73,65,4096,250880
73,68,6144,250880
73,49,15360,250880
73,32,20480,250880
65,68,2048,254976
65,49,11264,254976
65,32,16384,254976
65,65,18432,254976
65,65,20480,254976
68,49,9216,257024
68,32,14336,257024
68,65,16384,257024
68,65,18432,257024
49,32,5120,266240
49,65,7168,266240
49,65,9216,266240
49,65,16384,266240
32,65,2048,271360
32,65,4096,271360
32,65,11264,271360
32,23,19456,271360
32,23,20480,271360
65,65,2048,273408
65,65,9216,273408
65,23,17408,273408
65,23,18432,273408
65,65,7168,275456
65,23,15360,275456
65,23,16384,275456
65,24,19456,275456
65,24,20480,275456
65,23,8192,282624
65,23,9216,282624
65,24,12288,282624
65,24,13312,282624
65,24,14336,282624
65,24,17408,282624
65,132,18432,282624
65,145,20480,282624
23,23,1024,290816
23,24,4096,290816
23,24,5120,290816
23,24,6144,290816
23,24,9216,290816
23,132,10240,290816
23,145,12288,290816
23,146,13312,290816
23,24,3072,291840
23,24,4096,291840
23,24,5120,291840
23,24,8192,291840
23,132,9216,291840
23,145,11264,291840
23,146,12288,291840
24,24,1024,294912
24,24,2048,294912
24,24,5120,294912
24,132,6144,294912
24,145,8192,294912
24,146,9216,294912
24,24,1024,295936
24,24,4096,295936
24,132,5120,295936
24,145,7168,295936
24,146,8192,295936
24,24,3072,296960
24,132,4096,296960
24,145,6144,296960
24,146,7168,296960
24,132,1024,300032
24,145,3072,300032
24,146,4096,300032
132,145,2048,301056
132,146,3072,301056
145,146,1024,303104
145,47,20480,303104
146,47,19456,304128
47,37,2048,323584
47,31,4096,323584
47,64,5120,323584
37,31,2048,325632
37,64,3072,325632
31,64,1024,327680
