9,19,1024,1024
9,99,4096,1024
9,9,6144,1024
9,19,7168,1024
9,99,10240,1024
9,11,12288,1024
9,23,13312,1024
9,24,14336,1024
9,12,15360,1024
9,110,20480,1024
19,99,3072,2048
19,9,5120,2048
19,19,6144,2048
19,99,9216,2048
19,11,11264,2048
19,23,12288,2048
19,24,13312,2048
19,12,14336,2048
19,110,19456,2048
19,115,20480,2048
99,9,2048,5120
99,19,3072,5120
99,99,6144,5120
99,11,8192,5120
99,23,9216,5120
99,24,10240,5120
99,12,11264,5120
99,110,16384,5120
99,115,17408,5120
9,19,1024,7168
9,99,4096,7168
9,11,6144,7168
9,23,7168,7168
9,24,8192,7168
9,12,9216,7168
9,110,14336,7168
9,115,15360,7168
9,10,20480,7168
19,99,3072,8192
19,11,5120,8192
19,23,6144,8192
19,24,7168,8192
19,12,8192,8192
19,110,13312,8192
19,115,14336,8192
19,10,19456,8192
99,11,2048,11264
99,23,3072,11264
99,24,4096,11264
99,12,5120,11264
99,110,10240,11264
99,115,11264,11264
99,10,16384,11264
11,23,1024,13312
11,24,2048,13312
11,12,3072,13312
11,110,8192,13312
11,115,9216,13312
11,10,14336,13312
23,24,1024,14336
23,12,2048,14336
23,110,7168,14336
23,115,8192,14336
23,10,13312,14336
24,12,1024,15360
24,110,6144,15360
24,115,7168,15360
24,10,12288,15360
12,110,5120,16384
12,115,6144,16384
12,10,11264,16384
110,115,1024,21504
110,10,6144,21504
110,96,17408,21504
110,25,18432,21504
115,10,5120,22528
115,96,16384,22528
115,25,17408,22528
115,38,20480,22528
10,96,11264,27648
10,25,12288,27648
10,38,15360,27648
10,12,17408,27648
10,26,18432,27648
10,157,19456,27648
10,146,20480,27648
96,25,1024,38912
96,38,4096,38912
96,12,6144,38912
96,26,7168,38912
96,157,8192,38912
96,146,9216,38912
96,12,11264,38912
96,143,12288,38912
96,10,14336,38912
25,38,3072,39936
25,12,5120,39936
25,26,6144,39936
25,157,7168,39936
25,146,8192,39936
25,12,10240,39936
25,143,11264,39936
25,10,13312,39936
38,12,2048,43008
38,26,3072,43008
38,157,4096,43008
38,146,5120,43008
38,12,7168,43008
38,143,8192,43008
38,10,10240,43008
12,26,1024,45056
12,157,2048,45056
12,146,3072,45056
12,12,5120,45056
12,143,6144,45056
12,10,8192,45056
26,157,1024,46080
26,146,2048,46080
26,12,4096,46080
26,143,5120,46080
26,10,7168,46080
157,146,1024,47104
157,12,3072,47104
157,143,4096,47104
157,10,6144,47104
146,12,2048,48128
146,143,3072,48128
146,10,5120,48128
12,143,1024,50176
12,10,3072,50176
143,10,2048,51200
12,97,2048,75776
12,9,9216,75776
12,12,15360,75776
12,70,18432,75776
97,9,7168,77824
97,12,13312,77824
97,70,16384,77824
97,24,19456,77824
9,12,6144,84992
9,70,9216,84992
9,24,12288,84992
9,115,15360,84992
9,9,17408,84992
9,8,19456,84992
12,70,3072,91136
12,24,6144,91136
12,115,9216,91136
12,9,11264,91136
12,8,13312,91136
12,18,17408,91136
12,8,19456,91136
70,24,3072,94208
70,115,6144,94208
70,9,8192,94208
70,8,10240,94208
70,18,14336,94208
70,8,16384,94208
70,12,20480,94208
24,115,3072,97280
24,9,5120,97280
24,8,7168,97280
24,18,11264,97280
24,8,13312,97280
24,12,17408,97280
24,9,19456,97280
115,9,2048,100352
115,8,4096,100352
115,18,8192,100352
115,8,10240,100352
115,12,14336,100352
115,9,16384,100352
115,231,19456,100352
9,8,2048,102400
9,18,6144,102400
9,8,8192,102400
9,12,12288,102400
9,9,14336,102400
9,231,17408,102400
9,95,20480,102400
8,18,4096,104448
8,8,6144,104448
8,12,10240,104448
8,9,12288,104448
8,231,15360,104448
8,95,18432,104448
8,215,19456,104448
18,8,2048,108544
18,12,6144,108544
18,9,8192,108544
18,231,11264,108544
18,95,14336,108544
18,215,15360,108544
18,24,17408,108544
8,12,4096,110592
8,9,6144,110592
8,231,9216,110592
8,95,12288,110592
8,215,13312,110592
8,24,15360,110592
8,194,19456,110592
12,9,2048,114688
12,231,5120,114688
12,95,8192,114688
12,215,9216,114688
12,24,11264,114688
12,194,15360,114688
12,109,20480,114688
9,231,3072,116736
9,95,6144,116736
9,215,7168,116736
9,24,9216,116736
9,194,13312,116736
9,109,18432,116736
231,95,3072,119808
231,215,4096,119808
231,24,6144,119808
231,194,10240,119808
231,109,15360,119808
231,196,18432,119808
231,115,20480,119808
95,215,1024,122880
95,24,3072,122880
95,194,7168,122880
95,109,12288,122880
95,196,15360,122880
95,115,17408,122880
95,115,18432,122880
215,24,2048,123904
215,194,6144,123904
215,109,11264,123904
215,196,14336,123904
215,115,16384,123904
215,115,17408,123904
24,194,4096,125952
24,109,9216,125952
24,196,12288,125952
24,115,14336,125952
24,115,15360,125952
24,9,19456,125952
24,9,20480,125952
194,109,5120,130048
194,196,8192,130048
194,115,10240,130048
194,115,11264,130048
194,9,15360,130048
194,9,16384,130048
194,9,18432,130048
194,15,19456,130048
194,12,20480,130048
109,196,3072,135168
109,115,5120,135168
109,115,6144,135168
109,9,10240,135168
109,9,11264,135168
109,9,13312,135168
109,15,14336,135168
109,12,15360,135168
109,15,16384,135168
109,12,17408,135168
109,19,19456,135168
196,115,2048,138240
196,115,3072,138240
196,9,7168,138240
196,9,8192,138240
196,9,10240,138240
196,15,11264,138240
196,12,12288,138240
196,15,13312,138240
196,12,14336,138240
196,19,16384,138240
196,15,19456,138240
196,12,20480,138240
115,115,1024,140288
115,9,5120,140288
115,9,6144,140288
115,9,8192,140288
115,15,9216,140288
115,12,10240,140288
115,15,11264,140288
115,12,12288,140288
115,19,14336,140288
115,15,17408,140288
115,12,18432,140288
115,9,20480,140288
115,9,4096,141312
115,9,5120,141312
115,9,7168,141312
115,15,8192,141312
115,12,9216,141312
115,15,10240,141312
115,12,11264,141312
115,19,13312,141312
115,15,16384,141312
115,12,17408,141312
115,9,19456,141312
115,9,20480,141312
9,9,1024,145408
9,9,3072,145408
9,15,4096,145408
9,12,5120,145408
9,15,6144,145408
9,12,7168,145408
9,19,9216,145408
9,15,12288,145408
9,12,13312,145408
9,9,15360,145408
9,9,16384,145408
9,9,17408,145408
9,15,18432,145408
9,9,2048,146432
9,15,3072,146432
9,12,4096,146432
9,15,5120,146432
9,12,6144,146432
9,19,8192,146432
9,15,11264,146432
9,12,12288,146432
9,9,14336,146432
9,9,15360,146432
9,9,16384,146432
9,15,17408,146432
9,15,1024,148480
9,12,2048,148480
9,15,3072,148480
9,12,4096,148480
9,19,6144,148480
9,15,9216,148480
9,12,10240,148480
9,9,12288,148480
9,9,13312,148480
9,9,14336,148480
9,15,15360,148480
15,12,1024,149504
15,15,2048,149504
15,12,3072,149504
15,19,5120,149504
15,15,8192,149504
15,12,9216,149504
15,9,11264,149504
15,9,12288,149504
15,9,13312,149504
15,15,14336,149504
12,15,1024,150528
12,12,2048,150528
12,19,4096,150528
12,15,7168,150528
12,12,8192,150528
12,9,10240,150528
12,9,11264,150528
12,9,12288,150528
12,15,13312,150528
15,12,1024,151552
15,19,3072,151552
15,15,6144,151552
15,12,7168,151552
15,9,9216,151552
15,9,10240,151552
15,9,11264,151552
15,15,12288,151552
12,19,2048,152576
12,15,5120,152576
12,12,6144,152576
12,9,8192,152576
12,9,9216,152576
12,9,10240,152576
12,15,11264,152576
19,15,3072,154624
19,12,4096,154624
19,9,6144,154624
19,9,7168,154624
19,9,8192,154624
19,15,9216,154624
15,12,1024,157696
15,9,3072,157696
15,9,4096,157696
15,9,5120,157696
15,15,6144,157696
12,9,2048,158720
12,9,3072,158720
12,9,4096,158720
12,15,5120,158720
9,9,1024,160768
9,9,2048,160768
9,15,3072,160768
9,9,1024,161792
9,15,2048,161792
9,15,1024,162816
