13,5,1024,6144
13,72,2048,6144
13,6,3072,6144
13,5,4096,6144
13,11,11264,6144
13,11,12288,6144
13,5,16384,6144
5,72,1024,7168
5,6,2048,7168
5,5,3072,7168
5,11,10240,7168
5,11,11264,7168
5,5,15360,7168
5,17,20480,7168
72,6,1024,8192
72,5,2048,8192
72,11,9216,8192
72,11,10240,8192
72,5,14336,8192
72,17,19456,8192
72,29,20480,8192
6,5,1024,9216
6,11,8192,9216
6,11,9216,9216
6,5,13312,9216
6,17,18432,9216
6,29,19456,9216
6,29,20480,9216
5,11,7168,10240
5,11,8192,10240
5,5,12288,10240
5,17,17408,10240
5,29,18432,10240
5,29,19456,10240
5,5,20480,10240
11,11,1024,17408
11,5,5120,17408
11,17,10240,17408
11,29,11264,17408
11,29,12288,17408
11,5,13312,17408
11,5,14336,17408
11,58,15360,17408
11,6,16384,17408
11,5,18432,17408
11,5,4096,18432
11,17,9216,18432
11,29,10240,18432
11,29,11264,18432
11,5,12288,18432
11,5,13312,18432
11,58,14336,18432
11,6,15360,18432
11,5,17408,18432
5,17,5120,22528
5,29,6144,22528
5,29,7168,22528
5,5,8192,22528
5,5,9216,22528
5,58,10240,22528
5,6,11264,22528
5,5,13312,22528
17,29,1024,27648
17,29,2048,27648
17,5,3072,27648
17,5,4096,27648
17,58,5120,27648
17,6,6144,27648
17,5,8192,27648
17,5,19456,27648
29,29,1024,28672
29,5,2048,28672
29,5,3072,28672
29,58,4096,28672
29,6,5120,28672
29,5,7168,28672
29,5,18432,28672
29,5,1024,29696
29,5,2048,29696
29,58,3072,29696
29,6,4096,29696
29,5,6144,29696
29,5,17408,29696
5,5,1024,30720
5,58,2048,30720
5,6,3072,30720
5,5,5120,30720
5,5,16384,30720
5,5,20480,30720
5,58,1024,31744
5,6,2048,31744
5,5,4096,31744
5,5,15360,31744
5,5,19456,31744
5,18,20480,31744
58,6,1024,32768
58,5,3072,32768
58,5,14336,32768
58,5,18432,32768
58,18,19456,32768
6,5,2048,33792
6,5,13312,33792
6,5,17408,33792
6,18,18432,33792
5,5,11264,35840
5,5,15360,35840
5,18,16384,35840
5,5,19456,35840
5,5,20480,35840
5,5,4096,47104
5,18,5120,47104
5,5,8192,47104
5,5,9216,47104
5,5,10240,47104
5,7,11264,47104
5,5,12288,47104
5,13,14336,47104
5,5,15360,47104
5,11,16384,47104
5,18,1024,51200
5,5,4096,51200
5,5,5120,51200
5,5,6144,51200
5,7,7168,51200
5,5,8192,51200
5,13,10240,51200
5,5,11264,51200
5,11,12288,51200
5,29,18432,51200
5,6,19456,51200
5,5,20480,51200
18,5,3072,52224
18,5,4096,52224
18,5,5120,52224
18,7,6144,52224
18,5,7168,52224
18,13,9216,52224
18,5,10240,52224
18,11,11264,52224
18,29,17408,52224
18,6,18432,52224
18,5,19456,52224
18,5,20480,52224
5,5,1024,55296
5,5,2048,55296
5,7,3072,55296
5,5,4096,55296
5,13,6144,55296
5,5,7168,55296
5,11,8192,55296
5,29,14336,55296
5,6,15360,55296
5,5,16384,55296
5,5,17408,55296
5,5,1024,56320
5,7,2048,56320
5,5,3072,56320
5,13,5120,56320
5,5,6144,56320
5,11,7168,56320
5,29,13312,56320
5,6,14336,56320
5,5,15360,56320
5,5,16384,56320
5,7,1024,57344
5,5,2048,57344
5,13,4096,57344
5,5,5120,57344
5,11,6144,57344
5,29,12288,57344
5,6,13312,57344
5,5,14336,57344
5,5,15360,57344
7,5,1024,58368
7,13,3072,58368
7,5,4096,58368
7,11,5120,58368
7,29,11264,58368
7,6,12288,58368
7,5,13312,58368
7,5,14336,58368
5,13,2048,59392
5,5,3072,59392
5,11,4096,59392
5,29,10240,59392
5,6,11264,59392
5,5,12288,59392
5,5,13312,59392
5,5,20480,59392
13,5,1024,61440
13,11,2048,61440
13,29,8192,61440
13,6,9216,61440
13,5,10240,61440
13,5,11264,61440
13,5,18432,61440
13,145,20480,61440
5,11,1024,62464
5,29,7168,62464
5,6,8192,62464
5,5,9216,62464
5,5,10240,62464
5,5,17408,62464
5,145,19456,62464
11,29,6144,63488
11,6,7168,63488
11,5,8192,63488
11,5,9216,63488
11,5,16384,63488
11,145,18432,63488
11,6,20480,63488
29,6,1024,69632
29,5,2048,69632
29,5,3072,69632
29,5,10240,69632
29,145,12288,69632
29,6,14336,69632
29,6,15360,69632
6,5,1024,70656
6,5,2048,70656
6,5,9216,70656
6,145,11264,70656
6,6,13312,70656
6,6,14336,70656
5,5,1024,71680
5,5,8192,71680
5,145,10240,71680
5,6,12288,71680
5,6,13312,71680
5,5,7168,72704
5,145,9216,72704
5,6,11264,72704
5,6,12288,72704
5,145,2048,79872
5,6,4096,79872
5,6,5120,79872
5,9,15360,79872
5,5,16384,79872
5,97,17408,79872
5,5,20480,79872
145,6,2048,81920
145,6,3072,81920
145,9,13312,81920
145,5,14336,81920
145,97,15360,81920
145,5,18432,81920
6,6,1024,83968
6,9,11264,83968
6,5,12288,83968
6,97,13312,83968
6,5,16384,83968
6,5,20480,83968
6,9,10240,84992
6,5,11264,84992
6,97,12288,84992
6,5,15360,84992
6,5,19456,84992
9,5,1024,95232
9,97,2048,95232
9,5,5120,95232
9,5,9216,95232
9,5,11264,95232
9,9,12288,95232
9,6,13312,95232
9,32,17408,95232
9,18,18432,95232
9,97,19456,95232
5,97,1024,96256
5,5,4096,96256
5,5,8192,96256
5,5,10240,96256
5,9,11264,96256
5,6,12288,96256
5,32,16384,96256
5,18,17408,96256
5,97,18432,96256
97,5,3072,97280
97,5,7168,97280
97,5,9216,97280
97,9,10240,97280
97,6,11264,97280
97,32,15360,97280
97,18,16384,97280
97,97,17408,97280
5,5,4096,100352
5,5,6144,100352
5,9,7168,100352
5,6,8192,100352
5,32,12288,100352
5,18,13312,100352
5,97,14336,100352
5,6,19456,100352
5,5,20480,100352
5,5,2048,104448
5,9,3072,104448
5,6,4096,104448
5,32,8192,104448
5,18,9216,104448
5,97,10240,104448
5,6,15360,104448
5,5,16384,104448
5,98,17408,104448
5,97,18432,104448
5,9,1024,106496
5,6,2048,106496
5,32,6144,106496
5,18,7168,106496
5,97,8192,106496
5,6,13312,106496
5,5,14336,106496
5,98,15360,106496
5,97,16384,106496
9,6,1024,107520
9,32,5120,107520
9,18,6144,107520
9,97,7168,107520
9,6,12288,107520
9,5,13312,107520
9,98,14336,107520
9,97,15360,107520
6,32,4096,108544
6,18,5120,108544
6,97,6144,108544
6,6,11264,108544
6,5,12288,108544
6,98,13312,108544
6,97,14336,108544
32,18,1024,112640
32,97,2048,112640
32,6,7168,112640
32,5,8192,112640
32,98,9216,112640
32,97,10240,112640
32,5,17408,112640
32,5,18432,112640
32,10,19456,112640
32,5,20480,112640
18,97,1024,113664
18,6,6144,113664
18,5,7168,113664
18,98,8192,113664
18,97,9216,113664
18,5,16384,113664
18,5,17408,113664
18,10,18432,113664
18,5,19456,113664
97,6,5120,114688
97,5,6144,114688
97,98,7168,114688
97,97,8192,114688
97,5,15360,114688
97,5,16384,114688
97,10,17408,114688
97,5,18432,114688
6,5,1024,119808
6,98,2048,119808
6,97,3072,119808
6,5,10240,119808
6,5,11264,119808
6,10,12288,119808
6,5,13312,119808
5,98,1024,120832
5,97,2048,120832
5,5,9216,120832
5,5,10240,120832
5,10,11264,120832
5,5,12288,120832
98,97,1024,121856
98,5,8192,121856
98,5,9216,121856
98,10,10240,121856
98,5,11264,121856
97,5,7168,122880
97,5,8192,122880
97,10,9216,122880
97,5,10240,122880
5,5,1024,130048
5,10,2048,130048
5,5,3072,130048
5,6,14336,130048
5,10,1024,131072
5,5,2048,131072
5,6,13312,131072
10,5,1024,132096
10,6,12288,132096
5,6,11264,133120
6,24,16384,144384
24,6,8192,160768
24,12,9216,160768
24,12,10240,160768
24,146,11264,160768
24,72,12288,160768
24,86,13312,160768
24,33,15360,160768
24,5,17408,160768
24,64,18432,160768
24,66,19456,160768
24,6,20480,160768
6,12,1024,168960
6,12,2048,168960
6,146,3072,168960
6,72,4096,168960
6,86,5120,168960
6,33,7168,168960
6,5,9216,168960
6,64,10240,168960
6,66,11264,168960
6,6,12288,168960
6,6,13312,168960
6,67,14336,168960
6,29,20480,168960
12,12,1024,169984
12,146,2048,169984
12,72,3072,169984
12,86,4096,169984
12,33,6144,169984
12,5,8192,169984
12,64,9216,169984
12,66,10240,169984
12,6,11264,169984
12,6,12288,169984
12,67,13312,169984
12,29,19456,169984
12,146,1024,171008
12,72,2048,171008
12,86,3072,171008
12,33,5120,171008
12,5,7168,171008
12,64,8192,171008
12,66,9216,171008
12,6,10240,171008
12,6,11264,171008
12,67,12288,171008
12,29,18432,171008
12,27,20480,171008
146,72,1024,172032
146,86,2048,172032
146,33,4096,172032
146,5,6144,172032
146,64,7168,172032
146,66,8192,172032
146,6,9216,172032
146,6,10240,172032
146,67,11264,172032
146,29,17408,172032
146,27,19456,172032
146,27,20480,172032
72,86,1024,173056
72,33,3072,173056
72,5,5120,173056
72,64,6144,173056
72,66,7168,173056
72,6,8192,173056
72,6,9216,173056
72,67,10240,173056
72,29,16384,173056
72,27,18432,173056
72,27,19456,173056
72,55,20480,173056
86,33,2048,174080
86,5,4096,174080
86,64,5120,174080
86,66,6144,174080
86,6,7168,174080
86,6,8192,174080
86,67,9216,174080
86,29,15360,174080
86,27,17408,174080
86,27,18432,174080
86,55,19456,174080
86,11,20480,174080
33,5,2048,176128
33,64,3072,176128
33,66,4096,176128
33,6,5120,176128
33,6,6144,176128
33,67,7168,176128
33,29,13312,176128
33,27,15360,176128
33,27,16384,176128
33,55,17408,176128
33,11,18432,176128
33,81,19456,176128
33,82,20480,176128
5,64,1024,178176
5,66,2048,178176
5,6,3072,178176
5,6,4096,178176
5,67,5120,178176
5,29,11264,178176
5,27,13312,178176
5,27,14336,178176
5,55,15360,178176
5,11,16384,178176
5,81,17408,178176
5,82,18432,178176
5,55,19456,178176
5,5,20480,178176
64,66,1024,179200
64,6,2048,179200
64,6,3072,179200
64,67,4096,179200
64,29,10240,179200
64,27,12288,179200
64,27,13312,179200
64,55,14336,179200
64,11,15360,179200
64,81,16384,179200
64,82,17408,179200
64,55,18432,179200
64,5,19456,179200
66,6,1024,180224
66,6,2048,180224
66,67,3072,180224
66,29,9216,180224
66,27,11264,180224
66,27,12288,180224
66,55,13312,180224
66,11,14336,180224
66,81,15360,180224
66,82,16384,180224
66,55,17408,180224
66,5,18432,180224
6,6,1024,181248
6,67,2048,181248
6,29,8192,181248
6,27,10240,181248
6,27,11264,181248
6,55,12288,181248
6,11,13312,181248
6,81,14336,181248
6,82,15360,181248
6,55,16384,181248
6,5,17408,181248
6,67,1024,182272
6,29,7168,182272
6,27,9216,182272
6,27,10240,182272
6,55,11264,182272
6,11,12288,182272
6,81,13312,182272
6,82,14336,182272
6,55,15360,182272
6,5,16384,182272
6,5,20480,182272
67,29,6144,183296
67,27,8192,183296
67,27,9216,183296
67,55,10240,183296
67,11,11264,183296
67,81,12288,183296
67,82,13312,183296
67,55,14336,183296
67,5,15360,183296
67,5,19456,183296
67,5,20480,183296
29,27,2048,189440
29,27,3072,189440
29,55,4096,189440
29,11,5120,189440
29,81,6144,189440
29,82,7168,189440
29,55,8192,189440
29,5,9216,189440
29,5,13312,189440
29,5,14336,189440
29,11,15360,189440
29,5,16384,189440
29,7,20480,189440
27,27,1024,191488
27,55,2048,191488
27,11,3072,191488
27,81,4096,191488
27,82,5120,191488
27,55,6144,191488
27,5,7168,191488
27,5,11264,191488
27,5,12288,191488
27,11,13312,191488
27,5,14336,191488
27,7,18432,191488
27,55,1024,192512
27,11,2048,192512
27,81,3072,192512
27,82,4096,192512
27,55,5120,192512
27,5,6144,192512
27,5,10240,192512
27,5,11264,192512
27,11,12288,192512
27,5,13312,192512
27,7,17408,192512
55,11,1024,193536
55,81,2048,193536
55,82,3072,193536
55,55,4096,193536
55,5,5120,193536
55,5,9216,193536
55,5,10240,193536
55,11,11264,193536
55,5,12288,193536
55,7,16384,193536
11,81,1024,194560
11,82,2048,194560
11,55,3072,194560
11,5,4096,194560
11,5,8192,194560
11,5,9216,194560
11,11,10240,194560
11,5,11264,194560
11,7,15360,194560
81,82,1024,195584
81,55,2048,195584
81,5,3072,195584
81,5,7168,195584
81,5,8192,195584
81,11,9216,195584
81,5,10240,195584
81,7,14336,195584
82,55,1024,196608
82,5,2048,196608
82,5,6144,196608
82,5,7168,196608
82,11,8192,196608
82,5,9216,196608
82,7,13312,196608
55,5,1024,197632
55,5,5120,197632
55,5,6144,197632
55,11,7168,197632
55,5,8192,197632
55,7,12288,197632
55,5,20480,197632
5,5,4096,198656
5,5,5120,198656
5,11,6144,198656
5,5,7168,198656
5,7,11264,198656
5,5,19456,198656
5,5,1024,202752
5,11,2048,202752
5,5,3072,202752
5,7,7168,202752
5,5,15360,202752
5,194,18432,202752
5,37,20480,202752
5,11,1024,203776
5,5,2048,203776
5,7,6144,203776
5,5,14336,203776
5,194,17408,203776
5,37,19456,203776
11,5,1024,204800
11,7,5120,204800
11,5,13312,204800
11,194,16384,204800
11,37,18432,204800
5,7,4096,205824
5,5,12288,205824
5,194,15360,205824
5,37,17408,205824
5,39,20480,205824
7,5,8192,209920
7,194,11264,209920
7,37,13312,209920
7,39,16384,209920
7,5,17408,209920
7,115,18432,209920
5,194,3072,218112
5,37,5120,218112
5,39,8192,218112
5,5,9216,218112
5,115,10240,218112
5,5,13312,218112
5,58,16384,218112
194,37,2048,221184
194,39,5120,221184
194,5,6144,221184
194,115,7168,221184
194,5,10240,221184
194,58,13312,221184
37,39,3072,223232
37,5,4096,223232
37,115,5120,223232
37,5,8192,223232
37,58,11264,223232
37,5,19456,223232
37,59,20480,223232
39,5,1024,226304
39,115,2048,226304
39,5,5120,226304
39,58,8192,226304
39,5,16384,226304
39,59,17408,226304
5,115,1024,227328
5,5,4096,227328
5,58,7168,227328
5,5,15360,227328
5,59,16384,227328
115,5,3072,228352
115,58,6144,228352
115,5,14336,228352
115,59,15360,228352
115,98,20480,228352
5,58,3072,231424
5,5,11264,231424
5,59,12288,231424
5,98,17408,231424
5,110,18432,231424
5,97,19456,231424
5,5,20480,231424
58,5,8192,234496
58,59,9216,234496
58,98,14336,234496
58,110,15360,234496
58,97,16384,234496
58,5,17408,234496
58,4,18432,234496
58,5,20480,234496
5,59,1024,242688
5,98,6144,242688
5,110,7168,242688
5,97,8192,242688
5,5,9216,242688
5,4,10240,242688
5,5,12288,242688
5,66,13312,242688
5,62,14336,242688
59,98,5120,243712
59,110,6144,243712
59,97,7168,243712
59,5,8192,243712
59,4,9216,243712
59,5,11264,243712
59,66,12288,243712
59,62,13312,243712
59,11,20480,243712
98,110,1024,248832
98,97,2048,248832
98,5,3072,248832
98,4,4096,248832
98,5,6144,248832
98,66,7168,248832
98,62,8192,248832
98,11,15360,248832
98,11,16384,248832
98,5,18432,248832
98,72,19456,248832
98,6,20480,248832
110,97,1024,249856
110,5,2048,249856
110,4,3072,249856
110,5,5120,249856
110,66,6144,249856
110,62,7168,249856
110,11,14336,249856
110,11,15360,249856
110,5,17408,249856
110,72,18432,249856
110,6,19456,249856
110,73,20480,249856
97,5,1024,250880
97,4,2048,250880
97,5,4096,250880
97,66,5120,250880
97,62,6144,250880
97,11,13312,250880
97,11,14336,250880
97,5,16384,250880
97,72,17408,250880
97,6,18432,250880
97,73,19456,250880
97,72,20480,250880
5,4,1024,251904
5,5,3072,251904
5,66,4096,251904
5,62,5120,251904
5,11,12288,251904
5,11,13312,251904
5,5,15360,251904
5,72,16384,251904
5,6,17408,251904
5,73,18432,251904
5,72,19456,251904
5,86,20480,251904
4,5,2048,252928
4,66,3072,252928
4,62,4096,252928
4,11,11264,252928
4,11,12288,252928
4,5,14336,252928
4,72,15360,252928
4,6,16384,252928
4,73,17408,252928
4,72,18432,252928
4,86,19456,252928
5,66,1024,254976
5,62,2048,254976
5,11,9216,254976
5,11,10240,254976
5,5,12288,254976
5,72,13312,254976
5,6,14336,254976
5,73,15360,254976
5,72,16384,254976
5,86,17408,254976
5,33,19456,254976
5,31,20480,254976
66,62,1024,256000
66,11,8192,256000
66,11,9216,256000
66,5,11264,256000
66,72,12288,256000
66,6,13312,256000
66,73,14336,256000
66,72,15360,256000
66,86,16384,256000
66,33,18432,256000
66,31,19456,256000
66,5,20480,256000
62,11,7168,257024
62,11,8192,257024
62,5,10240,257024
62,72,11264,257024
62,6,12288,257024
62,73,13312,257024
62,72,14336,257024
62,86,15360,257024
62,33,17408,257024
62,31,18432,257024
62,5,19456,257024
62,12,20480,257024
11,11,1024,264192
11,5,3072,264192
11,72,4096,264192
11,6,5120,264192
11,73,6144,264192
11,72,7168,264192
11,86,8192,264192
11,33,10240,264192
11,31,11264,264192
11,5,12288,264192
11,12,13312,264192
11,63,14336,264192
11,5,15360,264192
11,5,2048,265216
11,72,3072,265216
11,6,4096,265216
11,73,5120,265216
11,72,6144,265216
11,86,7168,265216
11,33,9216,265216
11,31,10240,265216
11,5,11264,265216
11,12,12288,265216
11,63,13312,265216
11,5,14336,265216
5,72,1024,267264
5,6,2048,267264
5,73,3072,267264
5,72,4096,267264
5,86,5120,267264
5,33,7168,267264
5,31,8192,267264
5,5,9216,267264
5,12,10240,267264
5,63,11264,267264
5,5,12288,267264
5,28,20480,267264
72,6,1024,268288
72,73,2048,268288
72,72,3072,268288
72,86,4096,268288
72,33,6144,268288
72,31,7168,268288
72,5,8192,268288
72,12,9216,268288
72,63,10240,268288
72,5,11264,268288
72,28,19456,268288
6,73,1024,269312
6,72,2048,269312
6,86,3072,269312
6,33,5120,269312
6,31,6144,269312
6,5,7168,269312
6,12,8192,269312
6,63,9216,269312
6,5,10240,269312
6,28,18432,269312
73,72,1024,270336
73,86,2048,270336
73,33,4096,270336
73,31,5120,270336
73,5,6144,270336
73,12,7168,270336
73,63,8192,270336
73,5,9216,270336
73,28,17408,270336
72,86,1024,271360
72,33,3072,271360
72,31,4096,271360
72,5,5120,271360
72,12,6144,271360
72,63,7168,271360
72,5,8192,271360
72,28,16384,271360
72,5,20480,271360
86,33,2048,272384
86,31,3072,272384
86,5,4096,272384
86,12,5120,272384
86,63,6144,272384
86,5,7168,272384
86,28,15360,272384
86,5,19456,272384
86,65,20480,272384
33,31,1024,274432
33,5,2048,274432
33,12,3072,274432
33,63,4096,274432
33,5,5120,274432
33,28,13312,274432
33,5,17408,274432
33,65,18432,274432
33,65,19456,274432
33,64,20480,274432
31,5,1024,275456
31,12,2048,275456
31,63,3072,275456
31,5,4096,275456
31,28,12288,275456
31,5,16384,275456
31,65,17408,275456
31,65,18432,275456
31,64,19456,275456
31,163,20480,275456
5,12,1024,276480
5,63,2048,276480
5,5,3072,276480
5,28,11264,276480
5,5,15360,276480
5,65,16384,276480
5,65,17408,276480
5,64,18432,276480
5,163,19456,276480
5,66,20480,276480
12,63,1024,277504
12,5,2048,277504
12,28,10240,277504
12,5,14336,277504
12,65,15360,277504
12,65,16384,277504
12,64,17408,277504
12,163,18432,277504
12,66,19456,277504
63,5,1024,278528
63,28,9216,278528
63,5,13312,278528
63,65,14336,278528
63,65,15360,278528
63,64,16384,278528
63,163,17408,278528
63,66,18432,278528
5,28,8192,279552
5,5,12288,279552
5,65,13312,279552
5,65,14336,279552
5,64,15360,279552
5,163,16384,279552
5,66,17408,279552
5,36,20480,279552
28,5,4096,287744
28,65,5120,287744
28,65,6144,287744
28,64,7168,287744
28,163,8192,287744
28,66,9216,287744
28,36,12288,287744
28,5,13312,287744
28,5,14336,287744
28,10,15360,287744
28,5,16384,287744
28,32,18432,287744
28,28,19456,287744
28,7,20480,287744
5,65,1024,291840
5,65,2048,291840
5,64,3072,291840
5,163,4096,291840
5,66,5120,291840
5,36,8192,291840
5,5,9216,291840
5,5,10240,291840
5,10,11264,291840
5,5,12288,291840
5,32,14336,291840
5,28,15360,291840
5,7,16384,291840
65,65,1024,292864
65,64,2048,292864
65,163,3072,292864
65,66,4096,292864
65,36,7168,292864
65,5,8192,292864
65,5,9216,292864
65,10,10240,292864
65,5,11264,292864
65,32,13312,292864
65,28,14336,292864
65,7,15360,292864
65,64,1024,293888
65,163,2048,293888
65,66,3072,293888
65,36,6144,293888
65,5,7168,293888
65,5,8192,293888
65,10,9216,293888
65,5,10240,293888
65,32,12288,293888
65,28,13312,293888
65,7,14336,293888
64,163,1024,294912
64,66,2048,294912
64,36,5120,294912
64,5,6144,294912
64,5,7168,294912
64,10,8192,294912
64,5,9216,294912
64,32,11264,294912
64,28,12288,294912
64,7,13312,294912
64,9,20480,294912
163,66,1024,295936
163,36,4096,295936
163,5,5120,295936
163,5,6144,295936
163,10,7168,295936
163,5,8192,295936
163,32,10240,295936
163,28,11264,295936
163,7,12288,295936
163,9,19456,295936
163,5,20480,295936
66,36,3072,296960
66,5,4096,296960
66,5,5120,296960
66,10,6144,296960
66,5,7168,296960
66,32,9216,296960
66,28,10240,296960
66,7,11264,296960
66,9,18432,296960
66,5,19456,296960
36,5,1024,300032
36,5,2048,300032
36,10,3072,300032
36,5,4096,300032
36,32,6144,300032
36,28,7168,300032
36,7,8192,300032
36,9,15360,300032
36,5,16384,300032
5,5,1024,301056
5,10,2048,301056
5,5,3072,301056
5,32,5120,301056
5,28,6144,301056
5,7,7168,301056
5,9,14336,301056
5,5,15360,301056
5,10,1024,302080
5,5,2048,302080
5,32,4096,302080
5,28,5120,302080
5,7,6144,302080
5,9,13312,302080
5,5,14336,302080
10,5,1024,303104
10,32,3072,303104
10,28,4096,303104
10,7,5120,303104
10,9,12288,303104
10,5,13312,303104
5,32,2048,304128
5,28,3072,304128
5,7,4096,304128
5,9,11264,304128
5,5,12288,304128
32,28,1024,306176
32,7,2048,306176
32,9,9216,306176
32,5,10240,306176
32,10,19456,306176
28,7,1024,307200
28,9,8192,307200
28,5,9216,307200
28,10,18432,307200
7,9,7168,308224
7,5,8192,308224
7,10,17408,308224
7,5,20480,308224
9,5,1024,315392
9,10,10240,315392
9,5,13312,315392
5,10,9216,316416
5,5,12288,316416
10,5,3072,325632
