32,32,1024,10240
32,65,1024,10240
32,33,2048,10240
32,65,2048,10240
32,32,3072,10240
32,65,3072,10240
32,65,4096,10240
32,51,5120,10240
32,78,8192,10240
32,78,10240,10240
32,76,11264,10240
32,78,12288,10240
32,38,14336,10240
32,65,0,11264
32,33,1024,11264
32,65,1024,11264
32,32,2048,11264
32,65,2048,11264
32,65,3072,11264
32,51,4096,11264
32,78,7168,11264
32,78,9216,11264
32,76,10240,11264
32,78,11264,11264
32,38,13312,11264
65,33,1024,11264
65,65,1024,11264
65,32,2048,11264
65,65,2048,11264
65,65,3072,11264
65,51,4096,11264
65,78,7168,11264
65,78,9216,11264
65,76,10240,11264
65,78,11264,11264
65,38,13312,11264
33,65,0,12288
33,32,1024,12288
33,65,1024,12288
33,65,2048,12288
33,51,3072,12288
33,78,6144,12288
33,78,8192,12288
33,76,9216,12288
33,78,10240,12288
33,38,12288,12288
65,32,1024,12288
65,65,1024,12288
65,65,2048,12288
65,51,3072,12288
65,78,6144,12288
65,78,8192,12288
65,76,9216,12288
65,78,10240,12288
65,38,12288,12288
32,65,0,13312
32,65,1024,13312
32,51,2048,13312
32,78,5120,13312
32,78,7168,13312
32,76,8192,13312
32,78,9216,13312
32,38,11264,13312
65,65,1024,13312
65,51,2048,13312
65,78,5120,13312
65,78,7168,13312
65,76,8192,13312
65,78,9216,13312
65,38,11264,13312
65,51,1024,14336
65,78,4096,14336
65,78,6144,14336
65,76,7168,14336
65,78,8192,14336
65,38,10240,14336
51,78,3072,15360
51,78,5120,15360
51,76,6144,15360
51,78,7168,15360
51,38,9216,15360
78,78,2048,18432
78,76,3072,18432
78,78,4096,18432
78,38,6144,18432
78,72,18432,18432
78,72,19456,18432
78,73,20480,18432
78,76,1024,20480
78,78,2048,20480
78,38,4096,20480
78,72,16384,20480
78,72,17408,20480
78,73,18432,20480
76,78,1024,21504
76,38,3072,21504
76,72,15360,21504
76,72,16384,21504
76,73,17408,21504
76,76,20480,21504
78,38,2048,22528
78,72,14336,22528
78,72,15360,22528
78,73,16384,22528
78,76,19456,22528
38,72,12288,24576
38,72,13312,24576
38,73,14336,24576
38,76,17408,24576
72,72,1024,36864
72,73,2048,36864
72,76,5120,36864
72,49,9216,36864
72,73,1024,37888
72,76,4096,37888
72,49,8192,37888
73,76,3072,38912
73,49,7168,38912
76,49,4096,41984
49,87,19456,46080
49,87,20480,46080
87,87,1024,65536
87,87,3072,65536
87,87,4096,65536
87,87,5120,65536
87,49,8192,65536
87,87,2048,66560
87,87,3072,66560
87,87,4096,66560
87,49,7168,66560
87,66,20480,66560
87,87,1024,68608
87,87,2048,68608
87,49,5120,68608
87,66,18432,68608
87,65,20480,68608
87,87,1024,69632
87,49,4096,69632
87,66,17408,69632
87,65,19456,69632
87,49,3072,70656
87,66,16384,70656
87,65,18432,70656
49,66,13312,73728
49,65,15360,73728
66,65,2048,87040
58,58,4096,114688
58,65,5120,114688
58,65,6144,114688
58,65,7168,114688
58,87,14336,114688
58,86,15360,114688
58,58,16384,114688
58,86,17408,114688
58,65,1024,118784
58,65,2048,118784
58,65,3072,118784
58,87,10240,118784
58,86,11264,118784
58,58,12288,118784
58,86,13312,118784
58,26,20480,118784
65,65,1024,119808
65,65,2048,119808
65,87,9216,119808
65,86,10240,119808
65,58,11264,119808
65,86,12288,119808
65,26,19456,119808
65,65,1024,120832
65,87,8192,120832
65,86,9216,120832
65,58,10240,120832
65,86,11264,120832
65,26,18432,120832
65,87,7168,121856
65,86,8192,121856
65,58,9216,121856
65,86,10240,121856
65,26,17408,121856
87,86,1024,129024
87,58,2048,129024
87,86,3072,129024
87,26,10240,129024
86,58,1024,130048
86,86,2048,130048
86,26,9216,130048
58,86,1024,131072
58,26,8192,131072
86,26,7168,132096
26,28,14336,139264
28,101,8192,153600
28,43,13312,153600
28,88,13312,153600
101,43,5120,161792
101,88,5120,161792
101,87,14336,161792
101,86,15360,161792
101,87,19456,161792
101,88,20480,161792
43,88,0,166912
43,87,9216,166912
43,86,10240,166912
43,87,14336,166912
43,88,15360,166912
43,87,16384,166912
43,173,16384,166912
43,90,17408,166912
43,58,18432,166912
43,87,18432,166912
43,63,20480,166912
88,87,9216,166912
88,86,10240,166912
88,87,14336,166912
88,88,15360,166912
88,87,16384,166912
88,173,16384,166912
88,90,17408,166912
88,58,18432,166912
88,87,18432,166912
88,63,20480,166912
87,86,1024,176128
87,87,5120,176128
87,88,6144,176128
87,87,7168,176128
87,173,7168,176128
87,90,8192,176128
87,58,9216,176128
87,87,9216,176128
87,63,11264,176128
87,90,13312,176128
87,90,15360,176128
87,56,16384,176128
86,87,4096,177152
86,88,5120,177152
86,87,6144,177152
86,173,6144,177152
86,90,7168,177152
86,58,8192,177152
86,87,8192,177152
86,63,10240,177152
86,90,12288,177152
86,90,14336,177152
86,56,15360,177152
87,88,1024,181248
87,87,2048,181248
87,173,2048,181248
87,90,3072,181248
87,58,4096,181248
87,87,4096,181248
87,63,6144,181248
87,90,8192,181248
87,90,10240,181248
87,56,11264,181248
87,64,17408,181248
88,87,1024,182272
88,173,1024,182272
88,90,2048,182272
88,58,3072,182272
88,87,3072,182272
88,63,5120,182272
88,90,7168,182272
88,90,9216,182272
88,56,10240,182272
88,64,16384,182272
87,173,0,183296
87,90,1024,183296
87,58,2048,183296
87,87,2048,183296
87,63,4096,183296
87,90,6144,183296
87,90,8192,183296
87,56,9216,183296
87,64,15360,183296
87,58,20480,183296
173,90,1024,183296
173,58,2048,183296
173,87,2048,183296
173,63,4096,183296
173,90,6144,183296
173,90,8192,183296
173,56,9216,183296
173,64,15360,183296
173,58,20480,183296
90,58,1024,184320
90,87,1024,184320
90,63,3072,184320
90,90,5120,184320
90,90,7168,184320
90,56,8192,184320
90,64,14336,184320
90,58,19456,184320
58,87,0,185344
58,63,2048,185344
58,90,4096,185344
58,90,6144,185344
58,56,7168,185344
58,64,13312,185344
58,58,18432,185344
87,63,2048,185344
87,90,4096,185344
87,90,6144,185344
87,56,7168,185344
87,64,13312,185344
87,58,18432,185344
63,90,2048,187392
63,90,4096,187392
63,56,5120,187392
63,64,11264,187392
63,58,16384,187392
90,90,2048,189440
90,56,3072,189440
90,64,9216,189440
90,58,14336,189440
90,56,1024,191488
90,64,7168,191488
90,58,12288,191488
90,77,20480,191488
56,64,6144,192512
56,58,11264,192512
56,77,19456,192512
64,58,5120,198656
64,77,13312,198656
64,98,18432,198656
64,65,19456,198656
64,98,19456,198656
64,98,20480,198656
64,164,20480,198656
58,77,8192,203776
58,98,13312,203776
58,65,14336,203776
58,98,14336,203776
58,98,15360,203776
58,164,15360,203776
58,62,18432,203776
77,98,5120,211968
77,65,6144,211968
77,98,6144,211968
77,98,7168,211968
77,164,7168,211968
77,62,10240,211968
77,51,14336,211968
77,52,15360,211968
98,65,1024,217088
98,98,1024,217088
98,98,2048,217088
98,164,2048,217088
98,62,5120,217088
98,51,9216,217088
98,52,10240,217088
65,98,0,218112
65,98,1024,218112
65,164,1024,218112
65,62,4096,218112
65,51,8192,218112
65,52,9216,218112
98,98,1024,218112
98,164,1024,218112
98,62,4096,218112
98,51,8192,218112
98,52,9216,218112
98,164,0,219136
98,62,3072,219136
98,51,7168,219136
98,52,8192,219136
98,60,20480,219136
164,62,3072,219136
164,51,7168,219136
164,52,8192,219136
164,60,20480,219136
62,51,4096,222208
62,52,5120,222208
62,60,17408,222208
62,57,18432,222208
51,52,1024,226304
51,60,13312,226304
51,57,14336,226304
51,52,20480,226304
52,60,12288,227328
52,57,13312,227328
52,52,19456,227328
52,50,20480,227328
60,57,1024,239616
60,52,7168,239616
60,50,8192,239616
60,29,16384,239616
60,29,17408,239616
57,52,6144,240640
57,50,7168,240640
57,29,15360,240640
57,29,16384,240640
52,50,1024,246784
52,29,9216,246784
52,29,10240,246784
52,65,17408,246784
50,29,8192,247808
50,29,9216,247808
50,65,16384,247808
29,29,1024,256000
29,65,8192,256000
29,99,13312,256000
29,64,14336,256000
29,97,15360,256000
29,97,16384,256000
29,65,7168,257024
29,99,12288,257024
29,64,13312,257024
29,97,14336,257024
29,97,15360,257024
65,99,5120,264192
65,64,6144,264192
65,97,7168,264192
65,97,8192,264192
99,64,1024,269312
99,97,2048,269312
99,97,3072,269312
99,49,17408,269312
99,97,17408,269312
99,49,18432,269312
99,97,18432,269312
99,98,19456,269312
99,97,20480,269312
64,97,1024,270336
64,97,2048,270336
64,49,16384,270336
64,97,16384,270336
64,49,17408,270336
64,97,17408,270336
64,98,18432,270336
64,97,19456,270336
64,146,20480,270336
97,97,1024,271360
97,49,15360,271360
97,97,15360,271360
97,49,16384,271360
97,97,16384,271360
97,98,17408,271360
97,97,18432,271360
97,146,19456,271360
97,49,14336,272384
97,97,14336,272384
97,49,15360,272384
97,97,15360,272384
97,98,16384,272384
97,97,17408,272384
97,146,18432,272384
97,44,20480,272384
49,97,0,286720
49,49,1024,286720
49,97,1024,286720
49,98,2048,286720
49,97,3072,286720
49,146,4096,286720
49,44,6144,286720
49,43,9216,286720
49,44,10240,286720
49,42,11264,286720
49,44,12288,286720
49,43,13312,286720
49,43,14336,286720
49,44,15360,286720
97,49,1024,286720
97,97,1024,286720
97,98,2048,286720
97,97,3072,286720
97,146,4096,286720
97,44,6144,286720
97,43,9216,286720
97,44,10240,286720
97,42,11264,286720
97,44,12288,286720
97,43,13312,286720
97,43,14336,286720
97,44,15360,286720
97,43,17408,286720
49,97,0,287744
49,98,1024,287744
49,97,2048,287744
49,146,3072,287744
49,44,5120,287744
49,43,8192,287744
49,44,9216,287744
49,42,10240,287744
49,44,11264,287744
49,43,12288,287744
49,43,13312,287744
49,44,14336,287744
49,43,16384,287744
49,46,18432,287744
97,98,1024,287744
97,97,2048,287744
97,146,3072,287744
97,44,5120,287744
97,43,8192,287744
97,44,9216,287744
97,42,10240,287744
97,44,11264,287744
97,43,12288,287744
97,43,13312,287744
97,44,14336,287744
97,43,16384,287744
97,46,18432,287744
97,52,19456,287744
98,97,1024,288768
98,146,2048,288768
98,44,4096,288768
98,43,7168,288768
98,44,8192,288768
98,42,9216,288768
98,44,10240,288768
98,43,11264,288768
98,43,12288,288768
98,44,13312,288768
98,43,15360,288768
98,46,17408,288768
98,52,18432,288768
97,146,1024,289792
97,44,3072,289792
97,43,6144,289792
97,44,7168,289792
97,42,8192,289792
97,44,9216,289792
97,43,10240,289792
97,43,11264,289792
97,44,12288,289792
97,43,14336,289792
97,46,16384,289792
97,52,17408,289792
146,44,2048,290816
146,43,5120,290816
146,44,6144,290816
146,42,7168,290816
146,44,8192,290816
146,43,9216,290816
146,43,10240,290816
146,44,11264,290816
146,43,13312,290816
146,46,15360,290816
146,52,16384,290816
44,43,3072,292864
44,44,4096,292864
44,42,5120,292864
44,44,6144,292864
44,43,7168,292864
44,43,8192,292864
44,44,9216,292864
44,43,11264,292864
44,46,13312,292864
44,52,14336,292864
43,44,1024,295936
43,42,2048,295936
43,44,3072,295936
43,43,4096,295936
43,43,5120,295936
43,44,6144,295936
43,43,8192,295936
43,46,10240,295936
43,52,11264,295936
43,32,18432,295936
43,32,19456,295936
43,32,20480,295936
44,42,1024,296960
44,44,2048,296960
44,43,3072,296960
44,43,4096,296960
44,44,5120,296960
44,43,7168,296960
44,46,9216,296960
44,52,10240,296960
44,32,17408,296960
44,32,18432,296960
44,32,19456,296960
42,44,1024,297984
42,43,2048,297984
42,43,3072,297984
42,44,4096,297984
42,43,6144,297984
42,46,8192,297984
42,52,9216,297984
42,32,16384,297984
42,32,17408,297984
42,32,18432,297984
42,32,20480,297984
44,43,1024,299008
44,43,2048,299008
44,44,3072,299008
44,43,5120,299008
44,46,7168,299008
44,52,8192,299008
44,32,15360,299008
44,32,16384,299008
44,32,17408,299008
44,32,19456,299008
44,31,20480,299008
43,43,1024,300032
43,44,2048,300032
43,43,4096,300032
43,46,6144,300032
43,52,7168,300032
43,32,14336,300032
43,32,15360,300032
43,32,16384,300032
43,32,18432,300032
43,31,19456,300032
43,44,1024,301056
43,43,3072,301056
43,46,5120,301056
43,52,6144,301056
43,32,13312,301056
43,32,14336,301056
43,32,15360,301056
43,32,17408,301056
43,31,18432,301056
44,43,2048,302080
44,46,4096,302080
44,52,5120,302080
44,32,12288,302080
44,32,13312,302080
44,32,14336,302080
44,32,16384,302080
44,31,17408,302080
43,46,2048,304128
43,52,3072,304128
43,32,10240,304128
43,32,11264,304128
43,32,12288,304128
43,32,14336,304128
43,31,15360,304128
43,66,19456,304128
43,58,20480,304128
43,145,20480,304128
46,52,1024,306176
46,32,8192,306176
46,32,9216,306176
46,32,10240,306176
46,32,12288,306176
46,31,13312,306176
46,66,17408,306176
46,58,18432,306176
46,145,18432,306176
52,32,7168,307200
52,32,8192,307200
52,32,9216,307200
52,32,11264,307200
52,31,12288,307200
52,66,16384,307200
52,58,17408,307200
52,145,17408,307200
32,32,1024,314368
32,32,2048,314368
32,32,4096,314368
32,31,5120,314368
32,66,9216,314368
32,58,10240,314368
32,145,10240,314368
32,32,1024,315392
32,32,3072,315392
32,31,4096,315392
32,66,8192,315392
32,58,9216,315392
32,145,9216,315392
32,32,2048,316416
32,31,3072,316416
32,66,7168,316416
32,58,8192,316416
32,145,8192,316416
32,31,1024,318464
32,66,5120,318464
32,58,6144,318464
32,145,6144,318464
31,66,4096,319488
31,58,5120,319488
31,145,5120,319488
66,58,1024,323584
66,145,1024,323584
58,145,0,324608
