22,23,11264,8192
22,21,17408,8192
23,21,6144,19456
23,26,10240,19456
23,26,11264,19456
23,25,12288,19456
23,23,13312,19456
21,26,4096,25600
21,26,5120,25600
21,25,6144,25600
21,23,7168,25600
26,26,1024,29696
26,25,2048,29696
26,23,3072,29696
26,26,17408,29696
26,25,1024,30720
26,23,2048,30720
26,26,16384,30720
25,23,1024,31744
25,26,15360,31744
23,26,14336,32768
26,23,8192,47104
26,23,9216,47104
26,23,10240,47104
26,23,11264,47104
26,18,18432,47104
26,18,20480,47104
23,23,1024,55296
23,23,2048,55296
23,23,3072,55296
23,18,10240,55296
23,18,12288,55296
23,23,1024,56320
23,23,2048,56320
23,18,9216,56320
23,18,11264,56320
23,23,1024,57344
23,18,8192,57344
23,18,10240,57344
23,18,7168,58368
23,18,9216,58368
18,18,2048,65536
45,21,4096,90112
20,20,2048,115712
20,20,3072,115712
20,25,12288,115712
20,20,18432,115712
20,20,1024,117760
20,25,10240,117760
20,20,16384,117760
20,44,19456,117760
20,23,20480,117760
20,25,9216,118784
20,20,15360,118784
20,44,18432,118784
20,23,19456,118784
20,46,20480,118784
25,20,6144,128000
25,44,9216,128000
25,23,10240,128000
25,46,11264,128000
25,23,14336,128000
25,23,16384,128000
25,46,17408,128000
25,26,18432,128000
25,52,18432,128000
25,52,20480,128000
20,44,3072,134144
20,23,4096,134144
20,46,5120,134144
20,23,8192,134144
20,23,10240,134144
20,46,11264,134144
20,26,12288,134144
20,52,12288,134144
20,52,14336,134144
44,23,1024,137216
44,46,2048,137216
44,23,5120,137216
44,23,7168,137216
44,46,8192,137216
44,26,9216,137216
44,52,9216,137216
44,52,11264,137216
23,46,1024,138240
23,23,4096,138240
23,23,6144,138240
23,46,7168,138240
23,26,8192,138240
23,52,8192,138240
23,52,10240,138240
46,23,3072,139264
46,23,5120,139264
46,46,6144,139264
46,26,7168,139264
46,52,7168,139264
46,52,9216,139264
23,23,2048,142336
23,46,3072,142336
23,26,4096,142336
23,52,4096,142336
23,52,6144,142336
23,46,1024,144384
23,26,2048,144384
23,52,2048,144384
23,52,4096,144384
23,20,19456,144384
46,26,1024,145408
46,52,1024,145408
46,52,3072,145408
46,20,18432,145408
26,52,0,146432
26,52,2048,146432
26,20,17408,146432
52,52,2048,146432
52,20,17408,146432
52,20,15360,148480
52,20,19456,148480
20,20,4096,163840
20,50,8192,163840
20,54,10240,163840
20,69,15360,163840
20,103,15360,163840
20,38,17408,163840
20,40,18432,163840
20,41,19456,163840
20,81,20480,163840
20,50,4096,167936
20,54,6144,167936
20,69,11264,167936
20,103,11264,167936
20,38,13312,167936
20,40,14336,167936
20,41,15360,167936
20,81,16384,167936
20,77,17408,167936
20,154,17408,167936
20,77,18432,167936
20,116,18432,167936
20,77,19456,167936
50,54,2048,172032
50,69,7168,172032
50,103,7168,172032
50,38,9216,172032
50,40,10240,172032
50,41,11264,172032
50,81,12288,172032
50,77,13312,172032
50,154,13312,172032
50,77,14336,172032
50,116,14336,172032
50,77,15360,172032
50,69,17408,172032
50,103,17408,172032
54,69,5120,174080
54,103,5120,174080
54,38,7168,174080
54,40,8192,174080
54,41,9216,174080
54,81,10240,174080
54,77,11264,174080
54,154,11264,174080
54,77,12288,174080
54,116,12288,174080
54,77,13312,174080
54,69,15360,174080
54,103,15360,174080
54,172,15360,174080
69,103,0,179200
69,38,2048,179200
69,40,3072,179200
69,41,4096,179200
69,81,5120,179200
69,77,6144,179200
69,154,6144,179200
69,77,7168,179200
69,116,7168,179200
69,77,8192,179200
69,69,10240,179200
69,103,10240,179200
69,172,10240,179200
69,68,11264,179200
103,38,2048,179200
103,40,3072,179200
103,41,4096,179200
103,81,5120,179200
103,77,6144,179200
103,154,6144,179200
103,77,7168,179200
103,116,7168,179200
103,77,8192,179200
103,69,10240,179200
103,103,10240,179200
103,172,10240,179200
103,68,11264,179200
103,102,11264,179200
38,40,1024,181248
38,41,2048,181248
38,81,3072,181248
38,77,4096,181248
38,154,4096,181248
38,77,5120,181248
38,116,5120,181248
38,77,6144,181248
38,69,8192,181248
38,103,8192,181248
38,172,8192,181248
38,68,9216,181248
38,102,9216,181248
38,170,9216,181248
40,41,1024,182272
40,81,2048,182272
40,77,3072,182272
40,154,3072,182272
40,77,4096,182272
40,116,4096,182272
40,77,5120,182272
40,69,7168,182272
40,103,7168,182272
40,172,7168,182272
40,68,8192,182272
40,102,8192,182272
40,170,8192,182272
40,69,9216,182272
41,81,1024,183296
41,77,2048,183296
41,154,2048,183296
41,77,3072,183296
41,116,3072,183296
41,77,4096,183296
41,69,6144,183296
41,103,6144,183296
41,172,6144,183296
41,68,7168,183296
41,102,7168,183296
41,170,7168,183296
41,69,8192,183296
41,104,8192,183296
81,77,1024,184320
81,154,1024,184320
81,77,2048,184320
81,116,2048,184320
81,77,3072,184320
81,69,5120,184320
81,103,5120,184320
81,172,5120,184320
81,68,6144,184320
81,102,6144,184320
81,170,6144,184320
81,69,7168,184320
81,104,7168,184320
81,173,7168,184320
77,154,0,185344
77,77,1024,185344
77,116,1024,185344
77,77,2048,185344
77,69,4096,185344
77,103,4096,185344
77,172,4096,185344
77,68,5120,185344
77,102,5120,185344
77,170,5120,185344
77,69,6144,185344
77,104,6144,185344
77,173,6144,185344
77,103,7168,185344
154,77,1024,185344
154,116,1024,185344
154,77,2048,185344
154,69,4096,185344
154,103,4096,185344
154,172,4096,185344
154,68,5120,185344
154,102,5120,185344
154,170,5120,185344
154,69,6144,185344
154,104,6144,185344
154,173,6144,185344
154,103,7168,185344
154,68,8192,185344
77,116,0,186368
77,77,1024,186368
77,69,3072,186368
77,103,3072,186368
77,172,3072,186368
77,68,4096,186368
77,102,4096,186368
77,170,4096,186368
77,69,5120,186368
77,104,5120,186368
77,173,5120,186368
77,103,6144,186368
77,68,7168,186368
77,101,7168,186368
116,77,1024,186368
116,69,3072,186368
116,103,3072,186368
116,172,3072,186368
116,68,4096,186368
116,102,4096,186368
116,170,4096,186368
116,69,5120,186368
116,104,5120,186368
116,173,5120,186368
116,103,6144,186368
116,68,7168,186368
116,101,7168,186368
116,104,8192,186368
77,69,2048,187392
77,103,2048,187392
77,172,2048,187392
77,68,3072,187392
77,102,3072,187392
77,170,3072,187392
77,69,4096,187392
77,104,4096,187392
77,173,4096,187392
77,103,5120,187392
77,68,6144,187392
77,101,6144,187392
77,104,7168,187392
77,50,13312,187392
69,103,0,189440
69,172,0,189440
69,68,1024,189440
69,102,1024,189440
69,170,1024,189440
69,69,2048,189440
69,104,2048,189440
69,173,2048,189440
69,103,3072,189440
69,68,4096,189440
69,101,4096,189440
69,104,5120,189440
69,50,11264,189440
103,172,0,189440
103,68,1024,189440
103,102,1024,189440
103,170,1024,189440
103,69,2048,189440
103,104,2048,189440
103,173,2048,189440
103,103,3072,189440
103,68,4096,189440
103,101,4096,189440
103,104,5120,189440
103,50,11264,189440
172,68,1024,189440
172,102,1024,189440
172,170,1024,189440
172,69,2048,189440
172,104,2048,189440
172,173,2048,189440
172,103,3072,189440
172,68,4096,189440
172,101,4096,189440
172,104,5120,189440
172,50,11264,189440
68,102,0,190464
68,170,0,190464
68,69,1024,190464
68,104,1024,190464
68,173,1024,190464
68,103,2048,190464
68,68,3072,190464
68,101,3072,190464
68,104,4096,190464
68,50,10240,190464
102,170,0,190464
102,69,1024,190464
102,104,1024,190464
102,173,1024,190464
102,103,2048,190464
102,68,3072,190464
102,101,3072,190464
102,104,4096,190464
102,50,10240,190464
170,69,1024,190464
170,104,1024,190464
170,173,1024,190464
170,103,2048,190464
170,68,3072,190464
170,101,3072,190464
170,104,4096,190464
170,50,10240,190464
69,104,0,191488
69,173,0,191488
69,103,1024,191488
69,68,2048,191488
69,101,2048,191488
69,104,3072,191488
69,50,9216,191488
69,22,20480,191488
104,173,0,191488
104,103,1024,191488
104,68,2048,191488
104,101,2048,191488
104,104,3072,191488
104,50,9216,191488
104,22,20480,191488
173,103,1024,191488
173,68,2048,191488
173,101,2048,191488
173,104,3072,191488
173,50,9216,191488
173,22,20480,191488
103,68,1024,192512
103,101,1024,192512
103,104,2048,192512
103,50,8192,192512
103,22,19456,192512
68,101,0,193536
68,104,1024,193536
68,50,7168,193536
68,22,18432,193536
68,20,20480,193536
101,104,1024,193536
101,50,7168,193536
101,22,18432,193536
101,20,20480,193536
104,50,6144,194560
104,22,17408,194560
104,20,19456,194560
50,22,11264,200704
50,20,13312,200704
22,20,2048,211968
22,18,13312,211968
22,23,18432,211968
22,23,19456,211968
22,25,20480,211968
20,18,11264,214016
20,23,16384,214016
20,23,17408,214016
20,25,18432,214016
20,27,20480,214016
18,23,5120,225280
18,23,6144,225280
18,25,7168,225280
18,27,9216,225280
18,55,11264,225280
18,51,12288,225280
18,102,13312,225280
18,51,14336,225280
18,90,16384,225280
18,20,19456,225280
23,23,1024,230400
23,25,2048,230400
23,27,4096,230400
23,55,6144,230400
23,51,7168,230400
23,102,8192,230400
23,51,9216,230400
23,90,11264,230400
23,20,14336,230400
23,23,20480,230400
23,25,1024,231424
23,27,3072,231424
23,55,5120,231424
23,51,6144,231424
23,102,7168,231424
23,51,8192,231424
23,90,10240,231424
23,20,13312,231424
23,23,19456,231424
25,27,2048,232448
25,55,4096,232448
25,51,5120,232448
25,102,6144,232448
25,51,7168,232448
25,90,9216,232448
25,20,12288,232448
25,23,18432,232448
27,55,2048,234496
27,51,3072,234496
27,102,4096,234496
27,51,5120,234496
27,90,7168,234496
27,20,10240,234496
27,23,16384,234496
55,51,1024,236544
55,102,2048,236544
55,51,3072,236544
55,90,5120,236544
55,20,8192,236544
55,23,14336,236544
51,102,1024,237568
51,51,2048,237568
51,90,4096,237568
51,20,7168,237568
51,23,13312,237568
102,51,1024,238592
102,90,3072,238592
102,20,6144,238592
102,23,12288,238592
51,90,2048,239616
51,20,5120,239616
51,23,11264,239616
90,20,3072,241664
90,23,9216,241664
20,23,6144,244736
26,51,0,283648
26,21,1024,283648
26,23,12288,283648
26,23,13312,283648
26,23,15360,283648
26,24,16384,283648
51,21,1024,283648
51,23,12288,283648
51,23,13312,283648
51,23,15360,283648
51,24,16384,283648
21,23,11264,284672
21,23,12288,284672
21,23,14336,284672
21,24,15360,284672
21,81,20480,284672
23,23,1024,295936
23,23,3072,295936
23,24,4096,295936
23,81,9216,295936
23,20,14336,295936
23,20,15360,295936
23,23,2048,296960
23,24,3072,296960
23,81,8192,296960
23,20,13312,296960
23,20,14336,296960
23,24,1024,299008
23,81,6144,299008
23,20,11264,299008
23,20,12288,299008
24,81,5120,300032
24,20,10240,300032
24,20,11264,300032
24,19,20480,300032
81,20,5120,305152
81,20,6144,305152
81,19,15360,305152
81,20,18432,305152
81,21,19456,305152
20,20,1024,310272
20,19,10240,310272
20,20,13312,310272
20,21,14336,310272
20,23,16384,310272
20,47,18432,310272
20,19,9216,311296
20,20,12288,311296
20,21,13312,311296
20,23,15360,311296
20,47,17408,311296
19,20,3072,320512
19,21,4096,320512
19,23,6144,320512
19,47,8192,320512
20,21,1024,323584
20,23,3072,323584
20,47,5120,323584
21,23,2048,324608
21,47,4096,324608
23,47,2048,326656
