18,36,18432,76800
36,101,5120,95232
36,95,6144,95232
36,94,7168,95232
36,13,8192,95232
36,72,10240,95232
36,69,11264,95232
36,9,12288,95232
36,70,13312,95232
36,69,14336,95232
36,69,15360,95232
36,17,16384,95232
36,11,17408,95232
36,8,18432,95232
36,7,19456,95232
101,95,1024,100352
101,94,2048,100352
101,13,3072,100352
101,72,5120,100352
101,69,6144,100352
101,9,7168,100352
101,70,8192,100352
101,69,9216,100352
101,69,10240,100352
101,17,11264,100352
101,11,12288,100352
101,8,13312,100352
101,7,14336,100352
101,69,15360,100352
95,94,1024,101376
95,13,2048,101376
95,72,4096,101376
95,69,5120,101376
95,9,6144,101376
95,70,7168,101376
95,69,8192,101376
95,69,9216,101376
95,17,10240,101376
95,11,11264,101376
95,8,12288,101376
95,7,13312,101376
95,69,14336,101376
95,69,15360,101376
94,13,1024,102400
94,72,3072,102400
94,69,4096,102400
94,9,5120,102400
94,70,6144,102400
94,69,7168,102400
94,69,8192,102400
94,17,9216,102400
94,11,10240,102400
94,8,11264,102400
94,7,12288,102400
94,69,13312,102400
94,69,14336,102400
94,69,15360,102400
13,72,2048,103424
13,69,3072,103424
13,9,4096,103424
13,70,5120,103424
13,69,6144,103424
13,69,7168,103424
13,17,8192,103424
13,11,9216,103424
13,8,10240,103424
13,7,11264,103424
13,69,12288,103424
13,69,13312,103424
13,69,14336,103424
13,10,15360,103424
72,69,1024,105472
72,9,2048,105472
72,70,3072,105472
72,69,4096,105472
72,69,5120,105472
72,17,6144,105472
72,11,7168,105472
72,8,8192,105472
72,7,9216,105472
72,69,10240,105472
72,69,11264,105472
72,69,12288,105472
72,10,13312,105472
72,69,14336,105472
69,9,1024,106496
69,70,2048,106496
69,69,3072,106496
69,69,4096,106496
69,17,5120,106496
69,11,6144,106496
69,8,7168,106496
69,7,8192,106496
69,69,9216,106496
69,69,10240,106496
69,69,11264,106496
69,10,12288,106496
69,69,13312,106496
69,69,14336,106496
9,70,1024,107520
9,69,2048,107520
9,69,3072,107520
9,17,4096,107520
9,11,5120,107520
9,8,6144,107520
9,7,7168,107520
9,69,8192,107520
9,69,9216,107520
9,69,10240,107520
9,10,11264,107520
9,69,12288,107520
9,69,13312,107520
9,69,14336,107520
70,69,1024,108544
70,69,2048,108544
70,17,3072,108544
70,11,4096,108544
70,8,5120,108544
70,7,6144,108544
70,69,7168,108544
70,69,8192,108544
70,69,9216,108544
70,10,10240,108544
70,69,11264,108544
70,69,12288,108544
70,69,13312,108544
70,69,14336,108544
69,69,1024,109568
69,17,2048,109568
69,11,3072,109568
69,8,4096,109568
69,7,5120,109568
69,69,6144,109568
69,69,7168,109568
69,69,8192,109568
69,10,9216,109568
69,69,10240,109568
69,69,11264,109568
69,69,12288,109568
69,69,13312,109568
69,69,15360,109568
69,17,1024,110592
69,11,2048,110592
69,8,3072,110592
69,7,4096,110592
69,69,5120,110592
69,69,6144,110592
69,69,7168,110592
69,10,8192,110592
69,69,9216,110592
69,69,10240,110592
69,69,11264,110592
69,69,12288,110592
69,69,14336,110592
69,92,15360,110592
17,11,1024,111616
17,8,2048,111616
17,7,3072,111616
17,69,4096,111616
17,69,5120,111616
17,69,6144,111616
17,10,7168,111616
17,69,8192,111616
17,69,9216,111616
17,69,10240,111616
17,69,11264,111616
17,69,13312,111616
17,92,14336,111616
17,9,15360,111616
11,8,1024,112640
11,7,2048,112640
11,69,3072,112640
11,69,4096,112640
11,69,5120,112640
11,10,6144,112640
11,69,7168,112640
11,69,8192,112640
11,69,9216,112640
11,69,10240,112640
11,69,12288,112640
11,92,13312,112640
11,9,14336,112640
11,17,15360,112640
8,7,1024,113664
8,69,2048,113664
8,69,3072,113664
8,69,4096,113664
8,10,5120,113664
8,69,6144,113664
8,69,7168,113664
8,69,8192,113664
8,69,9216,113664
8,69,11264,113664
8,92,12288,113664
8,9,13312,113664
8,17,14336,113664
8,69,15360,113664
7,69,1024,114688
7,69,2048,114688
7,69,3072,114688
7,10,4096,114688
7,69,5120,114688
7,69,6144,114688
7,69,7168,114688
7,69,8192,114688
7,69,10240,114688
7,92,11264,114688
7,9,12288,114688
7,17,13312,114688
7,69,14336,114688
69,69,1024,115712
69,69,2048,115712
69,10,3072,115712
69,69,4096,115712
69,69,5120,115712
69,69,6144,115712
69,69,7168,115712
69,69,9216,115712
69,92,10240,115712
69,9,11264,115712
69,17,12288,115712
69,69,13312,115712
69,17,20480,115712
69,69,1024,116736
69,10,2048,116736
69,69,3072,116736
69,69,4096,116736
69,69,5120,116736
69,69,6144,116736
69,69,8192,116736
69,92,9216,116736
69,9,10240,116736
69,17,11264,116736
69,69,12288,116736
69,17,19456,116736
69,10,1024,117760
69,69,2048,117760
69,69,3072,117760
69,69,4096,117760
69,69,5120,117760
69,69,7168,117760
69,92,8192,117760
69,9,9216,117760
69,17,10240,117760
69,69,11264,117760
69,17,18432,117760
69,10,20480,117760
10,69,1024,118784
10,69,2048,118784
10,69,3072,118784
10,69,4096,118784
10,69,6144,118784
10,92,7168,118784
10,9,8192,118784
10,17,9216,118784
10,69,10240,118784
10,17,17408,118784
10,10,19456,118784
10,6,20480,118784
69,69,1024,119808
69,69,2048,119808
69,69,3072,119808
69,69,5120,119808
69,92,6144,119808
69,9,7168,119808
69,17,8192,119808
69,69,9216,119808
69,17,16384,119808
69,10,18432,119808
69,6,19456,119808
69,88,20480,119808
69,69,1024,120832
69,69,2048,120832
69,69,4096,120832
69,92,5120,120832
69,9,6144,120832
69,17,7168,120832
69,69,8192,120832
69,17,15360,120832
69,10,17408,120832
69,6,18432,120832
69,88,19456,120832
69,87,20480,120832
69,69,1024,121856
69,69,3072,121856
69,92,4096,121856
69,9,5120,121856
69,17,6144,121856
69,69,7168,121856
69,17,14336,121856
69,10,16384,121856
69,6,17408,121856
69,88,18432,121856
69,87,19456,121856
69,69,2048,122880
69,92,3072,122880
69,9,4096,122880
69,17,5120,122880
69,69,6144,122880
69,17,13312,122880
69,10,15360,122880
69,6,16384,122880
69,88,17408,122880
69,87,18432,122880
69,70,20480,122880
69,92,1024,124928
69,9,2048,124928
69,17,3072,124928
69,69,4096,124928
69,17,11264,124928
69,10,13312,124928
69,6,14336,124928
69,88,15360,124928
69,87,16384,124928
69,70,18432,124928
69,87,19456,124928
69,13,20480,124928
92,9,1024,125952
92,17,2048,125952
92,69,3072,125952
92,17,10240,125952
92,10,12288,125952
92,6,13312,125952
92,88,14336,125952
92,87,15360,125952
92,70,17408,125952
92,87,18432,125952
92,13,19456,125952
92,5,20480,125952
9,17,1024,126976
9,69,2048,126976
9,17,9216,126976
9,10,11264,126976
9,6,12288,126976
9,88,13312,126976
9,87,14336,126976
9,70,16384,126976
9,87,17408,126976
9,13,18432,126976
9,5,19456,126976
9,88,20480,126976
17,69,1024,128000
17,17,8192,128000
17,10,10240,128000
17,6,11264,128000
17,88,12288,128000
17,87,13312,128000
17,70,15360,128000
17,87,16384,128000
17,13,17408,128000
17,5,18432,128000
17,88,19456,128000
69,17,7168,129024
69,10,9216,129024
69,6,10240,129024
69,88,11264,129024
69,87,12288,129024
69,70,14336,129024
69,87,15360,129024
69,13,16384,129024
69,5,17408,129024
69,88,18432,129024
69,10,20480,129024
17,10,2048,136192
17,6,3072,136192
17,88,4096,136192
17,87,5120,136192
17,70,7168,136192
17,87,8192,136192
17,13,9216,136192
17,5,10240,136192
17,88,11264,136192
17,10,13312,136192
17,8,14336,136192
17,72,15360,136192
10,6,1024,138240
10,88,2048,138240
10,87,3072,138240
10,70,5120,138240
10,87,6144,138240
10,13,7168,138240
10,5,8192,138240
10,88,9216,138240
10,10,11264,138240
10,8,12288,138240
10,72,13312,138240
10,9,19456,138240
6,88,1024,139264
6,87,2048,139264
6,70,4096,139264
6,87,5120,139264
6,13,6144,139264
6,5,7168,139264
6,88,8192,139264
6,10,10240,139264
6,8,11264,139264
6,72,12288,139264
6,9,18432,139264
88,87,1024,140288
88,70,3072,140288
88,87,4096,140288
88,13,5120,140288
88,5,6144,140288
88,88,7168,140288
88,10,9216,140288
88,8,10240,140288
88,72,11264,140288
88,9,17408,140288
87,70,2048,141312
87,87,3072,141312
87,13,4096,141312
87,5,5120,141312
87,88,6144,141312
87,10,8192,141312
87,8,9216,141312
87,72,10240,141312
87,9,16384,141312
87,5,20480,141312
70,87,1024,143360
70,13,2048,143360
70,5,3072,143360
70,88,4096,143360
70,10,6144,143360
70,8,7168,143360
70,72,8192,143360
70,9,14336,143360
70,5,18432,143360
87,13,1024,144384
87,5,2048,144384
87,88,3072,144384
87,10,5120,144384
87,8,6144,144384
87,72,7168,144384
87,9,13312,144384
87,5,17408,144384
87,46,20480,144384
13,5,1024,145408
13,88,2048,145408
13,10,4096,145408
13,8,5120,145408
13,72,6144,145408
13,9,12288,145408
13,5,16384,145408
13,46,19456,145408
5,88,1024,146432
5,10,3072,146432
5,8,4096,146432
5,72,5120,146432
5,9,11264,146432
5,5,15360,146432
5,46,18432,146432
88,10,2048,147456
88,8,3072,147456
88,72,4096,147456
88,9,10240,147456
88,5,14336,147456
88,46,17408,147456
88,105,20480,147456
10,8,1024,149504
10,72,2048,149504
10,9,8192,149504
10,5,12288,149504
10,46,15360,149504
10,105,18432,149504
10,10,19456,149504
10,118,20480,149504
8,72,1024,150528
8,9,7168,150528
8,5,11264,150528
8,46,14336,150528
8,105,17408,150528
8,10,18432,150528
8,118,19456,150528
8,119,20480,150528
72,9,6144,151552
72,5,10240,151552
72,46,13312,151552
72,105,16384,151552
72,10,17408,151552
72,118,18432,151552
72,119,19456,151552
72,121,20480,151552
9,5,4096,157696
9,46,7168,157696
9,105,10240,157696
9,10,11264,157696
9,118,12288,157696
9,119,13312,157696
9,121,14336,157696
9,119,15360,157696
9,118,16384,157696
9,10,17408,157696
9,118,18432,157696
9,6,19456,157696
9,104,20480,157696
5,46,3072,161792
5,105,6144,161792
5,10,7168,161792
5,118,8192,161792
5,119,9216,161792
5,121,10240,161792
5,119,11264,161792
5,118,12288,161792
5,10,13312,161792
5,118,14336,161792
5,6,15360,161792
5,104,16384,161792
5,105,17408,161792
5,103,18432,161792
46,105,3072,164864
46,10,4096,164864
46,118,5120,164864
46,119,6144,164864
46,121,7168,164864
46,119,8192,164864
46,118,9216,164864
46,10,10240,164864
46,118,11264,164864
46,6,12288,164864
46,104,13312,164864
46,105,14336,164864
46,103,15360,164864
46,9,16384,164864
105,10,1024,167936
105,118,2048,167936
105,119,3072,167936
105,121,4096,167936
105,119,5120,167936
105,118,6144,167936
105,10,7168,167936
105,118,8192,167936
105,6,9216,167936
105,104,10240,167936
105,105,11264,167936
105,103,12288,167936
105,9,13312,167936
105,103,14336,167936
10,118,1024,168960
10,119,2048,168960
10,121,3072,168960
10,119,4096,168960
10,118,5120,168960
10,10,6144,168960
10,118,7168,168960
10,6,8192,168960
10,104,9216,168960
10,105,10240,168960
10,103,11264,168960
10,9,12288,168960
10,103,13312,168960
10,103,14336,168960
118,119,1024,169984
118,121,2048,169984
118,119,3072,169984
118,118,4096,169984
118,10,5120,169984
118,118,6144,169984
118,6,7168,169984
118,104,8192,169984
118,105,9216,169984
118,103,10240,169984
118,9,11264,169984
118,103,12288,169984
118,103,13312,169984
118,104,14336,169984
119,121,1024,171008
119,119,2048,171008
119,118,3072,171008
119,10,4096,171008
119,118,5120,171008
119,6,6144,171008
119,104,7168,171008
119,105,8192,171008
119,103,9216,171008
119,9,10240,171008
119,103,11264,171008
119,103,12288,171008
119,104,13312,171008
119,103,14336,171008
121,119,1024,172032
121,118,2048,172032
121,10,3072,172032
121,118,4096,172032
121,6,5120,172032
121,104,6144,172032
121,105,7168,172032
121,103,8192,172032
121,9,9216,172032
121,103,10240,172032
121,103,11264,172032
121,104,12288,172032
121,103,13312,172032
121,104,14336,172032
119,118,1024,173056
119,10,2048,173056
119,118,3072,173056
119,6,4096,173056
119,104,5120,173056
119,105,6144,173056
119,103,7168,173056
119,9,8192,173056
119,103,9216,173056
119,103,10240,173056
119,104,11264,173056
119,103,12288,173056
119,104,13312,173056
119,104,14336,173056
118,10,1024,174080
118,118,2048,174080
118,6,3072,174080
118,104,4096,174080
118,105,5120,174080
118,103,6144,174080
118,9,7168,174080
118,103,8192,174080
118,103,9216,174080
118,104,10240,174080
118,103,11264,174080
118,104,12288,174080
118,104,13312,174080
118,10,14336,174080
10,118,1024,175104
10,6,2048,175104
10,104,3072,175104
10,105,4096,175104
10,103,5120,175104
10,9,6144,175104
10,103,7168,175104
10,103,8192,175104
10,104,9216,175104
10,103,10240,175104
10,104,11264,175104
10,104,12288,175104
10,10,13312,175104
10,103,14336,175104
118,6,1024,176128
118,104,2048,176128
118,105,3072,176128
118,103,4096,176128
118,9,5120,176128
118,103,6144,176128
118,103,7168,176128
118,104,8192,176128
118,103,9216,176128
118,104,10240,176128
118,104,11264,176128
118,10,12288,176128
118,103,13312,176128
118,103,14336,176128
6,104,1024,177152
6,105,2048,177152
6,103,3072,177152
6,9,4096,177152
6,103,5120,177152
6,103,6144,177152
6,104,7168,177152
6,103,8192,177152
6,104,9216,177152
6,104,10240,177152
6,10,11264,177152
6,103,12288,177152
6,103,13312,177152
6,104,14336,177152
104,105,1024,178176
104,103,2048,178176
104,9,3072,178176
104,103,4096,178176
104,103,5120,178176
104,104,6144,178176
104,103,7168,178176
104,104,8192,178176
104,104,9216,178176
104,10,10240,178176
104,103,11264,178176
104,103,12288,178176
104,104,13312,178176
104,6,14336,178176
105,103,1024,179200
105,9,2048,179200
105,103,3072,179200
105,103,4096,179200
105,104,5120,179200
105,103,6144,179200
105,104,7168,179200
105,104,8192,179200
105,10,9216,179200
105,103,10240,179200
105,103,11264,179200
105,104,12288,179200
105,6,13312,179200
105,69,14336,179200
103,9,1024,180224
103,103,2048,180224
103,103,3072,180224
103,104,4096,180224
103,103,5120,180224
103,104,6144,180224
103,104,7168,180224
103,10,8192,180224
103,103,9216,180224
103,103,10240,180224
103,104,11264,180224
103,6,12288,180224
103,69,13312,180224
103,69,14336,180224
9,103,1024,181248
9,103,2048,181248
9,104,3072,181248
9,103,4096,181248
9,104,5120,181248
9,104,6144,181248
9,10,7168,181248
9,103,8192,181248
9,103,9216,181248
9,104,10240,181248
9,6,11264,181248
9,69,12288,181248
9,69,13312,181248
9,70,14336,181248
103,103,1024,182272
103,104,2048,182272
103,103,3072,182272
103,104,4096,182272
103,104,5120,182272
103,10,6144,182272
103,103,7168,182272
103,103,8192,182272
103,104,9216,182272
103,6,10240,182272
103,69,11264,182272
103,69,12288,182272
103,70,13312,182272
103,59,16384,182272
103,104,1024,183296
103,103,2048,183296
103,104,3072,183296
103,104,4096,183296
103,10,5120,183296
103,103,6144,183296
103,103,7168,183296
103,104,8192,183296
103,6,9216,183296
103,69,10240,183296
103,69,11264,183296
103,70,12288,183296
103,59,15360,183296
103,68,17408,183296
104,103,1024,184320
104,104,2048,184320
104,104,3072,184320
104,10,4096,184320
104,103,5120,184320
104,103,6144,184320
104,104,7168,184320
104,6,8192,184320
104,69,9216,184320
104,69,10240,184320
104,70,11264,184320
104,59,14336,184320
104,68,16384,184320
104,76,17408,184320
103,104,1024,185344
103,104,2048,185344
103,10,3072,185344
103,103,4096,185344
103,103,5120,185344
103,104,6144,185344
103,6,7168,185344
103,69,8192,185344
103,69,9216,185344
103,70,10240,185344
103,59,13312,185344
103,68,15360,185344
103,76,16384,185344
103,88,17408,185344
104,104,1024,186368
104,10,2048,186368
104,103,3072,186368
104,103,4096,186368
104,104,5120,186368
104,6,6144,186368
104,69,7168,186368
104,69,8192,186368
104,70,9216,186368
104,59,12288,186368
104,68,14336,186368
104,76,15360,186368
104,88,16384,186368
104,68,17408,186368
104,10,1024,187392
104,103,2048,187392
104,103,3072,187392
104,104,4096,187392
104,6,5120,187392
104,69,6144,187392
104,69,7168,187392
104,70,8192,187392
104,59,11264,187392
104,68,13312,187392
104,76,14336,187392
104,88,15360,187392
104,68,16384,187392
104,10,18432,187392
10,103,1024,188416
10,103,2048,188416
10,104,3072,188416
10,6,4096,188416
10,69,5120,188416
10,69,6144,188416
10,70,7168,188416
10,59,10240,188416
10,68,12288,188416
10,76,13312,188416
10,88,14336,188416
10,68,15360,188416
10,10,17408,188416
10,8,18432,188416
103,103,1024,189440
103,104,2048,189440
103,6,3072,189440
103,69,4096,189440
103,69,5120,189440
103,70,6144,189440
103,59,9216,189440
103,68,11264,189440
103,76,12288,189440
103,88,13312,189440
103,68,14336,189440
103,10,16384,189440
103,8,17408,189440
103,6,18432,189440
103,104,1024,190464
103,6,2048,190464
103,69,3072,190464
103,69,4096,190464
103,70,5120,190464
103,59,8192,190464
103,68,10240,190464
103,76,11264,190464
103,88,12288,190464
103,68,13312,190464
103,10,15360,190464
103,8,16384,190464
103,6,17408,190464
104,6,1024,191488
104,69,2048,191488
104,69,3072,191488
104,70,4096,191488
104,59,7168,191488
104,68,9216,191488
104,76,10240,191488
104,88,11264,191488
104,68,12288,191488
104,10,14336,191488
104,8,15360,191488
104,6,16384,191488
104,10,20480,191488
6,69,1024,192512
6,69,2048,192512
6,70,3072,192512
6,59,6144,192512
6,68,8192,192512
6,76,9216,192512
6,88,10240,192512
6,68,11264,192512
6,10,13312,192512
6,8,14336,192512
6,6,15360,192512
6,10,19456,192512
6,53,20480,192512
69,69,1024,193536
69,70,2048,193536
69,59,5120,193536
69,68,7168,193536
69,76,8192,193536
69,88,9216,193536
69,68,10240,193536
69,10,12288,193536
69,8,13312,193536
69,6,14336,193536
69,10,18432,193536
69,53,19456,193536
69,59,20480,193536
69,70,1024,194560
69,59,4096,194560
69,68,6144,194560
69,76,7168,194560
69,88,8192,194560
69,68,9216,194560
69,10,11264,194560
69,8,12288,194560
69,6,13312,194560
69,10,17408,194560
69,53,18432,194560
69,59,19456,194560
69,58,20480,194560
70,59,3072,195584
70,68,5120,195584
70,76,6144,195584
70,88,7168,195584
70,68,8192,195584
70,10,10240,195584
70,8,11264,195584
70,6,12288,195584
70,10,16384,195584
70,53,17408,195584
70,59,18432,195584
70,58,19456,195584
70,76,20480,195584
59,68,2048,198656
59,76,3072,198656
59,88,4096,198656
59,68,5120,198656
59,10,7168,198656
59,8,8192,198656
59,6,9216,198656
59,10,13312,198656
59,53,14336,198656
59,59,15360,198656
59,58,16384,198656
59,76,17408,198656
59,11,20480,198656
68,76,1024,200704
68,88,2048,200704
68,68,3072,200704
68,10,5120,200704
68,8,6144,200704
68,6,7168,200704
68,10,11264,200704
68,53,12288,200704
68,59,13312,200704
68,58,14336,200704
68,76,15360,200704
68,11,18432,200704
68,8,19456,200704
76,88,1024,201728
76,68,2048,201728
76,10,4096,201728
76,8,5120,201728
76,6,6144,201728
76,10,10240,201728
76,53,11264,201728
76,59,12288,201728
76,58,13312,201728
76,76,14336,201728
76,11,17408,201728
76,8,18432,201728
88,68,1024,202752
88,10,3072,202752
88,8,4096,202752
88,6,5120,202752
88,10,9216,202752
88,53,10240,202752
88,59,11264,202752
88,58,12288,202752
88,76,13312,202752
88,11,16384,202752
88,8,17408,202752
88,7,20480,202752
68,10,2048,203776
68,8,3072,203776
68,6,4096,203776
68,10,8192,203776
68,53,9216,203776
68,59,10240,203776
68,58,11264,203776
68,76,12288,203776
68,11,15360,203776
68,8,16384,203776
68,7,19456,203776
68,83,20480,203776
10,8,1024,205824
10,6,2048,205824
10,10,6144,205824
10,53,7168,205824
10,59,8192,205824
10,58,9216,205824
10,76,10240,205824
10,11,13312,205824
10,8,14336,205824
10,7,17408,205824
10,83,18432,205824
10,92,19456,205824
10,92,20480,205824
8,6,1024,206848
8,10,5120,206848
8,53,6144,206848
8,59,7168,206848
8,58,8192,206848
8,76,9216,206848
8,11,12288,206848
8,8,13312,206848
8,7,16384,206848
8,83,17408,206848
8,92,18432,206848
8,92,19456,206848
6,10,4096,207872
6,53,5120,207872
6,59,6144,207872
6,58,7168,207872
6,76,8192,207872
6,11,11264,207872
6,8,12288,207872
6,7,15360,207872
6,83,16384,207872
6,92,17408,207872
6,92,18432,207872
10,53,1024,211968
10,59,2048,211968
10,58,3072,211968
10,76,4096,211968
10,11,7168,211968
10,8,8192,211968
10,7,11264,211968
10,83,12288,211968
10,92,13312,211968
10,92,14336,211968
10,72,17408,211968
10,106,18432,211968
10,10,19456,211968
10,104,20480,211968
53,59,1024,212992
53,58,2048,212992
53,76,3072,212992
53,11,6144,212992
53,8,7168,212992
53,7,10240,212992
53,83,11264,212992
53,92,12288,212992
53,92,13312,212992
53,72,16384,212992
53,106,17408,212992
53,10,18432,212992
53,104,19456,212992
53,105,20480,212992
59,58,1024,214016
59,76,2048,214016
59,11,5120,214016
59,8,6144,214016
59,7,9216,214016
59,83,10240,214016
59,92,11264,214016
59,92,12288,214016
59,72,15360,214016
59,106,16384,214016
59,10,17408,214016
59,104,18432,214016
59,105,19456,214016
59,104,20480,214016
58,76,1024,215040
58,11,4096,215040
58,8,5120,215040
58,7,8192,215040
58,83,9216,215040
58,92,10240,215040
58,92,11264,215040
58,72,14336,215040
58,106,15360,215040
58,10,16384,215040
58,104,17408,215040
58,105,18432,215040
58,104,19456,215040
58,104,20480,215040
76,11,3072,216064
76,8,4096,216064
76,7,7168,216064
76,83,8192,216064
76,92,9216,216064
76,92,10240,216064
76,72,13312,216064
76,106,14336,216064
76,10,15360,216064
76,104,16384,216064
76,105,17408,216064
76,104,18432,216064
76,104,19456,216064
76,104,20480,216064
11,8,1024,219136
11,7,4096,219136
11,83,5120,219136
11,92,6144,219136
11,92,7168,219136
11,72,10240,219136
11,106,11264,219136
11,10,12288,219136
11,104,13312,219136
11,105,14336,219136
11,104,15360,219136
11,104,16384,219136
11,104,17408,219136
11,104,18432,219136
8,7,3072,220160
8,83,4096,220160
8,92,5120,220160
8,92,6144,220160
8,72,9216,220160
8,106,10240,220160
8,10,11264,220160
8,104,12288,220160
8,105,13312,220160
8,104,14336,220160
8,104,15360,220160
8,104,16384,220160
8,104,17408,220160
8,105,18432,220160
7,83,1024,223232
7,92,2048,223232
7,92,3072,223232
7,72,6144,223232
7,106,7168,223232
7,10,8192,223232
7,104,9216,223232
7,105,10240,223232
7,104,11264,223232
7,104,12288,223232
7,104,13312,223232
7,104,14336,223232
7,105,15360,223232
7,104,16384,223232
83,92,1024,224256
83,92,2048,224256
83,72,5120,224256
83,106,6144,224256
83,10,7168,224256
83,104,8192,224256
83,105,9216,224256
83,104,10240,224256
83,104,11264,224256
83,104,12288,224256
83,104,13312,224256
83,105,14336,224256
83,104,15360,224256
83,103,16384,224256
92,92,1024,225280
92,72,4096,225280
92,106,5120,225280
92,10,6144,225280
92,104,7168,225280
92,105,8192,225280
92,104,9216,225280
92,104,10240,225280
92,104,11264,225280
92,104,12288,225280
92,105,13312,225280
92,104,14336,225280
92,103,15360,225280
92,105,16384,225280
92,72,3072,226304
92,106,4096,226304
92,10,5120,226304
92,104,6144,226304
92,105,7168,226304
92,104,8192,226304
92,104,9216,226304
92,104,10240,226304
92,104,11264,226304
92,105,12288,226304
92,104,13312,226304
92,103,14336,226304
92,105,15360,226304
92,104,16384,226304
72,106,1024,229376
72,10,2048,229376
72,104,3072,229376
72,105,4096,229376
72,104,5120,229376
72,104,6144,229376
72,104,7168,229376
72,104,8192,229376
72,105,9216,229376
72,104,10240,229376
72,103,11264,229376
72,105,12288,229376
72,104,13312,229376
72,104,14336,229376
106,10,1024,230400
106,104,2048,230400
106,105,3072,230400
106,104,4096,230400
106,104,5120,230400
106,104,6144,230400
106,104,7168,230400
106,105,8192,230400
106,104,9216,230400
106,103,10240,230400
106,105,11264,230400
106,104,12288,230400
106,104,13312,230400
106,104,14336,230400
10,104,1024,231424
10,105,2048,231424
10,104,3072,231424
10,104,4096,231424
10,104,5120,231424
10,104,6144,231424
10,105,7168,231424
10,104,8192,231424
10,103,9216,231424
10,105,10240,231424
10,104,11264,231424
10,104,12288,231424
10,104,13312,231424
10,104,14336,231424
104,105,1024,232448
104,104,2048,232448
104,104,3072,232448
104,104,4096,232448
104,104,5120,232448
104,105,6144,232448
104,104,7168,232448
104,103,8192,232448
104,105,9216,232448
104,104,10240,232448
104,104,11264,232448
104,104,12288,232448
104,104,13312,232448
104,104,14336,232448
105,104,1024,233472
105,104,2048,233472
105,104,3072,233472
105,104,4096,233472
105,105,5120,233472
105,104,6144,233472
105,103,7168,233472
105,105,8192,233472
105,104,9216,233472
105,104,10240,233472
105,104,11264,233472
105,104,12288,233472
105,104,13312,233472
105,104,14336,233472
104,104,1024,234496
104,104,2048,234496
104,104,3072,234496
104,105,4096,234496
104,104,5120,234496
104,103,6144,234496
104,105,7168,234496
104,104,8192,234496
104,104,9216,234496
104,104,10240,234496
104,104,11264,234496
104,104,12288,234496
104,104,13312,234496
104,104,14336,234496
104,104,1024,235520
104,104,2048,235520
104,105,3072,235520
104,104,4096,235520
104,103,5120,235520
104,105,6144,235520
104,104,7168,235520
104,104,8192,235520
104,104,9216,235520
104,104,10240,235520
104,104,11264,235520
104,104,12288,235520
104,104,13312,235520
104,104,14336,235520
104,104,1024,236544
104,105,2048,236544
104,104,3072,236544
104,103,4096,236544
104,105,5120,236544
104,104,6144,236544
104,104,7168,236544
104,104,8192,236544
104,104,9216,236544
104,104,10240,236544
104,104,11264,236544
104,104,12288,236544
104,104,13312,236544
104,104,14336,236544
104,105,1024,237568
104,104,2048,237568
104,103,3072,237568
104,105,4096,237568
104,104,5120,237568
104,104,6144,237568
104,104,7168,237568
104,104,8192,237568
104,104,9216,237568
104,104,10240,237568
104,104,11264,237568
104,104,12288,237568
104,104,13312,237568
104,104,14336,237568
105,104,1024,238592
105,103,2048,238592
105,105,3072,238592
105,104,4096,238592
105,104,5120,238592
105,104,6144,238592
105,104,7168,238592
105,104,8192,238592
105,104,9216,238592
105,104,10240,238592
105,104,11264,238592
105,104,12288,238592
105,104,13312,238592
105,104,14336,238592
104,103,1024,239616
104,105,2048,239616
104,104,3072,239616
104,104,4096,239616
104,104,5120,239616
104,104,6144,239616
104,104,7168,239616
104,104,8192,239616
104,104,9216,239616
104,104,10240,239616
104,104,11264,239616
104,104,12288,239616
104,104,13312,239616
104,70,14336,239616
103,105,1024,240640
103,104,2048,240640
103,104,3072,240640
103,104,4096,240640
103,104,5120,240640
103,104,6144,240640
103,104,7168,240640
103,104,8192,240640
103,104,9216,240640
103,104,10240,240640
103,104,11264,240640
103,104,12288,240640
103,70,13312,240640
103,5,14336,240640
105,104,1024,241664
105,104,2048,241664
105,104,3072,241664
105,104,4096,241664
105,104,5120,241664
105,104,6144,241664
105,104,7168,241664
105,104,8192,241664
105,104,9216,241664
105,104,10240,241664
105,104,11264,241664
105,70,12288,241664
105,5,13312,241664
105,75,16384,241664
104,104,1024,242688
104,104,2048,242688
104,104,3072,242688
104,104,4096,242688
104,104,5120,242688
104,104,6144,242688
104,104,7168,242688
104,104,8192,242688
104,104,9216,242688
104,104,10240,242688
104,70,11264,242688
104,5,12288,242688
104,75,15360,242688
104,17,17408,242688
104,104,1024,243712
104,104,2048,243712
104,104,3072,243712
104,104,4096,243712
104,104,5120,243712
104,104,6144,243712
104,104,7168,243712
104,104,8192,243712
104,104,9216,243712
104,70,10240,243712
104,5,11264,243712
104,75,14336,243712
104,17,16384,243712
104,10,18432,243712
104,104,1024,244736
104,104,2048,244736
104,104,3072,244736
104,104,4096,244736
104,104,5120,244736
104,104,6144,244736
104,104,7168,244736
104,104,8192,244736
104,70,9216,244736
104,5,10240,244736
104,75,13312,244736
104,17,15360,244736
104,10,17408,244736
104,6,18432,244736
104,104,1024,245760
104,104,2048,245760
104,104,3072,245760
104,104,4096,245760
104,104,5120,245760
104,104,6144,245760
104,104,7168,245760
104,70,8192,245760
104,5,9216,245760
104,75,12288,245760
104,17,14336,245760
104,10,16384,245760
104,6,17408,245760
104,70,20480,245760
104,104,1024,246784
104,104,2048,246784
104,104,3072,246784
104,104,4096,246784
104,104,5120,246784
104,104,6144,246784
104,70,7168,246784
104,5,8192,246784
104,75,11264,246784
104,17,13312,246784
104,10,15360,246784
104,6,16384,246784
104,70,19456,246784
104,72,20480,246784
104,104,1024,247808
104,104,2048,247808
104,104,3072,247808
104,104,4096,247808
104,104,5120,247808
104,70,6144,247808
104,5,7168,247808
104,75,10240,247808
104,17,12288,247808
104,10,14336,247808
104,6,15360,247808
104,70,18432,247808
104,72,19456,247808
104,10,20480,247808
104,104,1024,248832
104,104,2048,248832
104,104,3072,248832
104,104,4096,248832
104,70,5120,248832
104,5,6144,248832
104,75,9216,248832
104,17,11264,248832
104,10,13312,248832
104,6,14336,248832
104,70,17408,248832
104,72,18432,248832
104,10,19456,248832
104,71,20480,248832
104,104,1024,249856
104,104,2048,249856
104,104,3072,249856
104,70,4096,249856
104,5,5120,249856
104,75,8192,249856
104,17,10240,249856
104,10,12288,249856
104,6,13312,249856
104,70,16384,249856
104,72,17408,249856
104,10,18432,249856
104,71,19456,249856
104,5,20480,249856
104,104,1024,250880
104,104,2048,250880
104,70,3072,250880
104,5,4096,250880
104,75,7168,250880
104,17,9216,250880
104,10,11264,250880
104,6,12288,250880
104,70,15360,250880
104,72,16384,250880
104,10,17408,250880
104,71,18432,250880
104,5,19456,250880
104,104,1024,251904
104,70,2048,251904
104,5,3072,251904
104,75,6144,251904
104,17,8192,251904
104,10,10240,251904
104,6,11264,251904
104,70,14336,251904
104,72,15360,251904
104,10,16384,251904
104,71,17408,251904
104,5,18432,251904
104,70,1024,252928
104,5,2048,252928
104,75,5120,252928
104,17,7168,252928
104,10,9216,252928
104,6,10240,252928
104,70,13312,252928
104,72,14336,252928
104,10,15360,252928
104,71,16384,252928
104,5,17408,252928
104,10,20480,252928
70,5,1024,253952
70,75,4096,253952
70,17,6144,253952
70,10,8192,253952
70,6,9216,253952
70,70,12288,253952
70,72,13312,253952
70,10,14336,253952
70,71,15360,253952
70,5,16384,253952
70,10,19456,253952
70,71,20480,253952
5,75,3072,254976
5,17,5120,254976
5,10,7168,254976
5,6,8192,254976
5,70,11264,254976
5,72,12288,254976
5,10,13312,254976
5,71,14336,254976
5,5,15360,254976
5,10,18432,254976
5,71,19456,254976
5,70,20480,254976
75,17,2048,258048
75,10,4096,258048
75,6,5120,258048
75,70,8192,258048
75,72,9216,258048
75,10,10240,258048
75,71,11264,258048
75,5,12288,258048
75,10,15360,258048
75,71,16384,258048
75,70,17408,258048
75,78,18432,258048
75,77,19456,258048
75,78,20480,258048
17,10,2048,260096
17,6,3072,260096
17,70,6144,260096
17,72,7168,260096
17,10,8192,260096
17,71,9216,260096
17,5,10240,260096
17,10,13312,260096
17,71,14336,260096
17,70,15360,260096
17,78,16384,260096
17,77,17408,260096
17,78,18432,260096
17,74,19456,260096
10,6,1024,262144
10,70,4096,262144
10,72,5120,262144
10,10,6144,262144
10,71,7168,262144
10,5,8192,262144
10,10,11264,262144
10,71,12288,262144
10,70,13312,262144
10,78,14336,262144
10,77,15360,262144
10,78,16384,262144
10,74,17408,262144
10,60,18432,262144
6,70,3072,263168
6,72,4096,263168
6,10,5120,263168
6,71,6144,263168
6,5,7168,263168
6,10,10240,263168
6,71,11264,263168
6,70,12288,263168
6,78,13312,263168
6,77,14336,263168
6,78,15360,263168
6,74,16384,263168
6,60,17408,263168
6,10,18432,263168
70,72,1024,266240
70,10,2048,266240
70,71,3072,266240
70,5,4096,266240
70,10,7168,266240
70,71,8192,266240
70,70,9216,266240
70,78,10240,266240
70,77,11264,266240
70,78,12288,266240
70,74,13312,266240
70,60,14336,266240
70,10,15360,266240
70,6,19456,266240
72,10,1024,267264
72,71,2048,267264
72,5,3072,267264
72,10,6144,267264
72,71,7168,267264
72,70,8192,267264
72,78,9216,267264
72,77,10240,267264
72,78,11264,267264
72,74,12288,267264
72,60,13312,267264
72,10,14336,267264
72,6,18432,267264
72,15,20480,267264
10,71,1024,268288
10,5,2048,268288
10,10,5120,268288
10,71,6144,268288
10,70,7168,268288
10,78,8192,268288
10,77,9216,268288
10,78,10240,268288
10,74,11264,268288
10,60,12288,268288
10,10,13312,268288
10,6,17408,268288
10,15,19456,268288
71,5,1024,269312
71,10,4096,269312
71,71,5120,269312
71,70,6144,269312
71,78,7168,269312
71,77,8192,269312
71,78,9216,269312
71,74,10240,269312
71,60,11264,269312
71,10,12288,269312
71,6,16384,269312
71,15,18432,269312
5,10,3072,270336
5,71,4096,270336
5,70,5120,270336
5,78,6144,270336
5,77,7168,270336
5,78,8192,270336
5,74,9216,270336
5,60,10240,270336
5,10,11264,270336
5,6,15360,270336
5,15,17408,270336
5,32,20480,270336
10,71,1024,273408
10,70,2048,273408
10,78,3072,273408
10,77,4096,273408
10,78,5120,273408
10,74,6144,273408
10,60,7168,273408
10,10,8192,273408
10,6,12288,273408
10,15,14336,273408
10,32,17408,273408
10,29,18432,273408
10,31,19456,273408
10,8,20480,273408
71,70,1024,274432
71,78,2048,274432
71,77,3072,274432
71,78,4096,274432
71,74,5120,274432
71,60,6144,274432
71,10,7168,274432
71,6,11264,274432
71,15,13312,274432
71,32,16384,274432
71,29,17408,274432
71,31,18432,274432
71,8,19456,274432
71,41,20480,274432
70,78,1024,275456
70,77,2048,275456
70,78,3072,275456
70,74,4096,275456
70,60,5120,275456
70,10,6144,275456
70,6,10240,275456
70,15,12288,275456
70,32,15360,275456
70,29,16384,275456
70,31,17408,275456
70,8,18432,275456
70,41,19456,275456
70,122,20480,275456
78,77,1024,276480
78,78,2048,276480
78,74,3072,276480
78,60,4096,276480
78,10,5120,276480
78,6,9216,276480
78,15,11264,276480
78,32,14336,276480
78,29,15360,276480
78,31,16384,276480
78,8,17408,276480
78,41,18432,276480
78,122,19456,276480
78,80,20480,276480
77,78,1024,277504
77,74,2048,277504
77,60,3072,277504
77,10,4096,277504
77,6,8192,277504
77,15,10240,277504
77,32,13312,277504
77,29,14336,277504
77,31,15360,277504
77,8,16384,277504
77,41,17408,277504
77,122,18432,277504
77,80,19456,277504
77,78,20480,277504
78,74,1024,278528
78,60,2048,278528
78,10,3072,278528
78,6,7168,278528
78,15,9216,278528
78,32,12288,278528
78,29,13312,278528
78,31,14336,278528
78,8,15360,278528
78,41,16384,278528
78,122,17408,278528
78,80,18432,278528
78,78,19456,278528
78,10,20480,278528
74,60,1024,279552
74,10,2048,279552
74,6,6144,279552
74,15,8192,279552
74,32,11264,279552
74,29,12288,279552
74,31,13312,279552
74,8,14336,279552
74,41,15360,279552
74,122,16384,279552
74,80,17408,279552
74,78,18432,279552
74,10,19456,279552
74,78,20480,279552
60,10,1024,280576
60,6,5120,280576
60,15,7168,280576
60,32,10240,280576
60,29,11264,280576
60,31,12288,280576
60,8,13312,280576
60,41,14336,280576
60,122,15360,280576
60,80,16384,280576
60,78,17408,280576
60,10,18432,280576
60,78,19456,280576
60,69,20480,280576
10,6,4096,281600
10,15,6144,281600
10,32,9216,281600
10,29,10240,281600
10,31,11264,281600
10,8,12288,281600
10,41,13312,281600
10,122,14336,281600
10,80,15360,281600
10,78,16384,281600
10,10,17408,281600
10,78,18432,281600
10,69,19456,281600
6,15,2048,285696
6,32,5120,285696
6,29,6144,285696
6,31,7168,285696
6,8,8192,285696
6,41,9216,285696
6,122,10240,285696
6,80,11264,285696
6,78,12288,285696
6,10,13312,285696
6,78,14336,285696
6,69,15360,285696
6,69,19456,285696
6,71,20480,285696
15,32,3072,287744
15,29,4096,287744
15,31,5120,287744
15,8,6144,287744
15,41,7168,287744
15,122,8192,287744
15,80,9216,287744
15,78,10240,287744
15,10,11264,287744
15,78,12288,287744
15,69,13312,287744
15,69,17408,287744
15,71,18432,287744
15,78,19456,287744
32,29,1024,290816
32,31,2048,290816
32,8,3072,290816
32,41,4096,290816
32,122,5120,290816
32,80,6144,290816
32,78,7168,290816
32,10,8192,290816
32,78,9216,290816
32,69,10240,290816
32,69,14336,290816
32,71,15360,290816
32,78,16384,290816
32,78,17408,290816
29,31,1024,291840
29,8,2048,291840
29,41,3072,291840
29,122,4096,291840
29,80,5120,291840
29,78,6144,291840
29,10,7168,291840
29,78,8192,291840
29,69,9216,291840
29,69,13312,291840
29,71,14336,291840
29,78,15360,291840
29,78,16384,291840
29,77,17408,291840
31,8,1024,292864
31,41,2048,292864
31,122,3072,292864
31,80,4096,292864
31,78,5120,292864
31,10,6144,292864
31,78,7168,292864
31,69,8192,292864
31,69,12288,292864
31,71,13312,292864
31,78,14336,292864
31,78,15360,292864
31,77,16384,292864
31,79,17408,292864
8,41,1024,293888
8,122,2048,293888
8,80,3072,293888
8,78,4096,293888
8,10,5120,293888
8,78,6144,293888
8,69,7168,293888
8,69,11264,293888
8,71,12288,293888
8,78,13312,293888
8,78,14336,293888
8,77,15360,293888
8,79,16384,293888
8,74,17408,293888
41,122,1024,294912
41,80,2048,294912
41,78,3072,294912
41,10,4096,294912
41,78,5120,294912
41,69,6144,294912
41,69,10240,294912
41,71,11264,294912
41,78,12288,294912
41,78,13312,294912
41,77,14336,294912
41,79,15360,294912
41,74,16384,294912
41,11,17408,294912
122,80,1024,295936
122,78,2048,295936
122,10,3072,295936
122,78,4096,295936
122,69,5120,295936
122,69,9216,295936
122,71,10240,295936
122,78,11264,295936
122,78,12288,295936
122,77,13312,295936
122,79,14336,295936
122,74,15360,295936
122,11,16384,295936
122,8,17408,295936
80,78,1024,296960
80,10,2048,296960
80,78,3072,296960
80,69,4096,296960
80,69,8192,296960
80,71,9216,296960
80,78,10240,296960
80,78,11264,296960
80,77,12288,296960
80,79,13312,296960
80,74,14336,296960
80,11,15360,296960
80,8,16384,296960
80,6,19456,296960
78,10,1024,297984
78,78,2048,297984
78,69,3072,297984
78,69,7168,297984
78,71,8192,297984
78,78,9216,297984
78,78,10240,297984
78,77,11264,297984
78,79,12288,297984
78,74,13312,297984
78,11,14336,297984
78,8,15360,297984
78,6,18432,297984
10,78,1024,299008
10,69,2048,299008
10,69,6144,299008
10,71,7168,299008
10,78,8192,299008
10,78,9216,299008
10,77,10240,299008
10,79,11264,299008
10,74,12288,299008
10,11,13312,299008
10,8,14336,299008
10,6,17408,299008
78,69,1024,300032
78,69,5120,300032
78,71,6144,300032
78,78,7168,300032
78,78,8192,300032
78,77,9216,300032
78,79,10240,300032
78,74,11264,300032
78,11,12288,300032
78,8,13312,300032
78,6,16384,300032
78,38,20480,300032
69,69,4096,301056
69,71,5120,301056
69,78,6144,301056
69,78,7168,301056
69,77,8192,301056
69,79,9216,301056
69,74,10240,301056
69,11,11264,301056
69,8,12288,301056
69,6,15360,301056
69,38,19456,301056
69,38,20480,301056
69,71,1024,305152
69,78,2048,305152
69,78,3072,305152
69,77,4096,305152
69,79,5120,305152
69,74,6144,305152
69,11,7168,305152
69,8,8192,305152
69,6,11264,305152
69,38,15360,305152
69,38,16384,305152
69,70,17408,305152
69,70,18432,305152
69,70,19456,305152
71,78,1024,306176
71,78,2048,306176
71,77,3072,306176
71,79,4096,306176
71,74,5120,306176
71,11,6144,306176
71,8,7168,306176
71,6,10240,306176
71,38,14336,306176
71,38,15360,306176
71,70,16384,306176
71,70,17408,306176
71,70,18432,306176
71,70,19456,306176
78,78,1024,307200
78,77,2048,307200
78,79,3072,307200
78,74,4096,307200
78,11,5120,307200
78,8,6144,307200
78,6,9216,307200
78,38,13312,307200
78,38,14336,307200
78,70,15360,307200
78,70,16384,307200
78,70,17408,307200
78,70,18432,307200
78,69,19456,307200
78,77,1024,308224
78,79,2048,308224
78,74,3072,308224
78,11,4096,308224
78,8,5120,308224
78,6,8192,308224
78,38,12288,308224
78,38,13312,308224
78,70,14336,308224
78,70,15360,308224
78,70,16384,308224
78,70,17408,308224
78,69,18432,308224
78,69,19456,308224
77,79,1024,309248
77,74,2048,309248
77,11,3072,309248
77,8,4096,309248
77,6,7168,309248
77,38,11264,309248
77,38,12288,309248
77,70,13312,309248
77,70,14336,309248
77,70,15360,309248
77,70,16384,309248
77,69,17408,309248
77,69,18432,309248
77,69,19456,309248
79,74,1024,310272
79,11,2048,310272
79,8,3072,310272
79,6,6144,310272
79,38,10240,310272
79,38,11264,310272
79,70,12288,310272
79,70,13312,310272
79,70,14336,310272
79,70,15360,310272
79,69,16384,310272
79,69,17408,310272
79,69,18432,310272
74,11,1024,311296
74,8,2048,311296
74,6,5120,311296
74,38,9216,311296
74,38,10240,311296
74,70,11264,311296
74,70,12288,311296
74,70,13312,311296
74,70,14336,311296
74,69,15360,311296
74,69,16384,311296
74,69,17408,311296
11,8,1024,312320
11,6,4096,312320
11,38,8192,312320
11,38,9216,312320
11,70,10240,312320
11,70,11264,312320
11,70,12288,312320
11,70,13312,312320
11,69,14336,312320
11,69,15360,312320
11,69,16384,312320
8,6,3072,313344
8,38,7168,313344
8,38,8192,313344
8,70,9216,313344
8,70,10240,313344
8,70,11264,313344
8,70,12288,313344
8,69,13312,313344
8,69,14336,313344
8,69,15360,313344
6,38,4096,316416
6,38,5120,316416
6,70,6144,316416
6,70,7168,316416
6,70,8192,316416
6,70,9216,316416
6,69,10240,316416
6,69,11264,316416
6,69,12288,316416
38,38,1024,320512
38,70,2048,320512
38,70,3072,320512
38,70,4096,320512
38,70,5120,320512
38,69,6144,320512
38,69,7168,320512
38,69,8192,320512
38,70,1024,321536
38,70,2048,321536
38,70,3072,321536
38,70,4096,321536
38,69,5120,321536
38,69,6144,321536
38,69,7168,321536
70,70,1024,322560
70,70,2048,322560
70,70,3072,322560
70,69,4096,322560
70,69,5120,322560
70,69,6144,322560
70,70,1024,323584
70,70,2048,323584
70,69,3072,323584
70,69,4096,323584
70,69,5120,323584
70,70,1024,324608
70,69,2048,324608
70,69,3072,324608
70,69,4096,324608
70,69,1024,325632
70,69,2048,325632
70,69,3072,325632
69,69,1024,326656
69,69,2048,326656
69,69,1024,327680
