18,18,2048,6144
18,14,3072,6144
18,14,5120,6144
18,13,6144,6144
18,18,8192,6144
18,22,9216,6144
18,27,12288,6144
18,14,18432,6144
18,13,19456,6144
18,14,20480,6144
18,14,1024,8192
18,14,3072,8192
18,13,4096,8192
18,18,6144,8192
18,22,7168,8192
18,27,10240,8192
18,14,16384,8192
18,13,17408,8192
18,14,18432,8192
18,18,20480,8192
14,14,2048,9216
14,13,3072,9216
14,18,5120,9216
14,22,6144,9216
14,27,9216,9216
14,14,15360,9216
14,13,16384,9216
14,14,17408,9216
14,18,19456,9216
14,18,20480,9216
14,13,1024,11264
14,18,3072,11264
14,22,4096,11264
14,27,7168,11264
14,14,13312,11264
14,13,14336,11264
14,14,15360,11264
14,18,17408,11264
14,18,18432,11264
13,18,2048,12288
13,22,3072,12288
13,27,6144,12288
13,14,12288,12288
13,13,13312,12288
13,14,14336,12288
13,18,16384,12288
13,18,17408,12288
18,22,1024,14336
18,27,4096,14336
18,14,10240,14336
18,13,11264,14336
18,14,12288,14336
18,18,14336,14336
18,18,15360,14336
22,27,3072,15360
22,14,9216,15360
22,13,10240,15360
22,14,11264,15360
22,18,13312,15360
22,18,14336,15360
27,14,6144,18432
27,13,7168,18432
27,14,8192,18432
27,18,10240,18432
27,18,11264,18432
27,18,19456,18432
27,14,20480,18432
14,13,1024,24576
14,14,2048,24576
14,18,4096,24576
14,18,5120,24576
14,18,13312,24576
14,14,14336,24576
14,14,15360,24576
14,14,16384,24576
14,14,17408,24576
13,14,1024,25600
13,18,3072,25600
13,18,4096,25600
13,18,12288,25600
13,14,13312,25600
13,14,14336,25600
13,14,15360,25600
13,14,16384,25600
14,18,2048,26624
14,18,3072,26624
14,18,11264,26624
14,14,12288,26624
14,14,13312,26624
14,14,14336,26624
14,14,15360,26624
18,18,1024,28672
18,18,9216,28672
18,14,10240,28672
18,14,11264,28672
18,14,12288,28672
18,14,13312,28672
18,18,8192,29696
18,14,9216,29696
18,14,10240,29696
18,14,11264,29696
18,14,12288,29696
18,14,1024,37888
18,14,2048,37888
18,14,3072,37888
18,14,4096,37888
18,18,13312,37888
18,18,15360,37888
18,14,16384,37888
18,14,18432,37888
14,14,1024,38912
14,14,2048,38912
14,14,3072,38912
14,18,12288,38912
14,18,14336,38912
14,14,15360,38912
14,14,17408,38912
14,14,1024,39936
14,14,2048,39936
14,18,11264,39936
14,18,13312,39936
14,14,14336,39936
14,14,16384,39936
14,14,1024,40960
14,18,10240,40960
14,18,12288,40960
14,14,13312,40960
14,14,15360,40960
14,18,9216,41984
14,18,11264,41984
14,14,12288,41984
14,14,14336,41984
18,18,2048,51200
18,14,3072,51200
18,14,5120,51200
18,27,12288,51200
18,14,18432,51200
18,14,19456,51200
18,14,20480,51200
18,14,1024,53248
18,14,3072,53248
18,27,10240,53248
18,14,16384,53248
18,14,17408,53248
18,14,18432,53248
18,18,20480,53248
14,14,2048,54272
14,27,9216,54272
14,14,15360,54272
14,14,16384,54272
14,14,17408,54272
14,18,19456,54272
14,18,20480,54272
14,27,7168,56320
14,14,13312,56320
14,14,14336,56320
14,14,15360,56320
14,18,17408,56320
14,18,18432,56320
27,14,6144,63488
27,14,7168,63488
27,14,8192,63488
27,18,10240,63488
27,18,11264,63488
27,18,19456,63488
27,14,20480,63488
14,14,1024,69632
14,14,2048,69632
14,18,4096,69632
14,18,5120,69632
14,18,13312,69632
14,14,14336,69632
14,14,15360,69632
14,14,16384,69632
14,14,1024,70656
14,18,3072,70656
14,18,4096,70656
14,18,12288,70656
14,14,13312,70656
14,14,14336,70656
14,14,15360,70656
14,18,2048,71680
14,18,3072,71680
14,18,11264,71680
14,14,12288,71680
14,14,13312,71680
14,14,14336,71680
18,18,1024,73728
18,18,9216,73728
18,14,10240,73728
18,14,11264,73728
18,14,12288,73728
18,18,8192,74752
18,14,9216,74752
18,14,10240,74752
18,14,11264,74752
18,14,1024,82944
18,14,2048,82944
18,14,3072,82944
18,18,13312,82944
18,18,15360,82944
18,14,16384,82944
18,14,18432,82944
14,14,1024,83968
14,14,2048,83968
14,18,12288,83968
14,18,14336,83968
14,14,15360,83968
14,14,17408,83968
14,14,1024,84992
14,18,11264,84992
14,18,13312,84992
14,14,14336,84992
14,14,16384,84992
14,18,10240,86016
14,18,12288,86016
14,14,13312,86016
14,14,15360,86016
18,18,2048,96256
18,14,3072,96256
18,14,5120,96256
18,27,12288,96256
18,14,18432,96256
18,13,19456,96256
18,14,20480,96256
18,14,1024,98304
18,14,3072,98304
18,27,10240,98304
18,14,16384,98304
18,13,17408,98304
18,14,18432,98304
18,18,20480,98304
14,14,2048,99328
14,27,9216,99328
14,14,15360,99328
14,13,16384,99328
14,14,17408,99328
14,18,19456,99328
14,18,20480,99328
14,27,7168,101376
14,14,13312,101376
14,13,14336,101376
14,14,15360,101376
14,18,17408,101376
14,18,18432,101376
27,14,6144,108544
27,13,7168,108544
27,14,8192,108544
27,18,10240,108544
27,18,11264,108544
14,13,1024,114688
14,14,2048,114688
14,18,4096,114688
14,18,5120,114688
14,14,15360,114688
14,14,16384,114688
13,14,1024,115712
13,18,3072,115712
13,18,4096,115712
13,14,14336,115712
13,14,15360,115712
14,18,2048,116736
14,18,3072,116736
14,14,13312,116736
14,14,14336,116736
18,18,1024,118784
18,14,11264,118784
18,14,12288,118784
18,14,10240,119808
18,14,11264,119808
14,14,1024,130048
14,18,11264,130048
14,18,13312,130048
14,14,14336,130048
14,14,16384,130048
14,18,10240,131072
14,18,12288,131072
14,14,13312,131072
14,14,15360,131072
18,18,2048,141312
18,14,3072,141312
18,14,5120,141312
18,27,12288,141312
18,14,18432,141312
18,14,20480,141312
18,14,1024,143360
18,14,3072,143360
18,27,10240,143360
18,14,16384,143360
18,14,18432,143360
14,14,2048,144384
14,27,9216,144384
14,14,15360,144384
14,14,17408,144384
14,27,7168,146432
14,14,13312,146432
14,14,15360,146432
27,14,6144,153600
27,14,8192,153600
14,14,2048,159744
