18,15,2048,3072
18,18,4096,3072
18,11,5120,3072
18,12,7168,3072
18,12,10240,3072
18,19,15360,3072
18,15,18432,3072
18,18,20480,3072
15,18,2048,5120
15,11,3072,5120
15,12,5120,5120
15,12,8192,5120
15,19,13312,5120
15,15,16384,5120
15,18,18432,5120
15,19,19456,5120
18,11,1024,7168
18,12,3072,7168
18,12,6144,7168
18,19,11264,7168
18,15,14336,7168
18,18,16384,7168
18,19,17408,7168
18,15,19456,7168
11,12,2048,8192
11,12,5120,8192
11,19,10240,8192
11,15,13312,8192
11,18,15360,8192
11,19,16384,8192
11,15,18432,8192
12,12,3072,10240
12,19,8192,10240
12,15,11264,10240
12,18,13312,10240
12,19,14336,10240
12,15,16384,10240
12,12,19456,10240
12,19,5120,13312
12,15,8192,13312
12,18,10240,13312
12,19,11264,13312
12,15,13312,13312
12,12,16384,13312
12,12,18432,13312
12,11,19456,13312
19,15,3072,18432
19,18,5120,18432
19,19,6144,18432
19,15,8192,18432
19,12,11264,18432
19,12,13312,18432
19,11,14336,18432
19,15,16384,18432
19,15,19456,18432
15,18,2048,21504
15,19,3072,21504
15,15,5120,21504
15,12,8192,21504
15,12,10240,21504
15,11,11264,21504
15,15,13312,21504
15,15,16384,21504
15,18,18432,21504
15,20,19456,21504
18,19,1024,23552
18,15,3072,23552
18,12,6144,23552
18,12,8192,23552
18,11,9216,23552
18,15,11264,23552
18,15,14336,23552
18,18,16384,23552
18,20,17408,23552
18,12,19456,23552
19,15,2048,24576
19,12,5120,24576
19,12,7168,24576
19,11,8192,24576
19,15,10240,24576
19,15,13312,24576
19,18,15360,24576
19,20,16384,24576
19,12,18432,24576
15,12,3072,26624
15,12,5120,26624
15,11,6144,26624
15,15,8192,26624
15,15,11264,26624
15,18,13312,26624
15,20,14336,26624
15,12,16384,26624
15,15,19456,26624
12,12,2048,29696
12,11,3072,29696
12,15,5120,29696
12,15,8192,29696
12,18,10240,29696
12,20,11264,29696
12,12,13312,29696
12,15,16384,29696
12,11,1024,31744
12,15,3072,31744
12,15,6144,31744
12,18,8192,31744
12,20,9216,31744
12,12,11264,31744
12,15,14336,31744
12,17,19456,31744
11,15,2048,32768
11,15,5120,32768
11,18,7168,32768
11,20,8192,32768
11,12,10240,32768
11,15,13312,32768
11,17,18432,32768
15,15,3072,34816
15,18,5120,34816
15,20,6144,34816
15,12,8192,34816
15,15,11264,34816
15,17,16384,34816
15,19,19456,34816
15,18,2048,37888
15,20,3072,37888
15,12,5120,37888
15,15,8192,37888
15,17,13312,37888
15,19,16384,37888
18,20,1024,39936
18,12,3072,39936
18,15,6144,39936
18,17,11264,39936
18,19,14336,39936
20,12,2048,40960
20,15,5120,40960
20,17,10240,40960
20,19,13312,40960
12,15,3072,43008
12,17,8192,43008
12,19,11264,43008
15,17,5120,46080
15,19,8192,46080
17,19,3072,51200
17,19,18432,51200
19,19,15360,54272
19,12,12288,69632
19,19,15360,69632
19,18,16384,69632
19,18,17408,69632
19,18,18432,69632
19,28,20480,69632
12,19,3072,81920
12,18,4096,81920
12,18,5120,81920
12,18,6144,81920
12,28,8192,81920
12,15,9216,81920
12,12,11264,81920
12,12,14336,81920
12,12,16384,81920
12,12,17408,81920
12,15,19456,81920
19,18,1024,84992
19,18,2048,84992
19,18,3072,84992
19,28,5120,84992
19,15,6144,84992
19,12,8192,84992
19,12,11264,84992
19,12,13312,84992
19,12,14336,84992
19,15,16384,84992
19,15,19456,84992
18,18,1024,86016
18,18,2048,86016
18,28,4096,86016
18,15,5120,86016
18,12,7168,86016
18,12,10240,86016
18,12,12288,86016
18,12,13312,86016
18,15,15360,86016
18,15,18432,86016
18,16,20480,86016
18,18,1024,87040
18,28,3072,87040
18,15,4096,87040
18,12,6144,87040
18,12,9216,87040
18,12,11264,87040
18,12,12288,87040
18,15,14336,87040
18,15,17408,87040
18,16,19456,87040
18,28,2048,88064
18,15,3072,88064
18,12,5120,88064
18,12,8192,88064
18,12,10240,88064
18,12,11264,88064
18,15,13312,88064
18,15,16384,88064
18,16,18432,88064
28,15,1024,90112
28,12,3072,90112
28,12,6144,90112
28,12,8192,90112
28,12,9216,90112
28,15,11264,90112
28,15,14336,90112
28,16,16384,90112
15,12,2048,91136
15,12,5120,91136
15,12,7168,91136
15,12,8192,91136
15,15,10240,91136
15,15,13312,91136
15,16,15360,91136
12,12,3072,93184
12,12,5120,93184
12,12,6144,93184
12,15,8192,93184
12,15,11264,93184
12,16,13312,93184
12,12,2048,96256
12,12,3072,96256
12,15,5120,96256
12,15,8192,96256
12,16,10240,96256
12,12,1024,98304
12,15,3072,98304
12,15,6144,98304
12,16,8192,98304
12,15,2048,99328
12,15,5120,99328
12,16,7168,99328
15,15,3072,101376
15,16,5120,101376
15,18,19456,101376
15,16,2048,104448
15,18,16384,104448
16,18,14336,106496
18,19,14336,120832
18,18,15360,120832
18,18,16384,120832
18,18,17408,120832
18,18,19456,120832
18,20,20480,120832
19,18,1024,135168
19,18,2048,135168
19,18,3072,135168
19,18,5120,135168
19,20,6144,135168
19,12,8192,135168
19,15,11264,135168
19,12,13312,135168
19,15,14336,135168
19,19,16384,135168
19,15,19456,135168
18,18,1024,136192
18,18,2048,136192
18,18,4096,136192
18,20,5120,136192
18,12,7168,136192
18,15,10240,136192
18,12,12288,136192
18,15,13312,136192
18,19,15360,136192
18,15,18432,136192
18,19,20480,136192
18,18,1024,137216
18,18,3072,137216
18,20,4096,137216
18,12,6144,137216
18,15,9216,137216
18,12,11264,137216
18,15,12288,137216
18,19,14336,137216
18,15,17408,137216
18,19,19456,137216
18,12,20480,137216
18,18,2048,138240
18,20,3072,138240
18,12,5120,138240
18,15,8192,138240
18,12,10240,138240
18,15,11264,138240
18,19,13312,138240
18,15,16384,138240
18,19,18432,138240
18,12,19456,138240
18,20,1024,140288
18,12,3072,140288
18,15,6144,140288
18,12,8192,140288
18,15,9216,140288
18,19,11264,140288
18,15,14336,140288
18,19,16384,140288
18,12,17408,140288
18,15,19456,140288
20,12,2048,141312
20,15,5120,141312
20,12,7168,141312
20,15,8192,141312
20,19,10240,141312
20,15,13312,141312
20,19,15360,141312
20,12,16384,141312
20,15,18432,141312
12,15,3072,143360
12,12,5120,143360
12,15,6144,143360
12,19,8192,143360
12,15,11264,143360
12,19,13312,143360
12,12,14336,143360
12,15,16384,143360
15,12,2048,146432
15,15,3072,146432
15,19,5120,146432
15,15,8192,146432
15,19,10240,146432
15,12,11264,146432
15,15,13312,146432
12,15,1024,148480
12,19,3072,148480
12,15,6144,148480
12,19,8192,148480
12,12,9216,148480
12,15,11264,148480
15,19,2048,149504
15,15,5120,149504
15,19,7168,149504
15,12,8192,149504
15,15,10240,149504
19,15,3072,151552
19,19,5120,151552
19,12,6144,151552
19,15,8192,151552
15,19,2048,154624
15,12,3072,154624
15,15,5120,154624
19,12,1024,156672
19,15,3072,156672
12,15,2048,157696
