20,22,8192,3072
20,52,8192,3072
20,114,8192,3072
20,20,12288,3072
20,20,13312,3072
20,19,15360,3072
22,52,0,11264
22,114,0,11264
22,20,4096,11264
22,20,5120,11264
22,19,7168,11264
22,20,13312,11264
22,21,16384,11264
22,20,17408,11264
22,20,18432,11264
22,20,19456,11264
52,114,0,11264
52,20,4096,11264
52,20,5120,11264
52,19,7168,11264
52,20,13312,11264
52,21,16384,11264
52,20,17408,11264
52,20,18432,11264
52,20,19456,11264
114,20,4096,11264
114,20,5120,11264
114,19,7168,11264
114,20,13312,11264
114,21,16384,11264
114,20,17408,11264
114,20,18432,11264
114,20,19456,11264
20,20,1024,15360
20,19,3072,15360
20,20,9216,15360
20,21,12288,15360
20,20,13312,15360
20,20,14336,15360
20,20,15360,15360
20,19,2048,16384
20,20,8192,16384
20,21,11264,16384
20,20,12288,16384
20,20,13312,16384
20,20,14336,16384
20,20,20480,16384
19,20,6144,18432
19,21,9216,18432
19,20,10240,18432
19,20,11264,18432
19,20,12288,18432
19,20,18432,18432
20,21,3072,24576
20,20,4096,24576
20,20,5120,24576
20,20,6144,24576
20,20,12288,24576
20,21,20480,24576
20,52,20480,24576
20,114,20480,24576
21,20,1024,27648
21,20,2048,27648
21,20,3072,27648
21,20,9216,27648
21,21,17408,27648
21,52,17408,27648
21,114,17408,27648
20,20,1024,28672
20,20,2048,28672
20,20,8192,28672
20,21,16384,28672
20,52,16384,28672
20,114,16384,28672
20,20,20480,28672
20,20,1024,29696
20,20,7168,29696
20,21,15360,29696
20,52,15360,29696
20,114,15360,29696
20,20,19456,29696
20,20,6144,30720
20,21,14336,30720
20,52,14336,30720
20,114,14336,30720
20,20,18432,30720
20,21,8192,36864
20,52,8192,36864
20,114,8192,36864
20,20,12288,36864
20,18,15360,36864
21,52,0,45056
21,114,0,45056
21,20,4096,45056
21,18,7168,45056
21,18,13312,45056
21,18,17408,45056
21,18,18432,45056
21,18,19456,45056
21,18,20480,45056
52,114,0,45056
52,20,4096,45056
52,18,7168,45056
52,18,13312,45056
52,18,17408,45056
52,18,18432,45056
52,18,19456,45056
52,18,20480,45056
114,20,4096,45056
114,18,7168,45056
114,18,13312,45056
114,18,17408,45056
114,18,18432,45056
114,18,19456,45056
114,18,20480,45056
20,18,3072,49152
20,18,9216,49152
20,18,13312,49152
20,18,14336,49152
20,18,15360,49152
20,18,16384,49152
18,18,6144,52224
18,18,10240,52224
18,18,11264,52224
18,18,12288,52224
18,18,13312,52224
18,20,18432,52224
18,18,4096,58368
18,18,5120,58368
18,18,6144,58368
18,18,7168,58368
18,20,12288,58368
18,21,20480,58368
18,52,20480,58368
18,114,20480,58368
18,18,1024,62464
18,18,2048,62464
18,18,3072,62464
18,20,8192,62464
18,21,16384,62464
18,52,16384,62464
18,114,16384,62464
18,19,20480,62464
18,18,1024,63488
18,18,2048,63488
18,20,7168,63488
18,21,15360,63488
18,52,15360,63488
18,114,15360,63488
18,19,19456,63488
18,19,20480,63488
18,18,1024,64512
18,20,6144,64512
18,21,14336,64512
18,52,14336,64512
18,114,14336,64512
18,19,18432,64512
18,19,19456,64512
18,20,5120,65536
18,21,13312,65536
18,52,13312,65536
18,114,13312,65536
18,19,17408,65536
18,19,18432,65536
18,19,20480,65536
20,21,8192,70656
20,52,8192,70656
20,114,8192,70656
20,19,12288,70656
20,19,13312,70656
20,19,15360,70656
21,52,0,78848
21,114,0,78848
21,19,4096,78848
21,19,5120,78848
21,19,7168,78848
21,20,13312,78848
21,20,17408,78848
21,20,18432,78848
21,20,19456,78848
52,114,0,78848
52,19,4096,78848
52,19,5120,78848
52,19,7168,78848
52,20,13312,78848
52,20,17408,78848
52,20,18432,78848
52,20,19456,78848
114,19,4096,78848
114,19,5120,78848
114,19,7168,78848
114,20,13312,78848
114,20,17408,78848
114,20,18432,78848
114,20,19456,78848
19,19,1024,82944
19,19,3072,82944
19,20,9216,82944
19,20,13312,82944
19,20,14336,82944
19,20,15360,82944
19,19,2048,83968
19,20,8192,83968
19,20,12288,83968
19,20,13312,83968
19,20,14336,83968
19,19,20480,83968
19,20,6144,86016
19,20,10240,86016
19,20,11264,86016
19,20,12288,86016
19,19,18432,86016
19,19,19456,86016
20,20,4096,92160
20,20,5120,92160
20,20,6144,92160
20,19,12288,92160
20,19,13312,92160
20,33,16384,92160
20,52,16384,92160
20,21,20480,92160
20,20,1024,96256
20,20,2048,96256
20,19,8192,96256
20,19,9216,96256
20,33,12288,96256
20,52,12288,96256
20,21,16384,96256
20,20,20480,96256
20,20,1024,97280
20,19,7168,97280
20,19,8192,97280
20,33,11264,97280
20,52,11264,97280
20,21,15360,97280
20,20,19456,97280
20,19,20480,97280
20,19,6144,98304
20,19,7168,98304
20,33,10240,98304
20,52,10240,98304
20,21,14336,98304
20,20,18432,98304
20,19,19456,98304
19,19,1024,104448
19,33,4096,104448
19,52,4096,104448
19,21,8192,104448
19,20,12288,104448
19,19,13312,104448
19,19,15360,104448
19,33,3072,105472
19,52,3072,105472
19,21,7168,105472
19,20,11264,105472
19,19,12288,105472
19,19,14336,105472
19,20,20480,105472
33,52,0,108544
33,21,4096,108544
33,20,8192,108544
33,19,9216,108544
33,19,11264,108544
33,20,17408,108544
33,21,20480,108544
52,21,4096,108544
52,20,8192,108544
52,19,9216,108544
52,19,11264,108544
52,20,17408,108544
52,21,20480,108544
21,20,4096,112640
21,19,5120,112640
21,19,7168,112640
21,20,13312,112640
21,21,16384,112640
21,20,17408,112640
21,88,17408,112640
21,20,18432,112640
21,20,19456,112640
21,88,20480,112640
20,19,1024,116736
20,19,3072,116736
20,20,9216,116736
20,21,12288,116736
20,20,13312,116736
20,88,13312,116736
20,20,14336,116736
20,20,15360,116736
20,88,16384,116736
20,22,17408,116736
20,88,19456,116736
20,88,20480,116736
19,19,2048,117760
19,20,8192,117760
19,21,11264,117760
19,20,12288,117760
19,88,12288,117760
19,20,13312,117760
19,20,14336,117760
19,88,15360,117760
19,22,16384,117760
19,88,18432,117760
19,88,19456,117760
19,19,20480,117760
19,20,6144,119808
19,21,9216,119808
19,20,10240,119808
19,88,10240,119808
19,20,11264,119808
19,20,12288,119808
19,88,13312,119808
19,22,14336,119808
19,88,16384,119808
19,88,17408,119808
19,19,18432,119808
19,19,19456,119808
20,21,3072,125952
20,20,4096,125952
20,88,4096,125952
20,20,5120,125952
20,20,6144,125952
20,88,7168,125952
20,22,8192,125952
20,88,10240,125952
20,88,11264,125952
20,19,12288,125952
20,19,13312,125952
20,26,16384,125952
20,23,20480,125952
20,52,20480,125952
21,20,1024,129024
21,88,1024,129024
21,20,2048,129024
21,20,3072,129024
21,88,4096,129024
21,22,5120,129024
21,88,7168,129024
21,88,8192,129024
21,19,9216,129024
21,19,10240,129024
21,26,13312,129024
21,23,17408,129024
21,52,17408,129024
21,82,17408,129024
20,88,0,130048
20,20,1024,130048
20,20,2048,130048
20,88,3072,130048
20,22,4096,130048
20,88,6144,130048
20,88,7168,130048
20,19,8192,130048
20,19,9216,130048
20,26,12288,130048
20,23,16384,130048
20,52,16384,130048
20,82,16384,130048
20,19,20480,130048
88,20,1024,130048
88,20,2048,130048
88,88,3072,130048
88,22,4096,130048
88,88,6144,130048
88,88,7168,130048
88,19,8192,130048
88,19,9216,130048
88,26,12288,130048
88,23,16384,130048
88,52,16384,130048
88,82,16384,130048
88,19,20480,130048
20,20,1024,131072
20,88,2048,131072
20,22,3072,131072
20,88,5120,131072
20,88,6144,131072
20,19,7168,131072
20,19,8192,131072
20,26,11264,131072
20,23,15360,131072
20,52,15360,131072
20,82,15360,131072
20,19,19456,131072
20,19,20480,131072
20,88,1024,132096
20,22,2048,132096
20,88,4096,132096
20,88,5120,132096
20,19,6144,132096
20,19,7168,132096
20,26,10240,132096
20,23,14336,132096
20,52,14336,132096
20,82,14336,132096
20,19,18432,132096
20,19,19456,132096
88,22,1024,133120
88,88,3072,133120
88,88,4096,133120
88,19,5120,133120
88,19,6144,133120
88,26,9216,133120
88,23,13312,133120
88,52,13312,133120
88,82,13312,133120
88,19,17408,133120
88,19,18432,133120
88,19,20480,133120
22,88,2048,134144
22,88,3072,134144
22,19,4096,134144
22,19,5120,134144
22,26,8192,134144
22,23,12288,134144
22,52,12288,134144
22,82,12288,134144
22,19,16384,134144
22,19,17408,134144
22,19,19456,134144
88,88,1024,136192
88,19,2048,136192
88,19,3072,136192
88,26,6144,136192
88,23,10240,136192
88,52,10240,136192
88,82,10240,136192
88,19,14336,136192
88,19,15360,136192
88,19,17408,136192
88,19,1024,137216
88,19,2048,137216
88,26,5120,137216
88,23,9216,137216
88,52,9216,137216
88,82,9216,137216
88,19,13312,137216
88,19,14336,137216
88,19,16384,137216
19,19,1024,138240
19,26,4096,138240
19,23,8192,138240
19,52,8192,138240
19,82,8192,138240
19,19,12288,138240
19,19,13312,138240
19,19,15360,138240
19,26,3072,139264
19,23,7168,139264
19,52,7168,139264
19,82,7168,139264
19,19,11264,139264
19,19,12288,139264
19,19,14336,139264
19,20,20480,139264
26,23,4096,142336
26,52,4096,142336
26,82,4096,142336
26,19,8192,142336
26,19,9216,142336
26,19,11264,142336
26,20,17408,142336
26,21,20480,142336
23,52,0,146432
23,82,0,146432
23,19,4096,146432
23,19,5120,146432
23,19,7168,146432
23,20,13312,146432
23,21,16384,146432
23,19,17408,146432
23,88,19456,146432
52,82,0,146432
52,19,4096,146432
52,19,5120,146432
52,19,7168,146432
52,20,13312,146432
52,21,16384,146432
52,19,17408,146432
52,88,19456,146432
82,19,4096,146432
82,19,5120,146432
82,19,7168,146432
82,20,13312,146432
82,21,16384,146432
82,19,17408,146432
82,88,19456,146432
19,19,1024,150528
19,19,3072,150528
19,20,9216,150528
19,21,12288,150528
19,19,13312,150528
19,88,15360,150528
19,22,17408,150528
19,44,17408,150528
19,19,2048,151552
19,20,8192,151552
19,21,11264,151552
19,19,12288,151552
19,88,14336,151552
19,22,16384,151552
19,44,16384,151552
19,19,20480,151552
19,20,6144,153600
19,21,9216,153600
19,19,10240,153600
19,88,12288,153600
19,22,14336,153600
19,44,14336,153600
19,19,18432,153600
20,21,3072,159744
20,19,4096,159744
20,88,6144,159744
20,22,8192,159744
20,44,8192,159744
20,19,12288,159744
20,33,16384,159744
20,52,16384,159744
20,22,20480,159744
20,63,20480,159744
20,114,20480,159744
21,19,1024,162816
21,88,3072,162816
21,22,5120,162816
21,44,5120,162816
21,19,9216,162816
21,33,13312,162816
21,52,13312,162816
21,22,17408,162816
21,63,17408,162816
21,114,17408,162816
21,63,18432,162816
21,33,19456,162816
21,33,20480,162816
19,88,2048,163840
19,22,4096,163840
19,44,4096,163840
19,19,8192,163840
19,33,12288,163840
19,52,12288,163840
19,22,16384,163840
19,63,16384,163840
19,114,16384,163840
19,63,17408,163840
19,33,18432,163840
19,33,19456,163840
19,19,20480,163840
88,22,2048,165888
88,44,2048,165888
88,19,6144,165888
88,33,10240,165888
88,52,10240,165888
88,22,14336,165888
88,63,14336,165888
88,114,14336,165888
88,63,15360,165888
88,33,16384,165888
88,33,17408,165888
88,19,18432,165888
88,19,19456,165888
22,44,0,167936
22,19,4096,167936
22,33,8192,167936
22,52,8192,167936
22,22,12288,167936
22,63,12288,167936
22,114,12288,167936
22,63,13312,167936
22,33,14336,167936
22,33,15360,167936
22,19,16384,167936
22,19,17408,167936
22,18,19456,167936
44,19,4096,167936
44,33,8192,167936
44,52,8192,167936
44,22,12288,167936
44,63,12288,167936
44,114,12288,167936
44,63,13312,167936
44,33,14336,167936
44,33,15360,167936
44,19,16384,167936
44,19,17408,167936
44,18,19456,167936
19,33,4096,172032
19,52,4096,172032
19,22,8192,172032
19,63,8192,172032
19,114,8192,172032
19,63,9216,172032
19,33,10240,172032
19,33,11264,172032
19,19,12288,172032
19,19,13312,172032
19,18,15360,172032
33,52,0,176128
33,22,4096,176128
33,63,4096,176128
33,114,4096,176128
33,63,5120,176128
33,33,6144,176128
33,33,7168,176128
33,19,8192,176128
33,19,9216,176128
33,18,11264,176128
33,18,17408,176128
52,22,4096,176128
52,63,4096,176128
52,114,4096,176128
52,63,5120,176128
52,33,6144,176128
52,33,7168,176128
52,19,8192,176128
52,19,9216,176128
52,18,11264,176128
52,18,17408,176128
22,63,0,180224
22,114,0,180224
22,63,1024,180224
22,33,2048,180224
22,33,3072,180224
22,19,4096,180224
22,19,5120,180224
22,18,7168,180224
22,18,13312,180224
22,18,17408,180224
22,79,17408,180224
22,18,18432,180224
22,18,19456,180224
22,132,19456,180224
63,114,0,180224
63,63,1024,180224
63,33,2048,180224
63,33,3072,180224
63,19,4096,180224
63,19,5120,180224
63,18,7168,180224
63,18,13312,180224
63,18,17408,180224
63,79,17408,180224
63,18,18432,180224
63,18,19456,180224
63,132,19456,180224
63,18,20480,180224
114,63,1024,180224
114,33,2048,180224
114,33,3072,180224
114,19,4096,180224
114,19,5120,180224
114,18,7168,180224
114,18,13312,180224
114,18,17408,180224
114,79,17408,180224
114,18,18432,180224
114,18,19456,180224
114,132,19456,180224
114,18,20480,180224
63,33,1024,181248
63,33,2048,181248
63,19,3072,181248
63,19,4096,181248
63,18,6144,181248
63,18,12288,181248
63,18,16384,181248
63,79,16384,181248
63,18,17408,181248
63,18,18432,181248
63,132,18432,181248
63,18,19456,181248
63,18,20480,181248
63,53,20480,181248
33,33,1024,182272
33,19,2048,182272
33,19,3072,182272
33,18,5120,182272
33,18,11264,182272
33,18,15360,182272
33,79,15360,182272
33,18,16384,182272
33,18,17408,182272
33,132,17408,182272
33,18,18432,182272
33,18,19456,182272
33,53,19456,182272
33,18,20480,182272
33,19,1024,183296
33,19,2048,183296
33,18,4096,183296
33,18,10240,183296
33,18,14336,183296
33,79,14336,183296
33,18,15360,183296
33,18,16384,183296
33,132,16384,183296
33,18,17408,183296
33,18,18432,183296
33,53,18432,183296
33,18,19456,183296
19,19,1024,184320
19,18,3072,184320
19,18,9216,184320
19,18,13312,184320
19,79,13312,184320
19,18,14336,184320
19,18,15360,184320
19,132,15360,184320
19,18,16384,184320
19,18,17408,184320
19,53,17408,184320
19,18,18432,184320
19,18,2048,185344
19,18,8192,185344
19,18,12288,185344
19,79,12288,185344
19,18,13312,185344
19,18,14336,185344
19,132,14336,185344
19,18,15360,185344
19,18,16384,185344
19,53,16384,185344
19,18,17408,185344
19,20,20480,185344
18,18,6144,187392
18,18,10240,187392
18,79,10240,187392
18,18,11264,187392
18,18,12288,187392
18,132,12288,187392
18,18,13312,187392
18,18,14336,187392
18,53,14336,187392
18,18,15360,187392
18,20,18432,187392
18,18,4096,193536
18,79,4096,193536
18,18,5120,193536
18,18,6144,193536
18,132,6144,193536
18,18,7168,193536
18,18,8192,193536
18,53,8192,193536
18,18,9216,193536
18,20,12288,193536
18,53,16384,193536
18,22,20480,193536
18,70,20480,193536
18,79,0,197632
18,18,1024,197632
18,18,2048,197632
18,132,2048,197632
18,18,3072,197632
18,18,4096,197632
18,53,4096,197632
18,18,5120,197632
18,20,8192,197632
18,53,12288,197632
18,22,16384,197632
18,70,16384,197632
18,63,17408,197632
18,62,18432,197632
79,18,1024,197632
79,18,2048,197632
79,132,2048,197632
79,18,3072,197632
79,18,4096,197632
79,53,4096,197632
79,18,5120,197632
79,20,8192,197632
79,53,12288,197632
79,22,16384,197632
79,70,16384,197632
79,63,17408,197632
79,62,18432,197632
79,19,20480,197632
18,18,1024,198656
18,132,1024,198656
18,18,2048,198656
18,18,3072,198656
18,53,3072,198656
18,18,4096,198656
18,20,7168,198656
18,53,11264,198656
18,22,15360,198656
18,70,15360,198656
18,63,16384,198656
18,62,17408,198656
18,19,19456,198656
18,19,20480,198656
18,132,0,199680
18,18,1024,199680
18,18,2048,199680
18,53,2048,199680
18,18,3072,199680
18,20,6144,199680
18,53,10240,199680
18,22,14336,199680
18,70,14336,199680
18,63,15360,199680
18,62,16384,199680
18,19,18432,199680
18,19,19456,199680
132,18,1024,199680
132,18,2048,199680
132,53,2048,199680
132,18,3072,199680
132,20,6144,199680
132,53,10240,199680
132,22,14336,199680
132,70,14336,199680
132,63,15360,199680
132,62,16384,199680
132,19,18432,199680
132,19,19456,199680
18,18,1024,200704
18,53,1024,200704
18,18,2048,200704
18,20,5120,200704
18,53,9216,200704
18,22,13312,200704
18,70,13312,200704
18,63,14336,200704
18,62,15360,200704
18,19,17408,200704
18,19,18432,200704
18,20,20480,200704
18,53,0,201728
18,18,1024,201728
18,20,4096,201728
18,53,8192,201728
18,22,12288,201728
18,70,12288,201728
18,63,13312,201728
18,62,14336,201728
18,19,16384,201728
18,19,17408,201728
18,20,19456,201728
53,18,1024,201728
53,20,4096,201728
53,53,8192,201728
53,22,12288,201728
53,70,12288,201728
53,63,13312,201728
53,62,14336,201728
53,19,16384,201728
53,19,17408,201728
53,20,19456,201728
18,20,3072,202752
18,53,7168,202752
18,22,11264,202752
18,70,11264,202752
18,63,12288,202752
18,62,13312,202752
18,19,15360,202752
18,19,16384,202752
18,20,18432,202752
20,53,4096,205824
20,22,8192,205824
20,70,8192,205824
20,63,9216,205824
20,62,10240,205824
20,19,12288,205824
20,19,13312,205824
20,20,15360,205824
53,22,4096,209920
53,70,4096,209920
53,63,5120,209920
53,62,6144,209920
53,19,8192,209920
53,19,9216,209920
53,20,11264,209920
53,20,17408,209920
53,21,20480,209920
22,70,0,214016
22,63,1024,214016
22,62,2048,214016
22,19,4096,214016
22,19,5120,214016
22,20,7168,214016
22,20,13312,214016
22,21,16384,214016
22,20,17408,214016
22,59,17408,214016
22,20,18432,214016
22,59,18432,214016
22,20,19456,214016
70,63,1024,214016
70,62,2048,214016
70,19,4096,214016
70,19,5120,214016
70,20,7168,214016
70,20,13312,214016
70,21,16384,214016
70,20,17408,214016
70,59,17408,214016
70,20,18432,214016
70,59,18432,214016
70,20,19456,214016
63,62,1024,215040
63,19,3072,215040
63,19,4096,215040
63,20,6144,215040
63,20,12288,215040
63,21,15360,215040
63,20,16384,215040
63,59,16384,215040
63,20,17408,215040
63,59,17408,215040
63,20,18432,215040
62,19,2048,216064
62,19,3072,216064
62,20,5120,216064
62,20,11264,216064
62,21,14336,216064
62,20,15360,216064
62,59,15360,216064
62,20,16384,216064
62,59,16384,216064
62,20,17408,216064
19,19,1024,218112
19,20,3072,218112
19,20,9216,218112
19,21,12288,218112
19,20,13312,218112
19,59,13312,218112
19,20,14336,218112
19,59,14336,218112
19,20,15360,218112
19,20,2048,219136
19,20,8192,219136
19,21,11264,219136
19,20,12288,219136
19,59,12288,219136
19,20,13312,219136
19,59,13312,219136
19,20,14336,219136
19,20,20480,219136
20,20,6144,221184
20,21,9216,221184
20,20,10240,221184
20,59,10240,221184
20,20,11264,221184
20,59,11264,221184
20,20,12288,221184
20,20,18432,221184
20,21,3072,227328
20,20,4096,227328
20,59,4096,227328
20,20,5120,227328
20,59,5120,227328
20,20,6144,227328
20,20,12288,227328
20,22,20480,227328
20,63,20480,227328
20,99,20480,227328
21,20,1024,230400
21,59,1024,230400
21,20,2048,230400
21,59,2048,230400
21,20,3072,230400
21,20,9216,230400
21,22,17408,230400
21,63,17408,230400
21,99,17408,230400
21,23,18432,230400
21,63,18432,230400
21,66,19456,230400
21,66,20480,230400
20,59,0,231424
20,20,1024,231424
20,59,1024,231424
20,20,2048,231424
20,20,8192,231424
20,22,16384,231424
20,63,16384,231424
20,99,16384,231424
20,23,17408,231424
20,63,17408,231424
20,66,18432,231424
20,66,19456,231424
20,19,20480,231424
20,66,20480,231424
59,20,1024,231424
59,59,1024,231424
59,20,2048,231424
59,20,8192,231424
59,22,16384,231424
59,63,16384,231424
59,99,16384,231424
59,23,17408,231424
59,63,17408,231424
59,66,18432,231424
59,66,19456,231424
59,19,20480,231424
59,66,20480,231424
20,59,0,232448
20,20,1024,232448
20,20,7168,232448
20,22,15360,232448
20,63,15360,232448
20,99,15360,232448
20,23,16384,232448
20,63,16384,232448
20,66,17408,232448
20,66,18432,232448
20,19,19456,232448
20,66,19456,232448
20,19,20480,232448
59,20,1024,232448
59,20,7168,232448
59,22,15360,232448
59,63,15360,232448
59,99,15360,232448
59,23,16384,232448
59,63,16384,232448
59,66,17408,232448
59,66,18432,232448
59,19,19456,232448
59,66,19456,232448
59,19,20480,232448
20,20,6144,233472
20,22,14336,233472
20,63,14336,233472
20,99,14336,233472
20,23,15360,233472
20,63,15360,233472
20,66,16384,233472
20,66,17408,233472
20,19,18432,233472
20,66,18432,233472
20,19,19456,233472
20,22,8192,239616
20,63,8192,239616
20,99,8192,239616
20,23,9216,239616
20,63,9216,239616
20,66,10240,239616
20,66,11264,239616
20,19,12288,239616
20,66,12288,239616
20,19,13312,239616
20,19,15360,239616
20,53,19456,239616
22,63,0,247808
22,99,0,247808
22,23,1024,247808
22,63,1024,247808
22,66,2048,247808
22,66,3072,247808
22,19,4096,247808
22,66,4096,247808
22,19,5120,247808
22,19,7168,247808
22,53,11264,247808
22,21,16384,247808
22,22,17408,247808
22,20,18432,247808
63,99,0,247808
63,23,1024,247808
63,63,1024,247808
63,66,2048,247808
63,66,3072,247808
63,19,4096,247808
63,66,4096,247808
63,19,5120,247808
63,19,7168,247808
63,53,11264,247808
63,21,16384,247808
63,22,17408,247808
63,20,18432,247808
99,23,1024,247808
99,63,1024,247808
99,66,2048,247808
99,66,3072,247808
99,19,4096,247808
99,66,4096,247808
99,19,5120,247808
99,19,7168,247808
99,53,11264,247808
99,21,16384,247808
99,22,17408,247808
99,20,18432,247808
23,63,0,248832
23,66,1024,248832
23,66,2048,248832
23,19,3072,248832
23,66,3072,248832
23,19,4096,248832
23,19,6144,248832
23,53,10240,248832
23,21,15360,248832
23,22,16384,248832
23,20,17408,248832
63,66,1024,248832
63,66,2048,248832
63,19,3072,248832
63,66,3072,248832
63,19,4096,248832
63,19,6144,248832
63,53,10240,248832
63,21,15360,248832
63,22,16384,248832
63,20,17408,248832
66,66,1024,249856
66,19,2048,249856
66,66,2048,249856
66,19,3072,249856
66,19,5120,249856
66,53,9216,249856
66,21,14336,249856
66,22,15360,249856
66,20,16384,249856
66,19,1024,250880
66,66,1024,250880
66,19,2048,250880
66,19,4096,250880
66,53,8192,250880
66,21,13312,250880
66,22,14336,250880
66,20,15360,250880
19,66,0,251904
19,19,1024,251904
19,19,3072,251904
19,53,7168,251904
19,21,12288,251904
19,22,13312,251904
19,20,14336,251904
66,19,1024,251904
66,19,3072,251904
66,53,7168,251904
66,21,12288,251904
66,22,13312,251904
66,20,14336,251904
19,19,2048,252928
19,53,6144,252928
19,21,11264,252928
19,22,12288,252928
19,20,13312,252928
19,19,20480,252928
19,53,4096,254976
19,21,9216,254976
19,22,10240,254976
19,20,11264,254976
19,19,18432,254976
53,21,5120,259072
53,22,6144,259072
53,20,7168,259072
53,19,14336,259072
21,22,1024,264192
21,20,2048,264192
21,19,9216,264192
21,19,17408,264192
21,63,17408,264192
21,63,18432,264192
21,62,19456,264192
22,20,1024,265216
22,19,8192,265216
22,19,16384,265216
22,63,16384,265216
22,63,17408,265216
22,62,18432,265216
22,20,20480,265216
20,19,7168,266240
20,19,15360,266240
20,63,15360,266240
20,63,16384,266240
20,62,17408,266240
20,20,19456,266240
20,19,20480,266240
19,19,8192,273408
19,63,8192,273408
19,63,9216,273408
19,62,10240,273408
19,20,12288,273408
19,19,13312,273408
19,20,15360,273408
19,63,0,281600
19,63,1024,281600
19,62,2048,281600
19,20,4096,281600
19,19,5120,281600
19,20,7168,281600
19,20,13312,281600
19,21,16384,281600
19,19,17408,281600
19,59,17408,281600
19,20,18432,281600
19,59,18432,281600
19,59,19456,281600
63,63,1024,281600
63,62,2048,281600
63,20,4096,281600
63,19,5120,281600
63,20,7168,281600
63,20,13312,281600
63,21,16384,281600
63,19,17408,281600
63,59,17408,281600
63,20,18432,281600
63,59,18432,281600
63,59,19456,281600
63,62,1024,282624
63,20,3072,282624
63,19,4096,282624
63,20,6144,282624
63,20,12288,282624
63,21,15360,282624
63,19,16384,282624
63,59,16384,282624
63,20,17408,282624
63,59,17408,282624
63,59,18432,282624
63,66,20480,282624
62,20,2048,283648
62,19,3072,283648
62,20,5120,283648
62,20,11264,283648
62,21,14336,283648
62,19,15360,283648
62,59,15360,283648
62,20,16384,283648
62,59,16384,283648
62,59,17408,283648
62,66,19456,283648
20,19,1024,285696
20,20,3072,285696
20,20,9216,285696
20,21,12288,285696
20,19,13312,285696
20,59,13312,285696
20,20,14336,285696
20,59,14336,285696
20,59,15360,285696
20,66,17408,285696
19,20,2048,286720
19,20,8192,286720
19,21,11264,286720
19,19,12288,286720
19,59,12288,286720
19,20,13312,286720
19,59,13312,286720
19,59,14336,286720
19,66,16384,286720
19,20,20480,286720
20,20,6144,288768
20,21,9216,288768
20,19,10240,288768
20,59,10240,288768
20,20,11264,288768
20,59,11264,288768
20,59,12288,288768
20,66,14336,288768
20,20,18432,288768
20,21,3072,294912
20,19,4096,294912
20,59,4096,294912
20,20,5120,294912
20,59,5120,294912
20,59,6144,294912
20,66,8192,294912
20,20,12288,294912
20,21,20480,294912
20,63,20480,294912
20,82,20480,294912
21,19,1024,297984
21,59,1024,297984
21,20,2048,297984
21,59,2048,297984
21,59,3072,297984
21,66,5120,297984
21,20,9216,297984
21,21,17408,297984
21,63,17408,297984
21,82,17408,297984
21,63,18432,297984
21,63,19456,297984
21,66,20480,297984
19,59,0,299008
19,20,1024,299008
19,59,1024,299008
19,59,2048,299008
19,66,4096,299008
19,20,8192,299008
19,21,16384,299008
19,63,16384,299008
19,82,16384,299008
19,63,17408,299008
19,63,18432,299008
19,66,19456,299008
19,20,20480,299008
59,20,1024,299008
59,59,1024,299008
59,59,2048,299008
59,66,4096,299008
59,20,8192,299008
59,21,16384,299008
59,63,16384,299008
59,82,16384,299008
59,63,17408,299008
59,63,18432,299008
59,66,19456,299008
59,20,20480,299008
20,59,0,300032
20,59,1024,300032
20,66,3072,300032
20,20,7168,300032
20,21,15360,300032
20,63,15360,300032
20,82,15360,300032
20,63,16384,300032
20,63,17408,300032
20,66,18432,300032
20,20,19456,300032
59,59,1024,300032
59,66,3072,300032
59,20,7168,300032
59,21,15360,300032
59,63,15360,300032
59,82,15360,300032
59,63,16384,300032
59,63,17408,300032
59,66,18432,300032
59,20,19456,300032
59,66,2048,301056
59,20,6144,301056
59,21,14336,301056
59,63,14336,301056
59,82,14336,301056
59,63,15360,301056
59,63,16384,301056
59,66,17408,301056
59,20,18432,301056
66,20,4096,303104
66,21,12288,303104
66,63,12288,303104
66,82,12288,303104
66,63,13312,303104
66,63,14336,303104
66,66,15360,303104
66,20,16384,303104
66,18,19456,303104
20,21,8192,307200
20,63,8192,307200
20,82,8192,307200
20,63,9216,307200
20,63,10240,307200
20,66,11264,307200
20,20,12288,307200
20,18,15360,307200
20,18,19456,307200
21,63,0,315392
21,82,0,315392
21,63,1024,315392
21,63,2048,315392
21,66,3072,315392
21,20,4096,315392
21,18,7168,315392
21,18,11264,315392
21,18,13312,315392
63,82,0,315392
63,63,1024,315392
63,63,2048,315392
63,66,3072,315392
63,20,4096,315392
63,18,7168,315392
63,18,11264,315392
63,18,13312,315392
82,63,1024,315392
82,63,2048,315392
82,66,3072,315392
82,20,4096,315392
82,18,7168,315392
82,18,11264,315392
82,18,13312,315392
63,63,1024,316416
63,66,2048,316416
63,20,3072,316416
63,18,6144,316416
63,18,10240,316416
63,18,12288,316416
63,66,1024,317440
63,20,2048,317440
63,18,5120,317440
63,18,9216,317440
63,18,11264,317440
66,20,1024,318464
66,18,4096,318464
66,18,8192,318464
66,18,10240,318464
20,18,3072,319488
20,18,7168,319488
20,18,9216,319488
18,18,4096,322560
18,18,6144,322560
18,18,2048,326656
