5,5,1024,5120
5,5,2048,5120
5,41,3072,5120
5,46,4096,5120
5,46,5120,5120
5,5,7168,5120
5,5,8192,5120
5,12,15360,5120
5,60,17408,5120
5,122,18432,5120
5,5,1024,6144
5,41,2048,6144
5,46,3072,6144
5,46,4096,6144
5,5,6144,6144
5,5,7168,6144
5,12,14336,6144
5,60,16384,6144
5,122,17408,6144
5,41,1024,7168
5,46,2048,7168
5,46,3072,7168
5,5,5120,7168
5,5,6144,7168
5,12,13312,7168
5,60,15360,7168
5,122,16384,7168
5,9,20480,7168
41,46,1024,8192
41,46,2048,8192
41,5,4096,8192
41,5,5120,8192
41,12,12288,8192
41,60,14336,8192
41,122,15360,8192
41,9,19456,8192
41,9,20480,8192
46,46,1024,9216
46,5,3072,9216
46,5,4096,9216
46,12,11264,9216
46,60,13312,9216
46,122,14336,9216
46,9,18432,9216
46,9,19456,9216
46,9,20480,9216
46,5,2048,10240
46,5,3072,10240
46,12,10240,10240
46,60,12288,10240
46,122,13312,10240
46,9,17408,10240
46,9,18432,10240
46,9,19456,10240
46,9,20480,10240
5,5,1024,12288
5,12,8192,12288
5,60,10240,12288
5,122,11264,12288
5,9,15360,12288
5,9,16384,12288
5,9,17408,12288
5,9,18432,12288
5,12,7168,13312
5,60,9216,13312
5,122,10240,13312
5,9,14336,13312
5,9,15360,13312
5,9,16384,13312
5,9,17408,13312
12,60,2048,20480
12,122,3072,20480
12,9,7168,20480
12,9,8192,20480
12,9,9216,20480
12,9,10240,20480
12,9,17408,20480
12,9,20480,20480
60,122,1024,22528
60,9,5120,22528
60,9,6144,22528
60,9,7168,22528
60,9,8192,22528
60,9,15360,22528
60,9,18432,22528
60,9,19456,22528
122,9,4096,23552
122,9,5120,23552
122,9,6144,23552
122,9,7168,23552
122,9,14336,23552
122,9,17408,23552
122,9,18432,23552
122,55,20480,23552
9,9,1024,27648
9,9,2048,27648
9,9,3072,27648
9,9,10240,27648
9,9,13312,27648
9,9,14336,27648
9,55,16384,27648
9,72,17408,27648
9,71,18432,27648
9,67,19456,27648
9,63,20480,27648
9,9,1024,28672
9,9,2048,28672
9,9,9216,28672
9,9,12288,28672
9,9,13312,28672
9,55,15360,28672
9,72,16384,28672
9,71,17408,28672
9,67,18432,28672
9,63,19456,28672
9,9,1024,29696
9,9,8192,29696
9,9,11264,29696
9,9,12288,29696
9,55,14336,29696
9,72,15360,29696
9,71,16384,29696
9,67,17408,29696
9,63,18432,29696
9,9,20480,29696
9,9,7168,30720
9,9,10240,30720
9,9,11264,30720
9,55,13312,30720
9,72,14336,30720
9,71,15360,30720
9,67,16384,30720
9,63,17408,30720
9,9,19456,30720
9,9,20480,30720
9,9,3072,37888
9,9,4096,37888
9,55,6144,37888
9,72,7168,37888
9,71,8192,37888
9,67,9216,37888
9,63,10240,37888
9,9,12288,37888
9,9,13312,37888
9,9,15360,37888
9,9,16384,37888
9,9,17408,37888
9,14,19456,37888
9,9,1024,40960
9,55,3072,40960
9,72,4096,40960
9,71,5120,40960
9,67,6144,40960
9,63,7168,40960
9,9,9216,40960
9,9,10240,40960
9,9,12288,40960
9,9,13312,40960
9,9,14336,40960
9,14,16384,40960
9,55,2048,41984
9,72,3072,41984
9,71,4096,41984
9,67,5120,41984
9,63,6144,41984
9,9,8192,41984
9,9,9216,41984
9,9,11264,41984
9,9,12288,41984
9,9,13312,41984
9,14,15360,41984
9,9,20480,41984
55,72,1024,44032
55,71,2048,44032
55,67,3072,44032
55,63,4096,44032
55,9,6144,44032
55,9,7168,44032
55,9,9216,44032
55,9,10240,44032
55,9,11264,44032
55,14,13312,44032
55,9,18432,44032
55,5,20480,44032
72,71,1024,45056
72,67,2048,45056
72,63,3072,45056
72,9,5120,45056
72,9,6144,45056
72,9,8192,45056
72,9,9216,45056
72,9,10240,45056
72,14,12288,45056
72,9,17408,45056
72,5,19456,45056
72,5,20480,45056
71,67,1024,46080
71,63,2048,46080
71,9,4096,46080
71,9,5120,46080
71,9,7168,46080
71,9,8192,46080
71,9,9216,46080
71,14,11264,46080
71,9,16384,46080
71,5,18432,46080
71,5,19456,46080
67,63,1024,47104
67,9,3072,47104
67,9,4096,47104
67,9,6144,47104
67,9,7168,47104
67,9,8192,47104
67,14,10240,47104
67,9,15360,47104
67,5,17408,47104
67,5,18432,47104
63,9,2048,48128
63,9,3072,48128
63,9,5120,48128
63,9,6144,48128
63,9,7168,48128
63,14,9216,48128
63,9,14336,48128
63,5,16384,48128
63,5,17408,48128
9,9,1024,50176
9,9,3072,50176
9,9,4096,50176
9,9,5120,50176
9,14,7168,50176
9,9,12288,50176
9,5,14336,50176
9,5,15360,50176
9,9,20480,50176
9,9,2048,51200
9,9,3072,51200
9,9,4096,51200
9,14,6144,51200
9,9,11264,51200
9,5,13312,51200
9,5,14336,51200
9,9,19456,51200
9,9,1024,53248
9,9,2048,53248
9,14,4096,53248
9,9,9216,53248
9,5,11264,53248
9,5,12288,53248
9,9,17408,53248
9,9,1024,54272
9,14,3072,54272
9,9,8192,54272
9,5,10240,54272
9,5,11264,54272
9,9,16384,54272
9,14,2048,55296
9,9,7168,55296
9,5,9216,55296
9,5,10240,55296
9,9,15360,55296
14,9,5120,57344
14,5,7168,57344
14,5,8192,57344
14,9,13312,57344
9,5,2048,62464
9,5,3072,62464
9,9,8192,62464
9,12,20480,62464
5,5,1024,64512
5,9,6144,64512
5,12,18432,64512
5,9,5120,65536
5,12,17408,65536
5,9,20480,65536
9,12,12288,70656
9,9,15360,70656
9,9,16384,70656
9,9,17408,70656
9,9,18432,70656
12,9,3072,82944
12,9,4096,82944
12,9,5120,82944
12,9,6144,82944
12,5,11264,82944
12,9,13312,82944
12,36,17408,82944
9,9,1024,86016
9,9,2048,86016
9,9,3072,86016
9,5,8192,86016
9,9,10240,86016
9,36,14336,86016
9,9,1024,87040
9,9,2048,87040
9,5,7168,87040
9,9,9216,87040
9,36,13312,87040
9,9,1024,88064
9,5,6144,88064
9,9,8192,88064
9,36,12288,88064
9,9,20480,88064
9,5,5120,89088
9,9,7168,89088
9,36,11264,89088
9,9,19456,89088
9,68,20480,89088
5,9,2048,94208
5,36,6144,94208
5,9,14336,94208
5,68,15360,94208
5,67,16384,94208
5,67,17408,94208
5,9,18432,94208
5,9,19456,94208
9,36,4096,96256
9,9,12288,96256
9,68,13312,96256
9,67,14336,96256
9,67,15360,96256
9,9,16384,96256
9,9,17408,96256
9,6,19456,96256
36,9,8192,100352
36,68,9216,100352
36,67,10240,100352
36,67,11264,100352
36,9,12288,100352
36,9,13312,100352
36,6,15360,100352
36,54,19456,100352
9,68,1024,108544
9,67,2048,108544
9,67,3072,108544
9,9,4096,108544
9,9,5120,108544
9,6,7168,108544
9,54,11264,108544
9,9,13312,108544
9,70,14336,108544
9,69,15360,108544
9,9,20480,108544
68,67,1024,109568
68,67,2048,109568
68,9,3072,109568
68,9,4096,109568
68,6,6144,109568
68,54,10240,109568
68,9,12288,109568
68,70,13312,109568
68,69,14336,109568
68,9,19456,109568
68,5,20480,109568
67,67,1024,110592
67,9,2048,110592
67,9,3072,110592
67,6,5120,110592
67,54,9216,110592
67,9,11264,110592
67,70,12288,110592
67,69,13312,110592
67,9,18432,110592
67,5,19456,110592
67,9,1024,111616
67,9,2048,111616
67,6,4096,111616
67,54,8192,111616
67,9,10240,111616
67,70,11264,111616
67,69,12288,111616
67,9,17408,111616
67,5,18432,111616
9,9,1024,112640
9,6,3072,112640
9,54,7168,112640
9,9,9216,112640
9,70,10240,112640
9,69,11264,112640
9,9,16384,112640
9,5,17408,112640
9,6,2048,113664
9,54,6144,113664
9,9,8192,113664
9,70,9216,113664
9,69,10240,113664
9,9,15360,113664
9,5,16384,113664
6,54,4096,115712
6,9,6144,115712
6,70,7168,115712
6,69,8192,115712
6,9,13312,115712
6,5,14336,115712
6,136,19456,115712
54,9,2048,119808
54,70,3072,119808
54,69,4096,119808
54,9,9216,119808
54,5,10240,119808
54,136,15360,119808
54,10,17408,119808
54,5,18432,119808
54,5,19456,119808
9,70,1024,121856
9,69,2048,121856
9,9,7168,121856
9,5,8192,121856
9,136,13312,121856
9,10,15360,121856
9,5,16384,121856
9,5,17408,121856
9,5,19456,121856
9,5,20480,121856
70,69,1024,122880
70,9,6144,122880
70,5,7168,122880
70,136,12288,122880
70,10,14336,122880
70,5,15360,122880
70,5,16384,122880
70,5,18432,122880
70,5,19456,122880
70,5,20480,122880
69,9,5120,123904
69,5,6144,123904
69,136,11264,123904
69,10,13312,123904
69,5,14336,123904
69,5,15360,123904
69,5,17408,123904
69,5,18432,123904
69,5,19456,123904
9,5,1024,129024
9,136,6144,129024
9,10,8192,129024
9,5,9216,129024
9,5,10240,129024
9,5,12288,129024
9,5,13312,129024
9,5,14336,129024
9,5,16384,129024
9,5,17408,129024
9,5,18432,129024
5,136,5120,130048
5,10,7168,130048
5,5,8192,130048
5,5,9216,130048
5,5,11264,130048
5,5,12288,130048
5,5,13312,130048
5,5,15360,130048
5,5,16384,130048
5,5,17408,130048
136,10,2048,135168
136,5,3072,135168
136,5,4096,135168
136,5,6144,135168
136,5,7168,135168
136,5,8192,135168
136,5,10240,135168
136,5,11264,135168
136,5,12288,135168
136,5,17408,135168
136,5,18432,135168
136,5,20480,135168
10,5,1024,137216
10,5,2048,137216
10,5,4096,137216
10,5,5120,137216
10,5,6144,137216
10,5,8192,137216
10,5,9216,137216
10,5,10240,137216
10,5,15360,137216
10,5,16384,137216
10,5,18432,137216
10,5,19456,137216
5,5,1024,138240
5,5,3072,138240
5,5,4096,138240
5,5,5120,138240
5,5,7168,138240
5,5,8192,138240
5,5,9216,138240
5,5,14336,138240
5,5,15360,138240
5,5,17408,138240
5,5,18432,138240
5,56,20480,138240
5,5,2048,139264
5,5,3072,139264
5,5,4096,139264
5,5,6144,139264
5,5,7168,139264
5,5,8192,139264
5,5,13312,139264
5,5,14336,139264
5,5,16384,139264
5,5,17408,139264
5,56,19456,139264
5,110,20480,139264
5,5,1024,141312
5,5,2048,141312
5,5,4096,141312
5,5,5120,141312
5,5,6144,141312
5,5,11264,141312
5,5,12288,141312
5,5,14336,141312
5,5,15360,141312
5,56,17408,141312
5,110,18432,141312
5,109,19456,141312
5,5,1024,142336
5,5,3072,142336
5,5,4096,142336
5,5,5120,142336
5,5,10240,142336
5,5,11264,142336
5,5,13312,142336
5,5,14336,142336
5,56,16384,142336
5,110,17408,142336
5,109,18432,142336
5,137,20480,142336
5,5,2048,143360
5,5,3072,143360
5,5,4096,143360
5,5,9216,143360
5,5,10240,143360
5,5,12288,143360
5,5,13312,143360
5,56,15360,143360
5,110,16384,143360
5,109,17408,143360
5,137,19456,143360
5,137,20480,143360
5,5,1024,145408
5,5,2048,145408
5,5,7168,145408
5,5,8192,145408
5,5,10240,145408
5,5,11264,145408
5,56,13312,145408
5,110,14336,145408
5,109,15360,145408
5,137,17408,145408
5,137,18432,145408
5,5,1024,146432
5,5,6144,146432
5,5,7168,146432
5,5,9216,146432
5,5,10240,146432
5,56,12288,146432
5,110,13312,146432
5,109,14336,146432
5,137,16384,146432
5,137,17408,146432
5,55,20480,146432
5,5,5120,147456
5,5,6144,147456
5,5,8192,147456
5,5,9216,147456
5,56,11264,147456
5,110,12288,147456
5,109,13312,147456
5,137,15360,147456
5,137,16384,147456
5,55,19456,147456
5,5,1024,152576
5,5,3072,152576
5,5,4096,152576
5,56,6144,152576
5,110,7168,152576
5,109,8192,152576
5,137,10240,152576
5,137,11264,152576
5,55,14336,152576
5,12,18432,152576
5,12,19456,152576
5,5,2048,153600
5,5,3072,153600
5,56,5120,153600
5,110,6144,153600
5,109,7168,153600
5,137,9216,153600
5,137,10240,153600
5,55,13312,153600
5,12,17408,153600
5,12,18432,153600
5,104,20480,153600
5,5,1024,155648
5,56,3072,155648
5,110,4096,155648
5,109,5120,155648
5,137,7168,155648
5,137,8192,155648
5,55,11264,155648
5,12,15360,155648
5,12,16384,155648
5,104,18432,155648
5,55,19456,155648
5,54,20480,155648
5,56,2048,156672
5,110,3072,156672
5,109,4096,156672
5,137,6144,156672
5,137,7168,156672
5,55,10240,156672
5,12,14336,156672
5,12,15360,156672
5,104,17408,156672
5,55,18432,156672
5,54,19456,156672
56,110,1024,158720
56,109,2048,158720
56,137,4096,158720
56,137,5120,158720
56,55,8192,158720
56,12,12288,158720
56,12,13312,158720
56,104,15360,158720
56,55,16384,158720
56,54,17408,158720
56,71,19456,158720
110,109,1024,159744
110,137,3072,159744
110,137,4096,159744
110,55,7168,159744
110,12,11264,159744
110,12,12288,159744
110,104,14336,159744
110,55,15360,159744
110,54,16384,159744
110,71,18432,159744
109,137,2048,160768
109,137,3072,160768
109,55,6144,160768
109,12,10240,160768
109,12,11264,160768
109,104,13312,160768
109,55,14336,160768
109,54,15360,160768
109,71,17408,160768
109,54,20480,160768
137,137,1024,162816
137,55,4096,162816
137,12,8192,162816
137,12,9216,162816
137,104,11264,162816
137,55,12288,162816
137,54,13312,162816
137,71,15360,162816
137,54,18432,162816
137,55,3072,163840
137,12,7168,163840
137,12,8192,163840
137,104,10240,163840
137,55,11264,163840
137,54,12288,163840
137,71,14336,163840
137,54,17408,163840
137,64,20480,163840
55,12,4096,166912
55,12,5120,166912
55,104,7168,166912
55,55,8192,166912
55,54,9216,166912
55,71,11264,166912
55,54,14336,166912
55,64,17408,166912
55,42,18432,166912
12,12,1024,171008
12,104,3072,171008
12,55,4096,171008
12,54,5120,171008
12,71,7168,171008
12,54,10240,171008
12,64,13312,171008
12,42,14336,171008
12,46,17408,171008
12,46,18432,171008
12,104,2048,172032
12,55,3072,172032
12,54,4096,172032
12,71,6144,172032
12,54,9216,172032
12,64,12288,172032
12,42,13312,172032
12,46,16384,172032
12,46,17408,172032
104,55,1024,174080
104,54,2048,174080
104,71,4096,174080
104,54,7168,174080
104,64,10240,174080
104,42,11264,174080
104,46,14336,174080
104,46,15360,174080
104,137,19456,174080
104,137,20480,174080
55,54,1024,175104
55,71,3072,175104
55,54,6144,175104
55,64,9216,175104
55,42,10240,175104
55,46,13312,175104
55,46,14336,175104
55,137,18432,175104
55,137,19456,175104
54,71,2048,176128
54,54,5120,176128
54,64,8192,176128
54,42,9216,176128
54,46,12288,176128
54,46,13312,176128
54,137,17408,176128
54,137,18432,176128
54,162,20480,176128
71,54,3072,178176
71,64,6144,178176
71,42,7168,178176
71,46,10240,178176
71,46,11264,178176
71,137,15360,178176
71,137,16384,178176
71,162,18432,178176
54,64,3072,181248
54,42,4096,181248
54,46,7168,181248
54,46,8192,181248
54,137,12288,181248
54,137,13312,181248
54,162,15360,181248
54,7,19456,181248
64,42,1024,184320
64,46,4096,184320
64,46,5120,184320
64,137,9216,184320
64,137,10240,184320
64,162,12288,184320
64,7,16384,184320
64,10,18432,184320
64,7,19456,184320
64,7,20480,184320
42,46,3072,185344
42,46,4096,185344
42,137,8192,185344
42,137,9216,185344
42,162,11264,185344
42,7,15360,185344
42,10,17408,185344
42,7,18432,185344
42,7,19456,185344
42,91,20480,185344
46,46,1024,188416
46,137,5120,188416
46,137,6144,188416
46,162,8192,188416
46,7,12288,188416
46,10,14336,188416
46,7,15360,188416
46,7,16384,188416
46,91,17408,188416
46,7,18432,188416
46,137,4096,189440
46,137,5120,189440
46,162,7168,189440
46,7,11264,189440
46,10,13312,189440
46,7,14336,189440
46,7,15360,189440
46,91,16384,189440
46,7,17408,189440
46,72,20480,189440
137,137,1024,193536
137,162,3072,193536
137,7,7168,193536
137,10,9216,193536
137,7,10240,193536
137,7,11264,193536
137,91,12288,193536
137,7,13312,193536
137,72,16384,193536
137,14,17408,193536
137,162,2048,194560
137,7,6144,194560
137,10,8192,194560
137,7,9216,194560
137,7,10240,194560
137,91,11264,194560
137,7,12288,194560
137,72,15360,194560
137,14,16384,194560
137,7,20480,194560
162,7,4096,196608
162,10,6144,196608
162,7,7168,196608
162,7,8192,196608
162,91,9216,196608
162,7,10240,196608
162,72,13312,196608
162,14,14336,196608
162,7,18432,196608
162,48,20480,196608
7,10,2048,200704
7,7,3072,200704
7,7,4096,200704
7,91,5120,200704
7,7,6144,200704
7,72,9216,200704
7,14,10240,200704
7,7,14336,200704
7,48,16384,200704
7,7,17408,200704
10,7,1024,202752
10,7,2048,202752
10,91,3072,202752
10,7,4096,202752
10,72,7168,202752
10,14,8192,202752
10,7,12288,202752
10,48,14336,202752
10,7,15360,202752
7,7,1024,203776
7,91,2048,203776
7,7,3072,203776
7,72,6144,203776
7,14,7168,203776
7,7,11264,203776
7,48,13312,203776
7,7,14336,203776
7,91,1024,204800
7,7,2048,204800
7,72,5120,204800
7,14,6144,204800
7,7,10240,204800
7,48,12288,204800
7,7,13312,204800
7,73,20480,204800
91,7,1024,205824
91,72,4096,205824
91,14,5120,205824
91,7,9216,205824
91,48,11264,205824
91,7,12288,205824
91,73,19456,205824
91,73,20480,205824
7,72,3072,206848
7,14,4096,206848
7,7,8192,206848
7,48,10240,206848
7,7,11264,206848
7,73,18432,206848
7,73,19456,206848
7,72,20480,206848
72,14,1024,209920
72,7,5120,209920
72,48,7168,209920
72,7,8192,209920
72,73,15360,209920
72,73,16384,209920
72,72,17408,209920
72,9,19456,209920
14,7,4096,210944
14,48,6144,210944
14,7,7168,210944
14,73,14336,210944
14,73,15360,210944
14,72,16384,210944
14,9,18432,210944
7,48,2048,215040
7,7,3072,215040
7,73,10240,215040
7,73,11264,215040
7,72,12288,215040
7,9,14336,215040
7,5,17408,215040
7,9,18432,215040
48,7,1024,217088
48,73,8192,217088
48,73,9216,217088
48,72,10240,217088
48,9,12288,217088
48,5,15360,217088
48,9,16384,217088
7,73,7168,218112
7,73,8192,218112
7,72,9216,218112
7,9,11264,218112
7,5,14336,218112
7,9,15360,218112
73,73,1024,225280
73,72,2048,225280
73,9,4096,225280
73,5,7168,225280
73,9,8192,225280
73,5,14336,225280
73,9,18432,225280
73,72,1024,226304
73,9,3072,226304
73,5,6144,226304
73,9,7168,226304
73,5,13312,226304
73,9,17408,226304
73,46,20480,226304
72,9,2048,227328
72,5,5120,227328
72,9,6144,227328
72,5,12288,227328
72,9,16384,227328
72,46,19456,227328
72,46,20480,227328
9,5,3072,229376
9,9,4096,229376
9,5,10240,229376
9,9,14336,229376
9,46,17408,229376
9,46,18432,229376
5,9,1024,232448
5,5,7168,232448
5,9,11264,232448
5,46,14336,232448
5,46,15360,232448
9,5,6144,233472
9,9,10240,233472
9,46,13312,233472
9,46,14336,233472
9,13,20480,233472
5,9,4096,239616
5,46,7168,239616
5,46,8192,239616
5,13,14336,239616
5,9,18432,239616
9,46,3072,243712
9,46,4096,243712
9,13,10240,243712
9,9,14336,243712
9,9,18432,243712
9,9,19456,243712
46,46,1024,246784
46,13,7168,246784
46,9,11264,246784
46,9,15360,246784
46,9,16384,246784
46,49,19456,246784
46,49,20480,246784
46,13,6144,247808
46,9,10240,247808
46,9,14336,247808
46,9,15360,247808
46,49,18432,247808
46,49,19456,247808
46,50,20480,247808
13,9,4096,253952
13,9,8192,253952
13,9,9216,253952
13,49,12288,253952
13,49,13312,253952
13,50,14336,253952
13,77,15360,253952
13,71,16384,253952
13,9,18432,253952
13,9,19456,253952
13,5,20480,253952
9,9,4096,258048
9,9,5120,258048
9,49,8192,258048
9,49,9216,258048
9,50,10240,258048
9,77,11264,258048
9,71,12288,258048
9,9,14336,258048
9,9,15360,258048
9,5,16384,258048
9,9,1024,262144
9,49,4096,262144
9,49,5120,262144
9,50,6144,262144
9,77,7168,262144
9,71,8192,262144
9,9,10240,262144
9,9,11264,262144
9,5,12288,262144
9,49,17408,262144
9,49,3072,263168
9,49,4096,263168
9,50,5120,263168
9,77,6144,263168
9,71,7168,263168
9,9,9216,263168
9,9,10240,263168
9,5,11264,263168
9,49,16384,263168
9,4,20480,263168
49,49,1024,266240
49,50,2048,266240
49,77,3072,266240
49,71,4096,266240
49,9,6144,266240
49,9,7168,266240
49,5,8192,266240
49,49,13312,266240
49,4,17408,266240
49,89,18432,266240
49,91,19456,266240
49,50,1024,267264
49,77,2048,267264
49,71,3072,267264
49,9,5120,267264
49,9,6144,267264
49,5,7168,267264
49,49,12288,267264
49,4,16384,267264
49,89,17408,267264
49,91,18432,267264
50,77,1024,268288
50,71,2048,268288
50,9,4096,268288
50,9,5120,268288
50,5,6144,268288
50,49,11264,268288
50,4,15360,268288
50,89,16384,268288
50,91,17408,268288
77,71,1024,269312
77,9,3072,269312
77,9,4096,269312
77,5,5120,269312
77,49,10240,269312
77,4,14336,269312
77,89,15360,269312
77,91,16384,269312
71,9,2048,270336
71,9,3072,270336
71,5,4096,270336
71,49,9216,270336
71,4,13312,270336
71,89,14336,270336
71,91,15360,270336
71,5,20480,270336
9,9,1024,272384
9,5,2048,272384
9,49,7168,272384
9,4,11264,272384
9,89,12288,272384
9,91,13312,272384
9,5,18432,272384
9,9,19456,272384
9,9,20480,272384
9,5,1024,273408
9,49,6144,273408
9,4,10240,273408
9,89,11264,273408
9,91,12288,273408
9,5,17408,273408
9,9,18432,273408
9,9,19456,273408
9,15,20480,273408
5,49,5120,274432
5,4,9216,274432
5,89,10240,274432
5,91,11264,274432
5,5,16384,274432
5,9,17408,274432
5,9,18432,274432
5,15,19456,274432
49,4,4096,279552
49,89,5120,279552
49,91,6144,279552
49,5,11264,279552
49,9,12288,279552
49,9,13312,279552
49,15,14336,279552
4,89,1024,283648
4,91,2048,283648
4,5,7168,283648
4,9,8192,283648
4,9,9216,283648
4,15,10240,283648
4,9,18432,283648
89,91,1024,284672
89,5,6144,284672
89,9,7168,284672
89,9,8192,284672
89,15,9216,284672
89,9,17408,284672
91,5,5120,285696
91,9,6144,285696
91,9,7168,285696
91,15,8192,285696
91,9,16384,285696
5,9,1024,290816
5,9,2048,290816
5,15,3072,290816
5,9,11264,290816
9,9,1024,291840
9,15,2048,291840
9,9,10240,291840
9,13,20480,291840
9,15,1024,292864
9,9,9216,292864
9,13,19456,292864
9,14,20480,292864
15,9,8192,293888
15,13,18432,293888
15,14,19456,293888
9,13,10240,302080
9,14,11264,302080
9,9,18432,302080
9,9,19456,302080
13,14,1024,312320
13,9,8192,312320
13,9,9216,312320
13,14,15360,312320
14,9,7168,313344
14,9,8192,313344
14,14,14336,313344
9,9,1024,320512
9,14,7168,320512
9,14,6144,321536
