20,10,1024,2048
20,12,4096,2048
20,10,13312,2048
20,10,14336,2048
20,10,15360,2048
20,10,16384,2048
20,41,17408,2048
10,12,3072,3072
10,10,12288,3072
10,10,13312,3072
10,10,14336,3072
10,10,15360,3072
10,41,16384,3072
10,13,20480,3072
12,10,9216,6144
12,10,10240,6144
12,10,11264,6144
12,10,12288,6144
12,41,13312,6144
12,13,17408,6144
12,13,18432,6144
12,13,19456,6144
12,13,20480,6144
10,10,1024,15360
10,10,2048,15360
10,10,3072,15360
10,41,4096,15360
10,13,8192,15360
10,13,9216,15360
10,13,10240,15360
10,13,11264,15360
10,13,15360,15360
10,13,16384,15360
10,13,17408,15360
10,7,18432,15360
10,7,19456,15360
10,7,20480,15360
10,10,1024,16384
10,10,2048,16384
10,41,3072,16384
10,13,7168,16384
10,13,8192,16384
10,13,9216,16384
10,13,10240,16384
10,13,14336,16384
10,13,15360,16384
10,13,16384,16384
10,7,17408,16384
10,7,18432,16384
10,7,19456,16384
10,10,1024,17408
10,41,2048,17408
10,13,6144,17408
10,13,7168,17408
10,13,8192,17408
10,13,9216,17408
10,13,13312,17408
10,13,14336,17408
10,13,15360,17408
10,7,16384,17408
10,7,17408,17408
10,7,18432,17408
10,41,1024,18432
10,13,5120,18432
10,13,6144,18432
10,13,7168,18432
10,13,8192,18432
10,13,12288,18432
10,13,13312,18432
10,13,14336,18432
10,7,15360,18432
10,7,16384,18432
10,7,17408,18432
41,13,4096,19456
41,13,5120,19456
41,13,6144,19456
41,13,7168,19456
41,13,11264,19456
41,13,12288,19456
41,13,13312,19456
41,7,14336,19456
41,7,15360,19456
41,7,16384,19456
13,13,1024,23552
13,13,2048,23552
13,13,3072,23552
13,13,7168,23552
13,13,8192,23552
13,13,9216,23552
13,7,10240,23552
13,7,11264,23552
13,7,12288,23552
13,13,18432,23552
13,13,19456,23552
13,13,20480,23552
13,13,1024,24576
13,13,2048,24576
13,13,6144,24576
13,13,7168,24576
13,13,8192,24576
13,7,9216,24576
13,7,10240,24576
13,7,11264,24576
13,13,17408,24576
13,13,18432,24576
13,13,19456,24576
13,13,1024,25600
13,13,5120,25600
13,13,6144,25600
13,13,7168,25600
13,7,8192,25600
13,7,9216,25600
13,7,10240,25600
13,13,16384,25600
13,13,17408,25600
13,13,18432,25600
13,13,4096,26624
13,13,5120,26624
13,13,6144,26624
13,7,7168,26624
13,7,8192,26624
13,7,9216,26624
13,13,15360,26624
13,13,16384,26624
13,13,17408,26624
13,13,1024,30720
13,13,2048,30720
13,7,3072,30720
13,7,4096,30720
13,7,5120,30720
13,13,11264,30720
13,13,12288,30720
13,13,13312,30720
13,13,17408,30720
13,13,18432,30720
13,13,19456,30720
13,7,20480,30720
13,13,1024,31744
13,7,2048,31744
13,7,3072,31744
13,7,4096,31744
13,13,10240,31744
13,13,11264,31744
13,13,12288,31744
13,13,16384,31744
13,13,17408,31744
13,13,18432,31744
13,7,19456,31744
13,7,20480,31744
13,7,1024,32768
13,7,2048,32768
13,7,3072,32768
13,13,9216,32768
13,13,10240,32768
13,13,11264,32768
13,13,15360,32768
13,13,16384,32768
13,13,17408,32768
13,7,18432,32768
13,7,19456,32768
7,7,1024,33792
7,7,2048,33792
7,13,8192,33792
7,13,9216,33792
7,13,10240,33792
7,13,14336,33792
7,13,15360,33792
7,13,16384,33792
7,7,17408,33792
7,7,18432,33792
7,7,1024,34816
7,13,7168,34816
7,13,8192,34816
7,13,9216,34816
7,13,13312,34816
7,13,14336,34816
7,13,15360,34816
7,7,16384,34816
7,7,17408,34816
7,9,20480,34816
7,13,6144,35840
7,13,7168,35840
7,13,8192,35840
7,13,12288,35840
7,13,13312,35840
7,13,14336,35840
7,7,15360,35840
7,7,16384,35840
7,9,19456,35840
13,13,1024,41984
13,13,2048,41984
13,13,6144,41984
13,13,7168,41984
13,13,8192,41984
13,7,9216,41984
13,7,10240,41984
13,9,13312,41984
13,10,17408,41984
13,10,18432,41984
13,13,1024,43008
13,13,5120,43008
13,13,6144,43008
13,13,7168,43008
13,7,8192,43008
13,7,9216,43008
13,9,12288,43008
13,10,16384,43008
13,10,17408,43008
13,13,4096,44032
13,13,5120,44032
13,13,6144,44032
13,7,7168,44032
13,7,8192,44032
13,9,11264,44032
13,10,15360,44032
13,10,16384,44032
13,13,1024,48128
13,13,2048,48128
13,7,3072,48128
13,7,4096,48128
13,9,7168,48128
13,10,11264,48128
13,10,12288,48128
13,8,20480,48128
13,13,1024,49152
13,7,2048,49152
13,7,3072,49152
13,9,6144,49152
13,10,10240,49152
13,10,11264,49152
13,8,19456,49152
13,8,20480,49152
13,7,1024,50176
13,7,2048,50176
13,9,5120,50176
13,10,9216,50176
13,10,10240,50176
13,8,18432,50176
13,8,19456,50176
7,7,1024,51200
7,9,4096,51200
7,10,8192,51200
7,10,9216,51200
7,8,17408,51200
7,8,18432,51200
7,9,3072,52224
7,10,7168,52224
7,10,8192,52224
7,8,16384,52224
7,8,17408,52224
7,10,20480,52224
9,10,4096,55296
9,10,5120,55296
9,8,13312,55296
9,8,14336,55296
9,10,17408,55296
9,10,18432,55296
10,10,1024,59392
10,8,9216,59392
10,8,10240,59392
10,10,13312,59392
10,10,14336,59392
10,5,17408,59392
10,8,8192,60416
10,8,9216,60416
10,10,12288,60416
10,10,13312,60416
10,5,16384,60416
8,8,1024,68608
8,10,4096,68608
8,10,5120,68608
8,5,8192,68608
8,10,17408,68608
8,10,18432,68608
8,10,19456,68608
8,10,3072,69632
8,10,4096,69632
8,5,7168,69632
8,10,16384,69632
8,10,17408,69632
8,10,18432,69632
10,10,1024,72704
10,5,4096,72704
10,10,13312,72704
10,10,14336,72704
10,10,15360,72704
10,5,3072,73728
10,10,12288,73728
10,10,13312,73728
10,10,14336,73728
10,13,20480,73728
5,10,9216,76800
5,10,10240,76800
5,10,11264,76800
5,13,17408,76800
5,13,18432,76800
5,13,19456,76800
5,13,20480,76800
10,10,1024,86016
10,10,2048,86016
10,13,8192,86016
10,13,9216,86016
10,13,10240,86016
10,13,11264,86016
10,13,14336,86016
10,13,15360,86016
10,13,16384,86016
10,7,17408,86016
10,7,18432,86016
10,7,19456,86016
10,7,20480,86016
10,10,1024,87040
10,13,7168,87040
10,13,8192,87040
10,13,9216,87040
10,13,10240,87040
10,13,13312,87040
10,13,14336,87040
10,13,15360,87040
10,7,16384,87040
10,7,17408,87040
10,7,18432,87040
10,7,19456,87040
10,13,6144,88064
10,13,7168,88064
10,13,8192,88064
10,13,9216,88064
10,13,12288,88064
10,13,13312,88064
10,13,14336,88064
10,7,15360,88064
10,7,16384,88064
10,7,17408,88064
10,7,18432,88064
13,13,1024,94208
13,13,2048,94208
13,13,3072,94208
13,13,6144,94208
13,13,7168,94208
13,13,8192,94208
13,7,9216,94208
13,7,10240,94208
13,7,11264,94208
13,7,12288,94208
13,13,17408,94208
13,13,18432,94208
13,13,19456,94208
13,13,20480,94208
13,13,1024,95232
13,13,2048,95232
13,13,5120,95232
13,13,6144,95232
13,13,7168,95232
13,7,8192,95232
13,7,9216,95232
13,7,10240,95232
13,7,11264,95232
13,13,16384,95232
13,13,17408,95232
13,13,18432,95232
13,13,19456,95232
13,13,1024,96256
13,13,4096,96256
13,13,5120,96256
13,13,6144,96256
13,7,7168,96256
13,7,8192,96256
13,7,9216,96256
13,7,10240,96256
13,13,15360,96256
13,13,16384,96256
13,13,17408,96256
13,13,18432,96256
13,13,3072,97280
13,13,4096,97280
13,13,5120,97280
13,7,6144,97280
13,7,7168,97280
13,7,8192,97280
13,7,9216,97280
13,13,14336,97280
13,13,15360,97280
13,13,16384,97280
13,13,17408,97280
13,13,1024,100352
13,13,2048,100352
13,7,3072,100352
13,7,4096,100352
13,7,5120,100352
13,7,6144,100352
13,13,11264,100352
13,13,12288,100352
13,13,13312,100352
13,13,14336,100352
13,13,18432,100352
13,7,20480,100352
13,13,1024,101376
13,7,2048,101376
13,7,3072,101376
13,7,4096,101376
13,7,5120,101376
13,13,10240,101376
13,13,11264,101376
13,13,12288,101376
13,13,13312,101376
13,13,17408,101376
13,7,19456,101376
13,7,20480,101376
13,7,1024,102400
13,7,2048,102400
13,7,3072,102400
13,7,4096,102400
13,13,9216,102400
13,13,10240,102400
13,13,11264,102400
13,13,12288,102400
13,13,16384,102400
13,7,18432,102400
13,7,19456,102400
13,7,20480,102400
7,7,1024,103424
7,7,2048,103424
7,7,3072,103424
7,13,8192,103424
7,13,9216,103424
7,13,10240,103424
7,13,11264,103424
7,13,15360,103424
7,7,17408,103424
7,7,18432,103424
7,7,19456,103424
7,7,1024,104448
7,7,2048,104448
7,13,7168,104448
7,13,8192,104448
7,13,9216,104448
7,13,10240,104448
7,13,14336,104448
7,7,16384,104448
7,7,17408,104448
7,7,18432,104448
7,7,1024,105472
7,13,6144,105472
7,13,7168,105472
7,13,8192,105472
7,13,9216,105472
7,13,13312,105472
7,7,15360,105472
7,7,16384,105472
7,7,17408,105472
7,13,5120,106496
7,13,6144,106496
7,13,7168,106496
7,13,8192,106496
7,13,12288,106496
7,7,14336,106496
7,7,15360,106496
7,7,16384,106496
13,13,1024,111616
13,13,2048,111616
13,13,3072,111616
13,13,7168,111616
13,7,9216,111616
13,7,10240,111616
13,7,11264,111616
13,21,17408,111616
13,10,18432,111616
13,13,1024,112640
13,13,2048,112640
13,13,6144,112640
13,7,8192,112640
13,7,9216,112640
13,7,10240,112640
13,21,16384,112640
13,10,17408,112640
13,13,1024,113664
13,13,5120,113664
13,7,7168,113664
13,7,8192,113664
13,7,9216,113664
13,21,15360,113664
13,10,16384,113664
13,13,4096,114688
13,7,6144,114688
13,7,7168,114688
13,7,8192,114688
13,21,14336,114688
13,10,15360,114688
13,7,2048,118784
13,7,3072,118784
13,7,4096,118784
13,21,10240,118784
13,10,11264,118784
13,15,19456,118784
13,7,20480,118784
7,7,1024,120832
7,7,2048,120832
7,21,8192,120832
7,10,9216,120832
7,15,17408,120832
7,7,18432,120832
7,7,1024,121856
7,21,7168,121856
7,10,8192,121856
7,15,16384,121856
7,7,17408,121856
7,10,20480,121856
7,21,6144,122880
7,10,7168,122880
7,15,15360,122880
7,7,16384,122880
7,10,19456,122880
7,10,20480,122880
21,10,1024,129024
21,15,9216,129024
21,7,10240,129024
21,10,13312,129024
21,10,14336,129024
21,11,17408,129024
10,15,8192,130048
10,7,9216,130048
10,10,12288,130048
10,10,13312,130048
10,11,16384,130048
15,7,1024,138240
15,10,4096,138240
15,10,5120,138240
15,11,8192,138240
15,10,17408,138240
15,10,18432,138240
15,10,19456,138240
15,10,20480,138240
7,10,3072,139264
7,10,4096,139264
7,11,7168,139264
7,10,16384,139264
7,10,17408,139264
7,10,18432,139264
7,10,19456,139264
10,10,1024,142336
10,11,4096,142336
10,10,13312,142336
10,10,14336,142336
10,10,15360,142336
10,10,16384,142336
10,11,3072,143360
10,10,12288,143360
10,10,13312,143360
10,10,14336,143360
10,10,15360,143360
11,10,9216,146432
11,10,10240,146432
11,10,11264,146432
11,10,12288,146432
11,13,18432,146432
11,13,19456,146432
11,13,20480,146432
10,10,1024,155648
10,10,2048,155648
10,10,3072,155648
10,13,9216,155648
10,13,10240,155648
10,13,11264,155648
10,13,15360,155648
10,13,16384,155648
10,13,17408,155648
10,7,18432,155648
10,7,19456,155648
10,7,20480,155648
10,10,1024,156672
10,10,2048,156672
10,13,8192,156672
10,13,9216,156672
10,13,10240,156672
10,13,14336,156672
10,13,15360,156672
10,13,16384,156672
10,7,17408,156672
10,7,18432,156672
10,7,19456,156672
10,10,1024,157696
10,13,7168,157696
10,13,8192,157696
10,13,9216,157696
10,13,13312,157696
10,13,14336,157696
10,13,15360,157696
10,7,16384,157696
10,7,17408,157696
10,7,18432,157696
10,13,6144,158720
10,13,7168,158720
10,13,8192,158720
10,13,12288,158720
10,13,13312,158720
10,13,14336,158720
10,7,15360,158720
10,7,16384,158720
10,7,17408,158720
13,13,1024,164864
13,13,2048,164864
13,13,6144,164864
13,13,7168,164864
13,13,8192,164864
13,7,9216,164864
13,7,10240,164864
13,7,11264,164864
13,13,17408,164864
13,13,18432,164864
13,13,19456,164864
13,13,1024,165888
13,13,5120,165888
13,13,6144,165888
13,13,7168,165888
13,7,8192,165888
13,7,9216,165888
13,7,10240,165888
13,13,16384,165888
13,13,17408,165888
13,13,18432,165888
13,13,4096,166912
13,13,5120,166912
13,13,6144,166912
13,7,7168,166912
13,7,8192,166912
13,7,9216,166912
13,13,15360,166912
13,13,16384,166912
13,13,17408,166912
13,13,1024,171008
13,13,2048,171008
13,7,3072,171008
13,7,4096,171008
13,7,5120,171008
13,13,11264,171008
13,13,12288,171008
13,13,13312,171008
13,13,17408,171008
13,13,18432,171008
13,47,19456,171008
13,7,20480,171008
13,13,1024,172032
13,7,2048,172032
13,7,3072,172032
13,7,4096,172032
13,13,10240,172032
13,13,11264,172032
13,13,12288,172032
13,13,16384,172032
13,13,17408,172032
13,47,18432,172032
13,7,19456,172032
13,7,20480,172032
13,7,1024,173056
13,7,2048,173056
13,7,3072,173056
13,13,9216,173056
13,13,10240,173056
13,13,11264,173056
13,13,15360,173056
13,13,16384,173056
13,47,17408,173056
13,7,18432,173056
13,7,19456,173056
13,7,20480,173056
7,7,1024,174080
7,7,2048,174080
7,13,8192,174080
7,13,9216,174080
7,13,10240,174080
7,13,14336,174080
7,13,15360,174080
7,47,16384,174080
7,7,17408,174080
7,7,18432,174080
7,7,19456,174080
7,7,1024,175104
7,13,7168,175104
7,13,8192,175104
7,13,9216,175104
7,13,13312,175104
7,13,14336,175104
7,47,15360,175104
7,7,16384,175104
7,7,17408,175104
7,7,18432,175104
7,17,20480,175104
7,13,6144,176128
7,13,7168,176128
7,13,8192,176128
7,13,12288,176128
7,13,13312,176128
7,47,14336,176128
7,7,15360,176128
7,7,16384,176128
7,7,17408,176128
7,17,19456,176128
7,17,20480,176128
13,13,1024,182272
13,13,2048,182272
13,13,6144,182272
13,13,7168,182272
13,47,8192,182272
13,7,9216,182272
13,7,10240,182272
13,7,11264,182272
13,17,13312,182272
13,17,14336,182272
13,5,17408,182272
13,10,18432,182272
13,13,1024,183296
13,13,5120,183296
13,13,6144,183296
13,47,7168,183296
13,7,8192,183296
13,7,9216,183296
13,7,10240,183296
13,17,12288,183296
13,17,13312,183296
13,5,16384,183296
13,10,17408,183296
13,13,4096,184320
13,13,5120,184320
13,47,6144,184320
13,7,7168,184320
13,7,8192,184320
13,7,9216,184320
13,17,11264,184320
13,17,12288,184320
13,5,15360,184320
13,10,16384,184320
13,13,1024,188416
13,47,2048,188416
13,7,3072,188416
13,7,4096,188416
13,7,5120,188416
13,17,7168,188416
13,17,8192,188416
13,5,11264,188416
13,10,12288,188416
13,13,17408,188416
13,8,20480,188416
13,47,1024,189440
13,7,2048,189440
13,7,3072,189440
13,7,4096,189440
13,17,6144,189440
13,17,7168,189440
13,5,10240,189440
13,10,11264,189440
13,13,16384,189440
13,8,19456,189440
13,8,20480,189440
47,7,1024,190464
47,7,2048,190464
47,7,3072,190464
47,17,5120,190464
47,17,6144,190464
47,5,9216,190464
47,10,10240,190464
47,13,15360,190464
47,8,18432,190464
47,8,19456,190464
7,7,1024,191488
7,7,2048,191488
7,17,4096,191488
7,17,5120,191488
7,5,8192,191488
7,10,9216,191488
7,13,14336,191488
7,8,17408,191488
7,8,18432,191488
7,7,1024,192512
7,17,3072,192512
7,17,4096,192512
7,5,7168,192512
7,10,8192,192512
7,13,13312,192512
7,8,16384,192512
7,8,17408,192512
7,10,20480,192512
7,17,2048,193536
7,17,3072,193536
7,5,6144,193536
7,10,7168,193536
7,13,12288,193536
7,8,15360,193536
7,8,16384,193536
7,10,19456,193536
7,10,20480,193536
17,17,1024,195584
17,5,4096,195584
17,10,5120,195584
17,13,10240,195584
17,8,13312,195584
17,8,14336,195584
17,10,17408,195584
17,10,18432,195584
17,5,3072,196608
17,10,4096,196608
17,13,9216,196608
17,8,12288,196608
17,8,13312,196608
17,10,16384,196608
17,10,17408,196608
17,7,20480,196608
5,10,1024,199680
5,13,6144,199680
5,8,9216,199680
5,8,10240,199680
5,10,13312,199680
5,10,14336,199680
5,7,17408,199680
10,13,5120,200704
10,8,8192,200704
10,8,9216,200704
10,10,12288,200704
10,10,13312,200704
10,7,16384,200704
13,8,3072,205824
13,8,4096,205824
13,10,7168,205824
13,10,8192,205824
13,7,11264,205824
13,10,20480,205824
8,8,1024,208896
8,10,4096,208896
8,10,5120,208896
8,7,8192,208896
8,10,17408,208896
8,10,18432,208896
8,10,3072,209920
8,10,4096,209920
8,7,7168,209920
8,10,16384,209920
8,10,17408,209920
8,11,20480,209920
10,10,1024,212992
10,7,4096,212992
10,10,13312,212992
10,10,14336,212992
10,11,17408,212992
10,11,19456,212992
10,11,20480,212992
10,7,3072,214016
10,10,12288,214016
10,10,13312,214016
10,11,16384,214016
10,11,18432,214016
10,11,19456,214016
10,13,20480,214016
7,10,9216,217088
7,10,10240,217088
7,11,13312,217088
7,11,15360,217088
7,11,16384,217088
7,13,17408,217088
7,13,18432,217088
10,10,1024,226304
10,11,4096,226304
10,11,6144,226304
10,11,7168,226304
10,13,8192,226304
10,13,9216,226304
10,10,13312,226304
10,10,14336,226304
10,11,3072,227328
10,11,5120,227328
10,11,6144,227328
10,13,7168,227328
10,13,8192,227328
10,10,12288,227328
10,10,13312,227328
11,11,2048,230400
11,11,3072,230400
11,13,4096,230400
11,13,5120,230400
11,10,9216,230400
11,10,10240,230400
11,11,1024,232448
11,13,2048,232448
11,13,3072,232448
11,10,7168,232448
11,10,8192,232448
11,13,1024,233472
11,13,2048,233472
11,10,6144,233472
11,10,7168,233472
13,13,1024,234496
13,10,5120,234496
13,10,6144,234496
13,10,4096,235520
13,10,5120,235520
10,10,1024,239616
10,13,20480,240640
13,7,1024,261120
13,7,2048,261120
13,15,4096,261120
13,8,7168,261120
13,5,9216,261120
13,13,13312,261120
13,7,14336,261120
7,7,1024,262144
7,15,3072,262144
7,8,6144,262144
7,5,8192,262144
7,13,12288,262144
7,7,13312,262144
7,15,2048,263168
7,8,5120,263168
7,5,7168,263168
7,13,11264,263168
7,7,12288,263168
15,8,3072,265216
15,5,5120,265216
15,13,9216,265216
15,7,10240,265216
8,5,2048,268288
8,13,6144,268288
8,7,7168,268288
8,5,19456,268288
5,13,4096,270336
5,7,5120,270336
5,5,17408,270336
13,7,1024,274432
13,5,13312,274432
7,5,12288,275456
7,62,20480,275456
5,62,8192,287744
5,10,9216,287744
5,10,10240,287744
5,6,13312,287744
5,11,15360,287744
5,13,17408,287744
5,13,18432,287744
62,10,1024,295936
62,10,2048,295936
62,6,5120,295936
62,11,7168,295936
62,13,9216,295936
62,13,10240,295936
62,10,14336,295936
10,10,1024,296960
10,6,4096,296960
10,11,6144,296960
10,13,8192,296960
10,13,9216,296960
10,10,13312,296960
10,47,20480,296960
10,6,3072,297984
10,11,5120,297984
10,13,7168,297984
10,13,8192,297984
10,10,12288,297984
10,47,19456,297984
10,47,20480,297984
6,11,2048,301056
6,13,4096,301056
6,13,5120,301056
6,10,9216,301056
6,47,16384,301056
6,47,17408,301056
6,47,18432,301056
6,47,19456,301056
6,47,20480,301056
11,13,2048,303104
11,13,3072,303104
11,10,7168,303104
11,47,14336,303104
11,47,15360,303104
11,47,16384,303104
11,47,17408,303104
11,47,18432,303104
13,13,1024,305152
13,10,5120,305152
13,47,12288,305152
13,47,13312,305152
13,47,14336,305152
13,47,15360,305152
13,47,16384,305152
13,10,4096,306176
13,47,11264,306176
13,47,12288,306176
13,47,13312,306176
13,47,14336,306176
13,47,15360,306176
10,47,7168,310272
10,47,8192,310272
10,47,9216,310272
10,47,10240,310272
10,47,11264,310272
47,47,1024,317440
47,47,2048,317440
47,47,3072,317440
47,47,4096,317440
47,47,1024,318464
47,47,2048,318464
47,47,3072,318464
47,47,1024,319488
47,47,2048,319488
47,47,1024,320512
