18,19,5120,0
18,19,10240,0
18,93,15360,0
18,18,20480,0
19,19,5120,5120
19,93,10240,5120
19,18,15360,5120
19,19,20480,5120
19,93,5120,10240
19,18,10240,10240
19,19,15360,10240
19,19,20480,10240
93,18,5120,15360
93,19,10240,15360
93,19,15360,15360
93,140,18432,15360
93,46,19456,15360
93,46,20480,15360
18,19,5120,20480
18,19,10240,20480
18,140,13312,20480
18,46,14336,20480
18,46,15360,20480
18,20,20480,20480
18,138,20480,20480
19,19,5120,25600
19,140,8192,25600
19,46,9216,25600
19,46,10240,25600
19,20,15360,25600
19,138,15360,25600
19,55,16384,25600
19,55,18432,25600
19,164,18432,25600
19,55,19456,25600
19,30,20480,25600
19,55,20480,25600
19,164,20480,25600
19,140,3072,30720
19,46,4096,30720
19,46,5120,30720
19,20,10240,30720
19,138,10240,30720
19,55,11264,30720
19,55,13312,30720
19,164,13312,30720
19,55,14336,30720
19,30,15360,30720
19,55,15360,30720
19,164,15360,30720
140,46,1024,33792
140,46,2048,33792
140,20,7168,33792
140,138,7168,33792
140,55,8192,33792
140,55,10240,33792
140,164,10240,33792
140,55,11264,33792
140,30,12288,33792
140,55,12288,33792
140,164,12288,33792
46,46,1024,34816
46,20,6144,34816
46,138,6144,34816
46,55,7168,34816
46,55,9216,34816
46,164,9216,34816
46,55,10240,34816
46,30,11264,34816
46,55,11264,34816
46,164,11264,34816
46,20,5120,35840
46,138,5120,35840
46,55,6144,35840
46,55,8192,35840
46,164,8192,35840
46,55,9216,35840
46,30,10240,35840
46,55,10240,35840
46,164,10240,35840
46,18,20480,35840
20,138,0,40960
20,55,1024,40960
20,55,3072,40960
20,164,3072,40960
20,55,4096,40960
20,30,5120,40960
20,55,5120,40960
20,164,5120,40960
20,18,15360,40960
20,38,18432,40960
138,55,1024,40960
138,55,3072,40960
138,164,3072,40960
138,55,4096,40960
138,30,5120,40960
138,55,5120,40960
138,164,5120,40960
138,18,15360,40960
138,38,18432,40960
55,55,2048,41984
55,164,2048,41984
55,55,3072,41984
55,30,4096,41984
55,55,4096,41984
55,164,4096,41984
55,18,14336,41984
55,38,17408,41984
55,164,0,44032
55,55,1024,44032
55,30,2048,44032
55,55,2048,44032
55,164,2048,44032
55,18,12288,44032
55,38,15360,44032
55,27,20480,44032
55,55,20480,44032
164,55,1024,44032
164,30,2048,44032
164,55,2048,44032
164,164,2048,44032
164,18,12288,44032
164,38,15360,44032
164,27,20480,44032
164,55,20480,44032
55,30,1024,45056
55,55,1024,45056
55,164,1024,45056
55,18,11264,45056
55,38,14336,45056
55,27,19456,45056
55,55,19456,45056
55,55,20480,45056
30,55,0,46080
30,164,0,46080
30,18,10240,46080
30,38,13312,46080
30,27,18432,46080
30,55,18432,46080
30,55,19456,46080
30,30,20480,46080
30,48,20480,46080
55,164,0,46080
55,18,10240,46080
55,38,13312,46080
55,27,18432,46080
55,55,18432,46080
55,55,19456,46080
55,30,20480,46080
55,48,20480,46080
164,18,10240,46080
164,38,13312,46080
164,27,18432,46080
164,55,18432,46080
164,55,19456,46080
164,30,20480,46080
164,48,20480,46080
18,38,3072,56320
18,27,8192,56320
18,55,8192,56320
18,55,9216,56320
18,30,10240,56320
18,48,10240,56320
18,48,11264,56320
38,27,5120,59392
38,55,5120,59392
38,55,6144,59392
38,30,7168,59392
38,48,7168,59392
38,48,8192,59392
27,55,0,64512
27,55,1024,64512
27,30,2048,64512
27,48,2048,64512
27,48,3072,64512
27,37,17408,64512
55,55,1024,64512
55,30,2048,64512
55,48,2048,64512
55,48,3072,64512
55,37,17408,64512
55,30,1024,65536
55,48,1024,65536
55,48,2048,65536
55,37,16384,65536
30,48,0,66560
30,48,1024,66560
30,37,15360,66560
30,31,20480,66560
48,48,1024,66560
48,37,15360,66560
48,31,20480,66560
48,37,14336,67584
48,31,19456,67584
37,31,5120,81920
31,20,19456,87040
20,19,5120,106496
20,19,10240,106496
20,46,19456,106496
20,20,20480,106496
20,46,20480,106496
19,19,5120,111616
19,46,14336,111616
19,20,15360,111616
19,46,15360,111616
19,46,16384,111616
19,91,16384,111616
19,114,17408,111616
19,23,20480,111616
19,46,9216,116736
19,20,10240,116736
19,46,10240,116736
19,46,11264,116736
19,91,11264,116736
19,114,12288,116736
19,23,15360,116736
19,49,16384,116736
19,27,17408,116736
19,28,18432,116736
19,27,19456,116736
19,18,20480,116736
46,20,1024,125952
46,46,1024,125952
46,46,2048,125952
46,91,2048,125952
46,114,3072,125952
46,23,6144,125952
46,49,7168,125952
46,27,8192,125952
46,28,9216,125952
46,27,10240,125952
46,18,11264,125952
46,20,16384,125952
20,46,0,126976
20,46,1024,126976
20,91,1024,126976
20,114,2048,126976
20,23,5120,126976
20,49,6144,126976
20,27,7168,126976
20,28,8192,126976
20,27,9216,126976
20,18,10240,126976
20,20,15360,126976
20,18,20480,126976
46,46,1024,126976
46,91,1024,126976
46,114,2048,126976
46,23,5120,126976
46,49,6144,126976
46,27,7168,126976
46,28,8192,126976
46,27,9216,126976
46,18,10240,126976
46,20,15360,126976
46,18,20480,126976
46,91,0,128000
46,114,1024,128000
46,23,4096,128000
46,49,5120,128000
46,27,6144,128000
46,28,7168,128000
46,27,8192,128000
46,18,9216,128000
46,20,14336,128000
46,18,19456,128000
91,114,1024,128000
91,23,4096,128000
91,49,5120,128000
91,27,6144,128000
91,28,7168,128000
91,27,8192,128000
91,18,9216,128000
91,20,14336,128000
91,18,19456,128000
114,23,3072,129024
114,49,4096,129024
114,27,5120,129024
114,28,6144,129024
114,27,7168,129024
114,18,8192,129024
114,20,13312,129024
114,18,18432,129024
23,49,1024,132096
23,27,2048,132096
23,28,3072,132096
23,27,4096,132096
23,18,5120,132096
23,20,10240,132096
23,18,15360,132096
23,19,20480,132096
49,27,1024,133120
49,28,2048,133120
49,27,3072,133120
49,18,4096,133120
49,20,9216,133120
49,18,14336,133120
49,19,19456,133120
27,28,1024,134144
27,27,2048,134144
27,18,3072,134144
27,20,8192,134144
27,18,13312,134144
27,19,18432,134144
28,27,1024,135168
28,18,2048,135168
28,20,7168,135168
28,18,12288,135168
28,19,17408,135168
27,18,1024,136192
27,20,6144,136192
27,18,11264,136192
27,19,16384,136192
18,20,5120,137216
18,18,10240,137216
18,19,15360,137216
18,19,20480,137216
20,18,5120,142336
20,19,10240,142336
20,19,15360,142336
20,18,20480,142336
18,19,5120,147456
18,19,10240,147456
18,18,15360,147456
18,19,20480,147456
18,55,20480,147456
19,19,5120,152576
19,18,10240,152576
19,19,15360,152576
19,55,15360,152576
19,29,19456,152576
19,19,20480,152576
19,18,5120,157696
19,19,10240,157696
19,55,10240,157696
19,29,14336,157696
19,19,15360,157696
19,18,20480,157696
18,19,5120,162816
18,55,5120,162816
18,29,9216,162816
18,19,10240,162816
18,18,15360,162816
18,18,20480,162816
19,55,0,167936
19,29,4096,167936
19,19,5120,167936
19,18,10240,167936
19,18,15360,167936
19,27,18432,167936
19,18,20480,167936
55,29,4096,167936
55,19,5120,167936
55,18,10240,167936
55,18,15360,167936
55,27,18432,167936
55,18,20480,167936
29,19,1024,172032
29,18,6144,172032
29,18,11264,172032
29,27,14336,172032
29,18,16384,172032
19,18,5120,173056
19,18,10240,173056
19,27,13312,173056
19,18,15360,173056
19,18,20480,173056
18,18,5120,178176
18,27,8192,178176
18,18,10240,178176
18,18,15360,178176
18,37,19456,178176
18,27,3072,183296
18,18,5120,183296
18,18,10240,183296
18,37,14336,183296
18,20,20480,183296
27,18,2048,186368
27,18,7168,186368
27,37,11264,186368
27,20,17408,186368
27,23,20480,186368
18,18,5120,188416
18,37,9216,188416
18,20,15360,188416
18,23,18432,188416
18,23,19456,188416
18,30,20480,188416
18,68,20480,188416
18,37,4096,193536
18,20,10240,193536
18,23,13312,193536
18,23,14336,193536
18,30,15360,193536
18,68,15360,193536
18,23,17408,193536
18,98,18432,193536
18,106,19456,193536
18,111,20480,193536
37,20,6144,197632
37,23,9216,197632
37,23,10240,197632
37,30,11264,197632
37,68,11264,197632
37,23,13312,197632
37,98,14336,197632
37,106,15360,197632
37,111,16384,197632
37,27,18432,197632
37,56,19456,197632
37,54,20480,197632
20,23,3072,203776
20,23,4096,203776
20,30,5120,203776
20,68,5120,203776
20,23,7168,203776
20,98,8192,203776
20,106,9216,203776
20,111,10240,203776
20,27,12288,203776
20,56,13312,203776
20,54,14336,203776
20,26,15360,203776
23,23,1024,206848
23,30,2048,206848
23,68,2048,206848
23,23,4096,206848
23,98,5120,206848
23,106,6144,206848
23,111,7168,206848
23,27,9216,206848
23,56,10240,206848
23,54,11264,206848
23,26,12288,206848
23,30,1024,207872
23,68,1024,207872
23,23,3072,207872
23,98,4096,207872
23,106,5120,207872
23,111,6144,207872
23,27,8192,207872
23,56,9216,207872
23,54,10240,207872
23,26,11264,207872
30,68,0,208896
30,23,2048,208896
30,98,3072,208896
30,106,4096,208896
30,111,5120,208896
30,27,7168,208896
30,56,8192,208896
30,54,9216,208896
30,26,10240,208896
30,30,20480,208896
68,23,2048,208896
68,98,3072,208896
68,106,4096,208896
68,111,5120,208896
68,27,7168,208896
68,56,8192,208896
68,54,9216,208896
68,26,10240,208896
68,30,20480,208896
23,98,1024,210944
23,106,2048,210944
23,111,3072,210944
23,27,5120,210944
23,56,6144,210944
23,54,7168,210944
23,26,8192,210944
23,30,18432,210944
98,106,1024,211968
98,111,2048,211968
98,27,4096,211968
98,56,5120,211968
98,54,6144,211968
98,26,7168,211968
98,30,17408,211968
106,111,1024,212992
106,27,3072,212992
106,56,4096,212992
106,54,5120,212992
106,26,6144,212992
106,30,16384,212992
106,30,20480,212992
111,27,2048,214016
111,56,3072,214016
111,54,4096,214016
111,26,5120,214016
111,30,15360,214016
111,30,19456,214016
27,56,1024,216064
27,54,2048,216064
27,26,3072,216064
27,30,13312,216064
27,30,17408,216064
27,126,19456,216064
56,54,1024,217088
56,26,2048,217088
56,30,12288,217088
56,30,16384,217088
56,126,18432,217088
56,55,20480,217088
56,137,20480,217088
54,26,1024,218112
54,30,11264,218112
54,30,15360,218112
54,126,17408,218112
54,55,19456,218112
54,137,19456,218112
54,55,20480,218112
54,138,20480,218112
26,30,10240,219136
26,30,14336,219136
26,126,16384,219136
26,55,18432,219136
26,137,18432,219136
26,55,19456,219136
26,138,19456,219136
30,30,4096,229376
30,126,6144,229376
30,55,8192,229376
30,137,8192,229376
30,55,9216,229376
30,138,9216,229376
30,62,11264,229376
30,28,12288,229376
30,108,12288,229376
30,56,13312,229376
30,139,13312,229376
30,56,14336,229376
30,28,15360,229376
30,55,15360,229376
30,126,2048,233472
30,55,4096,233472
30,137,4096,233472
30,55,5120,233472
30,138,5120,233472
30,62,7168,233472
30,28,8192,233472
30,108,8192,233472
30,56,9216,233472
30,139,9216,233472
30,56,10240,233472
30,28,11264,233472
30,55,11264,233472
30,28,12288,233472
126,55,2048,235520
126,137,2048,235520
126,55,3072,235520
126,138,3072,235520
126,62,5120,235520
126,28,6144,235520
126,108,6144,235520
126,56,7168,235520
126,139,7168,235520
126,56,8192,235520
126,28,9216,235520
126,55,9216,235520
126,28,10240,235520
126,56,10240,235520
55,137,0,237568
55,55,1024,237568
55,138,1024,237568
55,62,3072,237568
55,28,4096,237568
55,108,4096,237568
55,56,5120,237568
55,139,5120,237568
55,56,6144,237568
55,28,7168,237568
55,55,7168,237568
55,28,8192,237568
55,56,8192,237568
55,28,9216,237568
137,55,1024,237568
137,138,1024,237568
137,62,3072,237568
137,28,4096,237568
137,108,4096,237568
137,56,5120,237568
137,139,5120,237568
137,56,6144,237568
137,28,7168,237568
137,55,7168,237568
137,28,8192,237568
137,56,8192,237568
137,28,9216,237568
137,41,10240,237568
55,138,0,238592
55,62,2048,238592
55,28,3072,238592
55,108,3072,238592
55,56,4096,238592
55,139,4096,238592
55,56,5120,238592
55,28,6144,238592
55,55,6144,238592
55,28,7168,238592
55,56,7168,238592
55,28,8192,238592
55,41,9216,238592
55,42,10240,238592
138,62,2048,238592
138,28,3072,238592
138,108,3072,238592
138,56,4096,238592
138,139,4096,238592
138,56,5120,238592
138,28,6144,238592
138,55,6144,238592
138,28,7168,238592
138,56,7168,238592
138,28,8192,238592
138,41,9216,238592
138,42,10240,238592
138,89,11264,238592
62,28,1024,240640
62,108,1024,240640
62,56,2048,240640
62,139,2048,240640
62,56,3072,240640
62,28,4096,240640
62,55,4096,240640
62,28,5120,240640
62,56,5120,240640
62,28,6144,240640
62,41,7168,240640
62,42,8192,240640
62,89,9216,240640
62,46,10240,240640
28,108,0,241664
28,56,1024,241664
28,139,1024,241664
28,56,2048,241664
28,28,3072,241664
28,55,3072,241664
28,28,4096,241664
28,56,4096,241664
28,28,5120,241664
28,41,6144,241664
28,42,7168,241664
28,89,8192,241664
28,46,9216,241664
28,92,9216,241664
108,56,1024,241664
108,139,1024,241664
108,56,2048,241664
108,28,3072,241664
108,55,3072,241664
108,28,4096,241664
108,56,4096,241664
108,28,5120,241664
108,41,6144,241664
108,42,7168,241664
108,89,8192,241664
108,46,9216,241664
108,92,9216,241664
108,46,10240,241664
56,139,0,242688
56,56,1024,242688
56,28,2048,242688
56,55,2048,242688
56,28,3072,242688
56,56,3072,242688
56,28,4096,242688
56,41,5120,242688
56,42,6144,242688
56,89,7168,242688
56,46,8192,242688
56,92,8192,242688
56,46,9216,242688
56,93,9216,242688
139,56,1024,242688
139,28,2048,242688
139,55,2048,242688
139,28,3072,242688
139,56,3072,242688
139,28,4096,242688
139,41,5120,242688
139,42,6144,242688
139,89,7168,242688
139,46,8192,242688
139,92,8192,242688
139,46,9216,242688
139,93,9216,242688
139,45,10240,242688
56,28,1024,243712
56,55,1024,243712
56,28,2048,243712
56,56,2048,243712
56,28,3072,243712
56,41,4096,243712
56,42,5120,243712
56,89,6144,243712
56,46,7168,243712
56,92,7168,243712
56,46,8192,243712
56,93,8192,243712
56,45,9216,243712
56,41,10240,243712
28,55,0,244736
28,28,1024,244736
28,56,1024,244736
28,28,2048,244736
28,41,3072,244736
28,42,4096,244736
28,89,5120,244736
28,46,6144,244736
28,92,6144,244736
28,46,7168,244736
28,93,7168,244736
28,45,8192,244736
28,41,9216,244736
55,28,1024,244736
55,56,1024,244736
55,28,2048,244736
55,41,3072,244736
55,42,4096,244736
55,89,5120,244736
55,46,6144,244736
55,92,6144,244736
55,46,7168,244736
55,93,7168,244736
55,45,8192,244736
55,41,9216,244736
28,56,0,245760
28,28,1024,245760
28,41,2048,245760
28,42,3072,245760
28,89,4096,245760
28,46,5120,245760
28,92,5120,245760
28,46,6144,245760
28,93,6144,245760
28,45,7168,245760
28,41,8192,245760
56,28,1024,245760
56,41,2048,245760
56,42,3072,245760
56,89,4096,245760
56,46,5120,245760
56,92,5120,245760
56,46,6144,245760
56,93,6144,245760
56,45,7168,245760
56,41,8192,245760
28,41,1024,246784
28,42,2048,246784
28,89,3072,246784
28,46,4096,246784
28,92,4096,246784
28,46,5120,246784
28,93,5120,246784
28,45,6144,246784
28,41,7168,246784
41,42,1024,247808
41,89,2048,247808
41,46,3072,247808
41,92,3072,247808
41,46,4096,247808
41,93,4096,247808
41,45,5120,247808
41,41,6144,247808
42,89,1024,248832
42,46,2048,248832
42,92,2048,248832
42,46,3072,248832
42,93,3072,248832
42,45,4096,248832
42,41,5120,248832
89,46,1024,249856
89,92,1024,249856
89,46,2048,249856
89,93,2048,249856
89,45,3072,249856
89,41,4096,249856
46,92,0,250880
46,46,1024,250880
46,93,1024,250880
46,45,2048,250880
46,41,3072,250880
92,46,1024,250880
92,93,1024,250880
92,45,2048,250880
92,41,3072,250880
46,93,0,251904
46,45,1024,251904
46,41,2048,251904
93,45,1024,251904
93,41,2048,251904
45,41,1024,252928
140,108,2048,283648
140,20,6144,283648
140,93,6144,283648
140,36,8192,283648
140,46,9216,283648
140,23,10240,283648
140,20,11264,283648
140,48,11264,283648
140,51,12288,283648
140,103,12288,283648
140,56,13312,283648
140,83,13312,283648
140,55,14336,283648
140,82,14336,283648
108,20,4096,285696
108,93,4096,285696
108,36,6144,285696
108,46,7168,285696
108,23,8192,285696
108,20,9216,285696
108,48,9216,285696
108,51,10240,285696
108,103,10240,285696
108,56,11264,285696
108,83,11264,285696
108,55,12288,285696
108,82,12288,285696
108,52,13312,285696
20,93,0,289792
20,36,2048,289792
20,46,3072,289792
20,23,4096,289792
20,20,5120,289792
20,48,5120,289792
20,51,6144,289792
20,103,6144,289792
20,56,7168,289792
20,83,7168,289792
20,55,8192,289792
20,82,8192,289792
20,52,9216,289792
20,20,10240,289792
93,36,2048,289792
93,46,3072,289792
93,23,4096,289792
93,20,5120,289792
93,48,5120,289792
93,51,6144,289792
93,103,6144,289792
93,56,7168,289792
93,83,7168,289792
93,55,8192,289792
93,82,8192,289792
93,52,9216,289792
93,20,10240,289792
93,93,10240,289792
36,46,1024,291840
36,23,2048,291840
36,20,3072,291840
36,48,3072,291840
36,51,4096,291840
36,103,4096,291840
36,56,5120,291840
36,83,5120,291840
36,55,6144,291840
36,82,6144,291840
36,52,7168,291840
36,20,8192,291840
36,93,8192,291840
36,19,13312,291840
46,23,1024,292864
46,20,2048,292864
46,48,2048,292864
46,51,3072,292864
46,103,3072,292864
46,56,4096,292864
46,83,4096,292864
46,55,5120,292864
46,82,5120,292864
46,52,6144,292864
46,20,7168,292864
46,93,7168,292864
46,19,12288,292864
46,18,17408,292864
23,20,1024,293888
23,48,1024,293888
23,51,2048,293888
23,103,2048,293888
23,56,3072,293888
23,83,3072,293888
23,55,4096,293888
23,82,4096,293888
23,52,5120,293888
23,20,6144,293888
23,93,6144,293888
23,19,11264,293888
23,18,16384,293888
20,48,0,294912
20,51,1024,294912
20,103,1024,294912
20,56,2048,294912
20,83,2048,294912
20,55,3072,294912
20,82,3072,294912
20,52,4096,294912
20,20,5120,294912
20,93,5120,294912
20,19,10240,294912
20,18,15360,294912
20,19,20480,294912
48,51,1024,294912
48,103,1024,294912
48,56,2048,294912
48,83,2048,294912
48,55,3072,294912
48,82,3072,294912
48,52,4096,294912
48,20,5120,294912
48,93,5120,294912
48,19,10240,294912
48,18,15360,294912
48,19,20480,294912
51,103,0,295936
51,56,1024,295936
51,83,1024,295936
51,55,2048,295936
51,82,2048,295936
51,52,3072,295936
51,20,4096,295936
51,93,4096,295936
51,19,9216,295936
51,18,14336,295936
51,19,19456,295936
103,56,1024,295936
103,83,1024,295936
103,55,2048,295936
103,82,2048,295936
103,52,3072,295936
103,20,4096,295936
103,93,4096,295936
103,19,9216,295936
103,18,14336,295936
103,19,19456,295936
56,83,0,296960
56,55,1024,296960
56,82,1024,296960
56,52,2048,296960
56,20,3072,296960
56,93,3072,296960
56,19,8192,296960
56,18,13312,296960
56,19,18432,296960
83,55,1024,296960
83,82,1024,296960
83,52,2048,296960
83,20,3072,296960
83,93,3072,296960
83,19,8192,296960
83,18,13312,296960
83,19,18432,296960
55,82,0,297984
55,52,1024,297984
55,20,2048,297984
55,93,2048,297984
55,19,7168,297984
55,18,12288,297984
55,19,17408,297984
82,52,1024,297984
82,20,2048,297984
82,93,2048,297984
82,19,7168,297984
82,18,12288,297984
82,19,17408,297984
52,20,1024,299008
52,93,1024,299008
52,19,6144,299008
52,18,11264,299008
52,19,16384,299008
20,93,0,300032
20,19,5120,300032
20,18,10240,300032
20,19,15360,300032
20,20,20480,300032
93,19,5120,300032
93,18,10240,300032
93,19,15360,300032
93,20,20480,300032
19,18,5120,305152
19,19,10240,305152
19,20,15360,305152
19,96,16384,305152
19,56,17408,305152
19,55,18432,305152
19,137,18432,305152
19,46,20480,305152
18,19,5120,310272
18,20,10240,310272
18,96,11264,310272
18,56,12288,310272
18,55,13312,310272
18,137,13312,310272
18,46,15360,310272
18,48,16384,310272
18,49,17408,310272
19,20,5120,315392
19,96,6144,315392
19,56,7168,315392
19,55,8192,315392
19,137,8192,315392
19,46,10240,315392
19,48,11264,315392
19,49,12288,315392
20,96,1024,320512
20,56,2048,320512
20,55,3072,320512
20,137,3072,320512
20,46,5120,320512
20,48,6144,320512
20,49,7168,320512
96,56,1024,321536
96,55,2048,321536
96,137,2048,321536
96,46,4096,321536
96,48,5120,321536
96,49,6144,321536
56,55,1024,322560
56,137,1024,322560
56,46,3072,322560
56,48,4096,322560
56,49,5120,322560
55,137,0,323584
55,46,2048,323584
55,48,3072,323584
55,49,4096,323584
137,46,2048,323584
137,48,3072,323584
137,49,4096,323584
46,48,1024,325632
46,49,2048,325632
48,49,1024,326656
