14,14,1024,1024
14,15,3072,1024
14,16,4096,1024
14,16,5120,1024
14,20,6144,1024
14,18,9216,1024
14,18,10240,1024
14,120,12288,1024
14,14,14336,1024
14,18,15360,1024
14,23,17408,1024
14,15,2048,2048
14,16,3072,2048
14,16,4096,2048
14,20,5120,2048
14,18,8192,2048
14,18,9216,2048
14,120,11264,2048
14,14,13312,2048
14,18,14336,2048
14,23,16384,2048
14,12,20480,2048
15,16,1024,4096
15,16,2048,4096
15,20,3072,4096
15,18,6144,4096
15,18,7168,4096
15,120,9216,4096
15,14,11264,4096
15,18,12288,4096
15,23,14336,4096
15,12,18432,4096
15,12,19456,4096
16,16,1024,5120
16,20,2048,5120
16,18,5120,5120
16,18,6144,5120
16,120,8192,5120
16,14,10240,5120
16,18,11264,5120
16,23,13312,5120
16,12,17408,5120
16,12,18432,5120
16,20,1024,6144
16,18,4096,6144
16,18,5120,6144
16,120,7168,6144
16,14,9216,6144
16,18,10240,6144
16,23,12288,6144
16,12,16384,6144
16,12,17408,6144
16,15,20480,6144
20,18,3072,7168
20,18,4096,7168
20,120,6144,7168
20,14,8192,7168
20,18,9216,7168
20,23,11264,7168
20,12,15360,7168
20,12,16384,7168
20,15,19456,7168
18,18,1024,10240
18,120,3072,10240
18,14,5120,10240
18,18,6144,10240
18,23,8192,10240
18,12,12288,10240
18,12,13312,10240
18,15,16384,10240
18,18,19456,10240
18,120,2048,11264
18,14,4096,11264
18,18,5120,11264
18,23,7168,11264
18,12,11264,11264
18,12,12288,11264
18,15,15360,11264
18,18,18432,11264
18,10,20480,11264
120,14,2048,13312
120,18,3072,13312
120,23,5120,13312
120,12,9216,13312
120,12,10240,13312
120,15,13312,13312
120,18,16384,13312
120,10,18432,13312
120,10,19456,13312
14,18,1024,15360
14,23,3072,15360
14,12,7168,15360
14,12,8192,15360
14,15,11264,15360
14,18,14336,15360
14,10,16384,15360
14,10,17408,15360
18,23,2048,16384
18,12,6144,16384
18,12,7168,16384
18,15,10240,16384
18,18,13312,16384
18,10,15360,16384
18,10,16384,16384
18,13,20480,16384
23,12,4096,18432
23,12,5120,18432
23,15,8192,18432
23,18,11264,18432
23,10,13312,18432
23,10,14336,18432
23,13,18432,18432
23,12,19456,18432
23,12,20480,18432
12,12,1024,22528
12,15,4096,22528
12,18,7168,22528
12,10,9216,22528
12,10,10240,22528
12,13,14336,22528
12,12,15360,22528
12,12,16384,22528
12,15,17408,22528
12,15,18432,22528
12,15,3072,23552
12,18,6144,23552
12,10,8192,23552
12,10,9216,23552
12,13,13312,23552
12,12,14336,23552
12,12,15360,23552
12,15,16384,23552
12,15,17408,23552
15,18,3072,26624
15,10,5120,26624
15,10,6144,26624
15,13,10240,26624
15,12,11264,26624
15,12,12288,26624
15,15,13312,26624
15,15,14336,26624
15,14,18432,26624
15,14,19456,26624
15,14,20480,26624
18,10,2048,29696
18,10,3072,29696
18,13,7168,29696
18,12,8192,29696
18,12,9216,29696
18,15,10240,29696
18,15,11264,29696
18,14,15360,29696
18,14,16384,29696
18,14,17408,29696
18,16,18432,29696
10,10,1024,31744
10,13,5120,31744
10,12,6144,31744
10,12,7168,31744
10,15,8192,31744
10,15,9216,31744
10,14,13312,31744
10,14,14336,31744
10,14,15360,31744
10,16,16384,31744
10,21,19456,31744
10,13,4096,32768
10,12,5120,32768
10,12,6144,32768
10,15,7168,32768
10,15,8192,32768
10,14,12288,32768
10,14,13312,32768
10,14,14336,32768
10,16,15360,32768
10,21,18432,32768
10,18,20480,32768
13,12,1024,36864
13,12,2048,36864
13,15,3072,36864
13,15,4096,36864
13,14,8192,36864
13,14,9216,36864
13,14,10240,36864
13,16,11264,36864
13,21,14336,36864
13,18,16384,36864
13,18,17408,36864
12,12,1024,37888
12,15,2048,37888
12,15,3072,37888
12,14,7168,37888
12,14,8192,37888
12,14,9216,37888
12,16,10240,37888
12,21,13312,37888
12,18,15360,37888
12,18,16384,37888
12,15,1024,38912
12,15,2048,38912
12,14,6144,38912
12,14,7168,38912
12,14,8192,38912
12,16,9216,38912
12,21,12288,38912
12,18,14336,38912
12,18,15360,38912
12,124,20480,38912
15,15,1024,39936
15,14,5120,39936
15,14,6144,39936
15,14,7168,39936
15,16,8192,39936
15,21,11264,39936
15,18,13312,39936
15,18,14336,39936
15,124,19456,39936
15,14,4096,40960
15,14,5120,40960
15,14,6144,40960
15,16,7168,40960
15,21,10240,40960
15,18,12288,40960
15,18,13312,40960
15,124,18432,40960
14,14,1024,45056
14,14,2048,45056
14,16,3072,45056
14,21,6144,45056
14,18,8192,45056
14,18,9216,45056
14,124,14336,45056
14,12,17408,45056
14,14,1024,46080
14,16,2048,46080
14,21,5120,46080
14,18,7168,46080
14,18,8192,46080
14,124,13312,46080
14,12,16384,46080
14,16,1024,47104
14,21,4096,47104
14,18,6144,47104
14,18,7168,47104
14,124,12288,47104
14,12,15360,47104
16,21,3072,48128
16,18,5120,48128
16,18,6144,48128
16,124,11264,48128
16,12,14336,48128
21,18,2048,51200
21,18,3072,51200
21,124,8192,51200
21,12,11264,51200
21,16,18432,51200
21,16,19456,51200
18,18,1024,53248
18,124,6144,53248
18,12,9216,53248
18,16,16384,53248
18,16,17408,53248
18,18,19456,53248
18,18,20480,53248
18,124,5120,54272
18,12,8192,54272
18,16,15360,54272
18,16,16384,54272
18,18,18432,54272
18,18,19456,54272
124,12,3072,59392
124,16,10240,59392
124,16,11264,59392
124,18,13312,59392
124,18,14336,59392
124,20,16384,59392
124,20,20480,59392
12,16,7168,62464
12,16,8192,62464
12,18,10240,62464
12,18,11264,62464
12,20,13312,62464
12,20,17408,62464
12,12,18432,62464
12,12,19456,62464
12,12,20480,62464
16,16,1024,69632
16,18,3072,69632
16,18,4096,69632
16,20,6144,69632
16,20,10240,69632
16,12,11264,69632
16,12,12288,69632
16,12,13312,69632
16,15,14336,69632
16,15,15360,69632
16,18,2048,70656
16,18,3072,70656
16,20,5120,70656
16,20,9216,70656
16,12,10240,70656
16,12,11264,70656
16,12,12288,70656
16,15,13312,70656
16,15,14336,70656
18,18,1024,72704
18,20,3072,72704
18,20,7168,72704
18,12,8192,72704
18,12,9216,72704
18,12,10240,72704
18,15,11264,72704
18,15,12288,72704
18,16,19456,72704
18,20,2048,73728
18,20,6144,73728
18,12,7168,73728
18,12,8192,73728
18,12,9216,73728
18,15,10240,73728
18,15,11264,73728
18,16,18432,73728
20,20,4096,75776
20,12,5120,75776
20,12,6144,75776
20,12,7168,75776
20,15,8192,75776
20,15,9216,75776
20,16,16384,75776
20,20,19456,75776
20,129,20480,75776
20,12,1024,79872
20,12,2048,79872
20,12,3072,79872
20,15,4096,79872
20,15,5120,79872
20,16,12288,79872
20,20,15360,79872
20,129,16384,79872
20,18,17408,79872
20,18,18432,79872
12,12,1024,80896
12,12,2048,80896
12,15,3072,80896
12,15,4096,80896
12,16,11264,80896
12,20,14336,80896
12,129,15360,80896
12,18,16384,80896
12,18,17408,80896
12,12,1024,81920
12,15,2048,81920
12,15,3072,81920
12,16,10240,81920
12,20,13312,81920
12,129,14336,81920
12,18,15360,81920
12,18,16384,81920
12,13,20480,81920
12,15,1024,82944
12,15,2048,82944
12,16,9216,82944
12,20,12288,82944
12,129,13312,82944
12,18,14336,82944
12,18,15360,82944
12,13,19456,82944
12,18,20480,82944
15,15,1024,83968
15,16,8192,83968
15,20,11264,83968
15,129,12288,83968
15,18,13312,83968
15,18,14336,83968
15,13,18432,83968
15,18,19456,83968
15,16,7168,84992
15,20,10240,84992
15,129,11264,84992
15,18,12288,84992
15,18,13312,84992
15,13,17408,84992
15,18,18432,84992
16,20,3072,92160
16,129,4096,92160
16,18,5120,92160
16,18,6144,92160
16,13,10240,92160
16,18,11264,92160
20,129,1024,95232
20,18,2048,95232
20,18,3072,95232
20,13,7168,95232
20,18,8192,95232
20,15,18432,95232
129,18,1024,96256
129,18,2048,96256
129,13,6144,96256
129,18,7168,96256
129,15,17408,96256
129,18,20480,96256
18,18,1024,97280
18,13,5120,97280
18,18,6144,97280
18,15,16384,97280
18,18,19456,97280
18,18,20480,97280
18,13,4096,98304
18,18,5120,98304
18,15,15360,98304
18,18,18432,98304
18,18,19456,98304
13,18,1024,102400
13,15,11264,102400
13,18,14336,102400
13,18,15360,102400
13,10,17408,102400
18,15,10240,103424
18,18,13312,103424
18,18,14336,103424
18,10,16384,103424
18,20,20480,103424
15,18,3072,113664
15,18,4096,113664
15,10,6144,113664
15,20,10240,113664
15,12,11264,113664
15,12,13312,113664
15,15,14336,113664
15,111,16384,113664
18,18,1024,116736
18,10,3072,116736
18,20,7168,116736
18,12,8192,116736
18,12,10240,116736
18,15,11264,116736
18,111,13312,116736
18,16,18432,116736
18,16,19456,116736
18,16,20480,116736
18,10,2048,117760
18,20,6144,117760
18,12,7168,117760
18,12,9216,117760
18,15,10240,117760
18,111,12288,117760
18,16,17408,117760
18,16,18432,117760
18,16,19456,117760
18,20,20480,117760
10,20,4096,119808
10,12,5120,119808
10,12,7168,119808
10,15,8192,119808
10,111,10240,119808
10,16,15360,119808
10,16,16384,119808
10,16,17408,119808
10,20,18432,119808
20,12,1024,123904
20,12,3072,123904
20,15,4096,123904
20,111,6144,123904
20,16,11264,123904
20,16,12288,123904
20,16,13312,123904
20,20,14336,123904
20,18,17408,123904
20,18,18432,123904
12,12,2048,124928
12,15,3072,124928
12,111,5120,124928
12,16,10240,124928
12,16,11264,124928
12,16,12288,124928
12,20,13312,124928
12,18,16384,124928
12,18,17408,124928
12,15,1024,126976
12,111,3072,126976
12,16,8192,126976
12,16,9216,126976
12,16,10240,126976
12,20,11264,126976
12,18,14336,126976
12,18,15360,126976
12,18,19456,126976
12,18,20480,126976
15,111,2048,128000
15,16,7168,128000
15,16,8192,128000
15,16,9216,128000
15,20,10240,128000
15,18,13312,128000
15,18,14336,128000
15,18,18432,128000
15,18,19456,128000
111,16,5120,130048
111,16,6144,130048
111,16,7168,130048
111,20,8192,130048
111,18,11264,130048
111,18,12288,130048
111,18,16384,130048
111,18,17408,130048
16,16,1024,135168
16,16,2048,135168
16,20,3072,135168
16,18,6144,135168
16,18,7168,135168
16,18,11264,135168
16,18,12288,135168
16,16,1024,136192
16,20,2048,136192
16,18,5120,136192
16,18,6144,136192
16,18,10240,136192
16,18,11264,136192
16,20,1024,137216
16,18,4096,137216
16,18,5120,137216
16,18,9216,137216
16,18,10240,137216
16,15,20480,137216
20,18,3072,138240
20,18,4096,138240
20,18,8192,138240
20,18,9216,138240
20,15,19456,138240
18,18,1024,141312
18,18,5120,141312
18,18,6144,141312
18,15,16384,141312
18,18,19456,141312
18,18,4096,142336
18,18,5120,142336
18,15,15360,142336
18,18,18432,142336
18,18,1024,146432
18,15,11264,146432
18,18,14336,146432
18,15,10240,147456
18,18,13312,147456
15,18,3072,157696
