11,10,2048,2048
11,9,5120,2048
11,13,7168,2048
11,13,10240,2048
11,11,13312,2048
11,10,18432,2048
10,9,3072,4096
10,13,5120,4096
10,13,8192,4096
10,11,11264,4096
10,10,16384,4096
9,13,2048,7168
9,13,5120,7168
9,11,8192,7168
9,10,13312,7168
9,10,19456,7168
13,13,3072,9216
13,11,6144,9216
13,10,11264,9216
13,10,17408,9216
13,11,19456,9216
13,11,3072,12288
13,10,8192,12288
13,10,14336,12288
13,11,16384,12288
11,10,5120,15360
11,10,11264,15360
11,11,13312,15360
11,9,18432,15360
11,12,19456,15360
11,13,20480,15360
10,10,6144,20480
10,11,8192,20480
10,9,13312,20480
10,12,14336,20480
10,13,15360,20480
10,13,18432,20480
10,10,19456,20480
10,12,20480,20480
10,11,2048,26624
10,9,7168,26624
10,12,8192,26624
10,13,9216,26624
10,13,12288,26624
10,10,13312,26624
10,12,14336,26624
10,10,15360,26624
11,9,5120,28672
11,12,6144,28672
11,13,7168,28672
11,13,10240,28672
11,10,11264,28672
11,12,12288,28672
11,10,13312,28672
11,12,19456,28672
9,12,1024,33792
9,13,2048,33792
9,13,5120,33792
9,10,6144,33792
9,12,7168,33792
9,10,8192,33792
9,12,14336,33792
9,10,19456,33792
12,13,1024,34816
12,13,4096,34816
12,10,5120,34816
12,12,6144,34816
12,10,7168,34816
12,12,13312,34816
12,10,18432,34816
13,13,3072,35840
13,10,4096,35840
13,12,5120,35840
13,10,6144,35840
13,12,12288,35840
13,10,17408,35840
13,12,20480,35840
13,10,1024,38912
13,12,2048,38912
13,10,3072,38912
13,12,9216,38912
13,10,14336,38912
13,12,17408,38912
10,12,1024,39936
10,10,2048,39936
10,12,8192,39936
10,10,13312,39936
10,12,16384,39936
12,10,1024,40960
12,12,7168,40960
12,10,12288,40960
12,12,15360,40960
12,12,20480,40960
10,12,6144,41984
10,10,11264,41984
10,12,14336,41984
10,12,19456,41984
12,10,5120,48128
12,12,8192,48128
12,12,13312,48128
12,10,18432,48128
12,12,19456,48128
10,12,3072,53248
10,12,8192,53248
10,10,13312,53248
10,12,14336,53248
10,12,16384,53248
10,10,19456,53248
12,12,5120,56320
12,10,10240,56320
12,12,11264,56320
12,12,13312,56320
12,10,16384,56320
12,12,18432,56320
12,10,5120,61440
12,12,6144,61440
12,12,8192,61440
12,10,11264,61440
12,12,13312,61440
12,10,18432,61440
12,11,19456,61440
10,12,1024,66560
10,12,3072,66560
10,10,6144,66560
10,12,8192,66560
10,10,13312,66560
10,11,14336,66560
10,11,16384,66560
10,12,19456,66560
10,10,20480,66560
12,12,2048,67584
12,10,5120,67584
12,12,7168,67584
12,10,12288,67584
12,11,13312,67584
12,11,15360,67584
12,12,18432,67584
12,10,19456,67584
12,12,20480,67584
12,10,3072,69632
12,12,5120,69632
12,10,10240,69632
12,11,11264,69632
12,11,13312,69632
12,12,16384,69632
12,10,17408,69632
12,12,18432,69632
10,12,2048,72704
10,10,7168,72704
10,11,8192,72704
10,11,10240,72704
10,12,13312,72704
10,10,14336,72704
10,12,15360,72704
10,13,18432,72704
12,10,5120,74752
12,11,6144,74752
12,11,8192,74752
12,12,11264,74752
12,10,12288,74752
12,12,13312,74752
12,13,16384,74752
12,12,19456,74752
10,11,1024,79872
10,11,3072,79872
10,12,6144,79872
10,10,7168,79872
10,12,8192,79872
10,13,11264,79872
10,12,14336,79872
10,11,16384,79872
10,10,19456,79872
11,11,2048,80896
11,12,5120,80896
11,10,6144,80896
11,12,7168,80896
11,13,10240,80896
11,12,13312,80896
11,11,15360,80896
11,10,18432,80896
11,12,20480,80896
11,12,3072,82944
11,10,4096,82944
11,12,5120,82944
11,13,8192,82944
11,12,11264,82944
11,11,13312,82944
11,10,16384,82944
11,12,18432,82944
12,10,1024,86016
12,12,2048,86016
12,13,5120,86016
12,12,8192,86016
12,11,10240,86016
12,10,13312,86016
12,12,15360,86016
10,12,1024,87040
10,13,4096,87040
10,12,7168,87040
10,11,9216,87040
10,10,12288,87040
10,12,14336,87040
10,11,20480,87040
12,13,3072,88064
12,12,6144,88064
12,11,8192,88064
12,10,11264,88064
12,12,13312,88064
12,11,19456,88064
13,12,3072,91136
13,11,5120,91136
13,10,8192,91136
13,12,10240,91136
13,11,16384,91136
13,10,18432,91136
12,11,2048,94208
12,10,5120,94208
12,12,7168,94208
12,11,13312,94208
12,10,15360,94208
12,9,18432,94208
12,13,20480,94208
11,10,3072,96256
11,12,5120,96256
11,11,11264,96256
11,10,13312,96256
11,9,16384,96256
11,13,18432,96256
10,12,2048,99328
10,11,8192,99328
10,10,10240,99328
10,9,13312,99328
10,13,15360,99328
10,13,18432,99328
12,11,6144,101376
12,10,8192,101376
12,9,11264,101376
12,13,13312,101376
12,13,16384,101376
12,11,19456,101376
11,10,2048,107520
11,9,5120,107520
11,13,7168,107520
11,13,10240,107520
11,11,13312,107520
11,10,18432,107520
10,9,3072,109568
10,13,5120,109568
10,13,8192,109568
10,11,11264,109568
10,10,16384,109568
9,13,2048,112640
9,13,5120,112640
9,11,8192,112640
9,10,13312,112640
9,10,19456,112640
13,13,3072,114688
13,11,6144,114688
13,10,11264,114688
13,10,17408,114688
13,11,19456,114688
13,11,3072,117760
13,10,8192,117760
13,10,14336,117760
13,11,16384,117760
11,10,5120,120832
11,10,11264,120832
11,11,13312,120832
11,9,18432,120832
11,12,19456,120832
11,13,20480,120832
10,10,6144,125952
10,11,8192,125952
10,9,13312,125952
10,12,14336,125952
10,13,15360,125952
10,13,18432,125952
10,10,19456,125952
10,12,20480,125952
10,11,2048,132096
10,9,7168,132096
10,12,8192,132096
10,13,9216,132096
10,13,12288,132096
10,10,13312,132096
10,12,14336,132096
10,10,15360,132096
11,9,5120,134144
11,12,6144,134144
11,13,7168,134144
11,13,10240,134144
11,10,11264,134144
11,12,12288,134144
11,10,13312,134144
11,12,19456,134144
9,12,1024,139264
9,13,2048,139264
9,13,5120,139264
9,10,6144,139264
9,12,7168,139264
9,10,8192,139264
9,12,14336,139264
9,10,19456,139264
12,13,1024,140288
12,13,4096,140288
12,10,5120,140288
12,12,6144,140288
12,10,7168,140288
12,12,13312,140288
12,10,18432,140288
13,13,3072,141312
13,10,4096,141312
13,12,5120,141312
13,10,6144,141312
13,12,12288,141312
13,10,17408,141312
13,12,20480,141312
13,10,1024,144384
13,12,2048,144384
13,10,3072,144384
13,12,9216,144384
13,10,14336,144384
13,12,17408,144384
10,12,1024,145408
10,10,2048,145408
10,12,8192,145408
10,10,13312,145408
10,12,16384,145408
12,10,1024,146432
12,12,7168,146432
12,10,12288,146432
12,12,15360,146432
10,12,6144,147456
10,10,11264,147456
10,12,14336,147456
12,10,5120,153600
12,12,8192,153600
10,12,3072,158720
