18,68,15360,0
18,71,16384,0
18,71,18432,0
18,71,19456,0
68,71,1024,15360
68,71,3072,15360
68,71,4096,15360
71,71,2048,16384
71,71,3072,16384
71,71,1024,18432
81,66,3072,63488
81,64,20480,63488
66,64,17408,66560
66,54,18432,66560
66,53,19456,66560
64,54,1024,83968
64,53,2048,83968
54,53,1024,84992
24,68,2048,116736
24,113,2048,116736
24,54,4096,116736
24,53,5120,116736
24,29,7168,116736
24,85,7168,116736
24,18,12288,116736
24,86,15360,116736
68,113,0,118784
68,54,2048,118784
68,53,3072,118784
68,29,5120,118784
68,85,5120,118784
68,18,10240,118784
68,86,13312,118784
68,65,19456,118784
68,65,20480,118784
113,54,2048,118784
113,53,3072,118784
113,29,5120,118784
113,85,5120,118784
113,18,10240,118784
113,86,13312,118784
113,65,19456,118784
113,65,20480,118784
54,53,1024,120832
54,29,3072,120832
54,85,3072,120832
54,18,8192,120832
54,86,11264,120832
54,65,17408,120832
54,65,18432,120832
54,54,19456,120832
54,53,20480,120832
53,29,2048,121856
53,85,2048,121856
53,18,7168,121856
53,86,10240,121856
53,65,16384,121856
53,65,17408,121856
53,54,18432,121856
53,53,19456,121856
29,85,0,123904
29,18,5120,123904
29,86,8192,123904
29,65,14336,123904
29,65,15360,123904
29,54,16384,123904
29,53,17408,123904
85,18,5120,123904
85,86,8192,123904
85,65,14336,123904
85,65,15360,123904
85,54,16384,123904
85,53,17408,123904
18,86,3072,129024
18,65,9216,129024
18,65,10240,129024
18,54,11264,129024
18,53,12288,129024
86,65,6144,132096
86,65,7168,132096
86,54,8192,132096
86,53,9216,132096
86,18,18432,132096
86,18,19456,132096
65,65,1024,138240
65,54,2048,138240
65,53,3072,138240
65,18,12288,138240
65,18,13312,138240
65,54,1024,139264
65,53,2048,139264
65,18,11264,139264
65,18,12288,139264
54,53,1024,140288
54,18,10240,140288
54,18,11264,140288
53,18,9216,141312
53,18,10240,141312
18,18,1024,150528
18,18,14336,150528
18,53,19456,150528
18,18,13312,151552
18,53,18432,151552
18,93,20480,151552
18,53,5120,164864
18,93,7168,164864
18,71,11264,164864
18,72,12288,164864
18,18,13312,164864
18,72,13312,164864
18,18,14336,164864
53,93,2048,169984
53,71,6144,169984
53,72,7168,169984
53,18,8192,169984
53,72,8192,169984
53,18,9216,169984
93,71,4096,172032
93,72,5120,172032
93,18,6144,172032
93,72,6144,172032
93,18,7168,172032
71,72,1024,176128
71,18,2048,176128
71,72,2048,176128
71,18,3072,176128
71,48,18432,176128
72,18,1024,177152
72,72,1024,177152
72,18,2048,177152
72,48,17408,177152
18,72,0,178176
18,18,1024,178176
18,48,16384,178176
72,18,1024,178176
72,48,16384,178176
18,48,15360,179200
48,48,10240,194560
48,18,15360,194560
48,18,20480,194560
48,18,5120,204800
48,18,10240,204800
48,36,11264,204800
18,18,5120,209920
18,36,6144,209920
18,36,1024,215040
36,52,20480,216064
52,52,1024,236544
52,52,2048,236544
52,111,10240,236544
52,87,11264,236544
52,84,12288,236544
52,84,13312,236544
52,55,14336,236544
52,83,14336,236544
52,18,17408,236544
52,52,1024,237568
52,111,9216,237568
52,87,10240,237568
52,84,11264,237568
52,84,12288,237568
52,55,13312,237568
52,83,13312,237568
52,18,16384,237568
52,111,8192,238592
52,87,9216,238592
52,84,10240,238592
52,84,11264,238592
52,55,12288,238592
52,83,12288,238592
52,18,15360,238592
52,87,20480,238592
111,87,1024,246784
111,84,2048,246784
111,84,3072,246784
111,55,4096,246784
111,83,4096,246784
111,18,7168,246784
111,87,12288,246784
111,81,13312,246784
111,53,14336,246784
111,83,14336,246784
111,52,15360,246784
111,83,15360,246784
111,52,16384,246784
111,76,18432,246784
87,84,1024,247808
87,84,2048,247808
87,55,3072,247808
87,83,3072,247808
87,18,6144,247808
87,87,11264,247808
87,81,12288,247808
87,53,13312,247808
87,83,13312,247808
87,52,14336,247808
87,83,14336,247808
87,52,15360,247808
87,76,17408,247808
84,84,1024,248832
84,55,2048,248832
84,83,2048,248832
84,18,5120,248832
84,87,10240,248832
84,81,11264,248832
84,53,12288,248832
84,83,12288,248832
84,52,13312,248832
84,83,13312,248832
84,52,14336,248832
84,76,16384,248832
84,55,1024,249856
84,83,1024,249856
84,18,4096,249856
84,87,9216,249856
84,81,10240,249856
84,53,11264,249856
84,83,11264,249856
84,52,12288,249856
84,83,12288,249856
84,52,13312,249856
84,76,15360,249856
84,22,20480,249856
55,83,0,250880
55,18,3072,250880
55,87,8192,250880
55,81,9216,250880
55,53,10240,250880
55,83,10240,250880
55,52,11264,250880
55,83,11264,250880
55,52,12288,250880
55,76,14336,250880
55,22,19456,250880
83,18,3072,250880
83,87,8192,250880
83,81,9216,250880
83,53,10240,250880
83,83,10240,250880
83,52,11264,250880
83,83,11264,250880
83,52,12288,250880
83,76,14336,250880
83,22,19456,250880
18,87,5120,253952
18,81,6144,253952
18,53,7168,253952
18,83,7168,253952
18,52,8192,253952
18,83,8192,253952
18,52,9216,253952
18,76,11264,253952
18,22,16384,253952
18,58,18432,253952
87,81,1024,259072
87,53,2048,259072
87,83,2048,259072
87,52,3072,259072
87,83,3072,259072
87,52,4096,259072
87,76,6144,259072
87,22,11264,259072
87,58,13312,259072
81,53,1024,260096
81,83,1024,260096
81,52,2048,260096
81,83,2048,260096
81,52,3072,260096
81,76,5120,260096
81,22,10240,260096
81,58,12288,260096
53,83,0,261120
53,52,1024,261120
53,83,1024,261120
53,52,2048,261120
53,76,4096,261120
53,22,9216,261120
53,58,11264,261120
83,52,1024,261120
83,83,1024,261120
83,52,2048,261120
83,76,4096,261120
83,22,9216,261120
83,58,11264,261120
52,83,0,262144
52,52,1024,262144
52,76,3072,262144
52,22,8192,262144
52,58,10240,262144
83,52,1024,262144
83,76,3072,262144
83,22,8192,262144
83,58,10240,262144
52,76,2048,263168
52,22,7168,263168
52,58,9216,263168
76,22,5120,265216
76,58,7168,265216
22,58,2048,270336
22,51,17408,270336
22,52,18432,270336
58,51,15360,272384
58,52,16384,272384
58,35,20480,272384
51,52,1024,287744
51,35,5120,287744
51,21,6144,287744
51,58,6144,287744
51,57,7168,287744
51,26,13312,287744
51,66,13312,287744
51,64,14336,287744
51,43,16384,287744
51,42,17408,287744
51,42,18432,287744
51,18,19456,287744
51,23,20480,287744
52,35,4096,288768
52,21,5120,288768
52,58,5120,288768
52,57,6144,288768
52,26,12288,288768
52,66,12288,288768
52,64,13312,288768
52,43,15360,288768
52,42,16384,288768
52,42,17408,288768
52,18,18432,288768
52,23,19456,288768
35,21,1024,292864
35,58,1024,292864
35,57,2048,292864
35,26,8192,292864
35,66,8192,292864
35,64,9216,292864
35,43,11264,292864
35,42,12288,292864
35,42,13312,292864
35,18,14336,292864
35,23,15360,292864
35,18,19456,292864
21,58,0,293888
21,57,1024,293888
21,26,7168,293888
21,66,7168,293888
21,64,8192,293888
21,43,10240,293888
21,42,11264,293888
21,42,12288,293888
21,18,13312,293888
21,23,14336,293888
21,18,18432,293888
58,57,1024,293888
58,26,7168,293888
58,66,7168,293888
58,64,8192,293888
58,43,10240,293888
58,42,11264,293888
58,42,12288,293888
58,18,13312,293888
58,23,14336,293888
58,18,18432,293888
57,26,6144,294912
57,66,6144,294912
57,64,7168,294912
57,43,9216,294912
57,42,10240,294912
57,42,11264,294912
57,18,12288,294912
57,23,13312,294912
57,18,17408,294912
26,66,0,301056
26,64,1024,301056
26,43,3072,301056
26,42,4096,301056
26,42,5120,301056
26,18,6144,301056
26,23,7168,301056
26,18,11264,301056
26,26,17408,301056
26,45,20480,301056
66,64,1024,301056
66,43,3072,301056
66,42,4096,301056
66,42,5120,301056
66,18,6144,301056
66,23,7168,301056
66,18,11264,301056
66,26,17408,301056
66,45,20480,301056
64,43,2048,302080
64,42,3072,302080
64,42,4096,302080
64,18,5120,302080
64,23,6144,302080
64,18,10240,302080
64,26,16384,302080
64,45,19456,302080
64,48,20480,302080
43,42,1024,304128
43,42,2048,304128
43,18,3072,304128
43,23,4096,304128
43,18,8192,304128
43,26,14336,304128
43,45,17408,304128
43,48,18432,304128
43,48,19456,304128
43,48,20480,304128
42,42,1024,305152
42,18,2048,305152
42,23,3072,305152
42,18,7168,305152
42,26,13312,305152
42,45,16384,305152
42,48,17408,305152
42,48,18432,305152
42,48,19456,305152
42,36,20480,305152
42,18,1024,306176
42,23,2048,306176
42,18,6144,306176
42,26,12288,306176
42,45,15360,306176
42,48,16384,306176
42,48,17408,306176
42,48,18432,306176
42,36,19456,306176
18,23,1024,307200
18,18,5120,307200
18,26,11264,307200
18,45,14336,307200
18,48,15360,307200
18,48,16384,307200
18,48,17408,307200
18,36,18432,307200
18,32,20480,307200
18,44,20480,307200
23,18,4096,308224
23,26,10240,308224
23,45,13312,308224
23,48,14336,308224
23,48,15360,308224
23,48,16384,308224
23,36,17408,308224
23,32,19456,308224
23,44,19456,308224
23,45,20480,308224
18,26,6144,312320
18,45,9216,312320
18,48,10240,312320
18,48,11264,312320
18,48,12288,312320
18,36,13312,312320
18,32,15360,312320
18,44,15360,312320
18,45,16384,312320
26,45,3072,318464
26,48,4096,318464
26,48,5120,318464
26,48,6144,318464
26,36,7168,318464
26,32,9216,318464
26,44,9216,318464
26,45,10240,318464
45,48,1024,321536
45,48,2048,321536
45,48,3072,321536
45,36,4096,321536
45,32,6144,321536
45,44,6144,321536
45,45,7168,321536
48,48,1024,322560
48,48,2048,322560
48,36,3072,322560
48,32,5120,322560
48,44,5120,322560
48,45,6144,322560
48,48,1024,323584
48,36,2048,323584
48,32,4096,323584
48,44,4096,323584
48,45,5120,323584
48,36,1024,324608
48,32,3072,324608
48,44,3072,324608
48,45,4096,324608
36,32,2048,325632
36,44,2048,325632
36,45,3072,325632
32,44,0,327680
32,45,1024,327680
44,45,1024,327680
