58,19,1024,8192
58,56,1024,8192
58,20,2048,8192
58,19,3072,8192
58,22,7168,8192
58,66,7168,8192
58,109,7168,8192
58,110,8192,8192
58,24,9216,8192
58,23,10240,8192
58,22,12288,8192
58,21,14336,8192
19,56,0,9216
19,20,1024,9216
19,19,2048,9216
19,22,6144,9216
19,66,6144,9216
19,109,6144,9216
19,110,7168,9216
19,24,8192,9216
19,23,9216,9216
19,22,11264,9216
19,21,13312,9216
56,20,1024,9216
56,19,2048,9216
56,22,6144,9216
56,66,6144,9216
56,109,6144,9216
56,110,7168,9216
56,24,8192,9216
56,23,9216,9216
56,22,11264,9216
56,21,13312,9216
20,19,1024,10240
20,22,5120,10240
20,66,5120,10240
20,109,5120,10240
20,110,6144,10240
20,24,7168,10240
20,23,8192,10240
20,22,10240,10240
20,21,12288,10240
19,22,4096,11264
19,66,4096,11264
19,109,4096,11264
19,110,5120,11264
19,24,6144,11264
19,23,7168,11264
19,22,9216,11264
19,21,11264,11264
22,66,0,15360
22,109,0,15360
22,110,1024,15360
22,24,2048,15360
22,23,3072,15360
22,22,5120,15360
22,21,7168,15360
66,109,0,15360
66,110,1024,15360
66,24,2048,15360
66,23,3072,15360
66,22,5120,15360
66,21,7168,15360
109,110,1024,15360
109,24,2048,15360
109,23,3072,15360
109,22,5120,15360
109,21,7168,15360
110,24,1024,16384
110,23,2048,16384
110,22,4096,16384
110,21,6144,16384
24,23,1024,17408
24,22,3072,17408
24,21,5120,17408
23,22,2048,18432
23,21,4096,18432
22,21,2048,20480
22,63,20480,20480
22,157,20480,20480
21,63,18432,22528
21,157,18432,22528
21,61,19456,22528
63,157,0,40960
63,61,1024,40960
63,29,3072,40960
63,28,4096,40960
63,53,5120,40960
63,53,6144,40960
63,53,7168,40960
63,53,11264,40960
63,105,12288,40960
63,105,13312,40960
157,61,1024,40960
157,29,3072,40960
157,28,4096,40960
157,53,5120,40960
157,53,6144,40960
157,53,7168,40960
157,53,11264,40960
157,105,12288,40960
157,105,13312,40960
61,29,2048,41984
61,28,3072,41984
61,53,4096,41984
61,53,5120,41984
61,53,6144,41984
61,53,10240,41984
61,105,11264,41984
61,105,12288,41984
29,28,1024,44032
29,53,2048,44032
29,53,3072,44032
29,53,4096,44032
29,53,8192,44032
29,105,9216,44032
29,105,10240,44032
28,53,1024,45056
28,53,2048,45056
28,53,3072,45056
28,53,7168,45056
28,105,8192,45056
28,105,9216,45056
53,53,1024,46080
53,53,2048,46080
53,53,6144,46080
53,105,7168,46080
53,105,8192,46080
53,53,1024,47104
53,53,5120,47104
53,105,6144,47104
53,105,7168,47104
53,53,4096,48128
53,105,5120,48128
53,105,6144,48128
53,105,1024,52224
53,105,2048,52224
105,105,1024,53248
22,37,5120,80896
22,48,9216,80896
22,50,10240,80896
22,65,12288,80896
22,109,12288,80896
22,65,13312,80896
22,109,13312,80896
22,65,14336,80896
22,130,14336,80896
37,48,4096,86016
37,50,5120,86016
37,65,7168,86016
37,109,7168,86016
37,65,8192,86016
37,109,8192,86016
37,65,9216,86016
37,130,9216,86016
48,50,1024,90112
48,65,3072,90112
48,109,3072,90112
48,65,4096,90112
48,109,4096,90112
48,65,5120,90112
48,130,5120,90112
50,65,2048,91136
50,109,2048,91136
50,65,3072,91136
50,109,3072,91136
50,65,4096,91136
50,130,4096,91136
65,109,0,93184
65,65,1024,93184
65,109,1024,93184
65,65,2048,93184
65,130,2048,93184
65,170,19456,93184
109,65,1024,93184
109,109,1024,93184
109,65,2048,93184
109,130,2048,93184
109,170,19456,93184
65,109,0,94208
65,65,1024,94208
65,130,1024,94208
65,170,18432,94208
109,65,1024,94208
109,130,1024,94208
109,170,18432,94208
65,130,0,95232
65,170,17408,95232
130,170,17408,95232
170,56,10240,112640
170,43,13312,112640
170,44,16384,112640
170,44,17408,112640
170,43,20480,112640
56,43,3072,122880
56,44,6144,122880
56,44,7168,122880
56,43,10240,122880
56,23,14336,122880
56,49,15360,122880
56,49,16384,122880
56,47,17408,122880
56,77,19456,122880
56,129,20480,122880
43,44,3072,125952
43,44,4096,125952
43,43,7168,125952
43,23,11264,125952
43,49,12288,125952
43,49,13312,125952
43,47,14336,125952
43,77,16384,125952
43,129,17408,125952
43,51,18432,125952
44,44,1024,129024
44,43,4096,129024
44,23,8192,129024
44,49,9216,129024
44,49,10240,129024
44,47,11264,129024
44,77,13312,129024
44,129,14336,129024
44,51,15360,129024
44,19,19456,129024
44,19,20480,129024
44,43,3072,130048
44,23,7168,130048
44,49,8192,130048
44,49,9216,130048
44,47,10240,130048
44,77,12288,130048
44,129,13312,130048
44,51,14336,130048
44,19,18432,130048
44,19,19456,130048
43,23,4096,133120
43,49,5120,133120
43,49,6144,133120
43,47,7168,133120
43,77,9216,133120
43,129,10240,133120
43,51,11264,133120
43,19,15360,133120
43,19,16384,133120
23,49,1024,137216
23,49,2048,137216
23,47,3072,137216
23,77,5120,137216
23,129,6144,137216
23,51,7168,137216
23,19,11264,137216
23,19,12288,137216
23,19,18432,137216
23,50,20480,137216
49,49,1024,138240
49,47,2048,138240
49,77,4096,138240
49,129,5120,138240
49,51,6144,138240
49,19,10240,138240
49,19,11264,138240
49,19,17408,138240
49,50,19456,138240
49,52,20480,138240
49,47,1024,139264
49,77,3072,139264
49,129,4096,139264
49,51,5120,139264
49,19,9216,139264
49,19,10240,139264
49,19,16384,139264
49,50,18432,139264
49,52,19456,139264
47,77,2048,140288
47,129,3072,140288
47,51,4096,140288
47,19,8192,140288
47,19,9216,140288
47,19,15360,140288
47,50,17408,140288
47,52,18432,140288
77,129,1024,142336
77,51,2048,142336
77,19,6144,142336
77,19,7168,142336
77,19,13312,142336
77,50,15360,142336
77,52,16384,142336
129,51,1024,143360
129,19,5120,143360
129,19,6144,143360
129,19,12288,143360
129,50,14336,143360
129,52,15360,143360
129,77,20480,143360
51,19,4096,144384
51,19,5120,144384
51,19,11264,144384
51,50,13312,144384
51,52,14336,144384
51,77,19456,144384
19,19,1024,148480
19,19,7168,148480
19,50,9216,148480
19,52,10240,148480
19,77,15360,148480
19,52,18432,148480
19,51,19456,148480
19,26,20480,148480
19,19,6144,149504
19,50,8192,149504
19,52,9216,149504
19,77,14336,149504
19,52,17408,149504
19,51,18432,149504
19,26,19456,149504
19,50,2048,155648
19,52,3072,155648
19,77,8192,155648
19,52,11264,155648
19,51,12288,155648
19,26,13312,155648
19,52,16384,155648
19,26,18432,155648
19,52,18432,155648
50,52,1024,157696
50,77,6144,157696
50,52,9216,157696
50,51,10240,157696
50,26,11264,157696
50,52,14336,157696
50,26,16384,157696
50,52,16384,157696
52,77,5120,158720
52,52,8192,158720
52,51,9216,158720
52,26,10240,158720
52,52,13312,158720
52,26,15360,158720
52,52,15360,158720
77,52,3072,163840
77,51,4096,163840
77,26,5120,163840
77,52,8192,163840
77,26,10240,163840
77,52,10240,163840
52,51,1024,166912
52,26,2048,166912
52,52,5120,166912
52,26,7168,166912
52,52,7168,166912
52,19,18432,166912
52,51,18432,166912
51,26,1024,167936
51,52,4096,167936
51,26,6144,167936
51,52,6144,167936
51,19,17408,167936
51,51,17408,167936
26,52,3072,168960
26,26,5120,168960
26,52,5120,168960
26,19,16384,168960
26,51,16384,168960
52,26,2048,172032
52,52,2048,172032
52,19,13312,172032
52,51,13312,172032
52,47,20480,172032
26,52,0,174080
26,19,11264,174080
26,51,11264,174080
26,47,18432,174080
52,19,11264,174080
52,51,11264,174080
52,47,18432,174080
19,51,0,185344
19,47,7168,185344
19,24,10240,185344
19,49,11264,185344
19,48,12288,185344
19,45,16384,185344
19,44,17408,185344
51,47,7168,185344
51,24,10240,185344
51,49,11264,185344
51,48,12288,185344
51,45,16384,185344
51,44,17408,185344
47,24,3072,192512
47,49,4096,192512
47,48,5120,192512
47,45,9216,192512
47,44,10240,192512
24,49,1024,195584
24,48,2048,195584
24,45,6144,195584
24,44,7168,195584
49,48,1024,196608
49,45,5120,196608
49,44,6144,196608
48,45,4096,197632
48,44,5120,197632
45,44,1024,201728
18,22,9216,225280
18,44,12288,225280
18,44,13312,225280
18,44,20480,225280
22,44,3072,234496
22,44,4096,234496
22,44,11264,234496
22,48,16384,234496
22,25,17408,234496
22,52,18432,234496
22,52,19456,234496
44,44,1024,237568
44,44,8192,237568
44,48,13312,237568
44,25,14336,237568
44,52,15360,237568
44,52,16384,237568
44,52,20480,237568
44,44,7168,238592
44,48,12288,238592
44,25,13312,238592
44,52,14336,238592
44,52,15360,238592
44,52,19456,238592
44,48,5120,245760
44,25,6144,245760
44,52,7168,245760
44,52,8192,245760
44,52,12288,245760
44,19,18432,245760
44,50,20480,245760
48,25,1024,250880
48,52,2048,250880
48,52,3072,250880
48,52,7168,250880
48,19,13312,250880
48,50,15360,250880
48,74,16384,250880
48,20,19456,250880
48,42,19456,250880
48,48,20480,250880
25,52,1024,251904
25,52,2048,251904
25,52,6144,251904
25,19,12288,251904
25,50,14336,251904
25,74,15360,251904
25,20,18432,251904
25,42,18432,251904
25,48,19456,251904
25,52,20480,251904
52,52,1024,252928
52,52,5120,252928
52,19,11264,252928
52,50,13312,252928
52,74,14336,252928
52,20,17408,252928
52,42,17408,252928
52,48,18432,252928
52,52,19456,252928
52,26,20480,252928
52,52,4096,253952
52,19,10240,253952
52,50,12288,253952
52,74,13312,253952
52,20,16384,253952
52,42,16384,253952
52,48,17408,253952
52,52,18432,253952
52,26,19456,253952
52,19,6144,258048
52,50,8192,258048
52,74,9216,258048
52,20,12288,258048
52,42,12288,258048
52,48,13312,258048
52,52,14336,258048
52,26,15360,258048
52,52,17408,258048
52,52,18432,258048
52,52,19456,258048
19,50,2048,264192
19,74,3072,264192
19,20,6144,264192
19,42,6144,264192
19,48,7168,264192
19,52,8192,264192
19,26,9216,264192
19,52,11264,264192
19,52,12288,264192
19,52,13312,264192
19,26,18432,264192
50,74,1024,266240
50,20,4096,266240
50,42,4096,266240
50,48,5120,266240
50,52,6144,266240
50,26,7168,266240
50,52,9216,266240
50,52,10240,266240
50,52,11264,266240
50,26,16384,266240
50,27,19456,266240
74,20,3072,267264
74,42,3072,267264
74,48,4096,267264
74,52,5120,267264
74,26,6144,267264
74,52,8192,267264
74,52,9216,267264
74,52,10240,267264
74,26,15360,267264
74,27,18432,267264
20,42,0,270336
20,48,1024,270336
20,52,2048,270336
20,26,3072,270336
20,52,5120,270336
20,52,6144,270336
20,52,7168,270336
20,26,12288,270336
20,27,15360,270336
42,48,1024,270336
42,52,2048,270336
42,26,3072,270336
42,52,5120,270336
42,52,6144,270336
42,52,7168,270336
42,26,12288,270336
42,27,15360,270336
48,52,1024,271360
48,26,2048,271360
48,52,4096,271360
48,52,5120,271360
48,52,6144,271360
48,26,11264,271360
48,27,14336,271360
48,53,20480,271360
52,26,1024,272384
52,52,3072,272384
52,52,4096,272384
52,52,5120,272384
52,26,10240,272384
52,27,13312,272384
52,53,19456,272384
52,19,20480,272384
52,51,20480,272384
26,52,2048,273408
26,52,3072,273408
26,52,4096,273408
26,26,9216,273408
26,27,12288,273408
26,53,18432,273408
26,19,19456,273408
26,51,19456,273408
26,19,20480,273408
26,51,20480,273408
52,52,1024,275456
52,52,2048,275456
52,26,7168,275456
52,27,10240,275456
52,53,16384,275456
52,19,17408,275456
52,51,17408,275456
52,19,18432,275456
52,51,18432,275456
52,52,1024,276480
52,26,6144,276480
52,27,9216,276480
52,53,15360,276480
52,19,16384,276480
52,51,16384,276480
52,19,17408,276480
52,51,17408,276480
52,26,5120,277504
52,27,8192,277504
52,53,14336,277504
52,19,15360,277504
52,51,15360,277504
52,19,16384,277504
52,51,16384,277504
26,27,3072,282624
26,53,9216,282624
26,19,10240,282624
26,51,10240,282624
26,19,11264,282624
26,51,11264,282624
26,24,17408,282624
26,48,17408,282624
26,48,18432,282624
26,18,19456,282624
26,25,20480,282624
27,53,6144,285696
27,19,7168,285696
27,51,7168,285696
27,19,8192,285696
27,51,8192,285696
27,24,14336,285696
27,48,14336,285696
27,48,15360,285696
27,18,16384,285696
27,25,17408,285696
53,19,1024,291840
53,51,1024,291840
53,19,2048,291840
53,51,2048,291840
53,24,8192,291840
53,48,8192,291840
53,48,9216,291840
53,18,10240,291840
53,25,11264,291840
53,48,18432,291840
19,51,0,292864
19,19,1024,292864
19,51,1024,292864
19,24,7168,292864
19,48,7168,292864
19,48,8192,292864
19,18,9216,292864
19,25,10240,292864
19,48,17408,292864
51,19,1024,292864
51,51,1024,292864
51,24,7168,292864
51,48,7168,292864
51,48,8192,292864
51,18,9216,292864
51,25,10240,292864
51,48,17408,292864
19,51,0,293888
19,24,6144,293888
19,48,6144,293888
19,48,7168,293888
19,18,8192,293888
19,25,9216,293888
19,48,16384,293888
51,24,6144,293888
51,48,6144,293888
51,48,7168,293888
51,18,8192,293888
51,25,9216,293888
51,48,16384,293888
24,48,0,300032
24,48,1024,300032
24,18,2048,300032
24,25,3072,300032
24,48,10240,300032
24,18,15360,300032
24,72,17408,300032
24,71,18432,300032
24,88,20480,300032
48,48,1024,300032
48,18,2048,300032
48,25,3072,300032
48,48,10240,300032
48,18,15360,300032
48,72,17408,300032
48,71,18432,300032
48,88,20480,300032
48,18,1024,301056
48,25,2048,301056
48,48,9216,301056
48,18,14336,301056
48,72,16384,301056
48,71,17408,301056
48,88,19456,301056
48,88,20480,301056
18,25,1024,302080
18,48,8192,302080
18,18,13312,302080
18,72,15360,302080
18,71,16384,302080
18,88,18432,302080
18,88,19456,302080
18,86,20480,302080
25,48,7168,303104
25,18,12288,303104
25,72,14336,303104
25,71,15360,303104
25,88,17408,303104
25,88,18432,303104
25,86,19456,303104
48,18,5120,310272
48,72,7168,310272
48,71,8192,310272
48,88,10240,310272
48,88,11264,310272
48,86,12288,310272
18,72,2048,315392
18,71,3072,315392
18,88,5120,315392
18,88,6144,315392
18,86,7168,315392
72,71,1024,317440
72,88,3072,317440
72,88,4096,317440
72,86,5120,317440
71,88,2048,318464
71,88,3072,318464
71,86,4096,318464
88,88,1024,320512
88,86,2048,320512
88,86,1024,321536
