23,47,0,1024
23,102,0,1024
23,18,2048,1024
23,47,2048,1024
23,18,3072,1024
23,19,4096,1024
23,18,5120,1024
23,18,6144,1024
23,47,6144,1024
23,18,7168,1024
23,46,8192,1024
23,18,9216,1024
23,18,10240,1024
23,21,11264,1024
47,102,0,1024
47,18,2048,1024
47,47,2048,1024
47,18,3072,1024
47,19,4096,1024
47,18,5120,1024
47,18,6144,1024
47,47,6144,1024
47,18,7168,1024
47,46,8192,1024
47,18,9216,1024
47,18,10240,1024
47,21,11264,1024
47,20,12288,1024
102,18,2048,1024
102,47,2048,1024
102,18,3072,1024
102,19,4096,1024
102,18,5120,1024
102,18,6144,1024
102,47,6144,1024
102,18,7168,1024
102,46,8192,1024
102,18,9216,1024
102,18,10240,1024
102,21,11264,1024
102,20,12288,1024
102,46,12288,1024
18,47,0,3072
18,18,1024,3072
18,19,2048,3072
18,18,3072,3072
18,18,4096,3072
18,47,4096,3072
18,18,5120,3072
18,46,6144,3072
18,18,7168,3072
18,18,8192,3072
18,21,9216,3072
18,20,10240,3072
18,46,10240,3072
18,18,11264,3072
47,18,1024,3072
47,19,2048,3072
47,18,3072,3072
47,18,4096,3072
47,47,4096,3072
47,18,5120,3072
47,46,6144,3072
47,18,7168,3072
47,18,8192,3072
47,21,9216,3072
47,20,10240,3072
47,46,10240,3072
47,18,11264,3072
47,18,12288,3072
18,19,1024,4096
18,18,2048,4096
18,18,3072,4096
18,47,3072,4096
18,18,4096,4096
18,46,5120,4096
18,18,6144,4096
18,18,7168,4096
18,21,8192,4096
18,20,9216,4096
18,46,9216,4096
18,18,10240,4096
18,18,11264,4096
18,47,11264,4096
19,18,1024,5120
19,18,2048,5120
19,47,2048,5120
19,18,3072,5120
19,46,4096,5120
19,18,5120,5120
19,18,6144,5120
19,21,7168,5120
19,20,8192,5120
19,46,8192,5120
19,18,9216,5120
19,18,10240,5120
19,47,10240,5120
19,18,11264,5120
18,18,1024,6144
18,47,1024,6144
18,18,2048,6144
18,46,3072,6144
18,18,4096,6144
18,18,5120,6144
18,21,6144,6144
18,20,7168,6144
18,46,7168,6144
18,18,8192,6144
18,18,9216,6144
18,47,9216,6144
18,18,10240,6144
18,47,10240,6144
18,47,0,7168
18,18,1024,7168
18,46,2048,7168
18,18,3072,7168
18,18,4096,7168
18,21,5120,7168
18,20,6144,7168
18,46,6144,7168
18,18,7168,7168
18,18,8192,7168
18,47,8192,7168
18,18,9216,7168
18,47,9216,7168
18,18,10240,7168
47,18,1024,7168
47,46,2048,7168
47,18,3072,7168
47,18,4096,7168
47,21,5120,7168
47,20,6144,7168
47,46,6144,7168
47,18,7168,7168
47,18,8192,7168
47,47,8192,7168
47,18,9216,7168
47,47,9216,7168
47,18,10240,7168
47,47,10240,7168
18,46,1024,8192
18,18,2048,8192
18,18,3072,8192
18,21,4096,8192
18,20,5120,8192
18,46,5120,8192
18,18,6144,8192
18,18,7168,8192
18,47,7168,8192
18,18,8192,8192
18,47,8192,8192
18,18,9216,8192
18,47,9216,8192
18,18,10240,8192
46,18,1024,9216
46,18,2048,9216
46,21,3072,9216
46,20,4096,9216
46,46,4096,9216
46,18,5120,9216
46,18,6144,9216
46,47,6144,9216
46,18,7168,9216
46,47,7168,9216
46,18,8192,9216
46,47,8192,9216
46,18,9216,9216
46,47,9216,9216
18,18,1024,10240
18,21,2048,10240
18,20,3072,10240
18,46,3072,10240
18,18,4096,10240
18,18,5120,10240
18,47,5120,10240
18,18,6144,10240
18,47,6144,10240
18,18,7168,10240
18,47,7168,10240
18,18,8192,10240
18,47,8192,10240
18,18,9216,10240
18,21,1024,11264
18,20,2048,11264
18,46,2048,11264
18,18,3072,11264
18,18,4096,11264
18,47,4096,11264
18,18,5120,11264
18,47,5120,11264
18,18,6144,11264
18,47,6144,11264
18,18,7168,11264
18,47,7168,11264
18,18,8192,11264
18,47,8192,11264
21,20,1024,12288
21,46,1024,12288
21,18,2048,12288
21,18,3072,12288
21,47,3072,12288
21,18,4096,12288
21,47,4096,12288
21,18,5120,12288
21,47,5120,12288
21,18,6144,12288
21,47,6144,12288
21,18,7168,12288
21,47,7168,12288
21,18,8192,12288
20,46,0,13312
20,18,1024,13312
20,18,2048,13312
20,47,2048,13312
20,18,3072,13312
20,47,3072,13312
20,18,4096,13312
20,47,4096,13312
20,18,5120,13312
20,47,5120,13312
20,18,6144,13312
20,47,6144,13312
20,18,7168,13312
20,47,7168,13312
46,18,1024,13312
46,18,2048,13312
46,47,2048,13312
46,18,3072,13312
46,47,3072,13312
46,18,4096,13312
46,47,4096,13312
46,18,5120,13312
46,47,5120,13312
46,18,6144,13312
46,47,6144,13312
46,18,7168,13312
46,47,7168,13312
46,18,8192,13312
18,18,1024,14336
18,47,1024,14336
18,18,2048,14336
18,47,2048,14336
18,18,3072,14336
18,47,3072,14336
18,18,4096,14336
18,47,4096,14336
18,18,5120,14336
18,47,5120,14336
18,18,6144,14336
18,47,6144,14336
18,18,7168,14336
18,47,7168,14336
18,47,0,15360
18,18,1024,15360
18,47,1024,15360
18,18,2048,15360
18,47,2048,15360
18,18,3072,15360
18,47,3072,15360
18,18,4096,15360
18,47,4096,15360
18,18,5120,15360
18,47,5120,15360
18,18,6144,15360
18,47,6144,15360
18,47,7168,15360
47,18,1024,15360
47,47,1024,15360
47,18,2048,15360
47,47,2048,15360
47,18,3072,15360
47,47,3072,15360
47,18,4096,15360
47,47,4096,15360
47,18,5120,15360
47,47,5120,15360
47,18,6144,15360
47,47,6144,15360
47,47,7168,15360
47,24,8192,15360
18,47,0,16384
18,18,1024,16384
18,47,1024,16384
18,18,2048,16384
18,47,2048,16384
18,18,3072,16384
18,47,3072,16384
18,18,4096,16384
18,47,4096,16384
18,18,5120,16384
18,47,5120,16384
18,47,6144,16384
18,24,7168,16384
18,47,7168,16384
47,18,1024,16384
47,47,1024,16384
47,18,2048,16384
47,47,2048,16384
47,18,3072,16384
47,47,3072,16384
47,18,4096,16384
47,47,4096,16384
47,18,5120,16384
47,47,5120,16384
47,47,6144,16384
47,24,7168,16384
47,47,7168,16384
47,47,8192,16384
18,47,0,17408
18,18,1024,17408
18,47,1024,17408
18,18,2048,17408
18,47,2048,17408
18,18,3072,17408
18,47,3072,17408
18,18,4096,17408
18,47,4096,17408
18,47,5120,17408
18,24,6144,17408
18,47,6144,17408
18,47,7168,17408
18,24,9216,17408
47,18,1024,17408
47,47,1024,17408
47,18,2048,17408
47,47,2048,17408
47,18,3072,17408
47,47,3072,17408
47,18,4096,17408
47,47,4096,17408
47,47,5120,17408
47,24,6144,17408
47,47,6144,17408
47,47,7168,17408
47,24,9216,17408
47,23,10240,17408
18,47,0,18432
18,18,1024,18432
18,47,1024,18432
18,18,2048,18432
18,47,2048,18432
18,18,3072,18432
18,47,3072,18432
18,47,4096,18432
18,24,5120,18432
18,47,5120,18432
18,47,6144,18432
18,24,8192,18432
18,23,9216,18432
18,23,10240,18432
47,18,1024,18432
47,47,1024,18432
47,18,2048,18432
47,47,2048,18432
47,18,3072,18432
47,47,3072,18432
47,47,4096,18432
47,24,5120,18432
47,47,5120,18432
47,47,6144,18432
47,24,8192,18432
47,23,9216,18432
47,23,10240,18432
47,47,12288,18432
18,47,0,19456
18,18,1024,19456
18,47,1024,19456
18,18,2048,19456
18,47,2048,19456
18,47,3072,19456
18,24,4096,19456
18,47,4096,19456
18,47,5120,19456
18,24,7168,19456
18,23,8192,19456
18,23,9216,19456
18,47,11264,19456
18,23,16384,19456
47,18,1024,19456
47,47,1024,19456
47,18,2048,19456
47,47,2048,19456
47,47,3072,19456
47,24,4096,19456
47,47,4096,19456
47,47,5120,19456
47,24,7168,19456
47,23,8192,19456
47,23,9216,19456
47,47,11264,19456
47,23,16384,19456
47,18,17408,19456
18,47,0,20480
18,18,1024,20480
18,47,1024,20480
18,47,2048,20480
18,24,3072,20480
18,47,3072,20480
18,47,4096,20480
18,24,6144,20480
18,23,7168,20480
18,23,8192,20480
18,47,10240,20480
18,23,15360,20480
18,18,16384,20480
18,18,17408,20480
47,18,1024,20480
47,47,1024,20480
47,47,2048,20480
47,24,3072,20480
47,47,3072,20480
47,47,4096,20480
47,24,6144,20480
47,23,7168,20480
47,23,8192,20480
47,47,10240,20480
47,23,15360,20480
47,18,16384,20480
47,18,17408,20480
47,18,18432,20480
18,47,0,21504
18,47,1024,21504
18,24,2048,21504
18,47,2048,21504
18,47,3072,21504
18,24,5120,21504
18,23,6144,21504
18,23,7168,21504
18,47,9216,21504
18,23,14336,21504
18,18,15360,21504
18,18,16384,21504
18,18,17408,21504
18,18,19456,21504
47,47,1024,21504
47,24,2048,21504
47,47,2048,21504
47,47,3072,21504
47,24,5120,21504
47,23,6144,21504
47,23,7168,21504
47,47,9216,21504
47,23,14336,21504
47,18,15360,21504
47,18,16384,21504
47,18,17408,21504
47,18,19456,21504
47,18,20480,21504
47,24,1024,22528
47,47,1024,22528
47,47,2048,22528
47,24,4096,22528
47,23,5120,22528
47,23,6144,22528
47,47,8192,22528
47,23,13312,22528
47,18,14336,22528
47,18,15360,22528
47,18,16384,22528
47,18,18432,22528
47,18,19456,22528
47,18,20480,22528
24,47,0,23552
24,47,1024,23552
24,24,3072,23552
24,23,4096,23552
24,23,5120,23552
24,47,7168,23552
24,23,12288,23552
24,18,13312,23552
24,18,14336,23552
24,18,15360,23552
24,18,17408,23552
24,18,18432,23552
24,18,19456,23552
47,47,1024,23552
47,24,3072,23552
47,23,4096,23552
47,23,5120,23552
47,47,7168,23552
47,23,12288,23552
47,18,13312,23552
47,18,14336,23552
47,18,15360,23552
47,18,17408,23552
47,18,18432,23552
47,18,19456,23552
47,24,2048,24576
47,23,3072,24576
47,23,4096,24576
47,47,6144,24576
47,23,11264,24576
47,18,12288,24576
47,18,13312,24576
47,18,14336,24576
47,18,16384,24576
47,18,17408,24576
47,18,18432,24576
47,18,20480,24576
24,23,1024,26624
24,23,2048,26624
24,47,4096,26624
24,23,9216,26624
24,18,10240,26624
24,18,11264,26624
24,18,12288,26624
24,18,14336,26624
24,18,15360,26624
24,18,16384,26624
24,18,18432,26624
24,18,19456,26624
24,18,20480,26624
23,23,1024,27648
23,47,3072,27648
23,23,8192,27648
23,18,9216,27648
23,18,10240,27648
23,18,11264,27648
23,18,13312,27648
23,18,14336,27648
23,18,15360,27648
23,18,17408,27648
23,18,18432,27648
23,18,19456,27648
23,18,20480,27648
23,47,2048,28672
23,23,7168,28672
23,18,8192,28672
23,18,9216,28672
23,18,10240,28672
23,18,12288,28672
23,18,13312,28672
23,18,14336,28672
23,18,16384,28672
23,18,17408,28672
23,18,18432,28672
23,18,19456,28672
23,18,20480,28672
47,23,5120,30720
47,18,6144,30720
47,18,7168,30720
47,18,8192,30720
47,18,10240,30720
47,18,11264,30720
47,18,12288,30720
47,18,14336,30720
47,18,15360,30720
47,18,16384,30720
47,18,17408,30720
47,18,18432,30720
47,18,19456,30720
47,18,20480,30720
23,18,1024,35840
23,18,2048,35840
23,18,3072,35840
23,18,5120,35840
23,18,6144,35840
23,18,7168,35840
23,18,9216,35840
23,18,10240,35840
23,18,11264,35840
23,18,12288,35840
23,18,13312,35840
23,18,14336,35840
23,18,15360,35840
23,18,16384,35840
18,18,1024,36864
18,18,2048,36864
18,18,4096,36864
18,18,5120,36864
18,18,6144,36864
18,18,8192,36864
18,18,9216,36864
18,18,10240,36864
18,18,11264,36864
18,18,12288,36864
18,18,13312,36864
18,18,14336,36864
18,18,15360,36864
18,28,16384,36864
18,18,1024,37888
18,18,3072,37888
18,18,4096,37888
18,18,5120,37888
18,18,7168,37888
18,18,8192,37888
18,18,9216,37888
18,18,10240,37888
18,18,11264,37888
18,18,12288,37888
18,18,13312,37888
18,18,14336,37888
18,28,15360,37888
18,48,15360,37888
18,18,2048,38912
18,18,3072,38912
18,18,4096,38912
18,18,6144,38912
18,18,7168,38912
18,18,8192,38912
18,18,9216,38912
18,18,10240,38912
18,18,11264,38912
18,18,12288,38912
18,18,13312,38912
18,28,14336,38912
18,48,14336,38912
18,18,15360,38912
18,18,1024,40960
18,18,2048,40960
18,18,4096,40960
18,18,5120,40960
18,18,6144,40960
18,18,7168,40960
18,18,8192,40960
18,18,9216,40960
18,18,10240,40960
18,18,11264,40960
18,28,12288,40960
18,48,12288,40960
18,18,13312,40960
18,18,14336,40960
18,18,1024,41984
18,18,3072,41984
18,18,4096,41984
18,18,5120,41984
18,18,6144,41984
18,18,7168,41984
18,18,8192,41984
18,18,9216,41984
18,18,10240,41984
18,28,11264,41984
18,48,11264,41984
18,18,12288,41984
18,18,13312,41984
18,18,14336,41984
18,18,2048,43008
18,18,3072,43008
18,18,4096,43008
18,18,5120,43008
18,18,6144,43008
18,18,7168,43008
18,18,8192,43008
18,18,9216,43008
18,28,10240,43008
18,48,10240,43008
18,18,11264,43008
18,18,12288,43008
18,18,13312,43008
18,23,15360,43008
18,18,1024,45056
18,18,2048,45056
18,18,3072,45056
18,18,4096,45056
18,18,5120,45056
18,18,6144,45056
18,18,7168,45056
18,28,8192,45056
18,48,8192,45056
18,18,9216,45056
18,18,10240,45056
18,18,11264,45056
18,23,13312,45056
18,21,15360,45056
18,18,1024,46080
18,18,2048,46080
18,18,3072,46080
18,18,4096,46080
18,18,5120,46080
18,18,6144,46080
18,28,7168,46080
18,48,7168,46080
18,18,8192,46080
18,18,9216,46080
18,18,10240,46080
18,23,12288,46080
18,21,14336,46080
18,23,16384,46080
18,18,1024,47104
18,18,2048,47104
18,18,3072,47104
18,18,4096,47104
18,18,5120,47104
18,28,6144,47104
18,48,6144,47104
18,18,7168,47104
18,18,8192,47104
18,18,9216,47104
18,23,11264,47104
18,21,13312,47104
18,23,15360,47104
18,23,16384,47104
18,18,1024,48128
18,18,2048,48128
18,18,3072,48128
18,18,4096,48128
18,28,5120,48128
18,48,5120,48128
18,18,6144,48128
18,18,7168,48128
18,18,8192,48128
18,23,10240,48128
18,21,12288,48128
18,23,14336,48128
18,23,15360,48128
18,24,20480,48128
18,18,1024,49152
18,18,2048,49152
18,18,3072,49152
18,28,4096,49152
18,48,4096,49152
18,18,5120,49152
18,18,6144,49152
18,18,7168,49152
18,23,9216,49152
18,21,11264,49152
18,23,13312,49152
18,23,14336,49152
18,24,19456,49152
18,18,1024,50176
18,18,2048,50176
18,28,3072,50176
18,48,3072,50176
18,18,4096,50176
18,18,5120,50176
18,18,6144,50176
18,23,8192,50176
18,21,10240,50176
18,23,12288,50176
18,23,13312,50176
18,24,18432,50176
18,18,20480,50176
18,18,1024,51200
18,28,2048,51200
18,48,2048,51200
18,18,3072,51200
18,18,4096,51200
18,18,5120,51200
18,23,7168,51200
18,21,9216,51200
18,23,11264,51200
18,23,12288,51200
18,24,17408,51200
18,18,19456,51200
18,28,1024,52224
18,48,1024,52224
18,18,2048,52224
18,18,3072,52224
18,18,4096,52224
18,23,6144,52224
18,21,8192,52224
18,23,10240,52224
18,23,11264,52224
18,24,16384,52224
18,18,18432,52224
18,18,20480,52224
28,48,0,53248
28,18,1024,53248
28,18,2048,53248
28,18,3072,53248
28,23,5120,53248
28,21,7168,53248
28,23,9216,53248
28,23,10240,53248
28,24,15360,53248
28,18,17408,53248
28,18,19456,53248
28,18,20480,53248
48,18,1024,53248
48,18,2048,53248
48,18,3072,53248
48,23,5120,53248
48,21,7168,53248
48,23,9216,53248
48,23,10240,53248
48,24,15360,53248
48,18,17408,53248
48,18,19456,53248
48,18,20480,53248
18,18,1024,54272
18,18,2048,54272
18,23,4096,54272
18,21,6144,54272
18,23,8192,54272
18,23,9216,54272
18,24,14336,54272
18,18,16384,54272
18,18,18432,54272
18,18,19456,54272
18,18,1024,55296
18,23,3072,55296
18,21,5120,55296
18,23,7168,55296
18,23,8192,55296
18,24,13312,55296
18,18,15360,55296
18,18,17408,55296
18,18,18432,55296
18,18,20480,55296
18,23,2048,56320
18,21,4096,56320
18,23,6144,56320
18,23,7168,56320
18,24,12288,56320
18,18,14336,56320
18,18,16384,56320
18,18,17408,56320
18,18,19456,56320
18,18,20480,56320
18,74,20480,56320
18,111,20480,56320
23,21,2048,58368
23,23,4096,58368
23,23,5120,58368
23,24,10240,58368
23,18,12288,58368
23,18,14336,58368
23,18,15360,58368
23,18,17408,58368
23,18,18432,58368
23,74,18432,58368
23,111,18432,58368
23,18,19456,58368
21,23,2048,60416
21,23,3072,60416
21,24,8192,60416
21,18,10240,60416
21,18,12288,60416
21,18,13312,60416
21,18,15360,60416
21,18,16384,60416
21,74,16384,60416
21,111,16384,60416
21,18,17408,60416
21,18,19456,60416
21,62,19456,60416
21,18,20480,60416
23,23,1024,62464
23,24,6144,62464
23,18,8192,62464
23,18,10240,62464
23,18,11264,62464
23,18,13312,62464
23,18,14336,62464
23,74,14336,62464
23,111,14336,62464
23,18,15360,62464
23,18,17408,62464
23,62,17408,62464
23,18,18432,62464
23,18,19456,62464
23,24,5120,63488
23,18,7168,63488
23,18,9216,63488
23,18,10240,63488
23,18,12288,63488
23,18,13312,63488
23,74,13312,63488
23,111,13312,63488
23,18,14336,63488
23,18,16384,63488
23,62,16384,63488
23,18,17408,63488
23,18,18432,63488
23,18,19456,63488
24,18,2048,68608
24,18,4096,68608
24,18,5120,68608
24,18,7168,68608
24,18,8192,68608
24,74,8192,68608
24,111,8192,68608
24,18,9216,68608
24,18,11264,68608
24,62,11264,68608
24,18,12288,68608
24,18,13312,68608
24,18,14336,68608
24,28,15360,68608
18,18,2048,70656
18,18,3072,70656
18,18,5120,70656
18,18,6144,70656
18,74,6144,70656
18,111,6144,70656
18,18,7168,70656
18,18,9216,70656
18,62,9216,70656
18,18,10240,70656
18,18,11264,70656
18,18,12288,70656
18,28,13312,70656
18,48,13312,70656
18,18,1024,72704
18,18,3072,72704
18,18,4096,72704
18,74,4096,72704
18,111,4096,72704
18,18,5120,72704
18,18,7168,72704
18,62,7168,72704
18,18,8192,72704
18,18,9216,72704
18,18,10240,72704
18,28,11264,72704
18,48,11264,72704
18,93,11264,72704
18,18,2048,73728
18,18,3072,73728
18,74,3072,73728
18,111,3072,73728
18,18,4096,73728
18,18,6144,73728
18,62,6144,73728
18,18,7168,73728
18,18,8192,73728
18,18,9216,73728
18,28,10240,73728
18,48,10240,73728
18,93,10240,73728
18,18,11264,73728
18,18,1024,75776
18,74,1024,75776
18,111,1024,75776
18,18,2048,75776
18,18,4096,75776
18,62,4096,75776
18,18,5120,75776
18,18,6144,75776
18,18,7168,75776
18,28,8192,75776
18,48,8192,75776
18,93,8192,75776
18,18,9216,75776
18,18,10240,75776
18,74,0,76800
18,111,0,76800
18,18,1024,76800
18,18,3072,76800
18,62,3072,76800
18,18,4096,76800
18,18,5120,76800
18,18,6144,76800
18,28,7168,76800
18,48,7168,76800
18,93,7168,76800
18,18,8192,76800
18,18,9216,76800
18,62,9216,76800
74,111,0,76800
74,18,1024,76800
74,18,3072,76800
74,62,3072,76800
74,18,4096,76800
74,18,5120,76800
74,18,6144,76800
74,28,7168,76800
74,48,7168,76800
74,93,7168,76800
74,18,8192,76800
74,18,9216,76800
74,62,9216,76800
74,18,10240,76800
111,18,1024,76800
111,18,3072,76800
111,62,3072,76800
111,18,4096,76800
111,18,5120,76800
111,18,6144,76800
111,28,7168,76800
111,48,7168,76800
111,93,7168,76800
111,18,8192,76800
111,18,9216,76800
111,62,9216,76800
111,18,10240,76800
111,18,12288,76800
18,18,2048,77824
18,62,2048,77824
18,18,3072,77824
18,18,4096,77824
18,18,5120,77824
18,28,6144,77824
18,48,6144,77824
18,93,6144,77824
18,18,7168,77824
18,18,8192,77824
18,62,8192,77824
18,18,9216,77824
18,18,11264,77824
18,18,13312,77824
18,62,0,79872
18,18,1024,79872
18,18,2048,79872
18,18,3072,79872
18,28,4096,79872
18,48,4096,79872
18,93,4096,79872
18,18,5120,79872
18,18,6144,79872
18,62,6144,79872
18,18,7168,79872
18,18,9216,79872
18,18,11264,79872
18,23,13312,79872
62,18,1024,79872
62,18,2048,79872
62,18,3072,79872
62,28,4096,79872
62,48,4096,79872
62,93,4096,79872
62,18,5120,79872
62,18,6144,79872
62,62,6144,79872
62,18,7168,79872
62,18,9216,79872
62,18,11264,79872
62,23,13312,79872
62,31,17408,79872
18,18,1024,80896
18,18,2048,80896
18,28,3072,80896
18,48,3072,80896
18,93,3072,80896
18,18,4096,80896
18,18,5120,80896
18,62,5120,80896
18,18,6144,80896
18,18,8192,80896
18,18,10240,80896
18,23,12288,80896
18,31,16384,80896
18,18,1024,81920
18,28,2048,81920
18,48,2048,81920
18,93,2048,81920
18,18,3072,81920
18,18,4096,81920
18,62,4096,81920
18,18,5120,81920
18,18,7168,81920
18,18,9216,81920
18,23,11264,81920
18,31,15360,81920
18,28,1024,82944
18,48,1024,82944
18,93,1024,82944
18,18,2048,82944
18,18,3072,82944
18,62,3072,82944
18,18,4096,82944
18,18,6144,82944
18,18,8192,82944
18,23,10240,82944
18,31,14336,82944
28,48,0,83968
28,93,0,83968
28,18,1024,83968
28,18,2048,83968
28,62,2048,83968
28,18,3072,83968
28,18,5120,83968
28,18,7168,83968
28,23,9216,83968
28,31,13312,83968
28,18,20480,83968
48,93,0,83968
48,18,1024,83968
48,18,2048,83968
48,62,2048,83968
48,18,3072,83968
48,18,5120,83968
48,18,7168,83968
48,23,9216,83968
48,31,13312,83968
48,18,20480,83968
93,18,1024,83968
93,18,2048,83968
93,62,2048,83968
93,18,3072,83968
93,18,5120,83968
93,18,7168,83968
93,23,9216,83968
93,31,13312,83968
93,18,20480,83968
18,18,1024,84992
18,62,1024,84992
18,18,2048,84992
18,18,4096,84992
18,18,6144,84992
18,23,8192,84992
18,31,12288,84992
18,18,19456,84992
18,62,0,86016
18,18,1024,86016
18,18,3072,86016
18,18,5120,86016
18,23,7168,86016
18,31,11264,86016
18,18,18432,86016
62,18,1024,86016
62,18,3072,86016
62,18,5120,86016
62,23,7168,86016
62,31,11264,86016
62,18,18432,86016
18,18,2048,87040
18,18,4096,87040
18,23,6144,87040
18,31,10240,87040
18,18,17408,87040
18,18,2048,89088
18,23,4096,89088
18,31,8192,89088
18,18,15360,89088
18,18,19456,89088
18,18,20480,89088
18,23,2048,91136
18,31,6144,91136
18,18,13312,91136
18,18,17408,91136
18,18,18432,91136
18,18,19456,91136
18,18,20480,91136
23,31,4096,93184
23,18,11264,93184
23,18,15360,93184
23,18,16384,93184
23,18,17408,93184
23,18,18432,93184
23,18,19456,93184
23,83,19456,93184
23,18,20480,93184
31,18,7168,97280
31,18,11264,97280
31,18,12288,97280
31,18,13312,97280
31,18,14336,97280
31,18,15360,97280
31,83,15360,97280
31,18,16384,97280
31,28,17408,97280
31,18,18432,97280
31,18,19456,97280
31,18,20480,97280
18,18,4096,104448
18,18,5120,104448
18,18,6144,104448
18,18,7168,104448
18,18,8192,104448
18,83,8192,104448
18,18,9216,104448
18,28,10240,104448
18,18,11264,104448
18,18,12288,104448
18,18,13312,104448
18,18,14336,104448
18,18,15360,104448
18,18,16384,104448
18,18,1024,108544
18,18,2048,108544
18,18,3072,108544
18,18,4096,108544
18,83,4096,108544
18,18,5120,108544
18,28,6144,108544
18,18,7168,108544
18,18,8192,108544
18,18,9216,108544
18,18,10240,108544
18,18,11264,108544
18,18,12288,108544
18,18,13312,108544
18,18,1024,109568
18,18,2048,109568
18,18,3072,109568
18,83,3072,109568
18,18,4096,109568
18,28,5120,109568
18,18,6144,109568
18,18,7168,109568
18,18,8192,109568
18,18,9216,109568
18,18,10240,109568
18,18,11264,109568
18,18,12288,109568
18,18,14336,109568
18,18,1024,110592
18,18,2048,110592
18,83,2048,110592
18,18,3072,110592
18,28,4096,110592
18,18,5120,110592
18,18,6144,110592
18,18,7168,110592
18,18,8192,110592
18,18,9216,110592
18,18,10240,110592
18,18,11264,110592
18,18,13312,110592
18,18,14336,110592
18,18,1024,111616
18,83,1024,111616
18,18,2048,111616
18,28,3072,111616
18,18,4096,111616
18,18,5120,111616
18,18,6144,111616
18,18,7168,111616
18,18,8192,111616
18,18,9216,111616
18,18,10240,111616
18,18,12288,111616
18,18,13312,111616
18,18,14336,111616
18,83,0,112640
18,18,1024,112640
18,28,2048,112640
18,18,3072,112640
18,18,4096,112640
18,18,5120,112640
18,18,6144,112640
18,18,7168,112640
18,18,8192,112640
18,18,9216,112640
18,18,11264,112640
18,18,12288,112640
18,18,13312,112640
18,18,14336,112640
83,18,1024,112640
83,28,2048,112640
83,18,3072,112640
83,18,4096,112640
83,18,5120,112640
83,18,6144,112640
83,18,7168,112640
83,18,8192,112640
83,18,9216,112640
83,18,11264,112640
83,18,12288,112640
83,18,13312,112640
83,18,14336,112640
83,24,15360,112640
18,28,1024,113664
18,18,2048,113664
18,18,3072,113664
18,18,4096,113664
18,18,5120,113664
18,18,6144,113664
18,18,7168,113664
18,18,8192,113664
18,18,10240,113664
18,18,11264,113664
18,18,12288,113664
18,18,13312,113664
18,24,14336,113664
18,23,15360,113664
28,18,1024,114688
28,18,2048,114688
28,18,3072,114688
28,18,4096,114688
28,18,5120,114688
28,18,6144,114688
28,18,7168,114688
28,18,9216,114688
28,18,10240,114688
28,18,11264,114688
28,18,12288,114688
28,24,13312,114688
28,23,14336,114688
28,23,18432,114688
18,18,1024,115712
18,18,2048,115712
18,18,3072,115712
18,18,4096,115712
18,18,5120,115712
18,18,6144,115712
18,18,8192,115712
18,18,9216,115712
18,18,10240,115712
18,18,11264,115712
18,24,12288,115712
18,23,13312,115712
18,23,17408,115712
18,23,18432,115712
18,18,1024,116736
18,18,2048,116736
18,18,3072,116736
18,18,4096,116736
18,18,5120,116736
18,18,7168,116736
18,18,8192,116736
18,18,9216,116736
18,18,10240,116736
18,24,11264,116736
18,23,12288,116736
18,23,16384,116736
18,23,17408,116736
18,18,1024,117760
18,18,2048,117760
18,18,3072,117760
18,18,4096,117760
18,18,6144,117760
18,18,7168,117760
18,18,8192,117760
18,18,9216,117760
18,24,10240,117760
18,23,11264,117760
18,23,15360,117760
18,23,16384,117760
18,18,1024,118784
18,18,2048,118784
18,18,3072,118784
18,18,5120,118784
18,18,6144,118784
18,18,7168,118784
18,18,8192,118784
18,24,9216,118784
18,23,10240,118784
18,23,14336,118784
18,23,15360,118784
18,18,1024,119808
18,18,2048,119808
18,18,4096,119808
18,18,5120,119808
18,18,6144,119808
18,18,7168,119808
18,24,8192,119808
18,23,9216,119808
18,23,13312,119808
18,23,14336,119808
18,18,1024,120832
18,18,3072,120832
18,18,4096,120832
18,18,5120,120832
18,18,6144,120832
18,24,7168,120832
18,23,8192,120832
18,23,12288,120832
18,23,13312,120832
18,18,20480,120832
18,18,2048,121856
18,18,3072,121856
18,18,4096,121856
18,18,5120,121856
18,24,6144,121856
18,23,7168,121856
18,23,11264,121856
18,23,12288,121856
18,18,19456,121856
18,18,1024,123904
18,18,2048,123904
18,18,3072,123904
18,24,4096,123904
18,23,5120,123904
18,23,9216,123904
18,23,10240,123904
18,18,17408,123904
18,18,19456,123904
18,18,20480,123904
18,18,1024,124928
18,18,2048,124928
18,24,3072,124928
18,23,4096,124928
18,23,8192,124928
18,23,9216,124928
18,18,16384,124928
18,18,18432,124928
18,18,19456,124928
18,18,1024,125952
18,24,2048,125952
18,23,3072,125952
18,23,7168,125952
18,23,8192,125952
18,18,15360,125952
18,18,17408,125952
18,18,18432,125952
18,18,20480,125952
18,24,1024,126976
18,23,2048,126976
18,23,6144,126976
18,23,7168,126976
18,18,14336,126976
18,18,16384,126976
18,18,17408,126976
18,18,19456,126976
18,18,20480,126976
24,23,1024,128000
24,23,5120,128000
24,23,6144,128000
24,18,13312,128000
24,18,15360,128000
24,18,16384,128000
24,18,18432,128000
24,18,19456,128000
24,18,20480,128000
23,23,4096,129024
23,23,5120,129024
23,18,12288,129024
23,18,14336,129024
23,18,15360,129024
23,18,17408,129024
23,18,18432,129024
23,18,19456,129024
23,18,20480,129024
23,23,1024,133120
23,18,8192,133120
23,18,10240,133120
23,18,11264,133120
23,18,13312,133120
23,18,14336,133120
23,18,15360,133120
23,18,16384,133120
23,18,17408,133120
23,20,18432,133120
23,18,19456,133120
23,18,20480,133120
23,18,7168,134144
23,18,9216,134144
23,18,10240,134144
23,18,12288,134144
23,18,13312,134144
23,18,14336,134144
23,18,15360,134144
23,18,16384,134144
23,20,17408,134144
23,18,18432,134144
23,18,19456,134144
23,18,20480,134144
23,53,20480,134144
23,95,20480,134144
18,18,2048,141312
18,18,3072,141312
18,18,5120,141312
18,18,6144,141312
18,18,7168,141312
18,18,8192,141312
18,18,9216,141312
18,20,10240,141312
18,18,11264,141312
18,18,12288,141312
18,18,13312,141312
18,53,13312,141312
18,95,13312,141312
18,18,14336,141312
18,18,1024,143360
18,18,3072,143360
18,18,4096,143360
18,18,5120,143360
18,18,6144,143360
18,18,7168,143360
18,20,8192,143360
18,18,9216,143360
18,18,10240,143360
18,18,11264,143360
18,53,11264,143360
18,95,11264,143360
18,18,12288,143360
18,18,13312,143360
18,18,2048,144384
18,18,3072,144384
18,18,4096,144384
18,18,5120,144384
18,18,6144,144384
18,20,7168,144384
18,18,8192,144384
18,18,9216,144384
18,18,10240,144384
18,53,10240,144384
18,95,10240,144384
18,18,11264,144384
18,18,12288,144384
18,18,13312,144384
18,18,1024,146432
18,18,2048,146432
18,18,3072,146432
18,18,4096,146432
18,20,5120,146432
18,18,6144,146432
18,18,7168,146432
18,18,8192,146432
18,53,8192,146432
18,95,8192,146432
18,18,9216,146432
18,18,10240,146432
18,18,11264,146432
18,18,13312,146432
18,18,1024,147456
18,18,2048,147456
18,18,3072,147456
18,20,4096,147456
18,18,5120,147456
18,18,6144,147456
18,18,7168,147456
18,53,7168,147456
18,95,7168,147456
18,18,8192,147456
18,18,9216,147456
18,18,10240,147456
18,18,12288,147456
18,18,14336,147456
18,18,1024,148480
18,18,2048,148480
18,20,3072,148480
18,18,4096,148480
18,18,5120,148480
18,18,6144,148480
18,53,6144,148480
18,95,6144,148480
18,18,7168,148480
18,18,8192,148480
18,18,9216,148480
18,18,11264,148480
18,18,13312,148480
18,23,15360,148480
18,18,1024,149504
18,20,2048,149504
18,18,3072,149504
18,18,4096,149504
18,18,5120,149504
18,53,5120,149504
18,95,5120,149504
18,18,6144,149504
18,18,7168,149504
18,18,8192,149504
18,18,10240,149504
18,18,12288,149504
18,23,14336,149504
18,23,18432,149504
18,20,1024,150528
18,18,2048,150528
18,18,3072,150528
18,18,4096,150528
18,53,4096,150528
18,95,4096,150528
18,18,5120,150528
18,18,6144,150528
18,18,7168,150528
18,18,9216,150528
18,18,11264,150528
18,23,13312,150528
18,23,17408,150528
18,23,18432,150528
20,18,1024,151552
20,18,2048,151552
20,18,3072,151552
20,53,3072,151552
20,95,3072,151552
20,18,4096,151552
20,18,5120,151552
20,18,6144,151552
20,18,8192,151552
20,18,10240,151552
20,23,12288,151552
20,23,16384,151552
20,23,17408,151552
20,21,20480,151552
18,18,1024,152576
18,18,2048,152576
18,53,2048,152576
18,95,2048,152576
18,18,3072,152576
18,18,4096,152576
18,18,5120,152576
18,18,7168,152576
18,18,9216,152576
18,23,11264,152576
18,23,15360,152576
18,23,16384,152576
18,21,19456,152576
18,47,19456,152576
18,18,1024,153600
18,53,1024,153600
18,95,1024,153600
18,18,2048,153600
18,18,3072,153600
18,18,4096,153600
18,18,6144,153600
18,18,8192,153600
18,23,10240,153600
18,23,14336,153600
18,23,15360,153600
18,21,18432,153600
18,47,18432,153600
18,98,18432,153600
18,53,0,154624
18,95,0,154624
18,18,1024,154624
18,18,2048,154624
18,18,3072,154624
18,18,5120,154624
18,18,7168,154624
18,23,9216,154624
18,23,13312,154624
18,23,14336,154624
18,21,17408,154624
18,47,17408,154624
18,98,17408,154624
53,95,0,154624
53,18,1024,154624
53,18,2048,154624
53,18,3072,154624
53,18,5120,154624
53,18,7168,154624
53,23,9216,154624
53,23,13312,154624
53,23,14336,154624
53,21,17408,154624
53,47,17408,154624
53,98,17408,154624
95,18,1024,154624
95,18,2048,154624
95,18,3072,154624
95,18,5120,154624
95,18,7168,154624
95,23,9216,154624
95,23,13312,154624
95,23,14336,154624
95,21,17408,154624
95,47,17408,154624
95,98,17408,154624
18,18,1024,155648
18,18,2048,155648
18,18,4096,155648
18,18,6144,155648
18,23,8192,155648
18,23,12288,155648
18,23,13312,155648
18,21,16384,155648
18,47,16384,155648
18,98,16384,155648
18,18,1024,156672
18,18,3072,156672
18,18,5120,156672
18,23,7168,156672
18,23,11264,156672
18,23,12288,156672
18,21,15360,156672
18,47,15360,156672
18,98,15360,156672
18,18,2048,157696
18,18,4096,157696
18,23,6144,157696
18,23,10240,157696
18,23,11264,157696
18,21,14336,157696
18,47,14336,157696
18,98,14336,157696
18,18,2048,159744
18,23,4096,159744
18,23,8192,159744
18,23,9216,159744
18,21,12288,159744
18,47,12288,159744
18,98,12288,159744
18,18,19456,159744
18,18,20480,159744
18,23,2048,161792
18,23,6144,161792
18,23,7168,161792
18,21,10240,161792
18,47,10240,161792
18,98,10240,161792
18,18,17408,161792
18,18,18432,161792
18,18,19456,161792
18,18,20480,161792
23,23,4096,163840
23,23,5120,163840
23,21,8192,163840
23,47,8192,163840
23,98,8192,163840
23,18,15360,163840
23,18,16384,163840
23,18,17408,163840
23,18,18432,163840
23,18,19456,163840
23,18,20480,163840
23,23,1024,167936
23,21,4096,167936
23,47,4096,167936
23,98,4096,167936
23,18,11264,167936
23,18,12288,167936
23,18,13312,167936
23,18,14336,167936
23,18,15360,167936
23,18,16384,167936
23,18,18432,167936
23,18,19456,167936
23,18,20480,167936
23,21,3072,168960
23,47,3072,168960
23,98,3072,168960
23,18,10240,168960
23,18,11264,168960
23,18,12288,168960
23,18,13312,168960
23,18,14336,168960
23,18,15360,168960
23,18,17408,168960
23,18,18432,168960
23,18,19456,168960
23,18,20480,168960
21,47,0,172032
21,98,0,172032
21,18,7168,172032
21,18,8192,172032
21,18,9216,172032
21,18,10240,172032
21,18,11264,172032
21,18,12288,172032
21,18,14336,172032
21,18,15360,172032
21,18,16384,172032
21,18,17408,172032
21,18,18432,172032
21,18,19456,172032
47,98,0,172032
47,18,7168,172032
47,18,8192,172032
47,18,9216,172032
47,18,10240,172032
47,18,11264,172032
47,18,12288,172032
47,18,14336,172032
47,18,15360,172032
47,18,16384,172032
47,18,17408,172032
47,18,18432,172032
47,18,19456,172032
47,18,20480,172032
98,18,7168,172032
98,18,8192,172032
98,18,9216,172032
98,18,10240,172032
98,18,11264,172032
98,18,12288,172032
98,18,14336,172032
98,18,15360,172032
98,18,16384,172032
98,18,17408,172032
98,18,18432,172032
98,18,19456,172032
98,18,20480,172032
18,18,1024,179200
18,18,2048,179200
18,18,3072,179200
18,18,4096,179200
18,18,5120,179200
18,18,7168,179200
18,18,8192,179200
18,18,9216,179200
18,18,10240,179200
18,18,11264,179200
18,18,12288,179200
18,18,13312,179200
18,18,15360,179200
18,56,15360,179200
18,18,1024,180224
18,18,2048,180224
18,18,3072,180224
18,18,4096,180224
18,18,6144,180224
18,18,7168,180224
18,18,8192,180224
18,18,9216,180224
18,18,10240,180224
18,18,11264,180224
18,18,12288,180224
18,18,14336,180224
18,56,14336,180224
18,18,15360,180224
18,18,1024,181248
18,18,2048,181248
18,18,3072,181248
18,18,5120,181248
18,18,6144,181248
18,18,7168,181248
18,18,8192,181248
18,18,9216,181248
18,18,10240,181248
18,18,11264,181248
18,18,13312,181248
18,56,13312,181248
18,18,14336,181248
18,18,15360,181248
18,18,1024,182272
18,18,2048,182272
18,18,4096,182272
18,18,5120,182272
18,18,6144,182272
18,18,7168,182272
18,18,8192,182272
18,18,9216,182272
18,18,10240,182272
18,18,12288,182272
18,56,12288,182272
18,18,13312,182272
18,18,14336,182272
18,18,15360,182272
18,18,1024,183296
18,18,3072,183296
18,18,4096,183296
18,18,5120,183296
18,18,6144,183296
18,18,7168,183296
18,18,8192,183296
18,18,9216,183296
18,18,11264,183296
18,56,11264,183296
18,18,12288,183296
18,18,13312,183296
18,18,14336,183296
18,24,15360,183296
18,18,2048,184320
18,18,3072,184320
18,18,4096,184320
18,18,5120,184320
18,18,6144,184320
18,18,7168,184320
18,18,8192,184320
18,18,10240,184320
18,56,10240,184320
18,18,11264,184320
18,18,12288,184320
18,18,13312,184320
18,24,14336,184320
18,23,15360,184320
18,18,1024,186368
18,18,2048,186368
18,18,3072,186368
18,18,4096,186368
18,18,5120,186368
18,18,6144,186368
18,18,8192,186368
18,56,8192,186368
18,18,9216,186368
18,18,10240,186368
18,18,11264,186368
18,24,12288,186368
18,23,13312,186368
18,20,17408,186368
18,18,1024,187392
18,18,2048,187392
18,18,3072,187392
18,18,4096,187392
18,18,5120,187392
18,18,7168,187392
18,56,7168,187392
18,18,8192,187392
18,18,9216,187392
18,18,10240,187392
18,24,11264,187392
18,23,12288,187392
18,20,16384,187392
18,23,17408,187392
18,18,1024,188416
18,18,2048,188416
18,18,3072,188416
18,18,4096,188416
18,18,6144,188416
18,56,6144,188416
18,18,7168,188416
18,18,8192,188416
18,18,9216,188416
18,24,10240,188416
18,23,11264,188416
18,20,15360,188416
18,23,16384,188416
18,18,1024,189440
18,18,2048,189440
18,18,3072,189440
18,18,5120,189440
18,56,5120,189440
18,18,6144,189440
18,18,7168,189440
18,18,8192,189440
18,24,9216,189440
18,23,10240,189440
18,20,14336,189440
18,23,15360,189440
18,18,1024,190464
18,18,2048,190464
18,18,4096,190464
18,56,4096,190464
18,18,5120,190464
18,18,6144,190464
18,18,7168,190464
18,24,8192,190464
18,23,9216,190464
18,20,13312,190464
18,23,14336,190464
18,18,1024,191488
18,18,3072,191488
18,56,3072,191488
18,18,4096,191488
18,18,5120,191488
18,18,6144,191488
18,24,7168,191488
18,23,8192,191488
18,20,12288,191488
18,23,13312,191488
18,24,20480,191488
18,18,2048,192512
18,56,2048,192512
18,18,3072,192512
18,18,4096,192512
18,18,5120,192512
18,24,6144,192512
18,23,7168,192512
18,20,11264,192512
18,23,12288,192512
18,24,19456,192512
18,56,0,194560
18,18,1024,194560
18,18,2048,194560
18,18,3072,194560
18,24,4096,194560
18,23,5120,194560
18,20,9216,194560
18,23,10240,194560
18,24,17408,194560
18,18,19456,194560
18,18,20480,194560
56,18,1024,194560
56,18,2048,194560
56,18,3072,194560
56,24,4096,194560
56,23,5120,194560
56,20,9216,194560
56,23,10240,194560
56,24,17408,194560
56,18,19456,194560
56,18,20480,194560
18,18,1024,195584
18,18,2048,195584
18,24,3072,195584
18,23,4096,195584
18,20,8192,195584
18,23,9216,195584
18,24,16384,195584
18,18,18432,195584
18,18,19456,195584
18,18,20480,195584
18,18,1024,196608
18,24,2048,196608
18,23,3072,196608
18,20,7168,196608
18,23,8192,196608
18,24,15360,196608
18,18,17408,196608
18,18,18432,196608
18,18,19456,196608
18,18,20480,196608
18,24,1024,197632
18,23,2048,197632
18,20,6144,197632
18,23,7168,197632
18,24,14336,197632
18,18,16384,197632
18,18,17408,197632
18,18,18432,197632
18,18,19456,197632
18,18,20480,197632
24,23,1024,198656
24,20,5120,198656
24,23,6144,198656
24,24,13312,198656
24,18,15360,198656
24,18,16384,198656
24,18,17408,198656
24,18,18432,198656
24,18,19456,198656
24,18,20480,198656
23,20,4096,199680
23,23,5120,199680
23,24,12288,199680
23,18,14336,199680
23,18,15360,199680
23,18,16384,199680
23,18,17408,199680
23,18,18432,199680
23,18,19456,199680
20,23,1024,203776
20,24,8192,203776
20,18,10240,203776
20,18,11264,203776
20,18,12288,203776
20,18,13312,203776
20,18,14336,203776
20,18,15360,203776
20,18,17408,203776
20,62,17408,203776
20,18,18432,203776
20,18,19456,203776
20,18,20480,203776
23,24,7168,204800
23,18,9216,204800
23,18,10240,204800
23,18,11264,204800
23,18,12288,204800
23,18,13312,204800
23,18,14336,204800
23,18,16384,204800
23,62,16384,204800
23,18,17408,204800
23,18,18432,204800
23,18,19456,204800
23,18,20480,204800
23,49,20480,204800
24,18,2048,211968
24,18,3072,211968
24,18,4096,211968
24,18,5120,211968
24,18,6144,211968
24,18,7168,211968
24,18,9216,211968
24,62,9216,211968
24,18,10240,211968
24,18,11264,211968
24,18,12288,211968
24,18,13312,211968
24,49,13312,211968
24,18,14336,211968
18,18,1024,214016
18,18,2048,214016
18,18,3072,214016
18,18,4096,214016
18,18,5120,214016
18,18,7168,214016
18,62,7168,214016
18,18,8192,214016
18,18,9216,214016
18,18,10240,214016
18,18,11264,214016
18,49,11264,214016
18,18,12288,214016
18,18,13312,214016
18,18,1024,215040
18,18,2048,215040
18,18,3072,215040
18,18,4096,215040
18,18,6144,215040
18,62,6144,215040
18,18,7168,215040
18,18,8192,215040
18,18,9216,215040
18,18,10240,215040
18,49,10240,215040
18,18,11264,215040
18,18,12288,215040
18,18,13312,215040
18,18,1024,216064
18,18,2048,216064
18,18,3072,216064
18,18,5120,216064
18,62,5120,216064
18,18,6144,216064
18,18,7168,216064
18,18,8192,216064
18,18,9216,216064
18,49,9216,216064
18,18,10240,216064
18,18,11264,216064
18,18,12288,216064
18,56,12288,216064
18,18,1024,217088
18,18,2048,217088
18,18,4096,217088
18,62,4096,217088
18,18,5120,217088
18,18,6144,217088
18,18,7168,217088
18,18,8192,217088
18,49,8192,217088
18,18,9216,217088
18,18,10240,217088
18,18,11264,217088
18,56,11264,217088
18,18,13312,217088
18,18,1024,218112
18,18,3072,218112
18,62,3072,218112
18,18,4096,218112
18,18,5120,218112
18,18,6144,218112
18,18,7168,218112
18,49,7168,218112
18,18,8192,218112
18,18,9216,218112
18,18,10240,218112
18,56,10240,218112
18,18,12288,218112
18,18,14336,218112
18,18,2048,219136
18,62,2048,219136
18,18,3072,219136
18,18,4096,219136
18,18,5120,219136
18,18,6144,219136
18,49,6144,219136
18,18,7168,219136
18,18,8192,219136
18,18,9216,219136
18,56,9216,219136
18,18,11264,219136
18,18,13312,219136
18,23,15360,219136
18,62,0,221184
18,18,1024,221184
18,18,2048,221184
18,18,3072,221184
18,18,4096,221184
18,49,4096,221184
18,18,5120,221184
18,18,6144,221184
18,18,7168,221184
18,56,7168,221184
18,18,9216,221184
18,18,11264,221184
18,23,13312,221184
18,23,15360,221184
62,18,1024,221184
62,18,2048,221184
62,18,3072,221184
62,18,4096,221184
62,49,4096,221184
62,18,5120,221184
62,18,6144,221184
62,18,7168,221184
62,56,7168,221184
62,18,9216,221184
62,18,11264,221184
62,23,13312,221184
62,23,15360,221184
62,23,17408,221184
18,18,1024,222208
18,18,2048,222208
18,18,3072,222208
18,49,3072,222208
18,18,4096,222208
18,18,5120,222208
18,18,6144,222208
18,56,6144,222208
18,18,8192,222208
18,18,10240,222208
18,23,12288,222208
18,23,14336,222208
18,23,16384,222208
18,23,17408,222208
18,18,1024,223232
18,18,2048,223232
18,49,2048,223232
18,18,3072,223232
18,18,4096,223232
18,18,5120,223232
18,56,5120,223232
18,18,7168,223232
18,18,9216,223232
18,23,11264,223232
18,23,13312,223232
18,23,15360,223232
18,23,16384,223232
18,23,17408,223232
18,18,1024,224256
18,49,1024,224256
18,18,2048,224256
18,18,3072,224256
18,18,4096,224256
18,56,4096,224256
18,18,6144,224256
18,18,8192,224256
18,23,10240,224256
18,23,12288,224256
18,23,14336,224256
18,23,15360,224256
18,23,16384,224256
18,95,18432,224256
18,49,0,225280
18,18,1024,225280
18,18,2048,225280
18,18,3072,225280
18,56,3072,225280
18,18,5120,225280
18,18,7168,225280
18,23,9216,225280
18,23,11264,225280
18,23,13312,225280
18,23,14336,225280
18,23,15360,225280
18,95,17408,225280
49,18,1024,225280
49,18,2048,225280
49,18,3072,225280
49,56,3072,225280
49,18,5120,225280
49,18,7168,225280
49,23,9216,225280
49,23,11264,225280
49,23,13312,225280
49,23,14336,225280
49,23,15360,225280
49,95,17408,225280
18,18,1024,226304
18,18,2048,226304
18,56,2048,226304
18,18,4096,226304
18,18,6144,226304
18,23,8192,226304
18,23,10240,226304
18,23,12288,226304
18,23,13312,226304
18,23,14336,226304
18,95,16384,226304
18,18,1024,227328
18,56,1024,227328
18,18,3072,227328
18,18,5120,227328
18,23,7168,227328
18,23,9216,227328
18,23,11264,227328
18,23,12288,227328
18,23,13312,227328
18,95,15360,227328
18,56,0,228352
18,18,2048,228352
18,18,4096,228352
18,23,6144,228352
18,23,8192,228352
18,23,10240,228352
18,23,11264,228352
18,23,12288,228352
18,95,14336,228352
56,18,2048,228352
56,18,4096,228352
56,23,6144,228352
56,23,8192,228352
56,23,10240,228352
56,23,11264,228352
56,23,12288,228352
56,95,14336,228352
18,18,2048,230400
18,23,4096,230400
18,23,6144,230400
18,23,8192,230400
18,23,9216,230400
18,23,10240,230400
18,95,12288,230400
18,18,19456,230400
18,18,20480,230400
18,23,2048,232448
18,23,4096,232448
18,23,6144,232448
18,23,7168,232448
18,23,8192,232448
18,95,10240,232448
18,18,17408,232448
18,18,18432,232448
18,18,19456,232448
18,55,19456,232448
18,18,20480,232448
23,23,2048,234496
23,23,4096,234496
23,23,5120,234496
23,23,6144,234496
23,95,8192,234496
23,18,15360,234496
23,18,16384,234496
23,18,17408,234496
23,55,17408,234496
23,18,18432,234496
23,18,19456,234496
23,111,19456,234496
23,18,20480,234496
23,167,20480,234496
23,23,2048,236544
23,23,3072,236544
23,23,4096,236544
23,95,6144,236544
23,18,13312,236544
23,18,14336,236544
23,18,15360,236544
23,55,15360,236544
23,18,16384,236544
23,18,17408,236544
23,111,17408,236544
23,18,18432,236544
23,167,18432,236544
23,18,19456,236544
23,23,1024,238592
23,23,2048,238592
23,95,4096,238592
23,18,11264,238592
23,18,12288,238592
23,18,13312,238592
23,55,13312,238592
23,18,14336,238592
23,18,15360,238592
23,111,15360,238592
23,18,16384,238592
23,167,16384,238592
23,18,17408,238592
23,49,17408,238592
23,23,1024,239616
23,95,3072,239616
23,18,10240,239616
23,18,11264,239616
23,18,12288,239616
23,55,12288,239616
23,18,13312,239616
23,18,14336,239616
23,111,14336,239616
23,18,15360,239616
23,167,15360,239616
23,18,16384,239616
23,49,16384,239616
23,18,17408,239616
23,95,2048,240640
23,18,9216,240640
23,18,10240,240640
23,18,11264,240640
23,55,11264,240640
23,18,12288,240640
23,18,13312,240640
23,111,13312,240640
23,18,14336,240640
23,167,14336,240640
23,18,15360,240640
23,49,15360,240640
23,18,16384,240640
23,18,17408,240640
95,18,7168,242688
95,18,8192,242688
95,18,9216,242688
95,55,9216,242688
95,18,10240,242688
95,18,11264,242688
95,111,11264,242688
95,18,12288,242688
95,167,12288,242688
95,18,13312,242688
95,49,13312,242688
95,18,14336,242688
95,18,15360,242688
95,18,16384,242688
18,18,1024,249856
18,18,2048,249856
18,55,2048,249856
18,18,3072,249856
18,18,4096,249856
18,111,4096,249856
18,18,5120,249856
18,167,5120,249856
18,18,6144,249856
18,49,6144,249856
18,18,7168,249856
18,18,8192,249856
18,18,9216,249856
18,18,11264,249856
18,18,1024,250880
18,55,1024,250880
18,18,2048,250880
18,18,3072,250880
18,111,3072,250880
18,18,4096,250880
18,167,4096,250880
18,18,5120,250880
18,49,5120,250880
18,18,6144,250880
18,18,7168,250880
18,18,8192,250880
18,18,10240,250880
18,18,11264,250880
18,55,0,251904
18,18,1024,251904
18,18,2048,251904
18,111,2048,251904
18,18,3072,251904
18,167,3072,251904
18,18,4096,251904
18,49,4096,251904
18,18,5120,251904
18,18,6144,251904
18,18,7168,251904
18,18,9216,251904
18,18,10240,251904
18,18,11264,251904
55,18,1024,251904
55,18,2048,251904
55,111,2048,251904
55,18,3072,251904
55,167,3072,251904
55,18,4096,251904
55,49,4096,251904
55,18,5120,251904
55,18,6144,251904
55,18,7168,251904
55,18,9216,251904
55,18,10240,251904
55,18,11264,251904
55,18,12288,251904
18,18,1024,252928
18,111,1024,252928
18,18,2048,252928
18,167,2048,252928
18,18,3072,252928
18,49,3072,252928
18,18,4096,252928
18,18,5120,252928
18,18,6144,252928
18,18,8192,252928
18,18,9216,252928
18,18,10240,252928
18,18,11264,252928
18,18,12288,252928
18,111,0,253952
18,18,1024,253952
18,167,1024,253952
18,18,2048,253952
18,49,2048,253952
18,18,3072,253952
18,18,4096,253952
18,18,5120,253952
18,18,7168,253952
18,18,8192,253952
18,18,9216,253952
18,18,10240,253952
18,18,11264,253952
18,18,12288,253952
111,18,1024,253952
111,167,1024,253952
111,18,2048,253952
111,49,2048,253952
111,18,3072,253952
111,18,4096,253952
111,18,5120,253952
111,18,7168,253952
111,18,8192,253952
111,18,9216,253952
111,18,10240,253952
111,18,11264,253952
111,18,12288,253952
111,18,13312,253952
18,167,0,254976
18,18,1024,254976
18,49,1024,254976
18,18,2048,254976
18,18,3072,254976
18,18,4096,254976
18,18,6144,254976
18,18,7168,254976
18,18,8192,254976
18,18,9216,254976
18,18,10240,254976
18,18,11264,254976
18,18,12288,254976
18,28,13312,254976
167,18,1024,254976
167,49,1024,254976
167,18,2048,254976
167,18,3072,254976
167,18,4096,254976
167,18,6144,254976
167,18,7168,254976
167,18,8192,254976
167,18,9216,254976
167,18,10240,254976
167,18,11264,254976
167,18,12288,254976
167,28,13312,254976
167,18,14336,254976
18,49,0,256000
18,18,1024,256000
18,18,2048,256000
18,18,3072,256000
18,18,5120,256000
18,18,6144,256000
18,18,7168,256000
18,18,8192,256000
18,18,9216,256000
18,18,10240,256000
18,18,11264,256000
18,28,12288,256000
18,18,13312,256000
18,23,14336,256000
49,18,1024,256000
49,18,2048,256000
49,18,3072,256000
49,18,5120,256000
49,18,6144,256000
49,18,7168,256000
49,18,8192,256000
49,18,9216,256000
49,18,10240,256000
49,18,11264,256000
49,28,12288,256000
49,18,13312,256000
49,23,14336,256000
49,56,14336,256000
18,18,1024,257024
18,18,2048,257024
18,18,4096,257024
18,18,5120,257024
18,18,6144,257024
18,18,7168,257024
18,18,8192,257024
18,18,9216,257024
18,18,10240,257024
18,28,11264,257024
18,18,12288,257024
18,23,13312,257024
18,56,13312,257024
18,18,14336,257024
18,18,1024,258048
18,18,3072,258048
18,18,4096,258048
18,18,5120,258048
18,18,6144,258048
18,18,7168,258048
18,18,8192,258048
18,18,9216,258048
18,28,10240,258048
18,18,11264,258048
18,23,12288,258048
18,56,12288,258048
18,18,13312,258048
18,23,14336,258048
18,18,2048,259072
18,18,3072,259072
18,18,4096,259072
18,18,5120,259072
18,18,6144,259072
18,18,7168,259072
18,18,8192,259072
18,28,9216,259072
18,18,10240,259072
18,23,11264,259072
18,56,11264,259072
18,18,12288,259072
18,23,13312,259072
18,37,14336,259072
18,18,1024,261120
18,18,2048,261120
18,18,3072,261120
18,18,4096,261120
18,18,5120,261120
18,18,6144,261120
18,28,7168,261120
18,18,8192,261120
18,23,9216,261120
18,56,9216,261120
18,18,10240,261120
18,23,11264,261120
18,37,12288,261120
18,37,13312,261120
18,18,1024,262144
18,18,2048,262144
18,18,3072,262144
18,18,4096,262144
18,18,5120,262144
18,28,6144,262144
18,18,7168,262144
18,23,8192,262144
18,56,8192,262144
18,18,9216,262144
18,23,10240,262144
18,37,11264,262144
18,37,12288,262144
18,23,13312,262144
18,18,1024,263168
18,18,2048,263168
18,18,3072,263168
18,18,4096,263168
18,28,5120,263168
18,18,6144,263168
18,23,7168,263168
18,56,7168,263168
18,18,8192,263168
18,23,9216,263168
18,37,10240,263168
18,37,11264,263168
18,23,12288,263168
18,19,13312,263168
18,18,1024,264192
18,18,2048,264192
18,18,3072,264192
18,28,4096,264192
18,18,5120,264192
18,23,6144,264192
18,56,6144,264192
18,18,7168,264192
18,23,8192,264192
18,37,9216,264192
18,37,10240,264192
18,23,11264,264192
18,19,12288,264192
18,43,14336,264192
18,18,1024,265216
18,18,2048,265216
18,28,3072,265216
18,18,4096,265216
18,23,5120,265216
18,56,5120,265216
18,18,6144,265216
18,23,7168,265216
18,37,8192,265216
18,37,9216,265216
18,23,10240,265216
18,19,11264,265216
18,43,13312,265216
18,39,14336,265216
18,18,1024,266240
18,28,2048,266240
18,18,3072,266240
18,23,4096,266240
18,56,4096,266240
18,18,5120,266240
18,23,6144,266240
18,37,7168,266240
18,37,8192,266240
18,23,9216,266240
18,19,10240,266240
18,43,12288,266240
18,39,13312,266240
18,52,13312,266240
18,28,1024,267264
18,18,2048,267264
18,23,3072,267264
18,56,3072,267264
18,18,4096,267264
18,23,5120,267264
18,37,6144,267264
18,37,7168,267264
18,23,8192,267264
18,19,9216,267264
18,43,11264,267264
18,39,12288,267264
18,52,12288,267264
18,21,13312,267264
28,18,1024,268288
28,23,2048,268288
28,56,2048,268288
28,18,3072,268288
28,23,4096,268288
28,37,5120,268288
28,37,6144,268288
28,23,7168,268288
28,19,8192,268288
28,43,10240,268288
28,39,11264,268288
28,52,11264,268288
28,21,12288,268288
28,42,12288,268288
18,23,1024,269312
18,56,1024,269312
18,18,2048,269312
18,23,3072,269312
18,37,4096,269312
18,37,5120,269312
18,23,6144,269312
18,19,7168,269312
18,43,9216,269312
18,39,10240,269312
18,52,10240,269312
18,21,11264,269312
18,42,11264,269312
18,39,12288,269312
23,56,0,270336
23,18,1024,270336
23,23,2048,270336
23,37,3072,270336
23,37,4096,270336
23,23,5120,270336
23,19,6144,270336
23,43,8192,270336
23,39,9216,270336
23,52,9216,270336
23,21,10240,270336
23,42,10240,270336
23,39,11264,270336
23,42,11264,270336
56,18,1024,270336
56,23,2048,270336
56,37,3072,270336
56,37,4096,270336
56,23,5120,270336
56,19,6144,270336
56,43,8192,270336
56,39,9216,270336
56,52,9216,270336
56,21,10240,270336
56,42,10240,270336
56,39,11264,270336
56,42,11264,270336
56,39,12288,270336
18,23,1024,271360
18,37,2048,271360
18,37,3072,271360
18,23,4096,271360
18,19,5120,271360
18,43,7168,271360
18,39,8192,271360
18,52,8192,271360
18,21,9216,271360
18,42,9216,271360
18,39,10240,271360
18,42,10240,271360
18,39,11264,271360
18,42,11264,271360
23,37,1024,272384
23,37,2048,272384
23,23,3072,272384
23,19,4096,272384
23,43,6144,272384
23,39,7168,272384
23,52,7168,272384
23,21,8192,272384
23,42,8192,272384
23,39,9216,272384
23,42,9216,272384
23,39,10240,272384
23,42,10240,272384
23,39,11264,272384
37,37,1024,273408
37,23,2048,273408
37,19,3072,273408
37,43,5120,273408
37,39,6144,273408
37,52,6144,273408
37,21,7168,273408
37,42,7168,273408
37,39,8192,273408
37,42,8192,273408
37,39,9216,273408
37,42,9216,273408
37,39,10240,273408
37,41,10240,273408
37,23,1024,274432
37,19,2048,274432
37,43,4096,274432
37,39,5120,274432
37,52,5120,274432
37,21,6144,274432
37,42,6144,274432
37,39,7168,274432
37,42,7168,274432
37,39,8192,274432
37,42,8192,274432
37,39,9216,274432
37,41,9216,274432
37,38,10240,274432
23,19,1024,275456
23,43,3072,275456
23,39,4096,275456
23,52,4096,275456
23,21,5120,275456
23,42,5120,275456
23,39,6144,275456
23,42,6144,275456
23,39,7168,275456
23,42,7168,275456
23,39,8192,275456
23,41,8192,275456
23,38,9216,275456
23,48,9216,275456
19,43,2048,276480
19,39,3072,276480
19,52,3072,276480
19,21,4096,276480
19,42,4096,276480
19,39,5120,276480
19,42,5120,276480
19,39,6144,276480
19,42,6144,276480
19,39,7168,276480
19,41,7168,276480
19,38,8192,276480
19,48,8192,276480
19,21,9216,276480
43,39,1024,278528
43,52,1024,278528
43,21,2048,278528
43,42,2048,278528
43,39,3072,278528
43,42,3072,278528
43,39,4096,278528
43,42,4096,278528
43,39,5120,278528
43,41,5120,278528
43,38,6144,278528
43,48,6144,278528
43,21,7168,278528
43,41,7168,278528
39,52,0,279552
39,21,1024,279552
39,42,1024,279552
39,39,2048,279552
39,42,2048,279552
39,39,3072,279552
39,42,3072,279552
39,39,4096,279552
39,41,4096,279552
39,38,5120,279552
39,48,5120,279552
39,21,6144,279552
39,41,6144,279552
39,18,8192,279552
52,21,1024,279552
52,42,1024,279552
52,39,2048,279552
52,42,2048,279552
52,39,3072,279552
52,42,3072,279552
52,39,4096,279552
52,41,4096,279552
52,38,5120,279552
52,48,5120,279552
52,21,6144,279552
52,41,6144,279552
52,18,8192,279552
52,42,8192,279552
21,42,0,280576
21,39,1024,280576
21,42,1024,280576
21,39,2048,280576
21,42,2048,280576
21,39,3072,280576
21,41,3072,280576
21,38,4096,280576
21,48,4096,280576
21,21,5120,280576
21,41,5120,280576
21,18,7168,280576
21,42,7168,280576
21,18,8192,280576
42,39,1024,280576
42,42,1024,280576
42,39,2048,280576
42,42,2048,280576
42,39,3072,280576
42,41,3072,280576
42,38,4096,280576
42,48,4096,280576
42,21,5120,280576
42,41,5120,280576
42,18,7168,280576
42,42,7168,280576
42,18,8192,280576
42,18,9216,280576
39,42,0,281600
39,39,1024,281600
39,42,1024,281600
39,39,2048,281600
39,41,2048,281600
39,38,3072,281600
39,48,3072,281600
39,21,4096,281600
39,41,4096,281600
39,18,6144,281600
39,42,6144,281600
39,18,7168,281600
39,18,8192,281600
39,41,8192,281600
42,39,1024,281600
42,42,1024,281600
42,39,2048,281600
42,41,2048,281600
42,38,3072,281600
42,48,3072,281600
42,21,4096,281600
42,41,4096,281600
42,18,6144,281600
42,42,6144,281600
42,18,7168,281600
42,18,8192,281600
42,41,8192,281600
42,18,10240,281600
39,42,0,282624
39,39,1024,282624
39,41,1024,282624
39,38,2048,282624
39,48,2048,282624
39,21,3072,282624
39,41,3072,282624
39,18,5120,282624
39,42,5120,282624
39,18,6144,282624
39,18,7168,282624
39,41,7168,282624
39,18,9216,282624
39,18,10240,282624
42,39,1024,282624
42,41,1024,282624
42,38,2048,282624
42,48,2048,282624
42,21,3072,282624
42,41,3072,282624
42,18,5120,282624
42,42,5120,282624
42,18,6144,282624
42,18,7168,282624
42,41,7168,282624
42,18,9216,282624
42,18,10240,282624
42,18,11264,282624
39,41,0,283648
39,38,1024,283648
39,48,1024,283648
39,21,2048,283648
39,41,2048,283648
39,18,4096,283648
39,42,4096,283648
39,18,5120,283648
39,18,6144,283648
39,41,6144,283648
39,18,8192,283648
39,18,9216,283648
39,18,10240,283648
39,18,11264,283648
41,38,1024,283648
41,48,1024,283648
41,21,2048,283648
41,41,2048,283648
41,18,4096,283648
41,42,4096,283648
41,18,5120,283648
41,18,6144,283648
41,41,6144,283648
41,18,8192,283648
41,18,9216,283648
41,18,10240,283648
41,18,11264,283648
41,18,12288,283648
38,48,0,284672
38,21,1024,284672
38,41,1024,284672
38,18,3072,284672
38,42,3072,284672
38,18,4096,284672
38,18,5120,284672
38,41,5120,284672
38,18,7168,284672
38,18,8192,284672
38,18,9216,284672
38,18,10240,284672
38,18,11264,284672
38,47,11264,284672
48,21,1024,284672
48,41,1024,284672
48,18,3072,284672
48,42,3072,284672
48,18,4096,284672
48,18,5120,284672
48,41,5120,284672
48,18,7168,284672
48,18,8192,284672
48,18,9216,284672
48,18,10240,284672
48,18,11264,284672
48,47,11264,284672
48,95,11264,284672
21,41,0,285696
21,18,2048,285696
21,42,2048,285696
21,18,3072,285696
21,18,4096,285696
21,41,4096,285696
21,18,6144,285696
21,18,7168,285696
21,18,8192,285696
21,18,9216,285696
21,18,10240,285696
21,47,10240,285696
21,95,10240,285696
21,18,11264,285696
41,18,2048,285696
41,42,2048,285696
41,18,3072,285696
41,18,4096,285696
41,41,4096,285696
41,18,6144,285696
41,18,7168,285696
41,18,8192,285696
41,18,9216,285696
41,18,10240,285696
41,47,10240,285696
41,95,10240,285696
41,18,11264,285696
41,18,12288,285696
18,42,0,287744
18,18,1024,287744
18,18,2048,287744
18,41,2048,287744
18,18,4096,287744
18,18,5120,287744
18,18,6144,287744
18,18,7168,287744
18,18,8192,287744
18,47,8192,287744
18,95,8192,287744
18,18,9216,287744
18,18,10240,287744
18,20,11264,287744
42,18,1024,287744
42,18,2048,287744
42,41,2048,287744
42,18,4096,287744
42,18,5120,287744
42,18,6144,287744
42,18,7168,287744
42,18,8192,287744
42,47,8192,287744
42,95,8192,287744
42,18,9216,287744
42,18,10240,287744
42,20,11264,287744
42,18,13312,287744
18,18,1024,288768
18,41,1024,288768
18,18,3072,288768
18,18,4096,288768
18,18,5120,288768
18,18,6144,288768
18,18,7168,288768
18,47,7168,288768
18,95,7168,288768
18,18,8192,288768
18,18,9216,288768
18,20,10240,288768
18,18,12288,288768
18,18,14336,288768
18,41,0,289792
18,18,2048,289792
18,18,3072,289792
18,18,4096,289792
18,18,5120,289792
18,18,6144,289792
18,47,6144,289792
18,95,6144,289792
18,18,7168,289792
18,18,8192,289792
18,20,9216,289792
18,18,11264,289792
18,18,13312,289792
18,23,15360,289792
41,18,2048,289792
41,18,3072,289792
41,18,4096,289792
41,18,5120,289792
41,18,6144,289792
41,47,6144,289792
41,95,6144,289792
41,18,7168,289792
41,18,8192,289792
41,20,9216,289792
41,18,11264,289792
41,18,13312,289792
41,23,15360,289792
41,23,17408,289792
18,18,1024,291840
18,18,2048,291840
18,18,3072,291840
18,18,4096,291840
18,47,4096,291840
18,95,4096,291840
18,18,5120,291840
18,18,6144,291840
18,20,7168,291840
18,18,9216,291840
18,18,11264,291840
18,23,13312,291840
18,23,15360,291840
18,23,17408,291840
18,18,1024,292864
18,18,2048,292864
18,18,3072,292864
18,47,3072,292864
18,95,3072,292864
18,18,4096,292864
18,18,5120,292864
18,20,6144,292864
18,18,8192,292864
18,18,10240,292864
18,23,12288,292864
18,23,14336,292864
18,23,16384,292864
18,23,17408,292864
18,18,1024,293888
18,18,2048,293888
18,47,2048,293888
18,95,2048,293888
18,18,3072,293888
18,18,4096,293888
18,20,5120,293888
18,18,7168,293888
18,18,9216,293888
18,23,11264,293888
18,23,13312,293888
18,23,15360,293888
18,23,16384,293888
18,23,17408,293888
18,18,1024,294912
18,47,1024,294912
18,95,1024,294912
18,18,2048,294912
18,18,3072,294912
18,20,4096,294912
18,18,6144,294912
18,18,8192,294912
18,23,10240,294912
18,23,12288,294912
18,23,14336,294912
18,23,15360,294912
18,23,16384,294912
18,47,0,295936
18,95,0,295936
18,18,1024,295936
18,18,2048,295936
18,20,3072,295936
18,18,5120,295936
18,18,7168,295936
18,23,9216,295936
18,23,11264,295936
18,23,13312,295936
18,23,14336,295936
18,23,15360,295936
47,95,0,295936
47,18,1024,295936
47,18,2048,295936
47,20,3072,295936
47,18,5120,295936
47,18,7168,295936
47,23,9216,295936
47,23,11264,295936
47,23,13312,295936
47,23,14336,295936
47,23,15360,295936
95,18,1024,295936
95,18,2048,295936
95,20,3072,295936
95,18,5120,295936
95,18,7168,295936
95,23,9216,295936
95,23,11264,295936
95,23,13312,295936
95,23,14336,295936
95,23,15360,295936
18,18,1024,296960
18,20,2048,296960
18,18,4096,296960
18,18,6144,296960
18,23,8192,296960
18,23,10240,296960
18,23,12288,296960
18,23,13312,296960
18,23,14336,296960
18,20,1024,297984
18,18,3072,297984
18,18,5120,297984
18,23,7168,297984
18,23,9216,297984
18,23,11264,297984
18,23,12288,297984
18,23,13312,297984
18,23,20480,297984
20,18,2048,299008
20,18,4096,299008
20,23,6144,299008
20,23,8192,299008
20,23,10240,299008
20,23,11264,299008
20,23,12288,299008
20,23,19456,299008
18,18,2048,301056
18,23,4096,301056
18,23,6144,301056
18,23,8192,301056
18,23,9216,301056
18,23,10240,301056
18,23,17408,301056
18,18,19456,301056
18,18,20480,301056
18,23,2048,303104
18,23,4096,303104
18,23,6144,303104
18,23,7168,303104
18,23,8192,303104
18,23,15360,303104
18,18,17408,303104
18,18,18432,303104
18,18,19456,303104
18,18,20480,303104
23,23,2048,305152
23,23,4096,305152
23,23,5120,305152
23,23,6144,305152
23,23,13312,305152
23,18,15360,305152
23,18,16384,305152
23,18,17408,305152
23,18,18432,305152
23,18,19456,305152
23,18,20480,305152
23,23,2048,307200
23,23,3072,307200
23,23,4096,307200
23,23,11264,307200
23,18,13312,307200
23,18,14336,307200
23,18,15360,307200
23,18,16384,307200
23,18,17408,307200
23,18,18432,307200
23,18,20480,307200
23,23,1024,309248
23,23,2048,309248
23,23,9216,309248
23,18,11264,309248
23,18,12288,309248
23,18,13312,309248
23,18,14336,309248
23,18,15360,309248
23,18,16384,309248
23,18,18432,309248
23,18,19456,309248
23,18,20480,309248
23,23,1024,310272
23,23,8192,310272
23,18,10240,310272
23,18,11264,310272
23,18,12288,310272
23,18,13312,310272
23,18,14336,310272
23,18,15360,310272
23,18,17408,310272
23,18,18432,310272
23,18,19456,310272
23,23,7168,311296
23,18,9216,311296
23,18,10240,311296
23,18,11264,311296
23,18,12288,311296
23,18,13312,311296
23,18,14336,311296
23,18,16384,311296
23,18,17408,311296
23,18,18432,311296
23,18,2048,318464
23,18,3072,318464
23,18,4096,318464
23,18,5120,318464
23,18,6144,318464
23,18,7168,318464
23,18,9216,318464
23,18,10240,318464
23,18,11264,318464
18,18,1024,320512
18,18,2048,320512
18,18,3072,320512
18,18,4096,320512
18,18,5120,320512
18,18,7168,320512
18,18,8192,320512
18,18,9216,320512
18,18,1024,321536
18,18,2048,321536
18,18,3072,321536
18,18,4096,321536
18,18,6144,321536
18,18,7168,321536
18,18,8192,321536
18,18,1024,322560
18,18,2048,322560
18,18,3072,322560
18,18,5120,322560
18,18,6144,322560
18,18,7168,322560
18,18,1024,323584
18,18,2048,323584
18,18,4096,323584
18,18,5120,323584
18,18,6144,323584
18,18,1024,324608
18,18,3072,324608
18,18,4096,324608
18,18,5120,324608
18,18,2048,325632
18,18,3072,325632
18,18,4096,325632
18,18,1024,327680
18,18,2048,327680
18,18,1024,328704
