20,20,2048,0
20,20,3072,0
20,15,7168,0
20,20,12288,0
20,13,13312,0
20,48,15360,0
20,20,1024,2048
20,15,5120,2048
20,20,10240,2048
20,13,11264,2048
20,48,13312,2048
20,18,19456,2048
20,15,4096,3072
20,20,9216,3072
20,13,10240,3072
20,48,12288,3072
20,18,18432,3072
15,20,5120,7168
15,13,6144,7168
15,48,8192,7168
15,18,14336,7168
15,13,17408,7168
20,13,1024,12288
20,48,3072,12288
20,18,9216,12288
20,13,12288,12288
20,17,18432,12288
20,23,19456,12288
13,48,2048,13312
13,18,8192,13312
13,13,11264,13312
13,17,17408,13312
13,23,18432,13312
13,13,20480,13312
48,18,6144,15360
48,13,9216,15360
48,17,15360,15360
48,23,16384,15360
48,13,18432,15360
48,20,20480,15360
18,13,3072,21504
18,17,9216,21504
18,23,10240,21504
18,13,12288,21504
18,20,14336,21504
18,20,16384,21504
13,17,6144,24576
13,23,7168,24576
13,13,9216,24576
13,20,11264,24576
13,20,13312,24576
13,15,18432,24576
17,23,1024,30720
17,13,3072,30720
17,20,5120,30720
17,20,7168,30720
17,15,12288,30720
17,20,17408,30720
17,12,18432,30720
17,15,20480,30720
23,13,2048,31744
23,20,4096,31744
23,20,6144,31744
23,15,11264,31744
23,20,16384,31744
23,12,17408,31744
23,15,19456,31744
13,20,2048,33792
13,20,4096,33792
13,15,9216,33792
13,20,14336,33792
13,12,15360,33792
13,15,17408,33792
20,20,2048,35840
20,15,7168,35840
20,20,12288,35840
20,12,13312,35840
20,15,15360,35840
20,45,19456,35840
20,18,20480,35840
20,15,5120,37888
20,20,10240,37888
20,12,11264,37888
20,15,13312,37888
20,45,17408,37888
20,18,18432,37888
15,20,5120,43008
15,12,6144,43008
15,15,8192,43008
15,45,12288,43008
15,18,13312,43008
15,13,17408,43008
20,12,1024,48128
20,15,3072,48128
20,45,7168,48128
20,18,8192,48128
20,13,12288,48128
20,62,18432,48128
20,124,19456,48128
12,15,2048,49152
12,45,6144,49152
12,18,7168,49152
12,13,11264,49152
12,62,17408,49152
12,124,18432,49152
12,13,20480,49152
15,45,4096,51200
15,18,5120,51200
15,13,9216,51200
15,62,15360,51200
15,124,16384,51200
15,13,18432,51200
15,46,19456,51200
15,20,20480,51200
45,18,1024,55296
45,13,5120,55296
45,62,11264,55296
45,124,12288,55296
45,13,14336,55296
45,46,15360,55296
45,20,16384,55296
45,13,20480,55296
18,13,4096,56320
18,62,10240,56320
18,124,11264,56320
18,13,13312,56320
18,46,14336,56320
18,20,15360,56320
18,13,19456,56320
18,13,20480,56320
13,62,6144,60416
13,124,7168,60416
13,13,9216,60416
13,46,10240,60416
13,20,11264,60416
13,13,15360,60416
13,13,16384,60416
13,15,18432,60416
13,41,19456,60416
62,124,1024,66560
62,13,3072,66560
62,46,4096,66560
62,20,5120,66560
62,13,9216,66560
62,13,10240,66560
62,15,12288,66560
62,41,13312,66560
62,20,17408,66560
62,13,18432,66560
62,15,20480,66560
124,13,2048,67584
124,46,3072,67584
124,20,4096,67584
124,13,8192,67584
124,13,9216,67584
124,15,11264,67584
124,41,12288,67584
124,20,16384,67584
124,13,17408,67584
124,15,19456,67584
124,42,20480,67584
13,46,1024,69632
13,20,2048,69632
13,13,6144,69632
13,13,7168,69632
13,15,9216,69632
13,41,10240,69632
13,20,14336,69632
13,13,15360,69632
13,15,17408,69632
13,42,18432,69632
46,20,1024,70656
46,13,5120,70656
46,13,6144,70656
46,15,8192,70656
46,41,9216,70656
46,20,13312,70656
46,13,14336,70656
46,15,16384,70656
46,42,17408,70656
20,13,4096,71680
20,13,5120,71680
20,15,7168,71680
20,41,8192,71680
20,20,12288,71680
20,13,13312,71680
20,15,15360,71680
20,42,16384,71680
13,13,1024,75776
13,15,3072,75776
13,41,4096,75776
13,20,8192,75776
13,13,9216,75776
13,15,11264,75776
13,42,12288,75776
13,18,17408,75776
13,13,20480,75776
13,15,2048,76800
13,41,3072,76800
13,20,7168,76800
13,13,8192,76800
13,15,10240,76800
13,42,11264,76800
13,18,16384,76800
13,13,19456,76800
15,41,1024,78848
15,20,5120,78848
15,13,6144,78848
15,15,8192,78848
15,42,9216,78848
15,18,14336,78848
15,13,17408,78848
41,20,4096,79872
41,13,5120,79872
41,15,7168,79872
41,42,8192,79872
41,18,13312,79872
41,13,16384,79872
20,13,1024,83968
20,15,3072,83968
20,42,4096,83968
20,18,9216,83968
20,13,12288,83968
20,18,18432,83968
20,18,19456,83968
20,18,20480,83968
13,15,2048,84992
13,42,3072,84992
13,18,8192,84992
13,13,11264,84992
13,18,17408,84992
13,18,18432,84992
13,18,19456,84992
15,42,1024,87040
15,18,6144,87040
15,13,9216,87040
15,18,15360,87040
15,18,16384,87040
15,18,17408,87040
15,20,20480,87040
42,18,5120,88064
42,13,8192,88064
42,18,14336,88064
42,18,15360,88064
42,18,16384,88064
42,20,19456,88064
18,13,3072,93184
18,18,9216,93184
18,18,10240,93184
18,18,11264,93184
18,20,14336,93184
18,10,16384,93184
18,20,17408,93184
13,18,6144,96256
13,18,7168,96256
13,18,8192,96256
13,20,11264,96256
13,10,13312,96256
13,20,14336,96256
13,15,18432,96256
18,18,1024,102400
18,18,2048,102400
18,20,5120,102400
18,10,7168,102400
18,20,8192,102400
18,15,12288,102400
18,41,15360,102400
18,13,18432,102400
18,15,20480,102400
18,18,1024,103424
18,20,4096,103424
18,10,6144,103424
18,20,7168,103424
18,15,11264,103424
18,41,14336,103424
18,13,17408,103424
18,15,19456,103424
18,56,20480,103424
18,20,3072,104448
18,10,5120,104448
18,20,6144,104448
18,15,10240,104448
18,41,13312,104448
18,13,16384,104448
18,15,18432,104448
18,56,19456,104448
18,18,20480,104448
20,10,2048,107520
20,20,3072,107520
20,15,7168,107520
20,41,10240,107520
20,13,13312,107520
20,15,15360,107520
20,56,16384,107520
20,18,17408,107520
20,18,18432,107520
20,19,20480,107520
10,20,1024,109568
10,15,5120,109568
10,41,8192,109568
10,13,11264,109568
10,15,13312,109568
10,56,14336,109568
10,18,15360,109568
10,18,16384,109568
10,19,18432,109568
10,18,19456,109568
20,15,4096,110592
20,41,7168,110592
20,13,10240,110592
20,15,12288,110592
20,56,13312,110592
20,18,14336,110592
20,18,15360,110592
20,19,17408,110592
20,18,18432,110592
15,41,3072,114688
15,13,6144,114688
15,15,8192,114688
15,56,9216,114688
15,18,10240,114688
15,18,11264,114688
15,19,13312,114688
15,18,14336,114688
15,14,17408,114688
15,46,18432,114688
15,48,20480,114688
41,13,3072,117760
41,15,5120,117760
41,56,6144,117760
41,18,7168,117760
41,18,8192,117760
41,19,10240,117760
41,18,11264,117760
41,14,14336,117760
41,46,15360,117760
41,48,17408,117760
41,54,18432,117760
41,18,19456,117760
13,15,2048,120832
13,56,3072,120832
13,18,4096,120832
13,18,5120,120832
13,19,7168,120832
13,18,8192,120832
13,14,11264,120832
13,46,12288,120832
13,48,14336,120832
13,54,15360,120832
13,18,16384,120832
13,45,19456,120832
13,13,20480,120832
15,56,1024,122880
15,18,2048,122880
15,18,3072,122880
15,19,5120,122880
15,18,6144,122880
15,14,9216,122880
15,46,10240,122880
15,48,12288,122880
15,54,13312,122880
15,18,14336,122880
15,45,17408,122880
15,13,18432,122880
56,18,1024,123904
56,18,2048,123904
56,19,4096,123904
56,18,5120,123904
56,14,8192,123904
56,46,9216,123904
56,48,11264,123904
56,54,12288,123904
56,18,13312,123904
56,45,16384,123904
56,13,17408,123904
18,18,1024,124928
18,19,3072,124928
18,18,4096,124928
18,14,7168,124928
18,46,8192,124928
18,48,10240,124928
18,54,11264,124928
18,18,12288,124928
18,45,15360,124928
18,13,16384,124928
18,19,2048,125952
18,18,3072,125952
18,14,6144,125952
18,46,7168,125952
18,48,9216,125952
18,54,10240,125952
18,18,11264,125952
18,45,14336,125952
18,13,15360,125952
19,18,1024,128000
19,14,4096,128000
19,46,5120,128000
19,48,7168,128000
19,54,8192,128000
19,18,9216,128000
19,45,12288,128000
19,13,13312,128000
19,13,19456,128000
18,14,3072,129024
18,46,4096,129024
18,48,6144,129024
18,54,7168,129024
18,18,8192,129024
18,45,11264,129024
18,13,12288,129024
18,13,18432,129024
18,15,20480,129024
14,46,1024,132096
14,48,3072,132096
14,54,4096,132096
14,18,5120,132096
14,45,8192,132096
14,13,9216,132096
14,13,15360,132096
14,15,17408,132096
46,48,2048,133120
46,54,3072,133120
46,18,4096,133120
46,45,7168,133120
46,13,8192,133120
46,13,14336,133120
46,15,16384,133120
48,54,1024,135168
48,18,2048,135168
48,45,5120,135168
48,13,6144,135168
48,13,12288,135168
48,15,14336,135168
54,18,1024,136192
54,45,4096,136192
54,13,5120,136192
54,13,11264,136192
54,15,13312,136192
54,12,20480,136192
18,45,3072,137216
18,13,4096,137216
18,13,10240,137216
18,15,12288,137216
18,12,19456,137216
45,13,1024,140288
45,13,7168,140288
45,15,9216,140288
45,12,16384,140288
45,18,20480,140288
13,13,6144,141312
13,15,8192,141312
13,12,15360,141312
13,18,19456,141312
13,18,20480,141312
13,15,2048,147456
13,12,9216,147456
13,18,13312,147456
13,18,14336,147456
15,12,7168,149504
15,18,11264,149504
15,18,12288,149504
12,18,4096,156672
12,18,5120,156672
18,18,1024,160768
