37,19,4096,10240
37,48,10240,10240
37,49,11264,10240
37,33,12288,10240
37,37,14336,10240
37,55,14336,10240
37,56,15360,10240
19,48,6144,14336
19,49,7168,14336
19,33,8192,14336
19,37,10240,14336
19,55,10240,14336
19,56,11264,14336
19,61,19456,14336
48,49,1024,20480
48,33,2048,20480
48,37,4096,20480
48,55,4096,20480
48,56,5120,20480
48,61,13312,20480
49,33,1024,21504
49,37,3072,21504
49,55,3072,21504
49,56,4096,21504
49,61,12288,21504
49,33,20480,21504
33,37,2048,22528
33,55,2048,22528
33,56,3072,22528
33,61,11264,22528
33,33,19456,22528
37,55,0,24576
37,56,1024,24576
37,61,9216,24576
37,33,17408,24576
55,56,1024,24576
55,61,9216,24576
55,33,17408,24576
56,61,8192,25600
56,33,16384,25600
61,33,8192,33792
33,39,19456,41984
33,40,19456,41984
39,40,0,61440
39,62,2048,61440
39,62,3072,61440
39,82,3072,61440
39,62,4096,61440
39,82,4096,61440
39,37,12288,61440
39,57,16384,61440
39,37,19456,61440
39,37,20480,61440
40,62,2048,61440
40,62,3072,61440
40,82,3072,61440
40,62,4096,61440
40,82,4096,61440
40,37,12288,61440
40,57,16384,61440
40,37,19456,61440
40,37,20480,61440
62,62,1024,63488
62,82,1024,63488
62,62,2048,63488
62,82,2048,63488
62,37,10240,63488
62,57,14336,63488
62,37,17408,63488
62,37,18432,63488
62,82,0,64512
62,62,1024,64512
62,82,1024,64512
62,37,9216,64512
62,57,13312,64512
62,37,16384,64512
62,37,17408,64512
82,62,1024,64512
82,82,1024,64512
82,37,9216,64512
82,57,13312,64512
82,37,16384,64512
82,37,17408,64512
62,82,0,65536
62,37,8192,65536
62,57,12288,65536
62,37,15360,65536
62,37,16384,65536
82,37,8192,65536
82,57,12288,65536
82,37,15360,65536
82,37,16384,65536
37,57,4096,73728
37,37,7168,73728
37,37,8192,73728
37,51,13312,73728
37,51,14336,73728
37,55,15360,73728
37,55,16384,73728
37,55,17408,73728
37,55,18432,73728
57,37,3072,77824
57,37,4096,77824
57,51,9216,77824
57,51,10240,77824
57,55,11264,77824
57,55,12288,77824
57,55,13312,77824
57,55,14336,77824
57,42,18432,77824
37,37,1024,80896
37,51,6144,80896
37,51,7168,80896
37,55,8192,80896
37,55,9216,80896
37,55,10240,80896
37,55,11264,80896
37,42,15360,80896
37,40,18432,80896
37,51,5120,81920
37,51,6144,81920
37,55,7168,81920
37,55,8192,81920
37,55,9216,81920
37,55,10240,81920
37,42,14336,81920
37,40,17408,81920
51,51,1024,87040
51,55,2048,87040
51,55,3072,87040
51,55,4096,87040
51,55,5120,87040
51,42,9216,87040
51,40,12288,87040
51,41,16384,87040
51,41,17408,87040
51,55,1024,88064
51,55,2048,88064
51,55,3072,88064
51,55,4096,88064
51,42,8192,88064
51,40,11264,88064
51,41,15360,88064
51,41,16384,88064
55,55,1024,89088
55,55,2048,89088
55,55,3072,89088
55,42,7168,89088
55,40,10240,89088
55,41,14336,89088
55,41,15360,89088
55,41,20480,89088
55,55,1024,90112
55,55,2048,90112
55,42,6144,90112
55,40,9216,90112
55,41,13312,90112
55,41,14336,90112
55,41,19456,90112
55,21,20480,90112
55,42,20480,90112
55,55,1024,91136
55,42,5120,91136
55,40,8192,91136
55,41,12288,91136
55,41,13312,91136
55,41,18432,91136
55,21,19456,91136
55,42,19456,91136
55,41,20480,91136
55,42,4096,92160
55,40,7168,92160
55,41,11264,92160
55,41,12288,92160
55,41,17408,92160
55,21,18432,92160
55,42,18432,92160
55,41,19456,92160
55,42,20480,92160
42,40,3072,96256
42,41,7168,96256
42,41,8192,96256
42,41,13312,96256
42,21,14336,96256
42,42,14336,96256
42,41,15360,96256
42,42,16384,96256
42,43,19456,96256
40,41,4096,99328
40,41,5120,99328
40,41,10240,99328
40,21,11264,99328
40,42,11264,99328
40,41,12288,99328
40,42,13312,99328
40,43,16384,99328
41,41,1024,103424
41,41,6144,103424
41,21,7168,103424
41,42,7168,103424
41,41,8192,103424
41,42,9216,103424
41,43,12288,103424
41,41,17408,103424
41,41,5120,104448
41,21,6144,104448
41,42,6144,104448
41,41,7168,104448
41,42,8192,104448
41,43,11264,104448
41,41,16384,104448
41,21,1024,109568
41,42,1024,109568
41,41,2048,109568
41,42,3072,109568
41,43,6144,109568
41,41,11264,109568
21,42,0,110592
21,41,1024,110592
21,42,2048,110592
21,43,5120,110592
21,41,10240,110592
42,41,1024,110592
42,42,2048,110592
42,43,5120,110592
42,41,10240,110592
41,42,1024,111616
41,43,4096,111616
41,41,9216,111616
42,43,3072,112640
42,41,8192,112640
43,41,5120,115712
43,37,20480,115712
41,37,15360,120832
41,59,19456,120832
41,60,20480,120832
41,81,20480,120832
37,59,4096,136192
37,60,5120,136192
37,81,5120,136192
37,37,7168,136192
37,35,10240,136192
37,52,11264,136192
37,57,13312,136192
59,60,1024,140288
59,81,1024,140288
59,37,3072,140288
59,35,6144,140288
59,52,7168,140288
59,57,9216,140288
59,31,20480,140288
60,81,0,141312
60,37,2048,141312
60,35,5120,141312
60,52,6144,141312
60,57,8192,141312
60,31,19456,141312
60,33,20480,141312
81,37,2048,141312
81,35,5120,141312
81,52,6144,141312
81,57,8192,141312
81,31,19456,141312
81,33,20480,141312
37,35,3072,143360
37,52,4096,143360
37,57,6144,143360
37,31,17408,143360
37,33,18432,143360
35,52,1024,146432
35,57,3072,146432
35,31,14336,146432
35,33,15360,146432
35,65,18432,146432
35,66,19456,146432
52,57,2048,147456
52,31,13312,147456
52,33,14336,147456
52,65,17408,147456
52,66,18432,147456
52,37,20480,147456
57,31,11264,149504
57,33,12288,149504
57,65,15360,149504
57,66,16384,149504
57,37,18432,149504
31,33,1024,160768
31,65,4096,160768
31,66,5120,160768
31,37,7168,160768
31,32,14336,160768
31,54,20480,160768
33,65,3072,161792
33,66,4096,161792
33,37,6144,161792
33,32,13312,161792
33,54,19456,161792
65,66,1024,164864
65,37,3072,164864
65,32,10240,164864
65,54,16384,164864
66,37,2048,165888
66,32,9216,165888
66,54,15360,165888
37,32,7168,167936
37,54,13312,167936
32,54,6144,175104
32,60,14336,175104
32,62,15360,175104
32,83,15360,175104
54,60,8192,181248
54,62,9216,181248
54,83,9216,181248
54,37,18432,181248
60,62,1024,189440
60,83,1024,189440
60,37,10240,189440
62,83,0,190464
62,37,9216,190464
83,37,9216,190464
24,24,1024,225280
24,51,2048,225280
24,51,3072,225280
24,28,7168,225280
24,73,16384,225280
24,76,20480,225280
24,51,1024,226304
24,51,2048,226304
24,28,6144,226304
24,73,15360,226304
24,76,19456,226304
51,51,1024,227328
51,28,5120,227328
51,73,14336,227328
51,76,18432,227328
51,62,20480,227328
51,103,20480,227328
51,28,4096,228352
51,73,13312,228352
51,76,17408,228352
51,62,19456,228352
51,103,19456,228352
51,62,20480,228352
51,103,20480,228352
28,73,9216,232448
28,76,13312,232448
28,62,15360,232448
28,103,15360,232448
28,62,16384,232448
28,103,16384,232448
28,63,18432,232448
28,63,19456,232448
73,76,4096,241664
73,62,6144,241664
73,103,6144,241664
73,62,7168,241664
73,103,7168,241664
73,63,9216,241664
73,63,10240,241664
73,64,13312,241664
76,62,2048,245760
76,103,2048,245760
76,62,3072,245760
76,103,3072,245760
76,63,5120,245760
76,63,6144,245760
76,64,9216,245760
62,103,0,247808
62,62,1024,247808
62,103,1024,247808
62,63,3072,247808
62,63,4096,247808
62,64,7168,247808
103,62,1024,247808
103,103,1024,247808
103,63,3072,247808
103,63,4096,247808
103,64,7168,247808
62,103,0,248832
62,63,2048,248832
62,63,3072,248832
62,64,6144,248832
62,74,20480,248832
62,92,20480,248832
103,63,2048,248832
103,63,3072,248832
103,64,6144,248832
103,74,20480,248832
103,92,20480,248832
63,63,1024,250880
63,64,4096,250880
63,74,18432,250880
63,92,18432,250880
63,54,19456,250880
63,54,20480,250880
63,64,3072,251904
63,74,17408,251904
63,92,17408,251904
63,54,18432,251904
63,54,19456,251904
63,56,20480,251904
64,74,14336,254976
64,92,14336,254976
64,54,15360,254976
64,54,16384,254976
64,56,17408,254976
64,56,18432,254976
64,56,19456,254976
64,56,20480,254976
74,92,0,269312
74,54,1024,269312
74,54,2048,269312
74,56,3072,269312
74,56,4096,269312
74,56,5120,269312
74,56,6144,269312
74,56,7168,269312
74,56,8192,269312
74,56,9216,269312
74,56,10240,269312
74,43,13312,269312
74,37,14336,269312
74,33,16384,269312
92,54,1024,269312
92,54,2048,269312
92,56,3072,269312
92,56,4096,269312
92,56,5120,269312
92,56,6144,269312
92,56,7168,269312
92,56,8192,269312
92,56,9216,269312
92,56,10240,269312
92,43,13312,269312
92,37,14336,269312
92,33,16384,269312
54,54,1024,270336
54,56,2048,270336
54,56,3072,270336
54,56,4096,270336
54,56,5120,270336
54,56,6144,270336
54,56,7168,270336
54,56,8192,270336
54,56,9216,270336
54,43,12288,270336
54,37,13312,270336
54,33,15360,270336
54,56,1024,271360
54,56,2048,271360
54,56,3072,271360
54,56,4096,271360
54,56,5120,271360
54,56,6144,271360
54,56,7168,271360
54,56,8192,271360
54,43,11264,271360
54,37,12288,271360
54,33,14336,271360
56,56,1024,272384
56,56,2048,272384
56,56,3072,272384
56,56,4096,272384
56,56,5120,272384
56,56,6144,272384
56,56,7168,272384
56,43,10240,272384
56,37,11264,272384
56,33,13312,272384
56,56,1024,273408
56,56,2048,273408
56,56,3072,273408
56,56,4096,273408
56,56,5120,273408
56,56,6144,273408
56,43,9216,273408
56,37,10240,273408
56,33,12288,273408
56,56,1024,274432
56,56,2048,274432
56,56,3072,274432
56,56,4096,274432
56,56,5120,274432
56,43,8192,274432
56,37,9216,274432
56,33,11264,274432
56,56,1024,275456
56,56,2048,275456
56,56,3072,275456
56,56,4096,275456
56,43,7168,275456
56,37,8192,275456
56,33,10240,275456
56,56,1024,276480
56,56,2048,276480
56,56,3072,276480
56,43,6144,276480
56,37,7168,276480
56,33,9216,276480
56,81,20480,276480
56,56,1024,277504
56,56,2048,277504
56,43,5120,277504
56,37,6144,277504
56,33,8192,277504
56,81,19456,277504
56,56,1024,278528
56,43,4096,278528
56,37,5120,278528
56,33,7168,278528
56,81,18432,278528
56,43,3072,279552
56,37,4096,279552
56,33,6144,279552
56,81,17408,279552
43,37,1024,282624
43,33,3072,282624
43,81,14336,282624
43,50,18432,282624
43,65,19456,282624
43,81,19456,282624
37,33,2048,283648
37,81,13312,283648
37,50,17408,283648
37,65,18432,283648
37,81,18432,283648
33,81,11264,285696
33,50,15360,285696
33,65,16384,285696
33,81,16384,285696
81,50,4096,296960
81,65,5120,296960
81,81,5120,296960
81,25,10240,296960
50,65,1024,301056
50,81,1024,301056
50,25,6144,301056
65,81,0,302080
65,25,5120,302080
81,25,5120,302080
25,37,19456,307200
