47,5,2048,0
47,5,3072,0
47,7,4096,0
47,7,5120,0
47,7,6144,0
47,21,11264,0
47,5,18432,0
47,7,19456,0
47,7,20480,0
5,5,1024,2048
5,7,2048,2048
5,7,3072,2048
5,7,4096,2048
5,21,9216,2048
5,5,16384,2048
5,7,17408,2048
5,7,18432,2048
5,7,19456,2048
5,7,1024,3072
5,7,2048,3072
5,7,3072,3072
5,21,8192,3072
5,5,15360,3072
5,7,16384,3072
5,7,17408,3072
5,7,18432,3072
5,8,20480,3072
7,7,1024,4096
7,7,2048,4096
7,21,7168,4096
7,5,14336,4096
7,7,15360,4096
7,7,16384,4096
7,7,17408,4096
7,8,19456,4096
7,8,20480,4096
7,7,1024,5120
7,21,6144,5120
7,5,13312,5120
7,7,14336,5120
7,7,15360,5120
7,7,16384,5120
7,8,18432,5120
7,8,19456,5120
7,21,5120,6144
7,5,12288,6144
7,7,13312,6144
7,7,14336,6144
7,7,15360,6144
7,8,17408,6144
7,8,18432,6144
7,21,20480,6144
21,5,7168,11264
21,7,8192,11264
21,7,9216,11264
21,7,10240,11264
21,8,12288,11264
21,8,13312,11264
21,21,15360,11264
5,7,1024,18432
5,7,2048,18432
5,7,3072,18432
5,8,5120,18432
5,8,6144,18432
5,21,8192,18432
5,5,15360,18432
5,7,16384,18432
5,7,17408,18432
5,7,18432,18432
7,7,1024,19456
7,7,2048,19456
7,8,4096,19456
7,8,5120,19456
7,21,7168,19456
7,5,14336,19456
7,7,15360,19456
7,7,16384,19456
7,7,17408,19456
7,7,1024,20480
7,8,3072,20480
7,8,4096,20480
7,21,6144,20480
7,5,13312,20480
7,7,14336,20480
7,7,15360,20480
7,7,16384,20480
7,8,2048,21504
7,8,3072,21504
7,21,5120,21504
7,5,12288,21504
7,7,13312,21504
7,7,14336,21504
7,7,15360,21504
8,8,1024,23552
8,21,3072,23552
8,5,10240,23552
8,7,11264,23552
8,7,12288,23552
8,7,13312,23552
8,21,19456,23552
8,21,2048,24576
8,5,9216,24576
8,7,10240,24576
8,7,11264,24576
8,7,12288,24576
8,21,18432,24576
21,5,7168,26624
21,7,8192,26624
21,7,9216,26624
21,7,10240,26624
21,21,16384,26624
5,7,1024,33792
5,7,2048,33792
5,7,3072,33792
5,21,9216,33792
5,5,15360,33792
5,7,17408,33792
5,7,18432,33792
5,7,19456,33792
5,8,20480,33792
7,7,1024,34816
7,7,2048,34816
7,21,8192,34816
7,5,14336,34816
7,7,16384,34816
7,7,17408,34816
7,7,18432,34816
7,8,19456,34816
7,8,20480,34816
7,7,1024,35840
7,21,7168,35840
7,5,13312,35840
7,7,15360,35840
7,7,16384,35840
7,7,17408,35840
7,8,18432,35840
7,8,19456,35840
7,8,20480,35840
7,21,6144,36864
7,5,12288,36864
7,7,14336,36864
7,7,15360,36864
7,7,16384,36864
7,8,17408,36864
7,8,18432,36864
7,8,19456,36864
21,5,6144,43008
21,7,8192,43008
21,7,9216,43008
21,7,10240,43008
21,8,11264,43008
21,8,12288,43008
21,8,13312,43008
21,21,15360,43008
5,7,2048,49152
5,7,3072,49152
5,7,4096,49152
5,8,5120,49152
5,8,6144,49152
5,8,7168,49152
5,21,9216,49152
5,6,17408,49152
7,7,1024,51200
7,7,2048,51200
7,8,3072,51200
7,8,4096,51200
7,8,5120,51200
7,21,7168,51200
7,6,15360,51200
7,7,1024,52224
7,8,2048,52224
7,8,3072,52224
7,8,4096,52224
7,21,6144,52224
7,6,14336,52224
7,8,1024,53248
7,8,2048,53248
7,8,3072,53248
7,21,5120,53248
7,6,13312,53248
8,8,1024,54272
8,8,2048,54272
8,21,4096,54272
8,6,12288,54272
8,8,1024,55296
8,21,3072,55296
8,6,11264,55296
8,21,2048,56320
8,6,10240,56320
21,6,8192,58368
6,21,13312,66560
6,7,15360,66560
6,7,19456,66560
21,7,2048,79872
21,7,6144,79872
21,21,10240,79872
21,69,17408,79872
21,5,18432,79872
21,65,20480,79872
7,7,4096,81920
7,21,8192,81920
7,69,15360,81920
7,5,16384,81920
7,65,18432,81920
7,21,4096,86016
7,69,11264,86016
7,5,12288,86016
7,65,14336,86016
7,21,19456,86016
21,69,7168,90112
21,5,8192,90112
21,65,10240,90112
21,21,15360,90112
69,5,1024,97280
69,65,3072,97280
69,21,8192,97280
69,21,14336,97280
69,7,16384,97280
69,6,20480,97280
5,65,2048,98304
5,21,7168,98304
5,21,13312,98304
5,7,15360,98304
5,6,19456,98304
65,21,5120,100352
65,21,11264,100352
65,7,13312,100352
65,6,17408,100352
21,21,6144,105472
21,7,8192,105472
21,6,12288,105472
21,7,2048,111616
21,6,6144,111616
21,10,17408,111616
21,5,18432,111616
7,6,4096,113664
7,10,15360,113664
7,5,16384,113664
6,10,11264,117760
6,5,12288,117760
6,21,19456,117760
10,5,1024,129024
10,21,8192,129024
10,21,14336,129024
10,5,16384,129024
10,5,20480,129024
5,21,7168,130048
5,21,13312,130048
5,5,15360,130048
5,5,19456,130048
21,21,6144,137216
21,5,8192,137216
21,5,12288,137216
21,5,2048,143360
21,5,6144,143360
21,7,17408,143360
21,4,18432,143360
5,5,4096,145408
5,7,15360,145408
5,4,16384,145408
5,7,11264,149504
5,4,12288,149504
5,21,19456,149504
7,4,1024,160768
7,21,8192,160768
7,5,16384,160768
7,5,20480,160768
4,21,7168,161792
4,5,15360,161792
4,5,19456,161792
21,5,8192,168960
21,5,12288,168960
21,21,15360,168960
5,5,4096,177152
5,21,7168,177152
5,8,15360,177152
5,7,16384,177152
5,7,17408,177152
5,121,20480,177152
5,21,3072,181248
5,8,11264,181248
5,7,12288,181248
5,7,13312,181248
5,121,16384,181248
5,68,20480,181248
21,8,8192,184320
21,7,9216,184320
21,7,10240,184320
21,121,13312,184320
21,68,17408,184320
8,7,1024,192512
8,7,2048,192512
8,121,5120,192512
8,68,9216,192512
8,20,13312,192512
8,5,14336,192512
8,8,15360,192512
8,7,16384,192512
8,7,17408,192512
8,8,19456,192512
8,8,20480,192512
7,7,1024,193536
7,121,4096,193536
7,68,8192,193536
7,20,12288,193536
7,5,13312,193536
7,8,14336,193536
7,7,15360,193536
7,7,16384,193536
7,8,18432,193536
7,8,19456,193536
7,8,20480,193536
7,121,3072,194560
7,68,7168,194560
7,20,11264,194560
7,5,12288,194560
7,8,13312,194560
7,7,14336,194560
7,7,15360,194560
7,8,17408,194560
7,8,18432,194560
7,8,19456,194560
121,68,4096,197632
121,20,8192,197632
121,5,9216,197632
121,8,10240,197632
121,7,11264,197632
121,7,12288,197632
121,8,14336,197632
121,8,15360,197632
121,8,16384,197632
121,21,18432,197632
68,20,4096,201728
68,5,5120,201728
68,8,6144,201728
68,7,7168,201728
68,7,8192,201728
68,8,10240,201728
68,8,11264,201728
68,8,12288,201728
68,21,14336,201728
68,7,20480,201728
20,5,1024,205824
20,8,2048,205824
20,7,3072,205824
20,7,4096,205824
20,8,6144,205824
20,8,7168,205824
20,8,8192,205824
20,21,10240,205824
20,7,16384,205824
20,5,17408,205824
20,6,18432,205824
20,7,19456,205824
20,7,20480,205824
5,8,1024,206848
5,7,2048,206848
5,7,3072,206848
5,8,5120,206848
5,8,6144,206848
5,8,7168,206848
5,21,9216,206848
5,7,15360,206848
5,5,16384,206848
5,6,17408,206848
5,7,18432,206848
5,7,19456,206848
8,7,1024,207872
8,7,2048,207872
8,8,4096,207872
8,8,5120,207872
8,8,6144,207872
8,21,8192,207872
8,7,14336,207872
8,5,15360,207872
8,6,16384,207872
8,7,17408,207872
8,7,18432,207872
7,7,1024,208896
7,8,3072,208896
7,8,4096,208896
7,8,5120,208896
7,21,7168,208896
7,7,13312,208896
7,5,14336,208896
7,6,15360,208896
7,7,16384,208896
7,7,17408,208896
7,8,2048,209920
7,8,3072,209920
7,8,4096,209920
7,21,6144,209920
7,7,12288,209920
7,5,13312,209920
7,6,14336,209920
7,7,15360,209920
7,7,16384,209920
8,8,1024,211968
8,8,2048,211968
8,21,4096,211968
8,7,10240,211968
8,5,11264,211968
8,6,12288,211968
8,7,13312,211968
8,7,14336,211968
8,21,19456,211968
8,8,1024,212992
8,21,3072,212992
8,7,9216,212992
8,5,10240,212992
8,6,11264,212992
8,7,12288,212992
8,7,13312,212992
8,21,18432,212992
8,21,2048,214016
8,7,8192,214016
8,5,9216,214016
8,6,10240,214016
8,7,11264,214016
8,7,12288,214016
8,21,17408,214016
21,7,6144,216064
21,5,7168,216064
21,6,8192,216064
21,7,9216,216064
21,7,10240,216064
21,21,15360,216064
21,28,19456,216064
7,5,1024,222208
7,6,2048,222208
7,7,3072,222208
7,7,4096,222208
7,21,9216,222208
7,28,13312,222208
7,21,15360,222208
7,5,16384,222208
7,6,17408,222208
7,7,18432,222208
7,7,19456,222208
7,7,20480,222208
5,6,1024,223232
5,7,2048,223232
5,7,3072,223232
5,21,8192,223232
5,28,12288,223232
5,21,14336,223232
5,5,15360,223232
5,6,16384,223232
5,7,17408,223232
5,7,18432,223232
5,7,19456,223232
5,6,20480,223232
6,7,1024,224256
6,7,2048,224256
6,21,7168,224256
6,28,11264,224256
6,21,13312,224256
6,5,14336,224256
6,6,15360,224256
6,7,16384,224256
6,7,17408,224256
6,7,18432,224256
6,6,19456,224256
6,8,20480,224256
7,7,1024,225280
7,21,6144,225280
7,28,10240,225280
7,21,12288,225280
7,5,13312,225280
7,6,14336,225280
7,7,15360,225280
7,7,16384,225280
7,7,17408,225280
7,6,18432,225280
7,8,19456,225280
7,8,20480,225280
7,21,5120,226304
7,28,9216,226304
7,21,11264,226304
7,5,12288,226304
7,6,13312,226304
7,7,14336,226304
7,7,15360,226304
7,7,16384,226304
7,6,17408,226304
7,8,18432,226304
7,8,19456,226304
21,28,4096,231424
21,21,6144,231424
21,5,7168,231424
21,6,8192,231424
21,7,9216,231424
21,7,10240,231424
21,7,11264,231424
21,6,12288,231424
21,8,13312,231424
21,8,14336,231424
21,21,16384,231424
28,21,2048,235520
28,5,3072,235520
28,6,4096,235520
28,7,5120,235520
28,7,6144,235520
28,7,7168,235520
28,6,8192,235520
28,8,9216,235520
28,8,10240,235520
28,21,12288,235520
28,6,18432,235520
28,5,19456,235520
28,7,20480,235520
21,5,1024,237568
21,6,2048,237568
21,7,3072,237568
21,7,4096,237568
21,7,5120,237568
21,6,6144,237568
21,8,7168,237568
21,8,8192,237568
21,21,10240,237568
21,6,16384,237568
21,5,17408,237568
21,7,18432,237568
21,7,19456,237568
21,7,20480,237568
5,6,1024,238592
5,7,2048,238592
5,7,3072,238592
5,7,4096,238592
5,6,5120,238592
5,8,6144,238592
5,8,7168,238592
5,21,9216,238592
5,6,15360,238592
5,5,16384,238592
5,7,17408,238592
5,7,18432,238592
5,7,19456,238592
6,7,1024,239616
6,7,2048,239616
6,7,3072,239616
6,6,4096,239616
6,8,5120,239616
6,8,6144,239616
6,21,8192,239616
6,6,14336,239616
6,5,15360,239616
6,7,16384,239616
6,7,17408,239616
6,7,18432,239616
7,7,1024,240640
7,7,2048,240640
7,6,3072,240640
7,8,4096,240640
7,8,5120,240640
7,21,7168,240640
7,6,13312,240640
7,5,14336,240640
7,7,15360,240640
7,7,16384,240640
7,7,17408,240640
7,7,1024,241664
7,6,2048,241664
7,8,3072,241664
7,8,4096,241664
7,21,6144,241664
7,6,12288,241664
7,5,13312,241664
7,7,14336,241664
7,7,15360,241664
7,7,16384,241664
7,6,1024,242688
7,8,2048,242688
7,8,3072,242688
7,21,5120,242688
7,6,11264,242688
7,5,12288,242688
7,7,13312,242688
7,7,14336,242688
7,7,15360,242688
7,21,20480,242688
6,8,1024,243712
6,8,2048,243712
6,21,4096,243712
6,6,10240,243712
6,5,11264,243712
6,7,12288,243712
6,7,13312,243712
6,7,14336,243712
6,21,19456,243712
8,8,1024,244736
8,21,3072,244736
8,6,9216,244736
8,5,10240,244736
8,7,11264,244736
8,7,12288,244736
8,7,13312,244736
8,21,18432,244736
8,21,2048,245760
8,6,8192,245760
8,5,9216,245760
8,7,10240,245760
8,7,11264,245760
8,7,12288,245760
8,21,17408,245760
21,6,6144,247808
21,5,7168,247808
21,7,8192,247808
21,7,9216,247808
21,7,10240,247808
21,21,15360,247808
6,5,1024,253952
6,7,2048,253952
6,7,3072,253952
6,7,4096,253952
6,21,9216,253952
6,21,15360,253952
6,5,16384,253952
6,7,17408,253952
6,7,18432,253952
6,7,19456,253952
5,7,1024,254976
5,7,2048,254976
5,7,3072,254976
5,21,8192,254976
5,21,14336,254976
5,5,15360,254976
5,7,16384,254976
5,7,17408,254976
5,7,18432,254976
5,8,20480,254976
7,7,1024,256000
7,7,2048,256000
7,21,7168,256000
7,21,13312,256000
7,5,14336,256000
7,7,15360,256000
7,7,16384,256000
7,7,17408,256000
7,8,19456,256000
7,8,20480,256000
7,7,1024,257024
7,21,6144,257024
7,21,12288,257024
7,5,13312,257024
7,7,14336,257024
7,7,15360,257024
7,7,16384,257024
7,8,18432,257024
7,8,19456,257024
7,8,20480,257024
7,21,5120,258048
7,21,11264,258048
7,5,12288,258048
7,7,13312,258048
7,7,14336,258048
7,7,15360,258048
7,8,17408,258048
7,8,18432,258048
7,8,19456,258048
21,21,6144,263168
21,5,7168,263168
21,7,8192,263168
21,7,9216,263168
21,7,10240,263168
21,8,12288,263168
21,8,13312,263168
21,8,14336,263168
21,5,1024,269312
21,7,2048,269312
21,7,3072,269312
21,7,4096,269312
21,8,6144,269312
21,8,7168,269312
21,8,8192,269312
21,5,16384,269312
21,9,17408,269312
21,7,18432,269312
21,7,19456,269312
21,7,20480,269312
5,7,1024,270336
5,7,2048,270336
5,7,3072,270336
5,8,5120,270336
5,8,6144,270336
5,8,7168,270336
5,5,15360,270336
5,9,16384,270336
5,7,17408,270336
5,7,18432,270336
5,7,19456,270336
7,7,1024,271360
7,7,2048,271360
7,8,4096,271360
7,8,5120,271360
7,8,6144,271360
7,5,14336,271360
7,9,15360,271360
7,7,16384,271360
7,7,17408,271360
7,7,18432,271360
7,7,1024,272384
7,8,3072,272384
7,8,4096,272384
7,8,5120,272384
7,5,13312,272384
7,9,14336,272384
7,7,15360,272384
7,7,16384,272384
7,7,17408,272384
7,8,2048,273408
7,8,3072,273408
7,8,4096,273408
7,5,12288,273408
7,9,13312,273408
7,7,14336,273408
7,7,15360,273408
7,7,16384,273408
8,8,1024,275456
8,8,2048,275456
8,5,10240,275456
8,9,11264,275456
8,7,12288,275456
8,7,13312,275456
8,7,14336,275456
8,21,19456,275456
8,8,1024,276480
8,5,9216,276480
8,9,10240,276480
8,7,11264,276480
8,7,12288,276480
8,7,13312,276480
8,21,18432,276480
8,5,8192,277504
8,9,9216,277504
8,7,10240,277504
8,7,11264,277504
8,7,12288,277504
8,21,17408,277504
5,9,1024,285696
5,7,2048,285696
5,7,3072,285696
5,7,4096,285696
5,21,9216,285696
5,21,15360,285696
5,5,17408,285696
5,36,19456,285696
9,7,1024,286720
9,7,2048,286720
9,7,3072,286720
9,21,8192,286720
9,21,14336,286720
9,5,16384,286720
9,36,18432,286720
9,5,20480,286720
7,7,1024,287744
7,7,2048,287744
7,21,7168,287744
7,21,13312,287744
7,5,15360,287744
7,36,17408,287744
7,5,19456,287744
7,7,1024,288768
7,21,6144,288768
7,21,12288,288768
7,5,14336,288768
7,36,16384,288768
7,5,18432,288768
7,21,5120,289792
7,21,11264,289792
7,5,13312,289792
7,36,15360,289792
7,5,17408,289792
7,21,20480,289792
21,21,6144,294912
21,5,8192,294912
21,36,10240,294912
21,5,12288,294912
21,21,15360,294912
21,5,2048,301056
21,36,4096,301056
21,5,6144,301056
21,21,9216,301056
21,7,17408,301056
5,36,2048,303104
5,5,4096,303104
5,21,7168,303104
5,7,15360,303104
5,41,19456,303104
36,5,2048,305152
36,21,5120,305152
36,7,13312,305152
36,41,17408,305152
5,21,3072,307200
5,7,11264,307200
5,41,15360,307200
21,7,8192,310272
21,41,12288,310272
7,41,4096,318464
