58,58,1024,0
58,29,7168,0
58,25,8192,0
58,26,9216,0
58,26,10240,0
58,22,11264,0
58,18,13312,0
58,19,14336,0
58,19,15360,0
58,29,6144,1024
58,25,7168,1024
58,26,8192,1024
58,26,9216,1024
58,22,10240,1024
58,18,12288,1024
58,19,13312,1024
58,19,14336,1024
29,25,1024,7168
29,26,2048,7168
29,26,3072,7168
29,22,4096,7168
29,18,6144,7168
29,19,7168,7168
29,19,8192,7168
29,18,20480,7168
25,26,1024,8192
25,26,2048,8192
25,22,3072,8192
25,18,5120,8192
25,19,6144,8192
25,19,7168,8192
25,18,19456,8192
26,26,1024,9216
26,22,2048,9216
26,18,4096,9216
26,19,5120,9216
26,19,6144,9216
26,18,18432,9216
26,43,20480,9216
26,22,1024,10240
26,18,3072,10240
26,19,4096,10240
26,19,5120,10240
26,18,17408,10240
26,43,19456,10240
26,57,20480,10240
22,18,2048,11264
22,19,3072,11264
22,19,4096,11264
22,18,16384,11264
22,43,18432,11264
22,57,19456,11264
18,19,1024,13312
18,19,2048,13312
18,18,14336,13312
18,43,16384,13312
18,57,17408,13312
18,26,19456,13312
18,53,19456,13312
18,53,20480,13312
19,19,1024,14336
19,18,13312,14336
19,43,15360,14336
19,57,16384,14336
19,26,18432,14336
19,53,18432,14336
19,53,19456,14336
19,18,12288,15360
19,43,14336,15360
19,57,15360,15360
19,26,17408,15360
19,53,17408,15360
19,53,18432,15360
19,58,20480,15360
18,43,2048,27648
18,57,3072,27648
18,26,5120,27648
18,53,5120,27648
18,53,6144,27648
18,58,8192,27648
18,32,11264,27648
18,31,12288,27648
18,58,15360,27648
18,26,18432,27648
18,53,18432,27648
18,53,19456,27648
18,55,20480,27648
43,57,1024,29696
43,26,3072,29696
43,53,3072,29696
43,53,4096,29696
43,58,6144,29696
43,32,9216,29696
43,31,10240,29696
43,58,13312,29696
43,26,16384,29696
43,53,16384,29696
43,53,17408,29696
43,55,18432,29696
43,52,19456,29696
57,26,2048,30720
57,53,2048,30720
57,53,3072,30720
57,58,5120,30720
57,32,8192,30720
57,31,9216,30720
57,58,12288,30720
57,26,15360,30720
57,53,15360,30720
57,53,16384,30720
57,55,17408,30720
57,52,18432,30720
26,53,0,32768
26,53,1024,32768
26,58,3072,32768
26,32,6144,32768
26,31,7168,32768
26,58,10240,32768
26,26,13312,32768
26,53,13312,32768
26,53,14336,32768
26,55,15360,32768
26,52,16384,32768
53,53,1024,32768
53,58,3072,32768
53,32,6144,32768
53,31,7168,32768
53,58,10240,32768
53,26,13312,32768
53,53,13312,32768
53,53,14336,32768
53,55,15360,32768
53,52,16384,32768
53,58,2048,33792
53,32,5120,33792
53,31,6144,33792
53,58,9216,33792
53,26,12288,33792
53,53,12288,33792
53,53,13312,33792
53,55,14336,33792
53,52,15360,33792
58,32,3072,35840
58,31,4096,35840
58,58,7168,35840
58,26,10240,35840
58,53,10240,35840
58,53,11264,35840
58,55,12288,35840
58,52,13312,35840
58,29,19456,35840
58,25,20480,35840
32,31,1024,38912
32,58,4096,38912
32,26,7168,38912
32,53,7168,38912
32,53,8192,38912
32,55,9216,38912
32,52,10240,38912
32,29,16384,38912
32,25,17408,38912
32,28,18432,38912
32,33,20480,38912
31,58,3072,39936
31,26,6144,39936
31,53,6144,39936
31,53,7168,39936
31,55,8192,39936
31,52,9216,39936
31,29,15360,39936
31,25,16384,39936
31,28,17408,39936
31,33,19456,39936
31,29,20480,39936
58,26,3072,43008
58,53,3072,43008
58,53,4096,43008
58,55,5120,43008
58,52,6144,43008
58,29,12288,43008
58,25,13312,43008
58,28,14336,43008
58,33,16384,43008
58,29,17408,43008
58,24,18432,43008
58,30,19456,43008
58,25,20480,43008
26,53,0,46080
26,53,1024,46080
26,55,2048,46080
26,52,3072,46080
26,29,9216,46080
26,25,10240,46080
26,28,11264,46080
26,33,13312,46080
26,29,14336,46080
26,24,15360,46080
26,30,16384,46080
26,25,17408,46080
26,18,20480,46080
53,53,1024,46080
53,55,2048,46080
53,52,3072,46080
53,29,9216,46080
53,25,10240,46080
53,28,11264,46080
53,33,13312,46080
53,29,14336,46080
53,24,15360,46080
53,30,16384,46080
53,25,17408,46080
53,18,20480,46080
53,55,1024,47104
53,52,2048,47104
53,29,8192,47104
53,25,9216,47104
53,28,10240,47104
53,33,12288,47104
53,29,13312,47104
53,24,14336,47104
53,30,15360,47104
53,25,16384,47104
53,18,19456,47104
55,52,1024,48128
55,29,7168,48128
55,25,8192,48128
55,28,9216,48128
55,33,11264,48128
55,29,12288,48128
55,24,13312,48128
55,30,14336,48128
55,25,15360,48128
55,18,18432,48128
52,29,6144,49152
52,25,7168,49152
52,28,8192,49152
52,33,10240,49152
52,29,11264,49152
52,24,12288,49152
52,30,13312,49152
52,25,14336,49152
52,18,17408,49152
29,25,1024,55296
29,28,2048,55296
29,33,4096,55296
29,29,5120,55296
29,24,6144,55296
29,30,7168,55296
29,25,8192,55296
29,18,11264,55296
25,28,1024,56320
25,33,3072,56320
25,29,4096,56320
25,24,5120,56320
25,30,6144,56320
25,25,7168,56320
25,18,10240,56320
28,33,2048,57344
28,29,3072,57344
28,24,4096,57344
28,30,5120,57344
28,25,6144,57344
28,18,9216,57344
33,29,1024,59392
33,24,2048,59392
33,30,3072,59392
33,25,4096,59392
33,18,7168,59392
29,24,1024,60416
29,30,2048,60416
29,25,3072,60416
29,18,6144,60416
24,30,1024,61440
24,25,2048,61440
24,18,5120,61440
30,25,1024,62464
30,18,4096,62464
30,28,20480,62464
25,18,3072,63488
25,28,19456,63488
18,28,16384,66560
18,33,19456,66560
18,33,20480,66560
28,33,3072,82944
28,33,4096,82944
28,33,5120,82944
28,33,6144,82944
28,34,7168,82944
28,21,9216,82944
28,22,11264,82944
28,18,12288,82944
28,24,16384,82944
28,46,17408,82944
28,46,18432,82944
28,46,19456,82944
28,46,20480,82944
33,33,1024,86016
33,33,2048,86016
33,33,3072,86016
33,34,4096,86016
33,21,6144,86016
33,22,8192,86016
33,18,9216,86016
33,24,13312,86016
33,46,14336,86016
33,46,15360,86016
33,46,16384,86016
33,46,17408,86016
33,39,19456,86016
33,40,19456,86016
33,33,1024,87040
33,33,2048,87040
33,34,3072,87040
33,21,5120,87040
33,22,7168,87040
33,18,8192,87040
33,24,12288,87040
33,46,13312,87040
33,46,14336,87040
33,46,15360,87040
33,46,16384,87040
33,39,18432,87040
33,40,18432,87040
33,24,20480,87040
33,33,1024,88064
33,34,2048,88064
33,21,4096,88064
33,22,6144,88064
33,18,7168,88064
33,24,11264,88064
33,46,12288,88064
33,46,13312,88064
33,46,14336,88064
33,46,15360,88064
33,39,17408,88064
33,40,17408,88064
33,24,19456,88064
33,23,20480,88064
33,34,1024,89088
33,21,3072,89088
33,22,5120,89088
33,18,6144,89088
33,24,10240,89088
33,46,11264,89088
33,46,12288,89088
33,46,13312,89088
33,46,14336,89088
33,39,16384,89088
33,40,16384,89088
33,24,18432,89088
33,23,19456,89088
33,23,20480,89088
34,21,2048,90112
34,22,4096,90112
34,18,5120,90112
34,24,9216,90112
34,46,10240,90112
34,46,11264,90112
34,46,12288,90112
34,46,13312,90112
34,39,15360,90112
34,40,15360,90112
34,24,17408,90112
34,23,18432,90112
34,23,19456,90112
34,23,20480,90112
21,22,2048,92160
21,18,3072,92160
21,24,7168,92160
21,46,8192,92160
21,46,9216,92160
21,46,10240,92160
21,46,11264,92160
21,39,13312,92160
21,40,13312,92160
21,24,15360,92160
21,23,16384,92160
21,23,17408,92160
21,23,18432,92160
22,18,1024,94208
22,24,5120,94208
22,46,6144,94208
22,46,7168,94208
22,46,8192,94208
22,46,9216,94208
22,39,11264,94208
22,40,11264,94208
22,24,13312,94208
22,23,14336,94208
22,23,15360,94208
22,23,16384,94208
22,39,19456,94208
22,40,19456,94208
18,24,4096,95232
18,46,5120,95232
18,46,6144,95232
18,46,7168,95232
18,46,8192,95232
18,39,10240,95232
18,40,10240,95232
18,24,12288,95232
18,23,13312,95232
18,23,14336,95232
18,23,15360,95232
18,39,18432,95232
18,40,18432,95232
18,43,20480,95232
24,46,1024,99328
24,46,2048,99328
24,46,3072,99328
24,46,4096,99328
24,39,6144,99328
24,40,6144,99328
24,24,8192,99328
24,23,9216,99328
24,23,10240,99328
24,23,11264,99328
24,39,14336,99328
24,40,14336,99328
24,43,16384,99328
46,46,1024,100352
46,46,2048,100352
46,46,3072,100352
46,39,5120,100352
46,40,5120,100352
46,24,7168,100352
46,23,8192,100352
46,23,9216,100352
46,23,10240,100352
46,39,13312,100352
46,40,13312,100352
46,43,15360,100352
46,46,1024,101376
46,46,2048,101376
46,39,4096,101376
46,40,4096,101376
46,24,6144,101376
46,23,7168,101376
46,23,8192,101376
46,23,9216,101376
46,39,12288,101376
46,40,12288,101376
46,43,14336,101376
46,46,1024,102400
46,39,3072,102400
46,40,3072,102400
46,24,5120,102400
46,23,6144,102400
46,23,7168,102400
46,23,8192,102400
46,39,11264,102400
46,40,11264,102400
46,43,13312,102400
46,28,20480,102400
46,39,2048,103424
46,40,2048,103424
46,24,4096,103424
46,23,5120,103424
46,23,6144,103424
46,23,7168,103424
46,39,10240,103424
46,40,10240,103424
46,43,12288,103424
46,28,19456,103424
46,55,20480,103424
39,40,0,105472
39,24,2048,105472
39,23,3072,105472
39,23,4096,105472
39,23,5120,105472
39,39,8192,105472
39,40,8192,105472
39,43,10240,105472
39,28,17408,105472
39,55,18432,105472
39,58,19456,105472
39,58,20480,105472
40,24,2048,105472
40,23,3072,105472
40,23,4096,105472
40,23,5120,105472
40,39,8192,105472
40,40,8192,105472
40,43,10240,105472
40,28,17408,105472
40,55,18432,105472
40,58,19456,105472
40,58,20480,105472
24,23,1024,107520
24,23,2048,107520
24,23,3072,107520
24,39,6144,107520
24,40,6144,107520
24,43,8192,107520
24,28,15360,107520
24,55,16384,107520
24,58,17408,107520
24,58,18432,107520
23,23,1024,108544
23,23,2048,108544
23,39,5120,108544
23,40,5120,108544
23,43,7168,108544
23,28,14336,108544
23,55,15360,108544
23,58,16384,108544
23,58,17408,108544
23,23,1024,109568
23,39,4096,109568
23,40,4096,109568
23,43,6144,109568
23,28,13312,109568
23,55,14336,109568
23,58,15360,109568
23,58,16384,109568
23,39,3072,110592
23,40,3072,110592
23,43,5120,110592
23,28,12288,110592
23,55,13312,110592
23,58,14336,110592
23,58,15360,110592
39,40,0,113664
39,43,2048,113664
39,28,9216,113664
39,55,10240,113664
39,58,11264,113664
39,58,12288,113664
39,26,20480,113664
40,43,2048,113664
40,28,9216,113664
40,55,10240,113664
40,58,11264,113664
40,58,12288,113664
40,26,20480,113664
43,28,7168,115712
43,55,8192,115712
43,58,9216,115712
43,58,10240,115712
43,26,18432,115712
43,20,20480,115712
28,55,1024,122880
28,58,2048,122880
28,58,3072,122880
28,26,11264,122880
28,20,13312,122880
28,24,14336,122880
28,18,15360,122880
28,19,16384,122880
28,19,17408,122880
55,58,1024,123904
55,58,2048,123904
55,26,10240,123904
55,20,12288,123904
55,24,13312,123904
55,18,14336,123904
55,19,15360,123904
55,19,16384,123904
58,58,1024,124928
58,26,9216,124928
58,20,11264,124928
58,24,12288,124928
58,18,13312,124928
58,19,14336,124928
58,19,15360,124928
58,26,8192,125952
58,20,10240,125952
58,24,11264,125952
58,18,12288,125952
58,19,13312,125952
58,19,14336,125952
26,20,2048,134144
26,24,3072,134144
26,18,4096,134144
26,19,5120,134144
26,19,6144,134144
20,24,1024,136192
20,18,2048,136192
20,19,3072,136192
20,19,4096,136192
24,18,1024,137216
24,19,2048,137216
24,19,3072,137216
18,19,1024,138240
18,19,2048,138240
18,26,20480,138240
19,19,1024,139264
19,26,19456,139264
19,26,18432,140288
26,29,3072,158720
26,58,3072,158720
26,31,5120,158720
26,39,6144,158720
26,40,6144,158720
26,39,7168,158720
26,31,8192,158720
26,29,9216,158720
26,29,10240,158720
26,26,12288,158720
26,51,13312,158720
26,52,14336,158720
26,38,17408,158720
26,24,19456,158720
29,58,0,161792
29,31,2048,161792
29,39,3072,161792
29,40,3072,161792
29,39,4096,161792
29,31,5120,161792
29,29,6144,161792
29,29,7168,161792
29,26,9216,161792
29,51,10240,161792
29,52,11264,161792
29,38,14336,161792
29,24,16384,161792
29,22,17408,161792
58,31,2048,161792
58,39,3072,161792
58,40,3072,161792
58,39,4096,161792
58,31,5120,161792
58,29,6144,161792
58,29,7168,161792
58,26,9216,161792
58,51,10240,161792
58,52,11264,161792
58,38,14336,161792
58,24,16384,161792
58,22,17408,161792
58,25,18432,161792
31,39,1024,163840
31,40,1024,163840
31,39,2048,163840
31,31,3072,163840
31,29,4096,163840
31,29,5120,163840
31,26,7168,163840
31,51,8192,163840
31,52,9216,163840
31,38,12288,163840
31,24,14336,163840
31,22,15360,163840
31,25,16384,163840
31,22,17408,163840
39,40,0,164864
39,39,1024,164864
39,31,2048,164864
39,29,3072,164864
39,29,4096,164864
39,26,6144,164864
39,51,7168,164864
39,52,8192,164864
39,38,11264,164864
39,24,13312,164864
39,22,14336,164864
39,25,15360,164864
39,22,16384,164864
39,25,17408,164864
40,39,1024,164864
40,31,2048,164864
40,29,3072,164864
40,29,4096,164864
40,26,6144,164864
40,51,7168,164864
40,52,8192,164864
40,38,11264,164864
40,24,13312,164864
40,22,14336,164864
40,25,15360,164864
40,22,16384,164864
40,25,17408,164864
40,24,20480,164864
39,31,1024,165888
39,29,2048,165888
39,29,3072,165888
39,26,5120,165888
39,51,6144,165888
39,52,7168,165888
39,38,10240,165888
39,24,12288,165888
39,22,13312,165888
39,25,14336,165888
39,22,15360,165888
39,25,16384,165888
39,24,19456,165888
31,29,1024,166912
31,29,2048,166912
31,26,4096,166912
31,51,5120,166912
31,52,6144,166912
31,38,9216,166912
31,24,11264,166912
31,22,12288,166912
31,25,13312,166912
31,22,14336,166912
31,25,15360,166912
31,24,18432,166912
31,25,20480,166912
29,29,1024,167936
29,26,3072,167936
29,51,4096,167936
29,52,5120,167936
29,38,8192,167936
29,24,10240,167936
29,22,11264,167936
29,25,12288,167936
29,22,13312,167936
29,25,14336,167936
29,24,17408,167936
29,25,19456,167936
29,26,2048,168960
29,51,3072,168960
29,52,4096,168960
29,38,7168,168960
29,24,9216,168960
29,22,10240,168960
29,25,11264,168960
29,22,12288,168960
29,25,13312,168960
29,24,16384,168960
29,25,18432,168960
26,51,1024,171008
26,52,2048,171008
26,38,5120,171008
26,24,7168,171008
26,22,8192,171008
26,25,9216,171008
26,22,10240,171008
26,25,11264,171008
26,24,14336,171008
26,25,16384,171008
51,52,1024,172032
51,38,4096,172032
51,24,6144,172032
51,22,7168,172032
51,25,8192,172032
51,22,9216,172032
51,25,10240,172032
51,24,13312,172032
51,25,15360,172032
51,56,20480,172032
52,38,3072,173056
52,24,5120,173056
52,22,6144,173056
52,25,7168,173056
52,22,8192,173056
52,25,9216,173056
52,24,12288,173056
52,25,14336,173056
52,56,19456,173056
52,59,20480,173056
38,24,2048,176128
38,22,3072,176128
38,25,4096,176128
38,22,5120,176128
38,25,6144,176128
38,24,9216,176128
38,25,11264,176128
38,56,16384,176128
38,59,17408,176128
38,60,18432,176128
38,52,20480,176128
24,22,1024,178176
24,25,2048,178176
24,22,3072,178176
24,25,4096,178176
24,24,7168,178176
24,25,9216,178176
24,56,14336,178176
24,59,15360,178176
24,60,16384,178176
24,52,18432,178176
22,25,1024,179200
22,22,2048,179200
22,25,3072,179200
22,24,6144,179200
22,25,8192,179200
22,56,13312,179200
22,59,14336,179200
22,60,15360,179200
22,52,17408,179200
25,22,1024,180224
25,25,2048,180224
25,24,5120,180224
25,25,7168,180224
25,56,12288,180224
25,59,13312,180224
25,60,14336,180224
25,52,16384,180224
22,25,1024,181248
22,24,4096,181248
22,25,6144,181248
22,56,11264,181248
22,59,12288,181248
22,60,13312,181248
22,52,15360,181248
25,24,3072,182272
25,25,5120,182272
25,56,10240,182272
25,59,11264,182272
25,60,12288,182272
25,52,14336,182272
24,25,2048,185344
24,56,7168,185344
24,59,8192,185344
24,60,9216,185344
24,52,11264,185344
24,59,18432,185344
24,59,19456,185344
25,56,5120,187392
25,59,6144,187392
25,60,7168,187392
25,52,9216,187392
25,59,16384,187392
25,59,17408,187392
25,20,20480,187392
56,59,1024,192512
56,60,2048,192512
56,52,4096,192512
56,59,11264,192512
56,59,12288,192512
56,20,15360,192512
59,60,1024,193536
59,52,3072,193536
59,59,10240,193536
59,59,11264,193536
59,20,14336,193536
60,52,2048,194560
60,59,9216,194560
60,59,10240,194560
60,20,13312,194560
52,59,7168,196608
52,59,8192,196608
52,20,11264,196608
59,59,1024,203776
59,20,4096,203776
59,39,19456,203776
59,40,19456,203776
59,20,3072,204800
59,39,18432,204800
59,40,18432,204800
59,22,20480,204800
20,39,15360,207872
20,40,15360,207872
20,22,17408,207872
39,40,0,223232
39,22,2048,223232
39,39,11264,223232
39,40,11264,223232
39,39,12288,223232
40,22,2048,223232
40,39,11264,223232
40,40,11264,223232
40,39,12288,223232
22,39,9216,225280
22,40,9216,225280
22,39,10240,225280
39,40,0,234496
39,39,1024,234496
39,29,17408,234496
39,29,18432,234496
39,58,19456,234496
39,57,20480,234496
40,39,1024,234496
40,29,17408,234496
40,29,18432,234496
40,58,19456,234496
40,57,20480,234496
39,29,16384,235520
39,29,17408,235520
39,58,18432,235520
39,57,19456,235520
29,29,1024,251904
29,58,2048,251904
29,57,3072,251904
29,26,10240,251904
29,53,10240,251904
29,23,12288,251904
29,58,1024,252928
29,57,2048,252928
29,26,9216,252928
29,53,9216,252928
29,23,11264,252928
58,57,1024,253952
58,26,8192,253952
58,53,8192,253952
58,23,10240,253952
57,26,7168,254976
57,53,7168,254976
57,23,9216,254976
26,53,0,262144
26,23,2048,262144
26,54,17408,262144
26,28,18432,262144
26,55,18432,262144
26,29,19456,262144
26,29,20480,262144
53,23,2048,262144
53,54,17408,262144
53,28,18432,262144
53,55,18432,262144
53,29,19456,262144
53,29,20480,262144
23,54,15360,264192
23,28,16384,264192
23,55,16384,264192
23,29,17408,264192
23,29,18432,264192
23,29,20480,264192
54,28,1024,279552
54,55,1024,279552
54,29,2048,279552
54,29,3072,279552
54,29,5120,279552
54,29,6144,279552
54,28,7168,279552
54,30,8192,279552
54,33,10240,279552
54,31,11264,279552
54,32,12288,279552
54,28,13312,279552
54,26,16384,279552
54,26,17408,279552
28,55,0,280576
28,29,1024,280576
28,29,2048,280576
28,29,4096,280576
28,29,5120,280576
28,28,6144,280576
28,30,7168,280576
28,33,9216,280576
28,31,10240,280576
28,32,11264,280576
28,28,12288,280576
28,26,15360,280576
28,26,16384,280576
28,25,18432,280576
55,29,1024,280576
55,29,2048,280576
55,29,4096,280576
55,29,5120,280576
55,28,6144,280576
55,30,7168,280576
55,33,9216,280576
55,31,10240,280576
55,32,11264,280576
55,28,12288,280576
55,26,15360,280576
55,26,16384,280576
55,25,18432,280576
29,29,1024,281600
29,29,3072,281600
29,29,4096,281600
29,28,5120,281600
29,30,6144,281600
29,33,8192,281600
29,31,9216,281600
29,32,10240,281600
29,28,11264,281600
29,26,14336,281600
29,26,15360,281600
29,25,17408,281600
29,29,2048,282624
29,29,3072,282624
29,28,4096,282624
29,30,5120,282624
29,33,7168,282624
29,31,8192,282624
29,32,9216,282624
29,28,10240,282624
29,26,13312,282624
29,26,14336,282624
29,25,16384,282624
29,29,1024,284672
29,28,2048,284672
29,30,3072,284672
29,33,5120,284672
29,31,6144,284672
29,32,7168,284672
29,28,8192,284672
29,26,11264,284672
29,26,12288,284672
29,25,14336,284672
29,28,1024,285696
29,30,2048,285696
29,33,4096,285696
29,31,5120,285696
29,32,6144,285696
29,28,7168,285696
29,26,10240,285696
29,26,11264,285696
29,25,13312,285696
28,30,1024,286720
28,33,3072,286720
28,31,4096,286720
28,32,5120,286720
28,28,6144,286720
28,26,9216,286720
28,26,10240,286720
28,25,12288,286720
28,59,20480,286720
30,33,2048,287744
30,31,3072,287744
30,32,4096,287744
30,28,5120,287744
30,26,8192,287744
30,26,9216,287744
30,25,11264,287744
30,59,19456,287744
33,31,1024,289792
33,32,2048,289792
33,28,3072,289792
33,26,6144,289792
33,26,7168,289792
33,25,9216,289792
33,59,17408,289792
31,32,1024,290816
31,28,2048,290816
31,26,5120,290816
31,26,6144,290816
31,25,8192,290816
31,59,16384,290816
32,28,1024,291840
32,26,4096,291840
32,26,5120,291840
32,25,7168,291840
32,59,15360,291840
28,26,3072,292864
28,26,4096,292864
28,25,6144,292864
28,59,14336,292864
26,26,1024,295936
26,25,3072,295936
26,59,11264,295936
26,18,19456,295936
26,25,2048,296960
26,59,10240,296960
26,18,18432,296960
25,59,8192,299008
25,18,16384,299008
59,18,8192,307200
59,58,16384,307200
59,58,17408,307200
59,58,18432,307200
18,58,8192,315392
18,58,9216,315392
18,58,10240,315392
58,58,1024,323584
58,58,2048,323584
58,58,1024,324608
