39,40,0,1024
39,35,1024,1024
39,53,12288,1024
39,18,15360,1024
39,61,16384,1024
40,35,1024,1024
40,53,12288,1024
40,18,15360,1024
40,61,16384,1024
35,53,11264,2048
35,18,14336,2048
35,61,15360,2048
53,18,3072,13312
53,61,4096,13312
53,45,14336,13312
53,45,15360,13312
18,61,1024,16384
18,45,11264,16384
18,45,12288,16384
61,45,10240,17408
61,45,11264,17408
61,18,20480,17408
45,45,1024,27648
45,18,10240,27648
45,18,12288,27648
45,18,16384,27648
45,40,16384,27648
45,41,17408,27648
45,18,9216,28672
45,18,11264,28672
45,18,15360,28672
45,40,15360,28672
45,41,16384,28672
18,18,2048,37888
18,18,6144,37888
18,40,6144,37888
18,41,7168,37888
18,41,12288,37888
18,41,14336,37888
18,41,16384,37888
18,40,18432,37888
18,40,20480,37888
18,18,4096,39936
18,40,4096,39936
18,41,5120,39936
18,41,10240,39936
18,41,12288,39936
18,41,14336,39936
18,40,16384,39936
18,40,18432,39936
18,40,0,44032
18,41,1024,44032
18,41,6144,44032
18,41,8192,44032
18,41,10240,44032
18,40,12288,44032
18,40,14336,44032
40,41,1024,44032
40,41,6144,44032
40,41,8192,44032
40,41,10240,44032
40,40,12288,44032
40,40,14336,44032
41,41,5120,45056
41,41,7168,45056
41,41,9216,45056
41,40,11264,45056
41,40,13312,45056
41,41,2048,50176
41,41,4096,50176
41,40,6144,50176
41,40,8192,50176
41,41,2048,52224
41,40,4096,52224
41,40,6144,52224
41,40,2048,54272
41,40,4096,54272
40,40,2048,56320
45,39,4096,93184
45,40,4096,93184
45,20,5120,93184
45,40,5120,93184
45,39,6144,93184
45,40,6144,93184
45,20,7168,93184
45,39,12288,93184
45,36,15360,93184
45,61,18432,93184
45,56,19456,93184
39,40,0,97280
39,20,1024,97280
39,40,1024,97280
39,39,2048,97280
39,40,2048,97280
39,20,3072,97280
39,39,8192,97280
39,36,11264,97280
39,61,14336,97280
39,56,15360,97280
39,18,20480,97280
40,20,1024,97280
40,40,1024,97280
40,39,2048,97280
40,40,2048,97280
40,20,3072,97280
40,39,8192,97280
40,36,11264,97280
40,61,14336,97280
40,56,15360,97280
40,18,20480,97280
20,40,0,98304
20,39,1024,98304
20,40,1024,98304
20,20,2048,98304
20,39,7168,98304
20,36,10240,98304
20,61,13312,98304
20,56,14336,98304
20,18,19456,98304
20,39,20480,98304
20,40,20480,98304
40,39,1024,98304
40,40,1024,98304
40,20,2048,98304
40,39,7168,98304
40,36,10240,98304
40,61,13312,98304
40,56,14336,98304
40,18,19456,98304
40,39,20480,98304
40,40,20480,98304
39,40,0,99328
39,20,1024,99328
39,39,6144,99328
39,36,9216,99328
39,61,12288,99328
39,56,13312,99328
39,18,18432,99328
39,39,19456,99328
39,40,19456,99328
40,20,1024,99328
40,39,6144,99328
40,36,9216,99328
40,61,12288,99328
40,56,13312,99328
40,18,18432,99328
40,39,19456,99328
40,40,19456,99328
20,39,5120,100352
20,36,8192,100352
20,61,11264,100352
20,56,12288,100352
20,18,17408,100352
20,39,18432,100352
20,40,18432,100352
39,36,3072,105472
39,61,6144,105472
39,56,7168,105472
39,18,12288,105472
39,39,13312,105472
39,40,13312,105472
39,18,16384,105472
39,40,17408,105472
39,61,18432,105472
39,68,19456,105472
36,61,3072,108544
36,56,4096,108544
36,18,9216,108544
36,39,10240,108544
36,40,10240,108544
36,18,13312,108544
36,40,14336,108544
36,61,15360,108544
36,68,16384,108544
61,56,1024,111616
61,18,6144,111616
61,39,7168,111616
61,40,7168,111616
61,18,10240,111616
61,40,11264,111616
61,61,12288,111616
61,68,13312,111616
56,18,5120,112640
56,39,6144,112640
56,40,6144,112640
56,18,9216,112640
56,40,10240,112640
56,61,11264,112640
56,68,12288,112640
18,39,1024,117760
18,40,1024,117760
18,18,4096,117760
18,40,5120,117760
18,61,6144,117760
18,68,7168,117760
18,36,18432,117760
39,40,0,118784
39,18,3072,118784
39,40,4096,118784
39,61,5120,118784
39,68,6144,118784
39,36,17408,118784
40,18,3072,118784
40,40,4096,118784
40,61,5120,118784
40,68,6144,118784
40,36,17408,118784
18,40,1024,121856
18,61,2048,121856
18,68,3072,121856
18,36,14336,121856
18,36,19456,121856
18,37,20480,121856
40,61,1024,122880
40,68,2048,122880
40,36,13312,122880
40,36,18432,122880
40,37,19456,122880
40,36,20480,122880
61,68,1024,123904
61,36,12288,123904
61,36,17408,123904
61,37,18432,123904
61,36,19456,123904
61,35,20480,123904
68,36,11264,124928
68,36,16384,124928
68,37,17408,124928
68,36,18432,124928
68,35,19456,124928
36,36,5120,136192
36,37,6144,136192
36,36,7168,136192
36,35,8192,136192
36,36,11264,136192
36,41,13312,136192
36,18,14336,136192
36,36,17408,136192
36,38,18432,136192
36,42,19456,136192
36,40,20480,136192
36,37,1024,141312
36,36,2048,141312
36,35,3072,141312
36,36,6144,141312
36,41,8192,141312
36,18,9216,141312
36,36,12288,141312
36,38,13312,141312
36,42,14336,141312
36,40,15360,141312
36,41,16384,141312
36,40,17408,141312
36,40,18432,141312
36,40,19456,141312
37,36,1024,142336
37,35,2048,142336
37,36,5120,142336
37,41,7168,142336
37,18,8192,142336
37,36,11264,142336
37,38,12288,142336
37,42,13312,142336
37,40,14336,142336
37,41,15360,142336
37,40,16384,142336
37,40,17408,142336
37,40,18432,142336
37,40,20480,142336
36,35,1024,143360
36,36,4096,143360
36,41,6144,143360
36,18,7168,143360
36,36,10240,143360
36,38,11264,143360
36,42,12288,143360
36,40,13312,143360
36,41,14336,143360
36,40,15360,143360
36,40,16384,143360
36,40,17408,143360
36,40,19456,143360
36,41,20480,143360
35,36,3072,144384
35,41,5120,144384
35,18,6144,144384
35,36,9216,144384
35,38,10240,144384
35,42,11264,144384
35,40,12288,144384
35,41,13312,144384
35,40,14336,144384
35,40,15360,144384
35,40,16384,144384
35,40,18432,144384
35,41,19456,144384
35,40,20480,144384
36,41,2048,147456
36,18,3072,147456
36,36,6144,147456
36,38,7168,147456
36,42,8192,147456
36,40,9216,147456
36,41,10240,147456
36,40,11264,147456
36,40,12288,147456
36,40,13312,147456
36,40,15360,147456
36,41,16384,147456
36,40,17408,147456
36,45,18432,147456
41,18,1024,149504
41,36,4096,149504
41,38,5120,149504
41,42,6144,149504
41,40,7168,149504
41,41,8192,149504
41,40,9216,149504
41,40,10240,149504
41,40,11264,149504
41,40,13312,149504
41,41,14336,149504
41,40,15360,149504
41,45,16384,149504
41,36,17408,149504
18,36,3072,150528
18,38,4096,150528
18,42,5120,150528
18,40,6144,150528
18,41,7168,150528
18,40,8192,150528
18,40,9216,150528
18,40,10240,150528
18,40,12288,150528
18,41,13312,150528
18,40,14336,150528
18,45,15360,150528
18,36,16384,150528
18,36,17408,150528
36,38,1024,153600
36,42,2048,153600
36,40,3072,153600
36,41,4096,153600
36,40,5120,153600
36,40,6144,153600
36,40,7168,153600
36,40,9216,153600
36,41,10240,153600
36,40,11264,153600
36,45,12288,153600
36,36,13312,153600
36,36,14336,153600
36,42,17408,153600
38,42,1024,154624
38,40,2048,154624
38,41,3072,154624
38,40,4096,154624
38,40,5120,154624
38,40,6144,154624
38,40,8192,154624
38,41,9216,154624
38,40,10240,154624
38,45,11264,154624
38,36,12288,154624
38,36,13312,154624
38,42,16384,154624
38,18,19456,154624
42,40,1024,155648
42,41,2048,155648
42,40,3072,155648
42,40,4096,155648
42,40,5120,155648
42,40,7168,155648
42,41,8192,155648
42,40,9216,155648
42,45,10240,155648
42,36,11264,155648
42,36,12288,155648
42,42,15360,155648
42,18,18432,155648
40,41,1024,156672
40,40,2048,156672
40,40,3072,156672
40,40,4096,156672
40,40,6144,156672
40,41,7168,156672
40,40,8192,156672
40,45,9216,156672
40,36,10240,156672
40,36,11264,156672
40,42,14336,156672
40,18,17408,156672
41,40,1024,157696
41,40,2048,157696
41,40,3072,157696
41,40,5120,157696
41,41,6144,157696
41,40,7168,157696
41,45,8192,157696
41,36,9216,157696
41,36,10240,157696
41,42,13312,157696
41,18,16384,157696
40,40,1024,158720
40,40,2048,158720
40,40,4096,158720
40,41,5120,158720
40,40,6144,158720
40,45,7168,158720
40,36,8192,158720
40,36,9216,158720
40,42,12288,158720
40,18,15360,158720
40,40,1024,159744
40,40,3072,159744
40,41,4096,159744
40,40,5120,159744
40,45,6144,159744
40,36,7168,159744
40,36,8192,159744
40,42,11264,159744
40,18,14336,159744
40,40,2048,160768
40,41,3072,160768
40,40,4096,160768
40,45,5120,160768
40,36,6144,160768
40,36,7168,160768
40,42,10240,160768
40,18,13312,160768
40,41,1024,162816
40,40,2048,162816
40,45,3072,162816
40,36,4096,162816
40,36,5120,162816
40,42,8192,162816
40,18,11264,162816
41,40,1024,163840
41,45,2048,163840
41,36,3072,163840
41,36,4096,163840
41,42,7168,163840
41,18,10240,163840
40,45,1024,164864
40,36,2048,164864
40,36,3072,164864
40,42,6144,164864
40,18,9216,164864
45,36,1024,165888
45,36,2048,165888
45,42,5120,165888
45,18,8192,165888
36,36,1024,166912
36,42,4096,166912
36,18,7168,166912
36,42,3072,167936
36,18,6144,167936
42,18,3072,171008
42,18,18432,171008
18,18,15360,174080
18,18,8192,189440
18,39,13312,189440
18,40,13312,189440
18,39,14336,189440
18,40,14336,189440
18,39,5120,197632
18,40,5120,197632
18,39,6144,197632
18,40,6144,197632
18,60,13312,197632
18,18,15360,197632
18,18,16384,197632
18,47,18432,197632
18,60,19456,197632
39,40,0,202752
39,39,1024,202752
39,40,1024,202752
39,60,8192,202752
39,18,10240,202752
39,18,11264,202752
39,47,13312,202752
39,60,14336,202752
39,20,19456,202752
39,59,19456,202752
40,39,1024,202752
40,40,1024,202752
40,60,8192,202752
40,18,10240,202752
40,18,11264,202752
40,47,13312,202752
40,60,14336,202752
40,20,19456,202752
40,59,19456,202752
39,40,0,203776
39,60,7168,203776
39,18,9216,203776
39,18,10240,203776
39,47,12288,203776
39,60,13312,203776
39,20,18432,203776
39,59,18432,203776
39,20,20480,203776
40,60,7168,203776
40,18,9216,203776
40,18,10240,203776
40,47,12288,203776
40,60,13312,203776
40,20,18432,203776
40,59,18432,203776
40,20,20480,203776
60,18,2048,210944
60,18,3072,210944
60,47,5120,210944
60,60,6144,210944
60,20,11264,210944
60,59,11264,210944
60,20,13312,210944
60,46,16384,210944
60,50,17408,210944
60,51,19456,210944
18,18,1024,212992
18,47,3072,212992
18,60,4096,212992
18,20,9216,212992
18,59,9216,212992
18,20,11264,212992
18,46,14336,212992
18,50,15360,212992
18,51,17408,212992
18,45,19456,212992
18,40,20480,212992
18,47,2048,214016
18,60,3072,214016
18,20,8192,214016
18,59,8192,214016
18,20,10240,214016
18,46,13312,214016
18,50,14336,214016
18,51,16384,214016
18,45,18432,214016
18,40,19456,214016
47,60,1024,216064
47,20,6144,216064
47,59,6144,216064
47,20,8192,216064
47,46,11264,216064
47,50,12288,216064
47,51,14336,216064
47,45,16384,216064
47,40,17408,216064
47,47,20480,216064
60,20,5120,217088
60,59,5120,217088
60,20,7168,217088
60,46,10240,217088
60,50,11264,217088
60,51,13312,217088
60,45,15360,217088
60,40,16384,217088
60,47,19456,217088
60,46,20480,217088
20,59,0,222208
20,20,2048,222208
20,46,5120,222208
20,50,6144,222208
20,51,8192,222208
20,45,10240,222208
20,40,11264,222208
20,47,14336,222208
20,46,15360,222208
59,20,2048,222208
59,46,5120,222208
59,50,6144,222208
59,51,8192,222208
59,45,10240,222208
59,40,11264,222208
59,47,14336,222208
59,46,15360,222208
20,46,3072,224256
20,50,4096,224256
20,51,6144,224256
20,45,8192,224256
20,40,9216,224256
20,47,12288,224256
20,46,13312,224256
46,50,1024,227328
46,51,3072,227328
46,45,5120,227328
46,40,6144,227328
46,47,9216,227328
46,46,10240,227328
46,25,18432,227328
50,51,2048,228352
50,45,4096,228352
50,40,5120,228352
50,47,8192,228352
50,46,9216,228352
50,25,17408,228352
50,25,20480,228352
51,45,2048,230400
51,40,3072,230400
51,47,6144,230400
51,46,7168,230400
51,25,15360,230400
51,25,18432,230400
45,40,1024,232448
45,47,4096,232448
45,46,5120,232448
45,25,13312,232448
45,25,16384,232448
45,25,19456,232448
40,47,3072,233472
40,46,4096,233472
40,25,12288,233472
40,25,15360,233472
40,25,18432,233472
40,27,20480,233472
47,46,1024,236544
47,25,9216,236544
47,25,12288,236544
47,25,15360,236544
47,27,17408,236544
47,27,18432,236544
47,45,20480,236544
46,25,8192,237568
46,25,11264,237568
46,25,14336,237568
46,27,16384,237568
46,27,17408,237568
46,45,19456,237568
46,50,20480,237568
25,25,3072,245760
25,25,6144,245760
25,27,8192,245760
25,27,9216,245760
25,45,11264,245760
25,50,12288,245760
25,60,17408,245760
25,80,18432,245760
25,25,3072,248832
25,27,5120,248832
25,27,6144,248832
25,45,8192,248832
25,50,9216,248832
25,60,14336,248832
25,80,15360,248832
25,53,18432,248832
25,18,19456,248832
25,54,19456,248832
25,73,20480,248832
25,27,2048,251904
25,27,3072,251904
25,45,5120,251904
25,50,6144,251904
25,60,11264,251904
25,80,12288,251904
25,53,15360,251904
25,18,16384,251904
25,54,16384,251904
25,73,17408,251904
27,27,1024,253952
27,45,3072,253952
27,50,4096,253952
27,60,9216,253952
27,80,10240,253952
27,53,13312,253952
27,18,14336,253952
27,54,14336,253952
27,73,15360,253952
27,45,2048,254976
27,50,3072,254976
27,60,8192,254976
27,80,9216,254976
27,53,12288,254976
27,18,13312,254976
27,54,13312,254976
27,73,14336,254976
45,50,1024,257024
45,60,6144,257024
45,80,7168,257024
45,53,10240,257024
45,18,11264,257024
45,54,11264,257024
45,73,12288,257024
45,18,19456,257024
50,60,5120,258048
50,80,6144,258048
50,53,9216,258048
50,18,10240,258048
50,54,10240,258048
50,73,11264,258048
50,18,18432,258048
60,80,1024,263168
60,53,4096,263168
60,18,5120,263168
60,54,5120,263168
60,73,6144,263168
60,18,13312,263168
60,46,18432,263168
80,53,3072,264192
80,18,4096,264192
80,54,4096,264192
80,73,5120,264192
80,18,12288,264192
80,46,17408,264192
53,18,1024,267264
53,54,1024,267264
53,73,2048,267264
53,18,9216,267264
53,46,14336,267264
53,20,20480,267264
53,40,20480,267264
18,54,0,268288
18,73,1024,268288
18,18,8192,268288
18,46,13312,268288
18,20,19456,268288
18,40,19456,268288
18,41,20480,268288
54,73,1024,268288
54,18,8192,268288
54,46,13312,268288
54,20,19456,268288
54,40,19456,268288
54,41,20480,268288
73,18,7168,269312
73,46,12288,269312
73,20,18432,269312
73,40,18432,269312
73,41,19456,269312
18,46,5120,276480
18,20,11264,276480
18,40,11264,276480
18,41,12288,276480
18,40,14336,276480
18,41,15360,276480
18,20,16384,276480
18,40,16384,276480
18,20,17408,276480
18,41,17408,276480
18,39,18432,276480
18,40,18432,276480
18,36,20480,276480
46,20,6144,281600
46,40,6144,281600
46,41,7168,281600
46,40,9216,281600
46,41,10240,281600
46,20,11264,281600
46,40,11264,281600
46,20,12288,281600
46,41,12288,281600
46,39,13312,281600
46,40,13312,281600
46,36,15360,281600
46,36,16384,281600
46,39,17408,281600
20,40,0,287744
20,41,1024,287744
20,40,3072,287744
20,41,4096,287744
20,20,5120,287744
20,40,5120,287744
20,20,6144,287744
20,41,6144,287744
20,39,7168,287744
20,40,7168,287744
20,36,9216,287744
20,36,10240,287744
20,39,11264,287744
20,40,11264,287744
40,41,1024,287744
40,40,3072,287744
40,41,4096,287744
40,20,5120,287744
40,40,5120,287744
40,20,6144,287744
40,41,6144,287744
40,39,7168,287744
40,40,7168,287744
40,36,9216,287744
40,36,10240,287744
40,39,11264,287744
40,40,11264,287744
40,41,13312,287744
41,40,2048,288768
41,41,3072,288768
41,20,4096,288768
41,40,4096,288768
41,20,5120,288768
41,41,5120,288768
41,39,6144,288768
41,40,6144,288768
41,36,8192,288768
41,36,9216,288768
41,39,10240,288768
41,40,10240,288768
41,41,12288,288768
41,39,13312,288768
40,41,1024,290816
40,20,2048,290816
40,40,2048,290816
40,20,3072,290816
40,41,3072,290816
40,39,4096,290816
40,40,4096,290816
40,36,6144,290816
40,36,7168,290816
40,39,8192,290816
40,40,8192,290816
40,41,10240,290816
40,39,11264,290816
40,83,13312,290816
41,20,1024,291840
41,40,1024,291840
41,20,2048,291840
41,41,2048,291840
41,39,3072,291840
41,40,3072,291840
41,36,5120,291840
41,36,6144,291840
41,39,7168,291840
41,40,7168,291840
41,41,9216,291840
41,39,10240,291840
41,83,12288,291840
41,82,16384,291840
20,40,0,292864
20,20,1024,292864
20,41,1024,292864
20,39,2048,292864
20,40,2048,292864
20,36,4096,292864
20,36,5120,292864
20,39,6144,292864
20,40,6144,292864
20,41,8192,292864
20,39,9216,292864
20,83,11264,292864
20,82,15360,292864
20,163,15360,292864
40,20,1024,292864
40,41,1024,292864
40,39,2048,292864
40,40,2048,292864
40,36,4096,292864
40,36,5120,292864
40,39,6144,292864
40,40,6144,292864
40,41,8192,292864
40,39,9216,292864
40,83,11264,292864
40,82,15360,292864
40,163,15360,292864
40,82,18432,292864
20,41,0,293888
20,39,1024,293888
20,40,1024,293888
20,36,3072,293888
20,36,4096,293888
20,39,5120,293888
20,40,5120,293888
20,41,7168,293888
20,39,8192,293888
20,83,10240,293888
20,82,14336,293888
20,163,14336,293888
20,82,17408,293888
20,73,18432,293888
41,39,1024,293888
41,40,1024,293888
41,36,3072,293888
41,36,4096,293888
41,39,5120,293888
41,40,5120,293888
41,41,7168,293888
41,39,8192,293888
41,83,10240,293888
41,82,14336,293888
41,163,14336,293888
41,82,17408,293888
41,73,18432,293888
39,40,0,294912
39,36,2048,294912
39,36,3072,294912
39,39,4096,294912
39,40,4096,294912
39,41,6144,294912
39,39,7168,294912
39,83,9216,294912
39,82,13312,294912
39,163,13312,294912
39,82,16384,294912
39,73,17408,294912
40,36,2048,294912
40,36,3072,294912
40,39,4096,294912
40,40,4096,294912
40,41,6144,294912
40,39,7168,294912
40,83,9216,294912
40,82,13312,294912
40,163,13312,294912
40,82,16384,294912
40,73,17408,294912
36,36,1024,296960
36,39,2048,296960
36,40,2048,296960
36,41,4096,296960
36,39,5120,296960
36,83,7168,296960
36,82,11264,296960
36,163,11264,296960
36,82,14336,296960
36,73,15360,296960
36,39,1024,297984
36,40,1024,297984
36,41,3072,297984
36,39,4096,297984
36,83,6144,297984
36,82,10240,297984
36,163,10240,297984
36,82,13312,297984
36,73,14336,297984
39,40,0,299008
39,41,2048,299008
39,39,3072,299008
39,83,5120,299008
39,82,9216,299008
39,163,9216,299008
39,82,12288,299008
39,73,13312,299008
40,41,2048,299008
40,39,3072,299008
40,83,5120,299008
40,82,9216,299008
40,163,9216,299008
40,82,12288,299008
40,73,13312,299008
41,39,1024,301056
41,83,3072,301056
41,82,7168,301056
41,163,7168,301056
41,82,10240,301056
41,73,11264,301056
41,51,19456,301056
41,51,20480,301056
39,83,2048,302080
39,82,6144,302080
39,163,6144,302080
39,82,9216,302080
39,73,10240,302080
39,51,18432,302080
39,51,19456,302080
83,82,4096,304128
83,163,4096,304128
83,82,7168,304128
83,73,8192,304128
83,51,16384,304128
83,51,17408,304128
82,163,0,308224
82,82,3072,308224
82,73,4096,308224
82,51,12288,308224
82,51,13312,308224
82,54,19456,308224
163,82,3072,308224
163,73,4096,308224
163,51,12288,308224
163,51,13312,308224
163,54,19456,308224
82,73,1024,311296
82,51,9216,311296
82,51,10240,311296
82,54,16384,311296
73,51,8192,312320
73,51,9216,312320
73,54,15360,312320
51,51,1024,320512
51,54,7168,320512
51,54,6144,321536
