10,10,1024,1024
10,10,3072,1024
10,184,11264,1024
10,23,14336,1024
10,11,17408,1024
10,23,18432,1024
10,10,19456,1024
10,10,20480,1024
10,10,2048,2048
10,184,10240,2048
10,23,13312,2048
10,11,16384,2048
10,23,17408,2048
10,10,18432,2048
10,10,19456,2048
10,184,8192,4096
10,23,11264,4096
10,11,14336,4096
10,23,15360,4096
10,10,16384,4096
10,10,17408,4096
10,41,19456,4096
184,23,3072,12288
184,11,6144,12288
184,23,7168,12288
184,10,8192,12288
184,10,9216,12288
184,41,11264,12288
23,11,3072,15360
23,23,4096,15360
23,10,5120,15360
23,10,6144,15360
23,41,8192,15360
23,23,19456,15360
23,11,20480,15360
11,23,1024,18432
11,10,2048,18432
11,10,3072,18432
11,41,5120,18432
11,23,16384,18432
11,11,17408,18432
11,23,18432,18432
23,10,1024,19456
23,10,2048,19456
23,41,4096,19456
23,23,15360,19456
23,11,16384,19456
23,23,17408,19456
10,10,1024,20480
10,41,3072,20480
10,23,14336,20480
10,11,15360,20480
10,23,16384,20480
10,41,2048,21504
10,23,13312,21504
10,11,14336,21504
10,23,15360,21504
10,10,20480,21504
41,23,11264,23552
41,11,12288,23552
41,23,13312,23552
41,10,18432,23552
41,10,19456,23552
41,10,20480,23552
23,11,1024,34816
23,23,2048,34816
23,10,7168,34816
23,10,8192,34816
23,10,9216,34816
23,23,20480,34816
11,23,1024,35840
11,10,6144,35840
11,10,7168,35840
11,10,8192,35840
11,23,19456,35840
11,11,20480,35840
23,10,5120,36864
23,10,6144,36864
23,10,7168,36864
23,23,18432,36864
23,11,19456,36864
10,10,1024,41984
10,10,2048,41984
10,23,13312,41984
10,11,14336,41984
10,11,16384,41984
10,10,19456,41984
10,10,20480,41984
10,10,1024,43008
10,23,12288,43008
10,11,13312,43008
10,11,15360,43008
10,10,18432,43008
10,10,19456,43008
10,23,11264,44032
10,11,12288,44032
10,11,14336,44032
10,10,17408,44032
10,10,18432,44032
23,11,1024,55296
23,11,3072,55296
23,10,6144,55296
23,10,7168,55296
11,11,2048,56320
11,10,5120,56320
11,10,6144,56320
11,10,3072,58368
11,10,4096,58368
11,11,20480,58368
10,10,1024,61440
10,11,17408,61440
10,11,16384,62464
11,11,17408,78848
11,11,20480,78848
11,11,3072,96256
11,10,5120,96256
11,10,6144,96256
11,10,7168,96256
11,10,8192,96256
11,10,2048,99328
11,10,3072,99328
11,10,4096,99328
11,10,5120,99328
11,10,20480,99328
10,10,1024,101376
10,10,2048,101376
10,10,3072,101376
10,10,18432,101376
10,10,1024,102400
10,10,2048,102400
10,10,17408,102400
10,10,1024,103424
10,10,16384,103424
10,10,15360,104448
10,10,6144,119808
10,11,7168,119808
10,11,10240,119808
10,11,12288,119808
10,11,13312,119808
10,10,17408,119808
10,11,1024,125952
10,11,4096,125952
10,11,6144,125952
10,11,7168,125952
10,10,11264,125952
10,10,19456,125952
10,12,20480,125952
11,11,3072,126976
11,11,5120,126976
11,11,6144,126976
11,10,10240,126976
11,10,18432,126976
11,12,19456,126976
11,11,20480,126976
11,11,2048,130048
11,11,3072,130048
11,10,7168,130048
11,10,15360,130048
11,12,16384,130048
11,11,17408,130048
11,11,20480,130048
11,11,1024,132096
11,10,5120,132096
11,10,13312,132096
11,12,14336,132096
11,11,15360,132096
11,11,18432,132096
11,11,20480,132096
11,10,4096,133120
11,10,12288,133120
11,12,13312,133120
11,11,14336,133120
11,11,17408,133120
11,11,19456,133120
11,11,20480,133120
10,10,8192,137216
10,12,9216,137216
10,11,10240,137216
10,11,13312,137216
10,11,15360,137216
10,11,16384,137216
10,11,17408,137216
10,10,20480,137216
10,12,1024,145408
10,11,2048,145408
10,11,5120,145408
10,11,7168,145408
10,11,8192,145408
10,11,9216,145408
10,10,12288,145408
10,10,14336,145408
12,11,1024,146432
12,11,4096,146432
12,11,6144,146432
12,11,7168,146432
12,11,8192,146432
12,10,11264,146432
12,10,13312,146432
11,11,3072,147456
11,11,5120,147456
11,11,6144,147456
11,11,7168,147456
11,10,10240,147456
11,10,12288,147456
11,11,2048,150528
11,11,3072,150528
11,11,4096,150528
11,10,7168,150528
11,10,9216,150528
11,11,1024,152576
11,11,2048,152576
11,10,5120,152576
11,10,7168,152576
11,11,1024,153600
11,10,4096,153600
11,10,6144,153600
11,10,3072,154624
11,10,5120,154624
10,10,2048,157696
