10,10,4096,6144
10,12,5120,6144
10,10,11264,6144
10,10,16384,6144
10,48,17408,6144
10,10,20480,6144
10,12,1024,10240
10,10,7168,10240
10,10,12288,10240
10,48,13312,10240
10,10,16384,10240
12,10,6144,11264
12,10,11264,11264
12,48,12288,11264
12,10,15360,11264
10,10,5120,17408
10,48,6144,17408
10,10,9216,17408
10,10,16384,17408
10,9,20480,17408
10,48,1024,22528
10,10,4096,22528
10,10,11264,22528
10,9,15360,22528
10,10,16384,22528
48,10,3072,23552
48,10,10240,23552
48,9,14336,23552
48,10,15360,23552
10,10,7168,26624
10,9,11264,26624
10,10,12288,26624
10,10,18432,26624
10,48,19456,26624
10,9,4096,33792
10,10,5120,33792
10,10,11264,33792
10,48,12288,33792
10,10,16384,33792
10,98,20480,33792
9,10,1024,37888
9,10,7168,37888
9,48,8192,37888
9,10,12288,37888
9,98,16384,37888
10,10,6144,38912
10,48,7168,38912
10,10,11264,38912
10,98,15360,38912
10,48,1024,45056
10,10,5120,45056
10,98,9216,45056
10,7,15360,45056
10,10,16384,45056
48,10,4096,46080
48,98,8192,46080
48,7,14336,46080
48,10,15360,46080
48,11,20480,46080
10,98,4096,50176
10,7,10240,50176
10,10,11264,50176
10,11,16384,50176
10,57,19456,50176
98,7,6144,54272
98,10,7168,54272
98,11,12288,54272
98,57,15360,54272
98,10,18432,54272
7,10,1024,60416
7,11,6144,60416
7,57,9216,60416
7,10,12288,60416
7,10,17408,60416
10,11,5120,61440
10,57,8192,61440
10,10,11264,61440
10,10,16384,61440
10,9,20480,61440
11,57,3072,66560
11,10,6144,66560
11,10,11264,66560
11,9,15360,66560
57,10,3072,69632
57,10,8192,69632
57,9,12288,69632
57,10,19456,69632
10,10,5120,72704
10,9,9216,72704
10,10,16384,72704
10,10,20480,72704
10,9,4096,77824
10,10,11264,77824
10,10,15360,77824
10,10,16384,77824
9,10,7168,81920
9,10,11264,81920
9,10,12288,81920
9,65,19456,81920
10,10,4096,89088
10,10,5120,89088
10,65,12288,89088
10,10,16384,89088
10,10,1024,93184
10,65,8192,93184
10,10,12288,93184
10,24,19456,93184
10,65,7168,94208
10,10,11264,94208
10,24,18432,94208
65,10,4096,101376
65,24,11264,101376
65,24,14336,101376
65,10,15360,101376
65,10,20480,101376
10,24,7168,105472
10,24,10240,105472
10,10,11264,105472
10,10,16384,105472
10,129,18432,105472
10,64,19456,105472
24,24,3072,112640
24,10,4096,112640
24,10,9216,112640
24,129,11264,112640
24,64,12288,112640
24,106,16384,112640
24,112,17408,112640
24,10,20480,112640
24,10,1024,115712
24,10,6144,115712
24,129,8192,115712
24,64,9216,115712
24,106,13312,115712
24,112,14336,115712
24,10,17408,115712
10,10,5120,116736
10,129,7168,116736
10,64,8192,116736
10,106,12288,116736
10,112,13312,116736
10,10,16384,116736
10,9,20480,116736
10,129,2048,121856
10,64,3072,121856
10,106,7168,121856
10,112,8192,121856
10,10,11264,121856
10,9,15360,121856
10,98,17408,121856
10,82,18432,121856
129,64,1024,123904
129,106,5120,123904
129,112,6144,123904
129,10,9216,123904
129,9,13312,123904
129,98,15360,123904
129,82,16384,123904
129,10,20480,123904
64,106,4096,124928
64,112,5120,124928
64,10,8192,124928
64,9,12288,124928
64,98,14336,124928
64,82,15360,124928
64,10,19456,124928
64,10,20480,124928
106,112,1024,129024
106,10,4096,129024
106,9,8192,129024
106,98,10240,129024
106,82,11264,129024
106,10,15360,129024
106,10,16384,129024
106,10,20480,129024
112,10,3072,130048
112,9,7168,130048
112,98,9216,130048
112,82,10240,130048
112,10,14336,130048
112,10,15360,130048
112,10,19456,130048
10,9,4096,133120
10,98,6144,133120
10,82,7168,133120
10,10,11264,133120
10,10,12288,133120
10,10,16384,133120
10,9,20480,133120
9,98,2048,137216
9,82,3072,137216
9,10,7168,137216
9,10,8192,137216
9,10,12288,137216
9,9,16384,137216
9,97,18432,137216
9,97,19456,137216
9,97,20480,137216
98,82,1024,139264
98,10,5120,139264
98,10,6144,139264
98,10,10240,139264
98,9,14336,139264
98,97,16384,139264
98,97,17408,139264
98,97,18432,139264
98,16,19456,139264
82,10,4096,140288
82,10,5120,140288
82,10,9216,140288
82,9,13312,140288
82,97,15360,140288
82,97,16384,140288
82,97,17408,140288
82,16,18432,140288
10,10,1024,144384
10,10,5120,144384
10,9,9216,144384
10,97,11264,144384
10,97,12288,144384
10,97,13312,144384
10,16,14336,144384
10,49,18432,144384
10,10,4096,145408
10,9,8192,145408
10,97,10240,145408
10,97,11264,145408
10,97,12288,145408
10,16,13312,145408
10,49,17408,145408
10,9,4096,149504
10,97,6144,149504
10,97,7168,149504
10,97,8192,149504
10,16,9216,149504
10,49,13312,149504
9,97,2048,153600
9,97,3072,153600
9,97,4096,153600
9,16,5120,153600
9,49,9216,153600
97,97,1024,155648
97,97,2048,155648
97,16,3072,155648
97,49,7168,155648
97,97,1024,156672
97,16,2048,156672
97,49,6144,156672
97,16,1024,157696
97,49,5120,157696
16,49,4096,158720
