67,68,1024,1024
67,257,2048,1024
67,17,4096,1024
67,186,5120,1024
67,19,19456,1024
68,257,1024,2048
68,17,3072,2048
68,186,4096,2048
68,19,18432,2048
257,17,2048,3072
257,186,3072,3072
257,19,17408,3072
257,19,20480,3072
17,186,1024,5120
17,19,15360,5120
17,19,18432,5120
17,18,20480,5120
186,19,14336,6144
186,19,17408,6144
186,18,19456,6144
19,19,3072,20480
19,18,5120,20480
19,200,15360,20480
19,18,2048,23552
19,200,12288,23552
19,18,19456,23552
19,18,20480,23552
18,200,10240,25600
18,18,17408,25600
18,18,18432,25600
200,18,7168,35840
200,18,8192,35840
200,67,12288,35840
200,67,13312,35840
200,17,16384,35840
200,171,19456,35840
18,18,1024,43008
18,67,5120,43008
18,67,6144,43008
18,17,9216,43008
18,171,12288,43008
18,67,4096,44032
18,67,5120,44032
18,17,8192,44032
18,171,11264,44032
67,67,1024,48128
67,17,4096,48128
67,171,7168,48128
67,19,19456,48128
67,17,3072,49152
67,171,6144,49152
67,19,18432,49152
17,171,3072,52224
17,19,15360,52224
17,18,20480,52224
171,19,12288,55296
171,18,17408,55296
171,17,20480,55296
19,18,5120,67584
19,17,8192,67584
19,66,10240,67584
19,59,14336,67584
19,8,18432,67584
19,17,19456,67584
18,17,3072,72704
18,66,5120,72704
18,59,9216,72704
18,8,13312,72704
18,17,14336,72704
18,21,16384,72704
18,28,19456,72704
17,66,2048,75776
17,59,6144,75776
17,8,10240,75776
17,17,11264,75776
17,21,13312,75776
17,28,16384,75776
17,8,19456,75776
17,9,20480,75776
66,59,4096,77824
66,8,8192,77824
66,17,9216,77824
66,21,11264,77824
66,28,14336,77824
66,8,17408,77824
66,9,18432,77824
66,24,20480,77824
59,8,4096,81920
59,17,5120,81920
59,21,7168,81920
59,28,10240,81920
59,8,13312,81920
59,9,14336,81920
59,24,16384,81920
59,21,18432,81920
8,17,1024,86016
8,21,3072,86016
8,28,6144,86016
8,8,9216,86016
8,9,10240,86016
8,24,12288,86016
8,21,14336,86016
17,21,2048,87040
17,28,5120,87040
17,8,8192,87040
17,9,9216,87040
17,24,11264,87040
17,21,13312,87040
21,28,3072,89088
21,8,6144,89088
21,9,7168,89088
21,24,9216,89088
21,21,11264,89088
28,8,3072,92160
28,9,4096,92160
28,24,6144,92160
28,21,8192,92160
28,25,18432,92160
28,14,20480,92160
8,9,1024,95232
8,24,3072,95232
8,21,5120,95232
8,25,15360,95232
8,14,17408,95232
9,24,2048,96256
9,21,4096,96256
9,25,14336,96256
9,14,16384,96256
24,21,2048,98304
24,25,12288,98304
24,14,14336,98304
21,25,10240,100352
21,14,12288,100352
21,19,19456,100352
25,14,2048,110592
25,19,9216,110592
25,17,11264,110592
25,17,12288,110592
25,28,19456,110592
14,19,7168,112640
14,17,9216,112640
14,17,10240,112640
14,28,17408,112640
14,25,20480,112640
19,17,2048,119808
19,17,3072,119808
19,28,10240,119808
19,25,13312,119808
19,14,16384,119808
17,17,1024,121856
17,28,8192,121856
17,25,11264,121856
17,14,14336,121856
17,8,20480,121856
17,28,7168,122880
17,25,10240,122880
17,14,13312,122880
17,8,19456,122880
17,18,20480,122880
28,25,3072,130048
28,14,6144,130048
28,8,12288,130048
28,18,13312,130048
28,24,15360,130048
25,14,3072,133120
25,8,9216,133120
25,18,10240,133120
25,24,12288,133120
14,8,6144,136192
14,18,7168,136192
14,24,9216,136192
14,19,19456,136192
8,18,1024,142336
8,24,3072,142336
8,19,13312,142336
8,9,20480,142336
18,24,2048,143360
18,19,12288,143360
18,9,19456,143360
24,19,10240,145408
24,9,17408,145408
19,9,7168,155648
