41,21,1024,3072
41,159,5120,3072
41,46,7168,3072
41,46,9216,3072
41,46,12288,3072
41,24,15360,3072
41,30,18432,3072
41,30,19456,3072
41,31,20480,3072
21,159,4096,4096
21,46,6144,4096
21,46,8192,4096
21,46,11264,4096
21,24,14336,4096
21,30,17408,4096
21,30,18432,4096
21,31,19456,4096
21,30,20480,4096
159,46,2048,8192
159,46,4096,8192
159,46,7168,8192
159,24,10240,8192
159,30,13312,8192
159,30,14336,8192
159,31,15360,8192
159,30,16384,8192
159,57,17408,8192
159,144,19456,8192
159,58,20480,8192
46,46,2048,10240
46,46,5120,10240
46,24,8192,10240
46,30,11264,10240
46,30,12288,10240
46,31,13312,10240
46,30,14336,10240
46,57,15360,10240
46,144,17408,10240
46,58,18432,10240
46,51,19456,10240
46,46,3072,12288
46,24,6144,12288
46,30,9216,12288
46,30,10240,12288
46,31,11264,12288
46,30,12288,12288
46,57,13312,12288
46,144,15360,12288
46,58,16384,12288
46,51,17408,12288
46,47,19456,12288
46,24,3072,15360
46,30,6144,15360
46,30,7168,15360
46,31,8192,15360
46,30,9216,15360
46,57,10240,15360
46,144,12288,15360
46,58,13312,15360
46,51,14336,15360
46,47,16384,15360
46,46,20480,15360
46,115,20480,15360
24,30,3072,18432
24,30,4096,18432
24,31,5120,18432
24,30,6144,18432
24,57,7168,18432
24,144,9216,18432
24,58,10240,18432
24,51,11264,18432
24,47,13312,18432
24,46,17408,18432
24,115,17408,18432
24,46,18432,18432
24,115,18432,18432
24,25,19456,18432
30,30,1024,21504
30,31,2048,21504
30,30,3072,21504
30,57,4096,21504
30,144,6144,21504
30,58,7168,21504
30,51,8192,21504
30,47,10240,21504
30,46,14336,21504
30,115,14336,21504
30,46,15360,21504
30,115,15360,21504
30,25,16384,21504
30,53,17408,21504
30,31,1024,22528
30,30,2048,22528
30,57,3072,22528
30,144,5120,22528
30,58,6144,22528
30,51,7168,22528
30,47,9216,22528
30,46,13312,22528
30,115,13312,22528
30,46,14336,22528
30,115,14336,22528
30,25,15360,22528
30,53,16384,22528
30,51,18432,22528
31,30,1024,23552
31,57,2048,23552
31,144,4096,23552
31,58,5120,23552
31,51,6144,23552
31,47,8192,23552
31,46,12288,23552
31,115,12288,23552
31,46,13312,23552
31,115,13312,23552
31,25,14336,23552
31,53,15360,23552
31,51,17408,23552
31,102,17408,23552
30,57,1024,24576
30,144,3072,24576
30,58,4096,24576
30,51,5120,24576
30,47,7168,24576
30,46,11264,24576
30,115,11264,24576
30,46,12288,24576
30,115,12288,24576
30,25,13312,24576
30,53,14336,24576
30,51,16384,24576
30,102,16384,24576
30,18,17408,24576
57,144,2048,25600
57,58,3072,25600
57,51,4096,25600
57,47,6144,25600
57,46,10240,25600
57,115,10240,25600
57,46,11264,25600
57,115,11264,25600
57,25,12288,25600
57,53,13312,25600
57,51,15360,25600
57,102,15360,25600
57,18,16384,25600
57,46,19456,25600
144,58,1024,27648
144,51,2048,27648
144,47,4096,27648
144,46,8192,27648
144,115,8192,27648
144,46,9216,27648
144,115,9216,27648
144,25,10240,27648
144,53,11264,27648
144,51,13312,27648
144,102,13312,27648
144,18,14336,27648
144,46,17408,27648
144,46,19456,27648
58,51,1024,28672
58,47,3072,28672
58,46,7168,28672
58,115,7168,28672
58,46,8192,28672
58,115,8192,28672
58,25,9216,28672
58,53,10240,28672
58,51,12288,28672
58,102,12288,28672
58,18,13312,28672
58,46,16384,28672
58,46,18432,28672
58,23,19456,28672
51,47,2048,29696
51,46,6144,29696
51,115,6144,29696
51,46,7168,29696
51,115,7168,29696
51,25,8192,29696
51,53,9216,29696
51,51,11264,29696
51,102,11264,29696
51,18,12288,29696
51,46,15360,29696
51,46,17408,29696
51,23,18432,29696
51,184,19456,29696
47,46,4096,31744
47,115,4096,31744
47,46,5120,31744
47,115,5120,31744
47,25,6144,31744
47,53,7168,31744
47,51,9216,31744
47,102,9216,31744
47,18,10240,31744
47,46,13312,31744
47,46,15360,31744
47,23,16384,31744
47,184,17408,31744
47,23,19456,31744
46,115,0,35840
46,46,1024,35840
46,115,1024,35840
46,25,2048,35840
46,53,3072,35840
46,51,5120,35840
46,102,5120,35840
46,18,6144,35840
46,46,9216,35840
46,46,11264,35840
46,23,12288,35840
46,184,13312,35840
46,23,15360,35840
115,46,1024,35840
115,115,1024,35840
115,25,2048,35840
115,53,3072,35840
115,51,5120,35840
115,102,5120,35840
115,18,6144,35840
115,46,9216,35840
115,46,11264,35840
115,23,12288,35840
115,184,13312,35840
115,23,15360,35840
46,115,0,36864
46,25,1024,36864
46,53,2048,36864
46,51,4096,36864
46,102,4096,36864
46,18,5120,36864
46,46,8192,36864
46,46,10240,36864
46,23,11264,36864
46,184,12288,36864
46,23,14336,36864
115,25,1024,36864
115,53,2048,36864
115,51,4096,36864
115,102,4096,36864
115,18,5120,36864
115,46,8192,36864
115,46,10240,36864
115,23,11264,36864
115,184,12288,36864
115,23,14336,36864
25,53,1024,37888
25,51,3072,37888
25,102,3072,37888
25,18,4096,37888
25,46,7168,37888
25,46,9216,37888
25,23,10240,37888
25,184,11264,37888
25,23,13312,37888
25,30,20480,37888
25,61,20480,37888
53,51,2048,38912
53,102,2048,38912
53,18,3072,38912
53,46,6144,38912
53,46,8192,38912
53,23,9216,38912
53,184,10240,38912
53,23,12288,38912
53,30,19456,38912
53,61,19456,38912
51,102,0,40960
51,18,1024,40960
51,46,4096,40960
51,46,6144,40960
51,23,7168,40960
51,184,8192,40960
51,23,10240,40960
51,30,17408,40960
51,61,17408,40960
51,31,19456,40960
102,18,1024,40960
102,46,4096,40960
102,46,6144,40960
102,23,7168,40960
102,184,8192,40960
102,23,10240,40960
102,30,17408,40960
102,61,17408,40960
102,31,19456,40960
18,46,3072,41984
18,46,5120,41984
18,23,6144,41984
18,184,7168,41984
18,23,9216,41984
18,30,16384,41984
18,61,16384,41984
18,31,18432,41984
18,58,20480,41984
46,46,2048,45056
46,23,3072,45056
46,184,4096,45056
46,23,6144,45056
46,30,13312,45056
46,61,13312,45056
46,31,15360,45056
46,58,17408,45056
46,30,18432,45056
46,58,18432,45056
46,116,18432,45056
46,117,19456,45056
46,144,20480,45056
46,23,1024,47104
46,184,2048,47104
46,23,4096,47104
46,30,11264,47104
46,61,11264,47104
46,31,13312,47104
46,58,15360,47104
46,30,16384,47104
46,58,16384,47104
46,116,16384,47104
46,117,17408,47104
46,144,18432,47104
46,31,19456,47104
46,53,20480,47104
23,184,1024,48128
23,23,3072,48128
23,30,10240,48128
23,61,10240,48128
23,31,12288,48128
23,58,14336,48128
23,30,15360,48128
23,58,15360,48128
23,116,15360,48128
23,117,16384,48128
23,144,17408,48128
23,31,18432,48128
23,53,19456,48128
184,23,2048,49152
184,30,9216,49152
184,61,9216,49152
184,31,11264,49152
184,58,13312,49152
184,30,14336,49152
184,58,14336,49152
184,116,14336,49152
184,117,15360,49152
184,144,16384,49152
184,31,17408,49152
184,53,18432,49152
184,46,20480,49152
23,30,7168,51200
23,61,7168,51200
23,31,9216,51200
23,58,11264,51200
23,30,12288,51200
23,58,12288,51200
23,116,12288,51200
23,117,13312,51200
23,144,14336,51200
23,31,15360,51200
23,53,16384,51200
23,46,18432,51200
23,46,20480,51200
30,61,0,58368
30,31,2048,58368
30,58,4096,58368
30,30,5120,58368
30,58,5120,58368
30,116,5120,58368
30,117,6144,58368
30,144,7168,58368
30,31,8192,58368
30,53,9216,58368
30,46,11264,58368
30,46,13312,58368
30,24,15360,58368
30,46,15360,58368
61,31,2048,58368
61,58,4096,58368
61,30,5120,58368
61,58,5120,58368
61,116,5120,58368
61,117,6144,58368
61,144,7168,58368
61,31,8192,58368
61,53,9216,58368
61,46,11264,58368
61,46,13312,58368
61,24,15360,58368
61,46,15360,58368
61,23,16384,58368
31,58,2048,60416
31,30,3072,60416
31,58,3072,60416
31,116,3072,60416
31,117,4096,60416
31,144,5120,60416
31,31,6144,60416
31,53,7168,60416
31,46,9216,60416
31,46,11264,60416
31,24,13312,60416
31,46,13312,60416
31,23,14336,60416
31,185,15360,60416
58,30,1024,62464
58,58,1024,62464
58,116,1024,62464
58,117,2048,62464
58,144,3072,62464
58,31,4096,62464
58,53,5120,62464
58,46,7168,62464
58,46,9216,62464
58,24,11264,62464
58,46,11264,62464
58,23,12288,62464
58,185,13312,62464
58,18,16384,62464
30,58,0,63488
30,116,0,63488
30,117,1024,63488
30,144,2048,63488
30,31,3072,63488
30,53,4096,63488
30,46,6144,63488
30,46,8192,63488
30,24,10240,63488
30,46,10240,63488
30,23,11264,63488
30,185,12288,63488
30,18,15360,63488
30,18,16384,63488
58,116,0,63488
58,117,1024,63488
58,144,2048,63488
58,31,3072,63488
58,53,4096,63488
58,46,6144,63488
58,46,8192,63488
58,24,10240,63488
58,46,10240,63488
58,23,11264,63488
58,185,12288,63488
58,18,15360,63488
58,18,16384,63488
58,51,16384,63488
116,117,1024,63488
116,144,2048,63488
116,31,3072,63488
116,53,4096,63488
116,46,6144,63488
116,46,8192,63488
116,24,10240,63488
116,46,10240,63488
116,23,11264,63488
116,185,12288,63488
116,18,15360,63488
116,18,16384,63488
116,51,16384,63488
116,21,18432,63488
117,144,1024,64512
117,31,2048,64512
117,53,3072,64512
117,46,5120,64512
117,46,7168,64512
117,24,9216,64512
117,46,9216,64512
117,23,10240,64512
117,185,11264,64512
117,18,14336,64512
117,18,15360,64512
117,51,15360,64512
117,21,17408,64512
117,25,18432,64512
144,31,1024,65536
144,53,2048,65536
144,46,4096,65536
144,46,6144,65536
144,24,8192,65536
144,46,8192,65536
144,23,9216,65536
144,185,10240,65536
144,18,13312,65536
144,18,14336,65536
144,51,14336,65536
144,21,16384,65536
144,25,17408,65536
144,112,18432,65536
31,53,1024,66560
31,46,3072,66560
31,46,5120,66560
31,24,7168,66560
31,46,7168,66560
31,23,8192,66560
31,185,9216,66560
31,18,12288,66560
31,18,13312,66560
31,51,13312,66560
31,21,15360,66560
31,25,16384,66560
31,112,17408,66560
31,102,18432,66560
53,46,2048,67584
53,46,4096,67584
53,24,6144,67584
53,46,6144,67584
53,23,7168,67584
53,185,8192,67584
53,18,11264,67584
53,18,12288,67584
53,51,12288,67584
53,21,14336,67584
53,25,15360,67584
53,112,16384,67584
53,102,17408,67584
53,127,18432,67584
46,46,2048,69632
46,24,4096,69632
46,46,4096,69632
46,23,5120,69632
46,185,6144,69632
46,18,9216,69632
46,18,10240,69632
46,51,10240,69632
46,21,12288,69632
46,25,13312,69632
46,112,14336,69632
46,102,15360,69632
46,127,16384,69632
46,24,2048,71680
46,46,2048,71680
46,23,3072,71680
46,185,4096,71680
46,18,7168,71680
46,18,8192,71680
46,51,8192,71680
46,21,10240,71680
46,25,11264,71680
46,112,12288,71680
46,102,13312,71680
46,127,14336,71680
46,41,20480,71680
24,46,0,73728
24,23,1024,73728
24,185,2048,73728
24,18,5120,73728
24,18,6144,73728
24,51,6144,73728
24,21,8192,73728
24,25,9216,73728
24,112,10240,73728
24,102,11264,73728
24,127,12288,73728
24,41,18432,73728
24,21,20480,73728
46,23,1024,73728
46,185,2048,73728
46,18,5120,73728
46,18,6144,73728
46,51,6144,73728
46,21,8192,73728
46,25,9216,73728
46,112,10240,73728
46,102,11264,73728
46,127,12288,73728
46,41,18432,73728
46,21,20480,73728
23,185,1024,74752
23,18,4096,74752
23,18,5120,74752
23,51,5120,74752
23,21,7168,74752
23,25,8192,74752
23,112,9216,74752
23,102,10240,74752
23,127,11264,74752
23,41,17408,74752
23,21,19456,74752
23,27,20480,74752
185,18,3072,75776
185,18,4096,75776
185,51,4096,75776
185,21,6144,75776
185,25,7168,75776
185,112,8192,75776
185,102,9216,75776
185,127,10240,75776
185,41,16384,75776
185,21,18432,75776
185,27,19456,75776
185,27,20480,75776
18,18,1024,78848
18,51,1024,78848
18,21,3072,78848
18,25,4096,78848
18,112,5120,78848
18,102,6144,78848
18,127,7168,78848
18,41,13312,78848
18,21,15360,78848
18,27,16384,78848
18,27,17408,78848
18,27,18432,78848
18,41,18432,78848
18,27,19456,78848
18,51,0,79872
18,21,2048,79872
18,25,3072,79872
18,112,4096,79872
18,102,5120,79872
18,127,6144,79872
18,41,12288,79872
18,21,14336,79872
18,27,15360,79872
18,27,16384,79872
18,27,17408,79872
18,41,17408,79872
18,27,18432,79872
18,27,19456,79872
51,21,2048,79872
51,25,3072,79872
51,112,4096,79872
51,102,5120,79872
51,127,6144,79872
51,41,12288,79872
51,21,14336,79872
51,27,15360,79872
51,27,16384,79872
51,27,17408,79872
51,41,17408,79872
51,27,18432,79872
51,27,19456,79872
51,41,19456,79872
21,25,1024,81920
21,112,2048,81920
21,102,3072,81920
21,127,4096,81920
21,41,10240,81920
21,21,12288,81920
21,27,13312,81920
21,27,14336,81920
21,27,15360,81920
21,41,15360,81920
21,27,16384,81920
21,27,17408,81920
21,41,17408,81920
21,27,18432,81920
25,112,1024,82944
25,102,2048,82944
25,127,3072,82944
25,41,9216,82944
25,21,11264,82944
25,27,12288,82944
25,27,13312,82944
25,27,14336,82944
25,41,14336,82944
25,27,15360,82944
25,27,16384,82944
25,41,16384,82944
25,27,17408,82944
25,27,18432,82944
112,102,1024,83968
112,127,2048,83968
112,41,8192,83968
112,21,10240,83968
112,27,11264,83968
112,27,12288,83968
112,27,13312,83968
112,41,13312,83968
112,27,14336,83968
112,27,15360,83968
112,41,15360,83968
112,27,16384,83968
112,27,17408,83968
112,27,18432,83968
102,127,1024,84992
102,41,7168,84992
102,21,9216,84992
102,27,10240,84992
102,27,11264,84992
102,27,12288,84992
102,41,12288,84992
102,27,13312,84992
102,27,14336,84992
102,41,14336,84992
102,27,15360,84992
102,27,16384,84992
102,27,17408,84992
102,27,18432,84992
127,41,6144,86016
127,21,8192,86016
127,27,9216,86016
127,27,10240,86016
127,27,11264,86016
127,41,11264,86016
127,27,12288,86016
127,27,13312,86016
127,41,13312,86016
127,27,14336,86016
127,27,15360,86016
127,27,16384,86016
127,27,17408,86016
127,27,18432,86016
41,21,2048,92160
41,27,3072,92160
41,27,4096,92160
41,27,5120,92160
41,41,5120,92160
41,27,6144,92160
41,27,7168,92160
41,41,7168,92160
41,27,8192,92160
41,27,9216,92160
41,27,10240,92160
41,27,11264,92160
41,27,12288,92160
41,27,13312,92160
21,27,1024,94208
21,27,2048,94208
21,27,3072,94208
21,41,3072,94208
21,27,4096,94208
21,27,5120,94208
21,41,5120,94208
21,27,6144,94208
21,27,7168,94208
21,27,8192,94208
21,27,9216,94208
21,27,10240,94208
21,27,11264,94208
21,27,12288,94208
27,27,1024,95232
27,27,2048,95232
27,41,2048,95232
27,27,3072,95232
27,27,4096,95232
27,41,4096,95232
27,27,5120,95232
27,27,6144,95232
27,27,7168,95232
27,27,8192,95232
27,27,9216,95232
27,27,10240,95232
27,27,11264,95232
27,27,12288,95232
27,27,1024,96256
27,41,1024,96256
27,27,2048,96256
27,27,3072,96256
27,41,3072,96256
27,27,4096,96256
27,27,5120,96256
27,27,6144,96256
27,27,7168,96256
27,27,8192,96256
27,27,9216,96256
27,27,10240,96256
27,27,11264,96256
27,27,12288,96256
27,41,0,97280
27,27,1024,97280
27,27,2048,97280
27,41,2048,97280
27,27,3072,97280
27,27,4096,97280
27,27,5120,97280
27,27,6144,97280
27,27,7168,97280
27,27,8192,97280
27,27,9216,97280
27,27,10240,97280
27,27,11264,97280
27,27,14336,97280
41,27,1024,97280
41,27,2048,97280
41,41,2048,97280
41,27,3072,97280
41,27,4096,97280
41,27,5120,97280
41,27,6144,97280
41,27,7168,97280
41,27,8192,97280
41,27,9216,97280
41,27,10240,97280
41,27,11264,97280
41,27,14336,97280
41,101,14336,97280
27,27,1024,98304
27,41,1024,98304
27,27,2048,98304
27,27,3072,98304
27,27,4096,98304
27,27,5120,98304
27,27,6144,98304
27,27,7168,98304
27,27,8192,98304
27,27,9216,98304
27,27,10240,98304
27,27,13312,98304
27,101,13312,98304
27,27,14336,98304
27,41,0,99328
27,27,1024,99328
27,27,2048,99328
27,27,3072,99328
27,27,4096,99328
27,27,5120,99328
27,27,6144,99328
27,27,7168,99328
27,27,8192,99328
27,27,9216,99328
27,27,12288,99328
27,101,12288,99328
27,27,13312,99328
27,61,13312,99328
41,27,1024,99328
41,27,2048,99328
41,27,3072,99328
41,27,4096,99328
41,27,5120,99328
41,27,6144,99328
41,27,7168,99328
41,27,8192,99328
41,27,9216,99328
41,27,12288,99328
41,101,12288,99328
41,27,13312,99328
41,61,13312,99328
41,27,14336,99328
27,27,1024,100352
27,27,2048,100352
27,27,3072,100352
27,27,4096,100352
27,27,5120,100352
27,27,6144,100352
27,27,7168,100352
27,27,8192,100352
27,27,11264,100352
27,101,11264,100352
27,27,12288,100352
27,61,12288,100352
27,27,13312,100352
27,27,14336,100352
27,27,1024,101376
27,27,2048,101376
27,27,3072,101376
27,27,4096,101376
27,27,5120,101376
27,27,6144,101376
27,27,7168,101376
27,27,10240,101376
27,101,10240,101376
27,27,11264,101376
27,61,11264,101376
27,27,12288,101376
27,27,13312,101376
27,68,14336,101376
27,27,1024,102400
27,27,2048,102400
27,27,3072,102400
27,27,4096,102400
27,27,5120,102400
27,27,6144,102400
27,27,9216,102400
27,101,9216,102400
27,27,10240,102400
27,61,10240,102400
27,27,11264,102400
27,27,12288,102400
27,68,13312,102400
27,52,14336,102400
27,27,1024,103424
27,27,2048,103424
27,27,3072,103424
27,27,4096,103424
27,27,5120,103424
27,27,8192,103424
27,101,8192,103424
27,27,9216,103424
27,61,9216,103424
27,27,10240,103424
27,27,11264,103424
27,68,12288,103424
27,52,13312,103424
27,52,14336,103424
27,27,1024,104448
27,27,2048,104448
27,27,3072,104448
27,27,4096,104448
27,27,7168,104448
27,101,7168,104448
27,27,8192,104448
27,61,8192,104448
27,27,9216,104448
27,27,10240,104448
27,68,11264,104448
27,52,12288,104448
27,52,13312,104448
27,129,20480,104448
27,27,1024,105472
27,27,2048,105472
27,27,3072,105472
27,27,6144,105472
27,101,6144,105472
27,27,7168,105472
27,61,7168,105472
27,27,8192,105472
27,27,9216,105472
27,68,10240,105472
27,52,11264,105472
27,52,12288,105472
27,129,19456,105472
27,27,1024,106496
27,27,2048,106496
27,27,5120,106496
27,101,5120,106496
27,27,6144,106496
27,61,6144,106496
27,27,7168,106496
27,27,8192,106496
27,68,9216,106496
27,52,10240,106496
27,52,11264,106496
27,129,18432,106496
27,27,1024,107520
27,27,4096,107520
27,101,4096,107520
27,27,5120,107520
27,61,5120,107520
27,27,6144,107520
27,27,7168,107520
27,68,8192,107520
27,52,9216,107520
27,52,10240,107520
27,129,17408,107520
27,27,3072,108544
27,101,3072,108544
27,27,4096,108544
27,61,4096,108544
27,27,5120,108544
27,27,6144,108544
27,68,7168,108544
27,52,8192,108544
27,52,9216,108544
27,129,16384,108544
27,101,0,111616
27,27,1024,111616
27,61,1024,111616
27,27,2048,111616
27,27,3072,111616
27,68,4096,111616
27,52,5120,111616
27,52,6144,111616
27,129,13312,111616
27,27,18432,111616
27,27,19456,111616
27,80,19456,111616
27,27,20480,111616
101,27,1024,111616
101,61,1024,111616
101,27,2048,111616
101,27,3072,111616
101,68,4096,111616
101,52,5120,111616
101,52,6144,111616
101,129,13312,111616
101,27,18432,111616
101,27,19456,111616
101,80,19456,111616
101,27,20480,111616
27,61,0,112640
27,27,1024,112640
27,27,2048,112640
27,68,3072,112640
27,52,4096,112640
27,52,5120,112640
27,129,12288,112640
27,27,17408,112640
27,27,18432,112640
27,80,18432,112640
27,27,19456,112640
27,27,20480,112640
61,27,1024,112640
61,27,2048,112640
61,68,3072,112640
61,52,4096,112640
61,52,5120,112640
61,129,12288,112640
61,27,17408,112640
61,27,18432,112640
61,80,18432,112640
61,27,19456,112640
61,27,20480,112640
27,27,1024,113664
27,68,2048,113664
27,52,3072,113664
27,52,4096,113664
27,129,11264,113664
27,27,16384,113664
27,27,17408,113664
27,80,17408,113664
27,27,18432,113664
27,27,19456,113664
27,27,20480,113664
27,68,1024,114688
27,52,2048,114688
27,52,3072,114688
27,129,10240,114688
27,27,15360,114688
27,27,16384,114688
27,80,16384,114688
27,27,17408,114688
27,27,18432,114688
27,27,19456,114688
68,52,1024,115712
68,52,2048,115712
68,129,9216,115712
68,27,14336,115712
68,27,15360,115712
68,80,15360,115712
68,27,16384,115712
68,27,17408,115712
68,27,18432,115712
52,52,1024,116736
52,129,8192,116736
52,27,13312,116736
52,27,14336,116736
52,80,14336,116736
52,27,15360,116736
52,27,16384,116736
52,27,17408,116736
52,129,7168,117760
52,27,12288,117760
52,27,13312,117760
52,80,13312,117760
52,27,14336,117760
52,27,15360,117760
52,27,16384,117760
129,27,5120,124928
129,27,6144,124928
129,80,6144,124928
129,27,7168,124928
129,27,8192,124928
129,27,9216,124928
129,34,15360,124928
129,41,18432,124928
129,61,19456,124928
129,82,19456,124928
129,61,20480,124928
27,27,1024,130048
27,80,1024,130048
27,27,2048,130048
27,27,3072,130048
27,27,4096,130048
27,34,10240,130048
27,41,13312,130048
27,61,14336,130048
27,82,14336,130048
27,61,15360,130048
27,20,16384,130048
27,41,16384,130048
27,20,17408,130048
27,41,17408,130048
27,80,0,131072
27,27,1024,131072
27,27,2048,131072
27,27,3072,131072
27,34,9216,131072
27,41,12288,131072
27,61,13312,131072
27,82,13312,131072
27,61,14336,131072
27,20,15360,131072
27,41,15360,131072
27,20,16384,131072
27,41,16384,131072
27,41,17408,131072
80,27,1024,131072
80,27,2048,131072
80,27,3072,131072
80,34,9216,131072
80,41,12288,131072
80,61,13312,131072
80,82,13312,131072
80,61,14336,131072
80,20,15360,131072
80,41,15360,131072
80,20,16384,131072
80,41,16384,131072
80,41,17408,131072
80,20,18432,131072
27,27,1024,132096
27,27,2048,132096
27,34,8192,132096
27,41,11264,132096
27,61,12288,132096
27,82,12288,132096
27,61,13312,132096
27,20,14336,132096
27,41,14336,132096
27,20,15360,132096
27,41,15360,132096
27,41,16384,132096
27,20,17408,132096
27,41,17408,132096
27,27,1024,133120
27,34,7168,133120
27,41,10240,133120
27,61,11264,133120
27,82,11264,133120
27,61,12288,133120
27,20,13312,133120
27,41,13312,133120
27,20,14336,133120
27,41,14336,133120
27,41,15360,133120
27,20,16384,133120
27,41,16384,133120
27,20,17408,133120
27,34,6144,134144
27,41,9216,134144
27,61,10240,134144
27,82,10240,134144
27,61,11264,134144
27,20,12288,134144
27,41,12288,134144
27,20,13312,134144
27,41,13312,134144
27,41,14336,134144
27,20,15360,134144
27,41,15360,134144
27,20,16384,134144
34,41,3072,140288
34,61,4096,140288
34,82,4096,140288
34,61,5120,140288
34,20,6144,140288
34,41,6144,140288
34,20,7168,140288
34,41,7168,140288
34,41,8192,140288
34,20,9216,140288
34,41,9216,140288
34,20,10240,140288
34,23,20480,140288
41,61,1024,143360
41,82,1024,143360
41,61,2048,143360
41,20,3072,143360
41,41,3072,143360
41,20,4096,143360
41,41,4096,143360
41,41,5120,143360
41,20,6144,143360
41,41,6144,143360
41,20,7168,143360
41,23,17408,143360
61,82,0,144384
61,61,1024,144384
61,20,2048,144384
61,41,2048,144384
61,20,3072,144384
61,41,3072,144384
61,41,4096,144384
61,20,5120,144384
61,41,5120,144384
61,20,6144,144384
61,23,16384,144384
61,45,20480,144384
82,61,1024,144384
82,20,2048,144384
82,41,2048,144384
82,20,3072,144384
82,41,3072,144384
82,41,4096,144384
82,20,5120,144384
82,41,5120,144384
82,20,6144,144384
82,23,16384,144384
82,45,20480,144384
61,20,1024,145408
61,41,1024,145408
61,20,2048,145408
61,41,2048,145408
61,41,3072,145408
61,20,4096,145408
61,41,4096,145408
61,20,5120,145408
61,23,15360,145408
61,45,19456,145408
20,41,0,146432
20,20,1024,146432
20,41,1024,146432
20,41,2048,146432
20,20,3072,146432
20,41,3072,146432
20,20,4096,146432
20,23,14336,146432
20,45,18432,146432
20,23,20480,146432
41,20,1024,146432
41,41,1024,146432
41,41,2048,146432
41,20,3072,146432
41,41,3072,146432
41,20,4096,146432
41,23,14336,146432
41,45,18432,146432
41,23,20480,146432
20,41,0,147456
20,41,1024,147456
20,20,2048,147456
20,41,2048,147456
20,20,3072,147456
20,23,13312,147456
20,45,17408,147456
20,23,19456,147456
41,41,1024,147456
41,20,2048,147456
41,41,2048,147456
41,20,3072,147456
41,23,13312,147456
41,45,17408,147456
41,23,19456,147456
41,20,1024,148480
41,41,1024,148480
41,20,2048,148480
41,23,12288,148480
41,45,16384,148480
41,23,18432,148480
20,41,0,149504
20,20,1024,149504
20,23,11264,149504
20,45,15360,149504
20,23,17408,149504
20,23,20480,149504
41,20,1024,149504
41,23,11264,149504
41,45,15360,149504
41,23,17408,149504
41,23,20480,149504
20,23,10240,150528
20,45,14336,150528
20,23,16384,150528
20,23,19456,150528
20,23,20480,150528
23,45,4096,160768
23,23,6144,160768
23,23,9216,160768
23,23,10240,160768
23,23,12288,160768
23,27,13312,160768
23,77,14336,160768
23,144,15360,160768
23,144,16384,160768
23,23,18432,160768
23,23,19456,160768
23,115,19456,160768
23,23,20480,160768
45,23,2048,164864
45,23,5120,164864
45,23,6144,164864
45,23,8192,164864
45,27,9216,164864
45,77,10240,164864
45,144,11264,164864
45,144,12288,164864
45,23,14336,164864
45,23,15360,164864
45,115,15360,164864
45,23,16384,164864
45,23,17408,164864
45,61,18432,164864
23,23,3072,166912
23,23,4096,166912
23,23,6144,166912
23,27,7168,166912
23,77,8192,166912
23,144,9216,166912
23,144,10240,166912
23,23,12288,166912
23,23,13312,166912
23,115,13312,166912
23,23,14336,166912
23,23,15360,166912
23,61,16384,166912
23,23,17408,166912
23,23,1024,169984
23,23,3072,169984
23,27,4096,169984
23,77,5120,169984
23,144,6144,169984
23,144,7168,169984
23,23,9216,169984
23,23,10240,169984
23,115,10240,169984
23,23,11264,169984
23,23,12288,169984
23,61,13312,169984
23,23,14336,169984
23,61,14336,169984
23,23,2048,171008
23,27,3072,171008
23,77,4096,171008
23,144,5120,171008
23,144,6144,171008
23,23,8192,171008
23,23,9216,171008
23,115,9216,171008
23,23,10240,171008
23,23,11264,171008
23,61,12288,171008
23,23,13312,171008
23,61,13312,171008
23,151,13312,171008
23,27,1024,173056
23,77,2048,173056
23,144,3072,173056
23,144,4096,173056
23,23,6144,173056
23,23,7168,173056
23,115,7168,173056
23,23,8192,173056
23,23,9216,173056
23,61,10240,173056
23,23,11264,173056
23,61,11264,173056
23,151,11264,173056
23,23,12288,173056
27,77,1024,174080
27,144,2048,174080
27,144,3072,174080
27,23,5120,174080
27,23,6144,174080
27,115,6144,174080
27,23,7168,174080
27,23,8192,174080
27,61,9216,174080
27,23,10240,174080
27,61,10240,174080
27,151,10240,174080
27,23,11264,174080
27,60,11264,174080
77,144,1024,175104
77,144,2048,175104
77,23,4096,175104
77,23,5120,175104
77,115,5120,175104
77,23,6144,175104
77,23,7168,175104
77,61,8192,175104
77,23,9216,175104
77,61,9216,175104
77,151,9216,175104
77,23,10240,175104
77,60,10240,175104
77,77,12288,175104
144,144,1024,176128
144,23,3072,176128
144,23,4096,176128
144,115,4096,176128
144,23,5120,176128
144,23,6144,176128
144,61,7168,176128
144,23,8192,176128
144,61,8192,176128
144,151,8192,176128
144,23,9216,176128
144,60,9216,176128
144,77,11264,176128
144,58,12288,176128
144,23,2048,177152
144,23,3072,177152
144,115,3072,177152
144,23,4096,177152
144,23,5120,177152
144,61,6144,177152
144,23,7168,177152
144,61,7168,177152
144,151,7168,177152
144,23,8192,177152
144,60,8192,177152
144,77,10240,177152
144,58,11264,177152
144,58,12288,177152
23,23,1024,179200
23,115,1024,179200
23,23,2048,179200
23,23,3072,179200
23,61,4096,179200
23,23,5120,179200
23,61,5120,179200
23,151,5120,179200
23,23,6144,179200
23,60,6144,179200
23,77,8192,179200
23,58,9216,179200
23,58,10240,179200
23,18,11264,179200
23,115,0,180224
23,23,1024,180224
23,23,2048,180224
23,61,3072,180224
23,23,4096,180224
23,61,4096,180224
23,151,4096,180224
23,23,5120,180224
23,60,5120,180224
23,77,7168,180224
23,58,8192,180224
23,58,9216,180224
23,18,10240,180224
23,58,10240,180224
115,23,1024,180224
115,23,2048,180224
115,61,3072,180224
115,23,4096,180224
115,61,4096,180224
115,151,4096,180224
115,23,5120,180224
115,60,5120,180224
115,77,7168,180224
115,58,8192,180224
115,58,9216,180224
115,18,10240,180224
115,58,10240,180224
115,23,15360,180224
23,23,1024,181248
23,61,2048,181248
23,23,3072,181248
23,61,3072,181248
23,151,3072,181248
23,23,4096,181248
23,60,4096,181248
23,77,6144,181248
23,58,7168,181248
23,58,8192,181248
23,18,9216,181248
23,58,9216,181248
23,23,14336,181248
23,23,15360,181248
23,61,1024,182272
23,23,2048,182272
23,61,2048,182272
23,151,2048,182272
23,23,3072,182272
23,60,3072,182272
23,77,5120,182272
23,58,6144,182272
23,58,7168,182272
23,18,8192,182272
23,58,8192,182272
23,23,13312,182272
23,23,14336,182272
61,23,1024,183296
61,61,1024,183296
61,151,1024,183296
61,23,2048,183296
61,60,2048,183296
61,77,4096,183296
61,58,5120,183296
61,58,6144,183296
61,18,7168,183296
61,58,7168,183296
61,23,12288,183296
61,23,13312,183296
23,61,0,184320
23,151,0,184320
23,23,1024,184320
23,60,1024,184320
23,77,3072,184320
23,58,4096,184320
23,58,5120,184320
23,18,6144,184320
23,58,6144,184320
23,23,11264,184320
23,23,12288,184320
23,23,20480,184320
61,151,0,184320
61,23,1024,184320
61,60,1024,184320
61,77,3072,184320
61,58,4096,184320
61,58,5120,184320
61,18,6144,184320
61,58,6144,184320
61,23,11264,184320
61,23,12288,184320
61,23,20480,184320
151,23,1024,184320
151,60,1024,184320
151,77,3072,184320
151,58,4096,184320
151,58,5120,184320
151,18,6144,184320
151,58,6144,184320
151,23,11264,184320
151,23,12288,184320
151,23,20480,184320
23,60,0,185344
23,77,2048,185344
23,58,3072,185344
23,58,4096,185344
23,18,5120,185344
23,58,5120,185344
23,23,10240,185344
23,23,11264,185344
23,23,19456,185344
23,23,20480,185344
60,77,2048,185344
60,58,3072,185344
60,58,4096,185344
60,18,5120,185344
60,58,5120,185344
60,23,10240,185344
60,23,11264,185344
60,23,19456,185344
60,23,20480,185344
77,58,1024,187392
77,58,2048,187392
77,18,3072,187392
77,58,3072,187392
77,23,8192,187392
77,23,9216,187392
77,23,17408,187392
77,23,18432,187392
77,23,20480,187392
77,45,20480,187392
58,58,1024,188416
58,18,2048,188416
58,58,2048,188416
58,23,7168,188416
58,23,8192,188416
58,23,16384,188416
58,23,17408,188416
58,23,19456,188416
58,45,19456,188416
58,23,20480,188416
58,46,20480,188416
58,18,1024,189440
58,58,1024,189440
58,23,6144,189440
58,23,7168,189440
58,23,15360,189440
58,23,16384,189440
58,23,18432,189440
58,45,18432,189440
58,23,19456,189440
58,46,19456,189440
58,23,20480,189440
18,58,0,190464
18,23,5120,190464
18,23,6144,190464
18,23,14336,190464
18,23,15360,190464
18,23,17408,190464
18,45,17408,190464
18,23,18432,190464
18,46,18432,190464
18,23,19456,190464
58,23,5120,190464
58,23,6144,190464
58,23,14336,190464
58,23,15360,190464
58,23,17408,190464
58,45,17408,190464
58,23,18432,190464
58,46,18432,190464
58,23,19456,190464
23,23,1024,195584
23,23,9216,195584
23,23,10240,195584
23,23,12288,195584
23,45,12288,195584
23,23,13312,195584
23,46,13312,195584
23,23,14336,195584
23,52,17408,195584
23,104,17408,195584
23,52,18432,195584
23,124,20480,195584
23,23,8192,196608
23,23,9216,196608
23,23,11264,196608
23,45,11264,196608
23,23,12288,196608
23,46,12288,196608
23,23,13312,196608
23,52,16384,196608
23,104,16384,196608
23,52,17408,196608
23,124,19456,196608
23,23,1024,204800
23,23,3072,204800
23,45,3072,204800
23,23,4096,204800
23,46,4096,204800
23,23,5120,204800
23,52,8192,204800
23,104,8192,204800
23,52,9216,204800
23,124,11264,204800
23,62,14336,204800
23,93,15360,204800
23,93,16384,204800
23,62,17408,204800
23,23,2048,205824
23,45,2048,205824
23,23,3072,205824
23,46,3072,205824
23,23,4096,205824
23,52,7168,205824
23,104,7168,205824
23,52,8192,205824
23,124,10240,205824
23,62,13312,205824
23,93,14336,205824
23,93,15360,205824
23,62,16384,205824
23,93,16384,205824
23,45,0,207872
23,23,1024,207872
23,46,1024,207872
23,23,2048,207872
23,52,5120,207872
23,104,5120,207872
23,52,6144,207872
23,124,8192,207872
23,62,11264,207872
23,93,12288,207872
23,93,13312,207872
23,62,14336,207872
23,93,14336,207872
45,23,1024,207872
45,46,1024,207872
45,23,2048,207872
45,52,5120,207872
45,104,5120,207872
45,52,6144,207872
45,124,8192,207872
45,62,11264,207872
45,93,12288,207872
45,93,13312,207872
45,62,14336,207872
45,93,14336,207872
23,46,0,208896
23,23,1024,208896
23,52,4096,208896
23,104,4096,208896
23,52,5120,208896
23,124,7168,208896
23,62,10240,208896
23,93,11264,208896
23,93,12288,208896
23,62,13312,208896
23,93,13312,208896
23,41,20480,208896
46,23,1024,208896
46,52,4096,208896
46,104,4096,208896
46,52,5120,208896
46,124,7168,208896
46,62,10240,208896
46,93,11264,208896
46,93,12288,208896
46,62,13312,208896
46,93,13312,208896
46,41,20480,208896
23,52,3072,209920
23,104,3072,209920
23,52,4096,209920
23,124,6144,209920
23,62,9216,209920
23,93,10240,209920
23,93,11264,209920
23,62,12288,209920
23,93,12288,209920
23,41,19456,209920
23,41,20480,209920
52,104,0,212992
52,52,1024,212992
52,124,3072,212992
52,62,6144,212992
52,93,7168,212992
52,93,8192,212992
52,62,9216,212992
52,93,9216,212992
52,41,16384,212992
52,41,17408,212992
52,41,19456,212992
52,41,20480,212992
104,52,1024,212992
104,124,3072,212992
104,62,6144,212992
104,93,7168,212992
104,93,8192,212992
104,62,9216,212992
104,93,9216,212992
104,41,16384,212992
104,41,17408,212992
104,41,19456,212992
104,41,20480,212992
52,124,2048,214016
52,62,5120,214016
52,93,6144,214016
52,93,7168,214016
52,62,8192,214016
52,93,8192,214016
52,41,15360,214016
52,41,16384,214016
52,41,18432,214016
52,41,19456,214016
124,62,3072,216064
124,93,4096,216064
124,93,5120,216064
124,62,6144,216064
124,93,6144,216064
124,41,13312,216064
124,41,14336,216064
124,41,16384,216064
124,41,17408,216064
62,93,1024,219136
62,93,2048,219136
62,62,3072,219136
62,93,3072,219136
62,41,10240,219136
62,41,11264,219136
62,41,13312,219136
62,41,14336,219136
93,93,1024,220160
93,62,2048,220160
93,93,2048,220160
93,41,9216,220160
93,41,10240,220160
93,41,12288,220160
93,41,13312,220160
93,62,1024,221184
93,93,1024,221184
93,41,8192,221184
93,41,9216,221184
93,41,11264,221184
93,41,12288,221184
93,82,20480,221184
62,93,0,222208
62,41,7168,222208
62,41,8192,222208
62,41,10240,222208
62,41,11264,222208
62,82,19456,222208
62,20,20480,222208
93,41,7168,222208
93,41,8192,222208
93,41,10240,222208
93,41,11264,222208
93,82,19456,222208
93,20,20480,222208
41,41,1024,229376
41,41,3072,229376
41,41,4096,229376
41,82,12288,229376
41,20,13312,229376
41,20,14336,229376
41,42,14336,229376
41,20,15360,229376
41,61,15360,229376
41,21,16384,229376
41,41,16384,229376
41,21,18432,229376
41,30,19456,229376
41,46,19456,229376
41,41,2048,230400
41,41,3072,230400
41,82,11264,230400
41,20,12288,230400
41,20,13312,230400
41,42,13312,230400
41,20,14336,230400
41,61,14336,230400
41,21,15360,230400
41,41,15360,230400
41,21,17408,230400
41,30,18432,230400
41,46,18432,230400
41,31,19456,230400
41,41,1024,232448
41,82,9216,232448
41,20,10240,232448
41,20,11264,232448
41,42,11264,232448
41,20,12288,232448
41,61,12288,232448
41,21,13312,232448
41,41,13312,232448
41,21,15360,232448
41,30,16384,232448
41,46,16384,232448
41,31,17408,232448
41,45,17408,232448
41,82,8192,233472
41,20,9216,233472
41,20,10240,233472
41,42,10240,233472
41,20,11264,233472
41,61,11264,233472
41,21,12288,233472
41,41,12288,233472
41,21,14336,233472
41,30,15360,233472
41,46,15360,233472
41,31,16384,233472
41,45,16384,233472
41,62,19456,233472
82,20,1024,241664
82,20,2048,241664
82,42,2048,241664
82,20,3072,241664
82,61,3072,241664
82,21,4096,241664
82,41,4096,241664
82,21,6144,241664
82,30,7168,241664
82,46,7168,241664
82,31,8192,241664
82,45,8192,241664
82,62,11264,241664
82,81,12288,241664
20,20,1024,242688
20,42,1024,242688
20,20,2048,242688
20,61,2048,242688
20,21,3072,242688
20,41,3072,242688
20,21,5120,242688
20,30,6144,242688
20,46,6144,242688
20,31,7168,242688
20,45,7168,242688
20,62,10240,242688
20,81,11264,242688
20,61,12288,242688
20,42,0,243712
20,20,1024,243712
20,61,1024,243712
20,21,2048,243712
20,41,2048,243712
20,21,4096,243712
20,30,5120,243712
20,46,5120,243712
20,31,6144,243712
20,45,6144,243712
20,62,9216,243712
20,81,10240,243712
20,61,11264,243712
20,141,11264,243712
42,20,1024,243712
42,61,1024,243712
42,21,2048,243712
42,41,2048,243712
42,21,4096,243712
42,30,5120,243712
42,46,5120,243712
42,31,6144,243712
42,45,6144,243712
42,62,9216,243712
42,81,10240,243712
42,61,11264,243712
42,141,11264,243712
42,20,12288,243712
20,61,0,244736
20,21,1024,244736
20,41,1024,244736
20,21,3072,244736
20,30,4096,244736
20,46,4096,244736
20,31,5120,244736
20,45,5120,244736
20,62,8192,244736
20,81,9216,244736
20,61,10240,244736
20,141,10240,244736
20,20,11264,244736
20,59,13312,244736
61,21,1024,244736
61,41,1024,244736
61,21,3072,244736
61,30,4096,244736
61,46,4096,244736
61,31,5120,244736
61,45,5120,244736
61,62,8192,244736
61,81,9216,244736
61,61,10240,244736
61,141,10240,244736
61,20,11264,244736
61,59,13312,244736
61,23,15360,244736
21,41,0,245760
21,21,2048,245760
21,30,3072,245760
21,46,3072,245760
21,31,4096,245760
21,45,4096,245760
21,62,7168,245760
21,81,8192,245760
21,61,9216,245760
21,141,9216,245760
21,20,10240,245760
21,59,12288,245760
21,23,14336,245760
21,23,15360,245760
41,21,2048,245760
41,30,3072,245760
41,46,3072,245760
41,31,4096,245760
41,45,4096,245760
41,62,7168,245760
41,81,8192,245760
41,61,9216,245760
41,141,9216,245760
41,20,10240,245760
41,59,12288,245760
41,23,14336,245760
41,23,15360,245760
41,35,17408,245760
21,30,1024,247808
21,46,1024,247808
21,31,2048,247808
21,45,2048,247808
21,62,5120,247808
21,81,6144,247808
21,61,7168,247808
21,141,7168,247808
21,20,8192,247808
21,59,10240,247808
21,23,12288,247808
21,23,13312,247808
21,35,15360,247808
21,63,19456,247808
30,46,0,248832
30,31,1024,248832
30,45,1024,248832
30,62,4096,248832
30,81,5120,248832
30,61,6144,248832
30,141,6144,248832
30,20,7168,248832
30,59,9216,248832
30,23,11264,248832
30,23,12288,248832
30,35,14336,248832
30,63,18432,248832
30,61,20480,248832
46,31,1024,248832
46,45,1024,248832
46,62,4096,248832
46,81,5120,248832
46,61,6144,248832
46,141,6144,248832
46,20,7168,248832
46,59,9216,248832
46,23,11264,248832
46,23,12288,248832
46,35,14336,248832
46,63,18432,248832
46,61,20480,248832
31,45,0,249856
31,62,3072,249856
31,81,4096,249856
31,61,5120,249856
31,141,5120,249856
31,20,6144,249856
31,59,8192,249856
31,23,10240,249856
31,23,11264,249856
31,35,13312,249856
31,63,17408,249856
31,61,19456,249856
31,61,20480,249856
31,82,20480,249856
45,62,3072,249856
45,81,4096,249856
45,61,5120,249856
45,141,5120,249856
45,20,6144,249856
45,59,8192,249856
45,23,10240,249856
45,23,11264,249856
45,35,13312,249856
45,63,17408,249856
45,61,19456,249856
45,61,20480,249856
45,82,20480,249856
62,81,1024,252928
62,61,2048,252928
62,141,2048,252928
62,20,3072,252928
62,59,5120,252928
62,23,7168,252928
62,23,8192,252928
62,35,10240,252928
62,63,14336,252928
62,61,16384,252928
62,61,17408,252928
62,82,17408,252928
62,61,18432,252928
62,61,19456,252928
81,61,1024,253952
81,141,1024,253952
81,20,2048,253952
81,59,4096,253952
81,23,6144,253952
81,23,7168,253952
81,35,9216,253952
81,63,13312,253952
81,61,15360,253952
81,61,16384,253952
81,82,16384,253952
81,61,17408,253952
81,61,18432,253952
81,27,20480,253952
61,141,0,254976
61,20,1024,254976
61,59,3072,254976
61,23,5120,254976
61,23,6144,254976
61,35,8192,254976
61,63,12288,254976
61,61,14336,254976
61,61,15360,254976
61,82,15360,254976
61,61,16384,254976
61,61,17408,254976
61,27,19456,254976
61,27,20480,254976
141,20,1024,254976
141,59,3072,254976
141,23,5120,254976
141,23,6144,254976
141,35,8192,254976
141,63,12288,254976
141,61,14336,254976
141,61,15360,254976
141,82,15360,254976
141,61,16384,254976
141,61,17408,254976
141,27,19456,254976
141,27,20480,254976
20,59,2048,256000
20,23,4096,256000
20,23,5120,256000
20,35,7168,256000
20,63,11264,256000
20,61,13312,256000
20,61,14336,256000
20,82,14336,256000
20,61,15360,256000
20,61,16384,256000
20,27,18432,256000
20,27,19456,256000
59,23,2048,258048
59,23,3072,258048
59,35,5120,258048
59,63,9216,258048
59,61,11264,258048
59,61,12288,258048
59,82,12288,258048
59,61,13312,258048
59,61,14336,258048
59,27,16384,258048
59,27,17408,258048
23,23,1024,260096
23,35,3072,260096
23,63,7168,260096
23,61,9216,260096
23,61,10240,260096
23,82,10240,260096
23,61,11264,260096
23,61,12288,260096
23,27,14336,260096
23,27,15360,260096
23,27,19456,260096
23,82,20480,260096
23,35,2048,261120
23,63,6144,261120
23,61,8192,261120
23,61,9216,261120
23,82,9216,261120
23,61,10240,261120
23,61,11264,261120
23,27,13312,261120
23,27,14336,261120
23,27,18432,261120
23,82,19456,261120
35,63,4096,263168
35,61,6144,263168
35,61,7168,263168
35,82,7168,263168
35,61,8192,263168
35,61,9216,263168
35,27,11264,263168
35,27,12288,263168
35,27,16384,263168
35,82,17408,263168
35,27,19456,263168
63,61,2048,267264
63,61,3072,267264
63,82,3072,267264
63,61,4096,267264
63,61,5120,267264
63,27,7168,267264
63,27,8192,267264
63,27,12288,267264
63,82,13312,267264
63,27,15360,267264
63,47,17408,267264
63,69,18432,267264
63,115,18432,267264
61,61,1024,269312
61,82,1024,269312
61,61,2048,269312
61,61,3072,269312
61,27,5120,269312
61,27,6144,269312
61,27,10240,269312
61,82,11264,269312
61,27,13312,269312
61,47,15360,269312
61,69,16384,269312
61,115,16384,269312
61,82,20480,269312
61,82,0,270336
61,61,1024,270336
61,61,2048,270336
61,27,4096,270336
61,27,5120,270336
61,27,9216,270336
61,82,10240,270336
61,27,12288,270336
61,47,14336,270336
61,69,15360,270336
61,115,15360,270336
61,82,19456,270336
61,83,20480,270336
82,61,1024,270336
82,61,2048,270336
82,27,4096,270336
82,27,5120,270336
82,27,9216,270336
82,82,10240,270336
82,27,12288,270336
82,47,14336,270336
82,69,15360,270336
82,115,15360,270336
82,82,19456,270336
82,83,20480,270336
61,61,1024,271360
61,27,3072,271360
61,27,4096,271360
61,27,8192,271360
61,82,9216,271360
61,27,11264,271360
61,47,13312,271360
61,69,14336,271360
61,115,14336,271360
61,82,18432,271360
61,83,19456,271360
61,27,2048,272384
61,27,3072,272384
61,27,7168,272384
61,82,8192,272384
61,27,10240,272384
61,47,12288,272384
61,69,13312,272384
61,115,13312,272384
61,82,17408,272384
61,83,18432,272384
27,27,1024,274432
27,27,5120,274432
27,82,6144,274432
27,27,8192,274432
27,47,10240,274432
27,69,11264,274432
27,115,11264,274432
27,82,15360,274432
27,83,16384,274432
27,41,19456,274432
27,20,20480,274432
27,40,20480,274432
27,27,4096,275456
27,82,5120,275456
27,27,7168,275456
27,47,9216,275456
27,69,10240,275456
27,115,10240,275456
27,82,14336,275456
27,83,15360,275456
27,41,18432,275456
27,20,19456,275456
27,40,19456,275456
27,82,1024,279552
27,27,3072,279552
27,47,5120,279552
27,69,6144,279552
27,115,6144,279552
27,82,10240,279552
27,83,11264,279552
27,41,14336,279552
27,20,15360,279552
27,40,15360,279552
27,21,19456,279552
27,123,19456,279552
27,122,20480,279552
82,27,2048,280576
82,47,4096,280576
82,69,5120,280576
82,115,5120,280576
82,82,9216,280576
82,83,10240,280576
82,41,13312,280576
82,20,14336,280576
82,40,14336,280576
82,21,18432,280576
82,123,18432,280576
82,122,19456,280576
82,20,20480,280576
27,47,2048,282624
27,69,3072,282624
27,115,3072,282624
27,82,7168,282624
27,83,8192,282624
27,41,11264,282624
27,20,12288,282624
27,40,12288,282624
27,21,16384,282624
27,123,16384,282624
27,122,17408,282624
27,20,18432,282624
47,69,1024,284672
47,115,1024,284672
47,82,5120,284672
47,83,6144,284672
47,41,9216,284672
47,20,10240,284672
47,40,10240,284672
47,21,14336,284672
47,123,14336,284672
47,122,15360,284672
47,20,16384,284672
47,69,19456,284672
47,46,20480,284672
69,115,0,285696
69,82,4096,285696
69,83,5120,285696
69,41,8192,285696
69,20,9216,285696
69,40,9216,285696
69,21,13312,285696
69,123,13312,285696
69,122,14336,285696
69,20,15360,285696
69,69,18432,285696
69,46,19456,285696
69,68,20480,285696
115,82,4096,285696
115,83,5120,285696
115,41,8192,285696
115,20,9216,285696
115,40,9216,285696
115,21,13312,285696
115,123,13312,285696
115,122,14336,285696
115,20,15360,285696
115,69,18432,285696
115,46,19456,285696
115,68,20480,285696
82,83,1024,289792
82,41,4096,289792
82,20,5120,289792
82,40,5120,289792
82,21,9216,289792
82,123,9216,289792
82,122,10240,289792
82,20,11264,289792
82,69,14336,289792
82,46,15360,289792
82,68,16384,289792
82,69,17408,289792
82,160,17408,289792
82,23,19456,289792
83,41,3072,290816
83,20,4096,290816
83,40,4096,290816
83,21,8192,290816
83,123,8192,290816
83,122,9216,290816
83,20,10240,290816
83,69,13312,290816
83,46,14336,290816
83,68,15360,290816
83,69,16384,290816
83,160,16384,290816
83,23,18432,290816
83,18,19456,290816
41,20,1024,293888
41,40,1024,293888
41,21,5120,293888
41,123,5120,293888
41,122,6144,293888
41,20,7168,293888
41,69,10240,293888
41,46,11264,293888
41,68,12288,293888
41,69,13312,293888
41,160,13312,293888
41,23,15360,293888
41,18,16384,293888
41,22,20480,293888
20,40,0,294912
20,21,4096,294912
20,123,4096,294912
20,122,5120,294912
20,20,6144,294912
20,69,9216,294912
20,46,10240,294912
20,68,11264,294912
20,69,12288,294912
20,160,12288,294912
20,23,14336,294912
20,18,15360,294912
20,22,19456,294912
20,31,20480,294912
40,21,4096,294912
40,123,4096,294912
40,122,5120,294912
40,20,6144,294912
40,69,9216,294912
40,46,10240,294912
40,68,11264,294912
40,69,12288,294912
40,160,12288,294912
40,23,14336,294912
40,18,15360,294912
40,22,19456,294912
40,31,20480,294912
21,123,0,299008
21,122,1024,299008
21,20,2048,299008
21,69,5120,299008
21,46,6144,299008
21,68,7168,299008
21,69,8192,299008
21,160,8192,299008
21,23,10240,299008
21,18,11264,299008
21,22,15360,299008
21,31,16384,299008
21,31,18432,299008
21,31,19456,299008
123,122,1024,299008
123,20,2048,299008
123,69,5120,299008
123,46,6144,299008
123,68,7168,299008
123,69,8192,299008
123,160,8192,299008
123,23,10240,299008
123,18,11264,299008
123,22,15360,299008
123,31,16384,299008
123,31,18432,299008
123,31,19456,299008
123,31,20480,299008
122,20,1024,300032
122,69,4096,300032
122,46,5120,300032
122,68,6144,300032
122,69,7168,300032
122,160,7168,300032
122,23,9216,300032
122,18,10240,300032
122,22,14336,300032
122,31,15360,300032
122,31,17408,300032
122,31,18432,300032
122,31,19456,300032
122,31,20480,300032
20,69,3072,301056
20,46,4096,301056
20,68,5120,301056
20,69,6144,301056
20,160,6144,301056
20,23,8192,301056
20,18,9216,301056
20,22,13312,301056
20,31,14336,301056
20,31,16384,301056
20,31,17408,301056
20,31,18432,301056
20,31,19456,301056
20,58,20480,301056
69,46,1024,304128
69,68,2048,304128
69,69,3072,304128
69,160,3072,304128
69,23,5120,304128
69,18,6144,304128
69,22,10240,304128
69,31,11264,304128
69,31,13312,304128
69,31,14336,304128
69,31,15360,304128
69,31,16384,304128
69,58,17408,304128
69,58,18432,304128
46,68,1024,305152
46,69,2048,305152
46,160,2048,305152
46,23,4096,305152
46,18,5120,305152
46,22,9216,305152
46,31,10240,305152
46,31,12288,305152
46,31,13312,305152
46,31,14336,305152
46,31,15360,305152
46,58,16384,305152
46,58,17408,305152
46,144,17408,305152
68,69,1024,306176
68,160,1024,306176
68,23,3072,306176
68,18,4096,306176
68,22,8192,306176
68,31,9216,306176
68,31,11264,306176
68,31,12288,306176
68,31,13312,306176
68,31,14336,306176
68,58,15360,306176
68,58,16384,306176
68,144,16384,306176
68,144,17408,306176
69,160,0,307200
69,23,2048,307200
69,18,3072,307200
69,22,7168,307200
69,31,8192,307200
69,31,10240,307200
69,31,11264,307200
69,31,12288,307200
69,31,13312,307200
69,58,14336,307200
69,58,15360,307200
69,144,15360,307200
69,144,16384,307200
69,58,17408,307200
160,23,2048,307200
160,18,3072,307200
160,22,7168,307200
160,31,8192,307200
160,31,10240,307200
160,31,11264,307200
160,31,12288,307200
160,31,13312,307200
160,58,14336,307200
160,58,15360,307200
160,144,15360,307200
160,144,16384,307200
160,58,17408,307200
160,26,18432,307200
23,18,1024,309248
23,22,5120,309248
23,31,6144,309248
23,31,8192,309248
23,31,9216,309248
23,31,10240,309248
23,31,11264,309248
23,58,12288,309248
23,58,13312,309248
23,144,13312,309248
23,144,14336,309248
23,58,15360,309248
23,26,16384,309248
23,23,18432,309248
18,22,4096,310272
18,31,5120,310272
18,31,7168,310272
18,31,8192,310272
18,31,9216,310272
18,31,10240,310272
18,58,11264,310272
18,58,12288,310272
18,144,12288,310272
18,144,13312,310272
18,58,14336,310272
18,26,15360,310272
18,23,17408,310272
18,23,19456,310272
22,31,1024,314368
22,31,3072,314368
22,31,4096,314368
22,31,5120,314368
22,31,6144,314368
22,58,7168,314368
22,58,8192,314368
22,144,8192,314368
22,144,9216,314368
22,58,10240,314368
22,26,11264,314368
22,23,13312,314368
22,23,15360,314368
31,31,2048,315392
31,31,3072,315392
31,31,4096,315392
31,31,5120,315392
31,58,6144,315392
31,58,7168,315392
31,144,7168,315392
31,144,8192,315392
31,58,9216,315392
31,26,10240,315392
31,23,12288,315392
31,23,14336,315392
31,31,1024,317440
31,31,2048,317440
31,31,3072,317440
31,58,4096,317440
31,58,5120,317440
31,144,5120,317440
31,144,6144,317440
31,58,7168,317440
31,26,8192,317440
31,23,10240,317440
31,23,12288,317440
31,31,1024,318464
31,31,2048,318464
31,58,3072,318464
31,58,4096,318464
31,144,4096,318464
31,144,5120,318464
31,58,6144,318464
31,26,7168,318464
31,23,9216,318464
31,23,11264,318464
31,31,1024,319488
31,58,2048,319488
31,58,3072,319488
31,144,3072,319488
31,144,4096,319488
31,58,5120,319488
31,26,6144,319488
31,23,8192,319488
31,23,10240,319488
31,58,1024,320512
31,58,2048,320512
31,144,2048,320512
31,144,3072,320512
31,58,4096,320512
31,26,5120,320512
31,23,7168,320512
31,23,9216,320512
58,58,1024,321536
58,144,1024,321536
58,144,2048,321536
58,58,3072,321536
58,26,4096,321536
58,23,6144,321536
58,23,8192,321536
58,144,0,322560
58,144,1024,322560
58,58,2048,322560
58,26,3072,322560
58,23,5120,322560
58,23,7168,322560
144,144,1024,322560
144,58,2048,322560
144,26,3072,322560
144,23,5120,322560
144,23,7168,322560
144,58,1024,323584
144,26,2048,323584
144,23,4096,323584
144,23,6144,323584
58,26,1024,324608
58,23,3072,324608
58,23,5120,324608
26,23,2048,325632
26,23,4096,325632
23,23,2048,327680
