32,62,0,0
32,25,10240,0
32,48,11264,0
32,48,12288,0
32,24,14336,0
32,46,16384,0
32,24,17408,0
32,24,20480,0
32,48,20480,0
62,25,10240,0
62,48,11264,0
62,48,12288,0
62,24,14336,0
62,46,16384,0
62,24,17408,0
62,24,20480,0
62,48,20480,0
25,48,1024,10240
25,48,2048,10240
25,24,4096,10240
25,46,6144,10240
25,24,7168,10240
25,24,10240,10240
25,48,10240,10240
25,48,12288,10240
25,48,14336,10240
25,32,15360,10240
25,48,15360,10240
25,32,16384,10240
25,46,16384,10240
25,20,17408,10240
48,48,1024,11264
48,24,3072,11264
48,46,5120,11264
48,24,6144,11264
48,24,9216,11264
48,48,9216,11264
48,48,11264,11264
48,48,13312,11264
48,32,14336,11264
48,48,14336,11264
48,32,15360,11264
48,46,15360,11264
48,20,16384,11264
48,48,16384,11264
48,24,2048,12288
48,46,4096,12288
48,24,5120,12288
48,24,8192,12288
48,48,8192,12288
48,48,10240,12288
48,48,12288,12288
48,32,13312,12288
48,48,13312,12288
48,32,14336,12288
48,46,14336,12288
48,20,15360,12288
48,48,15360,12288
48,20,16384,12288
24,46,2048,14336
24,24,3072,14336
24,24,6144,14336
24,48,6144,14336
24,48,8192,14336
24,48,10240,14336
24,32,11264,14336
24,48,11264,14336
24,32,12288,14336
24,46,12288,14336
24,20,13312,14336
24,48,13312,14336
24,20,14336,14336
24,49,14336,14336
46,24,1024,16384
46,24,4096,16384
46,48,4096,16384
46,48,6144,16384
46,48,8192,16384
46,32,9216,16384
46,48,9216,16384
46,32,10240,16384
46,46,10240,16384
46,20,11264,16384
46,48,11264,16384
46,20,12288,16384
46,49,12288,16384
46,20,13312,16384
24,24,3072,17408
24,48,3072,17408
24,48,5120,17408
24,48,7168,17408
24,32,8192,17408
24,48,8192,17408
24,32,9216,17408
24,46,9216,17408
24,20,10240,17408
24,48,10240,17408
24,20,11264,17408
24,49,11264,17408
24,20,12288,17408
24,26,13312,17408
24,48,0,20480
24,48,2048,20480
24,48,4096,20480
24,32,5120,20480
24,48,5120,20480
24,32,6144,20480
24,46,6144,20480
24,20,7168,20480
24,48,7168,20480
24,20,8192,20480
24,49,8192,20480
24,20,9216,20480
24,26,10240,20480
24,49,10240,20480
48,48,2048,20480
48,48,4096,20480
48,32,5120,20480
48,48,5120,20480
48,32,6144,20480
48,46,6144,20480
48,20,7168,20480
48,48,7168,20480
48,20,8192,20480
48,49,8192,20480
48,20,9216,20480
48,26,10240,20480
48,49,10240,20480
48,36,11264,20480
48,48,2048,22528
48,32,3072,22528
48,48,3072,22528
48,32,4096,22528
48,46,4096,22528
48,20,5120,22528
48,48,5120,22528
48,20,6144,22528
48,49,6144,22528
48,20,7168,22528
48,26,8192,22528
48,49,8192,22528
48,36,9216,22528
48,48,9216,22528
48,32,1024,24576
48,48,1024,24576
48,32,2048,24576
48,46,2048,24576
48,20,3072,24576
48,48,3072,24576
48,20,4096,24576
48,49,4096,24576
48,20,5120,24576
48,26,6144,24576
48,49,6144,24576
48,36,7168,24576
48,48,7168,24576
48,24,9216,24576
32,48,0,25600
32,32,1024,25600
32,46,1024,25600
32,20,2048,25600
32,48,2048,25600
32,20,3072,25600
32,49,3072,25600
32,20,4096,25600
32,26,5120,25600
32,49,5120,25600
32,36,6144,25600
32,48,6144,25600
32,24,8192,25600
32,48,8192,25600
48,32,1024,25600
48,46,1024,25600
48,20,2048,25600
48,48,2048,25600
48,20,3072,25600
48,49,3072,25600
48,20,4096,25600
48,26,5120,25600
48,49,5120,25600
48,36,6144,25600
48,48,6144,25600
48,24,8192,25600
48,48,8192,25600
48,36,9216,25600
32,46,0,26624
32,20,1024,26624
32,48,1024,26624
32,20,2048,26624
32,49,2048,26624
32,20,3072,26624
32,26,4096,26624
32,49,4096,26624
32,36,5120,26624
32,48,5120,26624
32,24,7168,26624
32,48,7168,26624
32,36,8192,26624
32,32,9216,26624
46,20,1024,26624
46,48,1024,26624
46,20,2048,26624
46,49,2048,26624
46,20,3072,26624
46,26,4096,26624
46,49,4096,26624
46,36,5120,26624
46,48,5120,26624
46,24,7168,26624
46,48,7168,26624
46,36,8192,26624
46,32,9216,26624
46,21,10240,26624
20,48,0,27648
20,20,1024,27648
20,49,1024,27648
20,20,2048,27648
20,26,3072,27648
20,49,3072,27648
20,36,4096,27648
20,48,4096,27648
20,24,6144,27648
20,48,6144,27648
20,36,7168,27648
20,32,8192,27648
20,21,9216,27648
20,25,10240,27648
48,20,1024,27648
48,49,1024,27648
48,20,2048,27648
48,26,3072,27648
48,49,3072,27648
48,36,4096,27648
48,48,4096,27648
48,24,6144,27648
48,48,6144,27648
48,36,7168,27648
48,32,8192,27648
48,21,9216,27648
48,25,10240,27648
48,24,12288,27648
20,49,0,28672
20,20,1024,28672
20,26,2048,28672
20,49,2048,28672
20,36,3072,28672
20,48,3072,28672
20,24,5120,28672
20,48,5120,28672
20,36,6144,28672
20,32,7168,28672
20,21,8192,28672
20,25,9216,28672
20,24,11264,28672
20,48,12288,28672
49,20,1024,28672
49,26,2048,28672
49,49,2048,28672
49,36,3072,28672
49,48,3072,28672
49,24,5120,28672
49,48,5120,28672
49,36,6144,28672
49,32,7168,28672
49,21,8192,28672
49,25,9216,28672
49,24,11264,28672
49,48,12288,28672
49,48,13312,28672
20,26,1024,29696
20,49,1024,29696
20,36,2048,29696
20,48,2048,29696
20,24,4096,29696
20,48,4096,29696
20,36,5120,29696
20,32,6144,29696
20,21,7168,29696
20,25,8192,29696
20,24,10240,29696
20,48,11264,29696
20,48,12288,29696
20,48,13312,29696
26,49,0,30720
26,36,1024,30720
26,48,1024,30720
26,24,3072,30720
26,48,3072,30720
26,36,4096,30720
26,32,5120,30720
26,21,6144,30720
26,25,7168,30720
26,24,9216,30720
26,48,10240,30720
26,48,11264,30720
26,48,12288,30720
26,18,13312,30720
49,36,1024,30720
49,48,1024,30720
49,24,3072,30720
49,48,3072,30720
49,36,4096,30720
49,32,5120,30720
49,21,6144,30720
49,25,7168,30720
49,24,9216,30720
49,48,10240,30720
49,48,11264,30720
49,48,12288,30720
49,18,13312,30720
49,54,13312,30720
36,48,0,31744
36,24,2048,31744
36,48,2048,31744
36,36,3072,31744
36,32,4096,31744
36,21,5120,31744
36,25,6144,31744
36,24,8192,31744
36,48,9216,31744
36,48,10240,31744
36,48,11264,31744
36,18,12288,31744
36,54,12288,31744
36,36,13312,31744
48,24,2048,31744
48,48,2048,31744
48,36,3072,31744
48,32,4096,31744
48,21,5120,31744
48,25,6144,31744
48,24,8192,31744
48,48,9216,31744
48,48,10240,31744
48,48,11264,31744
48,18,12288,31744
48,54,12288,31744
48,36,13312,31744
48,18,14336,31744
24,48,0,33792
24,36,1024,33792
24,32,2048,33792
24,21,3072,33792
24,25,4096,33792
24,24,6144,33792
24,48,7168,33792
24,48,8192,33792
24,48,9216,33792
24,18,10240,33792
24,54,10240,33792
24,36,11264,33792
24,18,12288,33792
24,54,12288,33792
48,36,1024,33792
48,32,2048,33792
48,21,3072,33792
48,25,4096,33792
48,24,6144,33792
48,48,7168,33792
48,48,8192,33792
48,48,9216,33792
48,18,10240,33792
48,54,10240,33792
48,36,11264,33792
48,18,12288,33792
48,54,12288,33792
48,18,13312,33792
36,32,1024,34816
36,21,2048,34816
36,25,3072,34816
36,24,5120,34816
36,48,6144,34816
36,48,7168,34816
36,48,8192,34816
36,18,9216,34816
36,54,9216,34816
36,36,10240,34816
36,18,11264,34816
36,54,11264,34816
36,18,12288,34816
36,18,13312,34816
32,21,1024,35840
32,25,2048,35840
32,24,4096,35840
32,48,5120,35840
32,48,6144,35840
32,48,7168,35840
32,18,8192,35840
32,54,8192,35840
32,36,9216,35840
32,18,10240,35840
32,54,10240,35840
32,18,11264,35840
32,18,12288,35840
32,18,13312,35840
21,25,1024,36864
21,24,3072,36864
21,48,4096,36864
21,48,5120,36864
21,48,6144,36864
21,18,7168,36864
21,54,7168,36864
21,36,8192,36864
21,18,9216,36864
21,54,9216,36864
21,18,10240,36864
21,18,11264,36864
21,18,12288,36864
21,48,12288,36864
25,24,2048,37888
25,48,3072,37888
25,48,4096,37888
25,48,5120,37888
25,18,6144,37888
25,54,6144,37888
25,36,7168,37888
25,18,8192,37888
25,54,8192,37888
25,18,9216,37888
25,18,10240,37888
25,18,11264,37888
25,48,11264,37888
25,18,12288,37888
24,48,1024,39936
24,48,2048,39936
24,48,3072,39936
24,18,4096,39936
24,54,4096,39936
24,36,5120,39936
24,18,6144,39936
24,54,6144,39936
24,18,7168,39936
24,18,8192,39936
24,18,9216,39936
24,48,9216,39936
24,18,10240,39936
24,48,10240,39936
48,48,1024,40960
48,48,2048,40960
48,18,3072,40960
48,54,3072,40960
48,36,4096,40960
48,18,5120,40960
48,54,5120,40960
48,18,6144,40960
48,18,7168,40960
48,18,8192,40960
48,48,8192,40960
48,18,9216,40960
48,48,9216,40960
48,24,12288,40960
48,48,1024,41984
48,18,2048,41984
48,54,2048,41984
48,36,3072,41984
48,18,4096,41984
48,54,4096,41984
48,18,5120,41984
48,18,6144,41984
48,18,7168,41984
48,48,7168,41984
48,18,8192,41984
48,48,8192,41984
48,24,11264,41984
48,18,12288,41984
48,18,1024,43008
48,54,1024,43008
48,36,2048,43008
48,18,3072,43008
48,54,3072,43008
48,18,4096,43008
48,18,5120,43008
48,18,6144,43008
48,48,6144,43008
48,18,7168,43008
48,48,7168,43008
48,24,10240,43008
48,18,11264,43008
48,20,12288,43008
18,54,0,44032
18,36,1024,44032
18,18,2048,44032
18,54,2048,44032
18,18,3072,44032
18,18,4096,44032
18,18,5120,44032
18,48,5120,44032
18,18,6144,44032
18,48,6144,44032
18,24,9216,44032
18,18,10240,44032
18,20,11264,44032
18,21,14336,44032
54,36,1024,44032
54,18,2048,44032
54,54,2048,44032
54,18,3072,44032
54,18,4096,44032
54,18,5120,44032
54,48,5120,44032
54,18,6144,44032
54,48,6144,44032
54,24,9216,44032
54,18,10240,44032
54,20,11264,44032
54,21,14336,44032
36,18,1024,45056
36,54,1024,45056
36,18,2048,45056
36,18,3072,45056
36,18,4096,45056
36,48,4096,45056
36,18,5120,45056
36,48,5120,45056
36,24,8192,45056
36,18,9216,45056
36,20,10240,45056
36,21,13312,45056
18,54,0,46080
18,18,1024,46080
18,18,2048,46080
18,18,3072,46080
18,48,3072,46080
18,18,4096,46080
18,48,4096,46080
18,24,7168,46080
18,18,8192,46080
18,20,9216,46080
18,21,12288,46080
54,18,1024,46080
54,18,2048,46080
54,18,3072,46080
54,48,3072,46080
54,18,4096,46080
54,48,4096,46080
54,24,7168,46080
54,18,8192,46080
54,20,9216,46080
54,21,12288,46080
18,18,1024,47104
18,18,2048,47104
18,48,2048,47104
18,18,3072,47104
18,48,3072,47104
18,24,6144,47104
18,18,7168,47104
18,20,8192,47104
18,21,11264,47104
18,18,1024,48128
18,48,1024,48128
18,18,2048,48128
18,48,2048,48128
18,24,5120,48128
18,18,6144,48128
18,20,7168,48128
18,21,10240,48128
18,18,20480,48128
18,48,0,49152
18,18,1024,49152
18,48,1024,49152
18,24,4096,49152
18,18,5120,49152
18,20,6144,49152
18,21,9216,49152
18,18,19456,49152
18,18,20480,49152
18,102,20480,49152
48,18,1024,49152
48,48,1024,49152
48,24,4096,49152
48,18,5120,49152
48,20,6144,49152
48,21,9216,49152
48,18,19456,49152
48,18,20480,49152
48,102,20480,49152
18,48,0,50176
18,24,3072,50176
18,18,4096,50176
18,20,5120,50176
18,21,8192,50176
18,18,18432,50176
18,18,19456,50176
18,102,19456,50176
48,24,3072,50176
48,18,4096,50176
48,20,5120,50176
48,21,8192,50176
48,18,18432,50176
48,18,19456,50176
48,102,19456,50176
24,18,1024,53248
24,20,2048,53248
24,21,5120,53248
24,18,15360,53248
24,18,16384,53248
24,102,16384,53248
18,20,1024,54272
18,21,4096,54272
18,18,14336,54272
18,18,15360,54272
18,102,15360,54272
18,31,20480,54272
20,21,3072,55296
20,18,13312,55296
20,18,14336,55296
20,102,14336,55296
20,31,19456,55296
20,20,20480,55296
21,18,10240,58368
21,18,11264,58368
21,102,11264,58368
21,31,16384,58368
21,20,17408,58368
18,18,1024,68608
18,102,1024,68608
18,31,6144,68608
18,20,7168,68608
18,32,16384,68608
18,21,20480,68608
18,102,0,69632
18,31,5120,69632
18,20,6144,69632
18,32,15360,69632
18,21,19456,69632
102,31,5120,69632
102,20,6144,69632
102,32,15360,69632
102,21,19456,69632
31,20,1024,74752
31,32,10240,74752
31,21,14336,74752
31,24,17408,74752
31,48,17408,74752
31,48,18432,74752
20,32,9216,75776
20,21,13312,75776
20,24,16384,75776
20,48,16384,75776
20,48,17408,75776
20,48,20480,75776
32,21,4096,84992
32,24,7168,84992
32,48,7168,84992
32,48,8192,84992
32,48,11264,84992
32,46,13312,84992
32,18,15360,84992
32,18,16384,84992
32,36,18432,84992
32,41,19456,84992
32,32,20480,84992
32,41,20480,84992
21,24,3072,89088
21,48,3072,89088
21,48,4096,89088
21,48,7168,89088
21,46,9216,89088
21,18,11264,89088
21,18,12288,89088
21,36,14336,89088
21,41,15360,89088
21,32,16384,89088
21,41,16384,89088
21,18,17408,89088
21,49,17408,89088
21,18,18432,89088
24,48,0,92160
24,48,1024,92160
24,48,4096,92160
24,46,6144,92160
24,18,8192,92160
24,18,9216,92160
24,36,11264,92160
24,41,12288,92160
24,32,13312,92160
24,41,13312,92160
24,18,14336,92160
24,49,14336,92160
24,18,15360,92160
24,18,16384,92160
48,48,1024,92160
48,48,4096,92160
48,46,6144,92160
48,18,8192,92160
48,18,9216,92160
48,36,11264,92160
48,41,12288,92160
48,32,13312,92160
48,41,13312,92160
48,18,14336,92160
48,49,14336,92160
48,18,15360,92160
48,18,16384,92160
48,18,17408,92160
48,48,3072,93184
48,46,5120,93184
48,18,7168,93184
48,18,8192,93184
48,36,10240,93184
48,41,11264,93184
48,32,12288,93184
48,41,12288,93184
48,18,13312,93184
48,49,13312,93184
48,18,14336,93184
48,18,15360,93184
48,18,16384,93184
48,48,16384,93184
48,46,2048,96256
48,18,4096,96256
48,18,5120,96256
48,36,7168,96256
48,41,8192,96256
48,32,9216,96256
48,41,9216,96256
48,18,10240,96256
48,49,10240,96256
48,18,11264,96256
48,18,12288,96256
48,18,13312,96256
48,48,13312,96256
48,18,14336,96256
46,18,2048,98304
46,18,3072,98304
46,36,5120,98304
46,41,6144,98304
46,32,7168,98304
46,41,7168,98304
46,18,8192,98304
46,49,8192,98304
46,18,9216,98304
46,18,10240,98304
46,18,11264,98304
46,48,11264,98304
46,18,12288,98304
46,18,13312,98304
18,18,1024,100352
18,36,3072,100352
18,41,4096,100352
18,32,5120,100352
18,41,5120,100352
18,18,6144,100352
18,49,6144,100352
18,18,7168,100352
18,18,8192,100352
18,18,9216,100352
18,48,9216,100352
18,18,10240,100352
18,18,11264,100352
18,41,11264,100352
18,36,2048,101376
18,41,3072,101376
18,32,4096,101376
18,41,4096,101376
18,18,5120,101376
18,49,5120,101376
18,18,6144,101376
18,18,7168,101376
18,18,8192,101376
18,48,8192,101376
18,18,9216,101376
18,18,10240,101376
18,41,10240,101376
18,24,11264,101376
36,41,1024,103424
36,32,2048,103424
36,41,2048,103424
36,18,3072,103424
36,49,3072,103424
36,18,4096,103424
36,18,5120,103424
36,18,6144,103424
36,48,6144,103424
36,18,7168,103424
36,18,8192,103424
36,41,8192,103424
36,24,9216,103424
36,48,10240,103424
41,32,1024,104448
41,41,1024,104448
41,18,2048,104448
41,49,2048,104448
41,18,3072,104448
41,18,4096,104448
41,18,5120,104448
41,48,5120,104448
41,18,6144,104448
41,18,7168,104448
41,41,7168,104448
41,24,8192,104448
41,48,9216,104448
41,24,10240,104448
32,41,0,105472
32,18,1024,105472
32,49,1024,105472
32,18,2048,105472
32,18,3072,105472
32,18,4096,105472
32,48,4096,105472
32,18,5120,105472
32,18,6144,105472
32,41,6144,105472
32,24,7168,105472
32,48,8192,105472
32,24,9216,105472
32,48,9216,105472
41,18,1024,105472
41,49,1024,105472
41,18,2048,105472
41,18,3072,105472
41,18,4096,105472
41,48,4096,105472
41,18,5120,105472
41,18,6144,105472
41,41,6144,105472
41,24,7168,105472
41,48,8192,105472
41,24,9216,105472
41,48,9216,105472
41,18,10240,105472
18,49,0,106496
18,18,1024,106496
18,18,2048,106496
18,18,3072,106496
18,48,3072,106496
18,18,4096,106496
18,18,5120,106496
18,41,5120,106496
18,24,6144,106496
18,48,7168,106496
18,24,8192,106496
18,48,8192,106496
18,18,9216,106496
18,18,10240,106496
49,18,1024,106496
49,18,2048,106496
49,18,3072,106496
49,48,3072,106496
49,18,4096,106496
49,18,5120,106496
49,41,5120,106496
49,24,6144,106496
49,48,7168,106496
49,24,8192,106496
49,48,8192,106496
49,18,9216,106496
49,18,10240,106496
49,18,11264,106496
18,18,1024,107520
18,18,2048,107520
18,48,2048,107520
18,18,3072,107520
18,18,4096,107520
18,41,4096,107520
18,24,5120,107520
18,48,6144,107520
18,24,7168,107520
18,48,7168,107520
18,18,8192,107520
18,18,9216,107520
18,18,10240,107520
18,18,12288,107520
18,18,1024,108544
18,48,1024,108544
18,18,2048,108544
18,18,3072,108544
18,41,3072,108544
18,24,4096,108544
18,48,5120,108544
18,24,6144,108544
18,48,6144,108544
18,18,7168,108544
18,18,8192,108544
18,18,9216,108544
18,18,11264,108544
18,18,12288,108544
18,48,0,109568
18,18,1024,109568
18,18,2048,109568
18,41,2048,109568
18,24,3072,109568
18,48,4096,109568
18,24,5120,109568
18,48,5120,109568
18,18,6144,109568
18,18,7168,109568
18,18,8192,109568
18,18,10240,109568
18,18,11264,109568
18,32,12288,109568
48,18,1024,109568
48,18,2048,109568
48,41,2048,109568
48,24,3072,109568
48,48,4096,109568
48,24,5120,109568
48,48,5120,109568
48,18,6144,109568
48,18,7168,109568
48,18,8192,109568
48,18,10240,109568
48,18,11264,109568
48,32,12288,109568
48,24,13312,109568
18,18,1024,110592
18,41,1024,110592
18,24,2048,110592
18,48,3072,110592
18,24,4096,110592
18,48,4096,110592
18,18,5120,110592
18,18,6144,110592
18,18,7168,110592
18,18,9216,110592
18,18,10240,110592
18,32,11264,110592
18,24,12288,110592
18,48,12288,110592
18,41,0,111616
18,24,1024,111616
18,48,2048,111616
18,24,3072,111616
18,48,3072,111616
18,18,4096,111616
18,18,5120,111616
18,18,6144,111616
18,18,8192,111616
18,18,9216,111616
18,32,10240,111616
18,24,11264,111616
18,48,11264,111616
18,48,12288,111616
41,24,1024,111616
41,48,2048,111616
41,24,3072,111616
41,48,3072,111616
41,18,4096,111616
41,18,5120,111616
41,18,6144,111616
41,18,8192,111616
41,18,9216,111616
41,32,10240,111616
41,24,11264,111616
41,48,11264,111616
41,48,12288,111616
41,32,14336,111616
24,48,1024,112640
24,24,2048,112640
24,48,2048,112640
24,18,3072,112640
24,18,4096,112640
24,18,5120,112640
24,18,7168,112640
24,18,8192,112640
24,32,9216,112640
24,24,10240,112640
24,48,10240,112640
24,48,11264,112640
24,32,13312,112640
24,54,13312,112640
48,24,1024,113664
48,48,1024,113664
48,18,2048,113664
48,18,3072,113664
48,18,4096,113664
48,18,6144,113664
48,18,7168,113664
48,32,8192,113664
48,24,9216,113664
48,48,9216,113664
48,48,10240,113664
48,32,12288,113664
48,54,12288,113664
48,18,13312,113664
24,48,0,114688
24,18,1024,114688
24,18,2048,114688
24,18,3072,114688
24,18,5120,114688
24,18,6144,114688
24,32,7168,114688
24,24,8192,114688
24,48,8192,114688
24,48,9216,114688
24,32,11264,114688
24,54,11264,114688
24,18,12288,114688
24,18,13312,114688
48,18,1024,114688
48,18,2048,114688
48,18,3072,114688
48,18,5120,114688
48,18,6144,114688
48,32,7168,114688
48,24,8192,114688
48,48,8192,114688
48,48,9216,114688
48,32,11264,114688
48,54,11264,114688
48,18,12288,114688
48,18,13312,114688
48,54,13312,114688
18,18,1024,115712
18,18,2048,115712
18,18,4096,115712
18,18,5120,115712
18,32,6144,115712
18,24,7168,115712
18,48,7168,115712
18,48,8192,115712
18,32,10240,115712
18,54,10240,115712
18,18,11264,115712
18,18,12288,115712
18,54,12288,115712
18,24,14336,115712
18,18,1024,116736
18,18,3072,116736
18,18,4096,116736
18,32,5120,116736
18,24,6144,116736
18,48,6144,116736
18,48,7168,116736
18,32,9216,116736
18,54,9216,116736
18,18,10240,116736
18,18,11264,116736
18,54,11264,116736
18,24,13312,116736
18,49,13312,116736
18,18,2048,117760
18,18,3072,117760
18,32,4096,117760
18,24,5120,117760
18,48,5120,117760
18,48,6144,117760
18,32,8192,117760
18,54,8192,117760
18,18,9216,117760
18,18,10240,117760
18,54,10240,117760
18,24,12288,117760
18,49,12288,117760
18,18,13312,117760
18,18,1024,119808
18,32,2048,119808
18,24,3072,119808
18,48,3072,119808
18,48,4096,119808
18,32,6144,119808
18,54,6144,119808
18,18,7168,119808
18,18,8192,119808
18,54,8192,119808
18,24,10240,119808
18,49,10240,119808
18,18,11264,119808
18,48,11264,119808
18,32,1024,120832
18,24,2048,120832
18,48,2048,120832
18,48,3072,120832
18,32,5120,120832
18,54,5120,120832
18,18,6144,120832
18,18,7168,120832
18,54,7168,120832
18,24,9216,120832
18,49,9216,120832
18,18,10240,120832
18,48,10240,120832
18,33,11264,120832
32,24,1024,121856
32,48,1024,121856
32,48,2048,121856
32,32,4096,121856
32,54,4096,121856
32,18,5120,121856
32,18,6144,121856
32,54,6144,121856
32,24,8192,121856
32,49,8192,121856
32,18,9216,121856
32,48,9216,121856
32,33,10240,121856
32,48,10240,121856
24,48,0,122880
24,48,1024,122880
24,32,3072,122880
24,54,3072,122880
24,18,4096,122880
24,18,5120,122880
24,54,5120,122880
24,24,7168,122880
24,49,7168,122880
24,18,8192,122880
24,48,8192,122880
24,33,9216,122880
24,48,9216,122880
24,91,9216,122880
48,48,1024,122880
48,32,3072,122880
48,54,3072,122880
48,18,4096,122880
48,18,5120,122880
48,54,5120,122880
48,24,7168,122880
48,49,7168,122880
48,18,8192,122880
48,48,8192,122880
48,33,9216,122880
48,48,9216,122880
48,91,9216,122880
48,48,10240,122880
48,32,2048,123904
48,54,2048,123904
48,18,3072,123904
48,18,4096,123904
48,54,4096,123904
48,24,6144,123904
48,49,6144,123904
48,18,7168,123904
48,48,7168,123904
48,33,8192,123904
48,48,8192,123904
48,91,8192,123904
48,48,9216,123904
48,90,9216,123904
32,54,0,125952
32,18,1024,125952
32,18,2048,125952
32,54,2048,125952
32,24,4096,125952
32,49,4096,125952
32,18,5120,125952
32,48,5120,125952
32,33,6144,125952
32,48,6144,125952
32,91,6144,125952
32,48,7168,125952
32,90,7168,125952
32,30,8192,125952
54,18,1024,125952
54,18,2048,125952
54,54,2048,125952
54,24,4096,125952
54,49,4096,125952
54,18,5120,125952
54,48,5120,125952
54,33,6144,125952
54,48,6144,125952
54,91,6144,125952
54,48,7168,125952
54,90,7168,125952
54,30,8192,125952
54,91,8192,125952
18,18,1024,126976
18,54,1024,126976
18,24,3072,126976
18,49,3072,126976
18,18,4096,126976
18,48,4096,126976
18,33,5120,126976
18,48,5120,126976
18,91,5120,126976
18,48,6144,126976
18,90,6144,126976
18,30,7168,126976
18,91,7168,126976
18,60,8192,126976
18,54,0,128000
18,24,2048,128000
18,49,2048,128000
18,18,3072,128000
18,48,3072,128000
18,33,4096,128000
18,48,4096,128000
18,91,4096,128000
18,48,5120,128000
18,90,5120,128000
18,30,6144,128000
18,91,6144,128000
18,60,7168,128000
18,90,7168,128000
54,24,2048,128000
54,49,2048,128000
54,18,3072,128000
54,48,3072,128000
54,33,4096,128000
54,48,4096,128000
54,91,4096,128000
54,48,5120,128000
54,90,5120,128000
54,30,6144,128000
54,91,6144,128000
54,60,7168,128000
54,90,7168,128000
54,20,8192,128000
24,49,0,130048
24,18,1024,130048
24,48,1024,130048
24,33,2048,130048
24,48,2048,130048
24,91,2048,130048
24,48,3072,130048
24,90,3072,130048
24,30,4096,130048
24,91,4096,130048
24,60,5120,130048
24,90,5120,130048
24,20,6144,130048
24,20,7168,130048
49,18,1024,130048
49,48,1024,130048
49,33,2048,130048
49,48,2048,130048
49,91,2048,130048
49,48,3072,130048
49,90,3072,130048
49,30,4096,130048
49,91,4096,130048
49,60,5120,130048
49,90,5120,130048
49,20,6144,130048
49,20,7168,130048
49,32,12288,130048
18,48,0,131072
18,33,1024,131072
18,48,1024,131072
18,91,1024,131072
18,48,2048,131072
18,90,2048,131072
18,30,3072,131072
18,91,3072,131072
18,60,4096,131072
18,90,4096,131072
18,20,5120,131072
18,20,6144,131072
18,32,11264,131072
18,48,11264,131072
48,33,1024,131072
48,48,1024,131072
48,91,1024,131072
48,48,2048,131072
48,90,2048,131072
48,30,3072,131072
48,91,3072,131072
48,60,4096,131072
48,90,4096,131072
48,20,5120,131072
48,20,6144,131072
48,32,11264,131072
48,48,11264,131072
48,41,12288,131072
33,48,0,132096
33,91,0,132096
33,48,1024,132096
33,90,1024,132096
33,30,2048,132096
33,91,2048,132096
33,60,3072,132096
33,90,3072,132096
33,20,4096,132096
33,20,5120,132096
33,32,10240,132096
33,48,10240,132096
33,41,11264,132096
33,122,11264,132096
48,91,0,132096
48,48,1024,132096
48,90,1024,132096
48,30,2048,132096
48,91,2048,132096
48,60,3072,132096
48,90,3072,132096
48,20,4096,132096
48,20,5120,132096
48,32,10240,132096
48,48,10240,132096
48,41,11264,132096
48,122,11264,132096
48,40,12288,132096
91,48,1024,132096
91,90,1024,132096
91,30,2048,132096
91,91,2048,132096
91,60,3072,132096
91,90,3072,132096
91,20,4096,132096
91,20,5120,132096
91,32,10240,132096
91,48,10240,132096
91,41,11264,132096
91,122,11264,132096
91,40,12288,132096
91,41,13312,132096
48,90,0,133120
48,30,1024,133120
48,91,1024,133120
48,60,2048,133120
48,90,2048,133120
48,20,3072,133120
48,20,4096,133120
48,32,9216,133120
48,48,9216,133120
48,41,10240,133120
48,122,10240,133120
48,40,11264,133120
48,41,12288,133120
48,32,13312,133120
90,30,1024,133120
90,91,1024,133120
90,60,2048,133120
90,90,2048,133120
90,20,3072,133120
90,20,4096,133120
90,32,9216,133120
90,48,9216,133120
90,41,10240,133120
90,122,10240,133120
90,40,11264,133120
90,41,12288,133120
90,32,13312,133120
90,41,13312,133120
30,91,0,134144
30,60,1024,134144
30,90,1024,134144
30,20,2048,134144
30,20,3072,134144
30,32,8192,134144
30,48,8192,134144
30,41,9216,134144
30,122,9216,134144
30,40,10240,134144
30,41,11264,134144
30,32,12288,134144
30,41,12288,134144
30,18,16384,134144
91,60,1024,134144
91,90,1024,134144
91,20,2048,134144
91,20,3072,134144
91,32,8192,134144
91,48,8192,134144
91,41,9216,134144
91,122,9216,134144
91,40,10240,134144
91,41,11264,134144
91,32,12288,134144
91,41,12288,134144
91,18,16384,134144
91,32,18432,134144
60,90,0,135168
60,20,1024,135168
60,20,2048,135168
60,32,7168,135168
60,48,7168,135168
60,41,8192,135168
60,122,8192,135168
60,40,9216,135168
60,41,10240,135168
60,32,11264,135168
60,41,11264,135168
60,18,15360,135168
60,32,17408,135168
60,48,17408,135168
90,20,1024,135168
90,20,2048,135168
90,32,7168,135168
90,48,7168,135168
90,41,8192,135168
90,122,8192,135168
90,40,9216,135168
90,41,10240,135168
90,32,11264,135168
90,41,11264,135168
90,18,15360,135168
90,32,17408,135168
90,48,17408,135168
90,123,17408,135168
20,20,1024,136192
20,32,6144,136192
20,48,6144,136192
20,41,7168,136192
20,122,7168,136192
20,40,8192,136192
20,41,9216,136192
20,32,10240,136192
20,41,10240,136192
20,18,14336,136192
20,32,16384,136192
20,48,16384,136192
20,123,16384,136192
20,20,17408,136192
20,32,5120,137216
20,48,5120,137216
20,41,6144,137216
20,122,6144,137216
20,40,7168,137216
20,41,8192,137216
20,32,9216,137216
20,41,9216,137216
20,18,13312,137216
20,32,15360,137216
20,48,15360,137216
20,123,15360,137216
20,20,16384,137216
20,40,19456,137216
32,48,0,142336
32,41,1024,142336
32,122,1024,142336
32,40,2048,142336
32,41,3072,142336
32,32,4096,142336
32,41,4096,142336
32,18,8192,142336
32,32,10240,142336
32,48,10240,142336
32,123,10240,142336
32,20,11264,142336
32,40,14336,142336
32,20,15360,142336
48,41,1024,142336
48,122,1024,142336
48,40,2048,142336
48,41,3072,142336
48,32,4096,142336
48,41,4096,142336
48,18,8192,142336
48,32,10240,142336
48,48,10240,142336
48,123,10240,142336
48,20,11264,142336
48,40,14336,142336
48,20,15360,142336
48,26,17408,142336
41,122,0,143360
41,40,1024,143360
41,41,2048,143360
41,32,3072,143360
41,41,3072,143360
41,18,7168,143360
41,32,9216,143360
41,48,9216,143360
41,123,9216,143360
41,20,10240,143360
41,40,13312,143360
41,20,14336,143360
41,26,16384,143360
41,32,19456,143360
122,40,1024,143360
122,41,2048,143360
122,32,3072,143360
122,41,3072,143360
122,18,7168,143360
122,32,9216,143360
122,48,9216,143360
122,123,9216,143360
122,20,10240,143360
122,40,13312,143360
122,20,14336,143360
122,26,16384,143360
122,32,19456,143360
122,41,20480,143360
40,41,1024,144384
40,32,2048,144384
40,41,2048,144384
40,18,6144,144384
40,32,8192,144384
40,48,8192,144384
40,123,8192,144384
40,20,9216,144384
40,40,12288,144384
40,20,13312,144384
40,26,15360,144384
40,32,18432,144384
40,41,19456,144384
41,32,1024,145408
41,41,1024,145408
41,18,5120,145408
41,32,7168,145408
41,48,7168,145408
41,123,7168,145408
41,20,8192,145408
41,40,11264,145408
41,20,12288,145408
41,26,14336,145408
41,32,17408,145408
41,41,18432,145408
32,41,0,146432
32,18,4096,146432
32,32,6144,146432
32,48,6144,146432
32,123,6144,146432
32,20,7168,146432
32,40,10240,146432
32,20,11264,146432
32,26,13312,146432
32,32,16384,146432
32,41,17408,146432
41,18,4096,146432
41,32,6144,146432
41,48,6144,146432
41,123,6144,146432
41,20,7168,146432
41,40,10240,146432
41,20,11264,146432
41,26,13312,146432
41,32,16384,146432
41,41,17408,146432
18,32,2048,150528
18,48,2048,150528
18,123,2048,150528
18,20,3072,150528
18,40,6144,150528
18,20,7168,150528
18,26,9216,150528
18,32,12288,150528
18,41,13312,150528
18,41,18432,150528
18,25,19456,150528
32,48,0,152576
32,123,0,152576
32,20,1024,152576
32,40,4096,152576
32,20,5120,152576
32,26,7168,152576
32,32,10240,152576
32,41,11264,152576
32,41,16384,152576
32,25,17408,152576
32,24,20480,152576
32,49,20480,152576
48,123,0,152576
48,20,1024,152576
48,40,4096,152576
48,20,5120,152576
48,26,7168,152576
48,32,10240,152576
48,41,11264,152576
48,41,16384,152576
48,25,17408,152576
48,24,20480,152576
48,49,20480,152576
123,20,1024,152576
123,40,4096,152576
123,20,5120,152576
123,26,7168,152576
123,32,10240,152576
123,41,11264,152576
123,41,16384,152576
123,25,17408,152576
123,24,20480,152576
123,49,20480,152576
20,40,3072,153600
20,20,4096,153600
20,26,6144,153600
20,32,9216,153600
20,41,10240,153600
20,41,15360,153600
20,25,16384,153600
20,24,19456,153600
20,49,19456,153600
20,48,20480,153600
40,20,1024,156672
40,26,3072,156672
40,32,6144,156672
40,41,7168,156672
40,41,12288,156672
40,25,13312,156672
40,24,16384,156672
40,49,16384,156672
40,48,17408,156672
40,24,18432,156672
40,48,18432,156672
40,48,19456,156672
20,26,2048,157696
20,32,5120,157696
20,41,6144,157696
20,41,11264,157696
20,25,12288,157696
20,24,15360,157696
20,49,15360,157696
20,48,16384,157696
20,24,17408,157696
20,48,17408,157696
20,48,18432,157696
20,48,20480,157696
26,32,3072,159744
26,41,4096,159744
26,41,9216,159744
26,25,10240,159744
26,24,13312,159744
26,49,13312,159744
26,48,14336,159744
26,24,15360,159744
26,48,15360,159744
26,48,16384,159744
26,48,18432,159744
26,48,19456,159744
26,26,20480,159744
32,41,1024,162816
32,41,6144,162816
32,25,7168,162816
32,24,10240,162816
32,49,10240,162816
32,48,11264,162816
32,24,12288,162816
32,48,12288,162816
32,48,13312,162816
32,48,15360,162816
32,48,16384,162816
32,26,17408,162816
41,41,5120,163840
41,25,6144,163840
41,24,9216,163840
41,49,9216,163840
41,48,10240,163840
41,24,11264,163840
41,48,11264,163840
41,48,12288,163840
41,48,14336,163840
41,48,15360,163840
41,26,16384,163840
41,18,20480,163840
41,25,1024,168960
41,24,4096,168960
41,49,4096,168960
41,48,5120,168960
41,24,6144,168960
41,48,6144,168960
41,48,7168,168960
41,48,9216,168960
41,48,10240,168960
41,26,11264,168960
41,18,15360,168960
41,18,16384,168960
41,46,16384,168960
41,18,17408,168960
25,24,3072,169984
25,49,3072,169984
25,48,4096,169984
25,24,5120,169984
25,48,5120,169984
25,48,6144,169984
25,48,8192,169984
25,48,9216,169984
25,26,10240,169984
25,18,14336,169984
25,18,15360,169984
25,46,15360,169984
25,18,16384,169984
25,40,17408,169984
24,49,0,173056
24,48,1024,173056
24,24,2048,173056
24,48,2048,173056
24,48,3072,173056
24,48,5120,173056
24,48,6144,173056
24,26,7168,173056
24,18,11264,173056
24,18,12288,173056
24,46,12288,173056
24,18,13312,173056
24,40,14336,173056
24,20,15360,173056
49,48,1024,173056
49,24,2048,173056
49,48,2048,173056
49,48,3072,173056
49,48,5120,173056
49,48,6144,173056
49,26,7168,173056
49,18,11264,173056
49,18,12288,173056
49,46,12288,173056
49,18,13312,173056
49,40,14336,173056
49,20,15360,173056
49,48,15360,173056
48,24,1024,174080
48,48,1024,174080
48,48,2048,174080
48,48,4096,174080
48,48,5120,174080
48,26,6144,174080
48,18,10240,174080
48,18,11264,174080
48,46,11264,174080
48,18,12288,174080
48,40,13312,174080
48,20,14336,174080
48,48,14336,174080
48,73,15360,174080
24,48,0,175104
24,48,1024,175104
24,48,3072,175104
24,48,4096,175104
24,26,5120,175104
24,18,9216,175104
24,18,10240,175104
24,46,10240,175104
24,18,11264,175104
24,40,12288,175104
24,20,13312,175104
24,48,13312,175104
24,73,14336,175104
24,21,15360,175104
48,48,1024,175104
48,48,3072,175104
48,48,4096,175104
48,26,5120,175104
48,18,9216,175104
48,18,10240,175104
48,46,10240,175104
48,18,11264,175104
48,40,12288,175104
48,20,13312,175104
48,48,13312,175104
48,73,14336,175104
48,21,15360,175104
48,48,15360,175104
48,48,2048,176128
48,48,3072,176128
48,26,4096,176128
48,18,8192,176128
48,18,9216,176128
48,46,9216,176128
48,18,10240,176128
48,40,11264,176128
48,20,12288,176128
48,48,12288,176128
48,73,13312,176128
48,21,14336,176128
48,48,14336,176128
48,20,15360,176128
48,48,1024,178176
48,26,2048,178176
48,18,6144,178176
48,18,7168,178176
48,46,7168,178176
48,18,8192,178176
48,40,9216,178176
48,20,10240,178176
48,48,10240,178176
48,73,11264,178176
48,21,12288,178176
48,48,12288,178176
48,20,13312,178176
48,49,13312,178176
48,26,1024,179200
48,18,5120,179200
48,18,6144,179200
48,46,6144,179200
48,18,7168,179200
48,40,8192,179200
48,20,9216,179200
48,48,9216,179200
48,73,10240,179200
48,21,11264,179200
48,48,11264,179200
48,20,12288,179200
48,49,12288,179200
48,20,13312,179200
26,18,4096,180224
26,18,5120,180224
26,46,5120,180224
26,18,6144,180224
26,40,7168,180224
26,20,8192,180224
26,48,8192,180224
26,73,9216,180224
26,21,10240,180224
26,48,10240,180224
26,20,11264,180224
26,49,11264,180224
26,20,12288,180224
26,41,12288,180224
18,18,1024,184320
18,46,1024,184320
18,18,2048,184320
18,40,3072,184320
18,20,4096,184320
18,48,4096,184320
18,73,5120,184320
18,21,6144,184320
18,48,6144,184320
18,20,7168,184320
18,49,7168,184320
18,20,8192,184320
18,41,8192,184320
18,20,9216,184320
18,46,0,185344
18,18,1024,185344
18,40,2048,185344
18,20,3072,185344
18,48,3072,185344
18,73,4096,185344
18,21,5120,185344
18,48,5120,185344
18,20,6144,185344
18,49,6144,185344
18,20,7168,185344
18,41,7168,185344
18,20,8192,185344
18,49,8192,185344
46,18,1024,185344
46,40,2048,185344
46,20,3072,185344
46,48,3072,185344
46,73,4096,185344
46,21,5120,185344
46,48,5120,185344
46,20,6144,185344
46,49,6144,185344
46,20,7168,185344
46,41,7168,185344
46,20,8192,185344
46,49,8192,185344
46,24,9216,185344
18,40,1024,186368
18,20,2048,186368
18,48,2048,186368
18,73,3072,186368
18,21,4096,186368
18,48,4096,186368
18,20,5120,186368
18,49,5120,186368
18,20,6144,186368
18,41,6144,186368
18,20,7168,186368
18,49,7168,186368
18,24,8192,186368
18,48,8192,186368
40,20,1024,187392
40,48,1024,187392
40,73,2048,187392
40,21,3072,187392
40,48,3072,187392
40,20,4096,187392
40,49,4096,187392
40,20,5120,187392
40,41,5120,187392
40,20,6144,187392
40,49,6144,187392
40,24,7168,187392
40,48,7168,187392
40,24,8192,187392
20,48,0,188416
20,73,1024,188416
20,21,2048,188416
20,48,2048,188416
20,20,3072,188416
20,49,3072,188416
20,20,4096,188416
20,41,4096,188416
20,20,5120,188416
20,49,5120,188416
20,24,6144,188416
20,48,6144,188416
20,24,7168,188416
20,24,8192,188416
48,73,1024,188416
48,21,2048,188416
48,48,2048,188416
48,20,3072,188416
48,49,3072,188416
48,20,4096,188416
48,41,4096,188416
48,20,5120,188416
48,49,5120,188416
48,24,6144,188416
48,48,6144,188416
48,24,7168,188416
48,24,8192,188416
48,25,12288,188416
73,21,1024,189440
73,48,1024,189440
73,20,2048,189440
73,49,2048,189440
73,20,3072,189440
73,41,3072,189440
73,20,4096,189440
73,49,4096,189440
73,24,5120,189440
73,48,5120,189440
73,24,6144,189440
73,24,7168,189440
73,25,11264,189440
73,48,14336,189440
21,48,0,190464
21,20,1024,190464
21,49,1024,190464
21,20,2048,190464
21,41,2048,190464
21,20,3072,190464
21,49,3072,190464
21,24,4096,190464
21,48,4096,190464
21,24,5120,190464
21,24,6144,190464
21,25,10240,190464
21,48,13312,190464
21,36,14336,190464
48,20,1024,190464
48,49,1024,190464
48,20,2048,190464
48,41,2048,190464
48,20,3072,190464
48,49,3072,190464
48,24,4096,190464
48,48,4096,190464
48,24,5120,190464
48,24,6144,190464
48,25,10240,190464
48,48,13312,190464
48,36,14336,190464
48,48,14336,190464
20,49,0,191488
20,20,1024,191488
20,41,1024,191488
20,20,2048,191488
20,49,2048,191488
20,24,3072,191488
20,48,3072,191488
20,24,4096,191488
20,24,5120,191488
20,25,9216,191488
20,48,12288,191488
20,36,13312,191488
20,48,13312,191488
20,48,14336,191488
49,20,1024,191488
49,41,1024,191488
49,20,2048,191488
49,49,2048,191488
49,24,3072,191488
49,48,3072,191488
49,24,4096,191488
49,24,5120,191488
49,25,9216,191488
49,48,12288,191488
49,36,13312,191488
49,48,13312,191488
49,48,14336,191488
49,18,16384,191488
20,41,0,192512
20,20,1024,192512
20,49,1024,192512
20,24,2048,192512
20,48,2048,192512
20,24,3072,192512
20,24,4096,192512
20,25,8192,192512
20,48,11264,192512
20,36,12288,192512
20,48,12288,192512
20,48,13312,192512
20,18,15360,192512
20,54,15360,192512
41,20,1024,192512
41,49,1024,192512
41,24,2048,192512
41,48,2048,192512
41,24,3072,192512
41,24,4096,192512
41,25,8192,192512
41,48,11264,192512
41,36,12288,192512
41,48,12288,192512
41,48,13312,192512
41,18,15360,192512
41,54,15360,192512
41,36,16384,192512
20,49,0,193536
20,24,1024,193536
20,48,1024,193536
20,24,2048,193536
20,24,3072,193536
20,25,7168,193536
20,48,10240,193536
20,36,11264,193536
20,48,11264,193536
20,48,12288,193536
20,18,14336,193536
20,54,14336,193536
20,36,15360,193536
20,54,15360,193536
49,24,1024,193536
49,48,1024,193536
49,24,2048,193536
49,24,3072,193536
49,25,7168,193536
49,48,10240,193536
49,36,11264,193536
49,48,11264,193536
49,48,12288,193536
49,18,14336,193536
49,54,14336,193536
49,36,15360,193536
49,54,15360,193536
49,54,16384,193536
24,48,0,194560
24,24,1024,194560
24,24,2048,194560
24,25,6144,194560
24,48,9216,194560
24,36,10240,194560
24,48,10240,194560
24,48,11264,194560
24,18,13312,194560
24,54,13312,194560
24,36,14336,194560
24,54,14336,194560
24,54,15360,194560
24,21,16384,194560
48,24,1024,194560
48,24,2048,194560
48,25,6144,194560
48,48,9216,194560
48,36,10240,194560
48,48,10240,194560
48,48,11264,194560
48,18,13312,194560
48,54,13312,194560
48,36,14336,194560
48,54,14336,194560
48,54,15360,194560
48,21,16384,194560
48,18,17408,194560
24,24,1024,195584
24,25,5120,195584
24,48,8192,195584
24,36,9216,195584
24,48,9216,195584
24,48,10240,195584
24,18,12288,195584
24,54,12288,195584
24,36,13312,195584
24,54,13312,195584
24,54,14336,195584
24,21,15360,195584
24,18,16384,195584
24,18,17408,195584
24,25,4096,196608
24,48,7168,196608
24,36,8192,196608
24,48,8192,196608
24,48,9216,196608
24,18,11264,196608
24,54,11264,196608
24,36,12288,196608
24,54,12288,196608
24,54,13312,196608
24,21,14336,196608
24,18,15360,196608
24,18,16384,196608
24,55,16384,196608
25,48,3072,200704
25,36,4096,200704
25,48,4096,200704
25,48,5120,200704
25,18,7168,200704
25,54,7168,200704
25,36,8192,200704
25,54,8192,200704
25,54,9216,200704
25,21,10240,200704
25,18,11264,200704
25,18,12288,200704
25,55,12288,200704
25,36,13312,200704
48,36,1024,203776
48,48,1024,203776
48,48,2048,203776
48,18,4096,203776
48,54,4096,203776
48,36,5120,203776
48,54,5120,203776
48,54,6144,203776
48,21,7168,203776
48,18,8192,203776
48,18,9216,203776
48,55,9216,203776
48,36,10240,203776
48,54,10240,203776
36,48,0,204800
36,48,1024,204800
36,18,3072,204800
36,54,3072,204800
36,36,4096,204800
36,54,4096,204800
36,54,5120,204800
36,21,6144,204800
36,18,7168,204800
36,18,8192,204800
36,55,8192,204800
36,36,9216,204800
36,54,9216,204800
36,48,10240,204800
48,48,1024,204800
48,18,3072,204800
48,54,3072,204800
48,36,4096,204800
48,54,4096,204800
48,54,5120,204800
48,21,6144,204800
48,18,7168,204800
48,18,8192,204800
48,55,8192,204800
48,36,9216,204800
48,54,9216,204800
48,48,10240,204800
48,31,11264,204800
48,18,2048,205824
48,54,2048,205824
48,36,3072,205824
48,54,3072,205824
48,54,4096,205824
48,21,5120,205824
48,18,6144,205824
48,18,7168,205824
48,55,7168,205824
48,36,8192,205824
48,54,8192,205824
48,48,9216,205824
48,31,10240,205824
48,48,10240,205824
18,54,0,207872
18,36,1024,207872
18,54,1024,207872
18,54,2048,207872
18,21,3072,207872
18,18,4096,207872
18,18,5120,207872
18,55,5120,207872
18,36,6144,207872
18,54,6144,207872
18,48,7168,207872
18,31,8192,207872
18,48,8192,207872
18,18,9216,207872
54,36,1024,207872
54,54,1024,207872
54,54,2048,207872
54,21,3072,207872
54,18,4096,207872
54,18,5120,207872
54,55,5120,207872
54,36,6144,207872
54,54,6144,207872
54,48,7168,207872
54,31,8192,207872
54,48,8192,207872
54,18,9216,207872
54,20,10240,207872
36,54,0,208896
36,54,1024,208896
36,21,2048,208896
36,18,3072,208896
36,18,4096,208896
36,55,4096,208896
36,36,5120,208896
36,54,5120,208896
36,48,6144,208896
36,31,7168,208896
36,48,7168,208896
36,18,8192,208896
36,20,9216,208896
36,26,12288,208896
54,54,1024,208896
54,21,2048,208896
54,18,3072,208896
54,18,4096,208896
54,55,4096,208896
54,36,5120,208896
54,54,5120,208896
54,48,6144,208896
54,31,7168,208896
54,48,7168,208896
54,18,8192,208896
54,20,9216,208896
54,26,12288,208896
54,102,20480,208896
54,21,1024,209920
54,18,2048,209920
54,18,3072,209920
54,55,3072,209920
54,36,4096,209920
54,54,4096,209920
54,48,5120,209920
54,31,6144,209920
54,48,6144,209920
54,18,7168,209920
54,20,8192,209920
54,26,11264,209920
54,102,19456,209920
21,18,1024,210944
21,18,2048,210944
21,55,2048,210944
21,36,3072,210944
21,54,3072,210944
21,48,4096,210944
21,31,5120,210944
21,48,5120,210944
21,18,6144,210944
21,20,7168,210944
21,26,10240,210944
21,102,18432,210944
21,26,20480,210944
18,18,1024,211968
18,55,1024,211968
18,36,2048,211968
18,54,2048,211968
18,48,3072,211968
18,31,4096,211968
18,48,4096,211968
18,18,5120,211968
18,20,6144,211968
18,26,9216,211968
18,102,17408,211968
18,26,19456,211968
18,55,0,212992
18,36,1024,212992
18,54,1024,212992
18,48,2048,212992
18,31,3072,212992
18,48,3072,212992
18,18,4096,212992
18,20,5120,212992
18,26,8192,212992
18,102,16384,212992
18,26,18432,212992
18,18,20480,212992
55,36,1024,212992
55,54,1024,212992
55,48,2048,212992
55,31,3072,212992
55,48,3072,212992
55,18,4096,212992
55,20,5120,212992
55,26,8192,212992
55,102,16384,212992
55,26,18432,212992
55,18,20480,212992
36,54,0,214016
36,48,1024,214016
36,31,2048,214016
36,48,2048,214016
36,18,3072,214016
36,20,4096,214016
36,26,7168,214016
36,102,15360,214016
36,26,17408,214016
36,18,19456,214016
54,48,1024,214016
54,31,2048,214016
54,48,2048,214016
54,18,3072,214016
54,20,4096,214016
54,26,7168,214016
54,102,15360,214016
54,26,17408,214016
54,18,19456,214016
48,31,1024,215040
48,48,1024,215040
48,18,2048,215040
48,20,3072,215040
48,26,6144,215040
48,102,14336,215040
48,26,16384,215040
48,18,18432,215040
31,48,0,216064
31,18,1024,216064
31,20,2048,216064
31,26,5120,216064
31,102,13312,216064
31,26,15360,216064
31,18,17408,216064
48,18,1024,216064
48,20,2048,216064
48,26,5120,216064
48,102,13312,216064
48,26,15360,216064
48,18,17408,216064
18,20,1024,217088
18,26,4096,217088
18,102,12288,217088
18,26,14336,217088
18,18,16384,217088
18,20,20480,217088
20,26,3072,218112
20,102,11264,218112
20,26,13312,218112
20,18,15360,218112
20,20,19456,218112
20,20,20480,218112
26,102,8192,221184
26,26,10240,221184
26,18,12288,221184
26,20,16384,221184
26,20,17408,221184
26,21,20480,221184
102,26,2048,229376
102,18,4096,229376
102,20,8192,229376
102,20,9216,229376
102,21,12288,229376
102,64,17408,229376
102,32,18432,229376
26,18,2048,231424
26,20,6144,231424
26,20,7168,231424
26,21,10240,231424
26,64,15360,231424
26,32,16384,231424
26,25,20480,231424
18,20,4096,233472
18,20,5120,233472
18,21,8192,233472
18,64,13312,233472
18,32,14336,233472
18,25,18432,233472
20,20,1024,237568
20,21,4096,237568
20,64,9216,237568
20,32,10240,237568
20,25,14336,237568
20,24,17408,237568
20,49,17408,237568
20,36,18432,237568
20,48,18432,237568
20,36,19456,237568
20,48,19456,237568
20,18,20480,237568
20,61,20480,237568
20,21,3072,238592
20,64,8192,238592
20,32,9216,238592
20,25,13312,238592
20,24,16384,238592
20,49,16384,238592
20,36,17408,238592
20,48,17408,238592
20,36,18432,238592
20,48,18432,238592
20,18,19456,238592
20,61,19456,238592
20,18,20480,238592
20,41,20480,238592
21,64,5120,241664
21,32,6144,241664
21,25,10240,241664
21,24,13312,241664
21,49,13312,241664
21,36,14336,241664
21,48,14336,241664
21,36,15360,241664
21,48,15360,241664
21,18,16384,241664
21,61,16384,241664
21,18,17408,241664
21,41,17408,241664
21,18,18432,241664
64,32,1024,246784
64,25,5120,246784
64,24,8192,246784
64,49,8192,246784
64,36,9216,246784
64,48,9216,246784
64,36,10240,246784
64,48,10240,246784
64,18,11264,246784
64,61,11264,246784
64,18,12288,246784
64,41,12288,246784
64,18,13312,246784
64,18,14336,246784
32,25,4096,247808
32,24,7168,247808
32,49,7168,247808
32,36,8192,247808
32,48,8192,247808
32,36,9216,247808
32,48,9216,247808
32,18,10240,247808
32,61,10240,247808
32,18,11264,247808
32,41,11264,247808
32,18,12288,247808
32,18,13312,247808
32,46,13312,247808
25,24,3072,251904
25,49,3072,251904
25,36,4096,251904
25,48,4096,251904
25,36,5120,251904
25,48,5120,251904
25,18,6144,251904
25,61,6144,251904
25,18,7168,251904
25,41,7168,251904
25,18,8192,251904
25,18,9216,251904
25,46,9216,251904
25,21,10240,251904
24,49,0,254976
24,36,1024,254976
24,48,1024,254976
24,36,2048,254976
24,48,2048,254976
24,18,3072,254976
24,61,3072,254976
24,18,4096,254976
24,41,4096,254976
24,18,5120,254976
24,18,6144,254976
24,46,6144,254976
24,21,7168,254976
24,41,7168,254976
49,36,1024,254976
49,48,1024,254976
49,36,2048,254976
49,48,2048,254976
49,18,3072,254976
49,61,3072,254976
49,18,4096,254976
49,41,4096,254976
49,18,5120,254976
49,18,6144,254976
49,46,6144,254976
49,21,7168,254976
49,41,7168,254976
49,36,8192,254976
36,48,0,256000
36,36,1024,256000
36,48,1024,256000
36,18,2048,256000
36,61,2048,256000
36,18,3072,256000
36,41,3072,256000
36,18,4096,256000
36,18,5120,256000
36,46,5120,256000
36,21,6144,256000
36,41,6144,256000
36,36,7168,256000
36,18,8192,256000
48,36,1024,256000
48,48,1024,256000
48,18,2048,256000
48,61,2048,256000
48,18,3072,256000
48,41,3072,256000
48,18,4096,256000
48,18,5120,256000
48,46,5120,256000
48,21,6144,256000
48,41,6144,256000
48,36,7168,256000
48,18,8192,256000
48,61,8192,256000
36,48,0,257024
36,18,1024,257024
36,61,1024,257024
36,18,2048,257024
36,41,2048,257024
36,18,3072,257024
36,18,4096,257024
36,46,4096,257024
36,21,5120,257024
36,41,5120,257024
36,36,6144,257024
36,18,7168,257024
36,61,7168,257024
36,18,8192,257024
48,18,1024,257024
48,61,1024,257024
48,18,2048,257024
48,41,2048,257024
48,18,3072,257024
48,18,4096,257024
48,46,4096,257024
48,21,5120,257024
48,41,5120,257024
48,36,6144,257024
48,18,7168,257024
48,61,7168,257024
48,18,8192,257024
48,18,9216,257024
18,61,0,258048
18,18,1024,258048
18,41,1024,258048
18,18,2048,258048
18,18,3072,258048
18,46,3072,258048
18,21,4096,258048
18,41,4096,258048
18,36,5120,258048
18,18,6144,258048
18,61,6144,258048
18,18,7168,258048
18,18,8192,258048
18,36,9216,258048
61,18,1024,258048
61,41,1024,258048
61,18,2048,258048
61,18,3072,258048
61,46,3072,258048
61,21,4096,258048
61,41,4096,258048
61,36,5120,258048
61,18,6144,258048
61,61,6144,258048
61,18,7168,258048
61,18,8192,258048
61,36,9216,258048
61,41,9216,258048
18,41,0,259072
18,18,1024,259072
18,18,2048,259072
18,46,2048,259072
18,21,3072,259072
18,41,3072,259072
18,36,4096,259072
18,18,5120,259072
18,61,5120,259072
18,18,6144,259072
18,18,7168,259072
18,36,8192,259072
18,41,8192,259072
18,32,9216,259072
41,18,1024,259072
41,18,2048,259072
41,46,2048,259072
41,21,3072,259072
41,41,3072,259072
41,36,4096,259072
41,18,5120,259072
41,61,5120,259072
41,18,6144,259072
41,18,7168,259072
41,36,8192,259072
41,41,8192,259072
41,32,9216,259072
41,48,9216,259072
18,18,1024,260096
18,46,1024,260096
18,21,2048,260096
18,41,2048,260096
18,36,3072,260096
18,18,4096,260096
18,61,4096,260096
18,18,5120,260096
18,18,6144,260096
18,36,7168,260096
18,41,7168,260096
18,32,8192,260096
18,48,8192,260096
18,18,9216,260096
18,46,0,261120
18,21,1024,261120
18,41,1024,261120
18,36,2048,261120
18,18,3072,261120
18,61,3072,261120
18,18,4096,261120
18,18,5120,261120
18,36,6144,261120
18,41,6144,261120
18,32,7168,261120
18,48,7168,261120
18,18,8192,261120
18,18,9216,261120
46,21,1024,261120
46,41,1024,261120
46,36,2048,261120
46,18,3072,261120
46,61,3072,261120
46,18,4096,261120
46,18,5120,261120
46,36,6144,261120
46,41,6144,261120
46,32,7168,261120
46,48,7168,261120
46,18,8192,261120
46,18,9216,261120
46,48,9216,261120
21,41,0,262144
21,36,1024,262144
21,18,2048,262144
21,61,2048,262144
21,18,3072,262144
21,18,4096,262144
21,36,5120,262144
21,41,5120,262144
21,32,6144,262144
21,48,6144,262144
21,18,7168,262144
21,18,8192,262144
21,48,8192,262144
21,18,9216,262144
41,36,1024,262144
41,18,2048,262144
41,61,2048,262144
41,18,3072,262144
41,18,4096,262144
41,36,5120,262144
41,41,5120,262144
41,32,6144,262144
41,48,6144,262144
41,18,7168,262144
41,18,8192,262144
41,48,8192,262144
41,18,9216,262144
41,46,9216,262144
36,18,1024,263168
36,61,1024,263168
36,18,2048,263168
36,18,3072,263168
36,36,4096,263168
36,41,4096,263168
36,32,5120,263168
36,48,5120,263168
36,18,6144,263168
36,18,7168,263168
36,48,7168,263168
36,18,8192,263168
36,46,8192,263168
36,18,9216,263168
18,61,0,264192
18,18,1024,264192
18,18,2048,264192
18,36,3072,264192
18,41,3072,264192
18,32,4096,264192
18,48,4096,264192
18,18,5120,264192
18,18,6144,264192
18,48,6144,264192
18,18,7168,264192
18,46,7168,264192
18,18,8192,264192
18,18,9216,264192
61,18,1024,264192
61,18,2048,264192
61,36,3072,264192
61,41,3072,264192
61,32,4096,264192
61,48,4096,264192
61,18,5120,264192
61,18,6144,264192
61,48,6144,264192
61,18,7168,264192
61,46,7168,264192
61,18,8192,264192
61,18,9216,264192
61,32,10240,264192
18,18,1024,265216
18,36,2048,265216
18,41,2048,265216
18,32,3072,265216
18,48,3072,265216
18,18,4096,265216
18,18,5120,265216
18,48,5120,265216
18,18,6144,265216
18,46,6144,265216
18,18,7168,265216
18,18,8192,265216
18,32,9216,265216
18,61,9216,265216
18,36,1024,266240
18,41,1024,266240
18,32,2048,266240
18,48,2048,266240
18,18,3072,266240
18,18,4096,266240
18,48,4096,266240
18,18,5120,266240
18,46,5120,266240
18,18,6144,266240
18,18,7168,266240
18,32,8192,266240
18,61,8192,266240
18,49,9216,266240
36,41,0,267264
36,32,1024,267264
36,48,1024,267264
36,18,2048,267264
36,18,3072,267264
36,48,3072,267264
36,18,4096,267264
36,46,4096,267264
36,18,5120,267264
36,18,6144,267264
36,32,7168,267264
36,61,7168,267264
36,49,8192,267264
36,123,8192,267264
41,32,1024,267264
41,48,1024,267264
41,18,2048,267264
41,18,3072,267264
41,48,3072,267264
41,18,4096,267264
41,46,4096,267264
41,18,5120,267264
41,18,6144,267264
41,32,7168,267264
41,61,7168,267264
41,49,8192,267264
41,123,8192,267264
41,48,9216,267264
32,48,0,268288
32,18,1024,268288
32,18,2048,268288
32,48,2048,268288
32,18,3072,268288
32,46,3072,268288
32,18,4096,268288
32,18,5120,268288
32,32,6144,268288
32,61,6144,268288
32,49,7168,268288
32,123,7168,268288
32,48,8192,268288
32,24,9216,268288
48,18,1024,268288
48,18,2048,268288
48,48,2048,268288
48,18,3072,268288
48,46,3072,268288
48,18,4096,268288
48,18,5120,268288
48,32,6144,268288
48,61,6144,268288
48,49,7168,268288
48,123,7168,268288
48,48,8192,268288
48,24,9216,268288
48,18,14336,268288
18,18,1024,269312
18,48,1024,269312
18,18,2048,269312
18,46,2048,269312
18,18,3072,269312
18,18,4096,269312
18,32,5120,269312
18,61,5120,269312
18,49,6144,269312
18,123,6144,269312
18,48,7168,269312
18,24,8192,269312
18,18,13312,269312
18,18,14336,269312
18,48,0,270336
18,18,1024,270336
18,46,1024,270336
18,18,2048,270336
18,18,3072,270336
18,32,4096,270336
18,61,4096,270336
18,49,5120,270336
18,123,5120,270336
18,48,6144,270336
18,24,7168,270336
18,18,12288,270336
18,18,13312,270336
18,24,14336,270336
48,18,1024,270336
48,46,1024,270336
48,18,2048,270336
48,18,3072,270336
48,32,4096,270336
48,61,4096,270336
48,49,5120,270336
48,123,5120,270336
48,48,6144,270336
48,24,7168,270336
48,18,12288,270336
48,18,13312,270336
48,24,14336,270336
48,49,14336,270336
18,46,0,271360
18,18,1024,271360
18,18,2048,271360
18,32,3072,271360
18,61,3072,271360
18,49,4096,271360
18,123,4096,271360
18,48,5120,271360
18,24,6144,271360
18,18,11264,271360
18,18,12288,271360
18,24,13312,271360
18,49,13312,271360
18,24,14336,271360
46,18,1024,271360
46,18,2048,271360
46,32,3072,271360
46,61,3072,271360
46,49,4096,271360
46,123,4096,271360
46,48,5120,271360
46,24,6144,271360
46,18,11264,271360
46,18,12288,271360
46,24,13312,271360
46,49,13312,271360
46,24,14336,271360
46,48,14336,271360
18,18,1024,272384
18,32,2048,272384
18,61,2048,272384
18,49,3072,272384
18,123,3072,272384
18,48,4096,272384
18,24,5120,272384
18,18,10240,272384
18,18,11264,272384
18,24,12288,272384
18,49,12288,272384
18,24,13312,272384
18,48,13312,272384
18,36,14336,272384
18,32,1024,273408
18,61,1024,273408
18,49,2048,273408
18,123,2048,273408
18,48,3072,273408
18,24,4096,273408
18,18,9216,273408
18,18,10240,273408
18,24,11264,273408
18,49,11264,273408
18,24,12288,273408
18,48,12288,273408
18,36,13312,273408
18,48,13312,273408
32,61,0,274432
32,49,1024,274432
32,123,1024,274432
32,48,2048,274432
32,24,3072,274432
32,18,8192,274432
32,18,9216,274432
32,24,10240,274432
32,49,10240,274432
32,24,11264,274432
32,48,11264,274432
32,36,12288,274432
32,48,12288,274432
32,28,13312,274432
61,49,1024,274432
61,123,1024,274432
61,48,2048,274432
61,24,3072,274432
61,18,8192,274432
61,18,9216,274432
61,24,10240,274432
61,49,10240,274432
61,24,11264,274432
61,48,11264,274432
61,36,12288,274432
61,48,12288,274432
61,28,13312,274432
61,55,13312,274432
49,123,0,275456
49,48,1024,275456
49,24,2048,275456
49,18,7168,275456
49,18,8192,275456
49,24,9216,275456
49,49,9216,275456
49,24,10240,275456
49,48,10240,275456
49,36,11264,275456
49,48,11264,275456
49,28,12288,275456
49,55,12288,275456
49,32,13312,275456
123,48,1024,275456
123,24,2048,275456
123,18,7168,275456
123,18,8192,275456
123,24,9216,275456
123,49,9216,275456
123,24,10240,275456
123,48,10240,275456
123,36,11264,275456
123,48,11264,275456
123,28,12288,275456
123,55,12288,275456
123,32,13312,275456
123,54,13312,275456
48,24,1024,276480
48,18,6144,276480
48,18,7168,276480
48,24,8192,276480
48,49,8192,276480
48,24,9216,276480
48,48,9216,276480
48,36,10240,276480
48,48,10240,276480
48,28,11264,276480
48,55,11264,276480
48,32,12288,276480
48,54,12288,276480
48,18,13312,276480
24,18,5120,277504
24,18,6144,277504
24,24,7168,277504
24,49,7168,277504
24,24,8192,277504
24,48,8192,277504
24,36,9216,277504
24,48,9216,277504
24,28,10240,277504
24,55,10240,277504
24,32,11264,277504
24,54,11264,277504
24,18,12288,277504
24,48,12288,277504
18,18,1024,282624
18,24,2048,282624
18,49,2048,282624
18,24,3072,282624
18,48,3072,282624
18,36,4096,282624
18,48,4096,282624
18,28,5120,282624
18,55,5120,282624
18,32,6144,282624
18,54,6144,282624
18,18,7168,282624
18,48,7168,282624
18,36,8192,282624
18,24,1024,283648
18,49,1024,283648
18,24,2048,283648
18,48,2048,283648
18,36,3072,283648
18,48,3072,283648
18,28,4096,283648
18,55,4096,283648
18,32,5120,283648
18,54,5120,283648
18,18,6144,283648
18,48,6144,283648
18,36,7168,283648
18,72,7168,283648
24,49,0,284672
24,24,1024,284672
24,48,1024,284672
24,36,2048,284672
24,48,2048,284672
24,28,3072,284672
24,55,3072,284672
24,32,4096,284672
24,54,4096,284672
24,18,5120,284672
24,48,5120,284672
24,36,6144,284672
24,72,6144,284672
24,48,7168,284672
49,24,1024,284672
49,48,1024,284672
49,36,2048,284672
49,48,2048,284672
49,28,3072,284672
49,55,3072,284672
49,32,4096,284672
49,54,4096,284672
49,18,5120,284672
49,48,5120,284672
49,36,6144,284672
49,72,6144,284672
49,48,7168,284672
49,18,8192,284672
24,48,0,285696
24,36,1024,285696
24,48,1024,285696
24,28,2048,285696
24,55,2048,285696
24,32,3072,285696
24,54,3072,285696
24,18,4096,285696
24,48,4096,285696
24,36,5120,285696
24,72,5120,285696
24,48,6144,285696
24,18,7168,285696
24,48,7168,285696
48,36,1024,285696
48,48,1024,285696
48,28,2048,285696
48,55,2048,285696
48,32,3072,285696
48,54,3072,285696
48,18,4096,285696
48,48,4096,285696
48,36,5120,285696
48,72,5120,285696
48,48,6144,285696
48,18,7168,285696
48,48,7168,285696
48,18,8192,285696
36,48,0,286720
36,28,1024,286720
36,55,1024,286720
36,32,2048,286720
36,54,2048,286720
36,18,3072,286720
36,48,3072,286720
36,36,4096,286720
36,72,4096,286720
36,48,5120,286720
36,18,6144,286720
36,48,6144,286720
36,18,7168,286720
36,32,8192,286720
48,28,1024,286720
48,55,1024,286720
48,32,2048,286720
48,54,2048,286720
48,18,3072,286720
48,48,3072,286720
48,36,4096,286720
48,72,4096,286720
48,48,5120,286720
48,18,6144,286720
48,48,6144,286720
48,18,7168,286720
48,32,8192,286720
48,20,12288,286720
28,55,0,287744
28,32,1024,287744
28,54,1024,287744
28,18,2048,287744
28,48,2048,287744
28,36,3072,287744
28,72,3072,287744
28,48,4096,287744
28,18,5120,287744
28,48,5120,287744
28,18,6144,287744
28,32,7168,287744
28,20,11264,287744
28,61,12288,287744
55,32,1024,287744
55,54,1024,287744
55,18,2048,287744
55,48,2048,287744
55,36,3072,287744
55,72,3072,287744
55,48,4096,287744
55,18,5120,287744
55,48,5120,287744
55,18,6144,287744
55,32,7168,287744
55,20,11264,287744
55,61,12288,287744
55,20,14336,287744
32,54,0,288768
32,18,1024,288768
32,48,1024,288768
32,36,2048,288768
32,72,2048,288768
32,48,3072,288768
32,18,4096,288768
32,48,4096,288768
32,18,5120,288768
32,32,6144,288768
32,20,10240,288768
32,61,11264,288768
32,20,13312,288768
32,32,16384,288768
54,18,1024,288768
54,48,1024,288768
54,36,2048,288768
54,72,2048,288768
54,48,3072,288768
54,18,4096,288768
54,48,4096,288768
54,18,5120,288768
54,32,6144,288768
54,20,10240,288768
54,61,11264,288768
54,20,13312,288768
54,32,16384,288768
54,48,19456,288768
18,48,0,289792
18,36,1024,289792
18,72,1024,289792
18,48,2048,289792
18,18,3072,289792
18,48,3072,289792
18,18,4096,289792
18,32,5120,289792
18,20,9216,289792
18,61,10240,289792
18,20,12288,289792
18,32,15360,289792
18,48,18432,289792
18,32,19456,289792
48,36,1024,289792
48,72,1024,289792
48,48,2048,289792
48,18,3072,289792
48,48,3072,289792
48,18,4096,289792
48,32,5120,289792
48,20,9216,289792
48,61,10240,289792
48,20,12288,289792
48,32,15360,289792
48,48,18432,289792
48,32,19456,289792
48,48,20480,289792
36,72,0,290816
36,48,1024,290816
36,18,2048,290816
36,48,2048,290816
36,18,3072,290816
36,32,4096,290816
36,20,8192,290816
36,61,9216,290816
36,20,11264,290816
36,32,14336,290816
36,48,17408,290816
36,32,18432,290816
36,48,19456,290816
36,45,20480,290816
72,48,1024,290816
72,18,2048,290816
72,48,2048,290816
72,18,3072,290816
72,32,4096,290816
72,20,8192,290816
72,61,9216,290816
72,20,11264,290816
72,32,14336,290816
72,48,17408,290816
72,32,18432,290816
72,48,19456,290816
72,45,20480,290816
48,18,1024,291840
48,48,1024,291840
48,18,2048,291840
48,32,3072,291840
48,20,7168,291840
48,61,8192,291840
48,20,10240,291840
48,32,13312,291840
48,48,16384,291840
48,32,17408,291840
48,48,18432,291840
48,45,19456,291840
48,44,20480,291840
18,48,0,292864
18,18,1024,292864
18,32,2048,292864
18,20,6144,292864
18,61,7168,292864
18,20,9216,292864
18,32,12288,292864
18,48,15360,292864
18,32,16384,292864
18,48,17408,292864
18,45,18432,292864
18,44,19456,292864
48,18,1024,292864
48,32,2048,292864
48,20,6144,292864
48,61,7168,292864
48,20,9216,292864
48,32,12288,292864
48,48,15360,292864
48,32,16384,292864
48,48,17408,292864
48,45,18432,292864
48,44,19456,292864
18,32,1024,293888
18,20,5120,293888
18,61,6144,293888
18,20,8192,293888
18,32,11264,293888
18,48,14336,293888
18,32,15360,293888
18,48,16384,293888
18,45,17408,293888
18,44,18432,293888
32,20,4096,294912
32,61,5120,294912
32,20,7168,294912
32,32,10240,294912
32,48,13312,294912
32,32,14336,294912
32,48,15360,294912
32,45,16384,294912
32,44,17408,294912
32,20,20480,294912
32,48,20480,294912
20,61,1024,299008
20,20,3072,299008
20,32,6144,299008
20,48,9216,299008
20,32,10240,299008
20,48,11264,299008
20,45,12288,299008
20,44,13312,299008
20,20,16384,299008
20,48,16384,299008
20,20,20480,299008
61,20,2048,300032
61,32,5120,300032
61,48,8192,300032
61,32,9216,300032
61,48,10240,300032
61,45,11264,300032
61,44,12288,300032
61,20,15360,300032
61,48,15360,300032
61,20,19456,300032
61,32,20480,300032
61,49,20480,300032
20,32,3072,302080
20,48,6144,302080
20,32,7168,302080
20,48,8192,302080
20,45,9216,302080
20,44,10240,302080
20,20,13312,302080
20,48,13312,302080
20,20,17408,302080
20,32,18432,302080
20,49,18432,302080
20,26,20480,302080
32,48,3072,305152
32,32,4096,305152
32,48,5120,305152
32,45,6144,305152
32,44,7168,305152
32,20,10240,305152
32,48,10240,305152
32,20,14336,305152
32,32,15360,305152
32,49,15360,305152
32,26,17408,305152
32,21,18432,305152
32,32,20480,305152
32,48,20480,305152
48,32,1024,308224
48,48,2048,308224
48,45,3072,308224
48,44,4096,308224
48,20,7168,308224
48,48,7168,308224
48,20,11264,308224
48,32,12288,308224
48,49,12288,308224
48,26,14336,308224
48,21,15360,308224
48,32,17408,308224
48,48,17408,308224
32,48,1024,309248
32,45,2048,309248
32,44,3072,309248
32,20,6144,309248
32,48,6144,309248
32,20,10240,309248
32,32,11264,309248
32,49,11264,309248
32,26,13312,309248
32,21,14336,309248
32,32,16384,309248
32,48,16384,309248
48,45,1024,310272
48,44,2048,310272
48,20,5120,310272
48,48,5120,310272
48,20,9216,310272
48,32,10240,310272
48,49,10240,310272
48,26,12288,310272
48,21,13312,310272
48,32,15360,310272
48,48,15360,310272
45,44,1024,311296
45,20,4096,311296
45,48,4096,311296
45,20,8192,311296
45,32,9216,311296
45,49,9216,311296
45,26,11264,311296
45,21,12288,311296
45,32,14336,311296
45,48,14336,311296
44,20,3072,312320
44,48,3072,312320
44,20,7168,312320
44,32,8192,312320
44,49,8192,312320
44,26,10240,312320
44,21,11264,312320
44,32,13312,312320
44,48,13312,312320
20,48,0,315392
20,20,4096,315392
20,32,5120,315392
20,49,5120,315392
20,26,7168,315392
20,21,8192,315392
20,32,10240,315392
20,48,10240,315392
48,20,4096,315392
48,32,5120,315392
48,49,5120,315392
48,26,7168,315392
48,21,8192,315392
48,32,10240,315392
48,48,10240,315392
20,32,1024,319488
20,49,1024,319488
20,26,3072,319488
20,21,4096,319488
20,32,6144,319488
20,48,6144,319488
32,49,0,320512
32,26,2048,320512
32,21,3072,320512
32,32,5120,320512
32,48,5120,320512
49,26,2048,320512
49,21,3072,320512
49,32,5120,320512
49,48,5120,320512
26,21,1024,322560
26,32,3072,322560
26,48,3072,322560
21,32,2048,323584
21,48,2048,323584
32,48,0,325632
