16,36,2048,1024
16,65,3072,1024
16,65,4096,1024
16,16,6144,1024
16,65,7168,1024
16,65,10240,1024
16,16,11264,1024
16,16,12288,1024
16,49,17408,1024
16,109,19456,1024
36,65,1024,3072
36,65,2048,3072
36,16,4096,3072
36,65,5120,3072
36,65,8192,3072
36,16,9216,3072
36,16,10240,3072
36,49,15360,3072
36,109,17408,3072
65,65,1024,4096
65,16,3072,4096
65,65,4096,4096
65,65,7168,4096
65,16,8192,4096
65,16,9216,4096
65,49,14336,4096
65,109,16384,4096
65,16,20480,4096
65,16,2048,5120
65,65,3072,5120
65,65,6144,5120
65,16,7168,5120
65,16,8192,5120
65,49,13312,5120
65,109,15360,5120
65,16,19456,5120
16,65,1024,7168
16,65,4096,7168
16,16,5120,7168
16,16,6144,7168
16,49,11264,7168
16,109,13312,7168
16,16,17408,7168
16,16,20480,7168
65,65,3072,8192
65,16,4096,8192
65,16,5120,8192
65,49,10240,8192
65,109,12288,8192
65,16,16384,8192
65,16,19456,8192
65,49,20480,8192
65,16,1024,11264
65,16,2048,11264
65,49,7168,11264
65,109,9216,11264
65,16,13312,11264
65,16,16384,11264
65,49,17408,11264
16,16,1024,12288
16,49,6144,12288
16,109,8192,12288
16,16,12288,12288
16,16,15360,12288
16,49,16384,12288
16,109,20480,12288
16,49,5120,13312
16,109,7168,13312
16,16,11264,13312
16,16,14336,13312
16,49,15360,13312
16,109,19456,13312
49,109,2048,18432
49,16,6144,18432
49,16,9216,18432
49,49,10240,18432
49,109,14336,18432
49,17,16384,18432
49,36,19456,18432
49,37,20480,18432
109,16,4096,20480
109,16,7168,20480
109,49,8192,20480
109,109,12288,20480
109,17,14336,20480
109,36,17408,20480
109,37,18432,20480
109,108,20480,20480
16,16,3072,24576
16,49,4096,24576
16,109,8192,24576
16,17,10240,24576
16,36,13312,24576
16,37,14336,24576
16,108,16384,24576
16,61,19456,24576
16,49,1024,27648
16,109,5120,27648
16,17,7168,27648
16,36,10240,27648
16,37,11264,27648
16,108,13312,27648
16,61,16384,27648
16,9,19456,27648
16,18,20480,27648
49,109,4096,28672
49,17,6144,28672
49,36,9216,28672
49,37,10240,28672
49,108,12288,28672
49,61,15360,28672
49,9,18432,28672
49,18,19456,28672
109,17,2048,32768
109,36,5120,32768
109,37,6144,32768
109,108,8192,32768
109,61,11264,32768
109,9,14336,32768
109,18,15360,32768
109,54,18432,32768
109,55,20480,32768
17,36,3072,34816
17,37,4096,34816
17,108,6144,34816
17,61,9216,34816
17,9,12288,34816
17,18,13312,34816
17,54,16384,34816
17,55,18432,34816
36,37,1024,37888
36,108,3072,37888
36,61,6144,37888
36,9,9216,37888
36,18,10240,37888
36,54,13312,37888
36,55,15360,37888
37,108,2048,38912
37,61,5120,38912
37,9,8192,38912
37,18,9216,38912
37,54,12288,38912
37,55,14336,38912
108,61,3072,40960
108,9,6144,40960
108,18,7168,40960
108,54,10240,40960
108,55,12288,40960
108,36,20480,40960
61,9,3072,44032
61,18,4096,44032
61,54,7168,44032
61,55,9216,44032
61,36,17408,44032
61,148,20480,44032
9,18,1024,47104
9,54,4096,47104
9,55,6144,47104
9,36,14336,47104
9,148,17408,47104
9,148,18432,47104
18,54,3072,48128
18,55,5120,48128
18,36,13312,48128
18,148,16384,48128
18,148,17408,48128
18,67,20480,48128
54,55,2048,51200
54,36,10240,51200
54,148,13312,51200
54,148,14336,51200
54,67,17408,51200
54,66,18432,51200
54,65,20480,51200
55,36,8192,53248
55,148,11264,53248
55,148,12288,53248
55,67,15360,53248
55,66,16384,53248
55,65,18432,53248
36,148,3072,61440
36,148,4096,61440
36,67,7168,61440
36,66,8192,61440
36,65,10240,61440
36,220,13312,61440
36,144,15360,61440
36,129,19456,61440
36,130,20480,61440
148,148,1024,64512
148,67,4096,64512
148,66,5120,64512
148,65,7168,64512
148,220,10240,64512
148,144,12288,64512
148,129,16384,64512
148,130,17408,64512
148,36,20480,64512
148,67,3072,65536
148,66,4096,65536
148,65,6144,65536
148,220,9216,65536
148,144,11264,65536
148,129,15360,65536
148,130,16384,65536
148,36,19456,65536
67,66,1024,68608
67,65,3072,68608
67,220,6144,68608
67,144,8192,68608
67,129,12288,68608
67,130,13312,68608
67,36,16384,68608
67,18,19456,68608
67,18,20480,68608
66,65,2048,69632
66,220,5120,69632
66,144,7168,69632
66,129,11264,69632
66,130,12288,69632
66,36,15360,69632
66,18,18432,69632
66,18,19456,69632
66,106,20480,69632
65,220,3072,71680
65,144,5120,71680
65,129,9216,71680
65,130,10240,71680
65,36,13312,71680
65,18,16384,71680
65,18,17408,71680
65,106,18432,71680
65,54,19456,71680
220,144,2048,74752
220,129,6144,74752
220,130,7168,74752
220,36,10240,74752
220,18,13312,74752
220,18,14336,74752
220,106,15360,74752
220,54,16384,74752
220,217,18432,74752
220,18,19456,74752
144,129,4096,76800
144,130,5120,76800
144,36,8192,76800
144,18,11264,76800
144,18,12288,76800
144,106,13312,76800
144,54,14336,76800
144,217,16384,76800
144,18,17408,76800
144,214,20480,76800
129,130,1024,80896
129,36,4096,80896
129,18,7168,80896
129,18,8192,80896
129,106,9216,80896
129,54,10240,80896
129,217,12288,80896
129,18,13312,80896
129,214,16384,80896
129,54,17408,80896
129,55,18432,80896
129,54,20480,80896
130,36,3072,81920
130,18,6144,81920
130,18,7168,81920
130,106,8192,81920
130,54,9216,81920
130,217,11264,81920
130,18,12288,81920
130,214,15360,81920
130,54,16384,81920
130,55,17408,81920
130,54,19456,81920
130,55,20480,81920
36,18,3072,84992
36,18,4096,84992
36,106,5120,84992
36,54,6144,84992
36,217,8192,84992
36,18,9216,84992
36,214,12288,84992
36,54,13312,84992
36,55,14336,84992
36,54,16384,84992
36,55,17408,84992
36,49,18432,84992
36,99,19456,84992
36,98,20480,84992
18,18,1024,88064
18,106,2048,88064
18,54,3072,88064
18,217,5120,88064
18,18,6144,88064
18,214,9216,88064
18,54,10240,88064
18,55,11264,88064
18,54,13312,88064
18,55,14336,88064
18,49,15360,88064
18,99,16384,88064
18,98,17408,88064
18,16,18432,88064
18,106,1024,89088
18,54,2048,89088
18,217,4096,89088
18,18,5120,89088
18,214,8192,89088
18,54,9216,89088
18,55,10240,89088
18,54,12288,89088
18,55,13312,89088
18,49,14336,89088
18,99,15360,89088
18,98,16384,89088
18,16,17408,89088
18,187,18432,89088
106,54,1024,90112
106,217,3072,90112
106,18,4096,90112
106,214,7168,90112
106,54,8192,90112
106,55,9216,90112
106,54,11264,90112
106,55,12288,90112
106,49,13312,90112
106,99,14336,90112
106,98,15360,90112
106,16,16384,90112
106,187,17408,90112
106,97,18432,90112
54,217,2048,91136
54,18,3072,91136
54,214,6144,91136
54,54,7168,91136
54,55,8192,91136
54,54,10240,91136
54,55,11264,91136
54,49,12288,91136
54,99,13312,91136
54,98,14336,91136
54,16,15360,91136
54,187,16384,91136
54,97,17408,91136
54,93,18432,91136
217,18,1024,93184
217,214,4096,93184
217,54,5120,93184
217,55,6144,93184
217,54,8192,93184
217,55,9216,93184
217,49,10240,93184
217,99,11264,93184
217,98,12288,93184
217,16,13312,93184
217,187,14336,93184
217,97,15360,93184
217,93,16384,93184
217,97,17408,93184
18,214,3072,94208
18,54,4096,94208
18,55,5120,94208
18,54,7168,94208
18,55,8192,94208
18,49,9216,94208
18,99,10240,94208
18,98,11264,94208
18,16,12288,94208
18,187,13312,94208
18,97,14336,94208
18,93,15360,94208
18,97,16384,94208
18,17,17408,94208
214,54,1024,97280
214,55,2048,97280
214,54,4096,97280
214,55,5120,97280
214,49,6144,97280
214,99,7168,97280
214,98,8192,97280
214,16,9216,97280
214,187,10240,97280
214,97,11264,97280
214,93,12288,97280
214,97,13312,97280
214,17,14336,97280
214,16,15360,97280
54,55,1024,98304
54,54,3072,98304
54,55,4096,98304
54,49,5120,98304
54,99,6144,98304
54,98,7168,98304
54,16,8192,98304
54,187,9216,98304
54,97,10240,98304
54,93,11264,98304
54,97,12288,98304
54,17,13312,98304
54,16,14336,98304
54,16,15360,98304
55,54,2048,99328
55,55,3072,99328
55,49,4096,99328
55,99,5120,99328
55,98,6144,99328
55,16,7168,99328
55,187,8192,99328
55,97,9216,99328
55,93,10240,99328
55,97,11264,99328
55,17,12288,99328
55,16,13312,99328
55,16,14336,99328
55,16,18432,99328
54,55,1024,101376
54,49,2048,101376
54,99,3072,101376
54,98,4096,101376
54,16,5120,101376
54,187,6144,101376
54,97,7168,101376
54,93,8192,101376
54,97,9216,101376
54,17,10240,101376
54,16,11264,101376
54,16,12288,101376
54,16,16384,101376
54,16,17408,101376
55,49,1024,102400
55,99,2048,102400
55,98,3072,102400
55,16,4096,102400
55,187,5120,102400
55,97,6144,102400
55,93,7168,102400
55,97,8192,102400
55,17,9216,102400
55,16,10240,102400
55,16,11264,102400
55,16,15360,102400
55,16,16384,102400
55,29,18432,102400
49,99,1024,103424
49,98,2048,103424
49,16,3072,103424
49,187,4096,103424
49,97,5120,103424
49,93,6144,103424
49,97,7168,103424
49,17,8192,103424
49,16,9216,103424
49,16,10240,103424
49,16,14336,103424
49,16,15360,103424
49,29,17408,103424
49,49,19456,103424
99,98,1024,104448
99,16,2048,104448
99,187,3072,104448
99,97,4096,104448
99,93,5120,104448
99,97,6144,104448
99,17,7168,104448
99,16,8192,104448
99,16,9216,104448
99,16,13312,104448
99,16,14336,104448
99,29,16384,104448
99,49,18432,104448
98,16,1024,105472
98,187,2048,105472
98,97,3072,105472
98,93,4096,105472
98,97,5120,105472
98,17,6144,105472
98,16,7168,105472
98,16,8192,105472
98,16,12288,105472
98,16,13312,105472
98,29,15360,105472
98,49,17408,105472
16,187,1024,106496
16,97,2048,106496
16,93,3072,106496
16,97,4096,106496
16,17,5120,106496
16,16,6144,106496
16,16,7168,106496
16,16,11264,106496
16,16,12288,106496
16,29,14336,106496
16,49,16384,106496
187,97,1024,107520
187,93,2048,107520
187,97,3072,107520
187,17,4096,107520
187,16,5120,107520
187,16,6144,107520
187,16,10240,107520
187,16,11264,107520
187,29,13312,107520
187,49,15360,107520
187,16,20480,107520
97,93,1024,108544
97,97,2048,108544
97,17,3072,108544
97,16,4096,108544
97,16,5120,108544
97,16,9216,108544
97,16,10240,108544
97,29,12288,108544
97,49,14336,108544
97,16,19456,108544
97,17,20480,108544
93,97,1024,109568
93,17,2048,109568
93,16,3072,109568
93,16,4096,109568
93,16,8192,109568
93,16,9216,109568
93,29,11264,109568
93,49,13312,109568
93,16,18432,109568
93,17,19456,109568
93,16,20480,109568
97,17,1024,110592
97,16,2048,110592
97,16,3072,110592
97,16,7168,110592
97,16,8192,110592
97,29,10240,110592
97,49,12288,110592
97,16,17408,110592
97,17,18432,110592
97,16,19456,110592
97,16,20480,110592
17,16,1024,111616
17,16,2048,111616
17,16,6144,111616
17,16,7168,111616
17,29,9216,111616
17,49,11264,111616
17,16,16384,111616
17,17,17408,111616
17,16,18432,111616
17,16,19456,111616
17,36,20480,111616
16,16,1024,112640
16,16,5120,112640
16,16,6144,112640
16,29,8192,112640
16,49,10240,112640
16,16,15360,112640
16,17,16384,112640
16,16,17408,112640
16,16,18432,112640
16,36,19456,112640
16,16,4096,113664
16,16,5120,113664
16,29,7168,113664
16,49,9216,113664
16,16,14336,113664
16,17,15360,113664
16,16,16384,113664
16,16,17408,113664
16,36,18432,113664
16,16,1024,117760
16,29,3072,117760
16,49,5120,117760
16,16,10240,117760
16,17,11264,117760
16,16,12288,117760
16,16,13312,117760
16,36,14336,117760
16,96,17408,117760
16,96,18432,117760
16,16,19456,117760
16,29,2048,118784
16,49,4096,118784
16,16,9216,118784
16,17,10240,118784
16,16,11264,118784
16,16,12288,118784
16,36,13312,118784
16,96,16384,118784
16,96,17408,118784
16,16,18432,118784
29,49,2048,120832
29,16,7168,120832
29,17,8192,120832
29,16,9216,120832
29,16,10240,120832
29,36,11264,120832
29,96,14336,120832
29,96,15360,120832
29,16,16384,120832
49,16,5120,122880
49,17,6144,122880
49,16,7168,122880
49,16,8192,122880
49,36,9216,122880
49,96,12288,122880
49,96,13312,122880
49,16,14336,122880
16,17,1024,128000
16,16,2048,128000
16,16,3072,128000
16,36,4096,128000
16,96,7168,128000
16,96,8192,128000
16,16,9216,128000
16,54,17408,128000
16,54,18432,128000
16,211,19456,128000
17,16,1024,129024
17,16,2048,129024
17,36,3072,129024
17,96,6144,129024
17,96,7168,129024
17,16,8192,129024
17,54,16384,129024
17,54,17408,129024
17,211,18432,129024
17,36,20480,129024
16,16,1024,130048
16,36,2048,130048
16,96,5120,130048
16,96,6144,130048
16,16,7168,130048
16,54,15360,130048
16,54,16384,130048
16,211,17408,130048
16,36,19456,130048
16,36,1024,131072
16,96,4096,131072
16,96,5120,131072
16,16,6144,131072
16,54,14336,131072
16,54,15360,131072
16,211,16384,131072
16,36,18432,131072
16,217,20480,131072
36,96,3072,132096
36,96,4096,132096
36,16,5120,132096
36,54,13312,132096
36,54,14336,132096
36,211,15360,132096
36,36,17408,132096
36,217,19456,132096
36,18,20480,132096
96,96,1024,135168
96,16,2048,135168
96,54,10240,135168
96,54,11264,135168
96,211,12288,135168
96,36,14336,135168
96,217,16384,135168
96,18,17408,135168
96,18,19456,135168
96,35,20480,135168
96,16,1024,136192
96,54,9216,136192
96,54,10240,136192
96,211,11264,136192
96,36,13312,136192
96,217,15360,136192
96,18,16384,136192
96,18,18432,136192
96,35,19456,136192
16,54,8192,137216
16,54,9216,137216
16,211,10240,137216
16,36,12288,137216
16,217,14336,137216
16,18,15360,137216
16,18,17408,137216
16,35,18432,137216
54,54,1024,145408
54,211,2048,145408
54,36,4096,145408
54,217,6144,145408
54,18,7168,145408
54,18,9216,145408
54,35,10240,145408
54,18,13312,145408
54,186,17408,145408
54,222,18432,145408
54,211,1024,146432
54,36,3072,146432
54,217,5120,146432
54,18,6144,146432
54,18,8192,146432
54,35,9216,146432
54,18,12288,146432
54,186,16384,146432
54,222,17408,146432
211,36,2048,147456
211,217,4096,147456
211,18,5120,147456
211,18,7168,147456
211,35,8192,147456
211,18,11264,147456
211,186,15360,147456
211,222,16384,147456
36,217,2048,149504
36,18,3072,149504
36,18,5120,149504
36,35,6144,149504
36,18,9216,149504
36,186,13312,149504
36,222,14336,149504
217,18,1024,151552
217,18,3072,151552
217,35,4096,151552
217,18,7168,151552
217,186,11264,151552
217,222,12288,151552
18,18,2048,152576
18,35,3072,152576
18,18,6144,152576
18,186,10240,152576
18,222,11264,152576
18,35,1024,154624
18,18,4096,154624
18,186,8192,154624
18,222,9216,154624
35,18,3072,155648
35,186,7168,155648
35,222,8192,155648
18,186,4096,158720
18,222,5120,158720
186,222,1024,162816
