44,49,1024,1024
44,49,2048,1024
44,98,3072,1024
44,95,4096,1024
44,48,6144,1024
44,63,8192,1024
44,109,10240,1024
44,108,11264,1024
44,110,12288,1024
44,73,13312,1024
49,49,1024,2048
49,98,2048,2048
49,95,3072,2048
49,48,5120,2048
49,63,7168,2048
49,109,9216,2048
49,108,10240,2048
49,110,11264,2048
49,73,12288,2048
49,98,1024,3072
49,95,2048,3072
49,48,4096,3072
49,63,6144,3072
49,109,8192,3072
49,108,9216,3072
49,110,10240,3072
49,73,11264,3072
98,95,1024,4096
98,48,3072,4096
98,63,5120,4096
98,109,7168,4096
98,108,8192,4096
98,110,9216,4096
98,73,10240,4096
95,48,2048,5120
95,63,4096,5120
95,109,6144,5120
95,108,7168,5120
95,110,8192,5120
95,73,9216,5120
48,63,2048,7168
48,109,4096,7168
48,108,5120,7168
48,110,6144,7168
48,73,7168,7168
48,65,19456,7168
48,92,20480,7168
63,109,2048,9216
63,108,3072,9216
63,110,4096,9216
63,73,5120,9216
63,65,17408,9216
63,92,18432,9216
63,97,19456,9216
63,90,20480,9216
109,108,1024,11264
109,110,2048,11264
109,73,3072,11264
109,65,15360,11264
109,92,16384,11264
109,97,17408,11264
109,90,18432,11264
108,110,1024,12288
108,73,2048,12288
108,65,14336,12288
108,92,15360,12288
108,97,16384,12288
108,90,17408,12288
110,73,1024,13312
110,65,13312,13312
110,92,14336,13312
110,97,15360,13312
110,90,16384,13312
73,65,12288,14336
73,92,13312,14336
73,97,14336,14336
73,90,15360,14336
65,92,1024,26624
65,97,2048,26624
65,90,3072,26624
92,97,1024,27648
92,90,2048,27648
97,90,1024,28672
41,28,4096,67584
41,26,5120,67584
41,28,6144,67584
41,27,8192,67584
41,25,9216,67584
41,25,11264,67584
41,25,12288,67584
41,21,19456,67584
28,26,1024,71680
28,28,2048,71680
28,27,4096,71680
28,25,5120,71680
28,25,7168,71680
28,25,8192,71680
28,21,15360,71680
26,28,1024,72704
26,27,3072,72704
26,25,4096,72704
26,25,6144,72704
26,25,7168,72704
26,21,14336,72704
28,27,2048,73728
28,25,3072,73728
28,25,5120,73728
28,25,6144,73728
28,21,13312,73728
27,25,1024,75776
27,25,3072,75776
27,25,4096,75776
27,21,11264,75776
25,25,2048,76800
25,25,3072,76800
25,21,10240,76800
25,25,1024,78848
25,21,8192,78848
25,21,7168,79872
21,36,20480,87040
36,8,2048,107520
36,35,3072,107520
36,21,4096,107520
36,20,5120,107520
36,32,6144,107520
36,25,12288,107520
36,47,16384,107520
36,25,17408,107520
8,35,1024,109568
8,21,2048,109568
8,20,3072,109568
8,32,4096,109568
8,25,10240,109568
8,47,14336,109568
8,25,15360,109568
35,21,1024,110592
35,20,2048,110592
35,32,3072,110592
35,25,9216,110592
35,47,13312,110592
35,25,14336,110592
21,20,1024,111616
21,32,2048,111616
21,25,8192,111616
21,47,12288,111616
21,25,13312,111616
21,15,20480,111616
20,32,1024,112640
20,25,7168,112640
20,47,11264,112640
20,25,12288,112640
20,15,19456,112640
20,15,20480,112640
32,25,6144,113664
32,47,10240,113664
32,25,11264,113664
32,15,18432,113664
32,15,19456,113664
32,8,20480,113664
25,47,4096,119808
25,25,5120,119808
25,15,12288,119808
25,15,13312,119808
25,8,14336,119808
25,8,15360,119808
25,49,17408,119808
25,8,18432,119808
25,77,19456,119808
25,8,20480,119808
47,25,1024,123904
47,15,8192,123904
47,15,9216,123904
47,8,10240,123904
47,8,11264,123904
47,49,13312,123904
47,8,14336,123904
47,77,15360,123904
47,8,16384,123904
47,8,17408,123904
47,8,18432,123904
47,8,19456,123904
47,8,20480,123904
25,15,7168,124928
25,15,8192,124928
25,8,9216,124928
25,8,10240,124928
25,49,12288,124928
25,8,13312,124928
25,77,14336,124928
25,8,15360,124928
25,8,16384,124928
25,8,17408,124928
25,8,18432,124928
25,8,19456,124928
25,8,20480,124928
15,15,1024,132096
15,8,2048,132096
15,8,3072,132096
15,49,5120,132096
15,8,6144,132096
15,77,7168,132096
15,8,8192,132096
15,8,9216,132096
15,8,10240,132096
15,8,11264,132096
15,8,12288,132096
15,8,13312,132096
15,19,14336,132096
15,24,15360,132096
15,8,1024,133120
15,8,2048,133120
15,49,4096,133120
15,8,5120,133120
15,77,6144,133120
15,8,7168,133120
15,8,8192,133120
15,8,9216,133120
15,8,10240,133120
15,8,11264,133120
15,8,12288,133120
15,19,13312,133120
15,24,14336,133120
15,24,15360,133120
8,8,1024,134144
8,49,3072,134144
8,8,4096,134144
8,77,5120,134144
8,8,6144,134144
8,8,7168,134144
8,8,8192,134144
8,8,9216,134144
8,8,10240,134144
8,8,11264,134144
8,19,12288,134144
8,24,13312,134144
8,24,14336,134144
8,8,15360,134144
8,49,2048,135168
8,8,3072,135168
8,77,4096,135168
8,8,5120,135168
8,8,6144,135168
8,8,7168,135168
8,8,8192,135168
8,8,9216,135168
8,8,10240,135168
8,19,11264,135168
8,24,12288,135168
8,24,13312,135168
8,8,14336,135168
8,49,15360,135168
49,8,1024,137216
49,77,2048,137216
49,8,3072,137216
49,8,4096,137216
49,8,5120,137216
49,8,6144,137216
49,8,7168,137216
49,8,8192,137216
49,19,9216,137216
49,24,10240,137216
49,24,11264,137216
49,8,12288,137216
49,49,13312,137216
49,47,14336,137216
8,77,1024,138240
8,8,2048,138240
8,8,3072,138240
8,8,4096,138240
8,8,5120,138240
8,8,6144,138240
8,8,7168,138240
8,19,8192,138240
8,24,9216,138240
8,24,10240,138240
8,8,11264,138240
8,49,12288,138240
8,47,13312,138240
8,49,14336,138240
77,8,1024,139264
77,8,2048,139264
77,8,3072,139264
77,8,4096,139264
77,8,5120,139264
77,8,6144,139264
77,19,7168,139264
77,24,8192,139264
77,24,9216,139264
77,8,10240,139264
77,49,11264,139264
77,47,12288,139264
77,49,13312,139264
77,24,14336,139264
8,8,1024,140288
8,8,2048,140288
8,8,3072,140288
8,8,4096,140288
8,8,5120,140288
8,19,6144,140288
8,24,7168,140288
8,24,8192,140288
8,8,9216,140288
8,49,10240,140288
8,47,11264,140288
8,49,12288,140288
8,24,13312,140288
8,8,20480,140288
8,8,1024,141312
8,8,2048,141312
8,8,3072,141312
8,8,4096,141312
8,19,5120,141312
8,24,6144,141312
8,24,7168,141312
8,8,8192,141312
8,49,9216,141312
8,47,10240,141312
8,49,11264,141312
8,24,12288,141312
8,8,19456,141312
8,36,20480,141312
8,8,1024,142336
8,8,2048,142336
8,8,3072,142336
8,19,4096,142336
8,24,5120,142336
8,24,6144,142336
8,8,7168,142336
8,49,8192,142336
8,47,9216,142336
8,49,10240,142336
8,24,11264,142336
8,8,18432,142336
8,36,19456,142336
8,8,1024,143360
8,8,2048,143360
8,19,3072,143360
8,24,4096,143360
8,24,5120,143360
8,8,6144,143360
8,49,7168,143360
8,47,8192,143360
8,49,9216,143360
8,24,10240,143360
8,8,17408,143360
8,36,18432,143360
8,14,20480,143360
8,8,1024,144384
8,19,2048,144384
8,24,3072,144384
8,24,4096,144384
8,8,5120,144384
8,49,6144,144384
8,47,7168,144384
8,49,8192,144384
8,24,9216,144384
8,8,16384,144384
8,36,17408,144384
8,14,19456,144384
8,7,20480,144384
8,19,1024,145408
8,24,2048,145408
8,24,3072,145408
8,8,4096,145408
8,49,5120,145408
8,47,6144,145408
8,49,7168,145408
8,24,8192,145408
8,8,15360,145408
8,36,16384,145408
8,14,18432,145408
8,7,19456,145408
8,56,20480,145408
19,24,1024,146432
19,24,2048,146432
19,8,3072,146432
19,49,4096,146432
19,47,5120,146432
19,49,6144,146432
19,24,7168,146432
19,8,14336,146432
19,36,15360,146432
19,14,17408,146432
19,7,18432,146432
19,56,19456,146432
19,7,20480,146432
24,24,1024,147456
24,8,2048,147456
24,49,3072,147456
24,47,4096,147456
24,49,5120,147456
24,24,6144,147456
24,8,13312,147456
24,36,14336,147456
24,14,16384,147456
24,7,17408,147456
24,56,18432,147456
24,7,19456,147456
24,7,20480,147456
24,8,1024,148480
24,49,2048,148480
24,47,3072,148480
24,49,4096,148480
24,24,5120,148480
24,8,12288,148480
24,36,13312,148480
24,14,15360,148480
24,7,16384,148480
24,56,17408,148480
24,7,18432,148480
24,7,19456,148480
24,7,20480,148480
8,49,1024,149504
8,47,2048,149504
8,49,3072,149504
8,24,4096,149504
8,8,11264,149504
8,36,12288,149504
8,14,14336,149504
8,7,15360,149504
8,56,16384,149504
8,7,17408,149504
8,7,18432,149504
8,7,19456,149504
8,7,20480,149504
49,47,1024,150528
49,49,2048,150528
49,24,3072,150528
49,8,10240,150528
49,36,11264,150528
49,14,13312,150528
49,7,14336,150528
49,56,15360,150528
49,7,16384,150528
49,7,17408,150528
49,7,18432,150528
49,7,19456,150528
49,7,20480,150528
47,49,1024,151552
47,24,2048,151552
47,8,9216,151552
47,36,10240,151552
47,14,12288,151552
47,7,13312,151552
47,56,14336,151552
47,7,15360,151552
47,7,16384,151552
47,7,17408,151552
47,7,18432,151552
47,7,19456,151552
49,24,1024,152576
49,8,8192,152576
49,36,9216,152576
49,14,11264,152576
49,7,12288,152576
49,56,13312,152576
49,7,14336,152576
49,7,15360,152576
49,7,16384,152576
49,7,17408,152576
49,7,18432,152576
24,8,7168,153600
24,36,8192,153600
24,14,10240,153600
24,7,11264,153600
24,56,12288,153600
24,7,13312,153600
24,7,14336,153600
24,7,15360,153600
24,7,16384,153600
24,7,17408,153600
24,15,20480,153600
8,36,1024,160768
8,14,3072,160768
8,7,4096,160768
8,56,5120,160768
8,7,6144,160768
8,7,7168,160768
8,7,8192,160768
8,7,9216,160768
8,7,10240,160768
8,15,13312,160768
8,16,14336,160768
8,16,15360,160768
8,15,17408,160768
8,165,18432,160768
36,14,2048,161792
36,7,3072,161792
36,56,4096,161792
36,7,5120,161792
36,7,6144,161792
36,7,7168,161792
36,7,8192,161792
36,7,9216,161792
36,15,12288,161792
36,16,13312,161792
36,16,14336,161792
36,15,16384,161792
36,165,17408,161792
36,15,18432,161792
14,7,1024,163840
14,56,2048,163840
14,7,3072,163840
14,7,4096,163840
14,7,5120,163840
14,7,6144,163840
14,7,7168,163840
14,15,10240,163840
14,16,11264,163840
14,16,12288,163840
14,15,14336,163840
14,165,15360,163840
14,15,16384,163840
14,15,17408,163840
7,56,1024,164864
7,7,2048,164864
7,7,3072,164864
7,7,4096,164864
7,7,5120,164864
7,7,6144,164864
7,15,9216,164864
7,16,10240,164864
7,16,11264,164864
7,15,13312,164864
7,165,14336,164864
7,15,15360,164864
7,15,16384,164864
7,15,17408,164864
56,7,1024,165888
56,7,2048,165888
56,7,3072,165888
56,7,4096,165888
56,7,5120,165888
56,15,8192,165888
56,16,9216,165888
56,16,10240,165888
56,15,12288,165888
56,165,13312,165888
56,15,14336,165888
56,15,15360,165888
56,15,16384,165888
56,15,17408,165888
7,7,1024,166912
7,7,2048,166912
7,7,3072,166912
7,7,4096,166912
7,15,7168,166912
7,16,8192,166912
7,16,9216,166912
7,15,11264,166912
7,165,12288,166912
7,15,13312,166912
7,15,14336,166912
7,15,15360,166912
7,15,16384,166912
7,12,17408,166912
7,7,1024,167936
7,7,2048,167936
7,7,3072,167936
7,15,6144,167936
7,16,7168,167936
7,16,8192,167936
7,15,10240,167936
7,165,11264,167936
7,15,12288,167936
7,15,13312,167936
7,15,14336,167936
7,15,15360,167936
7,12,16384,167936
7,12,17408,167936
7,7,1024,168960
7,7,2048,168960
7,15,5120,168960
7,16,6144,168960
7,16,7168,168960
7,15,9216,168960
7,165,10240,168960
7,15,11264,168960
7,15,12288,168960
7,15,13312,168960
7,15,14336,168960
7,12,15360,168960
7,12,16384,168960
7,12,17408,168960
7,7,1024,169984
7,15,4096,169984
7,16,5120,169984
7,16,6144,169984
7,15,8192,169984
7,165,9216,169984
7,15,10240,169984
7,15,11264,169984
7,15,12288,169984
7,15,13312,169984
7,12,14336,169984
7,12,15360,169984
7,12,16384,169984
7,12,17408,169984
7,15,3072,171008
7,16,4096,171008
7,16,5120,171008
7,15,7168,171008
7,165,8192,171008
7,15,9216,171008
7,15,10240,171008
7,15,11264,171008
7,15,12288,171008
7,12,13312,171008
7,12,14336,171008
7,12,15360,171008
7,12,16384,171008
7,24,17408,171008
15,16,1024,174080
15,16,2048,174080
15,15,4096,174080
15,165,5120,174080
15,15,6144,174080
15,15,7168,174080
15,15,8192,174080
15,15,9216,174080
15,12,10240,174080
15,12,11264,174080
15,12,12288,174080
15,12,13312,174080
15,24,14336,174080
15,24,15360,174080
16,16,1024,175104
16,15,3072,175104
16,165,4096,175104
16,15,5120,175104
16,15,6144,175104
16,15,7168,175104
16,15,8192,175104
16,12,9216,175104
16,12,10240,175104
16,12,11264,175104
16,12,12288,175104
16,24,13312,175104
16,24,14336,175104
16,50,16384,175104
16,15,2048,176128
16,165,3072,176128
16,15,4096,176128
16,15,5120,176128
16,15,6144,176128
16,15,7168,176128
16,12,8192,176128
16,12,9216,176128
16,12,10240,176128
16,12,11264,176128
16,24,12288,176128
16,24,13312,176128
16,50,15360,176128
16,51,16384,176128
15,165,1024,178176
15,15,2048,178176
15,15,3072,178176
15,15,4096,178176
15,15,5120,178176
15,12,6144,178176
15,12,7168,178176
15,12,8192,178176
15,12,9216,178176
15,24,10240,178176
15,24,11264,178176
15,50,13312,178176
15,51,14336,178176
15,55,15360,178176
165,15,1024,179200
165,15,2048,179200
165,15,3072,179200
165,15,4096,179200
165,12,5120,179200
165,12,6144,179200
165,12,7168,179200
165,12,8192,179200
165,24,9216,179200
165,24,10240,179200
165,50,12288,179200
165,51,13312,179200
165,55,14336,179200
165,55,15360,179200
15,15,1024,180224
15,15,2048,180224
15,15,3072,180224
15,12,4096,180224
15,12,5120,180224
15,12,6144,180224
15,12,7168,180224
15,24,8192,180224
15,24,9216,180224
15,50,11264,180224
15,51,12288,180224
15,55,13312,180224
15,55,14336,180224
15,48,15360,180224
15,15,1024,181248
15,15,2048,181248
15,12,3072,181248
15,12,4096,181248
15,12,5120,181248
15,12,6144,181248
15,24,7168,181248
15,24,8192,181248
15,50,10240,181248
15,51,11264,181248
15,55,12288,181248
15,55,13312,181248
15,48,14336,181248
15,11,15360,181248
15,15,1024,182272
15,12,2048,182272
15,12,3072,182272
15,12,4096,182272
15,12,5120,182272
15,24,6144,182272
15,24,7168,182272
15,50,9216,182272
15,51,10240,182272
15,55,11264,182272
15,55,12288,182272
15,48,13312,182272
15,11,14336,182272
15,12,1024,183296
15,12,2048,183296
15,12,3072,183296
15,12,4096,183296
15,24,5120,183296
15,24,6144,183296
15,50,8192,183296
15,51,9216,183296
15,55,10240,183296
15,55,11264,183296
15,48,12288,183296
15,11,13312,183296
12,12,1024,184320
12,12,2048,184320
12,12,3072,184320
12,24,4096,184320
12,24,5120,184320
12,50,7168,184320
12,51,8192,184320
12,55,9216,184320
12,55,10240,184320
12,48,11264,184320
12,11,12288,184320
12,12,1024,185344
12,12,2048,185344
12,24,3072,185344
12,24,4096,185344
12,50,6144,185344
12,51,7168,185344
12,55,8192,185344
12,55,9216,185344
12,48,10240,185344
12,11,11264,185344
12,12,1024,186368
12,24,2048,186368
12,24,3072,186368
12,50,5120,186368
12,51,6144,186368
12,55,7168,186368
12,55,8192,186368
12,48,9216,186368
12,11,10240,186368
12,24,1024,187392
12,24,2048,187392
12,50,4096,187392
12,51,5120,187392
12,55,6144,187392
12,55,7168,187392
12,48,8192,187392
12,11,9216,187392
24,24,1024,188416
24,50,3072,188416
24,51,4096,188416
24,55,5120,188416
24,55,6144,188416
24,48,7168,188416
24,11,8192,188416
24,50,2048,189440
24,51,3072,189440
24,55,4096,189440
24,55,5120,189440
24,48,6144,189440
24,11,7168,189440
50,51,1024,191488
50,55,2048,191488
50,55,3072,191488
50,48,4096,191488
50,11,5120,191488
51,55,1024,192512
51,55,2048,192512
51,48,3072,192512
51,11,4096,192512
55,55,1024,193536
55,48,2048,193536
55,11,3072,193536
55,48,1024,194560
55,11,2048,194560
48,11,1024,195584
73,81,2048,218112
73,81,3072,218112
73,33,6144,218112
73,62,9216,218112
73,130,10240,218112
73,98,11264,218112
73,96,12288,218112
73,98,13312,218112
73,128,14336,218112
73,12,15360,218112
73,12,16384,218112
73,12,17408,218112
73,82,18432,218112
73,82,19456,218112
81,81,1024,220160
81,33,4096,220160
81,62,7168,220160
81,130,8192,220160
81,98,9216,220160
81,96,10240,220160
81,98,11264,220160
81,128,12288,220160
81,12,13312,220160
81,12,14336,220160
81,12,15360,220160
81,82,16384,220160
81,82,17408,220160
81,12,18432,220160
81,33,3072,221184
81,62,6144,221184
81,130,7168,221184
81,98,8192,221184
81,96,9216,221184
81,98,10240,221184
81,128,11264,221184
81,12,12288,221184
81,12,13312,221184
81,12,14336,221184
81,82,15360,221184
81,82,16384,221184
81,12,17408,221184
81,164,20480,221184
33,62,3072,224256
33,130,4096,224256
33,98,5120,224256
33,96,6144,224256
33,98,7168,224256
33,128,8192,224256
33,12,9216,224256
33,12,10240,224256
33,12,11264,224256
33,82,12288,224256
33,82,13312,224256
33,12,14336,224256
33,164,17408,224256
33,83,18432,224256
62,130,1024,227328
62,98,2048,227328
62,96,3072,227328
62,98,4096,227328
62,128,5120,227328
62,12,6144,227328
62,12,7168,227328
62,12,8192,227328
62,82,9216,227328
62,82,10240,227328
62,12,11264,227328
62,164,14336,227328
62,83,15360,227328
62,166,16384,227328
130,98,1024,228352
130,96,2048,228352
130,98,3072,228352
130,128,4096,228352
130,12,5120,228352
130,12,6144,228352
130,12,7168,228352
130,82,8192,228352
130,82,9216,228352
130,12,10240,228352
130,164,13312,228352
130,83,14336,228352
130,166,15360,228352
130,164,16384,228352
98,96,1024,229376
98,98,2048,229376
98,128,3072,229376
98,12,4096,229376
98,12,5120,229376
98,12,6144,229376
98,82,7168,229376
98,82,8192,229376
98,12,9216,229376
98,164,12288,229376
98,83,13312,229376
98,166,14336,229376
98,164,15360,229376
98,82,16384,229376
96,98,1024,230400
96,128,2048,230400
96,12,3072,230400
96,12,4096,230400
96,12,5120,230400
96,82,6144,230400
96,82,7168,230400
96,12,8192,230400
96,164,11264,230400
96,83,12288,230400
96,166,13312,230400
96,164,14336,230400
96,82,15360,230400
96,7,16384,230400
98,128,1024,231424
98,12,2048,231424
98,12,3072,231424
98,12,4096,231424
98,82,5120,231424
98,82,6144,231424
98,12,7168,231424
98,164,10240,231424
98,83,11264,231424
98,166,12288,231424
98,164,13312,231424
98,82,14336,231424
98,7,15360,231424
98,7,16384,231424
128,12,1024,232448
128,12,2048,232448
128,12,3072,232448
128,82,4096,232448
128,82,5120,232448
128,12,6144,232448
128,164,9216,232448
128,83,10240,232448
128,166,11264,232448
128,164,12288,232448
128,82,13312,232448
128,7,14336,232448
128,7,15360,232448
128,7,16384,232448
12,12,1024,233472
12,12,2048,233472
12,82,3072,233472
12,82,4096,233472
12,12,5120,233472
12,164,8192,233472
12,83,9216,233472
12,166,10240,233472
12,164,11264,233472
12,82,12288,233472
12,7,13312,233472
12,7,14336,233472
12,7,15360,233472
12,7,16384,233472
12,12,1024,234496
12,82,2048,234496
12,82,3072,234496
12,12,4096,234496
12,164,7168,234496
12,83,8192,234496
12,166,9216,234496
12,164,10240,234496
12,82,11264,234496
12,7,12288,234496
12,7,13312,234496
12,7,14336,234496
12,7,15360,234496
12,7,16384,234496
12,82,1024,235520
12,82,2048,235520
12,12,3072,235520
12,164,6144,235520
12,83,7168,235520
12,166,8192,235520
12,164,9216,235520
12,82,10240,235520
12,7,11264,235520
12,7,12288,235520
12,7,13312,235520
12,7,14336,235520
12,7,15360,235520
12,96,19456,235520
82,82,1024,236544
82,12,2048,236544
82,164,5120,236544
82,83,6144,236544
82,166,7168,236544
82,164,8192,236544
82,82,9216,236544
82,7,10240,236544
82,7,11264,236544
82,7,12288,236544
82,7,13312,236544
82,7,14336,236544
82,96,18432,236544
82,12,1024,237568
82,164,4096,237568
82,83,5120,237568
82,166,6144,237568
82,164,7168,237568
82,82,8192,237568
82,7,9216,237568
82,7,10240,237568
82,7,11264,237568
82,7,12288,237568
82,7,13312,237568
82,96,17408,237568
12,164,3072,238592
12,83,4096,238592
12,166,5120,238592
12,164,6144,238592
12,82,7168,238592
12,7,8192,238592
12,7,9216,238592
12,7,10240,238592
12,7,11264,238592
12,7,12288,238592
12,96,16384,238592
12,44,20480,238592
164,83,1024,241664
164,166,2048,241664
164,164,3072,241664
164,82,4096,241664
164,7,5120,241664
164,7,6144,241664
164,7,7168,241664
164,7,8192,241664
164,7,9216,241664
164,96,13312,241664
164,44,17408,241664
164,171,18432,241664
164,9,19456,241664
164,42,20480,241664
83,166,1024,242688
83,164,2048,242688
83,82,3072,242688
83,7,4096,242688
83,7,5120,242688
83,7,6144,242688
83,7,7168,242688
83,7,8192,242688
83,96,12288,242688
83,44,16384,242688
83,171,17408,242688
83,9,18432,242688
83,42,19456,242688
83,164,20480,242688
166,164,1024,243712
166,82,2048,243712
166,7,3072,243712
166,7,4096,243712
166,7,5120,243712
166,7,6144,243712
166,7,7168,243712
166,96,11264,243712
166,44,15360,243712
166,171,16384,243712
166,9,17408,243712
166,42,18432,243712
166,164,19456,243712
166,123,20480,243712
164,82,1024,244736
164,7,2048,244736
164,7,3072,244736
164,7,4096,244736
164,7,5120,244736
164,7,6144,244736
164,96,10240,244736
164,44,14336,244736
164,171,15360,244736
164,9,16384,244736
164,42,17408,244736
164,164,18432,244736
164,123,19456,244736
164,40,20480,244736
82,7,1024,245760
82,7,2048,245760
82,7,3072,245760
82,7,4096,245760
82,7,5120,245760
82,96,9216,245760
82,44,13312,245760
82,171,14336,245760
82,9,15360,245760
82,42,16384,245760
82,164,17408,245760
82,123,18432,245760
82,40,19456,245760
82,75,20480,245760
7,7,1024,246784
7,7,2048,246784
7,7,3072,246784
7,7,4096,246784
7,96,8192,246784
7,44,12288,246784
7,171,13312,246784
7,9,14336,246784
7,42,15360,246784
7,164,16384,246784
7,123,17408,246784
7,40,18432,246784
7,75,19456,246784
7,7,1024,247808
7,7,2048,247808
7,7,3072,247808
7,96,7168,247808
7,44,11264,247808
7,171,12288,247808
7,9,13312,247808
7,42,14336,247808
7,164,15360,247808
7,123,16384,247808
7,40,17408,247808
7,75,18432,247808
7,7,1024,248832
7,7,2048,248832
7,96,6144,248832
7,44,10240,248832
7,171,11264,248832
7,9,12288,248832
7,42,13312,248832
7,164,14336,248832
7,123,15360,248832
7,40,16384,248832
7,75,17408,248832
7,85,20480,248832
7,7,1024,249856
7,96,5120,249856
7,44,9216,249856
7,171,10240,249856
7,9,11264,249856
7,42,12288,249856
7,164,13312,249856
7,123,14336,249856
7,40,15360,249856
7,75,16384,249856
7,85,19456,249856
7,75,20480,249856
7,96,4096,250880
7,44,8192,250880
7,171,9216,250880
7,9,10240,250880
7,42,11264,250880
7,164,12288,250880
7,123,13312,250880
7,40,14336,250880
7,75,15360,250880
7,85,18432,250880
7,75,19456,250880
7,71,20480,250880
96,44,4096,254976
96,171,5120,254976
96,9,6144,254976
96,42,7168,254976
96,164,8192,254976
96,123,9216,254976
96,40,10240,254976
96,75,11264,254976
96,85,14336,254976
96,75,15360,254976
96,71,16384,254976
96,63,17408,254976
96,64,18432,254976
96,66,19456,254976
44,171,1024,259072
44,9,2048,259072
44,42,3072,259072
44,164,4096,259072
44,123,5120,259072
44,40,6144,259072
44,75,7168,259072
44,85,10240,259072
44,75,11264,259072
44,71,12288,259072
44,63,13312,259072
44,64,14336,259072
44,66,15360,259072
44,6,16384,259072
171,9,1024,260096
171,42,2048,260096
171,164,3072,260096
171,123,4096,260096
171,40,5120,260096
171,75,6144,260096
171,85,9216,260096
171,75,10240,260096
171,71,11264,260096
171,63,12288,260096
171,64,13312,260096
171,66,14336,260096
171,6,15360,260096
171,12,16384,260096
9,42,1024,261120
9,164,2048,261120
9,123,3072,261120
9,40,4096,261120
9,75,5120,261120
9,85,8192,261120
9,75,9216,261120
9,71,10240,261120
9,63,11264,261120
9,64,12288,261120
9,66,13312,261120
9,6,14336,261120
9,12,15360,261120
9,12,16384,261120
42,164,1024,262144
42,123,2048,262144
42,40,3072,262144
42,75,4096,262144
42,85,7168,262144
42,75,8192,262144
42,71,9216,262144
42,63,10240,262144
42,64,11264,262144
42,66,12288,262144
42,6,13312,262144
42,12,14336,262144
42,12,15360,262144
42,12,16384,262144
164,123,1024,263168
164,40,2048,263168
164,75,3072,263168
164,85,6144,263168
164,75,7168,263168
164,71,8192,263168
164,63,9216,263168
164,64,10240,263168
164,66,11264,263168
164,6,12288,263168
164,12,13312,263168
164,12,14336,263168
164,12,15360,263168
164,75,18432,263168
123,40,1024,264192
123,75,2048,264192
123,85,5120,264192
123,75,6144,264192
123,71,7168,264192
123,63,8192,264192
123,64,9216,264192
123,66,10240,264192
123,6,11264,264192
123,12,12288,264192
123,12,13312,264192
123,12,14336,264192
123,75,17408,264192
123,73,18432,264192
40,75,1024,265216
40,85,4096,265216
40,75,5120,265216
40,71,6144,265216
40,63,7168,265216
40,64,8192,265216
40,66,9216,265216
40,6,10240,265216
40,12,11264,265216
40,12,12288,265216
40,12,13312,265216
40,75,16384,265216
40,73,17408,265216
40,82,18432,265216
75,85,3072,266240
75,75,4096,266240
75,71,5120,266240
75,63,6144,266240
75,64,7168,266240
75,66,8192,266240
75,6,9216,266240
75,12,10240,266240
75,12,11264,266240
75,12,12288,266240
75,75,15360,266240
75,73,16384,266240
75,82,17408,266240
75,12,19456,266240
85,75,1024,269312
85,71,2048,269312
85,63,3072,269312
85,64,4096,269312
85,66,5120,269312
85,6,6144,269312
85,12,7168,269312
85,12,8192,269312
85,12,9216,269312
85,75,12288,269312
85,73,13312,269312
85,82,14336,269312
85,12,16384,269312
85,74,17408,269312
75,71,1024,270336
75,63,2048,270336
75,64,3072,270336
75,66,4096,270336
75,6,5120,270336
75,12,6144,270336
75,12,7168,270336
75,12,8192,270336
75,75,11264,270336
75,73,12288,270336
75,82,13312,270336
75,12,15360,270336
75,74,16384,270336
75,71,17408,270336
71,63,1024,271360
71,64,2048,271360
71,66,3072,271360
71,6,4096,271360
71,12,5120,271360
71,12,6144,271360
71,12,7168,271360
71,75,10240,271360
71,73,11264,271360
71,82,12288,271360
71,12,14336,271360
71,74,15360,271360
71,71,16384,271360
71,74,17408,271360
63,64,1024,272384
63,66,2048,272384
63,6,3072,272384
63,12,4096,272384
63,12,5120,272384
63,12,6144,272384
63,75,9216,272384
63,73,10240,272384
63,82,11264,272384
63,12,13312,272384
63,74,14336,272384
63,71,15360,272384
63,74,16384,272384
63,72,17408,272384
64,66,1024,273408
64,6,2048,273408
64,12,3072,273408
64,12,4096,273408
64,12,5120,273408
64,75,8192,273408
64,73,9216,273408
64,82,10240,273408
64,12,12288,273408
64,74,13312,273408
64,71,14336,273408
64,74,15360,273408
64,72,16384,273408
64,74,17408,273408
66,6,1024,274432
66,12,2048,274432
66,12,3072,274432
66,12,4096,274432
66,75,7168,274432
66,73,8192,274432
66,82,9216,274432
66,12,11264,274432
66,74,12288,274432
66,71,13312,274432
66,74,14336,274432
66,72,15360,274432
66,74,16384,274432
66,74,17408,274432
6,12,1024,275456
6,12,2048,275456
6,12,3072,275456
6,75,6144,275456
6,73,7168,275456
6,82,8192,275456
6,12,10240,275456
6,74,11264,275456
6,71,12288,275456
6,74,13312,275456
6,72,14336,275456
6,74,15360,275456
6,74,16384,275456
6,12,20480,275456
12,12,1024,276480
12,12,2048,276480
12,75,5120,276480
12,73,6144,276480
12,82,7168,276480
12,12,9216,276480
12,74,10240,276480
12,71,11264,276480
12,74,12288,276480
12,72,13312,276480
12,74,14336,276480
12,74,15360,276480
12,12,19456,276480
12,33,20480,276480
12,12,1024,277504
12,75,4096,277504
12,73,5120,277504
12,82,6144,277504
12,12,8192,277504
12,74,9216,277504
12,71,10240,277504
12,74,11264,277504
12,72,12288,277504
12,74,13312,277504
12,74,14336,277504
12,12,18432,277504
12,33,19456,277504
12,33,20480,277504
12,75,3072,278528
12,73,4096,278528
12,82,5120,278528
12,12,7168,278528
12,74,8192,278528
12,71,9216,278528
12,74,10240,278528
12,72,11264,278528
12,74,12288,278528
12,74,13312,278528
12,12,17408,278528
12,33,18432,278528
12,33,19456,278528
12,32,20480,278528
75,73,1024,281600
75,82,2048,281600
75,12,4096,281600
75,74,5120,281600
75,71,6144,281600
75,74,7168,281600
75,72,8192,281600
75,74,9216,281600
75,74,10240,281600
75,12,14336,281600
75,33,15360,281600
75,33,16384,281600
75,32,17408,281600
75,66,18432,281600
73,82,1024,282624
73,12,3072,282624
73,74,4096,282624
73,71,5120,282624
73,74,6144,282624
73,72,7168,282624
73,74,8192,282624
73,74,9216,282624
73,12,13312,282624
73,33,14336,282624
73,33,15360,282624
73,32,16384,282624
73,66,17408,282624
73,65,18432,282624
82,12,2048,283648
82,74,3072,283648
82,71,4096,283648
82,74,5120,283648
82,72,6144,283648
82,74,7168,283648
82,74,8192,283648
82,12,12288,283648
82,33,13312,283648
82,33,14336,283648
82,32,15360,283648
82,66,16384,283648
82,65,17408,283648
82,65,18432,283648
12,74,1024,285696
12,71,2048,285696
12,74,3072,285696
12,72,4096,285696
12,74,5120,285696
12,74,6144,285696
12,12,10240,285696
12,33,11264,285696
12,33,12288,285696
12,32,13312,285696
12,66,14336,285696
12,65,15360,285696
12,65,16384,285696
12,65,17408,285696
74,71,1024,286720
74,74,2048,286720
74,72,3072,286720
74,74,4096,286720
74,74,5120,286720
74,12,9216,286720
74,33,10240,286720
74,33,11264,286720
74,32,12288,286720
74,66,13312,286720
74,65,14336,286720
74,65,15360,286720
74,65,16384,286720
74,64,17408,286720
71,74,1024,287744
71,72,2048,287744
71,74,3072,287744
71,74,4096,287744
71,12,8192,287744
71,33,9216,287744
71,33,10240,287744
71,32,11264,287744
71,66,12288,287744
71,65,13312,287744
71,65,14336,287744
71,65,15360,287744
71,64,16384,287744
71,66,17408,287744
74,72,1024,288768
74,74,2048,288768
74,74,3072,288768
74,12,7168,288768
74,33,8192,288768
74,33,9216,288768
74,32,10240,288768
74,66,11264,288768
74,65,12288,288768
74,65,13312,288768
74,65,14336,288768
74,64,15360,288768
74,66,16384,288768
74,65,17408,288768
72,74,1024,289792
72,74,2048,289792
72,12,6144,289792
72,33,7168,289792
72,33,8192,289792
72,32,9216,289792
72,66,10240,289792
72,65,11264,289792
72,65,12288,289792
72,65,13312,289792
72,64,14336,289792
72,66,15360,289792
72,65,16384,289792
72,65,17408,289792
74,74,1024,290816
74,12,5120,290816
74,33,6144,290816
74,33,7168,290816
74,32,8192,290816
74,66,9216,290816
74,65,10240,290816
74,65,11264,290816
74,65,12288,290816
74,64,13312,290816
74,66,14336,290816
74,65,15360,290816
74,65,16384,290816
74,65,17408,290816
74,12,4096,291840
74,33,5120,291840
74,33,6144,291840
74,32,7168,291840
74,66,8192,291840
74,65,9216,291840
74,65,10240,291840
74,65,11264,291840
74,64,12288,291840
74,66,13312,291840
74,65,14336,291840
74,65,15360,291840
74,65,16384,291840
74,66,17408,291840
12,33,1024,295936
12,33,2048,295936
12,32,3072,295936
12,66,4096,295936
12,65,5120,295936
12,65,6144,295936
12,65,7168,295936
12,64,8192,295936
12,66,9216,295936
12,65,10240,295936
12,65,11264,295936
12,65,12288,295936
12,66,13312,295936
12,66,15360,295936
33,33,1024,296960
33,32,2048,296960
33,66,3072,296960
33,65,4096,296960
33,65,5120,296960
33,65,6144,296960
33,64,7168,296960
33,66,8192,296960
33,65,9216,296960
33,65,10240,296960
33,65,11264,296960
33,66,12288,296960
33,66,14336,296960
33,65,15360,296960
33,32,1024,297984
33,66,2048,297984
33,65,3072,297984
33,65,4096,297984
33,65,5120,297984
33,64,6144,297984
33,66,7168,297984
33,65,8192,297984
33,65,9216,297984
33,65,10240,297984
33,66,11264,297984
33,66,13312,297984
33,65,14336,297984
32,66,1024,299008
32,65,2048,299008
32,65,3072,299008
32,65,4096,299008
32,64,5120,299008
32,66,6144,299008
32,65,7168,299008
32,65,8192,299008
32,65,9216,299008
32,66,10240,299008
32,66,12288,299008
32,65,13312,299008
66,65,1024,300032
66,65,2048,300032
66,65,3072,300032
66,64,4096,300032
66,66,5120,300032
66,65,6144,300032
66,65,7168,300032
66,65,8192,300032
66,66,9216,300032
66,66,11264,300032
66,65,12288,300032
65,65,1024,301056
65,65,2048,301056
65,64,3072,301056
65,66,4096,301056
65,65,5120,301056
65,65,6144,301056
65,65,7168,301056
65,66,8192,301056
65,66,10240,301056
65,65,11264,301056
65,65,1024,302080
65,64,2048,302080
65,66,3072,302080
65,65,4096,302080
65,65,5120,302080
65,65,6144,302080
65,66,7168,302080
65,66,9216,302080
65,65,10240,302080
65,64,1024,303104
65,66,2048,303104
65,65,3072,303104
65,65,4096,303104
65,65,5120,303104
65,66,6144,303104
65,66,8192,303104
65,65,9216,303104
64,66,1024,304128
64,65,2048,304128
64,65,3072,304128
64,65,4096,304128
64,66,5120,304128
64,66,7168,304128
64,65,8192,304128
66,65,1024,305152
66,65,2048,305152
66,65,3072,305152
66,66,4096,305152
66,66,6144,305152
66,65,7168,305152
65,65,1024,306176
65,65,2048,306176
65,66,3072,306176
65,66,5120,306176
65,65,6144,306176
65,65,1024,307200
65,66,2048,307200
65,66,4096,307200
65,65,5120,307200
65,66,1024,308224
65,66,3072,308224
65,65,4096,308224
66,66,2048,309248
66,65,3072,309248
66,65,1024,311296
