19,14,2048,0
19,7,3072,0
19,13,4096,0
19,19,6144,0
19,7,7168,0
19,13,9216,0
19,146,10240,0
19,146,13312,0
19,146,14336,0
19,18,16384,0
19,123,18432,0
19,125,19456,0
19,123,20480,0
14,7,1024,2048
14,13,2048,2048
14,19,4096,2048
14,7,5120,2048
14,13,7168,2048
14,146,8192,2048
14,146,11264,2048
14,146,12288,2048
14,18,14336,2048
14,123,16384,2048
14,125,17408,2048
14,123,18432,2048
14,126,19456,2048
7,13,1024,3072
7,19,3072,3072
7,7,4096,3072
7,13,6144,3072
7,146,7168,3072
7,146,10240,3072
7,146,11264,3072
7,18,13312,3072
7,123,15360,3072
7,125,16384,3072
7,123,17408,3072
7,126,18432,3072
13,19,2048,4096
13,7,3072,4096
13,13,5120,4096
13,146,6144,4096
13,146,9216,4096
13,146,10240,4096
13,18,12288,4096
13,123,14336,4096
13,125,15360,4096
13,123,16384,4096
13,126,17408,4096
13,113,20480,4096
19,7,1024,6144
19,13,3072,6144
19,146,4096,6144
19,146,7168,6144
19,146,8192,6144
19,18,10240,6144
19,123,12288,6144
19,125,13312,6144
19,123,14336,6144
19,126,15360,6144
19,113,18432,6144
7,13,2048,7168
7,146,3072,7168
7,146,6144,7168
7,146,7168,7168
7,18,9216,7168
7,123,11264,7168
7,125,12288,7168
7,123,13312,7168
7,126,14336,7168
7,113,17408,7168
7,216,20480,7168
13,146,1024,9216
13,146,4096,9216
13,146,5120,9216
13,18,7168,9216
13,123,9216,9216
13,125,10240,9216
13,123,11264,9216
13,126,12288,9216
13,113,15360,9216
13,216,18432,9216
13,217,19456,9216
146,146,3072,10240
146,146,4096,10240
146,18,6144,10240
146,123,8192,10240
146,125,9216,10240
146,123,10240,10240
146,126,11264,10240
146,113,14336,10240
146,216,17408,10240
146,217,18432,10240
146,71,20480,10240
146,146,1024,13312
146,18,3072,13312
146,123,5120,13312
146,125,6144,13312
146,123,7168,13312
146,126,8192,13312
146,113,11264,13312
146,216,14336,13312
146,217,15360,13312
146,71,17408,13312
146,74,18432,13312
146,76,19456,13312
146,18,2048,14336
146,123,4096,14336
146,125,5120,14336
146,123,6144,14336
146,126,7168,14336
146,113,10240,14336
146,216,13312,14336
146,217,14336,14336
146,71,16384,14336
146,74,17408,14336
146,76,18432,14336
146,145,20480,14336
18,123,2048,16384
18,125,3072,16384
18,123,4096,16384
18,126,5120,16384
18,113,8192,16384
18,216,11264,16384
18,217,12288,16384
18,71,14336,16384
18,74,15360,16384
18,76,16384,16384
18,145,18432,16384
18,16,19456,16384
18,107,20480,16384
123,125,1024,18432
123,123,2048,18432
123,126,3072,18432
123,113,6144,18432
123,216,9216,18432
123,217,10240,18432
123,71,12288,18432
123,74,13312,18432
123,76,14336,18432
123,145,16384,18432
123,16,17408,18432
123,107,18432,18432
123,145,19456,18432
123,145,20480,18432
125,123,1024,19456
125,126,2048,19456
125,113,5120,19456
125,216,8192,19456
125,217,9216,19456
125,71,11264,19456
125,74,12288,19456
125,76,13312,19456
125,145,15360,19456
125,16,16384,19456
125,107,17408,19456
125,145,18432,19456
125,145,19456,19456
125,146,20480,19456
123,126,1024,20480
123,113,4096,20480
123,216,7168,20480
123,217,8192,20480
123,71,10240,20480
123,74,11264,20480
123,76,12288,20480
123,145,14336,20480
123,16,15360,20480
123,107,16384,20480
123,145,17408,20480
123,145,18432,20480
123,146,19456,20480
123,145,20480,20480
126,113,3072,21504
126,216,6144,21504
126,217,7168,21504
126,71,9216,21504
126,74,10240,21504
126,76,11264,21504
126,145,13312,21504
126,16,14336,21504
126,107,15360,21504
126,145,16384,21504
126,145,17408,21504
126,146,18432,21504
126,145,19456,21504
126,146,20480,21504
113,216,3072,24576
113,217,4096,24576
113,71,6144,24576
113,74,7168,24576
113,76,8192,24576
113,145,10240,24576
113,16,11264,24576
113,107,12288,24576
113,145,13312,24576
113,145,14336,24576
113,146,15360,24576
113,145,16384,24576
113,146,17408,24576
113,146,18432,24576
216,217,1024,27648
216,71,3072,27648
216,74,4096,27648
216,76,5120,27648
216,145,7168,27648
216,16,8192,27648
216,107,9216,27648
216,145,10240,27648
216,145,11264,27648
216,146,12288,27648
216,145,13312,27648
216,146,14336,27648
216,146,15360,27648
216,145,17408,27648
217,71,2048,28672
217,74,3072,28672
217,76,4096,28672
217,145,6144,28672
217,16,7168,28672
217,107,8192,28672
217,145,9216,28672
217,145,10240,28672
217,146,11264,28672
217,145,12288,28672
217,146,13312,28672
217,146,14336,28672
217,145,16384,28672
217,146,17408,28672
71,74,1024,30720
71,76,2048,30720
71,145,4096,30720
71,16,5120,30720
71,107,6144,30720
71,145,7168,30720
71,145,8192,30720
71,146,9216,30720
71,145,10240,30720
71,146,11264,30720
71,146,12288,30720
71,145,14336,30720
71,146,15360,30720
71,145,16384,30720
74,76,1024,31744
74,145,3072,31744
74,16,4096,31744
74,107,5120,31744
74,145,6144,31744
74,145,7168,31744
74,146,8192,31744
74,145,9216,31744
74,146,10240,31744
74,146,11264,31744
74,145,13312,31744
74,146,14336,31744
74,145,15360,31744
74,19,17408,31744
76,145,2048,32768
76,16,3072,32768
76,107,4096,32768
76,145,5120,32768
76,145,6144,32768
76,146,7168,32768
76,145,8192,32768
76,146,9216,32768
76,146,10240,32768
76,145,12288,32768
76,146,13312,32768
76,145,14336,32768
76,19,16384,32768
76,145,17408,32768
145,16,1024,34816
145,107,2048,34816
145,145,3072,34816
145,145,4096,34816
145,146,5120,34816
145,145,6144,34816
145,146,7168,34816
145,146,8192,34816
145,145,10240,34816
145,146,11264,34816
145,145,12288,34816
145,19,14336,34816
145,145,15360,34816
145,18,17408,34816
16,107,1024,35840
16,145,2048,35840
16,145,3072,35840
16,146,4096,35840
16,145,5120,35840
16,146,6144,35840
16,146,7168,35840
16,145,9216,35840
16,146,10240,35840
16,145,11264,35840
16,19,13312,35840
16,145,14336,35840
16,18,16384,35840
16,48,17408,35840
107,145,1024,36864
107,145,2048,36864
107,146,3072,36864
107,145,4096,36864
107,146,5120,36864
107,146,6144,36864
107,145,8192,36864
107,146,9216,36864
107,145,10240,36864
107,19,12288,36864
107,145,13312,36864
107,18,15360,36864
107,48,16384,36864
107,18,17408,36864
145,145,1024,37888
145,146,2048,37888
145,145,3072,37888
145,146,4096,37888
145,146,5120,37888
145,145,7168,37888
145,146,8192,37888
145,145,9216,37888
145,19,11264,37888
145,145,12288,37888
145,18,14336,37888
145,48,15360,37888
145,18,16384,37888
145,146,17408,37888
145,146,1024,38912
145,145,2048,38912
145,146,3072,38912
145,146,4096,38912
145,145,6144,38912
145,146,7168,38912
145,145,8192,38912
145,19,10240,38912
145,145,11264,38912
145,18,13312,38912
145,48,14336,38912
145,18,15360,38912
145,146,16384,38912
146,145,1024,39936
146,146,2048,39936
146,146,3072,39936
146,145,5120,39936
146,146,6144,39936
146,145,7168,39936
146,19,9216,39936
146,145,10240,39936
146,18,12288,39936
146,48,13312,39936
146,18,14336,39936
146,146,15360,39936
146,18,20480,39936
145,146,1024,40960
145,146,2048,40960
145,145,4096,40960
145,146,5120,40960
145,145,6144,40960
145,19,8192,40960
145,145,9216,40960
145,18,11264,40960
145,48,12288,40960
145,18,13312,40960
145,146,14336,40960
145,18,19456,40960
146,146,1024,41984
146,145,3072,41984
146,146,4096,41984
146,145,5120,41984
146,19,7168,41984
146,145,8192,41984
146,18,10240,41984
146,48,11264,41984
146,18,12288,41984
146,146,13312,41984
146,18,18432,41984
146,145,2048,43008
146,146,3072,43008
146,145,4096,43008
146,19,6144,43008
146,145,7168,43008
146,18,9216,43008
146,48,10240,43008
146,18,11264,43008
146,146,12288,43008
146,18,17408,43008
145,146,1024,45056
145,145,2048,45056
145,19,4096,45056
145,145,5120,45056
145,18,7168,45056
145,48,8192,45056
145,18,9216,45056
145,146,10240,45056
145,18,15360,45056
145,11,20480,45056
146,145,1024,46080
146,19,3072,46080
146,145,4096,46080
146,18,6144,46080
146,48,7168,46080
146,18,8192,46080
146,146,9216,46080
146,18,14336,46080
146,11,19456,46080
145,19,2048,47104
145,145,3072,47104
145,18,5120,47104
145,48,6144,47104
145,18,7168,47104
145,146,8192,47104
145,18,13312,47104
145,11,18432,47104
19,145,1024,49152
19,18,3072,49152
19,48,4096,49152
19,18,5120,49152
19,146,6144,49152
19,18,11264,49152
19,11,16384,49152
19,18,19456,49152
19,9,20480,49152
145,18,2048,50176
145,48,3072,50176
145,18,4096,50176
145,146,5120,50176
145,18,10240,50176
145,11,15360,50176
145,18,18432,50176
145,9,19456,50176
18,48,1024,52224
18,18,2048,52224
18,146,3072,52224
18,18,8192,52224
18,11,13312,52224
18,18,16384,52224
18,9,17408,52224
18,9,20480,52224
48,18,1024,53248
48,146,2048,53248
48,18,7168,53248
48,11,12288,53248
48,18,15360,53248
48,9,16384,53248
48,9,19456,53248
18,146,1024,54272
18,18,6144,54272
18,11,11264,54272
18,18,14336,54272
18,9,15360,54272
18,9,18432,54272
146,18,5120,55296
146,11,10240,55296
146,18,13312,55296
146,9,14336,55296
146,9,17408,55296
146,11,20480,55296
18,11,5120,60416
18,18,8192,60416
18,9,9216,60416
18,9,12288,60416
18,11,15360,60416
18,7,16384,60416
11,18,3072,65536
11,9,4096,65536
11,9,7168,65536
11,11,10240,65536
11,7,11264,65536
11,18,16384,65536
18,9,1024,68608
18,9,4096,68608
18,11,7168,68608
18,7,8192,68608
18,18,13312,68608
18,9,20480,68608
9,9,3072,69632
9,11,6144,69632
9,7,7168,69632
9,18,12288,69632
9,9,19456,69632
9,11,3072,72704
9,7,4096,72704
9,18,9216,72704
9,9,16384,72704
9,45,18432,72704
9,129,20480,72704
11,7,1024,75776
11,18,6144,75776
11,9,13312,75776
11,45,15360,75776
11,129,17408,75776
11,132,18432,75776
11,18,19456,75776
11,45,20480,75776
7,18,5120,76800
7,9,12288,76800
7,45,14336,76800
7,129,16384,76800
7,132,17408,76800
7,18,18432,76800
7,45,19456,76800
7,44,20480,76800
18,9,7168,81920
18,45,9216,81920
18,129,11264,81920
18,132,12288,81920
18,18,13312,81920
18,45,14336,81920
18,44,15360,81920
18,9,16384,81920
18,18,20480,81920
9,45,2048,89088
9,129,4096,89088
9,132,5120,89088
9,18,6144,89088
9,45,7168,89088
9,44,8192,89088
9,9,9216,89088
9,18,13312,89088
9,58,16384,89088
9,53,17408,89088
45,129,2048,91136
45,132,3072,91136
45,18,4096,91136
45,45,5120,91136
45,44,6144,91136
45,9,7168,91136
45,18,11264,91136
45,58,14336,91136
45,53,15360,91136
129,132,1024,93184
129,18,2048,93184
129,45,3072,93184
129,44,4096,93184
129,9,5120,93184
129,18,9216,93184
129,58,12288,93184
129,53,13312,93184
132,18,1024,94208
132,45,2048,94208
132,44,3072,94208
132,9,4096,94208
132,18,8192,94208
132,58,11264,94208
132,53,12288,94208
18,45,1024,95232
18,44,2048,95232
18,9,3072,95232
18,18,7168,95232
18,58,10240,95232
18,53,11264,95232
45,44,1024,96256
45,9,2048,96256
45,18,6144,96256
45,58,9216,96256
45,53,10240,96256
44,9,1024,97280
44,18,5120,97280
44,58,8192,97280
44,53,9216,97280
9,18,4096,98304
9,58,7168,98304
9,53,8192,98304
18,58,3072,102400
18,53,4096,102400
58,53,1024,105472
5,11,3072,142336
6,10,3072,167936
6,122,7168,167936
10,122,4096,171008
122,11,19456,175104
11,11,3072,194560
6,11,3072,220160
6,19,6144,220160
6,11,11264,220160
6,48,16384,220160
6,48,17408,220160
6,18,19456,220160
6,74,20480,220160
11,19,3072,223232
11,11,8192,223232
11,48,13312,223232
11,48,14336,223232
11,18,16384,223232
11,74,17408,223232
11,72,18432,223232
11,76,19456,223232
19,11,5120,226304
19,48,10240,226304
19,48,11264,226304
19,18,13312,226304
19,74,14336,226304
19,72,15360,226304
19,76,16384,226304
19,11,19456,226304
11,48,5120,231424
11,48,6144,231424
11,18,8192,231424
11,74,9216,231424
11,72,10240,231424
11,76,11264,231424
11,11,14336,231424
48,48,1024,236544
48,18,3072,236544
48,74,4096,236544
48,72,5120,236544
48,76,6144,236544
48,11,9216,236544
48,10,20480,236544
48,18,2048,237568
48,74,3072,237568
48,72,4096,237568
48,76,5120,237568
48,11,8192,237568
48,10,19456,237568
48,122,20480,237568
18,74,1024,239616
18,72,2048,239616
18,76,3072,239616
18,11,6144,239616
18,10,17408,239616
18,122,18432,239616
18,10,19456,239616
74,72,1024,240640
74,76,2048,240640
74,11,5120,240640
74,10,16384,240640
74,122,17408,240640
74,10,18432,240640
72,76,1024,241664
72,11,4096,241664
72,10,15360,241664
72,122,16384,241664
72,10,17408,241664
76,11,3072,242688
76,10,14336,242688
76,122,15360,242688
76,10,16384,242688
11,10,11264,245760
11,122,12288,245760
11,10,13312,245760
11,18,19456,245760
10,122,1024,257024
10,10,2048,257024
10,18,8192,257024
122,10,1024,258048
122,18,7168,258048
122,10,20480,258048
10,18,6144,259072
10,10,19456,259072
18,10,13312,265216
10,11,9216,278528
10,19,12288,278528
10,163,14336,278528
11,19,3072,287744
11,163,5120,287744
11,123,13312,287744
19,163,2048,290816
19,123,10240,290816
163,123,8192,292864
163,18,20480,292864
123,18,12288,301056
123,14,14336,301056
123,18,15360,301056
18,14,2048,313344
18,18,3072,313344
18,7,9216,313344
14,18,1024,315392
14,7,7168,315392
18,7,6144,316416
