10,18,3072,0
10,18,4096,0
10,128,5120,0
10,27,6144,0
10,18,7168,0
10,162,9216,0
10,9,10240,0
10,27,13312,0
10,18,14336,0
10,150,18432,0
18,18,1024,3072
18,128,2048,3072
18,27,3072,3072
18,18,4096,3072
18,162,6144,3072
18,9,7168,3072
18,27,10240,3072
18,18,11264,3072
18,150,15360,3072
18,76,18432,3072
18,162,19456,3072
18,71,20480,3072
18,128,1024,4096
18,27,2048,4096
18,18,3072,4096
18,162,5120,4096
18,9,6144,4096
18,27,9216,4096
18,18,10240,4096
18,150,14336,4096
18,76,17408,4096
18,162,18432,4096
18,71,19456,4096
18,16,20480,4096
128,27,1024,5120
128,18,2048,5120
128,162,4096,5120
128,9,5120,5120
128,27,8192,5120
128,18,9216,5120
128,150,13312,5120
128,76,16384,5120
128,162,17408,5120
128,71,18432,5120
128,16,19456,5120
27,18,1024,6144
27,162,3072,6144
27,9,4096,6144
27,27,7168,6144
27,18,8192,6144
27,150,12288,6144
27,76,15360,6144
27,162,16384,6144
27,71,17408,6144
27,16,18432,6144
27,29,20480,6144
18,162,2048,7168
18,9,3072,7168
18,27,6144,7168
18,18,7168,7168
18,150,11264,7168
18,76,14336,7168
18,162,15360,7168
18,71,16384,7168
18,16,17408,7168
18,29,19456,7168
162,9,1024,9216
162,27,4096,9216
162,18,5120,9216
162,150,9216,9216
162,76,12288,9216
162,162,13312,9216
162,71,14336,9216
162,16,15360,9216
162,29,17408,9216
9,27,3072,10240
9,18,4096,10240
9,150,8192,10240
9,76,11264,10240
9,162,12288,10240
9,71,13312,10240
9,16,14336,10240
9,29,16384,10240
9,10,20480,10240
27,18,1024,13312
27,150,5120,13312
27,76,8192,13312
27,162,9216,13312
27,71,10240,13312
27,16,11264,13312
27,29,13312,13312
27,10,17408,13312
27,122,18432,13312
27,121,19456,13312
27,20,20480,13312
18,150,4096,14336
18,76,7168,14336
18,162,8192,14336
18,71,9216,14336
18,16,10240,14336
18,29,12288,14336
18,10,16384,14336
18,122,17408,14336
18,121,18432,14336
18,20,19456,14336
18,10,20480,14336
150,76,3072,18432
150,162,4096,18432
150,71,5120,18432
150,16,6144,18432
150,29,8192,18432
150,10,12288,18432
150,122,13312,18432
150,121,14336,18432
150,20,15360,18432
150,10,16384,18432
150,125,17408,18432
150,10,18432,18432
150,20,19456,18432
76,162,1024,21504
76,71,2048,21504
76,16,3072,21504
76,29,5120,21504
76,10,9216,21504
76,122,10240,21504
76,121,11264,21504
76,20,12288,21504
76,10,13312,21504
76,125,14336,21504
76,10,15360,21504
76,20,16384,21504
76,20,19456,21504
162,71,1024,22528
162,16,2048,22528
162,29,4096,22528
162,10,8192,22528
162,122,9216,22528
162,121,10240,22528
162,20,11264,22528
162,10,12288,22528
162,125,13312,22528
162,10,14336,22528
162,20,15360,22528
162,20,18432,22528
162,146,20480,22528
71,16,1024,23552
71,29,3072,23552
71,10,7168,23552
71,122,8192,23552
71,121,9216,23552
71,20,10240,23552
71,10,11264,23552
71,125,12288,23552
71,10,13312,23552
71,20,14336,23552
71,20,17408,23552
71,146,19456,23552
16,29,2048,24576
16,10,6144,24576
16,122,7168,24576
16,121,8192,24576
16,20,9216,24576
16,10,10240,24576
16,125,11264,24576
16,10,12288,24576
16,20,13312,24576
16,20,16384,24576
16,146,18432,24576
16,110,20480,24576
29,10,4096,26624
29,122,5120,26624
29,121,6144,26624
29,20,7168,26624
29,10,8192,26624
29,125,9216,26624
29,10,10240,26624
29,20,11264,26624
29,20,14336,26624
29,146,16384,26624
29,110,18432,26624
29,122,19456,26624
29,107,20480,26624
10,122,1024,30720
10,121,2048,30720
10,20,3072,30720
10,10,4096,30720
10,125,5120,30720
10,10,6144,30720
10,20,7168,30720
10,20,10240,30720
10,146,12288,30720
10,110,14336,30720
10,122,15360,30720
10,107,16384,30720
10,20,17408,30720
10,21,19456,30720
122,121,1024,31744
122,20,2048,31744
122,10,3072,31744
122,125,4096,31744
122,10,5120,31744
122,20,6144,31744
122,20,9216,31744
122,146,11264,31744
122,110,13312,31744
122,122,14336,31744
122,107,15360,31744
122,20,16384,31744
122,21,18432,31744
122,20,19456,31744
121,20,1024,32768
121,10,2048,32768
121,125,3072,32768
121,10,4096,32768
121,20,5120,32768
121,20,8192,32768
121,146,10240,32768
121,110,12288,32768
121,122,13312,32768
121,107,14336,32768
121,20,15360,32768
121,21,17408,32768
121,20,18432,32768
20,10,1024,33792
20,125,2048,33792
20,10,3072,33792
20,20,4096,33792
20,20,7168,33792
20,146,9216,33792
20,110,11264,33792
20,122,12288,33792
20,107,13312,33792
20,20,14336,33792
20,21,16384,33792
20,20,17408,33792
20,20,20480,33792
10,125,1024,34816
10,10,2048,34816
10,20,3072,34816
10,20,6144,34816
10,146,8192,34816
10,110,10240,34816
10,122,11264,34816
10,107,12288,34816
10,20,13312,34816
10,21,15360,34816
10,20,16384,34816
10,20,19456,34816
10,101,20480,34816
125,10,1024,35840
125,20,2048,35840
125,20,5120,35840
125,146,7168,35840
125,110,9216,35840
125,122,10240,35840
125,107,11264,35840
125,20,12288,35840
125,21,14336,35840
125,20,15360,35840
125,20,18432,35840
125,101,19456,35840
10,20,1024,36864
10,20,4096,36864
10,146,6144,36864
10,110,8192,36864
10,122,9216,36864
10,107,10240,36864
10,20,11264,36864
10,21,13312,36864
10,20,14336,36864
10,20,17408,36864
10,101,18432,36864
10,124,20480,36864
20,20,3072,37888
20,146,5120,37888
20,110,7168,37888
20,122,8192,37888
20,107,9216,37888
20,20,10240,37888
20,21,12288,37888
20,20,13312,37888
20,20,16384,37888
20,101,17408,37888
20,124,19456,37888
20,146,2048,40960
20,110,4096,40960
20,122,5120,40960
20,107,6144,40960
20,20,7168,40960
20,21,9216,40960
20,20,10240,40960
20,20,13312,40960
20,101,14336,40960
20,124,16384,40960
20,127,19456,40960
146,110,2048,43008
146,122,3072,43008
146,107,4096,43008
146,20,5120,43008
146,21,7168,43008
146,20,8192,43008
146,20,11264,43008
146,101,12288,43008
146,124,14336,43008
146,127,17408,43008
146,108,19456,43008
110,122,1024,45056
110,107,2048,45056
110,20,3072,45056
110,21,5120,45056
110,20,6144,45056
110,20,9216,45056
110,101,10240,45056
110,124,12288,45056
110,127,15360,45056
110,108,17408,45056
122,107,1024,46080
122,20,2048,46080
122,21,4096,46080
122,20,5120,46080
122,20,8192,46080
122,101,9216,46080
122,124,11264,46080
122,127,14336,46080
122,108,16384,46080
107,20,1024,47104
107,21,3072,47104
107,20,4096,47104
107,20,7168,47104
107,101,8192,47104
107,124,10240,47104
107,127,13312,47104
107,108,15360,47104
107,48,20480,47104
20,21,2048,48128
20,20,3072,48128
20,20,6144,48128
20,101,7168,48128
20,124,9216,48128
20,127,12288,48128
20,108,14336,48128
20,48,19456,48128
21,20,1024,50176
21,20,4096,50176
21,101,5120,50176
21,124,7168,50176
21,127,10240,50176
21,108,12288,50176
21,48,17408,50176
21,162,19456,50176
21,16,20480,50176
20,20,3072,51200
20,101,4096,51200
20,124,6144,51200
20,127,9216,51200
20,108,11264,51200
20,48,16384,51200
20,162,18432,51200
20,16,19456,51200
20,61,20480,51200
20,101,1024,54272
20,124,3072,54272
20,127,6144,54272
20,108,8192,54272
20,48,13312,54272
20,162,15360,54272
20,16,16384,54272
20,61,17408,54272
20,143,18432,54272
20,29,19456,54272
101,124,2048,55296
101,127,5120,55296
101,108,7168,55296
101,48,12288,55296
101,162,14336,55296
101,16,15360,55296
101,61,16384,55296
101,143,17408,55296
101,29,18432,55296
124,127,3072,57344
124,108,5120,57344
124,48,10240,57344
124,162,12288,57344
124,16,13312,57344
124,61,14336,57344
124,143,15360,57344
124,29,16384,57344
127,108,2048,60416
127,48,7168,60416
127,162,9216,60416
127,16,10240,60416
127,61,11264,60416
127,143,12288,60416
127,29,13312,60416
127,20,18432,60416
127,72,20480,60416
108,48,5120,62464
108,162,7168,62464
108,16,8192,62464
108,61,9216,62464
108,143,10240,62464
108,29,11264,62464
108,20,16384,62464
108,72,18432,62464
108,210,19456,62464
108,162,20480,62464
48,162,2048,67584
48,16,3072,67584
48,61,4096,67584
48,143,5120,67584
48,29,6144,67584
48,20,11264,67584
48,72,13312,67584
48,210,14336,67584
48,162,15360,67584
48,25,16384,67584
48,162,17408,67584
48,222,18432,67584
48,16,19456,67584
162,16,1024,69632
162,61,2048,69632
162,143,3072,69632
162,29,4096,69632
162,20,9216,69632
162,72,11264,69632
162,210,12288,69632
162,162,13312,69632
162,25,14336,69632
162,162,15360,69632
162,222,16384,69632
162,16,17408,69632
16,61,1024,70656
16,143,2048,70656
16,29,3072,70656
16,20,8192,70656
16,72,10240,70656
16,210,11264,70656
16,162,12288,70656
16,25,13312,70656
16,162,14336,70656
16,222,15360,70656
16,16,16384,70656
61,143,1024,71680
61,29,2048,71680
61,20,7168,71680
61,72,9216,71680
61,210,10240,71680
61,162,11264,71680
61,25,12288,71680
61,162,13312,71680
61,222,14336,71680
61,16,15360,71680
61,49,20480,71680
143,29,1024,72704
143,20,6144,72704
143,72,8192,72704
143,210,9216,72704
143,162,10240,72704
143,25,11264,72704
143,162,12288,72704
143,222,13312,72704
143,16,14336,72704
143,49,19456,72704
143,49,20480,72704
29,20,5120,73728
29,72,7168,73728
29,210,8192,73728
29,162,9216,73728
29,25,10240,73728
29,162,11264,73728
29,222,12288,73728
29,16,13312,73728
29,49,18432,73728
29,49,19456,73728
20,72,2048,78848
20,210,3072,78848
20,162,4096,78848
20,25,5120,78848
20,162,6144,78848
20,222,7168,78848
20,16,8192,78848
20,49,13312,78848
20,49,14336,78848
20,82,16384,78848
20,182,19456,78848
20,192,20480,78848
72,210,1024,80896
72,162,2048,80896
72,25,3072,80896
72,162,4096,80896
72,222,5120,80896
72,16,6144,80896
72,49,11264,80896
72,49,12288,80896
72,82,14336,80896
72,182,17408,80896
72,192,18432,80896
210,162,1024,81920
210,25,2048,81920
210,162,3072,81920
210,222,4096,81920
210,16,5120,81920
210,49,10240,81920
210,49,11264,81920
210,82,13312,81920
210,182,16384,81920
210,192,17408,81920
162,25,1024,82944
162,162,2048,82944
162,222,3072,82944
162,16,4096,82944
162,49,9216,82944
162,49,10240,82944
162,82,12288,82944
162,182,15360,82944
162,192,16384,82944
162,161,20480,82944
25,162,1024,83968
25,222,2048,83968
25,16,3072,83968
25,49,8192,83968
25,49,9216,83968
25,82,11264,83968
25,182,14336,83968
25,192,15360,83968
25,161,19456,83968
25,162,20480,83968
162,222,1024,84992
162,16,2048,84992
162,49,7168,84992
162,49,8192,84992
162,82,10240,84992
162,182,13312,84992
162,192,14336,84992
162,161,18432,84992
162,162,19456,84992
162,147,20480,84992
222,16,1024,86016
222,49,6144,86016
222,49,7168,86016
222,82,9216,86016
222,182,12288,86016
222,192,13312,86016
222,161,17408,86016
222,162,18432,86016
222,147,19456,86016
16,49,5120,87040
16,49,6144,87040
16,82,8192,87040
16,182,11264,87040
16,192,12288,87040
16,161,16384,87040
16,162,17408,87040
16,147,18432,87040
49,49,1024,92160
49,82,3072,92160
49,182,6144,92160
49,192,7168,92160
49,161,11264,92160
49,162,12288,92160
49,147,13312,92160
49,73,17408,92160
49,71,18432,92160
49,82,19456,92160
49,83,20480,92160
49,82,2048,93184
49,182,5120,93184
49,192,6144,93184
49,161,10240,93184
49,162,11264,93184
49,147,12288,93184
49,73,16384,93184
49,71,17408,93184
49,82,18432,93184
49,83,19456,93184
49,16,20480,93184
82,182,3072,95232
82,192,4096,95232
82,161,8192,95232
82,162,9216,95232
82,147,10240,95232
82,73,14336,95232
82,71,15360,95232
82,82,16384,95232
82,83,17408,95232
82,16,18432,95232
82,162,19456,95232
182,192,1024,98304
182,161,5120,98304
182,162,6144,98304
182,147,7168,98304
182,73,11264,98304
182,71,12288,98304
182,82,13312,98304
182,83,14336,98304
182,16,15360,98304
182,162,16384,98304
182,137,19456,98304
192,161,4096,99328
192,162,5120,99328
192,147,6144,99328
192,73,10240,99328
192,71,11264,99328
192,82,12288,99328
192,83,13312,99328
192,16,14336,99328
192,162,15360,99328
192,137,18432,99328
161,162,1024,103424
161,147,2048,103424
161,73,6144,103424
161,71,7168,103424
161,82,8192,103424
161,83,9216,103424
161,16,10240,103424
161,162,11264,103424
161,137,14336,103424
161,82,17408,103424
161,196,18432,103424
161,162,19456,103424
161,16,20480,103424
162,147,1024,104448
162,73,5120,104448
162,71,6144,104448
162,82,7168,104448
162,83,8192,104448
162,16,9216,104448
162,162,10240,104448
162,137,13312,104448
162,82,16384,104448
162,196,17408,104448
162,162,18432,104448
162,16,19456,104448
162,182,20480,104448
147,73,4096,105472
147,71,5120,105472
147,82,6144,105472
147,83,7168,105472
147,16,8192,105472
147,162,9216,105472
147,137,12288,105472
147,82,15360,105472
147,196,16384,105472
147,162,17408,105472
147,16,18432,105472
147,182,19456,105472
147,16,20480,105472
73,71,1024,109568
73,82,2048,109568
73,83,3072,109568
73,16,4096,109568
73,162,5120,109568
73,137,8192,109568
73,82,11264,109568
73,196,12288,109568
73,162,13312,109568
73,16,14336,109568
73,182,15360,109568
73,16,16384,109568
73,92,17408,109568
73,164,20480,109568
71,82,1024,110592
71,83,2048,110592
71,16,3072,110592
71,162,4096,110592
71,137,7168,110592
71,82,10240,110592
71,196,11264,110592
71,162,12288,110592
71,16,13312,110592
71,182,14336,110592
71,16,15360,110592
71,92,16384,110592
71,164,19456,110592
71,162,20480,110592
82,83,1024,111616
82,16,2048,111616
82,162,3072,111616
82,137,6144,111616
82,82,9216,111616
82,196,10240,111616
82,162,11264,111616
82,16,12288,111616
82,182,13312,111616
82,16,14336,111616
82,92,15360,111616
82,164,18432,111616
82,162,19456,111616
83,16,1024,112640
83,162,2048,112640
83,137,5120,112640
83,82,8192,112640
83,196,9216,112640
83,162,10240,112640
83,16,11264,112640
83,182,12288,112640
83,16,13312,112640
83,92,14336,112640
83,164,17408,112640
83,162,18432,112640
16,162,1024,113664
16,137,4096,113664
16,82,7168,113664
16,196,8192,113664
16,162,9216,113664
16,16,10240,113664
16,182,11264,113664
16,16,12288,113664
16,92,13312,113664
16,164,16384,113664
16,162,17408,113664
162,137,3072,114688
162,82,6144,114688
162,196,7168,114688
162,162,8192,114688
162,16,9216,114688
162,182,10240,114688
162,16,11264,114688
162,92,12288,114688
162,164,15360,114688
162,162,16384,114688
137,82,3072,117760
137,196,4096,117760
137,162,5120,117760
137,16,6144,117760
137,182,7168,117760
137,16,8192,117760
137,92,9216,117760
137,164,12288,117760
137,162,13312,117760
137,219,19456,117760
82,196,1024,120832
82,162,2048,120832
82,16,3072,120832
82,182,4096,120832
82,16,5120,120832
82,92,6144,120832
82,164,9216,120832
82,162,10240,120832
82,219,16384,120832
82,16,18432,120832
82,16,19456,120832
82,29,20480,120832
196,162,1024,121856
196,16,2048,121856
196,182,3072,121856
196,16,4096,121856
196,92,5120,121856
196,164,8192,121856
196,162,9216,121856
196,219,15360,121856
196,16,17408,121856
196,16,18432,121856
196,29,19456,121856
162,16,1024,122880
162,182,2048,122880
162,16,3072,122880
162,92,4096,122880
162,164,7168,122880
162,162,8192,122880
162,219,14336,122880
162,16,16384,122880
162,16,17408,122880
162,29,18432,122880
16,182,1024,123904
16,16,2048,123904
16,92,3072,123904
16,164,6144,123904
16,162,7168,123904
16,219,13312,123904
16,16,15360,123904
16,16,16384,123904
16,29,17408,123904
16,196,20480,123904
182,16,1024,124928
182,92,2048,124928
182,164,5120,124928
182,162,6144,124928
182,219,12288,124928
182,16,14336,124928
182,16,15360,124928
182,29,16384,124928
182,196,19456,124928
182,163,20480,124928
16,92,1024,125952
16,164,4096,125952
16,162,5120,125952
16,219,11264,125952
16,16,13312,125952
16,16,14336,125952
16,29,15360,125952
16,196,18432,125952
16,163,19456,125952
16,16,20480,125952
92,164,3072,126976
92,162,4096,126976
92,219,10240,126976
92,16,12288,126976
92,16,13312,126976
92,29,14336,126976
92,196,17408,126976
92,163,18432,126976
92,16,19456,126976
92,142,20480,126976
164,162,1024,130048
164,219,7168,130048
164,16,9216,130048
164,16,10240,130048
164,29,11264,130048
164,196,14336,130048
164,163,15360,130048
164,16,16384,130048
164,142,17408,130048
164,16,18432,130048
164,162,20480,130048
162,219,6144,131072
162,16,8192,131072
162,16,9216,131072
162,29,10240,131072
162,196,13312,131072
162,163,14336,131072
162,16,15360,131072
162,142,16384,131072
162,16,17408,131072
162,162,19456,131072
162,149,20480,131072
219,16,2048,137216
219,16,3072,137216
219,29,4096,137216
219,196,7168,137216
219,163,8192,137216
219,16,9216,137216
219,142,10240,137216
219,16,11264,137216
219,162,13312,137216
219,149,14336,137216
219,165,15360,137216
219,167,16384,137216
219,164,17408,137216
219,163,18432,137216
16,16,1024,139264
16,29,2048,139264
16,196,5120,139264
16,163,6144,139264
16,16,7168,139264
16,142,8192,139264
16,16,9216,139264
16,162,11264,139264
16,149,12288,139264
16,165,13312,139264
16,167,14336,139264
16,164,15360,139264
16,163,16384,139264
16,166,17408,139264
16,29,1024,140288
16,196,4096,140288
16,163,5120,140288
16,16,6144,140288
16,142,7168,140288
16,16,8192,140288
16,162,10240,140288
16,149,11264,140288
16,165,12288,140288
16,167,13312,140288
16,164,14336,140288
16,163,15360,140288
16,166,16384,140288
29,196,3072,141312
29,163,4096,141312
29,16,5120,141312
29,142,6144,141312
29,16,7168,141312
29,162,9216,141312
29,149,10240,141312
29,165,11264,141312
29,167,12288,141312
29,164,13312,141312
29,163,14336,141312
29,166,15360,141312
29,18,20480,141312
196,163,1024,144384
196,16,2048,144384
196,142,3072,144384
196,16,4096,144384
196,162,6144,144384
196,149,7168,144384
196,165,8192,144384
196,167,9216,144384
196,164,10240,144384
196,163,11264,144384
196,166,12288,144384
196,18,17408,144384
196,18,18432,144384
163,16,1024,145408
163,142,2048,145408
163,16,3072,145408
163,162,5120,145408
163,149,6144,145408
163,165,7168,145408
163,167,8192,145408
163,164,9216,145408
163,163,10240,145408
163,166,11264,145408
163,18,16384,145408
163,18,17408,145408
16,142,1024,146432
16,16,2048,146432
16,162,4096,146432
16,149,5120,146432
16,165,6144,146432
16,167,7168,146432
16,164,8192,146432
16,163,9216,146432
16,166,10240,146432
16,18,15360,146432
16,18,16384,146432
142,16,1024,147456
142,162,3072,147456
142,149,4096,147456
142,165,5120,147456
142,167,6144,147456
142,164,7168,147456
142,163,8192,147456
142,166,9216,147456
142,18,14336,147456
142,18,15360,147456
16,162,2048,148480
16,149,3072,148480
16,165,4096,148480
16,167,5120,148480
16,164,6144,148480
16,163,7168,148480
16,166,8192,148480
16,18,13312,148480
16,18,14336,148480
162,149,1024,150528
162,165,2048,150528
162,167,3072,150528
162,164,4096,150528
162,163,5120,150528
162,166,6144,150528
162,18,11264,150528
162,18,12288,150528
149,165,1024,151552
149,167,2048,151552
149,164,3072,151552
149,163,4096,151552
149,166,5120,151552
149,18,10240,151552
149,18,11264,151552
165,167,1024,152576
165,164,2048,152576
165,163,3072,152576
165,166,4096,152576
165,18,9216,152576
165,18,10240,152576
167,164,1024,153600
167,163,2048,153600
167,166,3072,153600
167,18,8192,153600
167,18,9216,153600
164,163,1024,154624
164,166,2048,154624
164,18,7168,154624
164,18,8192,154624
163,166,1024,155648
163,18,6144,155648
163,18,7168,155648
166,18,5120,156672
166,18,6144,156672
18,18,1024,161792
