5,4,1024,0
5,4,2048,0
5,4,3072,0
5,4,4096,0
5,4,5120,0
5,13,6144,0
5,4,7168,0
5,4,8192,0
5,5,9216,0
5,13,10240,0
5,13,11264,0
5,13,12288,0
5,13,13312,0
5,7,14336,0
4,4,1024,1024
4,4,2048,1024
4,4,3072,1024
4,4,4096,1024
4,13,5120,1024
4,4,6144,1024
4,4,7168,1024
4,5,8192,1024
4,13,9216,1024
4,13,10240,1024
4,13,11264,1024
4,13,12288,1024
4,7,13312,1024
4,13,14336,1024
4,4,1024,2048
4,4,2048,2048
4,4,3072,2048
4,13,4096,2048
4,4,5120,2048
4,4,6144,2048
4,5,7168,2048
4,13,8192,2048
4,13,9216,2048
4,13,10240,2048
4,13,11264,2048
4,7,12288,2048
4,13,13312,2048
4,13,14336,2048
4,4,1024,3072
4,4,2048,3072
4,13,3072,3072
4,4,4096,3072
4,4,5120,3072
4,5,6144,3072
4,13,7168,3072
4,13,8192,3072
4,13,9216,3072
4,13,10240,3072
4,7,11264,3072
4,13,12288,3072
4,13,13312,3072
4,13,14336,3072
4,4,1024,4096
4,13,2048,4096
4,4,3072,4096
4,4,4096,4096
4,5,5120,4096
4,13,6144,4096
4,13,7168,4096
4,13,8192,4096
4,13,9216,4096
4,7,10240,4096
4,13,11264,4096
4,13,12288,4096
4,13,13312,4096
4,7,15360,4096
4,13,1024,5120
4,4,2048,5120
4,4,3072,5120
4,5,4096,5120
4,13,5120,5120
4,13,6144,5120
4,13,7168,5120
4,13,8192,5120
4,7,9216,5120
4,13,10240,5120
4,13,11264,5120
4,13,12288,5120
4,7,14336,5120
4,4,15360,5120
13,4,1024,6144
13,4,2048,6144
13,5,3072,6144
13,13,4096,6144
13,13,5120,6144
13,13,6144,6144
13,13,7168,6144
13,7,8192,6144
13,13,9216,6144
13,13,10240,6144
13,13,11264,6144
13,7,13312,6144
13,4,14336,6144
13,4,19456,6144
4,4,1024,7168
4,5,2048,7168
4,13,3072,7168
4,13,4096,7168
4,13,5120,7168
4,13,6144,7168
4,7,7168,7168
4,13,8192,7168
4,13,9216,7168
4,13,10240,7168
4,7,12288,7168
4,4,13312,7168
4,4,18432,7168
4,5,1024,8192
4,13,2048,8192
4,13,3072,8192
4,13,4096,8192
4,13,5120,8192
4,7,6144,8192
4,13,7168,8192
4,13,8192,8192
4,13,9216,8192
4,7,11264,8192
4,4,12288,8192
4,4,17408,8192
5,13,1024,9216
5,13,2048,9216
5,13,3072,9216
5,13,4096,9216
5,7,5120,9216
5,13,6144,9216
5,13,7168,9216
5,13,8192,9216
5,7,10240,9216
5,4,11264,9216
5,4,16384,9216
13,13,1024,10240
13,13,2048,10240
13,13,3072,10240
13,7,4096,10240
13,13,5120,10240
13,13,6144,10240
13,13,7168,10240
13,7,9216,10240
13,4,10240,10240
13,4,15360,10240
13,4,20480,10240
13,13,1024,11264
13,13,2048,11264
13,7,3072,11264
13,13,4096,11264
13,13,5120,11264
13,13,6144,11264
13,7,8192,11264
13,4,9216,11264
13,4,14336,11264
13,4,19456,11264
13,13,1024,12288
13,7,2048,12288
13,13,3072,12288
13,13,4096,12288
13,13,5120,12288
13,7,7168,12288
13,4,8192,12288
13,4,13312,12288
13,4,18432,12288
13,7,1024,13312
13,13,2048,13312
13,13,3072,13312
13,13,4096,13312
13,7,6144,13312
13,4,7168,13312
13,4,12288,13312
13,4,17408,13312
7,13,1024,14336
7,13,2048,14336
7,13,3072,14336
7,7,5120,14336
7,4,6144,14336
7,4,11264,14336
7,4,16384,14336
13,13,1024,15360
13,13,2048,15360
13,7,4096,15360
13,4,5120,15360
13,4,10240,15360
13,4,15360,15360
13,4,20480,15360
13,13,1024,16384
13,7,3072,16384
13,4,4096,16384
13,4,9216,16384
13,4,14336,16384
13,4,19456,16384
13,7,2048,17408
13,4,3072,17408
13,4,8192,17408
13,4,13312,17408
13,4,18432,17408
7,4,1024,19456
7,4,6144,19456
7,4,11264,19456
7,4,16384,19456
4,4,5120,20480
4,4,10240,20480
4,4,15360,20480
4,4,20480,20480
4,4,5120,25600
4,4,10240,25600
4,4,15360,25600
4,13,17408,25600
4,13,18432,25600
4,5,20480,25600
4,4,5120,30720
4,4,10240,30720
4,13,12288,30720
4,13,13312,30720
4,5,15360,30720
4,4,20480,30720
4,4,5120,35840
4,13,7168,35840
4,13,8192,35840
4,5,10240,35840
4,4,15360,35840
4,4,16384,35840
4,21,17408,35840
4,20,18432,35840
4,19,19456,35840
4,19,20480,35840
4,13,2048,40960
4,13,3072,40960
4,5,5120,40960
4,4,10240,40960
4,4,11264,40960
4,21,12288,40960
4,20,13312,40960
4,19,14336,40960
4,19,15360,40960
13,13,1024,43008
13,5,3072,43008
13,4,8192,43008
13,4,9216,43008
13,21,10240,43008
13,20,11264,43008
13,19,12288,43008
13,19,13312,43008
13,4,19456,43008
13,5,2048,44032
13,4,7168,44032
13,4,8192,44032
13,21,9216,44032
13,20,10240,44032
13,19,11264,44032
13,19,12288,44032
13,4,18432,44032
5,4,5120,46080
5,4,6144,46080
5,21,7168,46080
5,20,8192,46080
5,19,9216,46080
5,19,10240,46080
5,4,16384,46080
4,4,1024,51200
4,21,2048,51200
4,20,3072,51200
4,19,4096,51200
4,19,5120,51200
4,4,11264,51200
4,4,16384,51200
4,21,1024,52224
4,20,2048,52224
4,19,3072,52224
4,19,4096,52224
4,4,10240,52224
4,4,15360,52224
4,4,20480,52224
21,20,1024,53248
21,19,2048,53248
21,19,3072,53248
21,4,9216,53248
21,4,14336,53248
21,4,19456,53248
20,19,1024,54272
20,19,2048,54272
20,4,8192,54272
20,4,13312,54272
20,4,18432,54272
19,19,1024,55296
19,4,7168,55296
19,4,12288,55296
19,4,17408,55296
19,4,6144,56320
19,4,11264,56320
19,4,16384,56320
4,4,5120,62464
4,4,10240,62464
4,4,15360,62464
4,5,20480,62464
4,4,5120,67584
4,4,10240,67584
4,5,15360,67584
4,5,20480,67584
4,4,5120,72704
4,5,10240,72704
4,5,15360,72704
4,5,5120,77824
4,5,10240,77824
4,4,16384,77824
5,5,5120,82944
5,4,11264,82944
5,4,16384,82944
5,4,6144,88064
5,4,11264,88064
5,4,16384,88064
4,4,5120,94208
4,4,10240,94208
4,4,15360,94208
4,5,20480,94208
4,4,5120,99328
4,4,10240,99328
4,5,15360,99328
4,4,5120,104448
4,5,10240,104448
4,4,16384,104448
4,5,5120,109568
4,4,11264,109568
4,4,16384,109568
5,4,6144,114688
5,4,11264,114688
5,4,16384,114688
4,4,5120,120832
4,4,10240,120832
4,5,15360,120832
4,5,20480,120832
4,4,5120,125952
4,5,10240,125952
4,5,15360,125952
4,5,5120,131072
4,5,10240,131072
5,5,5120,136192
5,4,16384,136192
5,4,11264,141312
5,4,16384,141312
4,4,5120,152576
4,5,10240,152576
4,5,15360,152576
4,5,5120,157696
4,5,10240,157696
5,5,5120,162816
5,4,16384,162816
5,4,11264,167936
5,4,16384,167936
5,3,19456,167936
5,3,20480,167936
4,4,5120,179200
4,3,8192,179200
4,3,9216,179200
4,4,10240,179200
4,3,11264,179200
4,5,15360,179200
4,5,20480,179200
4,3,3072,184320
4,3,4096,184320
4,4,5120,184320
4,3,6144,184320
4,5,10240,184320
4,5,15360,184320
3,3,1024,187392
3,4,2048,187392
3,3,3072,187392
3,5,7168,187392
3,5,12288,187392
3,4,18432,187392
3,4,1024,188416
3,3,2048,188416
3,5,6144,188416
3,5,11264,188416
3,4,17408,188416
3,3,20480,188416
4,3,1024,189440
4,5,5120,189440
4,5,10240,189440
4,4,16384,189440
4,3,19456,189440
3,5,4096,190464
3,5,9216,190464
3,4,15360,190464
3,3,18432,190464
3,4,20480,190464
5,5,5120,194560
5,4,11264,194560
5,3,14336,194560
5,4,16384,194560
5,3,17408,194560
5,3,18432,194560
5,4,6144,199680
5,3,9216,199680
5,4,11264,199680
5,3,12288,199680
5,3,13312,199680
5,4,16384,199680
4,3,3072,205824
4,4,5120,205824
4,3,6144,205824
4,3,7168,205824
4,4,10240,205824
4,5,15360,205824
3,4,2048,208896
3,3,3072,208896
3,3,4096,208896
3,4,7168,208896
3,5,12288,208896
4,3,1024,210944
4,3,2048,210944
4,4,5120,210944
4,5,10240,210944
3,3,1024,211968
3,4,4096,211968
3,5,9216,211968
3,4,20480,211968
3,4,3072,212992
3,5,8192,212992
3,4,19456,212992
4,5,5120,216064
4,4,16384,216064
5,4,11264,221184
5,4,16384,221184
4,4,5120,232448
4,4,10240,232448
4,39,11264,232448
4,43,13312,232448
4,5,15360,232448
4,5,20480,232448
4,4,5120,237568
4,39,6144,237568
4,43,8192,237568
4,5,10240,237568
4,5,15360,237568
4,39,1024,242688
4,43,3072,242688
4,5,5120,242688
4,5,10240,242688
4,4,16384,242688
39,43,2048,243712
39,5,4096,243712
39,5,9216,243712
39,4,15360,243712
39,4,20480,243712
43,5,2048,245760
43,5,7168,245760
43,4,13312,245760
43,4,18432,245760
5,5,5120,247808
5,4,11264,247808
5,4,16384,247808
5,4,6144,252928
5,4,11264,252928
5,5,16384,252928
4,4,5120,259072
4,5,10240,259072
4,5,15360,259072
4,3,16384,259072
4,3,17408,259072
4,5,5120,264192
4,5,10240,264192
4,3,11264,264192
4,3,12288,264192
5,5,5120,269312
5,3,6144,269312
5,3,7168,269312
5,4,16384,269312
5,3,1024,274432
5,3,2048,274432
5,4,11264,274432
5,4,16384,274432
3,3,1024,275456
3,4,10240,275456
3,4,15360,275456
3,5,20480,275456
3,4,9216,276480
3,4,14336,276480
3,5,19456,276480
4,4,5120,285696
4,5,10240,285696
4,5,15360,285696
4,5,5120,290816
4,5,10240,290816
4,5,16384,290816
4,5,17408,290816
4,5,18432,290816
5,5,5120,295936
5,5,11264,295936
5,5,12288,295936
5,5,13312,295936
5,4,16384,295936
5,5,6144,301056
5,5,7168,301056
5,5,8192,301056
5,4,11264,301056
5,4,16384,301056
5,5,1024,307200
5,5,2048,307200
5,4,5120,307200
5,4,10240,307200
5,4,15360,307200
5,4,18432,307200
5,4,19456,307200
5,5,20480,307200
5,5,1024,308224
5,4,4096,308224
5,4,9216,308224
5,4,14336,308224
5,4,17408,308224
5,4,18432,308224
5,5,19456,308224
5,4,3072,309248
5,4,8192,309248
5,4,13312,309248
5,4,16384,309248
5,4,17408,309248
5,5,18432,309248
4,4,5120,312320
4,4,10240,312320
4,4,13312,312320
4,4,14336,312320
4,5,15360,312320
4,4,5120,317440
4,4,8192,317440
4,4,9216,317440
4,5,10240,317440
4,4,3072,322560
4,4,4096,322560
4,5,5120,322560
4,4,1024,325632
4,5,2048,325632
4,5,1024,326656
