105,58,1024,1024
105,29,3072,1024
105,55,4096,1024
105,116,6144,1024
105,116,7168,1024
105,114,8192,1024
105,134,10240,1024
105,135,11264,1024
105,137,12288,1024
105,133,14336,1024
105,266,15360,1024
105,124,17408,1024
105,163,18432,1024
105,153,19456,1024
58,29,2048,2048
58,55,3072,2048
58,116,5120,2048
58,116,6144,2048
58,114,7168,2048
58,134,9216,2048
58,135,10240,2048
58,137,11264,2048
58,133,13312,2048
58,266,14336,2048
58,124,16384,2048
58,163,17408,2048
58,153,18432,2048
58,57,20480,2048
29,55,1024,4096
29,116,3072,4096
29,116,4096,4096
29,114,5120,4096
29,134,7168,4096
29,135,8192,4096
29,137,9216,4096
29,133,11264,4096
29,266,12288,4096
29,124,14336,4096
29,163,15360,4096
29,153,16384,4096
29,57,18432,4096
29,77,19456,4096
55,116,2048,5120
55,116,3072,5120
55,114,4096,5120
55,134,6144,5120
55,135,7168,5120
55,137,8192,5120
55,133,10240,5120
55,266,11264,5120
55,124,13312,5120
55,163,14336,5120
55,153,15360,5120
55,57,17408,5120
55,77,18432,5120
55,97,20480,5120
116,116,1024,7168
116,114,2048,7168
116,134,4096,7168
116,135,5120,7168
116,137,6144,7168
116,133,8192,7168
116,266,9216,7168
116,124,11264,7168
116,163,12288,7168
116,153,13312,7168
116,57,15360,7168
116,77,16384,7168
116,97,18432,7168
116,84,20480,7168
116,114,1024,8192
116,134,3072,8192
116,135,4096,8192
116,137,5120,8192
116,133,7168,8192
116,266,8192,8192
116,124,10240,8192
116,163,11264,8192
116,153,12288,8192
116,57,14336,8192
116,77,15360,8192
116,97,17408,8192
116,84,19456,8192
116,115,20480,8192
114,134,2048,9216
114,135,3072,9216
114,137,4096,9216
114,133,6144,9216
114,266,7168,9216
114,124,9216,9216
114,163,10240,9216
114,153,11264,9216
114,57,13312,9216
114,77,14336,9216
114,97,16384,9216
114,84,18432,9216
114,115,19456,9216
134,135,1024,11264
134,137,2048,11264
134,133,4096,11264
134,266,5120,11264
134,124,7168,11264
134,163,8192,11264
134,153,9216,11264
134,57,11264,11264
134,77,12288,11264
134,97,14336,11264
134,84,16384,11264
134,115,17408,11264
135,137,1024,12288
135,133,3072,12288
135,266,4096,12288
135,124,6144,12288
135,163,7168,12288
135,153,8192,12288
135,57,10240,12288
135,77,11264,12288
135,97,13312,12288
135,84,15360,12288
135,115,16384,12288
135,29,20480,12288
137,133,2048,13312
137,266,3072,13312
137,124,5120,13312
137,163,6144,13312
137,153,7168,13312
137,57,9216,13312
137,77,10240,13312
137,97,12288,13312
137,84,14336,13312
137,115,15360,13312
137,29,19456,13312
137,76,20480,13312
133,266,1024,15360
133,124,3072,15360
133,163,4096,15360
133,153,5120,15360
133,57,7168,15360
133,77,8192,15360
133,97,10240,15360
133,84,12288,15360
133,115,13312,15360
133,29,17408,15360
133,76,18432,15360
133,29,19456,15360
133,29,20480,15360
266,124,2048,16384
266,163,3072,16384
266,153,4096,16384
266,57,6144,16384
266,77,7168,16384
266,97,9216,16384
266,84,11264,16384
266,115,12288,16384
266,29,16384,16384
266,76,17408,16384
266,29,18432,16384
266,29,19456,16384
124,163,1024,18432
124,153,2048,18432
124,57,4096,18432
124,77,5120,18432
124,97,7168,18432
124,84,9216,18432
124,115,10240,18432
124,29,14336,18432
124,76,15360,18432
124,29,16384,18432
124,29,17408,18432
124,29,19456,18432
163,153,1024,19456
163,57,3072,19456
163,77,4096,19456
163,97,6144,19456
163,84,8192,19456
163,115,9216,19456
163,29,13312,19456
163,76,14336,19456
163,29,15360,19456
163,29,16384,19456
163,29,18432,19456
153,57,2048,20480
153,77,3072,20480
153,97,5120,20480
153,84,7168,20480
153,115,8192,20480
153,29,12288,20480
153,76,13312,20480
153,29,14336,20480
153,29,15360,20480
153,29,17408,20480
153,29,20480,20480
57,77,1024,22528
57,97,3072,22528
57,84,5120,22528
57,115,6144,22528
57,29,10240,22528
57,76,11264,22528
57,29,12288,22528
57,29,13312,22528
57,29,15360,22528
57,29,18432,22528
57,58,20480,22528
77,97,2048,23552
77,84,4096,23552
77,115,5120,23552
77,29,9216,23552
77,76,10240,23552
77,29,11264,23552
77,29,12288,23552
77,29,14336,23552
77,29,17408,23552
77,58,19456,23552
77,29,20480,23552
97,84,2048,25600
97,115,3072,25600
97,29,7168,25600
97,76,8192,25600
97,29,9216,25600
97,29,10240,25600
97,29,12288,25600
97,29,15360,25600
97,58,17408,25600
97,29,18432,25600
97,14,20480,25600
84,115,1024,27648
84,29,5120,27648
84,76,6144,27648
84,29,7168,27648
84,29,8192,27648
84,29,10240,27648
84,29,13312,27648
84,58,15360,27648
84,29,16384,27648
84,14,18432,27648
84,58,19456,27648
84,14,20480,27648
115,29,4096,28672
115,76,5120,28672
115,29,6144,28672
115,29,7168,28672
115,29,9216,28672
115,29,12288,28672
115,58,14336,28672
115,29,15360,28672
115,14,17408,28672
115,58,18432,28672
115,14,19456,28672
115,14,20480,28672
29,76,1024,32768
29,29,2048,32768
29,29,3072,32768
29,29,5120,32768
29,29,8192,32768
29,58,10240,32768
29,29,11264,32768
29,14,13312,32768
29,58,14336,32768
29,14,15360,32768
29,14,16384,32768
29,14,17408,32768
29,29,19456,32768
29,58,20480,32768
76,29,1024,33792
76,29,2048,33792
76,29,4096,33792
76,29,7168,33792
76,58,9216,33792
76,29,10240,33792
76,14,12288,33792
76,58,13312,33792
76,14,14336,33792
76,14,15360,33792
76,14,16384,33792
76,29,18432,33792
76,58,19456,33792
29,29,1024,34816
29,29,3072,34816
29,29,6144,34816
29,58,8192,34816
29,29,9216,34816
29,14,11264,34816
29,58,12288,34816
29,14,13312,34816
29,14,14336,34816
29,14,15360,34816
29,29,17408,34816
29,58,18432,34816
29,14,20480,34816
29,29,2048,35840
29,29,5120,35840
29,58,7168,35840
29,29,8192,35840
29,14,10240,35840
29,58,11264,35840
29,14,12288,35840
29,14,13312,35840
29,14,14336,35840
29,29,16384,35840
29,58,17408,35840
29,14,19456,35840
29,15,20480,35840
29,29,3072,37888
29,58,5120,37888
29,29,6144,37888
29,14,8192,37888
29,58,9216,37888
29,14,10240,37888
29,14,11264,37888
29,14,12288,37888
29,29,14336,37888
29,58,15360,37888
29,14,17408,37888
29,15,18432,37888
29,58,19456,37888
29,104,20480,37888
29,58,2048,40960
29,29,3072,40960
29,14,5120,40960
29,58,6144,40960
29,14,7168,40960
29,14,8192,40960
29,14,9216,40960
29,29,11264,40960
29,58,12288,40960
29,14,14336,40960
29,15,15360,40960
29,58,16384,40960
29,104,17408,40960
29,42,18432,40960
58,29,1024,43008
58,14,3072,43008
58,58,4096,43008
58,14,5120,43008
58,14,6144,43008
58,14,7168,43008
58,29,9216,43008
58,58,10240,43008
58,14,12288,43008
58,15,13312,43008
58,58,14336,43008
58,104,15360,43008
58,42,16384,43008
58,87,17408,43008
29,14,2048,44032
29,58,3072,44032
29,14,4096,44032
29,14,5120,44032
29,14,6144,44032
29,29,8192,44032
29,58,9216,44032
29,14,11264,44032
29,15,12288,44032
29,58,13312,44032
29,104,14336,44032
29,42,15360,44032
29,87,16384,44032
29,173,17408,44032
14,58,1024,46080
14,14,2048,46080
14,14,3072,46080
14,14,4096,46080
14,29,6144,46080
14,58,7168,46080
14,14,9216,46080
14,15,10240,46080
14,58,11264,46080
14,104,12288,46080
14,42,13312,46080
14,87,14336,46080
14,173,15360,46080
14,133,16384,46080
58,14,1024,47104
58,14,2048,47104
58,14,3072,47104
58,29,5120,47104
58,58,6144,47104
58,14,8192,47104
58,15,9216,47104
58,58,10240,47104
58,104,11264,47104
58,42,12288,47104
58,87,13312,47104
58,173,14336,47104
58,133,15360,47104
58,45,16384,47104
14,14,1024,48128
14,14,2048,48128
14,29,4096,48128
14,58,5120,48128
14,14,7168,48128
14,15,8192,48128
14,58,9216,48128
14,104,10240,48128
14,42,11264,48128
14,87,12288,48128
14,173,13312,48128
14,133,14336,48128
14,45,15360,48128
14,28,18432,48128
14,14,1024,49152
14,29,3072,49152
14,58,4096,49152
14,14,6144,49152
14,15,7168,49152
14,58,8192,49152
14,104,9216,49152
14,42,10240,49152
14,87,11264,49152
14,173,12288,49152
14,133,13312,49152
14,45,14336,49152
14,28,17408,49152
14,28,18432,49152
14,29,2048,50176
14,58,3072,50176
14,14,5120,50176
14,15,6144,50176
14,58,7168,50176
14,104,8192,50176
14,42,9216,50176
14,87,10240,50176
14,173,11264,50176
14,133,12288,50176
14,45,13312,50176
14,28,16384,50176
14,28,17408,50176
14,29,18432,50176
29,58,1024,52224
29,14,3072,52224
29,15,4096,52224
29,58,5120,52224
29,104,6144,52224
29,42,7168,52224
29,87,8192,52224
29,173,9216,52224
29,133,10240,52224
29,45,11264,52224
29,28,14336,52224
29,28,15360,52224
29,29,16384,52224
29,14,17408,52224
58,14,2048,53248
58,15,3072,53248
58,58,4096,53248
58,104,5120,53248
58,42,6144,53248
58,87,7168,53248
58,173,8192,53248
58,133,9216,53248
58,45,10240,53248
58,28,13312,53248
58,28,14336,53248
58,29,15360,53248
58,14,16384,53248
58,58,17408,53248
14,15,1024,55296
14,58,2048,55296
14,104,3072,55296
14,42,4096,55296
14,87,5120,55296
14,173,6144,55296
14,133,7168,55296
14,45,8192,55296
14,28,11264,55296
14,28,12288,55296
14,29,13312,55296
14,14,14336,55296
14,58,15360,55296
14,96,16384,55296
15,58,1024,56320
15,104,2048,56320
15,42,3072,56320
15,87,4096,56320
15,173,5120,56320
15,133,6144,56320
15,45,7168,56320
15,28,10240,56320
15,28,11264,56320
15,29,12288,56320
15,14,13312,56320
15,58,14336,56320
15,96,15360,56320
15,54,16384,56320
58,104,1024,57344
58,42,2048,57344
58,87,3072,57344
58,173,4096,57344
58,133,5120,57344
58,45,6144,57344
58,28,9216,57344
58,28,10240,57344
58,29,11264,57344
58,14,12288,57344
58,58,13312,57344
58,96,14336,57344
58,54,15360,57344
58,58,16384,57344
104,42,1024,58368
104,87,2048,58368
104,173,3072,58368
104,133,4096,58368
104,45,5120,58368
104,28,8192,58368
104,28,9216,58368
104,29,10240,58368
104,14,11264,58368
104,58,12288,58368
104,96,13312,58368
104,54,14336,58368
104,58,15360,58368
104,56,16384,58368
42,87,1024,59392
42,173,2048,59392
42,133,3072,59392
42,45,4096,59392
42,28,7168,59392
42,28,8192,59392
42,29,9216,59392
42,14,10240,59392
42,58,11264,59392
42,96,12288,59392
42,54,13312,59392
42,58,14336,59392
42,56,15360,59392
42,65,17408,59392
87,173,1024,60416
87,133,2048,60416
87,45,3072,60416
87,28,6144,60416
87,28,7168,60416
87,29,8192,60416
87,14,9216,60416
87,58,10240,60416
87,96,11264,60416
87,54,12288,60416
87,58,13312,60416
87,56,14336,60416
87,65,16384,60416
87,56,19456,60416
173,133,1024,61440
173,45,2048,61440
173,28,5120,61440
173,28,6144,61440
173,29,7168,61440
173,14,8192,61440
173,58,9216,61440
173,96,10240,61440
173,54,11264,61440
173,58,12288,61440
173,56,13312,61440
173,65,15360,61440
173,56,18432,61440
173,57,19456,61440
133,45,1024,62464
133,28,4096,62464
133,28,5120,62464
133,29,6144,62464
133,14,7168,62464
133,58,8192,62464
133,96,9216,62464
133,54,10240,62464
133,58,11264,62464
133,56,12288,62464
133,65,14336,62464
133,56,17408,62464
133,57,18432,62464
133,29,19456,62464
45,28,3072,63488
45,28,4096,63488
45,29,5120,63488
45,14,6144,63488
45,58,7168,63488
45,96,8192,63488
45,54,9216,63488
45,58,10240,63488
45,56,11264,63488
45,65,13312,63488
45,56,16384,63488
45,57,17408,63488
45,29,18432,63488
45,28,19456,63488
28,28,1024,66560
28,29,2048,66560
28,14,3072,66560
28,58,4096,66560
28,96,5120,66560
28,54,6144,66560
28,58,7168,66560
28,56,8192,66560
28,65,10240,66560
28,56,13312,66560
28,57,14336,66560
28,29,15360,66560
28,28,16384,66560
28,29,17408,66560
28,29,1024,67584
28,14,2048,67584
28,58,3072,67584
28,96,4096,67584
28,54,5120,67584
28,58,6144,67584
28,56,7168,67584
28,65,9216,67584
28,56,12288,67584
28,57,13312,67584
28,29,14336,67584
28,28,15360,67584
28,29,16384,67584
28,58,18432,67584
29,14,1024,68608
29,58,2048,68608
29,96,3072,68608
29,54,4096,68608
29,58,5120,68608
29,56,6144,68608
29,65,8192,68608
29,56,11264,68608
29,57,12288,68608
29,29,13312,68608
29,28,14336,68608
29,29,15360,68608
29,58,17408,68608
29,115,19456,68608
14,58,1024,69632
14,96,2048,69632
14,54,3072,69632
14,58,4096,69632
14,56,5120,69632
14,65,7168,69632
14,56,10240,69632
14,57,11264,69632
14,29,12288,69632
14,28,13312,69632
14,29,14336,69632
14,58,16384,69632
14,115,18432,69632
14,198,19456,69632
58,96,1024,70656
58,54,2048,70656
58,58,3072,70656
58,56,4096,70656
58,65,6144,70656
58,56,9216,70656
58,57,10240,70656
58,29,11264,70656
58,28,12288,70656
58,29,13312,70656
58,58,15360,70656
58,115,17408,70656
58,198,18432,70656
58,48,19456,70656
96,54,1024,71680
96,58,2048,71680
96,56,3072,71680
96,65,5120,71680
96,56,8192,71680
96,57,9216,71680
96,29,10240,71680
96,28,11264,71680
96,29,12288,71680
96,58,14336,71680
96,115,16384,71680
96,198,17408,71680
96,48,18432,71680
96,98,19456,71680
54,58,1024,72704
54,56,2048,72704
54,65,4096,72704
54,56,7168,72704
54,57,8192,72704
54,29,9216,72704
54,28,10240,72704
54,29,11264,72704
54,58,13312,72704
54,115,15360,72704
54,198,16384,72704
54,48,17408,72704
54,98,18432,72704
54,115,19456,72704
58,56,1024,73728
58,65,3072,73728
58,56,6144,73728
58,57,7168,73728
58,29,8192,73728
58,28,9216,73728
58,29,10240,73728
58,58,12288,73728
58,115,14336,73728
58,198,15360,73728
58,48,16384,73728
58,98,17408,73728
58,115,18432,73728
58,40,19456,73728
56,65,2048,74752
56,56,5120,74752
56,57,6144,74752
56,29,7168,74752
56,28,8192,74752
56,29,9216,74752
56,58,11264,74752
56,115,13312,74752
56,198,14336,74752
56,48,15360,74752
56,98,16384,74752
56,115,17408,74752
56,40,18432,74752
56,88,19456,74752
65,56,3072,76800
65,57,4096,76800
65,29,5120,76800
65,28,6144,76800
65,29,7168,76800
65,58,9216,76800
65,115,11264,76800
65,198,12288,76800
65,48,13312,76800
65,98,14336,76800
65,115,15360,76800
65,40,16384,76800
65,88,17408,76800
65,48,18432,76800
56,57,1024,79872
56,29,2048,79872
56,28,3072,79872
56,29,4096,79872
56,58,6144,79872
56,115,8192,79872
56,198,9216,79872
56,48,10240,79872
56,98,11264,79872
56,115,12288,79872
56,40,13312,79872
56,88,14336,79872
56,48,15360,79872
56,114,18432,79872
57,29,1024,80896
57,28,2048,80896
57,29,3072,80896
57,58,5120,80896
57,115,7168,80896
57,198,8192,80896
57,48,9216,80896
57,98,10240,80896
57,115,11264,80896
57,40,12288,80896
57,88,13312,80896
57,48,14336,80896
57,114,17408,80896
57,29,18432,80896
29,28,1024,81920
29,29,2048,81920
29,58,4096,81920
29,115,6144,81920
29,198,7168,81920
29,48,8192,81920
29,98,9216,81920
29,115,10240,81920
29,40,11264,81920
29,88,12288,81920
29,48,13312,81920
29,114,16384,81920
29,29,17408,81920
29,93,18432,81920
28,29,1024,82944
28,58,3072,82944
28,115,5120,82944
28,198,6144,82944
28,48,7168,82944
28,98,8192,82944
28,115,9216,82944
28,40,10240,82944
28,88,11264,82944
28,48,12288,82944
28,114,15360,82944
28,29,16384,82944
28,93,17408,82944
28,94,18432,82944
29,58,2048,83968
29,115,4096,83968
29,198,5120,83968
29,48,6144,83968
29,98,7168,83968
29,115,8192,83968
29,40,9216,83968
29,88,10240,83968
29,48,11264,83968
29,114,14336,83968
29,29,15360,83968
29,93,16384,83968
29,94,17408,83968
29,130,20480,83968
58,115,2048,86016
58,198,3072,86016
58,48,4096,86016
58,98,5120,86016
58,115,6144,86016
58,40,7168,86016
58,88,8192,86016
58,48,9216,86016
58,114,12288,86016
58,29,13312,86016
58,93,14336,86016
58,94,15360,86016
58,130,18432,86016
58,200,19456,86016
115,198,1024,88064
115,48,2048,88064
115,98,3072,88064
115,115,4096,88064
115,40,5120,88064
115,88,6144,88064
115,48,7168,88064
115,114,10240,88064
115,29,11264,88064
115,93,12288,88064
115,94,13312,88064
115,130,16384,88064
115,200,17408,88064
115,135,18432,88064
198,48,1024,89088
198,98,2048,89088
198,115,3072,89088
198,40,4096,89088
198,88,5120,89088
198,48,6144,89088
198,114,9216,89088
198,29,10240,89088
198,93,11264,89088
198,94,12288,89088
198,130,15360,89088
198,200,16384,89088
198,135,17408,89088
198,135,18432,89088
48,98,1024,90112
48,115,2048,90112
48,40,3072,90112
48,88,4096,90112
48,48,5120,90112
48,114,8192,90112
48,29,9216,90112
48,93,10240,90112
48,94,11264,90112
48,130,14336,90112
48,200,15360,90112
48,135,16384,90112
48,135,17408,90112
48,133,18432,90112
98,115,1024,91136
98,40,2048,91136
98,88,3072,91136
98,48,4096,91136
98,114,7168,91136
98,29,8192,91136
98,93,9216,91136
98,94,10240,91136
98,130,13312,91136
98,200,14336,91136
98,135,15360,91136
98,135,16384,91136
98,133,17408,91136
98,126,20480,91136
115,40,1024,92160
115,88,2048,92160
115,48,3072,92160
115,114,6144,92160
115,29,7168,92160
115,93,8192,92160
115,94,9216,92160
115,130,12288,92160
115,200,13312,92160
115,135,14336,92160
115,135,15360,92160
115,133,16384,92160
115,126,19456,92160
115,112,20480,92160
40,88,1024,93184
40,48,2048,93184
40,114,5120,93184
40,29,6144,93184
40,93,7168,93184
40,94,8192,93184
40,130,11264,93184
40,200,12288,93184
40,135,13312,93184
40,135,14336,93184
40,133,15360,93184
40,126,18432,93184
40,112,19456,93184
40,29,20480,93184
88,48,1024,94208
88,114,4096,94208
88,29,5120,94208
88,93,6144,94208
88,94,7168,94208
88,130,10240,94208
88,200,11264,94208
88,135,12288,94208
88,135,13312,94208
88,133,14336,94208
88,126,17408,94208
88,112,18432,94208
88,29,19456,94208
48,114,3072,95232
48,29,4096,95232
48,93,5120,95232
48,94,6144,95232
48,130,9216,95232
48,200,10240,95232
48,135,11264,95232
48,135,12288,95232
48,133,13312,95232
48,126,16384,95232
48,112,17408,95232
48,29,18432,95232
114,29,1024,98304
114,93,2048,98304
114,94,3072,98304
114,130,6144,98304
114,200,7168,98304
114,135,8192,98304
114,135,9216,98304
114,133,10240,98304
114,126,13312,98304
114,112,14336,98304
114,29,15360,98304
114,55,19456,98304
29,93,1024,99328
29,94,2048,99328
29,130,5120,99328
29,200,6144,99328
29,135,7168,99328
29,135,8192,99328
29,133,9216,99328
29,126,12288,99328
29,112,13312,99328
29,29,14336,99328
29,55,18432,99328
93,94,1024,100352
93,130,4096,100352
93,200,5120,100352
93,135,6144,100352
93,135,7168,100352
93,133,8192,100352
93,126,11264,100352
93,112,12288,100352
93,29,13312,100352
93,55,17408,100352
94,130,3072,101376
94,200,4096,101376
94,135,5120,101376
94,135,6144,101376
94,133,7168,101376
94,126,10240,101376
94,112,11264,101376
94,29,12288,101376
94,55,16384,101376
130,200,1024,104448
130,135,2048,104448
130,135,3072,104448
130,133,4096,104448
130,126,7168,104448
130,112,8192,104448
130,29,9216,104448
130,55,13312,104448
130,88,18432,104448
200,135,1024,105472
200,135,2048,105472
200,133,3072,105472
200,126,6144,105472
200,112,7168,105472
200,29,8192,105472
200,55,12288,105472
200,88,17408,105472
200,29,20480,105472
135,135,1024,106496
135,133,2048,106496
135,126,5120,106496
135,112,6144,106496
135,29,7168,106496
135,55,11264,106496
135,88,16384,106496
135,29,19456,106496
135,58,20480,106496
135,133,1024,107520
135,126,4096,107520
135,112,5120,107520
135,29,6144,107520
135,55,10240,107520
135,88,15360,107520
135,29,18432,107520
135,58,19456,107520
133,126,3072,108544
133,112,4096,108544
133,29,5120,108544
133,55,9216,108544
133,88,14336,108544
133,29,17408,108544
133,58,18432,108544
126,112,1024,111616
126,29,2048,111616
126,55,6144,111616
126,88,11264,111616
126,29,14336,111616
126,58,15360,111616
126,29,18432,111616
126,28,20480,111616
112,29,1024,112640
112,55,5120,112640
112,88,10240,112640
112,29,13312,112640
112,58,14336,112640
112,29,17408,112640
112,28,19456,112640
112,29,20480,112640
29,55,4096,113664
29,88,9216,113664
29,29,12288,113664
29,58,13312,113664
29,29,16384,113664
29,28,18432,113664
29,29,19456,113664
29,57,20480,113664
55,88,5120,117760
55,29,8192,117760
55,58,9216,117760
55,29,12288,117760
55,28,14336,117760
55,29,15360,117760
55,57,16384,117760
55,57,17408,117760
55,14,20480,117760
88,29,3072,122880
88,58,4096,122880
88,29,7168,122880
88,28,9216,122880
88,29,10240,122880
88,57,11264,122880
88,57,12288,122880
88,14,15360,122880
88,14,16384,122880
88,55,17408,122880
88,57,18432,122880
88,14,19456,122880
88,57,20480,122880
29,58,1024,125952
29,29,4096,125952
29,28,6144,125952
29,29,7168,125952
29,57,8192,125952
29,57,9216,125952
29,14,12288,125952
29,14,13312,125952
29,55,14336,125952
29,57,15360,125952
29,14,16384,125952
29,57,17408,125952
29,29,18432,125952
29,58,19456,125952
58,29,3072,126976
58,28,5120,126976
58,29,6144,126976
58,57,7168,126976
58,57,8192,126976
58,14,11264,126976
58,14,12288,126976
58,55,13312,126976
58,57,14336,126976
58,14,15360,126976
58,57,16384,126976
58,29,17408,126976
58,58,18432,126976
58,36,19456,126976
29,28,2048,130048
29,29,3072,130048
29,57,4096,130048
29,57,5120,130048
29,14,8192,130048
29,14,9216,130048
29,55,10240,130048
29,57,11264,130048
29,14,12288,130048
29,57,13312,130048
29,29,14336,130048
29,58,15360,130048
29,36,16384,130048
29,36,17408,130048
28,29,1024,132096
28,57,2048,132096
28,57,3072,132096
28,14,6144,132096
28,14,7168,132096
28,55,8192,132096
28,57,9216,132096
28,14,10240,132096
28,57,11264,132096
28,29,12288,132096
28,58,13312,132096
28,36,14336,132096
28,36,15360,132096
28,207,16384,132096
29,57,1024,133120
29,57,2048,133120
29,14,5120,133120
29,14,6144,133120
29,55,7168,133120
29,57,8192,133120
29,14,9216,133120
29,57,10240,133120
29,29,11264,133120
29,58,12288,133120
29,36,13312,133120
29,36,14336,133120
29,207,15360,133120
29,36,16384,133120
57,57,1024,134144
57,14,4096,134144
57,14,5120,134144
57,55,6144,134144
57,57,7168,134144
57,14,8192,134144
57,57,9216,134144
57,29,10240,134144
57,58,11264,134144
57,36,12288,134144
57,36,13312,134144
57,207,14336,134144
57,36,15360,134144
57,55,19456,134144
57,14,3072,135168
57,14,4096,135168
57,55,5120,135168
57,57,6144,135168
57,14,7168,135168
57,57,8192,135168
57,29,9216,135168
57,58,10240,135168
57,36,11264,135168
57,36,12288,135168
57,207,13312,135168
57,36,14336,135168
57,55,18432,135168
57,55,19456,135168
14,14,1024,138240
14,55,2048,138240
14,57,3072,138240
14,14,4096,138240
14,57,5120,138240
14,29,6144,138240
14,58,7168,138240
14,36,8192,138240
14,36,9216,138240
14,207,10240,138240
14,36,11264,138240
14,55,15360,138240
14,55,16384,138240
14,54,17408,138240
14,55,1024,139264
14,57,2048,139264
14,14,3072,139264
14,57,4096,139264
14,29,5120,139264
14,58,6144,139264
14,36,7168,139264
14,36,8192,139264
14,207,9216,139264
14,36,10240,139264
14,55,14336,139264
14,55,15360,139264
14,54,16384,139264
14,55,17408,139264
55,57,1024,140288
55,14,2048,140288
55,57,3072,140288
55,29,4096,140288
55,58,5120,140288
55,36,6144,140288
55,36,7168,140288
55,207,8192,140288
55,36,9216,140288
55,55,13312,140288
55,55,14336,140288
55,54,15360,140288
55,55,16384,140288
55,64,18432,140288
57,14,1024,141312
57,57,2048,141312
57,29,3072,141312
57,58,4096,141312
57,36,5120,141312
57,36,6144,141312
57,207,7168,141312
57,36,8192,141312
57,55,12288,141312
57,55,13312,141312
57,54,14336,141312
57,55,15360,141312
57,64,17408,141312
57,66,18432,141312
14,57,1024,142336
14,29,2048,142336
14,58,3072,142336
14,36,4096,142336
14,36,5120,142336
14,207,6144,142336
14,36,7168,142336
14,55,11264,142336
14,55,12288,142336
14,54,13312,142336
14,55,14336,142336
14,64,16384,142336
14,66,17408,142336
57,29,1024,143360
57,58,2048,143360
57,36,3072,143360
57,36,4096,143360
57,207,5120,143360
57,36,6144,143360
57,55,10240,143360
57,55,11264,143360
57,54,12288,143360
57,55,13312,143360
57,64,15360,143360
57,66,16384,143360
57,239,20480,143360
29,58,1024,144384
29,36,2048,144384
29,36,3072,144384
29,207,4096,144384
29,36,5120,144384
29,55,9216,144384
29,55,10240,144384
29,54,11264,144384
29,55,12288,144384
29,64,14336,144384
29,66,15360,144384
29,239,19456,144384
58,36,1024,145408
58,36,2048,145408
58,207,3072,145408
58,36,4096,145408
58,55,8192,145408
58,55,9216,145408
58,54,10240,145408
58,55,11264,145408
58,64,13312,145408
58,66,14336,145408
58,239,18432,145408
36,36,1024,146432
36,207,2048,146432
36,36,3072,146432
36,55,7168,146432
36,55,8192,146432
36,54,9216,146432
36,55,10240,146432
36,64,12288,146432
36,66,13312,146432
36,239,17408,146432
36,207,1024,147456
36,36,2048,147456
36,55,6144,147456
36,55,7168,147456
36,54,8192,147456
36,55,9216,147456
36,64,11264,147456
36,66,12288,147456
36,239,16384,147456
207,36,1024,148480
207,55,5120,148480
207,55,6144,148480
207,54,7168,148480
207,55,8192,148480
207,64,10240,148480
207,66,11264,148480
207,239,15360,148480
36,55,4096,149504
36,55,5120,149504
36,54,6144,149504
36,55,7168,149504
36,64,9216,149504
36,66,10240,149504
36,239,14336,149504
55,55,1024,153600
55,54,2048,153600
55,55,3072,153600
55,64,5120,153600
55,66,6144,153600
55,239,10240,153600
55,54,1024,154624
55,55,2048,154624
55,64,4096,154624
55,66,5120,154624
55,239,9216,154624
54,55,1024,155648
54,64,3072,155648
54,66,4096,155648
54,239,8192,155648
55,64,2048,156672
55,66,3072,156672
55,239,7168,156672
64,66,1024,158720
64,239,5120,158720
66,239,4096,159744
