7,8,1024,4096
7,8,2048,4096
7,8,3072,4096
7,8,4096,4096
7,8,5120,4096
7,8,6144,4096
7,56,14336,4096
7,7,18432,4096
8,8,1024,5120
8,8,2048,5120
8,8,3072,5120
8,8,4096,5120
8,8,5120,5120
8,56,13312,5120
8,7,17408,5120
8,8,1024,6144
8,8,2048,6144
8,8,3072,6144
8,8,4096,6144
8,56,12288,6144
8,7,16384,6144
8,8,1024,7168
8,8,2048,7168
8,8,3072,7168
8,56,11264,7168
8,7,15360,7168
8,8,1024,8192
8,8,2048,8192
8,56,10240,8192
8,7,14336,8192
8,8,1024,9216
8,56,9216,9216
8,7,13312,9216
8,56,8192,10240
8,7,12288,10240
56,7,4096,18432
56,17,15360,18432
56,10,20480,18432
7,17,11264,22528
7,10,16384,22528
7,9,18432,22528
7,9,19456,22528
17,10,5120,33792
17,9,7168,33792
17,9,8192,33792
17,9,10240,33792
17,9,11264,33792
17,9,15360,33792
17,27,16384,33792
17,27,17408,33792
10,9,2048,38912
10,9,3072,38912
10,9,5120,38912
10,9,6144,38912
10,9,10240,38912
10,27,11264,38912
10,27,12288,38912
10,7,17408,38912
9,9,1024,40960
9,9,3072,40960
9,9,4096,40960
9,9,8192,40960
9,27,9216,40960
9,27,10240,40960
9,7,15360,40960
9,9,2048,41984
9,9,3072,41984
9,9,7168,41984
9,27,8192,41984
9,27,9216,41984
9,7,14336,41984
9,9,1024,44032
9,9,5120,44032
9,27,6144,44032
9,27,7168,44032
9,7,12288,44032
9,9,4096,45056
9,27,5120,45056
9,27,6144,45056
9,7,11264,45056
9,27,1024,49152
9,27,2048,49152
9,7,7168,49152
9,6,17408,49152
27,27,1024,50176
27,7,6144,50176
27,6,16384,50176
27,7,5120,51200
27,6,15360,51200
7,6,10240,56320
6,9,15360,66560
6,8,16384,66560
9,8,1024,81920
9,8,6144,81920
9,8,8192,81920
9,8,10240,81920
8,8,5120,82944
8,8,7168,82944
8,8,9216,82944
8,7,20480,82944
8,8,2048,88064
8,8,4096,88064
8,7,15360,88064
8,14,16384,88064
8,14,17408,88064
8,8,2048,90112
8,7,13312,90112
8,14,14336,90112
8,14,15360,90112
8,7,20480,90112
8,7,11264,92160
8,14,12288,92160
8,14,13312,92160
8,7,18432,92160
8,7,20480,92160
7,14,1024,103424
7,14,2048,103424
7,7,7168,103424
7,7,9216,103424
7,7,10240,103424
7,7,11264,103424
7,97,13312,103424
7,9,19456,103424
7,9,20480,103424
14,14,1024,104448
14,7,6144,104448
14,7,8192,104448
14,7,9216,104448
14,7,10240,104448
14,97,12288,104448
14,9,18432,104448
14,9,19456,104448
14,9,20480,104448
14,7,5120,105472
14,7,7168,105472
14,7,8192,105472
14,7,9216,105472
14,97,11264,105472
14,9,17408,105472
14,9,18432,105472
14,9,19456,105472
14,9,20480,105472
7,7,2048,110592
7,7,3072,110592
7,7,4096,110592
7,97,6144,110592
7,9,12288,110592
7,9,13312,110592
7,9,14336,110592
7,9,15360,110592
7,9,16384,110592
7,9,17408,110592
7,9,18432,110592
7,9,19456,110592
7,7,1024,112640
7,7,2048,112640
7,97,4096,112640
7,9,10240,112640
7,9,11264,112640
7,9,12288,112640
7,9,13312,112640
7,9,14336,112640
7,9,15360,112640
7,9,16384,112640
7,9,17408,112640
7,9,20480,112640
7,7,1024,113664
7,97,3072,113664
7,9,9216,113664
7,9,10240,113664
7,9,11264,113664
7,9,12288,113664
7,9,13312,113664
7,9,14336,113664
7,9,15360,113664
7,9,16384,113664
7,9,19456,113664
7,97,2048,114688
7,9,8192,114688
7,9,9216,114688
7,9,10240,114688
7,9,11264,114688
7,9,12288,114688
7,9,13312,114688
7,9,14336,114688
7,9,15360,114688
7,9,18432,114688
97,9,6144,116736
97,9,7168,116736
97,9,8192,116736
97,9,9216,116736
97,9,10240,116736
97,9,11264,116736
97,9,12288,116736
97,9,13312,116736
97,9,16384,116736
9,9,1024,122880
9,9,2048,122880
9,9,3072,122880
9,9,4096,122880
9,9,5120,122880
9,9,6144,122880
9,9,7168,122880
9,9,10240,122880
9,9,1024,123904
9,9,2048,123904
9,9,3072,123904
9,9,4096,123904
9,9,5120,123904
9,9,6144,123904
9,9,9216,123904
9,9,1024,124928
9,9,2048,124928
9,9,3072,124928
9,9,4096,124928
9,9,5120,124928
9,9,8192,124928
9,9,1024,125952
9,9,2048,125952
9,9,3072,125952
9,9,4096,125952
9,9,7168,125952
9,9,1024,126976
9,9,2048,126976
9,9,3072,126976
9,9,6144,126976
9,9,1024,128000
9,9,2048,128000
9,9,5120,128000
9,9,1024,129024
9,9,4096,129024
9,9,3072,130048
9,11,18432,133120
9,81,20480,133120
11,81,2048,151552
11,81,3072,151552
11,10,9216,151552
81,81,1024,153600
81,10,7168,153600
81,10,6144,154624
10,7,20480,160768
7,18,9216,181248
7,5,12288,181248
7,5,14336,181248
7,9,16384,181248
7,9,17408,181248
7,9,18432,181248
7,9,19456,181248
7,9,20480,181248
18,5,3072,190464
18,5,5120,190464
18,9,7168,190464
18,9,8192,190464
18,9,9216,190464
18,9,10240,190464
18,9,11264,190464
18,9,12288,190464
18,18,19456,190464
5,5,2048,193536
5,9,4096,193536
5,9,5120,193536
5,9,6144,193536
5,9,7168,193536
5,9,8192,193536
5,9,9216,193536
5,18,16384,193536
5,9,2048,195584
5,9,3072,195584
5,9,4096,195584
5,9,5120,195584
5,9,6144,195584
5,9,7168,195584
5,18,14336,195584
9,9,1024,197632
9,9,2048,197632
9,9,3072,197632
9,9,4096,197632
9,9,5120,197632
9,18,12288,197632
9,20,20480,197632
9,9,1024,198656
9,9,2048,198656
9,9,3072,198656
9,9,4096,198656
9,18,11264,198656
9,20,19456,198656
9,9,1024,199680
9,9,2048,199680
9,9,3072,199680
9,18,10240,199680
9,20,18432,199680
9,9,1024,200704
9,9,2048,200704
9,18,9216,200704
9,20,17408,200704
9,9,1024,201728
9,18,8192,201728
9,20,16384,201728
9,18,7168,202752
9,20,15360,202752
9,12,20480,202752
18,20,8192,209920
18,12,13312,209920
18,110,17408,209920
18,18,19456,209920
20,12,5120,218112
20,110,9216,218112
20,18,11264,218112
20,8,17408,218112
20,8,18432,218112
12,110,4096,223232
12,18,6144,223232
12,8,12288,223232
12,8,13312,223232
12,8,16384,223232
110,18,2048,227328
110,8,8192,227328
110,8,9216,227328
110,8,12288,227328
110,8,18432,227328
18,8,6144,229376
18,8,7168,229376
18,8,10240,229376
18,8,16384,229376
18,19,19456,229376
8,8,1024,235520
8,8,4096,235520
8,8,10240,235520
8,19,13312,235520
8,9,16384,235520
8,10,18432,235520
8,8,19456,235520
8,8,3072,236544
8,8,9216,236544
8,19,12288,236544
8,9,15360,236544
8,10,17408,236544
8,8,18432,236544
8,8,6144,239616
8,19,9216,239616
8,9,12288,239616
8,10,14336,239616
8,8,15360,239616
8,19,3072,245760
8,9,6144,245760
8,10,8192,245760
8,8,9216,245760
8,55,17408,245760
19,9,3072,248832
19,10,5120,248832
19,8,6144,248832
19,55,14336,248832
19,18,19456,248832
9,10,2048,251904
9,8,3072,251904
9,55,11264,251904
9,18,16384,251904
10,8,1024,253952
10,55,9216,253952
10,18,14336,253952
10,43,19456,253952
10,7,20480,253952
8,55,8192,254976
8,18,13312,254976
8,43,18432,254976
8,7,19456,254976
8,7,20480,254976
55,18,5120,263168
55,43,10240,263168
55,7,11264,263168
55,7,12288,263168
55,7,13312,263168
55,84,14336,263168
55,9,15360,263168
55,6,20480,263168
18,43,5120,268288
18,7,6144,268288
18,7,7168,268288
18,7,8192,268288
18,84,9216,268288
18,9,10240,268288
18,6,15360,268288
18,17,20480,268288
43,7,1024,273408
43,7,2048,273408
43,7,3072,273408
43,84,4096,273408
43,9,5120,273408
43,6,10240,273408
43,17,15360,273408
7,7,1024,274432
7,7,2048,274432
7,84,3072,274432
7,9,4096,274432
7,6,9216,274432
7,17,14336,274432
7,7,1024,275456
7,84,2048,275456
7,9,3072,275456
7,6,8192,275456
7,17,13312,275456
7,84,1024,276480
7,9,2048,276480
7,6,7168,276480
7,17,12288,276480
84,9,1024,277504
84,6,6144,277504
84,17,11264,277504
9,6,5120,278528
9,17,10240,278528
9,10,20480,278528
6,17,5120,283648
6,10,15360,283648
17,10,10240,288768
17,50,17408,288768
17,18,19456,288768
10,50,7168,299008
10,18,9216,299008
10,13,15360,299008
10,4,19456,299008
10,14,20480,299008
50,18,2048,306176
50,13,8192,306176
50,4,12288,306176
50,14,13312,306176
50,14,14336,306176
50,14,15360,306176
50,14,16384,306176
50,7,17408,306176
50,7,18432,306176
50,7,19456,306176
50,7,20480,306176
18,13,6144,308224
18,4,10240,308224
18,14,11264,308224
18,14,12288,308224
18,14,13312,308224
18,14,14336,308224
18,7,15360,308224
18,7,16384,308224
18,7,17408,308224
18,7,18432,308224
18,18,20480,308224
13,4,4096,314368
13,14,5120,314368
13,14,6144,314368
13,14,7168,314368
13,14,8192,314368
13,7,9216,314368
13,7,10240,314368
13,7,11264,314368
13,7,12288,314368
13,18,14336,314368
4,14,1024,318464
4,14,2048,318464
4,14,3072,318464
4,14,4096,318464
4,7,5120,318464
4,7,6144,318464
4,7,7168,318464
4,7,8192,318464
4,18,10240,318464
14,14,1024,319488
14,14,2048,319488
14,14,3072,319488
14,7,4096,319488
14,7,5120,319488
14,7,6144,319488
14,7,7168,319488
14,18,9216,319488
14,14,1024,320512
14,14,2048,320512
14,7,3072,320512
14,7,4096,320512
14,7,5120,320512
14,7,6144,320512
14,18,8192,320512
14,14,1024,321536
14,7,2048,321536
14,7,3072,321536
14,7,4096,321536
14,7,5120,321536
14,18,7168,321536
14,7,1024,322560
14,7,2048,322560
14,7,3072,322560
14,7,4096,322560
14,18,6144,322560
7,7,1024,323584
7,7,2048,323584
7,7,3072,323584
7,18,5120,323584
7,7,1024,324608
7,7,2048,324608
7,18,4096,324608
7,7,1024,325632
7,18,3072,325632
7,18,2048,326656
