20,41,1024,4096
20,116,6144,4096
20,123,7168,4096
20,25,9216,4096
20,35,11264,4096
20,18,12288,4096
20,54,17408,4096
20,130,18432,4096
41,116,5120,5120
41,123,6144,5120
41,25,8192,5120
41,35,10240,5120
41,18,11264,5120
41,54,16384,5120
41,130,17408,5120
116,123,1024,10240
116,25,3072,10240
116,35,5120,10240
116,18,6144,10240
116,54,11264,10240
116,130,12288,10240
116,63,18432,10240
116,123,19456,10240
116,189,20480,10240
123,25,2048,11264
123,35,4096,11264
123,18,5120,11264
123,54,10240,11264
123,130,11264,11264
123,63,17408,11264
123,123,18432,11264
123,189,19456,11264
123,12,20480,11264
25,35,2048,13312
25,18,3072,13312
25,54,8192,13312
25,130,9216,13312
25,63,15360,13312
25,123,16384,13312
25,189,17408,13312
25,12,18432,13312
25,36,20480,13312
35,18,1024,15360
35,54,6144,15360
35,130,7168,15360
35,63,13312,15360
35,123,14336,15360
35,189,15360,15360
35,12,16384,15360
35,36,18432,15360
18,54,5120,16384
18,130,6144,16384
18,63,12288,16384
18,123,13312,16384
18,189,14336,16384
18,12,15360,16384
18,36,17408,16384
54,130,1024,21504
54,63,7168,21504
54,123,8192,21504
54,189,9216,21504
54,12,10240,21504
54,36,12288,21504
54,134,18432,21504
54,186,19456,21504
130,63,6144,22528
130,123,7168,22528
130,189,8192,22528
130,12,9216,22528
130,36,11264,22528
130,134,17408,22528
130,186,18432,22528
130,156,20480,22528
63,123,1024,28672
63,189,2048,28672
63,12,3072,28672
63,36,5120,28672
63,134,11264,28672
63,186,12288,28672
63,156,14336,28672
63,98,19456,28672
63,49,20480,28672
123,189,1024,29696
123,12,2048,29696
123,36,4096,29696
123,134,10240,29696
123,186,11264,29696
123,156,13312,29696
123,98,18432,29696
123,49,19456,29696
123,152,20480,29696
189,12,1024,30720
189,36,3072,30720
189,134,9216,30720
189,186,10240,30720
189,156,12288,30720
189,98,17408,30720
189,49,18432,30720
189,152,19456,30720
189,18,20480,30720
12,36,2048,31744
12,134,8192,31744
12,186,9216,31744
12,156,11264,31744
12,98,16384,31744
12,49,17408,31744
12,152,18432,31744
12,18,19456,31744
36,134,6144,33792
36,186,7168,33792
36,156,9216,33792
36,98,14336,33792
36,49,15360,33792
36,152,16384,33792
36,18,17408,33792
36,12,20480,33792
134,186,1024,39936
134,156,3072,39936
134,98,8192,39936
134,49,9216,39936
134,152,10240,39936
134,18,11264,39936
134,12,14336,39936
186,156,2048,40960
186,98,7168,40960
186,49,8192,40960
186,152,9216,40960
186,18,10240,40960
186,12,13312,40960
156,98,5120,43008
156,49,6144,43008
156,152,7168,43008
156,18,8192,43008
156,12,11264,43008
98,49,1024,48128
98,152,2048,48128
98,18,3072,48128
98,12,6144,48128
98,21,19456,48128
49,152,1024,49152
49,18,2048,49152
49,12,5120,49152
49,21,18432,49152
152,18,1024,50176
152,12,4096,50176
152,21,17408,50176
18,12,3072,51200
18,21,16384,51200
12,21,13312,54272
12,21,19456,54272
21,21,6144,67584
21,21,9216,67584
21,36,11264,67584
21,22,13312,67584
21,21,14336,67584
21,12,16384,67584
21,11,18432,67584
21,11,20480,67584
21,21,3072,73728
21,36,5120,73728
21,22,7168,73728
21,21,8192,73728
21,12,10240,73728
21,11,12288,73728
21,11,14336,73728
21,55,18432,73728
21,147,19456,73728
21,36,2048,76800
21,22,4096,76800
21,21,5120,76800
21,12,7168,76800
21,11,9216,76800
21,11,11264,76800
21,55,15360,76800
21,147,16384,76800
36,22,2048,78848
36,21,3072,78848
36,12,5120,78848
36,11,7168,78848
36,11,9216,78848
36,55,13312,78848
36,147,14336,78848
36,27,19456,78848
22,21,1024,80896
22,12,3072,80896
22,11,5120,80896
22,11,7168,80896
22,55,11264,80896
22,147,12288,80896
22,27,17408,80896
22,28,19456,80896
21,12,2048,81920
21,11,4096,81920
21,11,6144,81920
21,55,10240,81920
21,147,11264,81920
21,27,16384,81920
21,28,18432,81920
21,14,20480,81920
12,11,2048,83968
12,11,4096,83968
12,55,8192,83968
12,147,9216,83968
12,27,14336,83968
12,28,16384,83968
12,14,18432,83968
12,55,19456,83968
12,133,20480,83968
11,11,2048,86016
11,55,6144,86016
11,147,7168,86016
11,27,12288,86016
11,28,14336,86016
11,14,16384,86016
11,55,17408,86016
11,133,18432,86016
11,130,20480,86016
11,55,4096,88064
11,147,5120,88064
11,27,10240,88064
11,28,12288,88064
11,14,14336,88064
11,55,15360,88064
11,133,16384,88064
11,130,18432,88064
11,11,20480,88064
55,147,1024,92160
55,27,6144,92160
55,28,8192,92160
55,14,10240,92160
55,55,11264,92160
55,133,12288,92160
55,130,14336,92160
55,11,16384,92160
55,20,18432,92160
55,126,19456,92160
55,128,20480,92160
147,27,5120,93184
147,28,7168,93184
147,14,9216,93184
147,55,10240,93184
147,133,11264,93184
147,130,13312,93184
147,11,15360,93184
147,20,17408,93184
147,126,18432,93184
147,128,19456,93184
27,28,2048,98304
27,14,4096,98304
27,55,5120,98304
27,133,6144,98304
27,130,8192,98304
27,11,10240,98304
27,20,12288,98304
27,126,13312,98304
27,128,14336,98304
27,124,17408,98304
27,21,19456,98304
28,14,2048,100352
28,55,3072,100352
28,133,4096,100352
28,130,6144,100352
28,11,8192,100352
28,20,10240,100352
28,126,11264,100352
28,128,12288,100352
28,124,15360,100352
28,21,17408,100352
28,64,19456,100352
14,55,1024,102400
14,133,2048,102400
14,130,4096,102400
14,11,6144,102400
14,20,8192,102400
14,126,9216,102400
14,128,10240,102400
14,124,13312,102400
14,21,15360,102400
14,64,17408,102400
14,21,20480,102400
55,133,1024,103424
55,130,3072,103424
55,11,5120,103424
55,20,7168,103424
55,126,8192,103424
55,128,9216,103424
55,124,12288,103424
55,21,14336,103424
55,64,16384,103424
55,21,19456,103424
55,21,20480,103424
133,130,2048,104448
133,11,4096,104448
133,20,6144,104448
133,126,7168,104448
133,128,8192,104448
133,124,11264,104448
133,21,13312,104448
133,64,15360,104448
133,21,18432,104448
133,21,19456,104448
130,11,2048,106496
130,20,4096,106496
130,126,5120,106496
130,128,6144,106496
130,124,9216,106496
130,21,11264,106496
130,64,13312,106496
130,21,16384,106496
130,21,17408,106496
11,20,2048,108544
11,126,3072,108544
11,128,4096,108544
11,124,7168,108544
11,21,9216,108544
11,64,11264,108544
11,21,14336,108544
11,21,15360,108544
20,126,1024,110592
20,128,2048,110592
20,124,5120,110592
20,21,7168,110592
20,64,9216,110592
20,21,12288,110592
20,21,13312,110592
20,146,19456,110592
126,128,1024,111616
126,124,4096,111616
126,21,6144,111616
126,64,8192,111616
126,21,11264,111616
126,21,12288,111616
126,146,18432,111616
128,124,3072,112640
128,21,5120,112640
128,64,7168,112640
128,21,10240,112640
128,21,11264,112640
128,146,17408,112640
124,21,2048,115712
124,64,4096,115712
124,21,7168,115712
124,21,8192,115712
124,146,14336,115712
124,73,19456,115712
21,64,2048,117760
21,21,5120,117760
21,21,6144,117760
21,146,12288,117760
21,73,17408,117760
21,14,19456,117760
21,35,20480,117760
64,21,3072,119808
64,21,4096,119808
64,146,10240,119808
64,73,15360,119808
64,14,17408,119808
64,35,18432,119808
64,144,19456,119808
21,21,1024,122880
21,146,7168,122880
21,73,12288,122880
21,14,14336,122880
21,35,15360,122880
21,144,16384,122880
21,14,19456,122880
21,146,6144,123904
21,73,11264,123904
21,14,13312,123904
21,35,14336,123904
21,144,15360,123904
21,14,18432,123904
21,55,20480,123904
146,73,5120,130048
146,14,7168,130048
146,35,8192,130048
146,144,9216,130048
146,14,12288,130048
146,55,14336,130048
146,145,15360,130048
146,146,16384,130048
146,150,17408,130048
146,152,18432,130048
146,147,19456,130048
146,141,20480,130048
73,14,2048,135168
73,35,3072,135168
73,144,4096,135168
73,14,7168,135168
73,55,9216,135168
73,145,10240,135168
73,146,11264,135168
73,150,12288,135168
73,152,13312,135168
73,147,14336,135168
73,141,15360,135168
73,55,17408,135168
73,55,18432,135168
14,35,1024,137216
14,144,2048,137216
14,14,5120,137216
14,55,7168,137216
14,145,8192,137216
14,146,9216,137216
14,150,10240,137216
14,152,11264,137216
14,147,12288,137216
14,141,13312,137216
14,55,15360,137216
14,55,16384,137216
14,147,19456,137216
14,144,20480,137216
35,144,1024,138240
35,14,4096,138240
35,55,6144,138240
35,145,7168,138240
35,146,8192,138240
35,150,9216,138240
35,152,10240,138240
35,147,11264,138240
35,141,12288,138240
35,55,14336,138240
35,55,15360,138240
35,147,18432,138240
35,144,19456,138240
35,11,20480,138240
144,14,3072,139264
144,55,5120,139264
144,145,6144,139264
144,146,7168,139264
144,150,8192,139264
144,152,9216,139264
144,147,10240,139264
144,141,11264,139264
144,55,13312,139264
144,55,14336,139264
144,147,17408,139264
144,144,18432,139264
144,11,19456,139264
144,63,20480,139264
14,55,2048,142336
14,145,3072,142336
14,146,4096,142336
14,150,5120,142336
14,152,6144,142336
14,147,7168,142336
14,141,8192,142336
14,55,10240,142336
14,55,11264,142336
14,147,14336,142336
14,144,15360,142336
14,11,16384,142336
14,63,17408,142336
14,64,18432,142336
55,145,1024,144384
55,146,2048,144384
55,150,3072,144384
55,152,4096,144384
55,147,5120,144384
55,141,6144,144384
55,55,8192,144384
55,55,9216,144384
55,147,12288,144384
55,144,13312,144384
55,11,14336,144384
55,63,15360,144384
55,64,16384,144384
55,57,18432,144384
145,146,1024,145408
145,150,2048,145408
145,152,3072,145408
145,147,4096,145408
145,141,5120,145408
145,55,7168,145408
145,55,8192,145408
145,147,11264,145408
145,144,12288,145408
145,11,13312,145408
145,63,14336,145408
145,64,15360,145408
145,57,17408,145408
146,150,1024,146432
146,152,2048,146432
146,147,3072,146432
146,141,4096,146432
146,55,6144,146432
146,55,7168,146432
146,147,10240,146432
146,144,11264,146432
146,11,12288,146432
146,63,13312,146432
146,64,14336,146432
146,57,16384,146432
150,152,1024,147456
150,147,2048,147456
150,141,3072,147456
150,55,5120,147456
150,55,6144,147456
150,147,9216,147456
150,144,10240,147456
150,11,11264,147456
150,63,12288,147456
150,64,13312,147456
150,57,15360,147456
152,147,1024,148480
152,141,2048,148480
152,55,4096,148480
152,55,5120,148480
152,147,8192,148480
152,144,9216,148480
152,11,10240,148480
152,63,11264,148480
152,64,12288,148480
152,57,14336,148480
147,141,1024,149504
147,55,3072,149504
147,55,4096,149504
147,147,7168,149504
147,144,8192,149504
147,11,9216,149504
147,63,10240,149504
147,64,11264,149504
147,57,13312,149504
141,55,2048,150528
141,55,3072,150528
141,147,6144,150528
141,144,7168,150528
141,11,8192,150528
141,63,9216,150528
141,64,10240,150528
141,57,12288,150528
55,55,1024,152576
55,147,4096,152576
55,144,5120,152576
55,11,6144,152576
55,63,7168,152576
55,64,8192,152576
55,57,10240,152576
55,147,3072,153600
55,144,4096,153600
55,11,5120,153600
55,63,6144,153600
55,64,7168,153600
55,57,9216,153600
147,144,1024,156672
147,11,2048,156672
147,63,3072,156672
147,64,4096,156672
147,57,6144,156672
144,11,1024,157696
144,63,2048,157696
144,64,3072,157696
144,57,5120,157696
11,63,1024,158720
11,64,2048,158720
11,57,4096,158720
63,64,1024,159744
63,57,3072,159744
64,57,2048,160768
