20,18,5120,84992
20,20,8192,84992
20,52,8192,84992
20,20,9216,84992
20,50,9216,84992
20,52,10240,84992
20,52,11264,84992
20,26,14336,84992
20,20,16384,84992
20,25,19456,84992
20,52,19456,84992
20,125,20480,84992
18,20,3072,90112
18,52,3072,90112
18,20,4096,90112
18,50,4096,90112
18,52,5120,90112
18,52,6144,90112
18,26,9216,90112
18,20,11264,90112
18,25,14336,90112
18,52,14336,90112
18,125,15360,90112
18,51,17408,90112
20,52,0,93184
20,20,1024,93184
20,50,1024,93184
20,52,2048,93184
20,52,3072,93184
20,26,6144,93184
20,20,8192,93184
20,25,11264,93184
20,52,11264,93184
20,125,12288,93184
20,51,14336,93184
20,41,19456,93184
52,20,1024,93184
52,50,1024,93184
52,52,2048,93184
52,52,3072,93184
52,26,6144,93184
52,20,8192,93184
52,25,11264,93184
52,52,11264,93184
52,125,12288,93184
52,51,14336,93184
52,41,19456,93184
20,50,0,94208
20,52,1024,94208
20,52,2048,94208
20,26,5120,94208
20,20,7168,94208
20,25,10240,94208
20,52,10240,94208
20,125,11264,94208
20,51,13312,94208
20,41,18432,94208
50,52,1024,94208
50,52,2048,94208
50,26,5120,94208
50,20,7168,94208
50,25,10240,94208
50,52,10240,94208
50,125,11264,94208
50,51,13312,94208
50,41,18432,94208
52,52,1024,95232
52,26,4096,95232
52,20,6144,95232
52,25,9216,95232
52,52,9216,95232
52,125,10240,95232
52,51,12288,95232
52,41,17408,95232
52,24,20480,95232
52,26,3072,96256
52,20,5120,96256
52,25,8192,96256
52,52,8192,96256
52,125,9216,96256
52,51,11264,96256
52,41,16384,96256
52,24,19456,96256
52,31,20480,96256
26,20,2048,99328
26,25,5120,99328
26,52,5120,99328
26,125,6144,99328
26,51,8192,99328
26,41,13312,99328
26,24,16384,99328
26,31,17408,99328
20,25,3072,101376
20,52,3072,101376
20,125,4096,101376
20,51,6144,101376
20,41,11264,101376
20,24,14336,101376
20,31,15360,101376
20,20,19456,101376
20,26,20480,101376
20,41,20480,101376
25,52,0,104448
25,125,1024,104448
25,51,3072,104448
25,41,8192,104448
25,24,11264,104448
25,31,12288,104448
25,20,16384,104448
25,26,17408,104448
25,41,17408,104448
25,41,19456,104448
25,21,20480,104448
52,125,1024,104448
52,51,3072,104448
52,41,8192,104448
52,24,11264,104448
52,31,12288,104448
52,20,16384,104448
52,26,17408,104448
52,41,17408,104448
52,41,19456,104448
52,21,20480,104448
125,51,2048,105472
125,41,7168,105472
125,24,10240,105472
125,31,11264,105472
125,20,15360,105472
125,26,16384,105472
125,41,16384,105472
125,41,18432,105472
125,21,19456,105472
51,41,5120,107520
51,24,8192,107520
51,31,9216,107520
51,20,13312,107520
51,26,14336,107520
51,41,14336,107520
51,41,16384,107520
51,21,17408,107520
51,21,19456,107520
41,24,3072,112640
41,31,4096,112640
41,20,8192,112640
41,26,9216,112640
41,41,9216,112640
41,41,11264,112640
41,21,12288,112640
41,21,14336,112640
41,40,16384,112640
41,19,18432,112640
41,19,19456,112640
41,19,20480,112640
24,31,1024,115712
24,20,5120,115712
24,26,6144,115712
24,41,6144,115712
24,41,8192,115712
24,21,9216,115712
24,21,11264,115712
24,40,13312,115712
24,19,15360,115712
24,19,16384,115712
24,19,17408,115712
31,20,4096,116736
31,26,5120,116736
31,41,5120,116736
31,41,7168,116736
31,21,8192,116736
31,21,10240,116736
31,40,12288,116736
31,19,14336,116736
31,19,15360,116736
31,19,16384,116736
20,26,1024,120832
20,41,1024,120832
20,41,3072,120832
20,21,4096,120832
20,21,6144,120832
20,40,8192,120832
20,19,10240,120832
20,19,11264,120832
20,19,12288,120832
20,19,18432,120832
20,76,18432,120832
20,19,19456,120832
20,126,19456,120832
20,19,20480,120832
26,41,0,121856
26,41,2048,121856
26,21,3072,121856
26,21,5120,121856
26,40,7168,121856
26,19,9216,121856
26,19,10240,121856
26,19,11264,121856
26,19,17408,121856
26,76,17408,121856
26,19,18432,121856
26,126,18432,121856
26,19,19456,121856
26,126,19456,121856
41,41,2048,121856
41,21,3072,121856
41,21,5120,121856
41,40,7168,121856
41,19,9216,121856
41,19,10240,121856
41,19,11264,121856
41,19,17408,121856
41,76,17408,121856
41,19,18432,121856
41,126,18432,121856
41,19,19456,121856
41,126,19456,121856
41,31,20480,121856
41,21,1024,123904
41,21,3072,123904
41,40,5120,123904
41,19,7168,123904
41,19,8192,123904
41,19,9216,123904
41,19,15360,123904
41,76,15360,123904
41,19,16384,123904
41,126,16384,123904
41,19,17408,123904
41,126,17408,123904
41,31,18432,123904
41,19,19456,123904
21,21,2048,124928
21,40,4096,124928
21,19,6144,124928
21,19,7168,124928
21,19,8192,124928
21,19,14336,124928
21,76,14336,124928
21,19,15360,124928
21,126,15360,124928
21,19,16384,124928
21,126,16384,124928
21,31,17408,124928
21,19,18432,124928
21,40,2048,126976
21,19,4096,126976
21,19,5120,126976
21,19,6144,126976
21,19,12288,126976
21,76,12288,126976
21,19,13312,126976
21,126,13312,126976
21,19,14336,126976
21,126,14336,126976
21,31,15360,126976
21,19,16384,126976
21,23,20480,126976
40,19,2048,129024
40,19,3072,129024
40,19,4096,129024
40,19,10240,129024
40,76,10240,129024
40,19,11264,129024
40,126,11264,129024
40,19,12288,129024
40,126,12288,129024
40,31,13312,129024
40,19,14336,129024
40,23,18432,129024
40,19,20480,129024
19,19,1024,131072
19,19,2048,131072
19,19,8192,131072
19,76,8192,131072
19,19,9216,131072
19,126,9216,131072
19,19,10240,131072
19,126,10240,131072
19,31,11264,131072
19,19,12288,131072
19,23,16384,131072
19,19,18432,131072
19,19,1024,132096
19,19,7168,132096
19,76,7168,132096
19,19,8192,132096
19,126,8192,132096
19,19,9216,132096
19,126,9216,132096
19,31,10240,132096
19,19,11264,132096
19,23,15360,132096
19,19,17408,132096
19,19,6144,133120
19,76,6144,133120
19,19,7168,133120
19,126,7168,133120
19,19,8192,133120
19,126,8192,133120
19,31,9216,133120
19,19,10240,133120
19,23,14336,133120
19,19,16384,133120
19,76,0,139264
19,19,1024,139264
19,126,1024,139264
19,19,2048,139264
19,126,2048,139264
19,31,3072,139264
19,19,4096,139264
19,23,8192,139264
19,19,10240,139264
19,19,15360,139264
19,19,16384,139264
19,54,17408,139264
19,55,18432,139264
19,19,19456,139264
76,19,1024,139264
76,126,1024,139264
76,19,2048,139264
76,126,2048,139264
76,31,3072,139264
76,19,4096,139264
76,23,8192,139264
76,19,10240,139264
76,19,15360,139264
76,19,16384,139264
76,54,17408,139264
76,55,18432,139264
76,19,19456,139264
76,19,20480,139264
19,126,0,140288
19,19,1024,140288
19,126,1024,140288
19,31,2048,140288
19,19,3072,140288
19,23,7168,140288
19,19,9216,140288
19,19,14336,140288
19,19,15360,140288
19,54,16384,140288
19,55,17408,140288
19,19,18432,140288
19,19,19456,140288
126,19,1024,140288
126,126,1024,140288
126,31,2048,140288
126,19,3072,140288
126,23,7168,140288
126,19,9216,140288
126,19,14336,140288
126,19,15360,140288
126,54,16384,140288
126,55,17408,140288
126,19,18432,140288
126,19,19456,140288
19,126,0,141312
19,31,1024,141312
19,19,2048,141312
19,23,6144,141312
19,19,8192,141312
19,19,13312,141312
19,19,14336,141312
19,54,15360,141312
19,55,16384,141312
19,19,17408,141312
19,19,18432,141312
19,20,20480,141312
126,31,1024,141312
126,19,2048,141312
126,23,6144,141312
126,19,8192,141312
126,19,13312,141312
126,19,14336,141312
126,54,15360,141312
126,55,16384,141312
126,19,17408,141312
126,19,18432,141312
126,20,20480,141312
31,19,1024,142336
31,23,5120,142336
31,19,7168,142336
31,19,12288,142336
31,19,13312,142336
31,54,14336,142336
31,55,15360,142336
31,19,16384,142336
31,19,17408,142336
31,20,19456,142336
31,19,20480,142336
19,23,4096,143360
19,19,6144,143360
19,19,11264,143360
19,19,12288,143360
19,54,13312,143360
19,55,14336,143360
19,19,15360,143360
19,19,16384,143360
19,20,18432,143360
19,19,19456,143360
23,19,2048,147456
23,19,7168,147456
23,19,8192,147456
23,54,9216,147456
23,55,10240,147456
23,19,11264,147456
23,19,12288,147456
23,20,14336,147456
23,19,15360,147456
23,26,17408,147456
23,20,18432,147456
19,19,5120,149504
19,19,6144,149504
19,54,7168,149504
19,55,8192,149504
19,19,9216,149504
19,19,10240,149504
19,20,12288,149504
19,19,13312,149504
19,26,15360,149504
19,20,16384,149504
19,19,20480,149504
19,41,20480,149504
19,19,1024,154624
19,54,2048,154624
19,55,3072,154624
19,19,4096,154624
19,19,5120,154624
19,20,7168,154624
19,19,8192,154624
19,26,10240,154624
19,20,11264,154624
19,19,15360,154624
19,41,15360,154624
19,19,16384,154624
19,41,17408,154624
19,19,18432,154624
19,54,1024,155648
19,55,2048,155648
19,19,3072,155648
19,19,4096,155648
19,20,6144,155648
19,19,7168,155648
19,26,9216,155648
19,20,10240,155648
19,19,14336,155648
19,41,14336,155648
19,19,15360,155648
19,41,16384,155648
19,19,17408,155648
19,40,17408,155648
54,55,1024,156672
54,19,2048,156672
54,19,3072,156672
54,20,5120,156672
54,19,6144,156672
54,26,8192,156672
54,20,9216,156672
54,19,13312,156672
54,41,13312,156672
54,19,14336,156672
54,41,15360,156672
54,19,16384,156672
54,40,16384,156672
54,19,17408,156672
55,19,1024,157696
55,19,2048,157696
55,20,4096,157696
55,19,5120,157696
55,26,7168,157696
55,20,8192,157696
55,19,12288,157696
55,41,12288,157696
55,19,13312,157696
55,41,14336,157696
55,19,15360,157696
55,40,15360,157696
55,19,16384,157696
55,41,18432,157696
19,19,1024,158720
19,20,3072,158720
19,19,4096,158720
19,26,6144,158720
19,20,7168,158720
19,19,11264,158720
19,41,11264,158720
19,19,12288,158720
19,41,13312,158720
19,19,14336,158720
19,40,14336,158720
19,19,15360,158720
19,41,17408,158720
19,41,18432,158720
19,20,2048,159744
19,19,3072,159744
19,26,5120,159744
19,20,6144,159744
19,19,10240,159744
19,41,10240,159744
19,19,11264,159744
19,41,12288,159744
19,19,13312,159744
19,40,13312,159744
19,19,14336,159744
19,41,16384,159744
19,41,17408,159744
19,20,18432,159744
20,19,1024,161792
20,26,3072,161792
20,20,4096,161792
20,19,8192,161792
20,41,8192,161792
20,19,9216,161792
20,41,10240,161792
20,19,11264,161792
20,40,11264,161792
20,19,12288,161792
20,41,14336,161792
20,41,15360,161792
20,20,16384,161792
20,18,19456,161792
19,26,2048,162816
19,20,3072,162816
19,19,7168,162816
19,41,7168,162816
19,19,8192,162816
19,41,9216,162816
19,19,10240,162816
19,40,10240,162816
19,19,11264,162816
19,41,13312,162816
19,41,14336,162816
19,20,15360,162816
19,18,18432,162816
19,70,18432,162816
26,20,1024,164864
26,19,5120,164864
26,41,5120,164864
26,19,6144,164864
26,41,7168,164864
26,19,8192,164864
26,40,8192,164864
26,19,9216,164864
26,41,11264,164864
26,41,12288,164864
26,20,13312,164864
26,18,16384,164864
26,70,16384,164864
26,41,17408,164864
20,19,4096,165888
20,41,4096,165888
20,19,5120,165888
20,41,6144,165888
20,19,7168,165888
20,40,7168,165888
20,19,8192,165888
20,41,10240,165888
20,41,11264,165888
20,20,12288,165888
20,18,15360,165888
20,70,15360,165888
20,41,16384,165888
20,41,17408,165888
19,41,0,169984
19,19,1024,169984
19,41,2048,169984
19,19,3072,169984
19,40,3072,169984
19,19,4096,169984
19,41,6144,169984
19,41,7168,169984
19,20,8192,169984
19,18,11264,169984
19,70,11264,169984
19,41,12288,169984
19,41,13312,169984
19,20,15360,169984
41,19,1024,169984
41,41,2048,169984
41,19,3072,169984
41,40,3072,169984
41,19,4096,169984
41,41,6144,169984
41,41,7168,169984
41,20,8192,169984
41,18,11264,169984
41,70,11264,169984
41,41,12288,169984
41,41,13312,169984
41,20,15360,169984
41,21,16384,169984
19,41,1024,171008
19,19,2048,171008
19,40,2048,171008
19,19,3072,171008
19,41,5120,171008
19,41,6144,171008
19,20,7168,171008
19,18,10240,171008
19,70,10240,171008
19,41,11264,171008
19,41,12288,171008
19,20,14336,171008
19,21,15360,171008
19,41,15360,171008
41,19,1024,172032
41,40,1024,172032
41,19,2048,172032
41,41,4096,172032
41,41,5120,172032
41,20,6144,172032
41,18,9216,172032
41,70,9216,172032
41,41,10240,172032
41,41,11264,172032
41,20,13312,172032
41,21,14336,172032
41,41,14336,172032
41,20,16384,172032
19,40,0,173056
19,19,1024,173056
19,41,3072,173056
19,41,4096,173056
19,20,5120,173056
19,18,8192,173056
19,70,8192,173056
19,41,9216,173056
19,41,10240,173056
19,20,12288,173056
19,21,13312,173056
19,41,13312,173056
19,20,15360,173056
19,20,16384,173056
40,19,1024,173056
40,41,3072,173056
40,41,4096,173056
40,20,5120,173056
40,18,8192,173056
40,70,8192,173056
40,41,9216,173056
40,41,10240,173056
40,20,12288,173056
40,21,13312,173056
40,41,13312,173056
40,20,15360,173056
40,20,16384,173056
40,41,16384,173056
19,41,2048,174080
19,41,3072,174080
19,20,4096,174080
19,18,7168,174080
19,70,7168,174080
19,41,8192,174080
19,41,9216,174080
19,20,11264,174080
19,21,12288,174080
19,41,12288,174080
19,20,14336,174080
19,20,15360,174080
19,41,15360,174080
19,20,16384,174080
41,41,1024,176128
41,20,2048,176128
41,18,5120,176128
41,70,5120,176128
41,41,6144,176128
41,41,7168,176128
41,20,9216,176128
41,21,10240,176128
41,41,10240,176128
41,20,12288,176128
41,20,13312,176128
41,41,13312,176128
41,20,14336,176128
41,41,14336,176128
41,20,1024,177152
41,18,4096,177152
41,70,4096,177152
41,41,5120,177152
41,41,6144,177152
41,20,8192,177152
41,21,9216,177152
41,41,9216,177152
41,20,11264,177152
41,20,12288,177152
41,41,12288,177152
41,20,13312,177152
41,41,13312,177152
41,143,14336,177152
20,18,3072,178176
20,70,3072,178176
20,41,4096,178176
20,41,5120,178176
20,20,7168,178176
20,21,8192,178176
20,41,8192,178176
20,20,10240,178176
20,20,11264,178176
20,41,11264,178176
20,20,12288,178176
20,41,12288,178176
20,143,13312,178176
20,23,14336,178176
18,70,0,181248
18,41,1024,181248
18,41,2048,181248
18,20,4096,181248
18,21,5120,181248
18,41,5120,181248
18,20,7168,181248
18,20,8192,181248
18,41,8192,181248
18,20,9216,181248
18,41,9216,181248
18,143,10240,181248
18,23,11264,181248
18,52,11264,181248
70,41,1024,181248
70,41,2048,181248
70,20,4096,181248
70,21,5120,181248
70,41,5120,181248
70,20,7168,181248
70,20,8192,181248
70,41,8192,181248
70,20,9216,181248
70,41,9216,181248
70,143,10240,181248
70,23,11264,181248
70,52,11264,181248
70,23,12288,181248
41,41,1024,182272
41,20,3072,182272
41,21,4096,182272
41,41,4096,182272
41,20,6144,182272
41,20,7168,182272
41,41,7168,182272
41,20,8192,182272
41,41,8192,182272
41,143,9216,182272
41,23,10240,182272
41,52,10240,182272
41,23,11264,182272
41,41,11264,182272
41,20,2048,183296
41,21,3072,183296
41,41,3072,183296
41,20,5120,183296
41,20,6144,183296
41,41,6144,183296
41,20,7168,183296
41,41,7168,183296
41,143,8192,183296
41,23,9216,183296
41,52,9216,183296
41,23,10240,183296
41,41,10240,183296
41,21,12288,183296
20,21,1024,185344
20,41,1024,185344
20,20,3072,185344
20,20,4096,185344
20,41,4096,185344
20,20,5120,185344
20,41,5120,185344
20,143,6144,185344
20,23,7168,185344
20,52,7168,185344
20,23,8192,185344
20,41,8192,185344
20,21,10240,185344
20,106,10240,185344
21,41,0,186368
21,20,2048,186368
21,20,3072,186368
21,41,3072,186368
21,20,4096,186368
21,41,4096,186368
21,143,5120,186368
21,23,6144,186368
21,52,6144,186368
21,23,7168,186368
21,41,7168,186368
21,21,9216,186368
21,106,9216,186368
21,20,10240,186368
41,20,2048,186368
41,20,3072,186368
41,41,3072,186368
41,20,4096,186368
41,41,4096,186368
41,143,5120,186368
41,23,6144,186368
41,52,6144,186368
41,23,7168,186368
41,41,7168,186368
41,21,9216,186368
41,106,9216,186368
41,20,10240,186368
41,41,12288,186368
20,20,1024,188416
20,41,1024,188416
20,20,2048,188416
20,41,2048,188416
20,143,3072,188416
20,23,4096,188416
20,52,4096,188416
20,23,5120,188416
20,41,5120,188416
20,21,7168,188416
20,106,7168,188416
20,20,8192,188416
20,41,10240,188416
20,103,10240,188416
20,41,0,189440
20,20,1024,189440
20,41,1024,189440
20,143,2048,189440
20,23,3072,189440
20,52,3072,189440
20,23,4096,189440
20,41,4096,189440
20,21,6144,189440
20,106,6144,189440
20,20,7168,189440
20,41,9216,189440
20,103,9216,189440
20,41,10240,189440
41,20,1024,189440
41,41,1024,189440
41,143,2048,189440
41,23,3072,189440
41,52,3072,189440
41,23,4096,189440
41,41,4096,189440
41,21,6144,189440
41,106,6144,189440
41,20,7168,189440
41,41,9216,189440
41,103,9216,189440
41,41,10240,189440
41,82,10240,189440
20,41,0,190464
20,143,1024,190464
20,23,2048,190464
20,52,2048,190464
20,23,3072,190464
20,41,3072,190464
20,21,5120,190464
20,106,5120,190464
20,20,6144,190464
20,41,8192,190464
20,103,8192,190464
20,41,9216,190464
20,82,9216,190464
20,41,10240,190464
41,143,1024,190464
41,23,2048,190464
41,52,2048,190464
41,23,3072,190464
41,41,3072,190464
41,21,5120,190464
41,106,5120,190464
41,20,6144,190464
41,41,8192,190464
41,103,8192,190464
41,41,9216,190464
41,82,9216,190464
41,41,10240,190464
41,27,11264,190464
143,23,1024,191488
143,52,1024,191488
143,23,2048,191488
143,41,2048,191488
143,21,4096,191488
143,106,4096,191488
143,20,5120,191488
143,41,7168,191488
143,103,7168,191488
143,41,8192,191488
143,82,8192,191488
143,41,9216,191488
143,27,10240,191488
143,41,10240,191488
23,52,0,192512
23,23,1024,192512
23,41,1024,192512
23,21,3072,192512
23,106,3072,192512
23,20,4096,192512
23,41,6144,192512
23,103,6144,192512
23,41,7168,192512
23,82,7168,192512
23,41,8192,192512
23,27,9216,192512
23,41,9216,192512
23,82,9216,192512
52,23,1024,192512
52,41,1024,192512
52,21,3072,192512
52,106,3072,192512
52,20,4096,192512
52,41,6144,192512
52,103,6144,192512
52,41,7168,192512
52,82,7168,192512
52,41,8192,192512
52,27,9216,192512
52,41,9216,192512
52,82,9216,192512
52,27,10240,192512
23,41,0,193536
23,21,2048,193536
23,106,2048,193536
23,20,3072,193536
23,41,5120,193536
23,103,5120,193536
23,41,6144,193536
23,82,6144,193536
23,41,7168,193536
23,27,8192,193536
23,41,8192,193536
23,82,8192,193536
23,27,9216,193536
23,41,9216,193536
41,21,2048,193536
41,106,2048,193536
41,20,3072,193536
41,41,5120,193536
41,103,5120,193536
41,41,6144,193536
41,82,6144,193536
41,41,7168,193536
41,27,8192,193536
41,41,8192,193536
41,82,8192,193536
41,27,9216,193536
41,41,9216,193536
41,18,10240,193536
21,106,0,195584
21,20,1024,195584
21,41,3072,195584
21,103,3072,195584
21,41,4096,195584
21,82,4096,195584
21,41,5120,195584
21,27,6144,195584
21,41,6144,195584
21,82,6144,195584
21,27,7168,195584
21,41,7168,195584
21,18,8192,195584
21,41,8192,195584
106,20,1024,195584
106,41,3072,195584
106,103,3072,195584
106,41,4096,195584
106,82,4096,195584
106,41,5120,195584
106,27,6144,195584
106,41,6144,195584
106,82,6144,195584
106,27,7168,195584
106,41,7168,195584
106,18,8192,195584
106,41,8192,195584
106,143,8192,195584
20,41,2048,196608
20,103,2048,196608
20,41,3072,196608
20,82,3072,196608
20,41,4096,196608
20,27,5120,196608
20,41,5120,196608
20,82,5120,196608
20,27,6144,196608
20,41,6144,196608
20,18,7168,196608
20,41,7168,196608
20,143,7168,196608
20,41,8192,196608
41,103,0,198656
41,41,1024,198656
41,82,1024,198656
41,41,2048,198656
41,27,3072,198656
41,41,3072,198656
41,82,3072,198656
41,27,4096,198656
41,41,4096,198656
41,18,5120,198656
41,41,5120,198656
41,143,5120,198656
41,41,6144,198656
41,21,7168,198656
103,41,1024,198656
103,82,1024,198656
103,41,2048,198656
103,27,3072,198656
103,41,3072,198656
103,82,3072,198656
103,27,4096,198656
103,41,4096,198656
103,18,5120,198656
103,41,5120,198656
103,143,5120,198656
103,41,6144,198656
103,21,7168,198656
103,21,8192,198656
41,82,0,199680
41,41,1024,199680
41,27,2048,199680
41,41,2048,199680
41,82,2048,199680
41,27,3072,199680
41,41,3072,199680
41,18,4096,199680
41,41,4096,199680
41,143,4096,199680
41,41,5120,199680
41,21,6144,199680
41,21,7168,199680
41,42,7168,199680
82,41,1024,199680
82,27,2048,199680
82,41,2048,199680
82,82,2048,199680
82,27,3072,199680
82,41,3072,199680
82,18,4096,199680
82,41,4096,199680
82,143,4096,199680
82,41,5120,199680
82,21,6144,199680
82,21,7168,199680
82,42,7168,199680
82,41,8192,199680
41,27,1024,200704
41,41,1024,200704
41,82,1024,200704
41,27,2048,200704
41,41,2048,200704
41,18,3072,200704
41,41,3072,200704
41,143,3072,200704
41,41,4096,200704
41,21,5120,200704
41,21,6144,200704
41,42,6144,200704
41,41,7168,200704
41,41,8192,200704
27,41,0,201728
27,82,0,201728
27,27,1024,201728
27,41,1024,201728
27,18,2048,201728
27,41,2048,201728
27,143,2048,201728
27,41,3072,201728
27,21,4096,201728
27,21,5120,201728
27,42,5120,201728
27,41,6144,201728
27,41,7168,201728
27,34,8192,201728
41,82,0,201728
41,27,1024,201728
41,41,1024,201728
41,18,2048,201728
41,41,2048,201728
41,143,2048,201728
41,41,3072,201728
41,21,4096,201728
41,21,5120,201728
41,42,5120,201728
41,41,6144,201728
41,41,7168,201728
41,34,8192,201728
41,41,11264,201728
82,27,1024,201728
82,41,1024,201728
82,18,2048,201728
82,41,2048,201728
82,143,2048,201728
82,41,3072,201728
82,21,4096,201728
82,21,5120,201728
82,42,5120,201728
82,41,6144,201728
82,41,7168,201728
82,34,8192,201728
82,41,11264,201728
82,41,12288,201728
27,41,0,202752
27,18,1024,202752
27,41,1024,202752
27,143,1024,202752
27,41,2048,202752
27,21,3072,202752
27,21,4096,202752
27,42,4096,202752
27,41,5120,202752
27,41,6144,202752
27,34,7168,202752
27,41,10240,202752
27,41,11264,202752
27,164,11264,202752
41,18,1024,202752
41,41,1024,202752
41,143,1024,202752
41,41,2048,202752
41,21,3072,202752
41,21,4096,202752
41,42,4096,202752
41,41,5120,202752
41,41,6144,202752
41,34,7168,202752
41,41,10240,202752
41,41,11264,202752
41,164,11264,202752
41,18,12288,202752
18,41,0,203776
18,143,0,203776
18,41,1024,203776
18,21,2048,203776
18,21,3072,203776
18,42,3072,203776
18,41,4096,203776
18,41,5120,203776
18,34,6144,203776
18,41,9216,203776
18,41,10240,203776
18,164,10240,203776
18,18,11264,203776
18,41,11264,203776
41,143,0,203776
41,41,1024,203776
41,21,2048,203776
41,21,3072,203776
41,42,3072,203776
41,41,4096,203776
41,41,5120,203776
41,34,6144,203776
41,41,9216,203776
41,41,10240,203776
41,164,10240,203776
41,18,11264,203776
41,41,11264,203776
41,20,13312,203776
143,41,1024,203776
143,21,2048,203776
143,21,3072,203776
143,42,3072,203776
143,41,4096,203776
143,41,5120,203776
143,34,6144,203776
143,41,9216,203776
143,41,10240,203776
143,164,10240,203776
143,18,11264,203776
143,41,11264,203776
143,20,13312,203776
143,20,14336,203776
41,21,1024,204800
41,21,2048,204800
41,42,2048,204800
41,41,3072,204800
41,41,4096,204800
41,34,5120,204800
41,41,8192,204800
41,41,9216,204800
41,164,9216,204800
41,18,10240,204800
41,41,10240,204800
41,20,12288,204800
41,20,13312,204800
41,45,13312,204800
21,21,1024,205824
21,42,1024,205824
21,41,2048,205824
21,41,3072,205824
21,34,4096,205824
21,41,7168,205824
21,41,8192,205824
21,164,8192,205824
21,18,9216,205824
21,41,9216,205824
21,20,11264,205824
21,20,12288,205824
21,45,12288,205824
21,113,12288,205824
21,42,0,206848
21,41,1024,206848
21,41,2048,206848
21,34,3072,206848
21,41,6144,206848
21,41,7168,206848
21,164,7168,206848
21,18,8192,206848
21,41,8192,206848
21,20,10240,206848
21,20,11264,206848
21,45,11264,206848
21,113,11264,206848
21,46,12288,206848
42,41,1024,206848
42,41,2048,206848
42,34,3072,206848
42,41,6144,206848
42,41,7168,206848
42,164,7168,206848
42,18,8192,206848
42,41,8192,206848
42,20,10240,206848
42,20,11264,206848
42,45,11264,206848
42,113,11264,206848
42,46,12288,206848
42,34,13312,206848
41,41,1024,207872
41,34,2048,207872
41,41,5120,207872
41,41,6144,207872
41,164,6144,207872
41,18,7168,207872
41,41,7168,207872
41,20,9216,207872
41,20,10240,207872
41,45,10240,207872
41,113,10240,207872
41,46,11264,207872
41,34,12288,207872
41,35,13312,207872
41,34,1024,208896
41,41,4096,208896
41,41,5120,208896
41,164,5120,208896
41,18,6144,208896
41,41,6144,208896
41,20,8192,208896
41,20,9216,208896
41,45,9216,208896
41,113,9216,208896
41,46,10240,208896
41,34,11264,208896
41,35,12288,208896
41,52,12288,208896
34,41,3072,209920
34,41,4096,209920
34,164,4096,209920
34,18,5120,209920
34,41,5120,209920
34,20,7168,209920
34,20,8192,209920
34,45,8192,209920
34,113,8192,209920
34,46,9216,209920
34,34,10240,209920
34,35,11264,209920
34,52,11264,209920
34,23,12288,209920
41,41,1024,212992
41,164,1024,212992
41,18,2048,212992
41,41,2048,212992
41,20,4096,212992
41,20,5120,212992
41,45,5120,212992
41,113,5120,212992
41,46,6144,212992
41,34,7168,212992
41,35,8192,212992
41,52,8192,212992
41,23,9216,212992
41,52,9216,212992
41,164,0,214016
41,18,1024,214016
41,41,1024,214016
41,20,3072,214016
41,20,4096,214016
41,45,4096,214016
41,113,4096,214016
41,46,5120,214016
41,34,6144,214016
41,35,7168,214016
41,52,7168,214016
41,23,8192,214016
41,52,8192,214016
41,31,11264,214016
164,18,1024,214016
164,41,1024,214016
164,20,3072,214016
164,20,4096,214016
164,45,4096,214016
164,113,4096,214016
164,46,5120,214016
164,34,6144,214016
164,35,7168,214016
164,52,7168,214016
164,23,8192,214016
164,52,8192,214016
164,31,11264,214016
164,31,12288,214016
18,41,0,215040
18,20,2048,215040
18,20,3072,215040
18,45,3072,215040
18,113,3072,215040
18,46,4096,215040
18,34,5120,215040
18,35,6144,215040
18,52,6144,215040
18,23,7168,215040
18,52,7168,215040
18,31,10240,215040
18,31,11264,215040
18,31,12288,215040
41,20,2048,215040
41,20,3072,215040
41,45,3072,215040
41,113,3072,215040
41,46,4096,215040
41,34,5120,215040
41,35,6144,215040
41,52,6144,215040
41,23,7168,215040
41,52,7168,215040
41,31,10240,215040
41,31,11264,215040
41,31,12288,215040
41,31,14336,215040
20,20,1024,217088
20,45,1024,217088
20,113,1024,217088
20,46,2048,217088
20,34,3072,217088
20,35,4096,217088
20,52,4096,217088
20,23,5120,217088
20,52,5120,217088
20,31,8192,217088
20,31,9216,217088
20,31,10240,217088
20,31,12288,217088
20,41,12288,217088
20,45,0,218112
20,113,0,218112
20,46,1024,218112
20,34,2048,218112
20,35,3072,218112
20,52,3072,218112
20,23,4096,218112
20,52,4096,218112
20,31,7168,218112
20,31,8192,218112
20,31,9216,218112
20,31,11264,218112
20,41,11264,218112
20,31,13312,218112
45,113,0,218112
45,46,1024,218112
45,34,2048,218112
45,35,3072,218112
45,52,3072,218112
45,23,4096,218112
45,52,4096,218112
45,31,7168,218112
45,31,8192,218112
45,31,9216,218112
45,31,11264,218112
45,41,11264,218112
45,31,13312,218112
45,31,14336,218112
113,46,1024,218112
113,34,2048,218112
113,35,3072,218112
113,52,3072,218112
113,23,4096,218112
113,52,4096,218112
113,31,7168,218112
113,31,8192,218112
113,31,9216,218112
113,31,11264,218112
113,41,11264,218112
113,31,13312,218112
113,31,14336,218112
113,31,16384,218112
46,34,1024,219136
46,35,2048,219136
46,52,2048,219136
46,23,3072,219136
46,52,3072,219136
46,31,6144,219136
46,31,7168,219136
46,31,8192,219136
46,31,10240,219136
46,41,10240,219136
46,31,12288,219136
46,31,13312,219136
46,31,15360,219136
46,31,17408,219136
34,35,1024,220160
34,52,1024,220160
34,23,2048,220160
34,52,2048,220160
34,31,5120,220160
34,31,6144,220160
34,31,7168,220160
34,31,9216,220160
34,41,9216,220160
34,31,11264,220160
34,31,12288,220160
34,31,14336,220160
34,31,16384,220160
34,31,17408,220160
35,52,0,221184
35,23,1024,221184
35,52,1024,221184
35,31,4096,221184
35,31,5120,221184
35,31,6144,221184
35,31,8192,221184
35,41,8192,221184
35,31,10240,221184
35,31,11264,221184
35,31,13312,221184
35,31,15360,221184
35,31,16384,221184
35,23,17408,221184
52,23,1024,221184
52,52,1024,221184
52,31,4096,221184
52,31,5120,221184
52,31,6144,221184
52,31,8192,221184
52,41,8192,221184
52,31,10240,221184
52,31,11264,221184
52,31,13312,221184
52,31,15360,221184
52,31,16384,221184
52,23,17408,221184
52,31,18432,221184
23,52,0,222208
23,31,3072,222208
23,31,4096,222208
23,31,5120,222208
23,31,7168,222208
23,41,7168,222208
23,31,9216,222208
23,31,10240,222208
23,31,12288,222208
23,31,14336,222208
23,31,15360,222208
23,23,16384,222208
23,31,17408,222208
23,23,18432,222208
52,31,3072,222208
52,31,4096,222208
52,31,5120,222208
52,31,7168,222208
52,41,7168,222208
52,31,9216,222208
52,31,10240,222208
52,31,12288,222208
52,31,14336,222208
52,31,15360,222208
52,23,16384,222208
52,31,17408,222208
52,23,18432,222208
52,30,19456,222208
31,31,1024,225280
31,31,2048,225280
31,31,4096,225280
31,41,4096,225280
31,31,6144,225280
31,31,7168,225280
31,31,9216,225280
31,31,11264,225280
31,31,12288,225280
31,23,13312,225280
31,31,14336,225280
31,23,15360,225280
31,30,16384,225280
31,31,17408,225280
31,31,1024,226304
31,31,3072,226304
31,41,3072,226304
31,31,5120,226304
31,31,6144,226304
31,31,8192,226304
31,31,10240,226304
31,31,11264,226304
31,23,12288,226304
31,31,13312,226304
31,23,14336,226304
31,30,15360,226304
31,31,16384,226304
31,31,18432,226304
31,31,2048,227328
31,41,2048,227328
31,31,4096,227328
31,31,5120,227328
31,31,7168,227328
31,31,9216,227328
31,31,10240,227328
31,23,11264,227328
31,31,12288,227328
31,23,13312,227328
31,30,14336,227328
31,31,15360,227328
31,31,17408,227328
31,31,18432,227328
31,41,0,229376
31,31,2048,229376
31,31,3072,229376
31,31,5120,229376
31,31,7168,229376
31,31,8192,229376
31,23,9216,229376
31,31,10240,229376
31,23,11264,229376
31,30,12288,229376
31,31,13312,229376
31,31,15360,229376
31,31,16384,229376
31,31,18432,229376
41,31,2048,229376
41,31,3072,229376
41,31,5120,229376
41,31,7168,229376
41,31,8192,229376
41,23,9216,229376
41,31,10240,229376
41,23,11264,229376
41,30,12288,229376
41,31,13312,229376
41,31,15360,229376
41,31,16384,229376
41,31,18432,229376
41,31,19456,229376
31,31,1024,231424
31,31,3072,231424
31,31,5120,231424
31,31,6144,231424
31,23,7168,231424
31,31,8192,231424
31,23,9216,231424
31,30,10240,231424
31,31,11264,231424
31,31,13312,231424
31,31,14336,231424
31,31,16384,231424
31,31,17408,231424
31,41,19456,231424
31,31,2048,232448
31,31,4096,232448
31,31,5120,232448
31,23,6144,232448
31,31,7168,232448
31,23,8192,232448
31,30,9216,232448
31,31,10240,232448
31,31,12288,232448
31,31,13312,232448
31,31,15360,232448
31,31,16384,232448
31,41,18432,232448
31,31,2048,234496
31,31,3072,234496
31,23,4096,234496
31,31,5120,234496
31,23,6144,234496
31,30,7168,234496
31,31,8192,234496
31,31,10240,234496
31,31,11264,234496
31,31,13312,234496
31,31,14336,234496
31,41,16384,234496
31,23,19456,234496
31,23,20480,234496
31,31,1024,236544
31,23,2048,236544
31,31,3072,236544
31,23,4096,236544
31,30,5120,236544
31,31,6144,236544
31,31,8192,236544
31,31,9216,236544
31,31,11264,236544
31,31,12288,236544
31,41,14336,236544
31,23,17408,236544
31,23,18432,236544
31,23,19456,236544
31,23,1024,237568
31,31,2048,237568
31,23,3072,237568
31,30,4096,237568
31,31,5120,237568
31,31,7168,237568
31,31,8192,237568
31,31,10240,237568
31,31,11264,237568
31,41,13312,237568
31,23,16384,237568
31,23,17408,237568
31,23,18432,237568
31,26,19456,237568
23,31,1024,238592
23,23,2048,238592
23,30,3072,238592
23,31,4096,238592
23,31,6144,238592
23,31,7168,238592
23,31,9216,238592
23,31,10240,238592
23,41,12288,238592
23,23,15360,238592
23,23,16384,238592
23,23,17408,238592
23,26,18432,238592
31,23,1024,239616
31,30,2048,239616
31,31,3072,239616
31,31,5120,239616
31,31,6144,239616
31,31,8192,239616
31,31,9216,239616
31,41,11264,239616
31,23,14336,239616
31,23,15360,239616
31,23,16384,239616
31,26,17408,239616
31,23,20480,239616
23,30,1024,240640
23,31,2048,240640
23,31,4096,240640
23,31,5120,240640
23,31,7168,240640
23,31,8192,240640
23,41,10240,240640
23,23,13312,240640
23,23,14336,240640
23,23,15360,240640
23,26,16384,240640
23,23,19456,240640
30,31,1024,241664
30,31,3072,241664
30,31,4096,241664
30,31,6144,241664
30,31,7168,241664
30,41,9216,241664
30,23,12288,241664
30,23,13312,241664
30,23,14336,241664
30,26,15360,241664
30,23,18432,241664
30,21,20480,241664
31,31,2048,242688
31,31,3072,242688
31,31,5120,242688
31,31,6144,242688
31,41,8192,242688
31,23,11264,242688
31,23,12288,242688
31,23,13312,242688
31,26,14336,242688
31,23,17408,242688
31,21,19456,242688
31,31,1024,244736
31,31,3072,244736
31,31,4096,244736
31,41,6144,244736
31,23,9216,244736
31,23,10240,244736
31,23,11264,244736
31,26,12288,244736
31,23,15360,244736
31,21,17408,244736
31,20,20480,244736
31,31,2048,245760
31,31,3072,245760
31,41,5120,245760
31,23,8192,245760
31,23,9216,245760
31,23,10240,245760
31,26,11264,245760
31,23,14336,245760
31,21,16384,245760
31,20,19456,245760
31,31,1024,247808
31,41,3072,247808
31,23,6144,247808
31,23,7168,247808
31,23,8192,247808
31,26,9216,247808
31,23,12288,247808
31,21,14336,247808
31,20,17408,247808
31,20,19456,247808
31,20,20480,247808
31,41,2048,248832
31,23,5120,248832
31,23,6144,248832
31,23,7168,248832
31,26,8192,248832
31,23,11264,248832
31,21,13312,248832
31,20,16384,248832
31,20,18432,248832
31,20,19456,248832
41,23,3072,250880
41,23,4096,250880
41,23,5120,250880
41,26,6144,250880
41,23,9216,250880
41,21,11264,250880
41,20,14336,250880
41,20,16384,250880
41,20,17408,250880
41,20,20480,250880
23,23,1024,253952
23,23,2048,253952
23,26,3072,253952
23,23,6144,253952
23,21,8192,253952
23,20,11264,253952
23,20,13312,253952
23,20,14336,253952
23,20,17408,253952
23,41,18432,253952
23,20,19456,253952
23,54,19456,253952
23,20,20480,253952
23,51,20480,253952
23,23,1024,254976
23,26,2048,254976
23,23,5120,254976
23,21,7168,254976
23,20,10240,254976
23,20,12288,254976
23,20,13312,254976
23,20,16384,254976
23,41,17408,254976
23,20,18432,254976
23,54,18432,254976
23,20,19456,254976
23,51,19456,254976
23,20,20480,254976
23,26,1024,256000
23,23,4096,256000
23,21,6144,256000
23,20,9216,256000
23,20,11264,256000
23,20,12288,256000
23,20,15360,256000
23,41,16384,256000
23,20,17408,256000
23,54,17408,256000
23,20,18432,256000
23,51,18432,256000
23,20,19456,256000
23,52,19456,256000
26,23,3072,257024
26,21,5120,257024
26,20,8192,257024
26,20,10240,257024
26,20,11264,257024
26,20,14336,257024
26,41,15360,257024
26,20,16384,257024
26,54,16384,257024
26,20,17408,257024
26,51,17408,257024
26,20,18432,257024
26,52,18432,257024
26,52,19456,257024
23,21,2048,260096
23,20,5120,260096
23,20,7168,260096
23,20,8192,260096
23,20,11264,260096
23,41,12288,260096
23,20,13312,260096
23,54,13312,260096
23,20,14336,260096
23,51,14336,260096
23,20,15360,260096
23,52,15360,260096
23,52,16384,260096
23,52,17408,260096
21,20,3072,262144
21,20,5120,262144
21,20,6144,262144
21,20,9216,262144
21,41,10240,262144
21,20,11264,262144
21,54,11264,262144
21,20,12288,262144
21,51,12288,262144
21,20,13312,262144
21,52,13312,262144
21,52,14336,262144
21,52,15360,262144
21,20,17408,262144
20,20,2048,265216
20,20,3072,265216
20,20,6144,265216
20,41,7168,265216
20,20,8192,265216
20,54,8192,265216
20,20,9216,265216
20,51,9216,265216
20,20,10240,265216
20,52,10240,265216
20,52,11264,265216
20,52,12288,265216
20,20,14336,265216
20,62,14336,265216
20,20,1024,267264
20,20,4096,267264
20,41,5120,267264
20,20,6144,267264
20,54,6144,267264
20,20,7168,267264
20,51,7168,267264
20,20,8192,267264
20,52,8192,267264
20,52,9216,267264
20,52,10240,267264
20,20,12288,267264
20,62,12288,267264
20,41,13312,267264
20,20,3072,268288
20,41,4096,268288
20,20,5120,268288
20,54,5120,268288
20,20,6144,268288
20,51,6144,268288
20,20,7168,268288
20,52,7168,268288
20,52,8192,268288
20,52,9216,268288
20,20,11264,268288
20,62,11264,268288
20,41,12288,268288
20,41,13312,268288
20,41,1024,271360
20,20,2048,271360
20,54,2048,271360
20,20,3072,271360
20,51,3072,271360
20,20,4096,271360
20,52,4096,271360
20,52,5120,271360
20,52,6144,271360
20,20,8192,271360
20,62,8192,271360
20,41,9216,271360
20,41,10240,271360
20,23,11264,271360
41,20,1024,272384
41,54,1024,272384
41,20,2048,272384
41,51,2048,272384
41,20,3072,272384
41,52,3072,272384
41,52,4096,272384
41,52,5120,272384
41,20,7168,272384
41,62,7168,272384
41,41,8192,272384
41,41,9216,272384
41,23,10240,272384
41,20,11264,272384
20,54,0,273408
20,20,1024,273408
20,51,1024,273408
20,20,2048,273408
20,52,2048,273408
20,52,3072,273408
20,52,4096,273408
20,20,6144,273408
20,62,6144,273408
20,41,7168,273408
20,41,8192,273408
20,23,9216,273408
20,20,10240,273408
20,41,10240,273408
54,20,1024,273408
54,51,1024,273408
54,20,2048,273408
54,52,2048,273408
54,52,3072,273408
54,52,4096,273408
54,20,6144,273408
54,62,6144,273408
54,41,7168,273408
54,41,8192,273408
54,23,9216,273408
54,20,10240,273408
54,41,10240,273408
54,21,11264,273408
20,51,0,274432
20,20,1024,274432
20,52,1024,274432
20,52,2048,274432
20,52,3072,274432
20,20,5120,274432
20,62,5120,274432
20,41,6144,274432
20,41,7168,274432
20,23,8192,274432
20,20,9216,274432
20,41,9216,274432
20,21,10240,274432
20,52,10240,274432
51,20,1024,274432
51,52,1024,274432
51,52,2048,274432
51,52,3072,274432
51,20,5120,274432
51,62,5120,274432
51,41,6144,274432
51,41,7168,274432
51,23,8192,274432
51,20,9216,274432
51,41,9216,274432
51,21,10240,274432
51,52,10240,274432
51,20,11264,274432
20,52,0,275456
20,52,1024,275456
20,52,2048,275456
20,20,4096,275456
20,62,4096,275456
20,41,5120,275456
20,41,6144,275456
20,23,7168,275456
20,20,8192,275456
20,41,8192,275456
20,21,9216,275456
20,52,9216,275456
20,20,10240,275456
20,51,10240,275456
52,52,1024,275456
52,52,2048,275456
52,20,4096,275456
52,62,4096,275456
52,41,5120,275456
52,41,6144,275456
52,23,7168,275456
52,20,8192,275456
52,41,8192,275456
52,21,9216,275456
52,52,9216,275456
52,20,10240,275456
52,51,10240,275456
52,127,10240,275456
52,52,1024,276480
52,20,3072,276480
52,62,3072,276480
52,41,4096,276480
52,41,5120,276480
52,23,6144,276480
52,20,7168,276480
52,41,7168,276480
52,21,8192,276480
52,52,8192,276480
52,20,9216,276480
52,51,9216,276480
52,127,9216,276480
52,20,10240,276480
52,20,2048,277504
52,62,2048,277504
52,41,3072,277504
52,41,4096,277504
52,23,5120,277504
52,20,6144,277504
52,41,6144,277504
52,21,7168,277504
52,52,7168,277504
52,20,8192,277504
52,51,8192,277504
52,127,8192,277504
52,20,9216,277504
52,52,9216,277504
20,62,0,279552
20,41,1024,279552
20,41,2048,279552
20,23,3072,279552
20,20,4096,279552
20,41,4096,279552
20,21,5120,279552
20,52,5120,279552
20,20,6144,279552
20,51,6144,279552
20,127,6144,279552
20,20,7168,279552
20,52,7168,279552
20,129,7168,279552
62,41,1024,279552
62,41,2048,279552
62,23,3072,279552
62,20,4096,279552
62,41,4096,279552
62,21,5120,279552
62,52,5120,279552
62,20,6144,279552
62,51,6144,279552
62,127,6144,279552
62,20,7168,279552
62,52,7168,279552
62,129,7168,279552
62,52,8192,279552
41,41,1024,280576
41,23,2048,280576
41,20,3072,280576
41,41,3072,280576
41,21,4096,280576
41,52,4096,280576
41,20,5120,280576
41,51,5120,280576
41,127,5120,280576
41,20,6144,280576
41,52,6144,280576
41,129,6144,280576
41,52,7168,280576
41,20,8192,280576
41,23,1024,281600
41,20,2048,281600
41,41,2048,281600
41,21,3072,281600
41,52,3072,281600
41,20,4096,281600
41,51,4096,281600
41,127,4096,281600
41,20,5120,281600
41,52,5120,281600
41,129,5120,281600
41,52,6144,281600
41,20,7168,281600
41,31,9216,281600
23,20,1024,282624
23,41,1024,282624
23,21,2048,282624
23,52,2048,282624
23,20,3072,282624
23,51,3072,282624
23,127,3072,282624
23,20,4096,282624
23,52,4096,282624
23,129,4096,282624
23,52,5120,282624
23,20,6144,282624
23,31,8192,282624
23,40,8192,282624
20,41,0,283648
20,21,1024,283648
20,52,1024,283648
20,20,2048,283648
20,51,2048,283648
20,127,2048,283648
20,20,3072,283648
20,52,3072,283648
20,129,3072,283648
20,52,4096,283648
20,20,5120,283648
20,31,7168,283648
20,40,7168,283648
20,41,8192,283648
41,21,1024,283648
41,52,1024,283648
41,20,2048,283648
41,51,2048,283648
41,127,2048,283648
41,20,3072,283648
41,52,3072,283648
41,129,3072,283648
41,52,4096,283648
41,20,5120,283648
41,31,7168,283648
41,40,7168,283648
41,41,8192,283648
41,20,9216,283648
21,52,0,284672
21,20,1024,284672
21,51,1024,284672
21,127,1024,284672
21,20,2048,284672
21,52,2048,284672
21,129,2048,284672
21,52,3072,284672
21,20,4096,284672
21,31,6144,284672
21,40,6144,284672
21,41,7168,284672
21,20,8192,284672
21,40,8192,284672
52,20,1024,284672
52,51,1024,284672
52,127,1024,284672
52,20,2048,284672
52,52,2048,284672
52,129,2048,284672
52,52,3072,284672
52,20,4096,284672
52,31,6144,284672
52,40,6144,284672
52,41,7168,284672
52,20,8192,284672
52,40,8192,284672
52,46,11264,284672
20,51,0,285696
20,127,0,285696
20,20,1024,285696
20,52,1024,285696
20,129,1024,285696
20,52,2048,285696
20,20,3072,285696
20,31,5120,285696
20,40,5120,285696
20,41,6144,285696
20,20,7168,285696
20,40,7168,285696
20,46,10240,285696
20,20,11264,285696
51,127,0,285696
51,20,1024,285696
51,52,1024,285696
51,129,1024,285696
51,52,2048,285696
51,20,3072,285696
51,31,5120,285696
51,40,5120,285696
51,41,6144,285696
51,20,7168,285696
51,40,7168,285696
51,46,10240,285696
51,20,11264,285696
51,51,13312,285696
127,20,1024,285696
127,52,1024,285696
127,129,1024,285696
127,52,2048,285696
127,20,3072,285696
127,31,5120,285696
127,40,5120,285696
127,41,6144,285696
127,20,7168,285696
127,40,7168,285696
127,46,10240,285696
127,20,11264,285696
127,51,13312,285696
127,20,15360,285696
20,52,0,286720
20,129,0,286720
20,52,1024,286720
20,20,2048,286720
20,31,4096,286720
20,40,4096,286720
20,41,5120,286720
20,20,6144,286720
20,40,6144,286720
20,46,9216,286720
20,20,10240,286720
20,51,12288,286720
20,20,14336,286720
20,20,15360,286720
52,129,0,286720
52,52,1024,286720
52,20,2048,286720
52,31,4096,286720
52,40,4096,286720
52,41,5120,286720
52,20,6144,286720
52,40,6144,286720
52,46,9216,286720
52,20,10240,286720
52,51,12288,286720
52,20,14336,286720
52,20,15360,286720
52,41,15360,286720
129,52,1024,286720
129,20,2048,286720
129,31,4096,286720
129,40,4096,286720
129,41,5120,286720
129,20,6144,286720
129,40,6144,286720
129,46,9216,286720
129,20,10240,286720
129,51,12288,286720
129,20,14336,286720
129,20,15360,286720
129,41,15360,286720
129,20,16384,286720
52,20,1024,287744
52,31,3072,287744
52,40,3072,287744
52,41,4096,287744
52,20,5120,287744
52,40,5120,287744
52,46,8192,287744
52,20,9216,287744
52,51,11264,287744
52,20,13312,287744
52,20,14336,287744
52,41,14336,287744
52,20,15360,287744
52,41,15360,287744
20,31,2048,288768
20,40,2048,288768
20,41,3072,288768
20,20,4096,288768
20,40,4096,288768
20,46,7168,288768
20,20,8192,288768
20,51,10240,288768
20,20,12288,288768
20,20,13312,288768
20,41,13312,288768
20,20,14336,288768
20,41,14336,288768
20,20,15360,288768
31,40,0,290816
31,41,1024,290816
31,20,2048,290816
31,40,2048,290816
31,46,5120,290816
31,20,6144,290816
31,51,8192,290816
31,20,10240,290816
31,20,11264,290816
31,41,11264,290816
31,20,12288,290816
31,41,12288,290816
31,20,13312,290816
31,41,13312,290816
40,41,1024,290816
40,20,2048,290816
40,40,2048,290816
40,46,5120,290816
40,20,6144,290816
40,51,8192,290816
40,20,10240,290816
40,20,11264,290816
40,41,11264,290816
40,20,12288,290816
40,41,12288,290816
40,20,13312,290816
40,41,13312,290816
40,41,14336,290816
41,20,1024,291840
41,40,1024,291840
41,46,4096,291840
41,20,5120,291840
41,51,7168,291840
41,20,9216,291840
41,20,10240,291840
41,41,10240,291840
41,20,11264,291840
41,41,11264,291840
41,20,12288,291840
41,41,12288,291840
41,41,13312,291840
41,41,14336,291840
20,40,0,292864
20,46,3072,292864
20,20,4096,292864
20,51,6144,292864
20,20,8192,292864
20,20,9216,292864
20,41,9216,292864
20,20,10240,292864
20,41,10240,292864
20,20,11264,292864
20,41,11264,292864
20,41,12288,292864
20,41,13312,292864
20,20,15360,292864
40,46,3072,292864
40,20,4096,292864
40,51,6144,292864
40,20,8192,292864
40,20,9216,292864
40,41,9216,292864
40,20,10240,292864
40,41,10240,292864
40,20,11264,292864
40,41,11264,292864
40,41,12288,292864
40,41,13312,292864
40,20,15360,292864
40,40,15360,292864
46,20,1024,295936
46,51,3072,295936
46,20,5120,295936
46,20,6144,295936
46,41,6144,295936
46,20,7168,295936
46,41,7168,295936
46,20,8192,295936
46,41,8192,295936
46,41,9216,295936
46,41,10240,295936
46,20,12288,295936
46,40,12288,295936
46,19,15360,295936
20,51,2048,296960
20,20,4096,296960
20,20,5120,296960
20,41,5120,296960
20,20,6144,296960
20,41,6144,296960
20,20,7168,296960
20,41,7168,296960
20,41,8192,296960
20,41,9216,296960
20,20,11264,296960
20,40,11264,296960
20,19,14336,296960
20,19,15360,296960
51,20,2048,299008
51,20,3072,299008
51,41,3072,299008
51,20,4096,299008
51,41,4096,299008
51,20,5120,299008
51,41,5120,299008
51,41,6144,299008
51,41,7168,299008
51,20,9216,299008
51,40,9216,299008
51,19,12288,299008
51,19,13312,299008
51,20,15360,299008
20,20,1024,301056
20,41,1024,301056
20,20,2048,301056
20,41,2048,301056
20,20,3072,301056
20,41,3072,301056
20,41,4096,301056
20,41,5120,301056
20,20,7168,301056
20,40,7168,301056
20,19,10240,301056
20,19,11264,301056
20,20,13312,301056
20,31,14336,301056
20,41,0,302080
20,20,1024,302080
20,41,1024,302080
20,20,2048,302080
20,41,2048,302080
20,41,3072,302080
20,41,4096,302080
20,20,6144,302080
20,40,6144,302080
20,19,9216,302080
20,19,10240,302080
20,20,12288,302080
20,31,13312,302080
20,19,16384,302080
41,20,1024,302080
41,41,1024,302080
41,20,2048,302080
41,41,2048,302080
41,41,3072,302080
41,41,4096,302080
41,20,6144,302080
41,40,6144,302080
41,19,9216,302080
41,19,10240,302080
41,20,12288,302080
41,31,13312,302080
41,19,16384,302080
41,52,16384,302080
20,41,0,303104
20,20,1024,303104
20,41,1024,303104
20,41,2048,303104
20,41,3072,303104
20,20,5120,303104
20,40,5120,303104
20,19,8192,303104
20,19,9216,303104
20,20,11264,303104
20,31,12288,303104
20,19,15360,303104
20,52,15360,303104
20,130,15360,303104
41,20,1024,303104
41,41,1024,303104
41,41,2048,303104
41,41,3072,303104
41,20,5120,303104
41,40,5120,303104
41,19,8192,303104
41,19,9216,303104
41,20,11264,303104
41,31,12288,303104
41,19,15360,303104
41,52,15360,303104
41,130,15360,303104
41,19,16384,303104
20,41,0,304128
20,41,1024,304128
20,41,2048,304128
20,20,4096,304128
20,40,4096,304128
20,19,7168,304128
20,19,8192,304128
20,20,10240,304128
20,31,11264,304128
20,19,14336,304128
20,52,14336,304128
20,130,14336,304128
20,19,15360,304128
20,129,15360,304128
41,41,1024,304128
41,41,2048,304128
41,20,4096,304128
41,40,4096,304128
41,19,7168,304128
41,19,8192,304128
41,20,10240,304128
41,31,11264,304128
41,19,14336,304128
41,52,14336,304128
41,130,14336,304128
41,19,15360,304128
41,129,15360,304128
41,19,16384,304128
41,41,1024,305152
41,20,3072,305152
41,40,3072,305152
41,19,6144,305152
41,19,7168,305152
41,20,9216,305152
41,31,10240,305152
41,19,13312,305152
41,52,13312,305152
41,130,13312,305152
41,19,14336,305152
41,129,14336,305152
41,19,15360,305152
41,52,15360,305152
41,20,2048,306176
41,40,2048,306176
41,19,5120,306176
41,19,6144,306176
41,20,8192,306176
41,31,9216,306176
41,19,12288,306176
41,52,12288,306176
41,130,12288,306176
41,19,13312,306176
41,129,13312,306176
41,19,14336,306176
41,52,14336,306176
41,129,14336,306176
20,40,0,308224
20,19,3072,308224
20,19,4096,308224
20,20,6144,308224
20,31,7168,308224
20,19,10240,308224
20,52,10240,308224
20,130,10240,308224
20,19,11264,308224
20,129,11264,308224
20,19,12288,308224
20,52,12288,308224
20,129,12288,308224
20,19,14336,308224
40,19,3072,308224
40,19,4096,308224
40,20,6144,308224
40,31,7168,308224
40,19,10240,308224
40,52,10240,308224
40,130,10240,308224
40,19,11264,308224
40,129,11264,308224
40,19,12288,308224
40,52,12288,308224
40,129,12288,308224
40,19,14336,308224
40,39,15360,308224
19,19,1024,311296
19,20,3072,311296
19,31,4096,311296
19,19,7168,311296
19,52,7168,311296
19,130,7168,311296
19,19,8192,311296
19,129,8192,311296
19,19,9216,311296
19,52,9216,311296
19,129,9216,311296
19,19,11264,311296
19,39,12288,311296
19,40,12288,311296
19,20,2048,312320
19,31,3072,312320
19,19,6144,312320
19,52,6144,312320
19,130,6144,312320
19,19,7168,312320
19,129,7168,312320
19,19,8192,312320
19,52,8192,312320
19,129,8192,312320
19,19,10240,312320
19,39,11264,312320
19,40,11264,312320
19,19,13312,312320
20,31,1024,314368
20,19,4096,314368
20,52,4096,314368
20,130,4096,314368
20,19,5120,314368
20,129,5120,314368
20,19,6144,314368
20,52,6144,314368
20,129,6144,314368
20,19,8192,314368
20,39,9216,314368
20,40,9216,314368
20,19,11264,314368
20,39,12288,314368
31,19,3072,315392
31,52,3072,315392
31,130,3072,315392
31,19,4096,315392
31,129,4096,315392
31,19,5120,315392
31,52,5120,315392
31,129,5120,315392
31,19,7168,315392
31,39,8192,315392
31,40,8192,315392
31,19,10240,315392
31,39,11264,315392
31,78,11264,315392
19,52,0,318464
19,130,0,318464
19,19,1024,318464
19,129,1024,318464
19,19,2048,318464
19,52,2048,318464
19,129,2048,318464
19,19,4096,318464
19,39,5120,318464
19,40,5120,318464
19,19,7168,318464
19,39,8192,318464
19,78,8192,318464
19,39,9216,318464
52,130,0,318464
52,19,1024,318464
52,129,1024,318464
52,19,2048,318464
52,52,2048,318464
52,129,2048,318464
52,19,4096,318464
52,39,5120,318464
52,40,5120,318464
52,19,7168,318464
52,39,8192,318464
52,78,8192,318464
52,39,9216,318464
52,77,9216,318464
130,19,1024,318464
130,129,1024,318464
130,19,2048,318464
130,52,2048,318464
130,129,2048,318464
130,19,4096,318464
130,39,5120,318464
130,40,5120,318464
130,19,7168,318464
130,39,8192,318464
130,78,8192,318464
130,39,9216,318464
130,77,9216,318464
130,31,10240,318464
19,129,0,319488
19,19,1024,319488
19,52,1024,319488
19,129,1024,319488
19,19,3072,319488
19,39,4096,319488
19,40,4096,319488
19,19,6144,319488
19,39,7168,319488
19,78,7168,319488
19,39,8192,319488
19,77,8192,319488
19,31,9216,319488
129,19,1024,319488
129,52,1024,319488
129,129,1024,319488
129,19,3072,319488
129,39,4096,319488
129,40,4096,319488
129,19,6144,319488
129,39,7168,319488
129,78,7168,319488
129,39,8192,319488
129,77,8192,319488
129,31,9216,319488
19,52,0,320512
19,129,0,320512
19,19,2048,320512
19,39,3072,320512
19,40,3072,320512
19,19,5120,320512
19,39,6144,320512
19,78,6144,320512
19,39,7168,320512
19,77,7168,320512
19,31,8192,320512
52,129,0,320512
52,19,2048,320512
52,39,3072,320512
52,40,3072,320512
52,19,5120,320512
52,39,6144,320512
52,78,6144,320512
52,39,7168,320512
52,77,7168,320512
52,31,8192,320512
129,19,2048,320512
129,39,3072,320512
129,40,3072,320512
129,19,5120,320512
129,39,6144,320512
129,78,6144,320512
129,39,7168,320512
129,77,7168,320512
129,31,8192,320512
19,39,1024,322560
19,40,1024,322560
19,19,3072,322560
19,39,4096,322560
19,78,4096,322560
19,39,5120,322560
19,77,5120,322560
19,31,6144,322560
39,40,0,323584
39,19,2048,323584
39,39,3072,323584
39,78,3072,323584
39,39,4096,323584
39,77,4096,323584
39,31,5120,323584
40,19,2048,323584
40,39,3072,323584
40,78,3072,323584
40,39,4096,323584
40,77,4096,323584
40,31,5120,323584
19,39,1024,325632
19,78,1024,325632
19,39,2048,325632
19,77,2048,325632
19,31,3072,325632
39,78,0,326656
39,39,1024,326656
39,77,1024,326656
39,31,2048,326656
78,39,1024,326656
78,77,1024,326656
78,31,2048,326656
39,77,0,327680
39,31,1024,327680
77,31,1024,327680
