9,9,1024,0
9,9,2048,0
9,9,3072,0
9,56,5120,0
9,10,16384,0
9,4,19456,0
9,9,1024,1024
9,9,2048,1024
9,56,4096,1024
9,10,15360,1024
9,4,18432,1024
9,10,20480,1024
9,9,1024,2048
9,56,3072,2048
9,10,14336,2048
9,4,17408,2048
9,10,19456,2048
9,56,2048,3072
9,10,13312,3072
9,4,16384,3072
9,10,18432,3072
56,10,11264,5120
56,4,14336,5120
56,10,16384,5120
10,4,3072,16384
10,10,5120,16384
10,10,12288,16384
4,10,2048,19456
4,10,9216,19456
4,10,18432,19456
4,10,19456,19456
10,10,7168,21504
10,10,16384,21504
10,10,17408,21504
10,10,9216,28672
10,10,10240,28672
10,5,14336,28672
10,10,1024,37888
10,5,5120,37888
10,5,4096,38912
5,57,18432,43008
57,39,3072,61440
57,47,4096,61440
57,4,5120,61440
57,37,10240,61440
57,9,11264,61440
57,9,12288,61440
57,9,14336,61440
57,119,15360,61440
39,47,1024,64512
39,4,2048,64512
39,37,7168,64512
39,9,8192,64512
39,9,9216,64512
39,9,11264,64512
39,119,12288,64512
39,9,20480,64512
47,4,1024,65536
47,37,6144,65536
47,9,7168,65536
47,9,8192,65536
47,9,10240,65536
47,119,11264,65536
47,9,19456,65536
4,37,5120,66560
4,9,6144,66560
4,9,7168,66560
4,9,9216,66560
4,119,10240,66560
4,9,18432,66560
4,10,20480,66560
37,9,1024,71680
37,9,2048,71680
37,9,4096,71680
37,119,5120,71680
37,9,13312,71680
37,10,15360,71680
37,10,18432,71680
9,9,1024,72704
9,9,3072,72704
9,119,4096,72704
9,9,12288,72704
9,10,14336,72704
9,10,17408,72704
9,9,2048,73728
9,119,3072,73728
9,9,11264,73728
9,10,13312,73728
9,10,16384,73728
9,119,1024,75776
9,9,9216,75776
9,10,11264,75776
9,10,14336,75776
119,9,8192,76800
119,10,10240,76800
119,10,13312,76800
9,10,2048,84992
9,10,5120,84992
10,10,3072,87040
10,10,18432,90112
10,4,5120,108544
10,20,12288,108544
4,20,7168,113664
20,60,14336,120832
20,60,15360,120832
20,61,16384,120832
20,31,19456,120832
20,31,20480,120832
60,60,1024,135168
60,61,2048,135168
60,31,5120,135168
60,31,6144,135168
60,37,9216,135168
60,36,10240,135168
60,37,11264,135168
60,8,14336,135168
60,9,15360,135168
60,9,16384,135168
60,9,17408,135168
60,61,1024,136192
60,31,4096,136192
60,31,5120,136192
60,37,8192,136192
60,36,9216,136192
60,37,10240,136192
60,8,13312,136192
60,9,14336,136192
60,9,15360,136192
60,9,16384,136192
61,31,3072,137216
61,31,4096,137216
61,37,7168,137216
61,36,8192,137216
61,37,9216,137216
61,8,12288,137216
61,9,13312,137216
61,9,14336,137216
61,9,15360,137216
31,31,1024,140288
31,37,4096,140288
31,36,5120,140288
31,37,6144,140288
31,8,9216,140288
31,9,10240,140288
31,9,11264,140288
31,9,12288,140288
31,37,3072,141312
31,36,4096,141312
31,37,5120,141312
31,8,8192,141312
31,9,9216,141312
31,9,10240,141312
31,9,11264,141312
37,36,1024,144384
37,37,2048,144384
37,8,5120,144384
37,9,6144,144384
37,9,7168,144384
37,9,8192,144384
36,37,1024,145408
36,8,4096,145408
36,9,5120,145408
36,9,6144,145408
36,9,7168,145408
37,8,3072,146432
37,9,4096,146432
37,9,5120,146432
37,9,6144,146432
8,9,1024,149504
8,9,2048,149504
8,9,3072,149504
9,9,1024,150528
9,9,2048,150528
9,9,1024,151552
9,4,20480,152576
4,10,13312,173056
4,14,20480,173056
10,14,7168,186368
10,4,10240,186368
10,10,14336,186368
10,10,15360,186368
10,4,16384,186368
14,4,3072,193536
14,10,7168,193536
14,10,8192,193536
14,4,9216,193536
4,10,4096,196608
4,10,5120,196608
4,4,6144,196608
10,10,1024,200704
10,4,2048,200704
10,4,19456,200704
10,9,20480,200704
10,4,1024,201728
10,4,18432,201728
10,9,19456,201728
4,4,17408,202752
4,9,18432,202752
4,4,20480,202752
4,9,1024,220160
4,4,3072,220160
4,29,7168,220160
4,29,8192,220160
4,31,9216,220160
4,21,11264,220160
4,48,14336,220160
4,49,15360,220160
4,61,17408,220160
9,4,2048,221184
9,29,6144,221184
9,29,7168,221184
9,31,8192,221184
9,21,10240,221184
9,48,13312,221184
9,49,14336,221184
9,61,16384,221184
9,61,20480,221184
4,29,4096,223232
4,29,5120,223232
4,31,6144,223232
4,21,8192,223232
4,48,11264,223232
4,49,12288,223232
4,61,14336,223232
4,61,18432,223232
4,61,19456,223232
4,4,20480,223232
29,29,1024,227328
29,31,2048,227328
29,21,4096,227328
29,48,7168,227328
29,49,8192,227328
29,61,10240,227328
29,61,14336,227328
29,61,15360,227328
29,4,16384,227328
29,31,18432,227328
29,4,19456,227328
29,15,20480,227328
29,31,1024,228352
29,21,3072,228352
29,48,6144,228352
29,49,7168,228352
29,61,9216,228352
29,61,13312,228352
29,61,14336,228352
29,4,15360,228352
29,31,17408,228352
29,4,18432,228352
29,15,19456,228352
29,15,20480,228352
31,21,2048,229376
31,48,5120,229376
31,49,6144,229376
31,61,8192,229376
31,61,12288,229376
31,61,13312,229376
31,4,14336,229376
31,31,16384,229376
31,4,17408,229376
31,15,18432,229376
31,15,19456,229376
21,48,3072,231424
21,49,4096,231424
21,61,6144,231424
21,61,10240,231424
21,61,11264,231424
21,4,12288,231424
21,31,14336,231424
21,4,15360,231424
21,15,16384,231424
21,15,17408,231424
21,31,19456,231424
48,49,1024,234496
48,61,3072,234496
48,61,7168,234496
48,61,8192,234496
48,4,9216,234496
48,31,11264,234496
48,4,12288,234496
48,15,13312,234496
48,15,14336,234496
48,31,16384,234496
48,15,18432,234496
48,15,19456,234496
49,61,2048,235520
49,61,6144,235520
49,61,7168,235520
49,4,8192,235520
49,31,10240,235520
49,4,11264,235520
49,15,12288,235520
49,15,13312,235520
49,31,15360,235520
49,15,17408,235520
49,15,18432,235520
61,61,4096,237568
61,61,5120,237568
61,4,6144,237568
61,31,8192,237568
61,4,9216,237568
61,15,10240,237568
61,15,11264,237568
61,31,13312,237568
61,15,15360,237568
61,15,16384,237568
61,9,19456,237568
61,61,1024,241664
61,4,2048,241664
61,31,4096,241664
61,4,5120,241664
61,15,6144,241664
61,15,7168,241664
61,31,9216,241664
61,15,11264,241664
61,15,12288,241664
61,9,15360,241664
61,9,17408,241664
61,9,18432,241664
61,4,1024,242688
61,31,3072,242688
61,4,4096,242688
61,15,5120,242688
61,15,6144,242688
61,31,8192,242688
61,15,10240,242688
61,15,11264,242688
61,9,14336,242688
61,9,16384,242688
61,9,17408,242688
4,31,2048,243712
4,4,3072,243712
4,15,4096,243712
4,15,5120,243712
4,31,7168,243712
4,15,9216,243712
4,15,10240,243712
4,9,13312,243712
4,9,15360,243712
4,9,16384,243712
31,4,1024,245760
31,15,2048,245760
31,15,3072,245760
31,31,5120,245760
31,15,7168,245760
31,15,8192,245760
31,9,11264,245760
31,9,13312,245760
31,9,14336,245760
31,9,19456,245760
4,15,1024,246784
4,15,2048,246784
4,31,4096,246784
4,15,6144,246784
4,15,7168,246784
4,9,10240,246784
4,9,12288,246784
4,9,13312,246784
4,9,18432,246784
4,5,20480,246784
15,15,1024,247808
15,31,3072,247808
15,15,5120,247808
15,15,6144,247808
15,9,9216,247808
15,9,11264,247808
15,9,12288,247808
15,9,17408,247808
15,5,19456,247808
15,31,2048,248832
15,15,4096,248832
15,15,5120,248832
15,9,8192,248832
15,9,10240,248832
15,9,11264,248832
15,9,16384,248832
15,5,18432,248832
31,15,2048,250880
31,15,3072,250880
31,9,6144,250880
31,9,8192,250880
31,9,9216,250880
31,9,14336,250880
31,5,16384,250880
31,4,19456,250880
15,15,1024,252928
15,9,4096,252928
15,9,6144,252928
15,9,7168,252928
15,9,12288,252928
15,5,14336,252928
15,4,17408,252928
15,9,3072,253952
15,9,5120,253952
15,9,6144,253952
15,9,11264,253952
15,5,13312,253952
15,4,16384,253952
15,9,20480,253952
9,9,2048,257024
9,9,3072,257024
9,9,8192,257024
9,5,10240,257024
9,4,13312,257024
9,9,17408,257024
9,9,18432,257024
9,9,1024,259072
9,9,6144,259072
9,5,8192,259072
9,4,11264,259072
9,9,15360,259072
9,9,16384,259072
9,4,20480,259072
9,9,5120,260096
9,5,7168,260096
9,4,10240,260096
9,9,14336,260096
9,9,15360,260096
9,4,19456,260096
9,5,2048,265216
9,4,5120,265216
9,9,9216,265216
9,9,10240,265216
9,4,14336,265216
5,4,3072,267264
5,9,7168,267264
5,9,8192,267264
5,4,12288,267264
4,9,4096,270336
4,9,5120,270336
4,4,9216,270336
4,9,20480,270336
9,9,1024,274432
9,4,5120,274432
9,9,16384,274432
9,7,19456,274432
9,4,4096,275456
9,9,15360,275456
9,7,18432,275456
4,9,11264,279552
4,7,14336,279552
9,7,3072,290816
9,10,12288,290816
9,10,13312,290816
7,10,9216,293888
7,10,10240,293888
7,15,18432,293888
7,15,19456,293888
7,10,20480,293888
10,10,1024,303104
10,15,9216,303104
10,15,10240,303104
10,10,11264,303104
10,10,14336,303104
10,10,18432,303104
10,10,19456,303104
10,15,8192,304128
10,15,9216,304128
10,10,10240,304128
10,10,13312,304128
10,10,17408,304128
10,10,18432,304128
15,15,1024,312320
15,10,2048,312320
15,10,5120,312320
15,10,9216,312320
15,10,10240,312320
15,4,14336,312320
15,10,1024,313344
15,10,4096,313344
15,10,8192,313344
15,10,9216,313344
15,4,13312,313344
10,10,3072,314368
10,10,7168,314368
10,10,8192,314368
10,4,12288,314368
10,10,4096,317440
10,10,5120,317440
10,4,9216,317440
10,10,1024,321536
10,4,5120,321536
10,4,4096,322560
