50,45,3072,24576
50,44,4096,24576
50,48,5120,24576
50,46,6144,24576
50,46,7168,24576
50,67,8192,24576
50,49,10240,24576
45,44,1024,27648
45,48,2048,27648
45,46,3072,27648
45,46,4096,27648
45,67,5120,27648
45,49,7168,27648
45,24,19456,27648
45,46,19456,27648
44,48,1024,28672
44,46,2048,28672
44,46,3072,28672
44,67,4096,28672
44,49,6144,28672
44,24,18432,28672
44,46,18432,28672
48,46,1024,29696
48,46,2048,29696
48,67,3072,29696
48,49,5120,29696
48,24,17408,29696
48,46,17408,29696
48,38,20480,29696
46,46,1024,30720
46,67,2048,30720
46,49,4096,30720
46,24,16384,30720
46,46,16384,30720
46,38,19456,30720
46,25,20480,30720
46,67,1024,31744
46,49,3072,31744
46,24,15360,31744
46,46,15360,31744
46,38,18432,31744
46,25,19456,31744
67,49,2048,32768
67,24,14336,32768
67,46,14336,32768
67,38,17408,32768
67,25,18432,32768
67,48,20480,32768
49,24,12288,34816
49,46,12288,34816
49,38,15360,34816
49,25,16384,34816
49,48,18432,34816
49,47,19456,34816
24,46,0,47104
24,38,3072,47104
24,25,4096,47104
24,48,6144,47104
24,47,7168,47104
24,25,9216,47104
24,65,18432,47104
24,65,19456,47104
24,66,20480,47104
46,38,3072,47104
46,25,4096,47104
46,48,6144,47104
46,47,7168,47104
46,25,9216,47104
46,65,18432,47104
46,65,19456,47104
46,66,20480,47104
38,25,1024,50176
38,48,3072,50176
38,47,4096,50176
38,25,6144,50176
38,65,15360,50176
38,65,16384,50176
38,66,17408,50176
25,48,2048,51200
25,47,3072,51200
25,25,5120,51200
25,65,14336,51200
25,65,15360,51200
25,66,16384,51200
48,47,1024,53248
48,25,3072,53248
48,65,12288,53248
48,65,13312,53248
48,66,14336,53248
47,25,2048,54272
47,65,11264,54272
47,65,12288,54272
47,66,13312,54272
25,65,9216,56320
25,65,10240,56320
25,66,11264,56320
65,65,1024,65536
65,66,2048,65536
65,65,12288,65536
65,73,15360,65536
65,24,19456,65536
65,25,20480,65536
65,66,1024,66560
65,65,11264,66560
65,73,14336,66560
65,24,18432,66560
65,25,19456,66560
65,24,20480,66560
66,65,10240,67584
66,73,13312,67584
66,24,17408,67584
66,25,18432,67584
66,24,19456,67584
66,24,20480,67584
65,73,3072,77824
65,24,7168,77824
65,25,8192,77824
65,24,9216,77824
65,24,10240,77824
65,24,11264,77824
65,24,12288,77824
65,24,13312,77824
65,24,14336,77824
65,24,17408,77824
73,24,4096,80896
73,25,5120,80896
73,24,6144,80896
73,24,7168,80896
73,24,8192,80896
73,24,9216,80896
73,24,10240,80896
73,24,11264,80896
73,24,14336,80896
73,24,20480,80896
24,25,1024,84992
24,24,2048,84992
24,24,3072,84992
24,24,4096,84992
24,24,5120,84992
24,24,6144,84992
24,24,7168,84992
24,24,10240,84992
24,24,16384,84992
24,24,17408,84992
24,24,18432,84992
24,24,19456,84992
24,44,19456,84992
24,24,20480,84992
25,24,1024,86016
25,24,2048,86016
25,24,3072,86016
25,24,4096,86016
25,24,5120,86016
25,24,6144,86016
25,24,9216,86016
25,24,15360,86016
25,24,16384,86016
25,24,17408,86016
25,24,18432,86016
25,44,18432,86016
25,24,19456,86016
25,46,19456,86016
24,24,1024,87040
24,24,2048,87040
24,24,3072,87040
24,24,4096,87040
24,24,5120,87040
24,24,8192,87040
24,24,14336,87040
24,24,15360,87040
24,24,16384,87040
24,24,17408,87040
24,44,17408,87040
24,24,18432,87040
24,46,18432,87040
24,24,19456,87040
24,24,1024,88064
24,24,2048,88064
24,24,3072,88064
24,24,4096,88064
24,24,7168,88064
24,24,13312,88064
24,24,14336,88064
24,24,15360,88064
24,24,16384,88064
24,44,16384,88064
24,24,17408,88064
24,46,17408,88064
24,24,18432,88064
24,24,1024,89088
24,24,2048,89088
24,24,3072,89088
24,24,6144,89088
24,24,12288,89088
24,24,13312,89088
24,24,14336,89088
24,24,15360,89088
24,44,15360,89088
24,24,16384,89088
24,46,16384,89088
24,24,17408,89088
24,24,1024,90112
24,24,2048,90112
24,24,5120,90112
24,24,11264,90112
24,24,12288,90112
24,24,13312,90112
24,24,14336,90112
24,44,14336,90112
24,24,15360,90112
24,46,15360,90112
24,24,16384,90112
24,24,1024,91136
24,24,4096,91136
24,24,10240,91136
24,24,11264,91136
24,24,12288,91136
24,24,13312,91136
24,44,13312,91136
24,24,14336,91136
24,46,14336,91136
24,24,15360,91136
24,24,20480,91136
24,24,3072,92160
24,24,9216,92160
24,24,10240,92160
24,24,11264,92160
24,24,12288,92160
24,44,12288,92160
24,24,13312,92160
24,46,13312,92160
24,24,14336,92160
24,24,19456,92160
24,24,20480,92160
24,24,6144,95232
24,24,7168,95232
24,24,8192,95232
24,24,9216,95232
24,44,9216,95232
24,24,10240,95232
24,46,10240,95232
24,24,11264,95232
24,24,16384,95232
24,24,17408,95232
24,24,18432,95232
24,24,1024,101376
24,24,2048,101376
24,24,3072,101376
24,44,3072,101376
24,24,4096,101376
24,46,4096,101376
24,24,5120,101376
24,24,10240,101376
24,24,11264,101376
24,24,12288,101376
24,76,19456,101376
24,55,20480,101376
24,24,1024,102400
24,24,2048,102400
24,44,2048,102400
24,24,3072,102400
24,46,3072,102400
24,24,4096,102400
24,24,9216,102400
24,24,10240,102400
24,24,11264,102400
24,76,18432,102400
24,55,19456,102400
24,24,1024,103424
24,44,1024,103424
24,24,2048,103424
24,46,2048,103424
24,24,3072,103424
24,24,8192,103424
24,24,9216,103424
24,24,10240,103424
24,76,17408,103424
24,55,18432,103424
24,44,0,104448
24,24,1024,104448
24,46,1024,104448
24,24,2048,104448
24,24,7168,104448
24,24,8192,104448
24,24,9216,104448
24,76,16384,104448
24,55,17408,104448
24,36,20480,104448
44,24,1024,104448
44,46,1024,104448
44,24,2048,104448
44,24,7168,104448
44,24,8192,104448
44,24,9216,104448
44,76,16384,104448
44,55,17408,104448
44,36,20480,104448
24,46,0,105472
24,24,1024,105472
24,24,6144,105472
24,24,7168,105472
24,24,8192,105472
24,76,15360,105472
24,55,16384,105472
24,36,19456,105472
24,36,20480,105472
46,24,1024,105472
46,24,6144,105472
46,24,7168,105472
46,24,8192,105472
46,76,15360,105472
46,55,16384,105472
46,36,19456,105472
46,36,20480,105472
24,24,5120,106496
24,24,6144,106496
24,24,7168,106496
24,76,14336,106496
24,55,15360,106496
24,36,18432,106496
24,36,19456,106496
24,46,20480,106496
24,24,1024,111616
24,24,2048,111616
24,76,9216,111616
24,55,10240,111616
24,36,13312,111616
24,36,14336,111616
24,46,15360,111616
24,24,1024,112640
24,76,8192,112640
24,55,9216,112640
24,36,12288,112640
24,36,13312,112640
24,46,14336,112640
24,76,7168,113664
24,55,8192,113664
24,36,11264,113664
24,36,12288,113664
24,46,13312,113664
24,69,20480,113664
76,55,1024,120832
76,36,4096,120832
76,36,5120,120832
76,46,6144,120832
76,69,13312,120832
76,69,14336,120832
76,37,15360,120832
76,71,19456,120832
76,69,20480,120832
55,36,3072,121856
55,36,4096,121856
55,46,5120,121856
55,69,12288,121856
55,69,13312,121856
55,37,14336,121856
55,71,18432,121856
55,69,19456,121856
36,36,1024,124928
36,46,2048,124928
36,69,9216,124928
36,69,10240,124928
36,37,11264,124928
36,71,15360,124928
36,69,16384,124928
36,37,18432,124928
36,46,1024,125952
36,69,8192,125952
36,69,9216,125952
36,37,10240,125952
36,71,14336,125952
36,69,15360,125952
36,37,17408,125952
36,70,20480,125952
46,69,7168,126976
46,69,8192,126976
46,37,9216,126976
46,71,13312,126976
46,69,14336,126976
46,37,16384,126976
46,70,19456,126976
69,69,1024,134144
69,37,2048,134144
69,71,6144,134144
69,69,7168,134144
69,37,9216,134144
69,70,12288,134144
69,64,15360,134144
69,64,16384,134144
69,65,17408,134144
69,66,18432,134144
69,37,1024,135168
69,71,5120,135168
69,69,6144,135168
69,37,8192,135168
69,70,11264,135168
69,64,14336,135168
69,64,15360,135168
69,65,16384,135168
69,66,17408,135168
37,71,4096,136192
37,69,5120,136192
37,37,7168,136192
37,70,10240,136192
37,64,13312,136192
37,64,14336,136192
37,65,15360,136192
37,66,16384,136192
71,69,1024,140288
71,37,3072,140288
71,70,6144,140288
71,64,9216,140288
71,64,10240,140288
71,65,11264,140288
71,66,12288,140288
69,37,2048,141312
69,70,5120,141312
69,64,8192,141312
69,64,9216,141312
69,65,10240,141312
69,66,11264,141312
37,70,3072,143360
37,64,6144,143360
37,64,7168,143360
37,65,8192,143360
37,66,9216,143360
70,64,3072,146432
70,64,4096,146432
70,65,5120,146432
70,66,6144,146432
64,64,1024,149504
64,65,2048,149504
64,66,3072,149504
64,65,1024,150528
64,66,2048,150528
64,32,20480,150528
64,48,20480,150528
65,66,1024,151552
65,32,19456,151552
65,48,19456,151552
66,32,18432,152576
66,48,18432,152576
32,48,0,171008
32,36,7168,171008
32,33,9216,171008
32,70,12288,171008
32,32,14336,171008
32,38,17408,171008
32,38,18432,171008
32,49,19456,171008
32,47,20480,171008
48,36,7168,171008
48,33,9216,171008
48,70,12288,171008
48,32,14336,171008
48,38,17408,171008
48,38,18432,171008
48,49,19456,171008
48,47,20480,171008
36,33,2048,178176
36,70,5120,178176
36,32,7168,178176
36,38,10240,178176
36,38,11264,178176
36,49,12288,178176
36,47,13312,178176
36,24,14336,178176
33,70,3072,180224
33,32,5120,180224
33,38,8192,180224
33,38,9216,180224
33,49,10240,180224
33,47,11264,180224
33,24,12288,180224
70,32,2048,183296
70,38,5120,183296
70,38,6144,183296
70,49,7168,183296
70,47,8192,183296
70,24,9216,183296
70,24,19456,183296
32,38,3072,185344
32,38,4096,185344
32,49,5120,185344
32,47,6144,185344
32,24,7168,185344
32,24,17408,185344
38,38,1024,188416
38,49,2048,188416
38,47,3072,188416
38,24,4096,188416
38,24,14336,188416
38,49,1024,189440
38,47,2048,189440
38,24,3072,189440
38,24,13312,189440
49,47,1024,190464
49,24,2048,190464
49,24,12288,190464
49,24,20480,190464
47,24,1024,191488
47,24,11264,191488
47,24,19456,191488
24,24,10240,192512
24,24,18432,192512
24,36,20480,192512
24,24,8192,202752
24,36,10240,202752
24,47,12288,202752
24,47,13312,202752
24,37,15360,202752
24,65,19456,202752
24,61,20480,202752
24,36,2048,210944
24,47,4096,210944
24,47,5120,210944
24,37,7168,210944
24,65,11264,210944
24,61,12288,210944
24,50,16384,210944
24,64,17408,210944
24,47,18432,210944
24,37,20480,210944
36,47,2048,212992
36,47,3072,212992
36,37,5120,212992
36,65,9216,212992
36,61,10240,212992
36,50,14336,212992
36,64,15360,212992
36,47,16384,212992
36,37,18432,212992
36,35,19456,212992
36,35,20480,212992
47,47,1024,215040
47,37,3072,215040
47,65,7168,215040
47,61,8192,215040
47,50,12288,215040
47,64,13312,215040
47,47,14336,215040
47,37,16384,215040
47,35,17408,215040
47,35,18432,215040
47,32,19456,215040
47,37,2048,216064
47,65,6144,216064
47,61,7168,216064
47,50,11264,216064
47,64,12288,216064
47,47,13312,216064
47,37,15360,216064
47,35,16384,216064
47,35,17408,216064
47,32,18432,216064
37,65,4096,218112
37,61,5120,218112
37,50,9216,218112
37,64,10240,218112
37,47,11264,218112
37,37,13312,218112
37,35,14336,218112
37,35,15360,218112
37,32,16384,218112
37,70,19456,218112
37,70,20480,218112
65,61,1024,222208
65,50,5120,222208
65,64,6144,222208
65,47,7168,222208
65,37,9216,222208
65,35,10240,222208
65,35,11264,222208
65,32,12288,222208
65,70,15360,222208
65,70,16384,222208
65,24,19456,222208
65,48,20480,222208
61,50,4096,223232
61,64,5120,223232
61,47,6144,223232
61,37,8192,223232
61,35,9216,223232
61,35,10240,223232
61,32,11264,223232
61,70,14336,223232
61,70,15360,223232
61,24,18432,223232
61,48,19456,223232
50,64,1024,227328
50,47,2048,227328
50,37,4096,227328
50,35,5120,227328
50,35,6144,227328
50,32,7168,227328
50,70,10240,227328
50,70,11264,227328
50,24,14336,227328
50,48,15360,227328
64,47,1024,228352
64,37,3072,228352
64,35,4096,228352
64,35,5120,228352
64,32,6144,228352
64,70,9216,228352
64,70,10240,228352
64,24,13312,228352
64,48,14336,228352
47,37,2048,229376
47,35,3072,229376
47,35,4096,229376
47,32,5120,229376
47,70,8192,229376
47,70,9216,229376
47,24,12288,229376
47,48,13312,229376
47,20,20480,229376
37,35,1024,231424
37,35,2048,231424
37,32,3072,231424
37,70,6144,231424
37,70,7168,231424
37,24,10240,231424
37,48,11264,231424
37,20,18432,231424
37,24,19456,231424
37,27,20480,231424
35,35,1024,232448
35,32,2048,232448
35,70,5120,232448
35,70,6144,232448
35,24,9216,232448
35,48,10240,232448
35,20,17408,232448
35,24,18432,232448
35,27,19456,232448
35,25,20480,232448
35,32,1024,233472
35,70,4096,233472
35,70,5120,233472
35,24,8192,233472
35,48,9216,233472
35,20,16384,233472
35,24,17408,233472
35,27,18432,233472
35,25,19456,233472
35,43,20480,233472
32,70,3072,234496
32,70,4096,234496
32,24,7168,234496
32,48,8192,234496
32,20,15360,234496
32,24,16384,234496
32,27,17408,234496
32,25,18432,234496
32,43,19456,234496
70,70,1024,237568
70,24,4096,237568
70,48,5120,237568
70,20,12288,237568
70,24,13312,237568
70,27,14336,237568
70,25,15360,237568
70,43,16384,237568
70,50,19456,237568
70,70,20480,237568
70,24,3072,238592
70,48,4096,238592
70,20,11264,238592
70,24,12288,238592
70,27,13312,238592
70,25,14336,238592
70,43,15360,238592
70,50,18432,238592
70,70,19456,238592
24,48,1024,241664
24,20,8192,241664
24,24,9216,241664
24,27,10240,241664
24,25,11264,241664
24,43,12288,241664
24,50,15360,241664
24,70,16384,241664
24,49,19456,241664
24,48,20480,241664
48,20,7168,242688
48,24,8192,242688
48,27,9216,242688
48,25,10240,242688
48,43,11264,242688
48,50,14336,242688
48,70,15360,242688
48,49,18432,242688
48,48,19456,242688
48,45,20480,242688
20,24,1024,249856
20,27,2048,249856
20,25,3072,249856
20,43,4096,249856
20,50,7168,249856
20,70,8192,249856
20,49,11264,249856
20,48,12288,249856
20,45,13312,249856
20,43,14336,249856
20,43,15360,249856
20,45,16384,249856
20,42,19456,249856
20,43,20480,249856
24,27,1024,250880
24,25,2048,250880
24,43,3072,250880
24,50,6144,250880
24,70,7168,250880
24,49,10240,250880
24,48,11264,250880
24,45,12288,250880
24,43,13312,250880
24,43,14336,250880
24,45,15360,250880
24,42,18432,250880
24,43,19456,250880
24,45,20480,250880
27,25,1024,251904
27,43,2048,251904
27,50,5120,251904
27,70,6144,251904
27,49,9216,251904
27,48,10240,251904
27,45,11264,251904
27,43,12288,251904
27,43,13312,251904
27,45,14336,251904
27,42,17408,251904
27,43,18432,251904
27,45,19456,251904
25,43,1024,252928
25,50,4096,252928
25,70,5120,252928
25,49,8192,252928
25,48,9216,252928
25,45,10240,252928
25,43,11264,252928
25,43,12288,252928
25,45,13312,252928
25,42,16384,252928
25,43,17408,252928
25,45,18432,252928
43,50,3072,253952
43,70,4096,253952
43,49,7168,253952
43,48,8192,253952
43,45,9216,253952
43,43,10240,253952
43,43,11264,253952
43,45,12288,253952
43,42,15360,253952
43,43,16384,253952
43,45,17408,253952
50,70,1024,257024
50,49,4096,257024
50,48,5120,257024
50,45,6144,257024
50,43,7168,257024
50,43,8192,257024
50,45,9216,257024
50,42,12288,257024
50,43,13312,257024
50,45,14336,257024
50,72,20480,257024
70,49,3072,258048
70,48,4096,258048
70,45,5120,258048
70,43,6144,258048
70,43,7168,258048
70,45,8192,258048
70,42,11264,258048
70,43,12288,258048
70,45,13312,258048
70,72,19456,258048
70,56,20480,258048
49,48,1024,261120
49,45,2048,261120
49,43,3072,261120
49,43,4096,261120
49,45,5120,261120
49,42,8192,261120
49,43,9216,261120
49,45,10240,261120
49,72,16384,261120
49,56,17408,261120
49,24,19456,261120
49,36,20480,261120
48,45,1024,262144
48,43,2048,262144
48,43,3072,262144
48,45,4096,262144
48,42,7168,262144
48,43,8192,262144
48,45,9216,262144
48,72,15360,262144
48,56,16384,262144
48,24,18432,262144
48,36,19456,262144
48,24,20480,262144
45,43,1024,263168
45,43,2048,263168
45,45,3072,263168
45,42,6144,263168
45,43,7168,263168
45,45,8192,263168
45,72,14336,263168
45,56,15360,263168
45,24,17408,263168
45,36,18432,263168
45,24,19456,263168
45,48,20480,263168
43,43,1024,264192
43,45,2048,264192
43,42,5120,264192
43,43,6144,264192
43,45,7168,264192
43,72,13312,264192
43,56,14336,264192
43,24,16384,264192
43,36,17408,264192
43,24,18432,264192
43,48,19456,264192
43,45,1024,265216
43,42,4096,265216
43,43,5120,265216
43,45,6144,265216
43,72,12288,265216
43,56,13312,265216
43,24,15360,265216
43,36,16384,265216
43,24,17408,265216
43,48,18432,265216
45,42,3072,266240
45,43,4096,266240
45,45,5120,266240
45,72,11264,266240
45,56,12288,266240
45,24,14336,266240
45,36,15360,266240
45,24,16384,266240
45,48,17408,266240
45,39,20480,266240
45,40,20480,266240
42,43,1024,269312
42,45,2048,269312
42,72,8192,269312
42,56,9216,269312
42,24,11264,269312
42,36,12288,269312
42,24,13312,269312
42,48,14336,269312
42,39,17408,269312
42,40,17408,269312
42,22,18432,269312
42,43,18432,269312
42,22,19456,269312
42,44,19456,269312
43,45,1024,270336
43,72,7168,270336
43,56,8192,270336
43,24,10240,270336
43,36,11264,270336
43,24,12288,270336
43,48,13312,270336
43,39,16384,270336
43,40,16384,270336
43,22,17408,270336
43,43,17408,270336
43,22,18432,270336
43,44,18432,270336
43,24,20480,270336
45,72,6144,271360
45,56,7168,271360
45,24,9216,271360
45,36,10240,271360
45,24,11264,271360
45,48,12288,271360
45,39,15360,271360
45,40,15360,271360
45,22,16384,271360
45,43,16384,271360
45,22,17408,271360
45,44,17408,271360
45,24,19456,271360
45,24,20480,271360
72,56,1024,277504
72,24,3072,277504
72,36,4096,277504
72,24,5120,277504
72,48,6144,277504
72,39,9216,277504
72,40,9216,277504
72,22,10240,277504
72,43,10240,277504
72,22,11264,277504
72,44,11264,277504
72,24,13312,277504
72,24,14336,277504
72,24,15360,277504
56,24,2048,278528
56,36,3072,278528
56,24,4096,278528
56,48,5120,278528
56,39,8192,278528
56,40,8192,278528
56,22,9216,278528
56,43,9216,278528
56,22,10240,278528
56,44,10240,278528
56,24,12288,278528
56,24,13312,278528
56,24,14336,278528
56,24,15360,278528
24,36,1024,280576
24,24,2048,280576
24,48,3072,280576
24,39,6144,280576
24,40,6144,280576
24,22,7168,280576
24,43,7168,280576
24,22,8192,280576
24,44,8192,280576
24,24,10240,280576
24,24,11264,280576
24,24,12288,280576
24,24,13312,280576
24,24,14336,280576
36,24,1024,281600
36,48,2048,281600
36,39,5120,281600
36,40,5120,281600
36,22,6144,281600
36,43,6144,281600
36,22,7168,281600
36,44,7168,281600
36,24,9216,281600
36,24,10240,281600
36,24,11264,281600
36,24,12288,281600
36,24,13312,281600
36,24,15360,281600
24,48,1024,282624
24,39,4096,282624
24,40,4096,282624
24,22,5120,282624
24,43,5120,282624
24,22,6144,282624
24,44,6144,282624
24,24,8192,282624
24,24,9216,282624
24,24,10240,282624
24,24,11264,282624
24,24,12288,282624
24,24,14336,282624
24,24,15360,282624
48,39,3072,283648
48,40,3072,283648
48,22,4096,283648
48,43,4096,283648
48,22,5120,283648
48,44,5120,283648
48,24,7168,283648
48,24,8192,283648
48,24,9216,283648
48,24,10240,283648
48,24,11264,283648
48,24,13312,283648
48,24,14336,283648
48,24,15360,283648
39,40,0,286720
39,22,1024,286720
39,43,1024,286720
39,22,2048,286720
39,44,2048,286720
39,24,4096,286720
39,24,5120,286720
39,24,6144,286720
39,24,7168,286720
39,24,8192,286720
39,24,10240,286720
39,24,11264,286720
39,24,12288,286720
39,24,13312,286720
40,22,1024,286720
40,43,1024,286720
40,22,2048,286720
40,44,2048,286720
40,24,4096,286720
40,24,5120,286720
40,24,6144,286720
40,24,7168,286720
40,24,8192,286720
40,24,10240,286720
40,24,11264,286720
40,24,12288,286720
40,24,13312,286720
40,24,14336,286720
22,43,0,287744
22,22,1024,287744
22,44,1024,287744
22,24,3072,287744
22,24,4096,287744
22,24,5120,287744
22,24,6144,287744
22,24,7168,287744
22,24,9216,287744
22,24,10240,287744
22,24,11264,287744
22,24,12288,287744
22,24,13312,287744
22,24,14336,287744
43,22,1024,287744
43,44,1024,287744
43,24,3072,287744
43,24,4096,287744
43,24,5120,287744
43,24,6144,287744
43,24,7168,287744
43,24,9216,287744
43,24,10240,287744
43,24,11264,287744
43,24,12288,287744
43,24,13312,287744
43,24,14336,287744
43,24,19456,287744
22,44,0,288768
22,24,2048,288768
22,24,3072,288768
22,24,4096,288768
22,24,5120,288768
22,24,6144,288768
22,24,8192,288768
22,24,9216,288768
22,24,10240,288768
22,24,11264,288768
22,24,12288,288768
22,24,13312,288768
22,24,18432,288768
22,24,19456,288768
44,24,2048,288768
44,24,3072,288768
44,24,4096,288768
44,24,5120,288768
44,24,6144,288768
44,24,8192,288768
44,24,9216,288768
44,24,10240,288768
44,24,11264,288768
44,24,12288,288768
44,24,13312,288768
44,24,18432,288768
44,24,19456,288768
44,24,20480,288768
24,24,1024,290816
24,24,2048,290816
24,24,3072,290816
24,24,4096,290816
24,24,6144,290816
24,24,7168,290816
24,24,8192,290816
24,24,9216,290816
24,24,10240,290816
24,24,11264,290816
24,24,16384,290816
24,24,17408,290816
24,24,18432,290816
24,24,19456,290816
24,24,1024,291840
24,24,2048,291840
24,24,3072,291840
24,24,5120,291840
24,24,6144,291840
24,24,7168,291840
24,24,8192,291840
24,24,9216,291840
24,24,10240,291840
24,24,15360,291840
24,24,16384,291840
24,24,17408,291840
24,24,18432,291840
24,24,19456,291840
24,24,1024,292864
24,24,2048,292864
24,24,4096,292864
24,24,5120,292864
24,24,6144,292864
24,24,7168,292864
24,24,8192,292864
24,24,9216,292864
24,24,14336,292864
24,24,15360,292864
24,24,16384,292864
24,24,17408,292864
24,24,18432,292864
24,24,1024,293888
24,24,3072,293888
24,24,4096,293888
24,24,5120,293888
24,24,6144,293888
24,24,7168,293888
24,24,8192,293888
24,24,13312,293888
24,24,14336,293888
24,24,15360,293888
24,24,16384,293888
24,24,17408,293888
24,24,2048,294912
24,24,3072,294912
24,24,4096,294912
24,24,5120,294912
24,24,6144,294912
24,24,7168,294912
24,24,12288,294912
24,24,13312,294912
24,24,14336,294912
24,24,15360,294912
24,24,16384,294912
24,24,1024,296960
24,24,2048,296960
24,24,3072,296960
24,24,4096,296960
24,24,5120,296960
24,24,10240,296960
24,24,11264,296960
24,24,12288,296960
24,24,13312,296960
24,24,14336,296960
24,71,20480,296960
24,24,1024,297984
24,24,2048,297984
24,24,3072,297984
24,24,4096,297984
24,24,9216,297984
24,24,10240,297984
24,24,11264,297984
24,24,12288,297984
24,24,13312,297984
24,71,19456,297984
24,69,20480,297984
24,24,1024,299008
24,24,2048,299008
24,24,3072,299008
24,24,8192,299008
24,24,9216,299008
24,24,10240,299008
24,24,11264,299008
24,24,12288,299008
24,71,18432,299008
24,69,19456,299008
24,24,1024,300032
24,24,2048,300032
24,24,7168,300032
24,24,8192,300032
24,24,9216,300032
24,24,10240,300032
24,24,11264,300032
24,71,17408,300032
24,69,18432,300032
24,43,20480,300032
24,24,1024,301056
24,24,6144,301056
24,24,7168,301056
24,24,8192,301056
24,24,9216,301056
24,24,10240,301056
24,71,16384,301056
24,69,17408,301056
24,43,19456,301056
24,24,5120,302080
24,24,6144,302080
24,24,7168,302080
24,24,8192,302080
24,24,9216,302080
24,71,15360,302080
24,69,16384,302080
24,43,18432,302080
24,24,1024,307200
24,24,2048,307200
24,24,3072,307200
24,24,4096,307200
24,71,10240,307200
24,69,11264,307200
24,43,13312,307200
24,46,17408,307200
24,26,18432,307200
24,51,18432,307200
24,27,19456,307200
24,54,19456,307200
24,24,1024,308224
24,24,2048,308224
24,24,3072,308224
24,71,9216,308224
24,69,10240,308224
24,43,12288,308224
24,46,16384,308224
24,26,17408,308224
24,51,17408,308224
24,27,18432,308224
24,54,18432,308224
24,24,1024,309248
24,24,2048,309248
24,71,8192,309248
24,69,9216,309248
24,43,11264,309248
24,46,15360,309248
24,26,16384,309248
24,51,16384,309248
24,27,17408,309248
24,54,17408,309248
24,24,1024,310272
24,71,7168,310272
24,69,8192,310272
24,43,10240,310272
24,46,14336,310272
24,26,15360,310272
24,51,15360,310272
24,27,16384,310272
24,54,16384,310272
24,71,6144,311296
24,69,7168,311296
24,43,9216,311296
24,46,13312,311296
24,26,14336,311296
24,51,14336,311296
24,27,15360,311296
24,54,15360,311296
71,69,1024,317440
71,43,3072,317440
71,46,7168,317440
71,26,8192,317440
71,51,8192,317440
71,27,9216,317440
71,54,9216,317440
69,43,2048,318464
69,46,6144,318464
69,26,7168,318464
69,51,7168,318464
69,27,8192,318464
69,54,8192,318464
43,46,4096,320512
43,26,5120,320512
43,51,5120,320512
43,27,6144,320512
43,54,6144,320512
46,26,1024,324608
46,51,1024,324608
46,27,2048,324608
46,54,2048,324608
26,51,0,325632
26,27,1024,325632
26,54,1024,325632
51,27,1024,325632
51,54,1024,325632
27,54,0,326656
