39,23,1024,19456
39,23,4096,19456
39,30,5120,19456
39,22,11264,19456
39,23,12288,19456
39,22,14336,19456
39,41,14336,19456
39,42,15360,19456
39,41,16384,19456
39,41,17408,19456
39,41,18432,19456
39,41,19456,19456
39,42,20480,19456
23,23,3072,20480
23,30,4096,20480
23,22,10240,20480
23,23,11264,20480
23,22,13312,20480
23,41,13312,20480
23,42,14336,20480
23,41,15360,20480
23,41,16384,20480
23,41,17408,20480
23,41,18432,20480
23,42,19456,20480
23,47,20480,20480
23,30,1024,23552
23,22,7168,23552
23,23,8192,23552
23,22,10240,23552
23,41,10240,23552
23,42,11264,23552
23,41,12288,23552
23,41,13312,23552
23,41,14336,23552
23,41,15360,23552
23,42,16384,23552
23,47,17408,23552
23,62,18432,23552
23,62,19456,23552
30,22,6144,24576
30,23,7168,24576
30,22,9216,24576
30,41,9216,24576
30,42,10240,24576
30,41,11264,24576
30,41,12288,24576
30,41,13312,24576
30,41,14336,24576
30,42,15360,24576
30,47,16384,24576
30,62,17408,24576
30,62,18432,24576
30,22,20480,24576
22,23,1024,30720
22,22,3072,30720
22,41,3072,30720
22,42,4096,30720
22,41,5120,30720
22,41,6144,30720
22,41,7168,30720
22,41,8192,30720
22,42,9216,30720
22,47,10240,30720
22,62,11264,30720
22,62,12288,30720
22,22,14336,30720
22,23,15360,30720
23,22,2048,31744
23,41,2048,31744
23,42,3072,31744
23,41,4096,31744
23,41,5120,31744
23,41,6144,31744
23,41,7168,31744
23,42,8192,31744
23,47,9216,31744
23,62,10240,31744
23,62,11264,31744
23,22,13312,31744
23,23,14336,31744
23,31,20480,31744
22,41,0,33792
22,42,1024,33792
22,41,2048,33792
22,41,3072,33792
22,41,4096,33792
22,41,5120,33792
22,42,6144,33792
22,47,7168,33792
22,62,8192,33792
22,62,9216,33792
22,22,11264,33792
22,23,12288,33792
22,31,18432,33792
22,71,18432,33792
41,42,1024,33792
41,41,2048,33792
41,41,3072,33792
41,41,4096,33792
41,41,5120,33792
41,42,6144,33792
41,47,7168,33792
41,62,8192,33792
41,62,9216,33792
41,22,11264,33792
41,23,12288,33792
41,31,18432,33792
41,71,18432,33792
41,23,19456,33792
42,41,1024,34816
42,41,2048,34816
42,41,3072,34816
42,41,4096,34816
42,42,5120,34816
42,47,6144,34816
42,62,7168,34816
42,62,8192,34816
42,22,10240,34816
42,23,11264,34816
42,31,17408,34816
42,71,17408,34816
42,23,18432,34816
42,23,19456,34816
41,41,1024,35840
41,41,2048,35840
41,41,3072,35840
41,42,4096,35840
41,47,5120,35840
41,62,6144,35840
41,62,7168,35840
41,22,9216,35840
41,23,10240,35840
41,31,16384,35840
41,71,16384,35840
41,23,17408,35840
41,23,18432,35840
41,39,19456,35840
41,41,1024,36864
41,41,2048,36864
41,42,3072,36864
41,47,4096,36864
41,62,5120,36864
41,62,6144,36864
41,22,8192,36864
41,23,9216,36864
41,31,15360,36864
41,71,15360,36864
41,23,16384,36864
41,23,17408,36864
41,39,18432,36864
41,40,18432,36864
41,41,1024,37888
41,42,2048,37888
41,47,3072,37888
41,62,4096,37888
41,62,5120,37888
41,22,7168,37888
41,23,8192,37888
41,31,14336,37888
41,71,14336,37888
41,23,15360,37888
41,23,16384,37888
41,39,17408,37888
41,40,17408,37888
41,40,18432,37888
41,42,1024,38912
41,47,2048,38912
41,62,3072,38912
41,62,4096,38912
41,22,6144,38912
41,23,7168,38912
41,31,13312,38912
41,71,13312,38912
41,23,14336,38912
41,23,15360,38912
41,39,16384,38912
41,40,16384,38912
41,40,17408,38912
41,27,18432,38912
42,47,1024,39936
42,62,2048,39936
42,62,3072,39936
42,22,5120,39936
42,23,6144,39936
42,31,12288,39936
42,71,12288,39936
42,23,13312,39936
42,23,14336,39936
42,39,15360,39936
42,40,15360,39936
42,40,16384,39936
42,27,17408,39936
42,68,17408,39936
47,62,1024,40960
47,62,2048,40960
47,22,4096,40960
47,23,5120,40960
47,31,11264,40960
47,71,11264,40960
47,23,12288,40960
47,23,13312,40960
47,39,14336,40960
47,40,14336,40960
47,40,15360,40960
47,27,16384,40960
47,68,16384,40960
47,30,18432,40960
62,62,1024,41984
62,22,3072,41984
62,23,4096,41984
62,31,10240,41984
62,71,10240,41984
62,23,11264,41984
62,23,12288,41984
62,39,13312,41984
62,40,13312,41984
62,40,14336,41984
62,27,15360,41984
62,68,15360,41984
62,30,17408,41984
62,21,19456,41984
62,22,2048,43008
62,23,3072,43008
62,31,9216,43008
62,71,9216,43008
62,23,10240,43008
62,23,11264,43008
62,39,12288,43008
62,40,12288,43008
62,40,13312,43008
62,27,14336,43008
62,68,14336,43008
62,30,16384,43008
62,21,18432,43008
62,23,19456,43008
22,23,1024,45056
22,31,7168,45056
22,71,7168,45056
22,23,8192,45056
22,23,9216,45056
22,39,10240,45056
22,40,10240,45056
22,40,11264,45056
22,27,12288,45056
22,68,12288,45056
22,30,14336,45056
22,21,16384,45056
22,23,17408,45056
22,64,17408,45056
23,31,6144,46080
23,71,6144,46080
23,23,7168,46080
23,23,8192,46080
23,39,9216,46080
23,40,9216,46080
23,40,10240,46080
23,27,11264,46080
23,68,11264,46080
23,30,13312,46080
23,21,15360,46080
23,23,16384,46080
23,64,16384,46080
23,23,20480,46080
31,71,0,52224
31,23,1024,52224
31,23,2048,52224
31,39,3072,52224
31,40,3072,52224
31,40,4096,52224
31,27,5120,52224
31,68,5120,52224
31,30,7168,52224
31,21,9216,52224
31,23,10240,52224
31,64,10240,52224
31,23,14336,52224
31,62,20480,52224
71,23,1024,52224
71,23,2048,52224
71,39,3072,52224
71,40,3072,52224
71,40,4096,52224
71,27,5120,52224
71,68,5120,52224
71,30,7168,52224
71,21,9216,52224
71,23,10240,52224
71,64,10240,52224
71,23,14336,52224
71,62,20480,52224
23,23,1024,53248
23,39,2048,53248
23,40,2048,53248
23,40,3072,53248
23,27,4096,53248
23,68,4096,53248
23,30,6144,53248
23,21,8192,53248
23,23,9216,53248
23,64,9216,53248
23,23,13312,53248
23,62,19456,53248
23,31,20480,53248
23,62,20480,53248
23,39,1024,54272
23,40,1024,54272
23,40,2048,54272
23,27,3072,54272
23,68,3072,54272
23,30,5120,54272
23,21,7168,54272
23,23,8192,54272
23,64,8192,54272
23,23,12288,54272
23,62,18432,54272
23,31,19456,54272
23,62,19456,54272
23,62,20480,54272
39,40,0,55296
39,40,1024,55296
39,27,2048,55296
39,68,2048,55296
39,30,4096,55296
39,21,6144,55296
39,23,7168,55296
39,64,7168,55296
39,23,11264,55296
39,62,17408,55296
39,31,18432,55296
39,62,18432,55296
39,62,19456,55296
40,40,1024,55296
40,27,2048,55296
40,68,2048,55296
40,30,4096,55296
40,21,6144,55296
40,23,7168,55296
40,64,7168,55296
40,23,11264,55296
40,62,17408,55296
40,31,18432,55296
40,62,18432,55296
40,62,19456,55296
40,27,1024,56320
40,68,1024,56320
40,30,3072,56320
40,21,5120,56320
40,23,6144,56320
40,64,6144,56320
40,23,10240,56320
40,62,16384,56320
40,31,17408,56320
40,62,17408,56320
40,62,18432,56320
40,22,20480,56320
40,62,20480,56320
27,68,0,57344
27,30,2048,57344
27,21,4096,57344
27,23,5120,57344
27,64,5120,57344
27,23,9216,57344
27,62,15360,57344
27,31,16384,57344
27,62,16384,57344
27,62,17408,57344
27,22,19456,57344
27,62,19456,57344
27,42,20480,57344
68,30,2048,57344
68,21,4096,57344
68,23,5120,57344
68,64,5120,57344
68,23,9216,57344
68,62,15360,57344
68,31,16384,57344
68,62,16384,57344
68,62,17408,57344
68,22,19456,57344
68,62,19456,57344
68,42,20480,57344
30,21,2048,59392
30,23,3072,59392
30,64,3072,59392
30,23,7168,59392
30,62,13312,59392
30,31,14336,59392
30,62,14336,59392
30,62,15360,59392
30,22,17408,59392
30,62,17408,59392
30,42,18432,59392
30,41,19456,59392
30,42,20480,59392
21,23,1024,61440
21,64,1024,61440
21,23,5120,61440
21,62,11264,61440
21,31,12288,61440
21,62,12288,61440
21,62,13312,61440
21,22,15360,61440
21,62,15360,61440
21,42,16384,61440
21,41,17408,61440
21,42,18432,61440
21,42,19456,61440
23,64,0,62464
23,23,4096,62464
23,62,10240,62464
23,31,11264,62464
23,62,11264,62464
23,62,12288,62464
23,22,14336,62464
23,62,14336,62464
23,42,15360,62464
23,41,16384,62464
23,42,17408,62464
23,42,18432,62464
64,23,4096,62464
64,62,10240,62464
64,31,11264,62464
64,62,11264,62464
64,62,12288,62464
64,22,14336,62464
64,62,14336,62464
64,42,15360,62464
64,41,16384,62464
64,42,17408,62464
64,42,18432,62464
23,62,6144,66560
23,31,7168,66560
23,62,7168,66560
23,62,8192,66560
23,22,10240,66560
23,62,10240,66560
23,42,11264,66560
23,41,12288,66560
23,42,13312,66560
23,42,14336,66560
23,37,17408,66560
23,62,17408,66560
23,62,18432,66560
23,62,19456,66560
62,31,1024,72704
62,62,1024,72704
62,62,2048,72704
62,22,4096,72704
62,62,4096,72704
62,42,5120,72704
62,41,6144,72704
62,42,7168,72704
62,42,8192,72704
62,37,11264,72704
62,62,11264,72704
62,62,12288,72704
62,62,13312,72704
62,37,14336,72704
31,62,0,73728
31,62,1024,73728
31,22,3072,73728
31,62,3072,73728
31,42,4096,73728
31,41,5120,73728
31,42,6144,73728
31,42,7168,73728
31,37,10240,73728
31,62,10240,73728
31,62,11264,73728
31,62,12288,73728
31,37,13312,73728
31,23,14336,73728
62,62,1024,73728
62,22,3072,73728
62,62,3072,73728
62,42,4096,73728
62,41,5120,73728
62,42,6144,73728
62,42,7168,73728
62,37,10240,73728
62,62,10240,73728
62,62,11264,73728
62,62,12288,73728
62,37,13312,73728
62,23,14336,73728
62,31,20480,73728
62,22,2048,74752
62,62,2048,74752
62,42,3072,74752
62,41,4096,74752
62,42,5120,74752
62,42,6144,74752
62,37,9216,74752
62,62,9216,74752
62,62,10240,74752
62,62,11264,74752
62,37,12288,74752
62,23,13312,74752
62,31,19456,74752
62,30,20480,74752
22,62,0,76800
22,42,1024,76800
22,41,2048,76800
22,42,3072,76800
22,42,4096,76800
22,37,7168,76800
22,62,7168,76800
22,62,8192,76800
22,62,9216,76800
22,37,10240,76800
22,23,11264,76800
22,31,17408,76800
22,30,18432,76800
62,42,1024,76800
62,41,2048,76800
62,42,3072,76800
62,42,4096,76800
62,37,7168,76800
62,62,7168,76800
62,62,8192,76800
62,62,9216,76800
62,37,10240,76800
62,23,11264,76800
62,31,17408,76800
62,30,18432,76800
42,41,1024,77824
42,42,2048,77824
42,42,3072,77824
42,37,6144,77824
42,62,6144,77824
42,62,7168,77824
42,62,8192,77824
42,37,9216,77824
42,23,10240,77824
42,31,16384,77824
42,30,17408,77824
42,39,20480,77824
42,68,20480,77824
41,42,1024,78848
41,42,2048,78848
41,37,5120,78848
41,62,5120,78848
41,62,6144,78848
41,62,7168,78848
41,37,8192,78848
41,23,9216,78848
41,31,15360,78848
41,30,16384,78848
41,39,19456,78848
41,68,19456,78848
41,39,20480,78848
41,68,20480,78848
42,42,1024,79872
42,37,4096,79872
42,62,4096,79872
42,62,5120,79872
42,62,6144,79872
42,37,7168,79872
42,23,8192,79872
42,31,14336,79872
42,30,15360,79872
42,39,18432,79872
42,68,18432,79872
42,39,19456,79872
42,68,19456,79872
42,38,20480,79872
42,37,3072,80896
42,62,3072,80896
42,62,4096,80896
42,62,5120,80896
42,37,6144,80896
42,23,7168,80896
42,31,13312,80896
42,30,14336,80896
42,39,17408,80896
42,68,17408,80896
42,39,18432,80896
42,68,18432,80896
42,38,19456,80896
42,68,19456,80896
37,62,0,83968
37,62,1024,83968
37,62,2048,83968
37,37,3072,83968
37,23,4096,83968
37,31,10240,83968
37,30,11264,83968
37,39,14336,83968
37,68,14336,83968
37,39,15360,83968
37,68,15360,83968
37,38,16384,83968
37,68,16384,83968
37,39,17408,83968
62,62,1024,83968
62,62,2048,83968
62,37,3072,83968
62,23,4096,83968
62,31,10240,83968
62,30,11264,83968
62,39,14336,83968
62,68,14336,83968
62,39,15360,83968
62,68,15360,83968
62,38,16384,83968
62,68,16384,83968
62,39,17408,83968
62,68,17408,83968
62,62,1024,84992
62,37,2048,84992
62,23,3072,84992
62,31,9216,84992
62,30,10240,84992
62,39,13312,84992
62,68,13312,84992
62,39,14336,84992
62,68,14336,84992
62,38,15360,84992
62,68,15360,84992
62,39,16384,84992
62,68,16384,84992
62,68,17408,84992
62,37,1024,86016
62,23,2048,86016
62,31,8192,86016
62,30,9216,86016
62,39,12288,86016
62,68,12288,86016
62,39,13312,86016
62,68,13312,86016
62,38,14336,86016
62,68,14336,86016
62,39,15360,86016
62,68,15360,86016
62,68,16384,86016
62,68,17408,86016
37,23,1024,87040
37,31,7168,87040
37,30,8192,87040
37,39,11264,87040
37,68,11264,87040
37,39,12288,87040
37,68,12288,87040
37,38,13312,87040
37,68,13312,87040
37,39,14336,87040
37,68,14336,87040
37,68,15360,87040
37,68,16384,87040
37,38,17408,87040
23,31,6144,88064
23,30,7168,88064
23,39,10240,88064
23,68,10240,88064
23,39,11264,88064
23,68,11264,88064
23,38,12288,88064
23,68,12288,88064
23,39,13312,88064
23,68,13312,88064
23,68,14336,88064
23,68,15360,88064
23,38,16384,88064
23,68,16384,88064
31,30,1024,94208
31,39,4096,94208
31,68,4096,94208
31,39,5120,94208
31,68,5120,94208
31,38,6144,94208
31,68,6144,94208
31,39,7168,94208
31,68,7168,94208
31,68,8192,94208
31,68,9216,94208
31,38,10240,94208
31,68,10240,94208
31,37,11264,94208
30,39,3072,95232
30,68,3072,95232
30,39,4096,95232
30,68,4096,95232
30,38,5120,95232
30,68,5120,95232
30,39,6144,95232
30,68,6144,95232
30,68,7168,95232
30,68,8192,95232
30,38,9216,95232
30,68,9216,95232
30,37,10240,95232
30,46,10240,95232
39,68,0,98304
39,39,1024,98304
39,68,1024,98304
39,38,2048,98304
39,68,2048,98304
39,39,3072,98304
39,68,3072,98304
39,68,4096,98304
39,68,5120,98304
39,38,6144,98304
39,68,6144,98304
39,37,7168,98304
39,46,7168,98304
39,26,8192,98304
68,39,1024,98304
68,68,1024,98304
68,38,2048,98304
68,68,2048,98304
68,39,3072,98304
68,68,3072,98304
68,68,4096,98304
68,68,5120,98304
68,38,6144,98304
68,68,6144,98304
68,37,7168,98304
68,46,7168,98304
68,26,8192,98304
68,45,8192,98304
39,68,0,99328
39,38,1024,99328
39,68,1024,99328
39,39,2048,99328
39,68,2048,99328
39,68,3072,99328
39,68,4096,99328
39,38,5120,99328
39,68,5120,99328
39,37,6144,99328
39,46,6144,99328
39,26,7168,99328
39,45,7168,99328
39,30,8192,99328
68,38,1024,99328
68,68,1024,99328
68,39,2048,99328
68,68,2048,99328
68,68,3072,99328
68,68,4096,99328
68,38,5120,99328
68,68,5120,99328
68,37,6144,99328
68,46,6144,99328
68,26,7168,99328
68,45,7168,99328
68,30,8192,99328
68,24,9216,99328
38,68,0,100352
38,39,1024,100352
38,68,1024,100352
38,68,2048,100352
38,68,3072,100352
38,38,4096,100352
38,68,4096,100352
38,37,5120,100352
38,46,5120,100352
38,26,6144,100352
38,45,6144,100352
38,30,7168,100352
38,24,8192,100352
38,46,8192,100352
68,39,1024,100352
68,68,1024,100352
68,68,2048,100352
68,68,3072,100352
68,38,4096,100352
68,68,4096,100352
68,37,5120,100352
68,46,5120,100352
68,26,6144,100352
68,45,6144,100352
68,30,7168,100352
68,24,8192,100352
68,46,8192,100352
68,23,9216,100352
39,68,0,101376
39,68,1024,101376
39,68,2048,101376
39,38,3072,101376
39,68,3072,101376
39,37,4096,101376
39,46,4096,101376
39,26,5120,101376
39,45,5120,101376
39,30,6144,101376
39,24,7168,101376
39,46,7168,101376
39,23,8192,101376
39,46,8192,101376
68,68,1024,101376
68,68,2048,101376
68,38,3072,101376
68,68,3072,101376
68,37,4096,101376
68,46,4096,101376
68,26,5120,101376
68,45,5120,101376
68,30,6144,101376
68,24,7168,101376
68,46,7168,101376
68,23,8192,101376
68,46,8192,101376
68,46,9216,101376
68,68,1024,102400
68,38,2048,102400
68,68,2048,102400
68,37,3072,102400
68,46,3072,102400
68,26,4096,102400
68,45,4096,102400
68,30,5120,102400
68,24,6144,102400
68,46,6144,102400
68,23,7168,102400
68,46,7168,102400
68,46,8192,102400
68,26,14336,102400
68,38,1024,103424
68,68,1024,103424
68,37,2048,103424
68,46,2048,103424
68,26,3072,103424
68,45,3072,103424
68,30,4096,103424
68,24,5120,103424
68,46,5120,103424
68,23,6144,103424
68,46,6144,103424
68,46,7168,103424
68,26,13312,103424
68,25,14336,103424
38,68,0,104448
38,37,1024,104448
38,46,1024,104448
38,26,2048,104448
38,45,2048,104448
38,30,3072,104448
38,24,4096,104448
38,46,4096,104448
38,23,5120,104448
38,46,5120,104448
38,46,6144,104448
38,26,12288,104448
38,25,13312,104448
38,22,14336,104448
68,37,1024,104448
68,46,1024,104448
68,26,2048,104448
68,45,2048,104448
68,30,3072,104448
68,24,4096,104448
68,46,4096,104448
68,23,5120,104448
68,46,5120,104448
68,46,6144,104448
68,26,12288,104448
68,25,13312,104448
68,22,14336,104448
68,62,14336,104448
37,46,0,105472
37,26,1024,105472
37,45,1024,105472
37,30,2048,105472
37,24,3072,105472
37,46,3072,105472
37,23,4096,105472
37,46,4096,105472
37,46,5120,105472
37,26,11264,105472
37,25,12288,105472
37,22,13312,105472
37,62,13312,105472
37,41,14336,105472
46,26,1024,105472
46,45,1024,105472
46,30,2048,105472
46,24,3072,105472
46,46,3072,105472
46,23,4096,105472
46,46,4096,105472
46,46,5120,105472
46,26,11264,105472
46,25,12288,105472
46,22,13312,105472
46,62,13312,105472
46,41,14336,105472
46,22,15360,105472
26,45,0,106496
26,30,1024,106496
26,24,2048,106496
26,46,2048,106496
26,23,3072,106496
26,46,3072,106496
26,46,4096,106496
26,26,10240,106496
26,25,11264,106496
26,22,12288,106496
26,62,12288,106496
26,41,13312,106496
26,22,14336,106496
26,41,14336,106496
45,30,1024,106496
45,24,2048,106496
45,46,2048,106496
45,23,3072,106496
45,46,3072,106496
45,46,4096,106496
45,26,10240,106496
45,25,11264,106496
45,22,12288,106496
45,62,12288,106496
45,41,13312,106496
45,22,14336,106496
45,41,14336,106496
45,20,15360,106496
30,24,1024,107520
30,46,1024,107520
30,23,2048,107520
30,46,2048,107520
30,46,3072,107520
30,26,9216,107520
30,25,10240,107520
30,22,11264,107520
30,62,11264,107520
30,41,12288,107520
30,22,13312,107520
30,41,13312,107520
30,20,14336,107520
30,41,14336,107520
24,46,0,108544
24,23,1024,108544
24,46,1024,108544
24,46,2048,108544
24,26,8192,108544
24,25,9216,108544
24,22,10240,108544
24,62,10240,108544
24,41,11264,108544
24,22,12288,108544
24,41,12288,108544
24,20,13312,108544
24,41,13312,108544
24,42,14336,108544
46,23,1024,108544
46,46,1024,108544
46,46,2048,108544
46,26,8192,108544
46,25,9216,108544
46,22,10240,108544
46,62,10240,108544
46,41,11264,108544
46,22,12288,108544
46,41,12288,108544
46,20,13312,108544
46,41,13312,108544
46,42,14336,108544
46,62,18432,108544
23,46,0,109568
23,46,1024,109568
23,26,7168,109568
23,25,8192,109568
23,22,9216,109568
23,62,9216,109568
23,41,10240,109568
23,22,11264,109568
23,41,11264,109568
23,20,12288,109568
23,41,12288,109568
23,42,13312,109568
23,62,17408,109568
23,62,18432,109568
46,46,1024,109568
46,26,7168,109568
46,25,8192,109568
46,22,9216,109568
46,62,9216,109568
46,41,10240,109568
46,22,11264,109568
46,41,11264,109568
46,20,12288,109568
46,41,12288,109568
46,42,13312,109568
46,62,17408,109568
46,62,18432,109568
46,23,20480,109568
46,26,6144,110592
46,25,7168,110592
46,22,8192,110592
46,62,8192,110592
46,41,9216,110592
46,22,10240,110592
46,41,10240,110592
46,20,11264,110592
46,41,11264,110592
46,42,12288,110592
46,62,16384,110592
46,62,17408,110592
46,23,19456,110592
46,23,20480,110592
26,25,1024,116736
26,22,2048,116736
26,62,2048,116736
26,41,3072,116736
26,22,4096,116736
26,41,4096,116736
26,20,5120,116736
26,41,5120,116736
26,42,6144,116736
26,62,10240,116736
26,62,11264,116736
26,23,13312,116736
26,23,14336,116736
26,35,20480,116736
25,22,1024,117760
25,62,1024,117760
25,41,2048,117760
25,22,3072,117760
25,41,3072,117760
25,20,4096,117760
25,41,4096,117760
25,42,5120,117760
25,62,9216,117760
25,62,10240,117760
25,23,12288,117760
25,23,13312,117760
25,35,19456,117760
25,34,20480,117760
22,62,0,118784
22,41,1024,118784
22,22,2048,118784
22,41,2048,118784
22,20,3072,118784
22,41,3072,118784
22,42,4096,118784
22,62,8192,118784
22,62,9216,118784
22,23,11264,118784
22,23,12288,118784
22,35,18432,118784
22,34,19456,118784
22,46,19456,118784
62,41,1024,118784
62,22,2048,118784
62,41,2048,118784
62,20,3072,118784
62,41,3072,118784
62,42,4096,118784
62,62,8192,118784
62,62,9216,118784
62,23,11264,118784
62,23,12288,118784
62,35,18432,118784
62,34,19456,118784
62,46,19456,118784
62,34,20480,118784
41,22,1024,119808
41,41,1024,119808
41,20,2048,119808
41,41,2048,119808
41,42,3072,119808
41,62,7168,119808
41,62,8192,119808
41,23,10240,119808
41,23,11264,119808
41,35,17408,119808
41,34,18432,119808
41,46,18432,119808
41,34,19456,119808
41,46,19456,119808
22,41,0,120832
22,20,1024,120832
22,41,1024,120832
22,42,2048,120832
22,62,6144,120832
22,62,7168,120832
22,23,9216,120832
22,23,10240,120832
22,35,16384,120832
22,34,17408,120832
22,46,17408,120832
22,34,18432,120832
22,46,18432,120832
22,38,19456,120832
41,20,1024,120832
41,41,1024,120832
41,42,2048,120832
41,62,6144,120832
41,62,7168,120832
41,23,9216,120832
41,23,10240,120832
41,35,16384,120832
41,34,17408,120832
41,46,17408,120832
41,34,18432,120832
41,46,18432,120832
41,38,19456,120832
41,68,19456,120832
20,41,0,121856
20,42,1024,121856
20,62,5120,121856
20,62,6144,121856
20,23,8192,121856
20,23,9216,121856
20,35,15360,121856
20,34,16384,121856
20,46,16384,121856
20,34,17408,121856
20,46,17408,121856
20,38,18432,121856
20,68,18432,121856
20,27,19456,121856
41,42,1024,121856
41,62,5120,121856
41,62,6144,121856
41,23,8192,121856
41,23,9216,121856
41,35,15360,121856
41,34,16384,121856
41,46,16384,121856
41,34,17408,121856
41,46,17408,121856
41,38,18432,121856
41,68,18432,121856
41,27,19456,121856
41,68,19456,121856
42,62,4096,122880
42,62,5120,122880
42,23,7168,122880
42,23,8192,122880
42,35,14336,122880
42,34,15360,122880
42,46,15360,122880
42,34,16384,122880
42,46,16384,122880
42,38,17408,122880
42,68,17408,122880
42,27,18432,122880
42,68,18432,122880
42,27,19456,122880
62,62,1024,126976
62,23,3072,126976
62,23,4096,126976
62,35,10240,126976
62,34,11264,126976
62,46,11264,126976
62,34,12288,126976
62,46,12288,126976
62,38,13312,126976
62,68,13312,126976
62,27,14336,126976
62,68,14336,126976
62,27,15360,126976
62,68,15360,126976
62,23,2048,128000
62,23,3072,128000
62,35,9216,128000
62,34,10240,128000
62,46,10240,128000
62,34,11264,128000
62,46,11264,128000
62,38,12288,128000
62,68,12288,128000
62,27,13312,128000
62,68,13312,128000
62,27,14336,128000
62,68,14336,128000
62,27,15360,128000
23,23,1024,130048
23,35,7168,130048
23,34,8192,130048
23,46,8192,130048
23,34,9216,130048
23,46,9216,130048
23,38,10240,130048
23,68,10240,130048
23,27,11264,130048
23,68,11264,130048
23,27,12288,130048
23,68,12288,130048
23,27,13312,130048
23,68,13312,130048
23,35,6144,131072
23,34,7168,131072
23,46,7168,131072
23,34,8192,131072
23,46,8192,131072
23,38,9216,131072
23,68,9216,131072
23,27,10240,131072
23,68,10240,131072
23,27,11264,131072
23,68,11264,131072
23,27,12288,131072
23,68,12288,131072
23,23,13312,131072
35,34,1024,137216
35,46,1024,137216
35,34,2048,137216
35,46,2048,137216
35,38,3072,137216
35,68,3072,137216
35,27,4096,137216
35,68,4096,137216
35,27,5120,137216
35,68,5120,137216
35,27,6144,137216
35,68,6144,137216
35,23,7168,137216
35,67,7168,137216
34,46,0,138240
34,34,1024,138240
34,46,1024,138240
34,38,2048,138240
34,68,2048,138240
34,27,3072,138240
34,68,3072,138240
34,27,4096,138240
34,68,4096,138240
34,27,5120,138240
34,68,5120,138240
34,23,6144,138240
34,67,6144,138240
34,46,7168,138240
46,34,1024,138240
46,46,1024,138240
46,38,2048,138240
46,68,2048,138240
46,27,3072,138240
46,68,3072,138240
46,27,4096,138240
46,68,4096,138240
46,27,5120,138240
46,68,5120,138240
46,23,6144,138240
46,67,6144,138240
46,46,7168,138240
46,39,9216,138240
34,46,0,139264
34,38,1024,139264
34,68,1024,139264
34,27,2048,139264
34,68,2048,139264
34,27,3072,139264
34,68,3072,139264
34,27,4096,139264
34,68,4096,139264
34,23,5120,139264
34,67,5120,139264
34,46,6144,139264
34,39,8192,139264
34,40,8192,139264
46,38,1024,139264
46,68,1024,139264
46,27,2048,139264
46,68,2048,139264
46,27,3072,139264
46,68,3072,139264
46,27,4096,139264
46,68,4096,139264
46,23,5120,139264
46,67,5120,139264
46,46,6144,139264
46,39,8192,139264
46,40,8192,139264
46,38,9216,139264
38,68,0,140288
38,27,1024,140288
38,68,1024,140288
38,27,2048,140288
38,68,2048,140288
38,27,3072,140288
38,68,3072,140288
38,23,4096,140288
38,67,4096,140288
38,46,5120,140288
38,39,7168,140288
38,40,7168,140288
38,38,8192,140288
38,43,8192,140288
68,27,1024,140288
68,68,1024,140288
68,27,2048,140288
68,68,2048,140288
68,27,3072,140288
68,68,3072,140288
68,23,4096,140288
68,67,4096,140288
68,46,5120,140288
68,39,7168,140288
68,40,7168,140288
68,38,8192,140288
68,43,8192,140288
27,68,0,141312
27,27,1024,141312
27,68,1024,141312
27,27,2048,141312
27,68,2048,141312
27,23,3072,141312
27,67,3072,141312
27,46,4096,141312
27,39,6144,141312
27,40,6144,141312
27,38,7168,141312
27,43,7168,141312
68,27,1024,141312
68,68,1024,141312
68,27,2048,141312
68,68,2048,141312
68,23,3072,141312
68,67,3072,141312
68,46,4096,141312
68,39,6144,141312
68,40,6144,141312
68,38,7168,141312
68,43,7168,141312
27,68,0,142336
27,27,1024,142336
27,68,1024,142336
27,23,2048,142336
27,67,2048,142336
27,46,3072,142336
27,39,5120,142336
27,40,5120,142336
27,38,6144,142336
27,43,6144,142336
68,27,1024,142336
68,68,1024,142336
68,23,2048,142336
68,67,2048,142336
68,46,3072,142336
68,39,5120,142336
68,40,5120,142336
68,38,6144,142336
68,43,6144,142336
27,68,0,143360
27,23,1024,143360
27,67,1024,143360
27,46,2048,143360
27,39,4096,143360
27,40,4096,143360
27,38,5120,143360
27,43,5120,143360
68,23,1024,143360
68,67,1024,143360
68,46,2048,143360
68,39,4096,143360
68,40,4096,143360
68,38,5120,143360
68,43,5120,143360
23,67,0,144384
23,46,1024,144384
23,39,3072,144384
23,40,3072,144384
23,38,4096,144384
23,43,4096,144384
67,46,1024,144384
67,39,3072,144384
67,40,3072,144384
67,38,4096,144384
67,43,4096,144384
46,39,2048,145408
46,40,2048,145408
46,38,3072,145408
46,43,3072,145408
39,40,0,147456
39,38,1024,147456
39,43,1024,147456
40,38,1024,147456
40,43,1024,147456
38,43,0,148480
