39,39,2048,9216
39,39,3072,9216
39,46,4096,9216
39,41,5120,9216
39,26,8192,9216
39,41,9216,9216
39,47,10240,9216
39,47,11264,9216
39,41,12288,9216
39,46,14336,9216
39,41,15360,9216
39,41,16384,9216
39,62,17408,9216
39,39,1024,11264
39,46,2048,11264
39,41,3072,11264
39,26,6144,11264
39,41,7168,11264
39,47,8192,11264
39,47,9216,11264
39,41,10240,11264
39,46,12288,11264
39,41,13312,11264
39,41,14336,11264
39,62,15360,11264
39,41,19456,11264
39,41,20480,11264
39,46,1024,12288
39,41,2048,12288
39,26,5120,12288
39,41,6144,12288
39,47,7168,12288
39,47,8192,12288
39,41,9216,12288
39,46,11264,12288
39,41,12288,12288
39,41,13312,12288
39,62,14336,12288
39,41,18432,12288
39,41,19456,12288
39,41,20480,12288
46,41,1024,13312
46,26,4096,13312
46,41,5120,13312
46,47,6144,13312
46,47,7168,13312
46,41,8192,13312
46,46,10240,13312
46,41,11264,13312
46,41,12288,13312
46,62,13312,13312
46,41,17408,13312
46,41,18432,13312
46,41,19456,13312
41,26,3072,14336
41,41,4096,14336
41,47,5120,14336
41,47,6144,14336
41,41,7168,14336
41,46,9216,14336
41,41,10240,14336
41,41,11264,14336
41,62,12288,14336
41,41,16384,14336
41,41,17408,14336
41,41,18432,14336
41,39,20480,14336
41,46,20480,14336
26,41,1024,17408
26,47,2048,17408
26,47,3072,17408
26,41,4096,17408
26,46,6144,17408
26,41,7168,17408
26,41,8192,17408
26,62,9216,17408
26,41,13312,17408
26,41,14336,17408
26,41,15360,17408
26,39,17408,17408
26,46,17408,17408
26,39,18432,17408
41,47,1024,18432
41,47,2048,18432
41,41,3072,18432
41,46,5120,18432
41,41,6144,18432
41,41,7168,18432
41,62,8192,18432
41,41,12288,18432
41,41,13312,18432
41,41,14336,18432
41,39,16384,18432
41,46,16384,18432
41,39,17408,18432
41,46,19456,18432
47,47,1024,19456
47,41,2048,19456
47,46,4096,19456
47,41,5120,19456
47,41,6144,19456
47,62,7168,19456
47,41,11264,19456
47,41,12288,19456
47,41,13312,19456
47,39,15360,19456
47,46,15360,19456
47,39,16384,19456
47,46,18432,19456
47,47,19456,19456
47,41,1024,20480
47,46,3072,20480
47,41,4096,20480
47,41,5120,20480
47,62,6144,20480
47,41,10240,20480
47,41,11264,20480
47,41,12288,20480
47,39,14336,20480
47,46,14336,20480
47,39,15360,20480
47,46,17408,20480
47,47,18432,20480
47,46,19456,20480
41,46,2048,21504
41,41,3072,21504
41,41,4096,21504
41,62,5120,21504
41,41,9216,21504
41,41,10240,21504
41,41,11264,21504
41,39,13312,21504
41,46,13312,21504
41,39,14336,21504
41,46,16384,21504
41,47,17408,21504
41,46,18432,21504
41,47,19456,21504
46,41,1024,23552
46,41,2048,23552
46,62,3072,23552
46,41,7168,23552
46,41,8192,23552
46,41,9216,23552
46,39,11264,23552
46,46,11264,23552
46,39,12288,23552
46,46,14336,23552
46,47,15360,23552
46,46,16384,23552
46,47,17408,23552
46,39,18432,23552
41,41,1024,24576
41,62,2048,24576
41,41,6144,24576
41,41,7168,24576
41,41,8192,24576
41,39,10240,24576
41,46,10240,24576
41,39,11264,24576
41,46,13312,24576
41,47,14336,24576
41,46,15360,24576
41,47,16384,24576
41,39,17408,24576
41,47,17408,24576
41,62,1024,25600
41,41,5120,25600
41,41,6144,25600
41,41,7168,25600
41,39,9216,25600
41,46,9216,25600
41,39,10240,25600
41,46,12288,25600
41,47,13312,25600
41,46,14336,25600
41,47,15360,25600
41,39,16384,25600
41,47,16384,25600
41,47,17408,25600
62,41,4096,26624
62,41,5120,26624
62,41,6144,26624
62,39,8192,26624
62,46,8192,26624
62,39,9216,26624
62,46,11264,26624
62,47,12288,26624
62,46,13312,26624
62,47,14336,26624
62,39,15360,26624
62,47,15360,26624
62,47,16384,26624
62,124,16384,26624
41,41,1024,30720
41,41,2048,30720
41,39,4096,30720
41,46,4096,30720
41,39,5120,30720
41,46,7168,30720
41,47,8192,30720
41,46,9216,30720
41,47,10240,30720
41,39,11264,30720
41,47,11264,30720
41,47,12288,30720
41,124,12288,30720
41,46,13312,30720
41,41,1024,31744
41,39,3072,31744
41,46,3072,31744
41,39,4096,31744
41,46,6144,31744
41,47,7168,31744
41,46,8192,31744
41,47,9216,31744
41,39,10240,31744
41,47,10240,31744
41,47,11264,31744
41,124,11264,31744
41,46,12288,31744
41,46,13312,31744
41,39,2048,32768
41,46,2048,32768
41,39,3072,32768
41,46,5120,32768
41,47,6144,32768
41,46,7168,32768
41,47,8192,32768
41,39,9216,32768
41,47,9216,32768
41,47,10240,32768
41,124,10240,32768
41,46,11264,32768
41,46,12288,32768
41,39,14336,32768
39,46,0,34816
39,39,1024,34816
39,46,3072,34816
39,47,4096,34816
39,46,5120,34816
39,47,6144,34816
39,39,7168,34816
39,47,7168,34816
39,47,8192,34816
39,124,8192,34816
39,46,9216,34816
39,46,10240,34816
39,39,12288,34816
39,39,13312,34816
46,39,1024,34816
46,46,3072,34816
46,47,4096,34816
46,46,5120,34816
46,47,6144,34816
46,39,7168,34816
46,47,7168,34816
46,47,8192,34816
46,124,8192,34816
46,46,9216,34816
46,46,10240,34816
46,39,12288,34816
46,39,13312,34816
46,39,14336,34816
39,46,2048,35840
39,47,3072,35840
39,46,4096,35840
39,47,5120,35840
39,39,6144,35840
39,47,6144,35840
39,47,7168,35840
39,124,7168,35840
39,46,8192,35840
39,46,9216,35840
39,39,11264,35840
39,39,12288,35840
39,39,13312,35840
39,69,14336,35840
46,47,1024,37888
46,46,2048,37888
46,47,3072,37888
46,39,4096,37888
46,47,4096,37888
46,47,5120,37888
46,124,5120,37888
46,46,6144,37888
46,46,7168,37888
46,39,9216,37888
46,39,10240,37888
46,39,11264,37888
46,69,12288,37888
46,139,12288,37888
47,46,1024,38912
47,47,2048,38912
47,39,3072,38912
47,47,3072,38912
47,47,4096,38912
47,124,4096,38912
47,46,5120,38912
47,46,6144,38912
47,39,8192,38912
47,39,9216,38912
47,39,10240,38912
47,69,11264,38912
47,139,11264,38912
47,39,12288,38912
46,47,1024,39936
46,39,2048,39936
46,47,2048,39936
46,47,3072,39936
46,124,3072,39936
46,46,4096,39936
46,46,5120,39936
46,39,7168,39936
46,39,8192,39936
46,39,9216,39936
46,69,10240,39936
46,139,10240,39936
46,39,11264,39936
46,40,11264,39936
47,39,1024,40960
47,47,1024,40960
47,47,2048,40960
47,124,2048,40960
47,46,3072,40960
47,46,4096,40960
47,39,6144,40960
47,39,7168,40960
47,39,8192,40960
47,69,9216,40960
47,139,9216,40960
47,39,10240,40960
47,40,10240,40960
47,41,15360,40960
39,47,0,41984
39,47,1024,41984
39,124,1024,41984
39,46,2048,41984
39,46,3072,41984
39,39,5120,41984
39,39,6144,41984
39,39,7168,41984
39,69,8192,41984
39,139,8192,41984
39,39,9216,41984
39,40,9216,41984
39,41,14336,41984
39,46,16384,41984
47,47,1024,41984
47,124,1024,41984
47,46,2048,41984
47,46,3072,41984
47,39,5120,41984
47,39,6144,41984
47,39,7168,41984
47,69,8192,41984
47,139,8192,41984
47,39,9216,41984
47,40,9216,41984
47,41,14336,41984
47,46,16384,41984
47,124,0,43008
47,46,1024,43008
47,46,2048,43008
47,39,4096,43008
47,39,5120,43008
47,39,6144,43008
47,69,7168,43008
47,139,7168,43008
47,39,8192,43008
47,40,8192,43008
47,41,13312,43008
47,46,15360,43008
47,46,20480,43008
124,46,1024,43008
124,46,2048,43008
124,39,4096,43008
124,39,5120,43008
124,39,6144,43008
124,69,7168,43008
124,139,7168,43008
124,39,8192,43008
124,40,8192,43008
124,41,13312,43008
124,46,15360,43008
124,46,20480,43008
46,46,1024,44032
46,39,3072,44032
46,39,4096,44032
46,39,5120,44032
46,69,6144,44032
46,139,6144,44032
46,39,7168,44032
46,40,7168,44032
46,41,12288,44032
46,46,14336,44032
46,46,19456,44032
46,39,2048,45056
46,39,3072,45056
46,39,4096,45056
46,69,5120,45056
46,139,5120,45056
46,39,6144,45056
46,40,6144,45056
46,41,11264,45056
46,46,13312,45056
46,46,18432,45056
39,39,1024,47104
39,39,2048,47104
39,69,3072,47104
39,139,3072,47104
39,39,4096,47104
39,40,4096,47104
39,41,9216,47104
39,46,11264,47104
39,46,16384,47104
39,39,20480,47104
39,39,1024,48128
39,69,2048,48128
39,139,2048,48128
39,39,3072,48128
39,40,3072,48128
39,41,8192,48128
39,46,10240,48128
39,46,15360,48128
39,39,19456,48128
39,69,1024,49152
39,139,1024,49152
39,39,2048,49152
39,40,2048,49152
39,41,7168,49152
39,46,9216,49152
39,46,14336,49152
39,39,18432,49152
39,46,20480,49152
69,139,0,50176
69,39,1024,50176
69,40,1024,50176
69,41,6144,50176
69,46,8192,50176
69,46,13312,50176
69,39,17408,50176
69,46,19456,50176
69,41,20480,50176
139,39,1024,50176
139,40,1024,50176
139,41,6144,50176
139,46,8192,50176
139,46,13312,50176
139,39,17408,50176
139,46,19456,50176
139,41,20480,50176
39,40,0,51200
39,41,5120,51200
39,46,7168,51200
39,46,12288,51200
39,39,16384,51200
39,46,18432,51200
39,41,19456,51200
39,41,20480,51200
40,41,5120,51200
40,46,7168,51200
40,46,12288,51200
40,39,16384,51200
40,46,18432,51200
40,41,19456,51200
40,41,20480,51200
41,46,2048,56320
41,46,7168,56320
41,39,11264,56320
41,46,13312,56320
41,41,14336,56320
41,41,15360,56320
41,139,17408,56320
46,46,5120,58368
46,39,9216,58368
46,46,11264,58368
46,41,12288,58368
46,41,13312,58368
46,139,15360,58368
46,46,20480,58368
46,39,4096,63488
46,46,6144,63488
46,41,7168,63488
46,41,8192,63488
46,139,10240,63488
46,46,15360,63488
46,39,20480,63488
39,46,2048,67584
39,41,3072,67584
39,41,4096,67584
39,139,6144,67584
39,46,11264,67584
39,39,16384,67584
39,39,17408,67584
46,41,1024,69632
46,41,2048,69632
46,139,4096,69632
46,46,9216,69632
46,39,14336,69632
46,39,15360,69632
46,46,19456,69632
41,41,1024,70656
41,139,3072,70656
41,46,8192,70656
41,39,13312,70656
41,39,14336,70656
41,46,18432,70656
41,139,2048,71680
41,46,7168,71680
41,39,12288,71680
41,39,13312,71680
41,46,17408,71680
139,46,5120,73728
139,39,10240,73728
139,39,11264,73728
139,46,15360,73728
46,39,5120,78848
46,39,6144,78848
46,46,10240,78848
46,46,20480,78848
39,39,1024,83968
39,46,5120,83968
39,46,15360,83968
39,41,17408,83968
39,41,20480,83968
39,46,4096,84992
39,46,14336,84992
39,41,16384,84992
39,41,19456,84992
46,46,10240,89088
46,41,12288,89088
46,41,15360,89088
46,41,18432,89088
46,26,19456,89088
46,46,19456,89088
46,26,20480,89088
46,41,2048,99328
46,41,5120,99328
46,41,8192,99328
46,26,9216,99328
46,46,9216,99328
46,26,10240,99328
46,26,11264,99328
46,41,11264,99328
46,26,12288,99328
46,21,15360,99328
46,52,15360,99328
46,20,16384,99328
46,41,16384,99328
46,20,17408,99328
41,41,3072,101376
41,41,6144,101376
41,26,7168,101376
41,46,7168,101376
41,26,8192,101376
41,26,9216,101376
41,41,9216,101376
41,26,10240,101376
41,21,13312,101376
41,52,13312,101376
41,20,14336,101376
41,41,14336,101376
41,20,15360,101376
41,41,15360,101376
41,41,3072,104448
41,26,4096,104448
41,46,4096,104448
41,26,5120,104448
41,26,6144,104448
41,41,6144,104448
41,26,7168,104448
41,21,10240,104448
41,52,10240,104448
41,20,11264,104448
41,41,11264,104448
41,20,12288,104448
41,41,12288,104448
41,42,14336,104448
41,26,1024,107520
41,46,1024,107520
41,26,2048,107520
41,26,3072,107520
41,41,3072,107520
41,26,4096,107520
41,21,7168,107520
41,52,7168,107520
41,20,8192,107520
41,41,8192,107520
41,20,9216,107520
41,41,9216,107520
41,42,11264,107520
41,46,12288,107520
26,46,0,108544
26,26,1024,108544
26,26,2048,108544
26,41,2048,108544
26,26,3072,108544
26,21,6144,108544
26,52,6144,108544
26,20,7168,108544
26,41,7168,108544
26,20,8192,108544
26,41,8192,108544
26,42,10240,108544
26,46,11264,108544
26,46,12288,108544
46,26,1024,108544
46,26,2048,108544
46,41,2048,108544
46,26,3072,108544
46,21,6144,108544
46,52,6144,108544
46,20,7168,108544
46,41,7168,108544
46,20,8192,108544
46,41,8192,108544
46,42,10240,108544
46,46,11264,108544
46,46,12288,108544
46,41,13312,108544
26,26,1024,109568
26,41,1024,109568
26,26,2048,109568
26,21,5120,109568
26,52,5120,109568
26,20,6144,109568
26,41,6144,109568
26,20,7168,109568
26,41,7168,109568
26,42,9216,109568
26,46,10240,109568
26,46,11264,109568
26,41,12288,109568
26,26,15360,109568
26,41,0,110592
26,26,1024,110592
26,21,4096,110592
26,52,4096,110592
26,20,5120,110592
26,41,5120,110592
26,20,6144,110592
26,41,6144,110592
26,42,8192,110592
26,46,9216,110592
26,46,10240,110592
26,41,11264,110592
26,26,14336,110592
26,47,14336,110592
41,26,1024,110592
41,21,4096,110592
41,52,4096,110592
41,20,5120,110592
41,41,5120,110592
41,20,6144,110592
41,41,6144,110592
41,42,8192,110592
41,46,9216,110592
41,46,10240,110592
41,41,11264,110592
41,26,14336,110592
41,47,14336,110592
41,21,15360,110592
26,21,3072,111616
26,52,3072,111616
26,20,4096,111616
26,41,4096,111616
26,20,5120,111616
26,41,5120,111616
26,42,7168,111616
26,46,8192,111616
26,46,9216,111616
26,41,10240,111616
26,26,13312,111616
26,47,13312,111616
26,21,14336,111616
26,41,14336,111616
21,52,0,114688
21,20,1024,114688
21,41,1024,114688
21,20,2048,114688
21,41,2048,114688
21,42,4096,114688
21,46,5120,114688
21,46,6144,114688
21,41,7168,114688
21,26,10240,114688
21,47,10240,114688
21,21,11264,114688
21,41,11264,114688
21,23,12288,114688
52,20,1024,114688
52,41,1024,114688
52,20,2048,114688
52,41,2048,114688
52,42,4096,114688
52,46,5120,114688
52,46,6144,114688
52,41,7168,114688
52,26,10240,114688
52,47,10240,114688
52,21,11264,114688
52,41,11264,114688
52,23,12288,114688
52,46,12288,114688
20,41,0,115712
20,20,1024,115712
20,41,1024,115712
20,42,3072,115712
20,46,4096,115712
20,46,5120,115712
20,41,6144,115712
20,26,9216,115712
20,47,9216,115712
20,21,10240,115712
20,41,10240,115712
20,23,11264,115712
20,46,11264,115712
20,24,12288,115712
41,20,1024,115712
41,41,1024,115712
41,42,3072,115712
41,46,4096,115712
41,46,5120,115712
41,41,6144,115712
41,26,9216,115712
41,47,9216,115712
41,21,10240,115712
41,41,10240,115712
41,23,11264,115712
41,46,11264,115712
41,24,12288,115712
41,46,12288,115712
20,41,0,116736
20,42,2048,116736
20,46,3072,116736
20,46,4096,116736
20,41,5120,116736
20,26,8192,116736
20,47,8192,116736
20,21,9216,116736
20,41,9216,116736
20,23,10240,116736
20,46,10240,116736
20,24,11264,116736
20,46,11264,116736
20,26,12288,116736
41,42,2048,116736
41,46,3072,116736
41,46,4096,116736
41,41,5120,116736
41,26,8192,116736
41,47,8192,116736
41,21,9216,116736
41,41,9216,116736
41,23,10240,116736
41,46,10240,116736
41,24,11264,116736
41,46,11264,116736
41,26,12288,116736
41,46,16384,116736
42,46,1024,118784
42,46,2048,118784
42,41,3072,118784
42,26,6144,118784
42,47,6144,118784
42,21,7168,118784
42,41,7168,118784
42,23,8192,118784
42,46,8192,118784
42,24,9216,118784
42,46,9216,118784
42,26,10240,118784
42,46,14336,118784
42,21,16384,118784
46,46,1024,119808
46,41,2048,119808
46,26,5120,119808
46,47,5120,119808
46,21,6144,119808
46,41,6144,119808
46,23,7168,119808
46,46,7168,119808
46,24,8192,119808
46,46,8192,119808
46,26,9216,119808
46,46,13312,119808
46,21,15360,119808
46,21,16384,119808
46,41,1024,120832
46,26,4096,120832
46,47,4096,120832
46,21,5120,120832
46,41,5120,120832
46,23,6144,120832
46,46,6144,120832
46,24,7168,120832
46,46,7168,120832
46,26,8192,120832
46,46,12288,120832
46,21,14336,120832
46,21,15360,120832
41,26,3072,121856
41,47,3072,121856
41,21,4096,121856
41,41,4096,121856
41,23,5120,121856
41,46,5120,121856
41,24,6144,121856
41,46,6144,121856
41,26,7168,121856
41,46,11264,121856
41,21,13312,121856
41,21,14336,121856
41,46,20480,121856
26,47,0,124928
26,21,1024,124928
26,41,1024,124928
26,23,2048,124928
26,46,2048,124928
26,24,3072,124928
26,46,3072,124928
26,26,4096,124928
26,46,8192,124928
26,21,10240,124928
26,21,11264,124928
26,46,17408,124928
26,46,19456,124928
26,23,20480,124928
47,21,1024,124928
47,41,1024,124928
47,23,2048,124928
47,46,2048,124928
47,24,3072,124928
47,46,3072,124928
47,26,4096,124928
47,46,8192,124928
47,21,10240,124928
47,21,11264,124928
47,46,17408,124928
47,46,19456,124928
47,23,20480,124928
21,41,0,125952
21,23,1024,125952
21,46,1024,125952
21,24,2048,125952
21,46,2048,125952
21,26,3072,125952
21,46,7168,125952
21,21,9216,125952
21,21,10240,125952
21,46,16384,125952
21,46,18432,125952
21,23,19456,125952
41,23,1024,125952
41,46,1024,125952
41,24,2048,125952
41,46,2048,125952
41,26,3072,125952
41,46,7168,125952
41,21,9216,125952
41,21,10240,125952
41,46,16384,125952
41,46,18432,125952
41,23,19456,125952
23,46,0,126976
23,24,1024,126976
23,46,1024,126976
23,26,2048,126976
23,46,6144,126976
23,21,8192,126976
23,21,9216,126976
23,46,15360,126976
23,46,17408,126976
23,23,18432,126976
23,46,20480,126976
46,24,1024,126976
46,46,1024,126976
46,26,2048,126976
46,46,6144,126976
46,21,8192,126976
46,21,9216,126976
46,46,15360,126976
46,46,17408,126976
46,23,18432,126976
46,46,20480,126976
24,46,0,128000
24,26,1024,128000
24,46,5120,128000
24,21,7168,128000
24,21,8192,128000
24,46,14336,128000
24,46,16384,128000
24,23,17408,128000
24,46,19456,128000
24,39,20480,128000
46,26,1024,128000
46,46,5120,128000
46,21,7168,128000
46,21,8192,128000
46,46,14336,128000
46,46,16384,128000
46,23,17408,128000
46,46,19456,128000
46,39,20480,128000
26,46,4096,129024
26,21,6144,129024
26,21,7168,129024
26,46,13312,129024
26,46,15360,129024
26,23,16384,129024
26,46,18432,129024
26,39,19456,129024
46,21,2048,133120
46,21,3072,133120
46,46,9216,133120
46,46,11264,133120
46,23,12288,133120
46,46,14336,133120
46,39,15360,133120
21,21,1024,135168
21,46,7168,135168
21,46,9216,135168
21,23,10240,135168
21,46,12288,135168
21,39,13312,135168
21,46,20480,135168
21,46,6144,136192
21,46,8192,136192
21,23,9216,136192
21,46,11264,136192
21,39,12288,136192
21,46,19456,136192
46,46,2048,142336
46,23,3072,142336
46,46,5120,142336
46,39,6144,142336
46,46,13312,142336
46,23,1024,144384
46,46,3072,144384
46,39,4096,144384
46,46,11264,144384
23,46,2048,145408
23,39,3072,145408
23,46,10240,145408
46,39,1024,147456
46,46,8192,147456
39,46,7168,148480
46,46,19456,155648
46,46,3072,175104
46,47,4096,175104
46,46,8192,175104
46,46,13312,175104
46,46,14336,175104
46,46,18432,175104
46,47,1024,178176
46,46,5120,178176
46,46,10240,178176
46,46,11264,178176
46,46,15360,178176
46,39,20480,178176
47,46,4096,179200
47,46,9216,179200
47,46,10240,179200
47,46,14336,179200
47,39,19456,179200
47,39,20480,179200
47,41,20480,179200
46,46,5120,183296
46,46,6144,183296
46,46,10240,183296
46,39,15360,183296
46,39,16384,183296
46,41,16384,183296
46,46,18432,183296
46,46,19456,183296
46,46,1024,188416
46,46,5120,188416
46,39,10240,188416
46,39,11264,188416
46,41,11264,188416
46,46,13312,188416
46,46,14336,188416
46,26,17408,188416
46,46,4096,189440
46,39,9216,189440
46,39,10240,189440
46,41,10240,189440
46,46,12288,189440
46,46,13312,189440
46,26,16384,189440
46,39,5120,193536
46,39,6144,193536
46,41,6144,193536
46,46,8192,193536
46,46,9216,193536
46,26,12288,193536
39,39,1024,198656
39,41,1024,198656
39,46,3072,198656
39,46,4096,198656
39,26,7168,198656
39,41,0,199680
39,46,2048,199680
39,46,3072,199680
39,26,6144,199680
39,46,20480,199680
41,46,2048,199680
41,46,3072,199680
41,26,6144,199680
41,46,20480,199680
46,46,1024,201728
46,26,4096,201728
46,46,18432,201728
46,41,19456,201728
46,41,20480,201728
46,26,3072,202752
46,46,17408,202752
46,41,18432,202752
46,41,19456,202752
26,46,14336,205824
26,41,15360,205824
26,41,16384,205824
26,41,19456,205824
46,41,1024,220160
46,41,2048,220160
46,41,5120,220160
46,46,11264,220160
46,46,12288,220160
46,46,14336,220160
46,46,15360,220160
46,39,16384,220160
46,46,20480,220160
41,41,1024,221184
41,41,4096,221184
41,46,10240,221184
41,46,11264,221184
41,46,13312,221184
41,46,14336,221184
41,39,15360,221184
41,46,19456,221184
41,31,20480,221184
41,46,20480,221184
41,41,3072,222208
41,46,9216,222208
41,46,10240,222208
41,46,12288,222208
41,46,13312,222208
41,39,14336,222208
41,46,18432,222208
41,31,19456,222208
41,46,19456,222208
41,46,6144,225280
41,46,7168,225280
41,46,9216,225280
41,46,10240,225280
41,39,11264,225280
41,46,15360,225280
41,31,16384,225280
41,46,16384,225280
41,140,19456,225280
46,46,1024,231424
46,46,3072,231424
46,46,4096,231424
46,39,5120,231424
46,46,9216,231424
46,31,10240,231424
46,46,10240,231424
46,140,13312,231424
46,26,18432,231424
46,46,2048,232448
46,46,3072,232448
46,39,4096,232448
46,46,8192,232448
46,31,9216,232448
46,46,9216,232448
46,140,12288,232448
46,26,17408,232448
46,46,1024,234496
46,39,2048,234496
46,46,6144,234496
46,31,7168,234496
46,46,7168,234496
46,140,10240,234496
46,26,15360,234496
46,21,19456,234496
46,46,19456,234496
46,23,20480,234496
46,39,1024,235520
46,46,5120,235520
46,31,6144,235520
46,46,6144,235520
46,140,9216,235520
46,26,14336,235520
46,21,18432,235520
46,46,18432,235520
46,23,19456,235520
46,23,20480,235520
39,46,4096,236544
39,31,5120,236544
39,46,5120,236544
39,140,8192,236544
39,26,13312,236544
39,21,17408,236544
39,46,17408,236544
39,23,18432,236544
39,23,19456,236544
39,41,20480,236544
46,31,1024,240640
46,46,1024,240640
46,140,4096,240640
46,26,9216,240640
46,21,13312,240640
46,46,13312,240640
46,23,14336,240640
46,23,15360,240640
46,41,16384,240640
46,23,17408,240640
46,23,18432,240640
46,46,18432,240640
31,46,0,241664
31,140,3072,241664
31,26,8192,241664
31,21,12288,241664
31,46,12288,241664
31,23,13312,241664
31,23,14336,241664
31,41,15360,241664
31,23,16384,241664
31,23,17408,241664
31,46,17408,241664
31,46,20480,241664
46,140,3072,241664
46,26,8192,241664
46,21,12288,241664
46,46,12288,241664
46,23,13312,241664
46,23,14336,241664
46,41,15360,241664
46,23,16384,241664
46,23,17408,241664
46,46,17408,241664
46,46,20480,241664
140,26,5120,244736
140,21,9216,244736
140,46,9216,244736
140,23,10240,244736
140,23,11264,244736
140,41,12288,244736
140,23,13312,244736
140,23,14336,244736
140,46,14336,244736
140,46,17408,244736
140,46,19456,244736
140,23,20480,244736
140,45,20480,244736
26,21,4096,249856
26,46,4096,249856
26,23,5120,249856
26,23,6144,249856
26,41,7168,249856
26,23,8192,249856
26,23,9216,249856
26,46,9216,249856
26,46,12288,249856
26,46,14336,249856
26,23,15360,249856
26,45,15360,249856
26,46,16384,249856
26,46,17408,249856
21,46,0,253952
21,23,1024,253952
21,23,2048,253952
21,41,3072,253952
21,23,4096,253952
21,23,5120,253952
21,46,5120,253952
21,46,8192,253952
21,46,10240,253952
21,23,11264,253952
21,45,11264,253952
21,46,12288,253952
21,46,13312,253952
21,23,14336,253952
46,23,1024,253952
46,23,2048,253952
46,41,3072,253952
46,23,4096,253952
46,23,5120,253952
46,46,5120,253952
46,46,8192,253952
46,46,10240,253952
46,23,11264,253952
46,45,11264,253952
46,46,12288,253952
46,46,13312,253952
46,23,14336,253952
46,46,14336,253952
23,23,1024,254976
23,41,2048,254976
23,23,3072,254976
23,23,4096,254976
23,46,4096,254976
23,46,7168,254976
23,46,9216,254976
23,23,10240,254976
23,45,10240,254976
23,46,11264,254976
23,46,12288,254976
23,23,13312,254976
23,46,13312,254976
23,47,14336,254976
23,41,1024,256000
23,23,2048,256000
23,23,3072,256000
23,46,3072,256000
23,46,6144,256000
23,46,8192,256000
23,23,9216,256000
23,45,9216,256000
23,46,10240,256000
23,46,11264,256000
23,23,12288,256000
23,46,12288,256000
23,47,13312,256000
23,31,15360,256000
41,23,1024,257024
41,23,2048,257024
41,46,2048,257024
41,46,5120,257024
41,46,7168,257024
41,23,8192,257024
41,45,8192,257024
41,46,9216,257024
41,46,10240,257024
41,23,11264,257024
41,46,11264,257024
41,47,12288,257024
41,31,14336,257024
41,46,16384,257024
23,23,1024,258048
23,46,1024,258048
23,46,4096,258048
23,46,6144,258048
23,23,7168,258048
23,45,7168,258048
23,46,8192,258048
23,46,9216,258048
23,23,10240,258048
23,46,10240,258048
23,47,11264,258048
23,31,13312,258048
23,46,15360,258048
23,39,17408,258048
23,46,0,259072
23,46,3072,259072
23,46,5120,259072
23,23,6144,259072
23,45,6144,259072
23,46,7168,259072
23,46,8192,259072
23,23,9216,259072
23,46,9216,259072
23,47,10240,259072
23,31,12288,259072
23,46,14336,259072
23,39,16384,259072
46,46,3072,259072
46,46,5120,259072
46,23,6144,259072
46,45,6144,259072
46,46,7168,259072
46,46,8192,259072
46,23,9216,259072
46,46,9216,259072
46,47,10240,259072
46,31,12288,259072
46,46,14336,259072
46,39,16384,259072
46,46,2048,262144
46,23,3072,262144
46,45,3072,262144
46,46,4096,262144
46,46,5120,262144
46,23,6144,262144
46,46,6144,262144
46,47,7168,262144
46,31,9216,262144
46,46,11264,262144
46,39,13312,262144
46,46,20480,262144
46,23,1024,264192
46,45,1024,264192
46,46,2048,264192
46,46,3072,264192
46,23,4096,264192
46,46,4096,264192
46,47,5120,264192
46,31,7168,264192
46,46,9216,264192
46,39,11264,264192
46,46,18432,264192
46,46,19456,264192
23,45,0,265216
23,46,1024,265216
23,46,2048,265216
23,23,3072,265216
23,46,3072,265216
23,47,4096,265216
23,31,6144,265216
23,46,8192,265216
23,39,10240,265216
23,46,17408,265216
23,46,18432,265216
45,46,1024,265216
45,46,2048,265216
45,23,3072,265216
45,46,3072,265216
45,47,4096,265216
45,31,6144,265216
45,46,8192,265216
45,39,10240,265216
45,46,17408,265216
45,46,18432,265216
46,46,1024,266240
46,23,2048,266240
46,46,2048,266240
46,47,3072,266240
46,31,5120,266240
46,46,7168,266240
46,39,9216,266240
46,46,16384,266240
46,46,17408,266240
46,23,1024,267264
46,46,1024,267264
46,47,2048,267264
46,31,4096,267264
46,46,6144,267264
46,39,8192,267264
46,46,15360,267264
46,46,16384,267264
23,46,0,268288
23,47,1024,268288
23,31,3072,268288
23,46,5120,268288
23,39,7168,268288
23,46,14336,268288
23,46,15360,268288
46,47,1024,268288
46,31,3072,268288
46,46,5120,268288
46,39,7168,268288
46,46,14336,268288
46,46,15360,268288
47,31,2048,269312
47,46,4096,269312
47,39,6144,269312
47,46,13312,269312
47,46,14336,269312
31,46,2048,271360
31,39,4096,271360
31,46,11264,271360
31,46,12288,271360
46,39,2048,273408
46,46,9216,273408
46,46,10240,273408
39,46,7168,275456
39,46,8192,275456
39,41,20480,275456
46,46,1024,282624
46,41,13312,282624
46,41,15360,282624
46,46,17408,282624
46,47,18432,282624
46,41,12288,283648
46,41,14336,283648
46,46,16384,283648
46,47,17408,283648
41,41,2048,295936
41,46,4096,295936
41,47,5120,295936
41,46,11264,295936
41,46,18432,295936
41,109,19456,295936
41,46,2048,297984
41,47,3072,297984
41,46,9216,297984
41,46,16384,297984
41,109,17408,297984
46,47,1024,300032
46,46,7168,300032
46,46,14336,300032
46,109,15360,300032
47,46,6144,301056
47,46,13312,301056
47,109,14336,301056
46,46,7168,307200
46,109,8192,307200
46,46,15360,307200
46,36,16384,307200
46,46,20480,307200
46,109,1024,314368
46,46,8192,314368
46,36,9216,314368
46,46,13312,314368
46,46,16384,314368
46,111,19456,314368
109,46,7168,315392
109,36,8192,315392
109,46,12288,315392
109,46,15360,315392
109,111,18432,315392
46,36,1024,322560
46,46,5120,322560
46,46,8192,322560
46,111,11264,322560
36,46,4096,323584
36,46,7168,323584
36,111,10240,323584
46,46,3072,327680
46,111,6144,327680
46,111,3072,330752
