27,34,5120,8192
27,32,6144,8192
27,30,7168,8192
27,28,8192,8192
27,24,9216,8192
27,26,10240,8192
27,25,11264,8192
27,24,13312,8192
27,25,14336,8192
27,24,15360,8192
27,23,16384,8192
27,47,16384,8192
27,20,17408,8192
27,20,18432,8192
34,32,1024,13312
34,30,2048,13312
34,28,3072,13312
34,24,4096,13312
34,26,5120,13312
34,25,6144,13312
34,24,8192,13312
34,25,9216,13312
34,24,10240,13312
34,23,11264,13312
34,47,11264,13312
34,20,12288,13312
34,20,13312,13312
34,40,13312,13312
32,30,1024,14336
32,28,2048,14336
32,24,3072,14336
32,26,4096,14336
32,25,5120,14336
32,24,7168,14336
32,25,8192,14336
32,24,9216,14336
32,23,10240,14336
32,47,10240,14336
32,20,11264,14336
32,20,12288,14336
32,40,12288,14336
32,20,13312,14336
30,28,1024,15360
30,24,2048,15360
30,26,3072,15360
30,25,4096,15360
30,24,6144,15360
30,25,7168,15360
30,24,8192,15360
30,23,9216,15360
30,47,9216,15360
30,20,10240,15360
30,20,11264,15360
30,40,11264,15360
30,20,12288,15360
30,40,12288,15360
28,24,1024,16384
28,26,2048,16384
28,25,3072,16384
28,24,5120,16384
28,25,6144,16384
28,24,7168,16384
28,23,8192,16384
28,47,8192,16384
28,20,9216,16384
28,20,10240,16384
28,40,10240,16384
28,20,11264,16384
28,40,11264,16384
28,20,12288,16384
24,26,1024,17408
24,25,2048,17408
24,24,4096,17408
24,25,5120,17408
24,24,6144,17408
24,23,7168,17408
24,47,7168,17408
24,20,8192,17408
24,20,9216,17408
24,40,9216,17408
24,20,10240,17408
24,40,10240,17408
24,20,11264,17408
24,41,11264,17408
26,25,1024,18432
26,24,3072,18432
26,25,4096,18432
26,24,5120,18432
26,23,6144,18432
26,47,6144,18432
26,20,7168,18432
26,20,8192,18432
26,40,8192,18432
26,20,9216,18432
26,40,9216,18432
26,20,10240,18432
26,41,10240,18432
26,40,11264,18432
25,24,2048,19456
25,25,3072,19456
25,24,4096,19456
25,23,5120,19456
25,47,5120,19456
25,20,6144,19456
25,20,7168,19456
25,40,7168,19456
25,20,8192,19456
25,40,8192,19456
25,20,9216,19456
25,41,9216,19456
25,40,10240,19456
25,41,11264,19456
24,25,1024,21504
24,24,2048,21504
24,23,3072,21504
24,47,3072,21504
24,20,4096,21504
24,20,5120,21504
24,40,5120,21504
24,20,6144,21504
24,40,6144,21504
24,20,7168,21504
24,41,7168,21504
24,40,8192,21504
24,41,9216,21504
24,21,10240,21504
25,24,1024,22528
25,23,2048,22528
25,47,2048,22528
25,20,3072,22528
25,20,4096,22528
25,40,4096,22528
25,20,5120,22528
25,40,5120,22528
25,20,6144,22528
25,41,6144,22528
25,40,7168,22528
25,41,8192,22528
25,21,9216,22528
25,42,9216,22528
24,23,1024,23552
24,47,1024,23552
24,20,2048,23552
24,20,3072,23552
24,40,3072,23552
24,20,4096,23552
24,40,4096,23552
24,20,5120,23552
24,41,5120,23552
24,40,6144,23552
24,41,7168,23552
24,21,8192,23552
24,42,8192,23552
24,20,9216,23552
23,47,0,24576
23,20,1024,24576
23,20,2048,24576
23,40,2048,24576
23,20,3072,24576
23,40,3072,24576
23,20,4096,24576
23,41,4096,24576
23,40,5120,24576
23,41,6144,24576
23,21,7168,24576
23,42,7168,24576
23,20,8192,24576
23,40,8192,24576
47,20,1024,24576
47,20,2048,24576
47,40,2048,24576
47,20,3072,24576
47,40,3072,24576
47,20,4096,24576
47,41,4096,24576
47,40,5120,24576
47,41,6144,24576
47,21,7168,24576
47,42,7168,24576
47,20,8192,24576
47,40,8192,24576
47,21,10240,24576
20,20,1024,25600
20,40,1024,25600
20,20,2048,25600
20,40,2048,25600
20,20,3072,25600
20,41,3072,25600
20,40,4096,25600
20,41,5120,25600
20,21,6144,25600
20,42,6144,25600
20,20,7168,25600
20,40,7168,25600
20,21,9216,25600
20,21,10240,25600
20,40,0,26624
20,20,1024,26624
20,40,1024,26624
20,20,2048,26624
20,41,2048,26624
20,40,3072,26624
20,41,4096,26624
20,21,5120,26624
20,42,5120,26624
20,20,6144,26624
20,40,6144,26624
20,21,8192,26624
20,21,9216,26624
20,30,11264,26624
40,20,1024,26624
40,40,1024,26624
40,20,2048,26624
40,41,2048,26624
40,40,3072,26624
40,41,4096,26624
40,21,5120,26624
40,42,5120,26624
40,20,6144,26624
40,40,6144,26624
40,21,8192,26624
40,21,9216,26624
40,30,11264,26624
40,30,12288,26624
20,40,0,27648
20,20,1024,27648
20,41,1024,27648
20,40,2048,27648
20,41,3072,27648
20,21,4096,27648
20,42,4096,27648
20,20,5120,27648
20,40,5120,27648
20,21,7168,27648
20,21,8192,27648
20,30,10240,27648
20,30,11264,27648
20,38,13312,27648
40,20,1024,27648
40,41,1024,27648
40,40,2048,27648
40,41,3072,27648
40,21,4096,27648
40,42,4096,27648
40,20,5120,27648
40,40,5120,27648
40,21,7168,27648
40,21,8192,27648
40,30,10240,27648
40,30,11264,27648
40,38,13312,27648
40,38,14336,27648
20,41,0,28672
20,40,1024,28672
20,41,2048,28672
20,21,3072,28672
20,42,3072,28672
20,20,4096,28672
20,40,4096,28672
20,21,6144,28672
20,21,7168,28672
20,30,9216,28672
20,30,10240,28672
20,38,12288,28672
20,38,13312,28672
20,39,14336,28672
41,40,1024,28672
41,41,2048,28672
41,21,3072,28672
41,42,3072,28672
41,20,4096,28672
41,40,4096,28672
41,21,6144,28672
41,21,7168,28672
41,30,9216,28672
41,30,10240,28672
41,38,12288,28672
41,38,13312,28672
41,39,14336,28672
41,40,14336,28672
40,41,1024,29696
40,21,2048,29696
40,42,2048,29696
40,20,3072,29696
40,40,3072,29696
40,21,5120,29696
40,21,6144,29696
40,30,8192,29696
40,30,9216,29696
40,38,11264,29696
40,38,12288,29696
40,39,13312,29696
40,40,13312,29696
40,39,14336,29696
41,21,1024,30720
41,42,1024,30720
41,20,2048,30720
41,40,2048,30720
41,21,4096,30720
41,21,5120,30720
41,30,7168,30720
41,30,8192,30720
41,38,10240,30720
41,38,11264,30720
41,39,12288,30720
41,40,12288,30720
41,39,13312,30720
41,21,15360,30720
21,42,0,31744
21,20,1024,31744
21,40,1024,31744
21,21,3072,31744
21,21,4096,31744
21,30,6144,31744
21,30,7168,31744
21,38,9216,31744
21,38,10240,31744
21,39,11264,31744
21,40,11264,31744
21,39,12288,31744
21,21,14336,31744
21,42,14336,31744
42,20,1024,31744
42,40,1024,31744
42,21,3072,31744
42,21,4096,31744
42,30,6144,31744
42,30,7168,31744
42,38,9216,31744
42,38,10240,31744
42,39,11264,31744
42,40,11264,31744
42,39,12288,31744
42,21,14336,31744
42,42,14336,31744
42,40,15360,31744
20,40,0,32768
20,21,2048,32768
20,21,3072,32768
20,30,5120,32768
20,30,6144,32768
20,38,8192,32768
20,38,9216,32768
20,39,10240,32768
20,40,10240,32768
20,39,11264,32768
20,21,13312,32768
20,42,13312,32768
20,40,14336,32768
20,36,15360,32768
40,21,2048,32768
40,21,3072,32768
40,30,5120,32768
40,30,6144,32768
40,38,8192,32768
40,38,9216,32768
40,39,10240,32768
40,40,10240,32768
40,39,11264,32768
40,21,13312,32768
40,42,13312,32768
40,40,14336,32768
40,36,15360,32768
21,21,1024,34816
21,30,3072,34816
21,30,4096,34816
21,38,6144,34816
21,38,7168,34816
21,39,8192,34816
21,40,8192,34816
21,39,9216,34816
21,21,11264,34816
21,42,11264,34816
21,40,12288,34816
21,36,13312,34816
21,30,2048,35840
21,30,3072,35840
21,38,5120,35840
21,38,6144,35840
21,39,7168,35840
21,40,7168,35840
21,39,8192,35840
21,21,10240,35840
21,42,10240,35840
21,40,11264,35840
21,36,12288,35840
30,30,1024,37888
30,38,3072,37888
30,38,4096,37888
30,39,5120,37888
30,40,5120,37888
30,39,6144,37888
30,21,8192,37888
30,42,8192,37888
30,40,9216,37888
30,36,10240,37888
30,20,20480,37888
30,38,2048,38912
30,38,3072,38912
30,39,4096,38912
30,40,4096,38912
30,39,5120,38912
30,21,7168,38912
30,42,7168,38912
30,40,8192,38912
30,36,9216,38912
30,20,19456,38912
38,38,1024,40960
38,39,2048,40960
38,40,2048,40960
38,39,3072,40960
38,21,5120,40960
38,42,5120,40960
38,40,6144,40960
38,36,7168,40960
38,20,17408,40960
38,39,1024,41984
38,40,1024,41984
38,39,2048,41984
38,21,4096,41984
38,42,4096,41984
38,40,5120,41984
38,36,6144,41984
38,20,16384,41984
39,40,0,43008
39,39,1024,43008
39,21,3072,43008
39,42,3072,43008
39,40,4096,43008
39,36,5120,43008
39,20,15360,43008
40,39,1024,43008
40,21,3072,43008
40,42,3072,43008
40,40,4096,43008
40,36,5120,43008
40,20,15360,43008
39,21,2048,44032
39,42,2048,44032
39,40,3072,44032
39,36,4096,44032
39,20,14336,44032
21,42,0,46080
21,40,1024,46080
21,36,2048,46080
21,20,12288,46080
21,20,20480,46080
42,40,1024,46080
42,36,2048,46080
42,20,12288,46080
42,20,20480,46080
40,36,1024,47104
40,20,11264,47104
40,20,19456,47104
36,20,10240,48128
36,20,18432,48128
20,20,8192,58368
20,25,11264,58368
20,25,12288,58368
20,20,16384,58368
20,24,19456,58368
20,62,20480,58368
20,25,3072,66560
20,25,4096,66560
20,20,8192,66560
20,24,11264,66560
20,62,12288,66560
20,61,13312,66560
20,62,14336,66560
20,61,15360,66560
20,62,16384,66560
20,29,18432,66560
20,31,19456,66560
20,62,19456,66560
25,25,1024,69632
25,20,5120,69632
25,24,8192,69632
25,62,9216,69632
25,61,10240,69632
25,62,11264,69632
25,61,12288,69632
25,62,13312,69632
25,29,15360,69632
25,31,16384,69632
25,62,16384,69632
25,25,19456,69632
25,49,19456,69632
25,24,20480,69632
25,20,4096,70656
25,24,7168,70656
25,62,8192,70656
25,61,9216,70656
25,62,10240,70656
25,61,11264,70656
25,62,12288,70656
25,29,14336,70656
25,31,15360,70656
25,62,15360,70656
25,25,18432,70656
25,49,18432,70656
25,24,19456,70656
25,47,19456,70656
20,24,3072,74752
20,62,4096,74752
20,61,5120,74752
20,62,6144,74752
20,61,7168,74752
20,62,8192,74752
20,29,10240,74752
20,31,11264,74752
20,62,11264,74752
20,25,14336,74752
20,49,14336,74752
20,24,15360,74752
20,47,15360,74752
20,46,16384,74752
24,62,1024,77824
24,61,2048,77824
24,62,3072,77824
24,61,4096,77824
24,62,5120,77824
24,29,7168,77824
24,31,8192,77824
24,62,8192,77824
24,25,11264,77824
24,49,11264,77824
24,24,12288,77824
24,47,12288,77824
24,46,13312,77824
24,42,16384,77824
62,61,1024,78848
62,62,2048,78848
62,61,3072,78848
62,62,4096,78848
62,29,6144,78848
62,31,7168,78848
62,62,7168,78848
62,25,10240,78848
62,49,10240,78848
62,24,11264,78848
62,47,11264,78848
62,46,12288,78848
62,42,15360,78848
62,40,16384,78848
61,62,1024,79872
61,61,2048,79872
61,62,3072,79872
61,29,5120,79872
61,31,6144,79872
61,62,6144,79872
61,25,9216,79872
61,49,9216,79872
61,24,10240,79872
61,47,10240,79872
61,46,11264,79872
61,42,14336,79872
61,40,15360,79872
61,41,16384,79872
62,61,1024,80896
62,62,2048,80896
62,29,4096,80896
62,31,5120,80896
62,62,5120,80896
62,25,8192,80896
62,49,8192,80896
62,24,9216,80896
62,47,9216,80896
62,46,10240,80896
62,42,13312,80896
62,40,14336,80896
62,41,15360,80896
62,47,17408,80896
61,62,1024,81920
61,29,3072,81920
61,31,4096,81920
61,62,4096,81920
61,25,7168,81920
61,49,7168,81920
61,24,8192,81920
61,47,8192,81920
61,46,9216,81920
61,42,12288,81920
61,40,13312,81920
61,41,14336,81920
61,47,16384,81920
61,45,17408,81920
62,29,2048,82944
62,31,3072,82944
62,62,3072,82944
62,25,6144,82944
62,49,6144,82944
62,24,7168,82944
62,47,7168,82944
62,46,8192,82944
62,42,11264,82944
62,40,12288,82944
62,41,13312,82944
62,47,15360,82944
62,45,16384,82944
62,23,17408,82944
29,31,1024,84992
29,62,1024,84992
29,25,4096,84992
29,49,4096,84992
29,24,5120,84992
29,47,5120,84992
29,46,6144,84992
29,42,9216,84992
29,40,10240,84992
29,41,11264,84992
29,47,13312,84992
29,45,14336,84992
29,23,15360,84992
29,23,17408,84992
31,62,0,86016
31,25,3072,86016
31,49,3072,86016
31,24,4096,86016
31,47,4096,86016
31,46,5120,86016
31,42,8192,86016
31,40,9216,86016
31,41,10240,86016
31,47,12288,86016
31,45,13312,86016
31,23,14336,86016
31,23,16384,86016
31,47,16384,86016
62,25,3072,86016
62,49,3072,86016
62,24,4096,86016
62,47,4096,86016
62,46,5120,86016
62,42,8192,86016
62,40,9216,86016
62,41,10240,86016
62,47,12288,86016
62,45,13312,86016
62,23,14336,86016
62,23,16384,86016
62,47,16384,86016
62,23,17408,86016
25,49,0,89088
25,24,1024,89088
25,47,1024,89088
25,46,2048,89088
25,42,5120,89088
25,40,6144,89088
25,41,7168,89088
25,47,9216,89088
25,45,10240,89088
25,23,11264,89088
25,23,13312,89088
25,47,13312,89088
25,23,14336,89088
25,25,15360,89088
49,24,1024,89088
49,47,1024,89088
49,46,2048,89088
49,42,5120,89088
49,40,6144,89088
49,41,7168,89088
49,47,9216,89088
49,45,10240,89088
49,23,11264,89088
49,23,13312,89088
49,47,13312,89088
49,23,14336,89088
49,25,15360,89088
49,25,16384,89088
24,47,0,90112
24,46,1024,90112
24,42,4096,90112
24,40,5120,90112
24,41,6144,90112
24,47,8192,90112
24,45,9216,90112
24,23,10240,90112
24,23,12288,90112
24,47,12288,90112
24,23,13312,90112
24,25,14336,90112
24,25,15360,90112
24,25,16384,90112
47,46,1024,90112
47,42,4096,90112
47,40,5120,90112
47,41,6144,90112
47,47,8192,90112
47,45,9216,90112
47,23,10240,90112
47,23,12288,90112
47,47,12288,90112
47,23,13312,90112
47,25,14336,90112
47,25,15360,90112
47,25,16384,90112
47,25,17408,90112
46,42,3072,91136
46,40,4096,91136
46,41,5120,91136
46,47,7168,91136
46,45,8192,91136
46,23,9216,91136
46,23,11264,91136
46,47,11264,91136
46,23,12288,91136
46,25,13312,91136
46,25,14336,91136
46,25,15360,91136
46,25,16384,91136
46,25,17408,91136
42,40,1024,94208
42,41,2048,94208
42,47,4096,94208
42,45,5120,94208
42,23,6144,94208
42,23,8192,94208
42,47,8192,94208
42,23,9216,94208
42,25,10240,94208
42,25,11264,94208
42,25,12288,94208
42,25,13312,94208
42,25,14336,94208
42,25,17408,94208
40,41,1024,95232
40,47,3072,95232
40,45,4096,95232
40,23,5120,95232
40,23,7168,95232
40,47,7168,95232
40,23,8192,95232
40,25,9216,95232
40,25,10240,95232
40,25,11264,95232
40,25,12288,95232
40,25,13312,95232
40,25,16384,95232
40,49,16384,95232
41,47,2048,96256
41,45,3072,96256
41,23,4096,96256
41,23,6144,96256
41,47,6144,96256
41,23,7168,96256
41,25,8192,96256
41,25,9216,96256
41,25,10240,96256
41,25,11264,96256
41,25,12288,96256
41,25,15360,96256
41,49,15360,96256
41,23,16384,96256
47,45,1024,98304
47,23,2048,98304
47,23,4096,98304
47,47,4096,98304
47,23,5120,98304
47,25,6144,98304
47,25,7168,98304
47,25,8192,98304
47,25,9216,98304
47,25,10240,98304
47,25,13312,98304
47,49,13312,98304
47,23,14336,98304
47,47,14336,98304
45,23,1024,99328
45,23,3072,99328
45,47,3072,99328
45,23,4096,99328
45,25,5120,99328
45,25,6144,99328
45,25,7168,99328
45,25,8192,99328
45,25,9216,99328
45,25,12288,99328
45,49,12288,99328
45,23,13312,99328
45,47,13312,99328
45,21,19456,99328
23,23,2048,100352
23,47,2048,100352
23,23,3072,100352
23,25,4096,100352
23,25,5120,100352
23,25,6144,100352
23,25,7168,100352
23,25,8192,100352
23,25,11264,100352
23,49,11264,100352
23,23,12288,100352
23,47,12288,100352
23,21,18432,100352
23,21,20480,100352
23,47,0,102400
23,23,1024,102400
23,25,2048,102400
23,25,3072,102400
23,25,4096,102400
23,25,5120,102400
23,25,6144,102400
23,25,9216,102400
23,49,9216,102400
23,23,10240,102400
23,47,10240,102400
23,21,16384,102400
23,21,18432,102400
23,21,19456,102400
47,23,1024,102400
47,25,2048,102400
47,25,3072,102400
47,25,4096,102400
47,25,5120,102400
47,25,6144,102400
47,25,9216,102400
47,49,9216,102400
47,23,10240,102400
47,47,10240,102400
47,21,16384,102400
47,21,18432,102400
47,21,19456,102400
47,20,20480,102400
23,25,1024,103424
23,25,2048,103424
23,25,3072,103424
23,25,4096,103424
23,25,5120,103424
23,25,8192,103424
23,49,8192,103424
23,23,9216,103424
23,47,9216,103424
23,21,15360,103424
23,21,17408,103424
23,21,18432,103424
23,20,19456,103424
23,21,20480,103424
25,25,1024,104448
25,25,2048,104448
25,25,3072,104448
25,25,4096,104448
25,25,7168,104448
25,49,7168,104448
25,23,8192,104448
25,47,8192,104448
25,21,14336,104448
25,21,16384,104448
25,21,17408,104448
25,20,18432,104448
25,21,19456,104448
25,25,1024,105472
25,25,2048,105472
25,25,3072,105472
25,25,6144,105472
25,49,6144,105472
25,23,7168,105472
25,47,7168,105472
25,21,13312,105472
25,21,15360,105472
25,21,16384,105472
25,20,17408,105472
25,21,18432,105472
25,21,20480,105472
25,25,1024,106496
25,25,2048,106496
25,25,5120,106496
25,49,5120,106496
25,23,6144,106496
25,47,6144,106496
25,21,12288,106496
25,21,14336,106496
25,21,15360,106496
25,20,16384,106496
25,21,17408,106496
25,21,19456,106496
25,20,20480,106496
25,25,1024,107520
25,25,4096,107520
25,49,4096,107520
25,23,5120,107520
25,47,5120,107520
25,21,11264,107520
25,21,13312,107520
25,21,14336,107520
25,20,15360,107520
25,21,16384,107520
25,21,18432,107520
25,20,19456,107520
25,25,3072,108544
25,49,3072,108544
25,23,4096,108544
25,47,4096,108544
25,21,10240,108544
25,21,12288,108544
25,21,13312,108544
25,20,14336,108544
25,21,15360,108544
25,21,17408,108544
25,20,18432,108544
25,49,0,111616
25,23,1024,111616
25,47,1024,111616
25,21,7168,111616
25,21,9216,111616
25,21,10240,111616
25,20,11264,111616
25,21,12288,111616
25,21,14336,111616
25,20,15360,111616
25,20,19456,111616
25,41,19456,111616
49,23,1024,111616
49,47,1024,111616
49,21,7168,111616
49,21,9216,111616
49,21,10240,111616
49,20,11264,111616
49,21,12288,111616
49,21,14336,111616
49,20,15360,111616
49,20,19456,111616
49,41,19456,111616
23,47,0,112640
23,21,6144,112640
23,21,8192,112640
23,21,9216,112640
23,20,10240,112640
23,21,11264,112640
23,21,13312,112640
23,20,14336,112640
23,20,18432,112640
23,41,18432,112640
47,21,6144,112640
47,21,8192,112640
47,21,9216,112640
47,20,10240,112640
47,21,11264,112640
47,21,13312,112640
47,20,14336,112640
47,20,18432,112640
47,41,18432,112640
21,21,2048,118784
21,21,3072,118784
21,20,4096,118784
21,21,5120,118784
21,21,7168,118784
21,20,8192,118784
21,20,12288,118784
21,41,12288,118784
21,21,1024,120832
21,20,2048,120832
21,21,3072,120832
21,21,5120,120832
21,20,6144,120832
21,20,10240,120832
21,41,10240,120832
21,31,19456,120832
21,20,1024,121856
21,21,2048,121856
21,21,4096,121856
21,20,5120,121856
21,20,9216,121856
21,41,9216,121856
21,31,18432,121856
20,21,1024,122880
20,21,3072,122880
20,20,4096,122880
20,20,8192,122880
20,41,8192,122880
20,31,17408,122880
21,21,2048,123904
21,20,3072,123904
21,20,7168,123904
21,41,7168,123904
21,31,16384,123904
21,20,1024,125952
21,20,5120,125952
21,41,5120,125952
21,31,14336,125952
21,20,20480,125952
20,20,4096,126976
20,41,4096,126976
20,31,13312,126976
20,20,19456,126976
20,20,20480,126976
20,41,20480,126976
20,41,0,131072
20,31,9216,131072
20,20,15360,131072
20,20,16384,131072
20,41,16384,131072
20,25,20480,131072
41,31,9216,131072
41,20,15360,131072
41,20,16384,131072
41,41,16384,131072
41,25,20480,131072
31,20,6144,140288
31,20,7168,140288
31,41,7168,140288
31,25,11264,140288
31,31,20480,140288
20,20,1024,146432
20,41,1024,146432
20,25,5120,146432
20,31,14336,146432
20,31,16384,146432
20,31,17408,146432
20,69,19456,146432
20,41,0,147456
20,25,4096,147456
20,31,13312,147456
20,31,15360,147456
20,31,16384,147456
20,69,18432,147456
20,31,20480,147456
41,25,4096,147456
41,31,13312,147456
41,31,15360,147456
41,31,16384,147456
41,69,18432,147456
41,31,20480,147456
25,31,9216,151552
25,31,11264,151552
25,31,12288,151552
25,69,14336,151552
25,31,16384,151552
25,26,19456,151552
31,31,2048,160768
31,31,3072,160768
31,69,5120,160768
31,31,7168,160768
31,26,10240,160768
31,26,12288,160768
31,26,13312,160768
31,20,14336,160768
31,41,14336,160768
31,20,15360,160768
31,41,15360,160768
31,23,18432,160768
31,31,1024,162816
31,69,3072,162816
31,31,5120,162816
31,26,8192,162816
31,26,10240,162816
31,26,11264,162816
31,20,12288,162816
31,41,12288,162816
31,20,13312,162816
31,41,13312,162816
31,23,16384,162816
31,24,20480,162816
31,69,2048,163840
31,31,4096,163840
31,26,7168,163840
31,26,9216,163840
31,26,10240,163840
31,20,11264,163840
31,41,11264,163840
31,20,12288,163840
31,41,12288,163840
31,23,15360,163840
31,24,19456,163840
31,26,20480,163840
69,31,2048,165888
69,26,5120,165888
69,26,7168,165888
69,26,8192,165888
69,20,9216,165888
69,41,9216,165888
69,20,10240,165888
69,41,10240,165888
69,23,13312,165888
69,24,17408,165888
69,26,18432,165888
69,26,19456,165888
69,26,20480,165888
31,26,3072,167936
31,26,5120,167936
31,26,6144,167936
31,20,7168,167936
31,41,7168,167936
31,20,8192,167936
31,41,8192,167936
31,23,11264,167936
31,24,15360,167936
31,26,16384,167936
31,26,17408,167936
31,26,18432,167936
31,20,19456,167936
31,41,19456,167936
26,26,2048,171008
26,26,3072,171008
26,20,4096,171008
26,41,4096,171008
26,20,5120,171008
26,41,5120,171008
26,23,8192,171008
26,24,12288,171008
26,26,13312,171008
26,26,14336,171008
26,26,15360,171008
26,20,16384,171008
26,41,16384,171008
26,20,17408,171008
26,26,1024,173056
26,20,2048,173056
26,41,2048,173056
26,20,3072,173056
26,41,3072,173056
26,23,6144,173056
26,24,10240,173056
26,26,11264,173056
26,26,12288,173056
26,26,13312,173056
26,20,14336,173056
26,41,14336,173056
26,20,15360,173056
26,41,15360,173056
26,20,1024,174080
26,41,1024,174080
26,20,2048,174080
26,41,2048,174080
26,23,5120,174080
26,24,9216,174080
26,26,10240,174080
26,26,11264,174080
26,26,12288,174080
26,20,13312,174080
26,41,13312,174080
26,20,14336,174080
26,41,14336,174080
26,20,15360,174080
20,41,0,175104
20,20,1024,175104
20,41,1024,175104
20,23,4096,175104
20,24,8192,175104
20,26,9216,175104
20,26,10240,175104
20,26,11264,175104
20,20,12288,175104
20,41,12288,175104
20,20,13312,175104
20,41,13312,175104
20,20,14336,175104
20,41,14336,175104
41,20,1024,175104
41,41,1024,175104
41,23,4096,175104
41,24,8192,175104
41,26,9216,175104
41,26,10240,175104
41,26,11264,175104
41,20,12288,175104
41,41,12288,175104
41,20,13312,175104
41,41,13312,175104
41,20,14336,175104
41,41,14336,175104
41,23,17408,175104
20,41,0,176128
20,23,3072,176128
20,24,7168,176128
20,26,8192,176128
20,26,9216,176128
20,26,10240,176128
20,20,11264,176128
20,41,11264,176128
20,20,12288,176128
20,41,12288,176128
20,20,13312,176128
20,41,13312,176128
20,23,16384,176128
20,23,17408,176128
41,23,3072,176128
41,24,7168,176128
41,26,8192,176128
41,26,9216,176128
41,26,10240,176128
41,20,11264,176128
41,41,11264,176128
41,20,12288,176128
41,41,12288,176128
41,20,13312,176128
41,41,13312,176128
41,23,16384,176128
41,23,17408,176128
41,20,18432,176128
23,24,4096,179200
23,26,5120,179200
23,26,6144,179200
23,26,7168,179200
23,20,8192,179200
23,41,8192,179200
23,20,9216,179200
23,41,9216,179200
23,20,10240,179200
23,41,10240,179200
23,23,13312,179200
23,23,14336,179200
23,20,15360,179200
23,20,16384,179200
24,26,1024,183296
24,26,2048,183296
24,26,3072,183296
24,20,4096,183296
24,41,4096,183296
24,20,5120,183296
24,41,5120,183296
24,20,6144,183296
24,41,6144,183296
24,23,9216,183296
24,23,10240,183296
24,20,11264,183296
24,20,12288,183296
24,41,12288,183296
26,26,1024,184320
26,26,2048,184320
26,20,3072,184320
26,41,3072,184320
26,20,4096,184320
26,41,4096,184320
26,20,5120,184320
26,41,5120,184320
26,23,8192,184320
26,23,9216,184320
26,20,10240,184320
26,20,11264,184320
26,41,11264,184320
26,20,12288,184320
26,26,1024,185344
26,20,2048,185344
26,41,2048,185344
26,20,3072,185344
26,41,3072,185344
26,20,4096,185344
26,41,4096,185344
26,23,7168,185344
26,23,8192,185344
26,20,9216,185344
26,20,10240,185344
26,41,10240,185344
26,20,11264,185344
26,41,11264,185344
26,20,1024,186368
26,41,1024,186368
26,20,2048,186368
26,41,2048,186368
26,20,3072,186368
26,41,3072,186368
26,23,6144,186368
26,23,7168,186368
26,20,8192,186368
26,20,9216,186368
26,41,9216,186368
26,20,10240,186368
26,41,10240,186368
26,20,11264,186368
20,41,0,187392
20,20,1024,187392
20,41,1024,187392
20,20,2048,187392
20,41,2048,187392
20,23,5120,187392
20,23,6144,187392
20,20,7168,187392
20,20,8192,187392
20,41,8192,187392
20,20,9216,187392
20,41,9216,187392
20,20,10240,187392
20,23,12288,187392
41,20,1024,187392
41,41,1024,187392
41,20,2048,187392
41,41,2048,187392
41,23,5120,187392
41,23,6144,187392
41,20,7168,187392
41,20,8192,187392
41,41,8192,187392
41,20,9216,187392
41,41,9216,187392
41,20,10240,187392
41,23,12288,187392
41,23,19456,187392
20,41,0,188416
20,20,1024,188416
20,41,1024,188416
20,23,4096,188416
20,23,5120,188416
20,20,6144,188416
20,20,7168,188416
20,41,7168,188416
20,20,8192,188416
20,41,8192,188416
20,20,9216,188416
20,23,11264,188416
20,23,18432,188416
20,25,19456,188416
41,20,1024,188416
41,41,1024,188416
41,23,4096,188416
41,23,5120,188416
41,20,6144,188416
41,20,7168,188416
41,41,7168,188416
41,20,8192,188416
41,41,8192,188416
41,20,9216,188416
41,23,11264,188416
41,23,18432,188416
41,25,19456,188416
20,41,0,189440
20,23,3072,189440
20,23,4096,189440
20,20,5120,189440
20,20,6144,189440
20,41,6144,189440
20,20,7168,189440
20,41,7168,189440
20,20,8192,189440
20,23,10240,189440
20,23,17408,189440
20,25,18432,189440
41,23,3072,189440
41,23,4096,189440
41,20,5120,189440
41,20,6144,189440
41,41,6144,189440
41,20,7168,189440
41,41,7168,189440
41,20,8192,189440
41,23,10240,189440
41,23,17408,189440
41,25,18432,189440
23,23,1024,192512
23,20,2048,192512
23,20,3072,192512
23,41,3072,192512
23,20,4096,192512
23,41,4096,192512
23,20,5120,192512
23,23,7168,192512
23,23,14336,192512
23,25,15360,192512
23,20,1024,193536
23,20,2048,193536
23,41,2048,193536
23,20,3072,193536
23,41,3072,193536
23,20,4096,193536
23,23,6144,193536
23,23,13312,193536
23,25,14336,193536
20,20,1024,194560
20,41,1024,194560
20,20,2048,194560
20,41,2048,194560
20,20,3072,194560
20,23,5120,194560
20,23,12288,194560
20,25,13312,194560
20,41,0,195584
20,20,1024,195584
20,41,1024,195584
20,20,2048,195584
20,23,4096,195584
20,23,11264,195584
20,25,12288,195584
20,41,20480,195584
41,20,1024,195584
41,41,1024,195584
41,20,2048,195584
41,23,4096,195584
41,23,11264,195584
41,25,12288,195584
41,41,20480,195584
20,41,0,196608
20,20,1024,196608
20,23,3072,196608
20,23,10240,196608
20,25,11264,196608
20,41,19456,196608
20,41,20480,196608
41,20,1024,196608
41,23,3072,196608
41,23,10240,196608
41,25,11264,196608
41,41,19456,196608
41,41,20480,196608
20,23,2048,197632
20,23,9216,197632
20,25,10240,197632
20,41,18432,197632
20,41,19456,197632
20,41,20480,197632
23,23,7168,199680
23,25,8192,199680
23,41,16384,199680
23,41,17408,199680
23,41,18432,199680
23,25,1024,206848
23,41,9216,206848
23,41,10240,206848
23,41,11264,206848
25,41,8192,207872
25,41,9216,207872
25,41,10240,207872
41,41,1024,216064
41,41,2048,216064
41,24,13312,216064
41,20,14336,216064
41,26,15360,216064
41,26,16384,216064
41,24,20480,216064
41,41,1024,217088
41,24,12288,217088
41,20,13312,217088
41,26,14336,217088
41,26,15360,217088
41,24,19456,217088
41,24,11264,218112
41,20,12288,218112
41,26,13312,218112
41,26,14336,218112
41,24,18432,218112
24,20,1024,229376
24,26,2048,229376
24,26,3072,229376
24,24,7168,229376
24,25,10240,229376
24,25,11264,229376
24,25,12288,229376
24,24,13312,229376
24,27,14336,229376
24,25,16384,229376
24,28,17408,229376
24,58,17408,229376
24,62,18432,229376
24,27,20480,229376
20,26,1024,230400
20,26,2048,230400
20,24,6144,230400
20,25,9216,230400
20,25,10240,230400
20,25,11264,230400
20,24,12288,230400
20,27,13312,230400
20,25,15360,230400
20,28,16384,230400
20,58,16384,230400
20,62,17408,230400
20,27,19456,230400
20,26,20480,230400
26,26,1024,231424
26,24,5120,231424
26,25,8192,231424
26,25,9216,231424
26,25,10240,231424
26,24,11264,231424
26,27,12288,231424
26,25,14336,231424
26,28,15360,231424
26,58,15360,231424
26,62,16384,231424
26,27,18432,231424
26,26,19456,231424
26,26,20480,231424
26,24,4096,232448
26,25,7168,232448
26,25,8192,232448
26,25,9216,232448
26,24,10240,232448
26,27,11264,232448
26,25,13312,232448
26,28,14336,232448
26,58,14336,232448
26,62,15360,232448
26,27,17408,232448
26,26,18432,232448
26,26,19456,232448
26,26,20480,232448
24,25,3072,236544
24,25,4096,236544
24,25,5120,236544
24,24,6144,236544
24,27,7168,236544
24,25,9216,236544
24,28,10240,236544
24,58,10240,236544
24,62,11264,236544
24,27,13312,236544
24,26,14336,236544
24,26,15360,236544
24,26,16384,236544
24,26,17408,236544
25,25,1024,239616
25,25,2048,239616
25,24,3072,239616
25,27,4096,239616
25,25,6144,239616
25,28,7168,239616
25,58,7168,239616
25,62,8192,239616
25,27,10240,239616
25,26,11264,239616
25,26,12288,239616
25,26,13312,239616
25,26,14336,239616
25,23,16384,239616
25,25,1024,240640
25,24,2048,240640
25,27,3072,240640
25,25,5120,240640
25,28,6144,240640
25,58,6144,240640
25,62,7168,240640
25,27,9216,240640
25,26,10240,240640
25,26,11264,240640
25,26,12288,240640
25,26,13312,240640
25,23,15360,240640
25,47,15360,240640
25,24,1024,241664
25,27,2048,241664
25,25,4096,241664
25,28,5120,241664
25,58,5120,241664
25,62,6144,241664
25,27,8192,241664
25,26,9216,241664
25,26,10240,241664
25,26,11264,241664
25,26,12288,241664
25,23,14336,241664
25,47,14336,241664
25,63,16384,241664
24,27,1024,242688
24,25,3072,242688
24,28,4096,242688
24,58,4096,242688
24,62,5120,242688
24,27,7168,242688
24,26,8192,242688
24,26,9216,242688
24,26,10240,242688
24,26,11264,242688
24,23,13312,242688
24,47,13312,242688
24,63,15360,242688
24,41,19456,242688
27,25,2048,243712
27,28,3072,243712
27,58,3072,243712
27,62,4096,243712
27,27,6144,243712
27,26,7168,243712
27,26,8192,243712
27,26,9216,243712
27,26,10240,243712
27,23,12288,243712
27,47,12288,243712
27,63,14336,243712
27,41,18432,243712
27,34,19456,243712
25,28,1024,245760
25,58,1024,245760
25,62,2048,245760
25,27,4096,245760
25,26,5120,245760
25,26,6144,245760
25,26,7168,245760
25,26,8192,245760
25,23,10240,245760
25,47,10240,245760
25,63,12288,245760
25,41,16384,245760
25,34,17408,245760
28,58,0,246784
28,62,1024,246784
28,27,3072,246784
28,26,4096,246784
28,26,5120,246784
28,26,6144,246784
28,26,7168,246784
28,23,9216,246784
28,47,9216,246784
28,63,11264,246784
28,41,15360,246784
28,34,16384,246784
58,62,1024,246784
58,27,3072,246784
58,26,4096,246784
58,26,5120,246784
58,26,6144,246784
58,26,7168,246784
58,23,9216,246784
58,47,9216,246784
58,63,11264,246784
58,41,15360,246784
58,34,16384,246784
62,27,2048,247808
62,26,3072,247808
62,26,4096,247808
62,26,5120,247808
62,26,6144,247808
62,23,8192,247808
62,47,8192,247808
62,63,10240,247808
62,41,14336,247808
62,34,15360,247808
62,28,20480,247808
27,26,1024,249856
27,26,2048,249856
27,26,3072,249856
27,26,4096,249856
27,23,6144,249856
27,47,6144,249856
27,63,8192,249856
27,41,12288,249856
27,34,13312,249856
27,28,18432,249856
27,29,19456,249856
26,26,1024,250880
26,26,2048,250880
26,26,3072,250880
26,23,5120,250880
26,47,5120,250880
26,63,7168,250880
26,41,11264,250880
26,34,12288,250880
26,28,17408,250880
26,29,18432,250880
26,26,1024,251904
26,26,2048,251904
26,23,4096,251904
26,47,4096,251904
26,63,6144,251904
26,41,10240,251904
26,34,11264,251904
26,28,16384,251904
26,29,17408,251904
26,26,1024,252928
26,23,3072,252928
26,47,3072,252928
26,63,5120,252928
26,41,9216,252928
26,34,10240,252928
26,28,15360,252928
26,29,16384,252928
26,23,2048,253952
26,47,2048,253952
26,63,4096,253952
26,41,8192,253952
26,34,9216,253952
26,28,14336,253952
26,29,15360,253952
26,21,20480,253952
26,41,20480,253952
23,47,0,256000
23,63,2048,256000
23,41,6144,256000
23,34,7168,256000
23,28,12288,256000
23,29,13312,256000
23,21,18432,256000
23,41,18432,256000
23,21,19456,256000
23,21,20480,256000
23,42,20480,256000
47,63,2048,256000
47,41,6144,256000
47,34,7168,256000
47,28,12288,256000
47,29,13312,256000
47,21,18432,256000
47,41,18432,256000
47,21,19456,256000
47,21,20480,256000
47,42,20480,256000
63,41,4096,258048
63,34,5120,258048
63,28,10240,258048
63,29,11264,258048
63,21,16384,258048
63,41,16384,258048
63,21,17408,258048
63,21,18432,258048
63,42,18432,258048
63,20,19456,258048
63,19,20480,258048
41,34,1024,262144
41,28,6144,262144
41,29,7168,262144
41,21,12288,262144
41,41,12288,262144
41,21,13312,262144
41,21,14336,262144
41,42,14336,262144
41,20,15360,262144
41,19,16384,262144
41,32,17408,262144
34,28,5120,263168
34,29,6144,263168
34,21,11264,263168
34,41,11264,263168
34,21,12288,263168
34,21,13312,263168
34,42,13312,263168
34,20,14336,263168
34,19,15360,263168
34,32,16384,263168
28,29,1024,268288
28,21,6144,268288
28,41,6144,268288
28,21,7168,268288
28,21,8192,268288
28,42,8192,268288
28,20,9216,268288
28,19,10240,268288
28,32,11264,268288
28,47,16384,268288
28,49,17408,268288
29,21,5120,269312
29,41,5120,269312
29,21,6144,269312
29,21,7168,269312
29,42,7168,269312
29,20,8192,269312
29,19,9216,269312
29,32,10240,269312
29,47,15360,269312
29,49,16384,269312
21,41,0,274432
21,21,1024,274432
21,21,2048,274432
21,42,2048,274432
21,20,3072,274432
21,19,4096,274432
21,32,5120,274432
21,47,10240,274432
21,49,11264,274432
41,21,1024,274432
41,21,2048,274432
41,42,2048,274432
41,20,3072,274432
41,19,4096,274432
41,32,5120,274432
41,47,10240,274432
41,49,11264,274432
21,21,1024,275456
21,42,1024,275456
21,20,2048,275456
21,19,3072,275456
21,32,4096,275456
21,47,9216,275456
21,49,10240,275456
21,49,20480,275456
21,42,0,276480
21,20,1024,276480
21,19,2048,276480
21,32,3072,276480
21,47,8192,276480
21,49,9216,276480
21,49,19456,276480
21,25,20480,276480
21,50,20480,276480
42,20,1024,276480
42,19,2048,276480
42,32,3072,276480
42,47,8192,276480
42,49,9216,276480
42,49,19456,276480
42,25,20480,276480
42,50,20480,276480
20,19,1024,277504
20,32,2048,277504
20,47,7168,277504
20,49,8192,277504
20,49,18432,277504
20,25,19456,277504
20,50,19456,277504
19,32,1024,278528
19,47,6144,278528
19,49,7168,278528
19,49,17408,278528
19,25,18432,278528
19,50,18432,278528
32,47,5120,279552
32,49,6144,279552
32,49,16384,279552
32,25,17408,279552
32,50,17408,279552
32,49,20480,279552
47,49,1024,284672
47,49,11264,284672
47,25,12288,284672
47,50,12288,284672
47,49,15360,284672
47,24,16384,284672
47,49,16384,284672
47,24,17408,284672
47,26,18432,284672
47,25,19456,284672
47,26,20480,284672
49,49,10240,285696
49,25,11264,285696
49,50,11264,285696
49,49,14336,285696
49,24,15360,285696
49,49,15360,285696
49,24,16384,285696
49,26,17408,285696
49,25,18432,285696
49,26,19456,285696
49,26,20480,285696
49,25,1024,295936
49,50,1024,295936
49,49,4096,295936
49,24,5120,295936
49,49,5120,295936
49,24,6144,295936
49,26,7168,295936
49,25,8192,295936
49,26,9216,295936
49,26,10240,295936
49,27,13312,295936
49,54,13312,295936
49,27,14336,295936
49,54,14336,295936
25,50,0,296960
25,49,3072,296960
25,24,4096,296960
25,49,4096,296960
25,24,5120,296960
25,26,6144,296960
25,25,7168,296960
25,26,8192,296960
25,26,9216,296960
25,27,12288,296960
25,54,12288,296960
25,27,13312,296960
25,54,13312,296960
25,29,15360,296960
50,49,3072,296960
50,24,4096,296960
50,49,4096,296960
50,24,5120,296960
50,26,6144,296960
50,25,7168,296960
50,26,8192,296960
50,26,9216,296960
50,27,12288,296960
50,54,12288,296960
50,27,13312,296960
50,54,13312,296960
50,29,15360,296960
50,30,16384,296960
49,24,1024,300032
49,49,1024,300032
49,24,2048,300032
49,26,3072,300032
49,25,4096,300032
49,26,5120,300032
49,26,6144,300032
49,27,9216,300032
49,54,9216,300032
49,27,10240,300032
49,54,10240,300032
49,29,12288,300032
49,30,13312,300032
49,25,15360,300032
24,49,0,301056
24,24,1024,301056
24,26,2048,301056
24,25,3072,301056
24,26,4096,301056
24,26,5120,301056
24,27,8192,301056
24,54,8192,301056
24,27,9216,301056
24,54,9216,301056
24,29,11264,301056
24,30,12288,301056
24,25,14336,301056
24,25,15360,301056
49,24,1024,301056
49,26,2048,301056
49,25,3072,301056
49,26,4096,301056
49,26,5120,301056
49,27,8192,301056
49,54,8192,301056
49,27,9216,301056
49,54,9216,301056
49,29,11264,301056
49,30,12288,301056
49,25,14336,301056
49,25,15360,301056
49,23,16384,301056
24,26,1024,302080
24,25,2048,302080
24,26,3072,302080
24,26,4096,302080
24,27,7168,302080
24,54,7168,302080
24,27,8192,302080
24,54,8192,302080
24,29,10240,302080
24,30,11264,302080
24,25,13312,302080
24,25,14336,302080
24,23,15360,302080
24,23,16384,302080
26,25,1024,303104
26,26,2048,303104
26,26,3072,303104
26,27,6144,303104
26,54,6144,303104
26,27,7168,303104
26,54,7168,303104
26,29,9216,303104
26,30,10240,303104
26,25,12288,303104
26,25,13312,303104
26,23,14336,303104
26,23,15360,303104
26,39,20480,303104
25,26,1024,304128
25,26,2048,304128
25,27,5120,304128
25,54,5120,304128
25,27,6144,304128
25,54,6144,304128
25,29,8192,304128
25,30,9216,304128
25,25,11264,304128
25,25,12288,304128
25,23,13312,304128
25,23,14336,304128
25,39,19456,304128
26,26,1024,305152
26,27,4096,305152
26,54,4096,305152
26,27,5120,305152
26,54,5120,305152
26,29,7168,305152
26,30,8192,305152
26,25,10240,305152
26,25,11264,305152
26,23,12288,305152
26,23,13312,305152
26,39,18432,305152
26,27,3072,306176
26,54,3072,306176
26,27,4096,306176
26,54,4096,306176
26,29,6144,306176
26,30,7168,306176
26,25,9216,306176
26,25,10240,306176
26,23,11264,306176
26,23,12288,306176
26,39,17408,306176
26,19,20480,306176
27,54,0,309248
27,27,1024,309248
27,54,1024,309248
27,29,3072,309248
27,30,4096,309248
27,25,6144,309248
27,25,7168,309248
27,23,8192,309248
27,23,9216,309248
27,39,14336,309248
27,19,17408,309248
27,34,19456,309248
27,34,20480,309248
54,27,1024,309248
54,54,1024,309248
54,29,3072,309248
54,30,4096,309248
54,25,6144,309248
54,25,7168,309248
54,23,8192,309248
54,23,9216,309248
54,39,14336,309248
54,19,17408,309248
54,34,19456,309248
54,34,20480,309248
27,54,0,310272
27,29,2048,310272
27,30,3072,310272
27,25,5120,310272
27,25,6144,310272
27,23,7168,310272
27,23,8192,310272
27,39,13312,310272
27,19,16384,310272
27,34,18432,310272
27,34,19456,310272
27,34,20480,310272
54,29,2048,310272
54,30,3072,310272
54,25,5120,310272
54,25,6144,310272
54,23,7168,310272
54,23,8192,310272
54,39,13312,310272
54,19,16384,310272
54,34,18432,310272
54,34,19456,310272
54,34,20480,310272
29,30,1024,312320
29,25,3072,312320
29,25,4096,312320
29,23,5120,312320
29,23,6144,312320
29,39,11264,312320
29,19,14336,312320
29,34,16384,312320
29,34,17408,312320
29,34,18432,312320
29,35,19456,312320
29,33,20480,312320
30,25,2048,313344
30,25,3072,313344
30,23,4096,313344
30,23,5120,313344
30,39,10240,313344
30,19,13312,313344
30,34,15360,313344
30,34,16384,313344
30,34,17408,313344
30,35,18432,313344
30,33,19456,313344
30,34,20480,313344
25,25,1024,315392
25,23,2048,315392
25,23,3072,315392
25,39,8192,315392
25,19,11264,315392
25,34,13312,315392
25,34,14336,315392
25,34,15360,315392
25,35,16384,315392
25,33,17408,315392
25,34,18432,315392
25,34,19456,315392
25,23,1024,316416
25,23,2048,316416
25,39,7168,316416
25,19,10240,316416
25,34,12288,316416
25,34,13312,316416
25,34,14336,316416
25,35,15360,316416
25,33,16384,316416
25,34,17408,316416
25,34,18432,316416
25,24,20480,316416
23,23,1024,317440
23,39,6144,317440
23,19,9216,317440
23,34,11264,317440
23,34,12288,317440
23,34,13312,317440
23,35,14336,317440
23,33,15360,317440
23,34,16384,317440
23,34,17408,317440
23,24,19456,317440
23,26,20480,317440
23,39,5120,318464
23,19,8192,318464
23,34,10240,318464
23,34,11264,318464
23,34,12288,318464
23,35,13312,318464
23,33,14336,318464
23,34,15360,318464
23,34,16384,318464
23,24,18432,318464
23,26,19456,318464
23,26,20480,318464
39,19,3072,323584
39,34,5120,323584
39,34,6144,323584
39,34,7168,323584
39,35,8192,323584
39,33,9216,323584
39,34,10240,323584
39,34,11264,323584
39,24,13312,323584
39,26,14336,323584
39,26,15360,323584
19,34,2048,326656
19,34,3072,326656
19,34,4096,326656
19,35,5120,326656
19,33,6144,326656
19,34,7168,326656
19,34,8192,326656
19,24,10240,326656
19,26,11264,326656
19,26,12288,326656
34,34,1024,328704
34,34,2048,328704
34,35,3072,328704
34,33,4096,328704
34,34,5120,328704
34,34,6144,328704
34,24,8192,328704
34,26,9216,328704
34,26,10240,328704
34,34,1024,329728
34,35,2048,329728
34,33,3072,329728
34,34,4096,329728
34,34,5120,329728
34,24,7168,329728
34,26,8192,329728
34,26,9216,329728
34,35,1024,330752
34,33,2048,330752
34,34,3072,330752
34,34,4096,330752
34,24,6144,330752
34,26,7168,330752
34,26,8192,330752
35,33,1024,331776
35,34,2048,331776
35,34,3072,331776
35,24,5120,331776
35,26,6144,331776
35,26,7168,331776
33,34,1024,332800
33,34,2048,332800
33,24,4096,332800
33,26,5120,332800
33,26,6144,332800
34,34,1024,333824
34,24,3072,333824
34,26,4096,333824
34,26,5120,333824
34,24,2048,334848
34,26,3072,334848
34,26,4096,334848
24,26,1024,336896
24,26,2048,336896
26,26,1024,337920
