22,44,0,9216
22,28,1024,9216
22,41,3072,9216
22,39,4096,9216
22,41,4096,9216
22,31,5120,9216
22,41,5120,9216
22,30,6144,9216
22,41,6144,9216
22,41,7168,9216
22,39,8192,9216
22,40,8192,9216
22,51,9216,9216
22,62,10240,9216
44,28,1024,9216
44,41,3072,9216
44,39,4096,9216
44,41,4096,9216
44,31,5120,9216
44,41,5120,9216
44,30,6144,9216
44,41,6144,9216
44,41,7168,9216
44,39,8192,9216
44,40,8192,9216
44,51,9216,9216
44,62,10240,9216
44,68,11264,9216
28,41,2048,10240
28,39,3072,10240
28,41,3072,10240
28,31,4096,10240
28,41,4096,10240
28,30,5120,10240
28,41,5120,10240
28,41,6144,10240
28,39,7168,10240
28,40,7168,10240
28,51,8192,10240
28,62,9216,10240
28,68,10240,10240
28,62,11264,10240
41,39,1024,12288
41,41,1024,12288
41,31,2048,12288
41,41,2048,12288
41,30,3072,12288
41,41,3072,12288
41,41,4096,12288
41,39,5120,12288
41,40,5120,12288
41,51,6144,12288
41,62,7168,12288
41,68,8192,12288
41,62,9216,12288
41,41,10240,12288
39,41,0,13312
39,31,1024,13312
39,41,1024,13312
39,30,2048,13312
39,41,2048,13312
39,41,3072,13312
39,39,4096,13312
39,40,4096,13312
39,51,5120,13312
39,62,6144,13312
39,68,7168,13312
39,62,8192,13312
39,41,9216,13312
39,41,10240,13312
41,31,1024,13312
41,41,1024,13312
41,30,2048,13312
41,41,2048,13312
41,41,3072,13312
41,39,4096,13312
41,40,4096,13312
41,51,5120,13312
41,62,6144,13312
41,68,7168,13312
41,62,8192,13312
41,41,9216,13312
41,41,10240,13312
41,27,12288,13312
31,41,0,14336
31,30,1024,14336
31,41,1024,14336
31,41,2048,14336
31,39,3072,14336
31,40,3072,14336
31,51,4096,14336
31,62,5120,14336
31,68,6144,14336
31,62,7168,14336
31,41,8192,14336
31,41,9216,14336
31,27,11264,14336
31,21,19456,14336
41,30,1024,14336
41,41,1024,14336
41,41,2048,14336
41,39,3072,14336
41,40,3072,14336
41,51,4096,14336
41,62,5120,14336
41,68,6144,14336
41,62,7168,14336
41,41,8192,14336
41,41,9216,14336
41,27,11264,14336
41,21,19456,14336
41,24,20480,14336
30,41,0,15360
30,41,1024,15360
30,39,2048,15360
30,40,2048,15360
30,51,3072,15360
30,62,4096,15360
30,68,5120,15360
30,62,6144,15360
30,41,7168,15360
30,41,8192,15360
30,27,10240,15360
30,21,18432,15360
30,24,19456,15360
30,30,20480,15360
41,41,1024,15360
41,39,2048,15360
41,40,2048,15360
41,51,3072,15360
41,62,4096,15360
41,68,5120,15360
41,62,6144,15360
41,41,7168,15360
41,41,8192,15360
41,27,10240,15360
41,21,18432,15360
41,24,19456,15360
41,30,20480,15360
41,45,20480,15360
41,39,1024,16384
41,40,1024,16384
41,51,2048,16384
41,62,3072,16384
41,68,4096,16384
41,62,5120,16384
41,41,6144,16384
41,41,7168,16384
41,27,9216,16384
41,21,17408,16384
41,24,18432,16384
41,30,19456,16384
41,45,19456,16384
39,40,0,17408
39,51,1024,17408
39,62,2048,17408
39,68,3072,17408
39,62,4096,17408
39,41,5120,17408
39,41,6144,17408
39,27,8192,17408
39,21,16384,17408
39,24,17408,17408
39,30,18432,17408
39,45,18432,17408
39,23,20480,17408
40,51,1024,17408
40,62,2048,17408
40,68,3072,17408
40,62,4096,17408
40,41,5120,17408
40,41,6144,17408
40,27,8192,17408
40,21,16384,17408
40,24,17408,17408
40,30,18432,17408
40,45,18432,17408
40,23,20480,17408
51,62,1024,18432
51,68,2048,18432
51,62,3072,18432
51,41,4096,18432
51,41,5120,18432
51,27,7168,18432
51,21,15360,18432
51,24,16384,18432
51,30,17408,18432
51,45,17408,18432
51,23,19456,18432
51,23,20480,18432
51,70,20480,18432
62,68,1024,19456
62,62,2048,19456
62,41,3072,19456
62,41,4096,19456
62,27,6144,19456
62,21,14336,19456
62,24,15360,19456
62,30,16384,19456
62,45,16384,19456
62,23,18432,19456
62,23,19456,19456
62,70,19456,19456
62,46,20480,19456
68,62,1024,20480
68,41,2048,20480
68,41,3072,20480
68,27,5120,20480
68,21,13312,20480
68,24,14336,20480
68,30,15360,20480
68,45,15360,20480
68,23,17408,20480
68,23,18432,20480
68,70,18432,20480
68,46,19456,20480
68,27,20480,20480
62,41,1024,21504
62,41,2048,21504
62,27,4096,21504
62,21,12288,21504
62,24,13312,21504
62,30,14336,21504
62,45,14336,21504
62,23,16384,21504
62,23,17408,21504
62,70,17408,21504
62,46,18432,21504
62,27,19456,21504
62,25,20480,21504
41,41,1024,22528
41,27,3072,22528
41,21,11264,22528
41,24,12288,22528
41,30,13312,22528
41,45,13312,22528
41,23,15360,22528
41,23,16384,22528
41,70,16384,22528
41,46,17408,22528
41,27,18432,22528
41,25,19456,22528
41,26,20480,22528
41,27,2048,23552
41,21,10240,23552
41,24,11264,23552
41,30,12288,23552
41,45,12288,23552
41,23,14336,23552
41,23,15360,23552
41,70,15360,23552
41,46,16384,23552
41,27,17408,23552
41,25,18432,23552
41,26,19456,23552
41,48,20480,23552
27,21,8192,25600
27,24,9216,25600
27,30,10240,25600
27,45,10240,25600
27,23,12288,25600
27,23,13312,25600
27,70,13312,25600
27,46,14336,25600
27,27,15360,25600
27,25,16384,25600
27,26,17408,25600
27,48,18432,25600
27,44,19456,25600
27,50,20480,25600
21,24,1024,33792
21,30,2048,33792
21,45,2048,33792
21,23,4096,33792
21,23,5120,33792
21,70,5120,33792
21,46,6144,33792
21,27,7168,33792
21,25,8192,33792
21,26,9216,33792
21,48,10240,33792
21,44,11264,33792
21,50,12288,33792
21,45,13312,33792
24,30,1024,34816
24,45,1024,34816
24,23,3072,34816
24,23,4096,34816
24,70,4096,34816
24,46,5120,34816
24,27,6144,34816
24,25,7168,34816
24,26,8192,34816
24,48,9216,34816
24,44,10240,34816
24,50,11264,34816
24,45,12288,34816
24,54,13312,34816
30,45,0,35840
30,23,2048,35840
30,23,3072,35840
30,70,3072,35840
30,46,4096,35840
30,27,5120,35840
30,25,6144,35840
30,26,7168,35840
30,48,8192,35840
30,44,9216,35840
30,50,10240,35840
30,45,11264,35840
30,54,12288,35840
30,55,13312,35840
45,23,2048,35840
45,23,3072,35840
45,70,3072,35840
45,46,4096,35840
45,27,5120,35840
45,25,6144,35840
45,26,7168,35840
45,48,8192,35840
45,44,9216,35840
45,50,10240,35840
45,45,11264,35840
45,54,12288,35840
45,55,13312,35840
45,55,14336,35840
23,23,1024,37888
23,70,1024,37888
23,46,2048,37888
23,27,3072,37888
23,25,4096,37888
23,26,5120,37888
23,48,6144,37888
23,44,7168,37888
23,50,8192,37888
23,45,9216,37888
23,54,10240,37888
23,55,11264,37888
23,55,12288,37888
23,63,14336,37888
23,70,0,38912
23,46,1024,38912
23,27,2048,38912
23,25,3072,38912
23,26,4096,38912
23,48,5120,38912
23,44,6144,38912
23,50,7168,38912
23,45,8192,38912
23,54,9216,38912
23,55,10240,38912
23,55,11264,38912
23,63,13312,38912
23,62,14336,38912
70,46,1024,38912
70,27,2048,38912
70,25,3072,38912
70,26,4096,38912
70,48,5120,38912
70,44,6144,38912
70,50,7168,38912
70,45,8192,38912
70,54,9216,38912
70,55,10240,38912
70,55,11264,38912
70,63,13312,38912
70,62,14336,38912
70,61,15360,38912
46,27,1024,39936
46,25,2048,39936
46,26,3072,39936
46,48,4096,39936
46,44,5120,39936
46,50,6144,39936
46,45,7168,39936
46,54,8192,39936
46,55,9216,39936
46,55,10240,39936
46,63,12288,39936
46,62,13312,39936
46,61,14336,39936
46,46,18432,39936
27,25,1024,40960
27,26,2048,40960
27,48,3072,40960
27,44,4096,40960
27,50,5120,40960
27,45,6144,40960
27,54,7168,40960
27,55,8192,40960
27,55,9216,40960
27,63,11264,40960
27,62,12288,40960
27,61,13312,40960
27,46,17408,40960
27,46,18432,40960
25,26,1024,41984
25,48,2048,41984
25,44,3072,41984
25,50,4096,41984
25,45,5120,41984
25,54,6144,41984
25,55,7168,41984
25,55,8192,41984
25,63,10240,41984
25,62,11264,41984
25,61,12288,41984
25,46,16384,41984
25,46,17408,41984
25,25,19456,41984
26,48,1024,43008
26,44,2048,43008
26,50,3072,43008
26,45,4096,43008
26,54,5120,43008
26,55,6144,43008
26,55,7168,43008
26,63,9216,43008
26,62,10240,43008
26,61,11264,43008
26,46,15360,43008
26,46,16384,43008
26,25,18432,43008
26,50,18432,43008
48,44,1024,44032
48,50,2048,44032
48,45,3072,44032
48,54,4096,44032
48,55,5120,44032
48,55,6144,44032
48,63,8192,44032
48,62,9216,44032
48,61,10240,44032
48,46,14336,44032
48,46,15360,44032
48,25,17408,44032
48,50,17408,44032
48,46,18432,44032
44,50,1024,45056
44,45,2048,45056
44,54,3072,45056
44,55,4096,45056
44,55,5120,45056
44,63,7168,45056
44,62,8192,45056
44,61,9216,45056
44,46,13312,45056
44,46,14336,45056
44,25,16384,45056
44,50,16384,45056
44,46,17408,45056
44,26,18432,45056
50,45,1024,46080
50,54,2048,46080
50,55,3072,46080
50,55,4096,46080
50,63,6144,46080
50,62,7168,46080
50,61,8192,46080
50,46,12288,46080
50,46,13312,46080
50,25,15360,46080
50,50,15360,46080
50,46,16384,46080
50,26,17408,46080
50,46,18432,46080
45,54,1024,47104
45,55,2048,47104
45,55,3072,47104
45,63,5120,47104
45,62,6144,47104
45,61,7168,47104
45,46,11264,47104
45,46,12288,47104
45,25,14336,47104
45,50,14336,47104
45,46,15360,47104
45,26,16384,47104
45,46,17408,47104
45,46,18432,47104
54,55,1024,48128
54,55,2048,48128
54,63,4096,48128
54,62,5120,48128
54,61,6144,48128
54,46,10240,48128
54,46,11264,48128
54,25,13312,48128
54,50,13312,48128
54,46,14336,48128
54,26,15360,48128
54,46,16384,48128
54,46,17408,48128
54,24,20480,48128
55,55,1024,49152
55,63,3072,49152
55,62,4096,49152
55,61,5120,49152
55,46,9216,49152
55,46,10240,49152
55,25,12288,49152
55,50,12288,49152
55,46,13312,49152
55,26,14336,49152
55,46,15360,49152
55,46,16384,49152
55,24,19456,49152
55,45,20480,49152
55,63,2048,50176
55,62,3072,50176
55,61,4096,50176
55,46,8192,50176
55,46,9216,50176
55,25,11264,50176
55,50,11264,50176
55,46,12288,50176
55,26,13312,50176
55,46,14336,50176
55,46,15360,50176
55,24,18432,50176
55,45,19456,50176
55,24,20480,50176
63,62,1024,52224
63,61,2048,52224
63,46,6144,52224
63,46,7168,52224
63,25,9216,52224
63,50,9216,52224
63,46,10240,52224
63,26,11264,52224
63,46,12288,52224
63,46,13312,52224
63,24,16384,52224
63,45,17408,52224
63,24,18432,52224
63,48,18432,52224
62,61,1024,53248
62,46,5120,53248
62,46,6144,53248
62,25,8192,53248
62,50,8192,53248
62,46,9216,53248
62,26,10240,53248
62,46,11264,53248
62,46,12288,53248
62,24,15360,53248
62,45,16384,53248
62,24,17408,53248
62,48,17408,53248
62,22,18432,53248
61,46,4096,54272
61,46,5120,54272
61,25,7168,54272
61,50,7168,54272
61,46,8192,54272
61,26,9216,54272
61,46,10240,54272
61,46,11264,54272
61,24,14336,54272
61,45,15360,54272
61,24,16384,54272
61,48,16384,54272
61,22,17408,54272
61,45,17408,54272
46,46,1024,58368
46,25,3072,58368
46,50,3072,58368
46,46,4096,58368
46,26,5120,58368
46,46,6144,58368
46,46,7168,58368
46,24,10240,58368
46,45,11264,58368
46,24,12288,58368
46,48,12288,58368
46,22,13312,58368
46,45,13312,58368
46,46,16384,58368
46,25,2048,59392
46,50,2048,59392
46,46,3072,59392
46,26,4096,59392
46,46,5120,59392
46,46,6144,59392
46,24,9216,59392
46,45,10240,59392
46,24,11264,59392
46,48,11264,59392
46,22,12288,59392
46,45,12288,59392
46,46,15360,59392
46,46,16384,59392
25,50,0,61440
25,46,1024,61440
25,26,2048,61440
25,46,3072,61440
25,46,4096,61440
25,24,7168,61440
25,45,8192,61440
25,24,9216,61440
25,48,9216,61440
25,22,10240,61440
25,45,10240,61440
25,46,13312,61440
25,46,14336,61440
25,46,15360,61440
50,46,1024,61440
50,26,2048,61440
50,46,3072,61440
50,46,4096,61440
50,24,7168,61440
50,45,8192,61440
50,24,9216,61440
50,48,9216,61440
50,22,10240,61440
50,45,10240,61440
50,46,13312,61440
50,46,14336,61440
50,46,15360,61440
46,26,1024,62464
46,46,2048,62464
46,46,3072,62464
46,24,6144,62464
46,45,7168,62464
46,24,8192,62464
46,48,8192,62464
46,22,9216,62464
46,45,9216,62464
46,46,12288,62464
46,46,13312,62464
46,46,14336,62464
46,34,20480,62464
26,46,1024,63488
26,46,2048,63488
26,24,5120,63488
26,45,6144,63488
26,24,7168,63488
26,48,7168,63488
26,22,8192,63488
26,45,8192,63488
26,46,11264,63488
26,46,12288,63488
26,46,13312,63488
26,34,19456,63488
46,46,1024,64512
46,24,4096,64512
46,45,5120,64512
46,24,6144,64512
46,48,6144,64512
46,22,7168,64512
46,45,7168,64512
46,46,10240,64512
46,46,11264,64512
46,46,12288,64512
46,34,18432,64512
46,68,20480,64512
46,24,3072,65536
46,45,4096,65536
46,24,5120,65536
46,48,5120,65536
46,22,6144,65536
46,45,6144,65536
46,46,9216,65536
46,46,10240,65536
46,46,11264,65536
46,34,17408,65536
46,68,19456,65536
46,27,20480,65536
46,45,20480,65536
24,45,1024,68608
24,24,2048,68608
24,48,2048,68608
24,22,3072,68608
24,45,3072,68608
24,46,6144,68608
24,46,7168,68608
24,46,8192,68608
24,34,14336,68608
24,68,16384,68608
24,27,17408,68608
24,45,17408,68608
24,22,18432,68608
24,45,18432,68608
45,24,1024,69632
45,48,1024,69632
45,22,2048,69632
45,45,2048,69632
45,46,5120,69632
45,46,6144,69632
45,46,7168,69632
45,34,13312,69632
45,68,15360,69632
45,27,16384,69632
45,45,16384,69632
45,22,17408,69632
45,45,17408,69632
45,22,18432,69632
24,48,0,70656
24,22,1024,70656
24,45,1024,70656
24,46,4096,70656
24,46,5120,70656
24,46,6144,70656
24,34,12288,70656
24,68,14336,70656
24,27,15360,70656
24,45,15360,70656
24,22,16384,70656
24,45,16384,70656
24,22,17408,70656
24,44,17408,70656
48,22,1024,70656
48,45,1024,70656
48,46,4096,70656
48,46,5120,70656
48,46,6144,70656
48,34,12288,70656
48,68,14336,70656
48,27,15360,70656
48,45,15360,70656
48,22,16384,70656
48,45,16384,70656
48,22,17408,70656
48,44,17408,70656
22,45,0,71680
22,46,3072,71680
22,46,4096,71680
22,46,5120,71680
22,34,11264,71680
22,68,13312,71680
22,27,14336,71680
22,45,14336,71680
22,22,15360,71680
22,45,15360,71680
22,22,16384,71680
22,44,16384,71680
22,23,20480,71680
22,45,20480,71680
45,46,3072,71680
45,46,4096,71680
45,46,5120,71680
45,34,11264,71680
45,68,13312,71680
45,27,14336,71680
45,45,14336,71680
45,22,15360,71680
45,45,15360,71680
45,22,16384,71680
45,44,16384,71680
45,23,20480,71680
45,45,20480,71680
46,46,1024,74752
46,46,2048,74752
46,34,8192,74752
46,68,10240,74752
46,27,11264,74752
46,45,11264,74752
46,22,12288,74752
46,45,12288,74752
46,22,13312,74752
46,44,13312,74752
46,23,17408,74752
46,45,17408,74752
46,22,18432,74752
46,45,18432,74752
46,46,1024,75776
46,34,7168,75776
46,68,9216,75776
46,27,10240,75776
46,45,10240,75776
46,22,11264,75776
46,45,11264,75776
46,22,12288,75776
46,44,12288,75776
46,23,16384,75776
46,45,16384,75776
46,22,17408,75776
46,45,17408,75776
46,23,18432,75776
46,34,6144,76800
46,68,8192,76800
46,27,9216,76800
46,45,9216,76800
46,22,10240,76800
46,45,10240,76800
46,22,11264,76800
46,44,11264,76800
46,23,15360,76800
46,45,15360,76800
46,22,16384,76800
46,45,16384,76800
46,23,17408,76800
46,45,17408,76800
34,68,2048,82944
34,27,3072,82944
34,45,3072,82944
34,22,4096,82944
34,45,4096,82944
34,22,5120,82944
34,44,5120,82944
34,23,9216,82944
34,45,9216,82944
34,22,10240,82944
34,45,10240,82944
34,23,11264,82944
34,45,11264,82944
34,45,12288,82944
68,27,1024,84992
68,45,1024,84992
68,22,2048,84992
68,45,2048,84992
68,22,3072,84992
68,44,3072,84992
68,23,7168,84992
68,45,7168,84992
68,22,8192,84992
68,45,8192,84992
68,23,9216,84992
68,45,9216,84992
68,45,10240,84992
68,67,14336,84992
27,45,0,86016
27,22,1024,86016
27,45,1024,86016
27,22,2048,86016
27,44,2048,86016
27,23,6144,86016
27,45,6144,86016
27,22,7168,86016
27,45,7168,86016
27,23,8192,86016
27,45,8192,86016
27,45,9216,86016
27,67,13312,86016
27,40,15360,86016
45,22,1024,86016
45,45,1024,86016
45,22,2048,86016
45,44,2048,86016
45,23,6144,86016
45,45,6144,86016
45,22,7168,86016
45,45,7168,86016
45,23,8192,86016
45,45,8192,86016
45,45,9216,86016
45,67,13312,86016
45,40,15360,86016
45,46,16384,86016
22,45,0,87040
22,22,1024,87040
22,44,1024,87040
22,23,5120,87040
22,45,5120,87040
22,22,6144,87040
22,45,6144,87040
22,23,7168,87040
22,45,7168,87040
22,45,8192,87040
22,67,12288,87040
22,40,14336,87040
22,46,15360,87040
22,23,17408,87040
45,22,1024,87040
45,44,1024,87040
45,23,5120,87040
45,45,5120,87040
45,22,6144,87040
45,45,6144,87040
45,23,7168,87040
45,45,7168,87040
45,45,8192,87040
45,67,12288,87040
45,40,14336,87040
45,46,15360,87040
45,23,17408,87040
45,46,17408,87040
22,44,0,88064
22,23,4096,88064
22,45,4096,88064
22,22,5120,88064
22,45,5120,88064
22,23,6144,88064
22,45,6144,88064
22,45,7168,88064
22,67,11264,88064
22,40,13312,88064
22,46,14336,88064
22,23,16384,88064
22,46,16384,88064
22,23,17408,88064
44,23,4096,88064
44,45,4096,88064
44,22,5120,88064
44,45,5120,88064
44,23,6144,88064
44,45,6144,88064
44,45,7168,88064
44,67,11264,88064
44,40,13312,88064
44,46,14336,88064
44,23,16384,88064
44,46,16384,88064
44,23,17408,88064
44,46,17408,88064
23,45,0,92160
23,22,1024,92160
23,45,1024,92160
23,23,2048,92160
23,45,2048,92160
23,45,3072,92160
23,67,7168,92160
23,40,9216,92160
23,46,10240,92160
23,23,12288,92160
23,46,12288,92160
23,23,13312,92160
23,46,13312,92160
23,23,14336,92160
45,22,1024,92160
45,45,1024,92160
45,23,2048,92160
45,45,2048,92160
45,45,3072,92160
45,67,7168,92160
45,40,9216,92160
45,46,10240,92160
45,23,12288,92160
45,46,12288,92160
45,23,13312,92160
45,46,13312,92160
45,23,14336,92160
45,47,15360,92160
22,45,0,93184
22,23,1024,93184
22,45,1024,93184
22,45,2048,93184
22,67,6144,93184
22,40,8192,93184
22,46,9216,93184
22,23,11264,93184
22,46,11264,93184
22,23,12288,93184
22,46,12288,93184
22,23,13312,93184
22,47,14336,93184
22,22,15360,93184
45,23,1024,93184
45,45,1024,93184
45,45,2048,93184
45,67,6144,93184
45,40,8192,93184
45,46,9216,93184
45,23,11264,93184
45,46,11264,93184
45,23,12288,93184
45,46,12288,93184
45,23,13312,93184
45,47,14336,93184
45,22,15360,93184
45,23,16384,93184
23,45,0,94208
23,45,1024,94208
23,67,5120,94208
23,40,7168,94208
23,46,8192,94208
23,23,10240,94208
23,46,10240,94208
23,23,11264,94208
23,46,11264,94208
23,23,12288,94208
23,47,13312,94208
23,22,14336,94208
23,23,15360,94208
23,46,15360,94208
45,45,1024,94208
45,67,5120,94208
45,40,7168,94208
45,46,8192,94208
45,23,10240,94208
45,46,10240,94208
45,23,11264,94208
45,46,11264,94208
45,23,12288,94208
45,47,13312,94208
45,22,14336,94208
45,23,15360,94208
45,46,15360,94208
45,24,16384,94208
45,67,4096,95232
45,40,6144,95232
45,46,7168,95232
45,23,9216,95232
45,46,9216,95232
45,23,10240,95232
45,46,10240,95232
45,23,11264,95232
45,47,12288,95232
45,22,13312,95232
45,23,14336,95232
45,46,14336,95232
45,24,15360,95232
45,23,16384,95232
67,40,2048,99328
67,46,3072,99328
67,23,5120,99328
67,46,5120,99328
67,23,6144,99328
67,46,6144,99328
67,23,7168,99328
67,47,8192,99328
67,22,9216,99328
67,23,10240,99328
67,46,10240,99328
67,24,11264,99328
67,23,12288,99328
67,46,12288,99328
40,46,1024,101376
40,23,3072,101376
40,46,3072,101376
40,23,4096,101376
40,46,4096,101376
40,23,5120,101376
40,47,6144,101376
40,22,7168,101376
40,23,8192,101376
40,46,8192,101376
40,24,9216,101376
40,23,10240,101376
40,46,10240,101376
40,22,11264,101376
46,23,2048,102400
46,46,2048,102400
46,23,3072,102400
46,46,3072,102400
46,23,4096,102400
46,47,5120,102400
46,22,6144,102400
46,23,7168,102400
46,46,7168,102400
46,24,8192,102400
46,23,9216,102400
46,46,9216,102400
46,22,10240,102400
46,46,10240,102400
23,46,0,104448
23,23,1024,104448
23,46,1024,104448
23,23,2048,104448
23,47,3072,104448
23,22,4096,104448
23,23,5120,104448
23,46,5120,104448
23,24,6144,104448
23,23,7168,104448
23,46,7168,104448
23,22,8192,104448
23,46,8192,104448
23,39,9216,104448
46,23,1024,104448
46,46,1024,104448
46,23,2048,104448
46,47,3072,104448
46,22,4096,104448
46,23,5120,104448
46,46,5120,104448
46,24,6144,104448
46,23,7168,104448
46,46,7168,104448
46,22,8192,104448
46,46,8192,104448
46,39,9216,104448
46,41,9216,104448
23,46,0,105472
23,23,1024,105472
23,47,2048,105472
23,22,3072,105472
23,23,4096,105472
23,46,4096,105472
23,24,5120,105472
23,23,6144,105472
23,46,6144,105472
23,22,7168,105472
23,46,7168,105472
23,39,8192,105472
23,41,8192,105472
23,39,9216,105472
46,23,1024,105472
46,47,2048,105472
46,22,3072,105472
46,23,4096,105472
46,46,4096,105472
46,24,5120,105472
46,23,6144,105472
46,46,6144,105472
46,22,7168,105472
46,46,7168,105472
46,39,8192,105472
46,41,8192,105472
46,39,9216,105472
46,40,9216,105472
23,47,1024,106496
23,22,2048,106496
23,23,3072,106496
23,46,3072,106496
23,24,4096,106496
23,23,5120,106496
23,46,5120,106496
23,22,6144,106496
23,46,6144,106496
23,39,7168,106496
23,41,7168,106496
23,39,8192,106496
23,40,8192,106496
23,46,9216,106496
47,22,1024,107520
47,23,2048,107520
47,46,2048,107520
47,24,3072,107520
47,23,4096,107520
47,46,4096,107520
47,22,5120,107520
47,46,5120,107520
47,39,6144,107520
47,41,6144,107520
47,39,7168,107520
47,40,7168,107520
47,46,8192,107520
47,44,9216,107520
22,23,1024,108544
22,46,1024,108544
22,24,2048,108544
22,23,3072,108544
22,46,3072,108544
22,22,4096,108544
22,46,4096,108544
22,39,5120,108544
22,41,5120,108544
22,39,6144,108544
22,40,6144,108544
22,46,7168,108544
22,44,8192,108544
22,48,9216,108544
23,46,0,109568
23,24,1024,109568
23,23,2048,109568
23,46,2048,109568
23,22,3072,109568
23,46,3072,109568
23,39,4096,109568
23,41,4096,109568
23,39,5120,109568
23,40,5120,109568
23,46,6144,109568
23,44,7168,109568
23,48,8192,109568
23,46,9216,109568
46,24,1024,109568
46,23,2048,109568
46,46,2048,109568
46,22,3072,109568
46,46,3072,109568
46,39,4096,109568
46,41,4096,109568
46,39,5120,109568
46,40,5120,109568
46,46,6144,109568
46,44,7168,109568
46,48,8192,109568
46,46,9216,109568
46,26,11264,109568
24,23,1024,110592
24,46,1024,110592
24,22,2048,110592
24,46,2048,110592
24,39,3072,110592
24,41,3072,110592
24,39,4096,110592
24,40,4096,110592
24,46,5120,110592
24,44,6144,110592
24,48,7168,110592
24,46,8192,110592
24,26,10240,110592
24,46,12288,110592
23,46,0,111616
23,22,1024,111616
23,46,1024,111616
23,39,2048,111616
23,41,2048,111616
23,39,3072,111616
23,40,3072,111616
23,46,4096,111616
23,44,5120,111616
23,48,6144,111616
23,46,7168,111616
23,26,9216,111616
23,46,11264,111616
23,41,13312,111616
46,22,1024,111616
46,46,1024,111616
46,39,2048,111616
46,41,2048,111616
46,39,3072,111616
46,40,3072,111616
46,46,4096,111616
46,44,5120,111616
46,48,6144,111616
46,46,7168,111616
46,26,9216,111616
46,46,11264,111616
46,41,13312,111616
46,65,16384,111616
22,46,0,112640
22,39,1024,112640
22,41,1024,112640
22,39,2048,112640
22,40,2048,112640
22,46,3072,112640
22,44,4096,112640
22,48,5120,112640
22,46,6144,112640
22,26,8192,112640
22,46,10240,112640
22,41,12288,112640
22,65,15360,112640
22,69,16384,112640
46,39,1024,112640
46,41,1024,112640
46,39,2048,112640
46,40,2048,112640
46,46,3072,112640
46,44,4096,112640
46,48,5120,112640
46,46,6144,112640
46,26,8192,112640
46,46,10240,112640
46,41,12288,112640
46,65,15360,112640
46,69,16384,112640
46,72,17408,112640
39,41,0,113664
39,39,1024,113664
39,40,1024,113664
39,46,2048,113664
39,44,3072,113664
39,48,4096,113664
39,46,5120,113664
39,26,7168,113664
39,46,9216,113664
39,41,11264,113664
39,65,14336,113664
39,69,15360,113664
39,72,16384,113664
39,72,17408,113664
41,39,1024,113664
41,40,1024,113664
41,46,2048,113664
41,44,3072,113664
41,48,4096,113664
41,46,5120,113664
41,26,7168,113664
41,46,9216,113664
41,41,11264,113664
41,65,14336,113664
41,69,15360,113664
41,72,16384,113664
41,72,17408,113664
41,46,18432,113664
39,40,0,114688
39,46,1024,114688
39,44,2048,114688
39,48,3072,114688
39,46,4096,114688
39,26,6144,114688
39,46,8192,114688
39,41,10240,114688
39,65,13312,114688
39,69,14336,114688
39,72,15360,114688
39,72,16384,114688
39,46,17408,114688
39,47,19456,114688
40,46,1024,114688
40,44,2048,114688
40,48,3072,114688
40,46,4096,114688
40,26,6144,114688
40,46,8192,114688
40,41,10240,114688
40,65,13312,114688
40,69,14336,114688
40,72,15360,114688
40,72,16384,114688
40,46,17408,114688
40,47,19456,114688
40,69,20480,114688
46,44,1024,115712
46,48,2048,115712
46,46,3072,115712
46,26,5120,115712
46,46,7168,115712
46,41,9216,115712
46,65,12288,115712
46,69,13312,115712
46,72,14336,115712
46,72,15360,115712
46,46,16384,115712
46,47,18432,115712
46,69,19456,115712
46,34,20480,115712
44,48,1024,116736
44,46,2048,116736
44,26,4096,116736
44,46,6144,116736
44,41,8192,116736
44,65,11264,116736
44,69,12288,116736
44,72,13312,116736
44,72,14336,116736
44,46,15360,116736
44,47,17408,116736
44,69,18432,116736
44,34,19456,116736
44,69,19456,116736
48,46,1024,117760
48,26,3072,117760
48,46,5120,117760
48,41,7168,117760
48,65,10240,117760
48,69,11264,117760
48,72,12288,117760
48,72,13312,117760
48,46,14336,117760
48,47,16384,117760
48,69,17408,117760
48,34,18432,117760
48,69,18432,117760
48,46,20480,117760
46,26,2048,118784
46,46,4096,118784
46,41,6144,118784
46,65,9216,118784
46,69,10240,118784
46,72,11264,118784
46,72,12288,118784
46,46,13312,118784
46,47,15360,118784
46,69,16384,118784
46,34,17408,118784
46,69,17408,118784
46,46,19456,118784
46,29,20480,118784
26,46,2048,120832
26,41,4096,120832
26,65,7168,120832
26,69,8192,120832
26,72,9216,120832
26,72,10240,120832
26,46,11264,120832
26,47,13312,120832
26,69,14336,120832
26,34,15360,120832
26,69,15360,120832
26,46,17408,120832
26,29,18432,120832
26,46,20480,120832
46,41,2048,122880
46,65,5120,122880
46,69,6144,122880
46,72,7168,122880
46,72,8192,122880
46,46,9216,122880
46,47,11264,122880
46,69,12288,122880
46,34,13312,122880
46,69,13312,122880
46,46,15360,122880
46,29,16384,122880
46,46,18432,122880
46,46,19456,122880
41,65,3072,124928
41,69,4096,124928
41,72,5120,124928
41,72,6144,124928
41,46,7168,124928
41,47,9216,124928
41,69,10240,124928
41,34,11264,124928
41,69,11264,124928
41,46,13312,124928
41,29,14336,124928
41,46,16384,124928
41,46,17408,124928
41,46,19456,124928
65,69,1024,128000
65,72,2048,128000
65,72,3072,128000
65,46,4096,128000
65,47,6144,128000
65,69,7168,128000
65,34,8192,128000
65,69,8192,128000
65,46,10240,128000
65,29,11264,128000
65,46,13312,128000
65,46,14336,128000
65,46,16384,128000
65,46,18432,128000
69,72,1024,129024
69,72,2048,129024
69,46,3072,129024
69,47,5120,129024
69,69,6144,129024
69,34,7168,129024
69,69,7168,129024
69,46,9216,129024
69,29,10240,129024
69,46,12288,129024
69,46,13312,129024
69,46,15360,129024
69,46,17408,129024
69,46,19456,129024
72,72,1024,130048
72,46,2048,130048
72,47,4096,130048
72,69,5120,130048
72,34,6144,130048
72,69,6144,130048
72,46,8192,130048
72,29,9216,130048
72,46,11264,130048
72,46,12288,130048
72,46,14336,130048
72,46,16384,130048
72,46,18432,130048
72,46,19456,130048
72,46,1024,131072
72,47,3072,131072
72,69,4096,131072
72,34,5120,131072
72,69,5120,131072
72,46,7168,131072
72,29,8192,131072
72,46,10240,131072
72,46,11264,131072
72,46,13312,131072
72,46,15360,131072
72,46,17408,131072
72,46,18432,131072
72,34,20480,131072
46,47,2048,132096
46,69,3072,132096
46,34,4096,132096
46,69,4096,132096
46,46,6144,132096
46,29,7168,132096
46,46,9216,132096
46,46,10240,132096
46,46,12288,132096
46,46,14336,132096
46,46,16384,132096
46,46,17408,132096
46,34,19456,132096
46,46,19456,132096
47,69,1024,134144
47,34,2048,134144
47,69,2048,134144
47,46,4096,134144
47,29,5120,134144
47,46,7168,134144
47,46,8192,134144
47,46,10240,134144
47,46,12288,134144
47,46,14336,134144
47,46,15360,134144
47,34,17408,134144
47,46,17408,134144
47,46,18432,134144
69,34,1024,135168
69,69,1024,135168
69,46,3072,135168
69,29,4096,135168
69,46,6144,135168
69,46,7168,135168
69,46,9216,135168
69,46,11264,135168
69,46,13312,135168
69,46,14336,135168
69,34,16384,135168
69,46,16384,135168
69,46,17408,135168
69,46,18432,135168
34,69,0,136192
34,46,2048,136192
34,29,3072,136192
34,46,5120,136192
34,46,6144,136192
34,46,8192,136192
34,46,10240,136192
34,46,12288,136192
34,46,13312,136192
34,34,15360,136192
34,46,15360,136192
34,46,16384,136192
34,46,17408,136192
34,46,18432,136192
69,46,2048,136192
69,29,3072,136192
69,46,5120,136192
69,46,6144,136192
69,46,8192,136192
69,46,10240,136192
69,46,12288,136192
69,46,13312,136192
69,34,15360,136192
69,46,15360,136192
69,46,16384,136192
69,46,17408,136192
69,46,18432,136192
69,43,19456,136192
46,29,1024,138240
46,46,3072,138240
46,46,4096,138240
46,46,6144,138240
46,46,8192,138240
46,46,10240,138240
46,46,11264,138240
46,34,13312,138240
46,46,13312,138240
46,46,14336,138240
46,46,15360,138240
46,46,16384,138240
46,43,17408,138240
46,46,18432,138240
29,46,2048,139264
29,46,3072,139264
29,46,5120,139264
29,46,7168,139264
29,46,9216,139264
29,46,10240,139264
29,34,12288,139264
29,46,12288,139264
29,46,13312,139264
29,46,14336,139264
29,46,15360,139264
29,43,16384,139264
29,46,17408,139264
29,46,18432,139264
46,46,1024,141312
46,46,3072,141312
46,46,5120,141312
46,46,7168,141312
46,46,8192,141312
46,34,10240,141312
46,46,10240,141312
46,46,11264,141312
46,46,12288,141312
46,46,13312,141312
46,43,14336,141312
46,46,15360,141312
46,46,16384,141312
46,31,17408,141312
46,46,2048,142336
46,46,4096,142336
46,46,6144,142336
46,46,7168,142336
46,34,9216,142336
46,46,9216,142336
46,46,10240,142336
46,46,11264,142336
46,46,12288,142336
46,43,13312,142336
46,46,14336,142336
46,46,15360,142336
46,31,16384,142336
46,23,18432,142336
46,46,2048,144384
46,46,4096,144384
46,46,5120,144384
46,34,7168,144384
46,46,7168,144384
46,46,8192,144384
46,46,9216,144384
46,46,10240,144384
46,43,11264,144384
46,46,12288,144384
46,46,13312,144384
46,31,14336,144384
46,23,16384,144384
46,47,16384,144384
46,46,2048,146432
46,46,3072,146432
46,34,5120,146432
46,46,5120,146432
46,46,6144,146432
46,46,7168,146432
46,46,8192,146432
46,43,9216,146432
46,46,10240,146432
46,46,11264,146432
46,31,12288,146432
46,23,14336,146432
46,47,14336,146432
46,45,15360,146432
46,46,1024,148480
46,34,3072,148480
46,46,3072,148480
46,46,4096,148480
46,46,5120,148480
46,46,6144,148480
46,43,7168,148480
46,46,8192,148480
46,46,9216,148480
46,31,10240,148480
46,23,12288,148480
46,47,12288,148480
46,45,13312,148480
46,46,14336,148480
46,34,2048,149504
46,46,2048,149504
46,46,3072,149504
46,46,4096,149504
46,46,5120,149504
46,43,6144,149504
46,46,7168,149504
46,46,8192,149504
46,31,9216,149504
46,23,11264,149504
46,47,11264,149504
46,45,12288,149504
46,46,13312,149504
46,46,14336,149504
34,46,0,151552
34,46,1024,151552
34,46,2048,151552
34,46,3072,151552
34,43,4096,151552
34,46,5120,151552
34,46,6144,151552
34,31,7168,151552
34,23,9216,151552
34,47,9216,151552
34,45,10240,151552
34,46,11264,151552
34,46,12288,151552
34,46,13312,151552
46,46,1024,151552
46,46,2048,151552
46,46,3072,151552
46,43,4096,151552
46,46,5120,151552
46,46,6144,151552
46,31,7168,151552
46,23,9216,151552
46,47,9216,151552
46,45,10240,151552
46,46,11264,151552
46,46,12288,151552
46,46,13312,151552
46,46,14336,151552
46,46,1024,152576
46,46,2048,152576
46,43,3072,152576
46,46,4096,152576
46,46,5120,152576
46,31,6144,152576
46,23,8192,152576
46,47,8192,152576
46,45,9216,152576
46,46,10240,152576
46,46,11264,152576
46,46,12288,152576
46,46,13312,152576
46,69,14336,152576
46,46,1024,153600
46,43,2048,153600
46,46,3072,153600
46,46,4096,153600
46,31,5120,153600
46,23,7168,153600
46,47,7168,153600
46,45,8192,153600
46,46,9216,153600
46,46,10240,153600
46,46,11264,153600
46,46,12288,153600
46,69,13312,153600
46,46,15360,153600
46,43,1024,154624
46,46,2048,154624
46,46,3072,154624
46,31,4096,154624
46,23,6144,154624
46,47,6144,154624
46,45,7168,154624
46,46,8192,154624
46,46,9216,154624
46,46,10240,154624
46,46,11264,154624
46,69,12288,154624
46,46,14336,154624
46,46,15360,154624
43,46,1024,155648
43,46,2048,155648
43,31,3072,155648
43,23,5120,155648
43,47,5120,155648
43,45,6144,155648
43,46,7168,155648
43,46,8192,155648
43,46,9216,155648
43,46,10240,155648
43,69,11264,155648
43,46,13312,155648
43,46,14336,155648
43,69,15360,155648
46,46,1024,156672
46,31,2048,156672
46,23,4096,156672
46,47,4096,156672
46,45,5120,156672
46,46,6144,156672
46,46,7168,156672
46,46,8192,156672
46,46,9216,156672
46,69,10240,156672
46,46,12288,156672
46,46,13312,156672
46,69,14336,156672
46,26,15360,156672
46,31,1024,157696
46,23,3072,157696
46,47,3072,157696
46,45,4096,157696
46,46,5120,157696
46,46,6144,157696
46,46,7168,157696
46,46,8192,157696
46,69,9216,157696
46,46,11264,157696
46,46,12288,157696
46,69,13312,157696
46,26,14336,157696
46,43,14336,157696
31,23,2048,158720
31,47,2048,158720
31,45,3072,158720
31,46,4096,158720
31,46,5120,158720
31,46,6144,158720
31,46,7168,158720
31,69,8192,158720
31,46,10240,158720
31,46,11264,158720
31,69,12288,158720
31,26,13312,158720
31,43,13312,158720
31,23,15360,158720
23,47,0,160768
23,45,1024,160768
23,46,2048,160768
23,46,3072,160768
23,46,4096,160768
23,46,5120,160768
23,69,6144,160768
23,46,8192,160768
23,46,9216,160768
23,69,10240,160768
23,26,11264,160768
23,43,11264,160768
23,23,13312,160768
23,45,13312,160768
47,45,1024,160768
47,46,2048,160768
47,46,3072,160768
47,46,4096,160768
47,46,5120,160768
47,69,6144,160768
47,46,8192,160768
47,46,9216,160768
47,69,10240,160768
47,26,11264,160768
47,43,11264,160768
47,23,13312,160768
47,45,13312,160768
47,27,14336,160768
45,46,1024,161792
45,46,2048,161792
45,46,3072,161792
45,46,4096,161792
45,69,5120,161792
45,46,7168,161792
45,46,8192,161792
45,69,9216,161792
45,26,10240,161792
45,43,10240,161792
45,23,12288,161792
45,45,12288,161792
45,27,13312,161792
45,45,13312,161792
46,46,1024,162816
46,46,2048,162816
46,46,3072,162816
46,69,4096,162816
46,46,6144,162816
46,46,7168,162816
46,69,8192,162816
46,26,9216,162816
46,43,9216,162816
46,23,11264,162816
46,45,11264,162816
46,27,12288,162816
46,45,12288,162816
46,46,14336,162816
46,46,1024,163840
46,46,2048,163840
46,69,3072,163840
46,46,5120,163840
46,46,6144,163840
46,69,7168,163840
46,26,8192,163840
46,43,8192,163840
46,23,10240,163840
46,45,10240,163840
46,27,11264,163840
46,45,11264,163840
46,46,13312,163840
46,23,14336,163840
46,46,1024,164864
46,69,2048,164864
46,46,4096,164864
46,46,5120,164864
46,69,6144,164864
46,26,7168,164864
46,43,7168,164864
46,23,9216,164864
46,45,9216,164864
46,27,10240,164864
46,45,10240,164864
46,46,12288,164864
46,23,13312,164864
46,46,13312,164864
46,69,1024,165888
46,46,3072,165888
46,46,4096,165888
46,69,5120,165888
46,26,6144,165888
46,43,6144,165888
46,23,8192,165888
46,45,8192,165888
46,27,9216,165888
46,45,9216,165888
46,46,11264,165888
46,23,12288,165888
46,46,12288,165888
46,44,13312,165888
69,46,2048,166912
69,46,3072,166912
69,69,4096,166912
69,26,5120,166912
69,43,5120,166912
69,23,7168,166912
69,45,7168,166912
69,27,8192,166912
69,45,8192,166912
69,46,10240,166912
69,23,11264,166912
69,46,11264,166912
69,44,12288,166912
69,43,14336,166912
46,46,1024,168960
46,69,2048,168960
46,26,3072,168960
46,43,3072,168960
46,23,5120,168960
46,45,5120,168960
46,27,6144,168960
46,45,6144,168960
46,46,8192,168960
46,23,9216,168960
46,46,9216,168960
46,44,10240,168960
46,43,12288,168960
46,72,15360,168960
46,69,1024,169984
46,26,2048,169984
46,43,2048,169984
46,23,4096,169984
46,45,4096,169984
46,27,5120,169984
46,45,5120,169984
46,46,7168,169984
46,23,8192,169984
46,46,8192,169984
46,44,9216,169984
46,43,11264,169984
46,72,14336,169984
69,26,1024,171008
69,43,1024,171008
69,23,3072,171008
69,45,3072,171008
69,27,4096,171008
69,45,4096,171008
69,46,6144,171008
69,23,7168,171008
69,46,7168,171008
69,44,8192,171008
69,43,10240,171008
69,72,13312,171008
69,22,20480,171008
69,45,20480,171008
26,43,0,172032
26,23,2048,172032
26,45,2048,172032
26,27,3072,172032
26,45,3072,172032
26,46,5120,172032
26,23,6144,172032
26,46,6144,172032
26,44,7168,172032
26,43,9216,172032
26,72,12288,172032
26,22,19456,172032
26,45,19456,172032
26,22,20480,172032
43,23,2048,172032
43,45,2048,172032
43,27,3072,172032
43,45,3072,172032
43,46,5120,172032
43,23,6144,172032
43,46,6144,172032
43,44,7168,172032
43,43,9216,172032
43,72,12288,172032
43,22,19456,172032
43,45,19456,172032
43,22,20480,172032
43,44,20480,172032
23,45,0,174080
23,27,1024,174080
23,45,1024,174080
23,46,3072,174080
23,23,4096,174080
23,46,4096,174080
23,44,5120,174080
23,43,7168,174080
23,72,10240,174080
23,22,17408,174080
23,45,17408,174080
23,22,18432,174080
23,44,18432,174080
23,24,20480,174080
45,27,1024,174080
45,45,1024,174080
45,46,3072,174080
45,23,4096,174080
45,46,4096,174080
45,44,5120,174080
45,43,7168,174080
45,72,10240,174080
45,22,17408,174080
45,45,17408,174080
45,22,18432,174080
45,44,18432,174080
45,24,20480,174080
45,48,20480,174080
27,45,0,175104
27,46,2048,175104
27,23,3072,175104
27,46,3072,175104
27,44,4096,175104
27,43,6144,175104
27,72,9216,175104
27,22,16384,175104
27,45,16384,175104
27,22,17408,175104
27,44,17408,175104
27,24,19456,175104
27,48,19456,175104
27,46,20480,175104
45,46,2048,175104
45,23,3072,175104
45,46,3072,175104
45,44,4096,175104
45,43,6144,175104
45,72,9216,175104
45,22,16384,175104
45,45,16384,175104
45,22,17408,175104
45,44,17408,175104
45,24,19456,175104
45,48,19456,175104
45,46,20480,175104
46,23,1024,177152
46,46,1024,177152
46,44,2048,177152
46,43,4096,177152
46,72,7168,177152
46,22,14336,177152
46,45,14336,177152
46,22,15360,177152
46,44,15360,177152
46,24,17408,177152
46,48,17408,177152
46,46,18432,177152
46,35,20480,177152
46,69,20480,177152
23,46,0,178176
23,44,1024,178176
23,43,3072,178176
23,72,6144,178176
23,22,13312,178176
23,45,13312,178176
23,22,14336,178176
23,44,14336,178176
23,24,16384,178176
23,48,16384,178176
23,46,17408,178176
23,35,19456,178176
23,69,19456,178176
23,37,20480,178176
46,44,1024,178176
46,43,3072,178176
46,72,6144,178176
46,22,13312,178176
46,45,13312,178176
46,22,14336,178176
46,44,14336,178176
46,24,16384,178176
46,48,16384,178176
46,46,17408,178176
46,35,19456,178176
46,69,19456,178176
46,37,20480,178176
46,46,20480,178176
44,43,2048,179200
44,72,5120,179200
44,22,12288,179200
44,45,12288,179200
44,22,13312,179200
44,44,13312,179200
44,24,15360,179200
44,48,15360,179200
44,46,16384,179200
44,35,18432,179200
44,69,18432,179200
44,37,19456,179200
44,46,19456,179200
44,46,20480,179200
43,72,3072,181248
43,22,10240,181248
43,45,10240,181248
43,22,11264,181248
43,44,11264,181248
43,24,13312,181248
43,48,13312,181248
43,46,14336,181248
43,35,16384,181248
43,69,16384,181248
43,37,17408,181248
43,46,17408,181248
43,46,18432,181248
43,35,19456,181248
72,22,7168,184320
72,45,7168,184320
72,22,8192,184320
72,44,8192,184320
72,24,10240,184320
72,48,10240,184320
72,46,11264,184320
72,35,13312,184320
72,69,13312,184320
72,37,14336,184320
72,46,14336,184320
72,46,15360,184320
72,35,16384,184320
72,46,16384,184320
22,45,0,191488
22,22,1024,191488
22,44,1024,191488
22,24,3072,191488
22,48,3072,191488
22,46,4096,191488
22,35,6144,191488
22,69,6144,191488
22,37,7168,191488
22,46,7168,191488
22,46,8192,191488
22,35,9216,191488
22,46,9216,191488
22,33,10240,191488
45,22,1024,191488
45,44,1024,191488
45,24,3072,191488
45,48,3072,191488
45,46,4096,191488
45,35,6144,191488
45,69,6144,191488
45,37,7168,191488
45,46,7168,191488
45,46,8192,191488
45,35,9216,191488
45,46,9216,191488
45,33,10240,191488
45,28,17408,191488
22,44,0,192512
22,24,2048,192512
22,48,2048,192512
22,46,3072,192512
22,35,5120,192512
22,69,5120,192512
22,37,6144,192512
22,46,6144,192512
22,46,7168,192512
22,35,8192,192512
22,46,8192,192512
22,33,9216,192512
22,28,16384,192512
22,46,17408,192512
44,24,2048,192512
44,48,2048,192512
44,46,3072,192512
44,35,5120,192512
44,69,5120,192512
44,37,6144,192512
44,46,6144,192512
44,46,7168,192512
44,35,8192,192512
44,46,8192,192512
44,33,9216,192512
44,28,16384,192512
44,46,17408,192512
44,24,19456,192512
24,48,0,194560
24,46,1024,194560
24,35,3072,194560
24,69,3072,194560
24,37,4096,194560
24,46,4096,194560
24,46,5120,194560
24,35,6144,194560
24,46,6144,194560
24,33,7168,194560
24,28,14336,194560
24,46,15360,194560
24,24,17408,194560
24,48,17408,194560
48,46,1024,194560
48,35,3072,194560
48,69,3072,194560
48,37,4096,194560
48,46,4096,194560
48,46,5120,194560
48,35,6144,194560
48,46,6144,194560
48,33,7168,194560
48,28,14336,194560
48,46,15360,194560
48,24,17408,194560
48,48,17408,194560
48,23,18432,194560
46,35,2048,195584
46,69,2048,195584
46,37,3072,195584
46,46,3072,195584
46,46,4096,195584
46,35,5120,195584
46,46,5120,195584
46,33,6144,195584
46,28,13312,195584
46,46,14336,195584
46,24,16384,195584
46,48,16384,195584
46,23,17408,195584
46,46,17408,195584
35,69,0,197632
35,37,1024,197632
35,46,1024,197632
35,46,2048,197632
35,35,3072,197632
35,46,3072,197632
35,33,4096,197632
35,28,11264,197632
35,46,12288,197632
35,24,14336,197632
35,48,14336,197632
35,23,15360,197632
35,46,15360,197632
35,46,17408,197632
69,37,1024,197632
69,46,1024,197632
69,46,2048,197632
69,35,3072,197632
69,46,3072,197632
69,33,4096,197632
69,28,11264,197632
69,46,12288,197632
69,24,14336,197632
69,48,14336,197632
69,23,15360,197632
69,46,15360,197632
69,46,17408,197632
69,64,19456,197632
37,46,0,198656
37,46,1024,198656
37,35,2048,198656
37,46,2048,198656
37,33,3072,198656
37,28,10240,198656
37,46,11264,198656
37,24,13312,198656
37,48,13312,198656
37,23,14336,198656
37,46,14336,198656
37,46,16384,198656
37,64,18432,198656
37,64,19456,198656
46,46,1024,198656
46,35,2048,198656
46,46,2048,198656
46,33,3072,198656
46,28,10240,198656
46,46,11264,198656
46,24,13312,198656
46,48,13312,198656
46,23,14336,198656
46,46,14336,198656
46,46,16384,198656
46,64,18432,198656
46,64,19456,198656
46,68,20480,198656
46,35,1024,199680
46,46,1024,199680
46,33,2048,199680
46,28,9216,199680
46,46,10240,199680
46,24,12288,199680
46,48,12288,199680
46,23,13312,199680
46,46,13312,199680
46,46,15360,199680
46,64,17408,199680
46,64,18432,199680
46,68,19456,199680
46,68,20480,199680
35,46,0,200704
35,33,1024,200704
35,28,8192,200704
35,46,9216,200704
35,24,11264,200704
35,48,11264,200704
35,23,12288,200704
35,46,12288,200704
35,46,14336,200704
35,64,16384,200704
35,64,17408,200704
35,68,18432,200704
35,68,19456,200704
35,68,20480,200704
46,33,1024,200704
46,28,8192,200704
46,46,9216,200704
46,24,11264,200704
46,48,11264,200704
46,23,12288,200704
46,46,12288,200704
46,46,14336,200704
46,64,16384,200704
46,64,17408,200704
46,68,18432,200704
46,68,19456,200704
46,68,20480,200704
33,28,7168,201728
33,46,8192,201728
33,24,10240,201728
33,48,10240,201728
33,23,11264,201728
33,46,11264,201728
33,46,13312,201728
33,64,15360,201728
33,64,16384,201728
33,68,17408,201728
33,68,18432,201728
33,68,19456,201728
33,69,20480,201728
28,46,1024,208896
28,24,3072,208896
28,48,3072,208896
28,23,4096,208896
28,46,4096,208896
28,46,6144,208896
28,64,8192,208896
28,64,9216,208896
28,68,10240,208896
28,68,11264,208896
28,68,12288,208896
28,69,13312,208896
28,67,14336,208896
28,67,15360,208896
46,24,2048,209920
46,48,2048,209920
46,23,3072,209920
46,46,3072,209920
46,46,5120,209920
46,64,7168,209920
46,64,8192,209920
46,68,9216,209920
46,68,10240,209920
46,68,11264,209920
46,69,12288,209920
46,67,13312,209920
46,67,14336,209920
46,69,15360,209920
24,48,0,211968
24,23,1024,211968
24,46,1024,211968
24,46,3072,211968
24,64,5120,211968
24,64,6144,211968
24,68,7168,211968
24,68,8192,211968
24,68,9216,211968
24,69,10240,211968
24,67,11264,211968
24,67,12288,211968
24,69,13312,211968
24,67,14336,211968
48,23,1024,211968
48,46,1024,211968
48,46,3072,211968
48,64,5120,211968
48,64,6144,211968
48,68,7168,211968
48,68,8192,211968
48,68,9216,211968
48,69,10240,211968
48,67,11264,211968
48,67,12288,211968
48,69,13312,211968
48,67,14336,211968
48,67,15360,211968
23,46,0,212992
23,46,2048,212992
23,64,4096,212992
23,64,5120,212992
23,68,6144,212992
23,68,7168,212992
23,68,8192,212992
23,69,9216,212992
23,67,10240,212992
23,67,11264,212992
23,69,12288,212992
23,67,13312,212992
23,67,14336,212992
23,68,15360,212992
46,46,2048,212992
46,64,4096,212992
46,64,5120,212992
46,68,6144,212992
46,68,7168,212992
46,68,8192,212992
46,69,9216,212992
46,67,10240,212992
46,67,11264,212992
46,69,12288,212992
46,67,13312,212992
46,67,14336,212992
46,68,15360,212992
46,66,16384,212992
46,64,2048,215040
46,64,3072,215040
46,68,4096,215040
46,68,5120,215040
46,68,6144,215040
46,69,7168,215040
46,67,8192,215040
46,67,9216,215040
46,69,10240,215040
46,67,11264,215040
46,67,12288,215040
46,68,13312,215040
46,66,14336,215040
46,69,15360,215040
64,64,1024,217088
64,68,2048,217088
64,68,3072,217088
64,68,4096,217088
64,69,5120,217088
64,67,6144,217088
64,67,7168,217088
64,69,8192,217088
64,67,9216,217088
64,67,10240,217088
64,68,11264,217088
64,66,12288,217088
64,69,13312,217088
64,68,14336,217088
64,68,1024,218112
64,68,2048,218112
64,68,3072,218112
64,69,4096,218112
64,67,5120,218112
64,67,6144,218112
64,69,7168,218112
64,67,8192,218112
64,67,9216,218112
64,68,10240,218112
64,66,11264,218112
64,69,12288,218112
64,68,13312,218112
64,40,18432,218112
68,68,1024,219136
68,68,2048,219136
68,69,3072,219136
68,67,4096,219136
68,67,5120,219136
68,69,6144,219136
68,67,7168,219136
68,67,8192,219136
68,68,9216,219136
68,66,10240,219136
68,69,11264,219136
68,68,12288,219136
68,40,17408,219136
68,20,19456,219136
68,68,1024,220160
68,69,2048,220160
68,67,3072,220160
68,67,4096,220160
68,69,5120,220160
68,67,6144,220160
68,67,7168,220160
68,68,8192,220160
68,66,9216,220160
68,69,10240,220160
68,68,11264,220160
68,40,16384,220160
68,20,18432,220160
68,41,18432,220160
68,69,1024,221184
68,67,2048,221184
68,67,3072,221184
68,69,4096,221184
68,67,5120,221184
68,67,6144,221184
68,68,7168,221184
68,66,8192,221184
68,69,9216,221184
68,68,10240,221184
68,40,15360,221184
68,20,17408,221184
68,41,17408,221184
69,67,1024,222208
69,67,2048,222208
69,69,3072,222208
69,67,4096,222208
69,67,5120,222208
69,68,6144,222208
69,66,7168,222208
69,69,8192,222208
69,68,9216,222208
69,40,14336,222208
69,20,16384,222208
69,41,16384,222208
69,27,20480,222208
67,67,1024,223232
67,69,2048,223232
67,67,3072,223232
67,67,4096,223232
67,68,5120,223232
67,66,6144,223232
67,69,7168,223232
67,68,8192,223232
67,40,13312,223232
67,20,15360,223232
67,41,15360,223232
67,27,19456,223232
67,39,20480,223232
67,40,20480,223232
67,69,1024,224256
67,67,2048,224256
67,67,3072,224256
67,68,4096,224256
67,66,5120,224256
67,69,6144,224256
67,68,7168,224256
67,40,12288,224256
67,20,14336,224256
67,41,14336,224256
67,27,18432,224256
67,39,19456,224256
67,40,19456,224256
67,39,20480,224256
69,67,1024,225280
69,67,2048,225280
69,68,3072,225280
69,66,4096,225280
69,69,5120,225280
69,68,6144,225280
69,40,11264,225280
69,20,13312,225280
69,41,13312,225280
69,27,17408,225280
69,39,18432,225280
69,40,18432,225280
69,39,19456,225280
69,40,19456,225280
67,67,1024,226304
67,68,2048,226304
67,66,3072,226304
67,69,4096,226304
67,68,5120,226304
67,40,10240,226304
67,20,12288,226304
67,41,12288,226304
67,27,16384,226304
67,39,17408,226304
67,40,17408,226304
67,39,18432,226304
67,40,18432,226304
67,31,20480,226304
67,68,1024,227328
67,66,2048,227328
67,69,3072,227328
67,68,4096,227328
67,40,9216,227328
67,20,11264,227328
67,41,11264,227328
67,27,15360,227328
67,39,16384,227328
67,40,16384,227328
67,39,17408,227328
67,40,17408,227328
67,31,19456,227328
67,49,19456,227328
68,66,1024,228352
68,69,2048,228352
68,68,3072,228352
68,40,8192,228352
68,20,10240,228352
68,41,10240,228352
68,27,14336,228352
68,39,15360,228352
68,40,15360,228352
68,39,16384,228352
68,40,16384,228352
68,31,18432,228352
68,49,18432,228352
68,31,19456,228352
66,69,1024,229376
66,68,2048,229376
66,40,7168,229376
66,20,9216,229376
66,41,9216,229376
66,27,13312,229376
66,39,14336,229376
66,40,14336,229376
66,39,15360,229376
66,40,15360,229376
66,31,17408,229376
66,49,17408,229376
66,31,18432,229376
66,49,18432,229376
69,68,1024,230400
69,40,6144,230400
69,20,8192,230400
69,41,8192,230400
69,27,12288,230400
69,39,13312,230400
69,40,13312,230400
69,39,14336,230400
69,40,14336,230400
69,31,16384,230400
69,49,16384,230400
69,31,17408,230400
69,49,17408,230400
69,62,19456,230400
68,40,5120,231424
68,20,7168,231424
68,41,7168,231424
68,27,11264,231424
68,39,12288,231424
68,40,12288,231424
68,39,13312,231424
68,40,13312,231424
68,31,15360,231424
68,49,15360,231424
68,31,16384,231424
68,49,16384,231424
68,62,18432,231424
68,62,19456,231424
40,20,2048,236544
40,41,2048,236544
40,27,6144,236544
40,39,7168,236544
40,40,7168,236544
40,39,8192,236544
40,40,8192,236544
40,31,10240,236544
40,49,10240,236544
40,31,11264,236544
40,49,11264,236544
40,62,13312,236544
40,62,14336,236544
40,65,15360,236544
20,41,0,238592
20,27,4096,238592
20,39,5120,238592
20,40,5120,238592
20,39,6144,238592
20,40,6144,238592
20,31,8192,238592
20,49,8192,238592
20,31,9216,238592
20,49,9216,238592
20,62,11264,238592
20,62,12288,238592
20,65,13312,238592
20,33,14336,238592
41,27,4096,238592
41,39,5120,238592
41,40,5120,238592
41,39,6144,238592
41,40,6144,238592
41,31,8192,238592
41,49,8192,238592
41,31,9216,238592
41,49,9216,238592
41,62,11264,238592
41,62,12288,238592
41,65,13312,238592
41,33,14336,238592
41,65,14336,238592
27,39,1024,242688
27,40,1024,242688
27,39,2048,242688
27,40,2048,242688
27,31,4096,242688
27,49,4096,242688
27,31,5120,242688
27,49,5120,242688
27,62,7168,242688
27,62,8192,242688
27,65,9216,242688
27,33,10240,242688
27,65,10240,242688
27,65,11264,242688
39,40,0,243712
39,39,1024,243712
39,40,1024,243712
39,31,3072,243712
39,49,3072,243712
39,31,4096,243712
39,49,4096,243712
39,62,6144,243712
39,62,7168,243712
39,65,8192,243712
39,33,9216,243712
39,65,9216,243712
39,65,10240,243712
39,39,11264,243712
40,39,1024,243712
40,40,1024,243712
40,31,3072,243712
40,49,3072,243712
40,31,4096,243712
40,49,4096,243712
40,62,6144,243712
40,62,7168,243712
40,65,8192,243712
40,33,9216,243712
40,65,9216,243712
40,65,10240,243712
40,39,11264,243712
40,40,11264,243712
39,40,0,244736
39,31,2048,244736
39,49,2048,244736
39,31,3072,244736
39,49,3072,244736
39,62,5120,244736
39,62,6144,244736
39,65,7168,244736
39,33,8192,244736
39,65,8192,244736
39,65,9216,244736
39,39,10240,244736
39,40,10240,244736
39,39,11264,244736
40,31,2048,244736
40,49,2048,244736
40,31,3072,244736
40,49,3072,244736
40,62,5120,244736
40,62,6144,244736
40,65,7168,244736
40,33,8192,244736
40,65,8192,244736
40,65,9216,244736
40,39,10240,244736
40,40,10240,244736
40,39,11264,244736
40,41,11264,244736
31,49,0,246784
31,31,1024,246784
31,49,1024,246784
31,62,3072,246784
31,62,4096,246784
31,65,5120,246784
31,33,6144,246784
31,65,6144,246784
31,65,7168,246784
31,39,8192,246784
31,40,8192,246784
31,39,9216,246784
31,41,9216,246784
31,41,10240,246784
49,31,1024,246784
49,49,1024,246784
49,62,3072,246784
49,62,4096,246784
49,65,5120,246784
49,33,6144,246784
49,65,6144,246784
49,65,7168,246784
49,39,8192,246784
49,40,8192,246784
49,39,9216,246784
49,41,9216,246784
49,41,10240,246784
49,25,11264,246784
31,49,0,247808
31,62,2048,247808
31,62,3072,247808
31,65,4096,247808
31,33,5120,247808
31,65,5120,247808
31,65,6144,247808
31,39,7168,247808
31,40,7168,247808
31,39,8192,247808
31,41,8192,247808
31,41,9216,247808
31,25,10240,247808
31,51,10240,247808
49,62,2048,247808
49,62,3072,247808
49,65,4096,247808
49,33,5120,247808
49,65,5120,247808
49,65,6144,247808
49,39,7168,247808
49,40,7168,247808
49,39,8192,247808
49,41,8192,247808
49,41,9216,247808
49,25,10240,247808
49,51,10240,247808
49,25,11264,247808
62,62,1024,249856
62,65,2048,249856
62,33,3072,249856
62,65,3072,249856
62,65,4096,249856
62,39,5120,249856
62,40,5120,249856
62,39,6144,249856
62,41,6144,249856
62,41,7168,249856
62,25,8192,249856
62,51,8192,249856
62,25,9216,249856
62,49,9216,249856
62,65,1024,250880
62,33,2048,250880
62,65,2048,250880
62,65,3072,250880
62,39,4096,250880
62,40,4096,250880
62,39,5120,250880
62,41,5120,250880
62,41,6144,250880
62,25,7168,250880
62,51,7168,250880
62,25,8192,250880
62,49,8192,250880
62,22,9216,250880
65,33,1024,251904
65,65,1024,251904
65,65,2048,251904
65,39,3072,251904
65,40,3072,251904
65,39,4096,251904
65,41,4096,251904
65,41,5120,251904
65,25,6144,251904
65,51,6144,251904
65,25,7168,251904
65,49,7168,251904
65,22,8192,251904
65,37,9216,251904
33,65,0,252928
33,65,1024,252928
33,39,2048,252928
33,40,2048,252928
33,39,3072,252928
33,41,3072,252928
33,41,4096,252928
33,25,5120,252928
33,51,5120,252928
33,25,6144,252928
33,49,6144,252928
33,22,7168,252928
33,37,8192,252928
33,40,8192,252928
65,65,1024,252928
65,39,2048,252928
65,40,2048,252928
65,39,3072,252928
65,41,3072,252928
65,41,4096,252928
65,25,5120,252928
65,51,5120,252928
65,25,6144,252928
65,49,6144,252928
65,22,7168,252928
65,37,8192,252928
65,40,8192,252928
65,51,11264,252928
65,39,1024,253952
65,40,1024,253952
65,39,2048,253952
65,41,2048,253952
65,41,3072,253952
65,25,4096,253952
65,51,4096,253952
65,25,5120,253952
65,49,5120,253952
65,22,6144,253952
65,37,7168,253952
65,40,7168,253952
65,51,10240,253952
65,28,11264,253952
39,40,0,254976
39,39,1024,254976
39,41,1024,254976
39,41,2048,254976
39,25,3072,254976
39,51,3072,254976
39,25,4096,254976
39,49,4096,254976
39,22,5120,254976
39,37,6144,254976
39,40,6144,254976
39,51,9216,254976
39,28,10240,254976
39,41,10240,254976
40,39,1024,254976
40,41,1024,254976
40,41,2048,254976
40,25,3072,254976
40,51,3072,254976
40,25,4096,254976
40,49,4096,254976
40,22,5120,254976
40,37,6144,254976
40,40,6144,254976
40,51,9216,254976
40,28,10240,254976
40,41,10240,254976
40,55,11264,254976
39,41,0,256000
39,41,1024,256000
39,25,2048,256000
39,51,2048,256000
39,25,3072,256000
39,49,3072,256000
39,22,4096,256000
39,37,5120,256000
39,40,5120,256000
39,51,8192,256000
39,28,9216,256000
39,41,9216,256000
39,55,10240,256000
39,25,11264,256000
41,41,1024,256000
41,25,2048,256000
41,51,2048,256000
41,25,3072,256000
41,49,3072,256000
41,22,4096,256000
41,37,5120,256000
41,40,5120,256000
41,51,8192,256000
41,28,9216,256000
41,41,9216,256000
41,55,10240,256000
41,25,11264,256000
41,49,11264,256000
41,25,1024,257024
41,51,1024,257024
41,25,2048,257024
41,49,2048,257024
41,22,3072,257024
41,37,4096,257024
41,40,4096,257024
41,51,7168,257024
41,28,8192,257024
41,41,8192,257024
41,55,9216,257024
41,25,10240,257024
41,49,10240,257024
41,25,11264,257024
25,51,0,258048
25,25,1024,258048
25,49,1024,258048
25,22,2048,258048
25,37,3072,258048
25,40,3072,258048
25,51,6144,258048
25,28,7168,258048
25,41,7168,258048
25,55,8192,258048
25,25,9216,258048
25,49,9216,258048
25,25,10240,258048
25,50,10240,258048
51,25,1024,258048
51,49,1024,258048
51,22,2048,258048
51,37,3072,258048
51,40,3072,258048
51,51,6144,258048
51,28,7168,258048
51,41,7168,258048
51,55,8192,258048
51,25,9216,258048
51,49,9216,258048
51,25,10240,258048
51,50,10240,258048
51,36,11264,258048
25,49,0,259072
25,22,1024,259072
25,37,2048,259072
25,40,2048,259072
25,51,5120,259072
25,28,6144,259072
25,41,6144,259072
25,55,7168,259072
25,25,8192,259072
25,49,8192,259072
25,25,9216,259072
25,50,9216,259072
25,36,10240,259072
25,71,11264,259072
49,22,1024,259072
49,37,2048,259072
49,40,2048,259072
49,51,5120,259072
49,28,6144,259072
49,41,6144,259072
49,55,7168,259072
49,25,8192,259072
49,49,8192,259072
49,25,9216,259072
49,50,9216,259072
49,36,10240,259072
49,71,11264,259072
49,48,13312,259072
22,37,1024,260096
22,40,1024,260096
22,51,4096,260096
22,28,5120,260096
22,41,5120,260096
22,55,6144,260096
22,25,7168,260096
22,49,7168,260096
22,25,8192,260096
22,50,8192,260096
22,36,9216,260096
22,71,10240,260096
22,48,12288,260096
22,37,13312,260096
37,40,0,261120
37,51,3072,261120
37,28,4096,261120
37,41,4096,261120
37,55,5120,261120
37,25,6144,261120
37,49,6144,261120
37,25,7168,261120
37,50,7168,261120
37,36,8192,261120
37,71,9216,261120
37,48,11264,261120
37,37,12288,261120
37,47,12288,261120
40,51,3072,261120
40,28,4096,261120
40,41,4096,261120
40,55,5120,261120
40,25,6144,261120
40,49,6144,261120
40,25,7168,261120
40,50,7168,261120
40,36,8192,261120
40,71,9216,261120
40,48,11264,261120
40,37,12288,261120
40,47,12288,261120
40,24,14336,261120
51,28,1024,264192
51,41,1024,264192
51,55,2048,264192
51,25,3072,264192
51,49,3072,264192
51,25,4096,264192
51,50,4096,264192
51,36,5120,264192
51,71,6144,264192
51,48,8192,264192
51,37,9216,264192
51,47,9216,264192
51,24,11264,264192
51,71,11264,264192
28,41,0,265216
28,55,1024,265216
28,25,2048,265216
28,49,2048,265216
28,25,3072,265216
28,50,3072,265216
28,36,4096,265216
28,71,5120,265216
28,48,7168,265216
28,37,8192,265216
28,47,8192,265216
28,24,10240,265216
28,71,10240,265216
28,41,17408,265216
41,55,1024,265216
41,25,2048,265216
41,49,2048,265216
41,25,3072,265216
41,50,3072,265216
41,36,4096,265216
41,71,5120,265216
41,48,7168,265216
41,37,8192,265216
41,47,8192,265216
41,24,10240,265216
41,71,10240,265216
41,41,17408,265216
41,49,19456,265216
55,25,1024,266240
55,49,1024,266240
55,25,2048,266240
55,50,2048,266240
55,36,3072,266240
55,71,4096,266240
55,48,6144,266240
55,37,7168,266240
55,47,7168,266240
55,24,9216,266240
55,71,9216,266240
55,41,16384,266240
55,49,18432,266240
55,41,20480,266240
25,49,0,267264
25,25,1024,267264
25,50,1024,267264
25,36,2048,267264
25,71,3072,267264
25,48,5120,267264
25,37,6144,267264
25,47,6144,267264
25,24,8192,267264
25,71,8192,267264
25,41,15360,267264
25,49,17408,267264
25,41,19456,267264
25,41,20480,267264
49,25,1024,267264
49,50,1024,267264
49,36,2048,267264
49,71,3072,267264
49,48,5120,267264
49,37,6144,267264
49,47,6144,267264
49,24,8192,267264
49,71,8192,267264
49,41,15360,267264
49,49,17408,267264
49,41,19456,267264
49,41,20480,267264
25,50,0,268288
25,36,1024,268288
25,71,2048,268288
25,48,4096,268288
25,37,5120,268288
25,47,5120,268288
25,24,7168,268288
25,71,7168,268288
25,41,14336,268288
25,49,16384,268288
25,41,18432,268288
25,41,19456,268288
25,21,20480,268288
50,36,1024,268288
50,71,2048,268288
50,48,4096,268288
50,37,5120,268288
50,47,5120,268288
50,24,7168,268288
50,71,7168,268288
50,41,14336,268288
50,49,16384,268288
50,41,18432,268288
50,41,19456,268288
50,21,20480,268288
36,71,1024,269312
36,48,3072,269312
36,37,4096,269312
36,47,4096,269312
36,24,6144,269312
36,71,6144,269312
36,41,13312,269312
36,49,15360,269312
36,41,17408,269312
36,41,18432,269312
36,21,19456,269312
36,64,20480,269312
71,48,2048,270336
71,37,3072,270336
71,47,3072,270336
71,24,5120,270336
71,71,5120,270336
71,41,12288,270336
71,49,14336,270336
71,41,16384,270336
71,41,17408,270336
71,21,18432,270336
71,64,19456,270336
71,33,20480,270336
71,64,20480,270336
48,37,1024,272384
48,47,1024,272384
48,24,3072,272384
48,71,3072,272384
48,41,10240,272384
48,49,12288,272384
48,41,14336,272384
48,41,15360,272384
48,21,16384,272384
48,64,17408,272384
48,33,18432,272384
48,64,18432,272384
48,21,20480,272384
48,41,20480,272384
37,47,0,273408
37,24,2048,273408
37,71,2048,273408
37,41,9216,273408
37,49,11264,273408
37,41,13312,273408
37,41,14336,273408
37,21,15360,273408
37,64,16384,273408
37,33,17408,273408
37,64,17408,273408
37,21,19456,273408
37,41,19456,273408
37,41,20480,273408
47,24,2048,273408
47,71,2048,273408
47,41,9216,273408
47,49,11264,273408
47,41,13312,273408
47,41,14336,273408
47,21,15360,273408
47,64,16384,273408
47,33,17408,273408
47,64,17408,273408
47,21,19456,273408
47,41,19456,273408
47,41,20480,273408
24,71,0,275456
24,41,7168,275456
24,49,9216,275456
24,41,11264,275456
24,41,12288,275456
24,21,13312,275456
24,64,14336,275456
24,33,15360,275456
24,64,15360,275456
24,21,17408,275456
24,41,17408,275456
24,41,18432,275456
24,20,19456,275456
24,32,20480,275456
71,41,7168,275456
71,49,9216,275456
71,41,11264,275456
71,41,12288,275456
71,21,13312,275456
71,64,14336,275456
71,33,15360,275456
71,64,15360,275456
71,21,17408,275456
71,41,17408,275456
71,41,18432,275456
71,20,19456,275456
71,32,20480,275456
41,49,2048,282624
41,41,4096,282624
41,41,5120,282624
41,21,6144,282624
41,64,7168,282624
41,33,8192,282624
41,64,8192,282624
41,21,10240,282624
41,41,10240,282624
41,41,11264,282624
41,20,12288,282624
41,32,13312,282624
41,49,15360,282624
41,31,16384,282624
49,41,2048,284672
49,41,3072,284672
49,21,4096,284672
49,64,5120,284672
49,33,6144,284672
49,64,6144,284672
49,21,8192,284672
49,41,8192,284672
49,41,9216,284672
49,20,10240,284672
49,32,11264,284672
49,49,13312,284672
49,31,14336,284672
49,46,14336,284672
41,41,1024,286720
41,21,2048,286720
41,64,3072,286720
41,33,4096,286720
41,64,4096,286720
41,21,6144,286720
41,41,6144,286720
41,41,7168,286720
41,20,8192,286720
41,32,9216,286720
41,49,11264,286720
41,31,12288,286720
41,46,12288,286720
41,49,13312,286720
41,21,1024,287744
41,64,2048,287744
41,33,3072,287744
41,64,3072,287744
41,21,5120,287744
41,41,5120,287744
41,41,6144,287744
41,20,7168,287744
41,32,8192,287744
41,49,10240,287744
41,31,11264,287744
41,46,11264,287744
41,49,12288,287744
41,28,13312,287744
21,64,1024,288768
21,33,2048,288768
21,64,2048,288768
21,21,4096,288768
21,41,4096,288768
21,41,5120,288768
21,20,6144,288768
21,32,7168,288768
21,49,9216,288768
21,31,10240,288768
21,46,10240,288768
21,49,11264,288768
21,28,12288,288768
64,33,1024,289792
64,64,1024,289792
64,21,3072,289792
64,41,3072,289792
64,41,4096,289792
64,20,5120,289792
64,32,6144,289792
64,49,8192,289792
64,31,9216,289792
64,46,9216,289792
64,49,10240,289792
64,28,11264,289792
33,64,0,290816
33,21,2048,290816
33,41,2048,290816
33,41,3072,290816
33,20,4096,290816
33,32,5120,290816
33,49,7168,290816
33,31,8192,290816
33,46,8192,290816
33,49,9216,290816
33,28,10240,290816
33,21,20480,290816
33,41,20480,290816
64,21,2048,290816
64,41,2048,290816
64,41,3072,290816
64,20,4096,290816
64,32,5120,290816
64,49,7168,290816
64,31,8192,290816
64,46,8192,290816
64,49,9216,290816
64,28,10240,290816
64,21,20480,290816
64,41,20480,290816
21,41,0,292864
21,41,1024,292864
21,20,2048,292864
21,32,3072,292864
21,49,5120,292864
21,31,6144,292864
21,46,6144,292864
21,49,7168,292864
21,28,8192,292864
21,21,18432,292864
21,41,18432,292864
21,67,19456,292864
21,22,20480,292864
21,65,20480,292864
41,41,1024,292864
41,20,2048,292864
41,32,3072,292864
41,49,5120,292864
41,31,6144,292864
41,46,6144,292864
41,49,7168,292864
41,28,8192,292864
41,21,18432,292864
41,41,18432,292864
41,67,19456,292864
41,22,20480,292864
41,65,20480,292864
41,20,1024,293888
41,32,2048,293888
41,49,4096,293888
41,31,5120,293888
41,46,5120,293888
41,49,6144,293888
41,28,7168,293888
41,21,17408,293888
41,41,17408,293888
41,67,18432,293888
41,22,19456,293888
41,65,19456,293888
41,41,20480,293888
20,32,1024,294912
20,49,3072,294912
20,31,4096,294912
20,46,4096,294912
20,49,5120,294912
20,28,6144,294912
20,21,16384,294912
20,41,16384,294912
20,67,17408,294912
20,22,18432,294912
20,65,18432,294912
20,41,19456,294912
20,42,20480,294912
32,49,2048,295936
32,31,3072,295936
32,46,3072,295936
32,49,4096,295936
32,28,5120,295936
32,21,15360,295936
32,41,15360,295936
32,67,16384,295936
32,22,17408,295936
32,65,17408,295936
32,41,18432,295936
32,42,19456,295936
32,24,20480,295936
32,42,20480,295936
49,31,1024,297984
49,46,1024,297984
49,49,2048,297984
49,28,3072,297984
49,21,13312,297984
49,41,13312,297984
49,67,14336,297984
49,22,15360,297984
49,65,15360,297984
49,41,16384,297984
49,42,17408,297984
49,24,18432,297984
49,42,18432,297984
49,39,19456,297984
31,46,0,299008
31,49,1024,299008
31,28,2048,299008
31,21,12288,299008
31,41,12288,299008
31,67,13312,299008
31,22,14336,299008
31,65,14336,299008
31,41,15360,299008
31,42,16384,299008
31,24,17408,299008
31,42,17408,299008
31,39,18432,299008
31,40,18432,299008
46,49,1024,299008
46,28,2048,299008
46,21,12288,299008
46,41,12288,299008
46,67,13312,299008
46,22,14336,299008
46,65,14336,299008
46,41,15360,299008
46,42,16384,299008
46,24,17408,299008
46,42,17408,299008
46,39,18432,299008
46,40,18432,299008
46,31,19456,299008
49,28,1024,300032
49,21,11264,300032
49,41,11264,300032
49,67,12288,300032
49,22,13312,300032
49,65,13312,300032
49,41,14336,300032
49,42,15360,300032
49,24,16384,300032
49,42,16384,300032
49,39,17408,300032
49,40,17408,300032
49,31,18432,300032
28,21,10240,301056
28,41,10240,301056
28,67,11264,301056
28,22,12288,301056
28,65,12288,301056
28,41,13312,301056
28,42,14336,301056
28,24,15360,301056
28,42,15360,301056
28,39,16384,301056
28,40,16384,301056
28,31,17408,301056
28,49,20480,301056
21,41,0,311296
21,67,1024,311296
21,22,2048,311296
21,65,2048,311296
21,41,3072,311296
21,42,4096,311296
21,24,5120,311296
21,42,5120,311296
21,39,6144,311296
21,40,6144,311296
21,31,7168,311296
21,49,10240,311296
21,49,11264,311296
21,48,12288,311296
41,67,1024,311296
41,22,2048,311296
41,65,2048,311296
41,41,3072,311296
41,42,4096,311296
41,24,5120,311296
41,42,5120,311296
41,39,6144,311296
41,40,6144,311296
41,31,7168,311296
41,49,10240,311296
41,49,11264,311296
41,48,12288,311296
41,66,18432,311296
67,22,1024,312320
67,65,1024,312320
67,41,2048,312320
67,42,3072,312320
67,24,4096,312320
67,42,4096,312320
67,39,5120,312320
67,40,5120,312320
67,31,6144,312320
67,49,9216,312320
67,49,10240,312320
67,48,11264,312320
67,66,17408,312320
22,65,0,313344
22,41,1024,313344
22,42,2048,313344
22,24,3072,313344
22,42,3072,313344
22,39,4096,313344
22,40,4096,313344
22,31,5120,313344
22,49,8192,313344
22,49,9216,313344
22,48,10240,313344
22,66,16384,313344
65,41,1024,313344
65,42,2048,313344
65,24,3072,313344
65,42,3072,313344
65,39,4096,313344
65,40,4096,313344
65,31,5120,313344
65,49,8192,313344
65,49,9216,313344
65,48,10240,313344
65,66,16384,313344
41,42,1024,314368
41,24,2048,314368
41,42,2048,314368
41,39,3072,314368
41,40,3072,314368
41,31,4096,314368
41,49,7168,314368
41,49,8192,314368
41,48,9216,314368
41,66,15360,314368
41,27,20480,314368
42,24,1024,315392
42,42,1024,315392
42,39,2048,315392
42,40,2048,315392
42,31,3072,315392
42,49,6144,315392
42,49,7168,315392
42,48,8192,315392
42,66,14336,315392
42,27,19456,315392
42,21,20480,315392
42,42,20480,315392
24,42,0,316416
24,39,1024,316416
24,40,1024,316416
24,31,2048,316416
24,49,5120,316416
24,49,6144,316416
24,48,7168,316416
24,66,13312,316416
24,27,18432,316416
24,21,19456,316416
24,42,19456,316416
42,39,1024,316416
42,40,1024,316416
42,31,2048,316416
42,49,5120,316416
42,49,6144,316416
42,48,7168,316416
42,66,13312,316416
42,27,18432,316416
42,21,19456,316416
42,42,19456,316416
39,40,0,317440
39,31,1024,317440
39,49,4096,317440
39,49,5120,317440
39,48,6144,317440
39,66,12288,317440
39,27,17408,317440
39,21,18432,317440
39,42,18432,317440
40,31,1024,317440
40,49,4096,317440
40,49,5120,317440
40,48,6144,317440
40,66,12288,317440
40,27,17408,317440
40,21,18432,317440
40,42,18432,317440
31,49,3072,318464
31,49,4096,318464
31,48,5120,318464
31,66,11264,318464
31,27,16384,318464
31,21,17408,318464
31,42,17408,318464
49,49,1024,321536
49,48,2048,321536
49,66,8192,321536
49,27,13312,321536
49,21,14336,321536
49,42,14336,321536
49,48,1024,322560
49,66,7168,322560
49,27,12288,322560
49,21,13312,322560
49,42,13312,322560
48,66,6144,323584
48,27,11264,323584
48,21,12288,323584
48,42,12288,323584
66,27,5120,329728
66,21,6144,329728
66,42,6144,329728
27,21,1024,334848
27,42,1024,334848
21,42,0,335872
