456,20,1024,13312
456,456,1024,13312
456,21,2048,13312
456,41,2048,13312
456,21,4096,13312
20,456,0,14336
20,21,1024,14336
20,41,1024,14336
20,21,3072,14336
20,456,20480,14336
456,21,1024,14336
456,41,1024,14336
456,21,3072,14336
456,456,20480,14336
21,41,0,15360
21,21,2048,15360
21,456,19456,15360
21,456,20480,15360
41,21,2048,15360
41,456,19456,15360
41,456,20480,15360
21,456,17408,17408
21,456,18432,17408
21,44,19456,17408
456,456,1024,34816
456,44,2048,34816
456,24,20480,34816
456,44,1024,35840
456,24,19456,35840
456,24,20480,35840
456,49,20480,35840
44,24,18432,36864
44,24,19456,36864
44,49,19456,36864
44,24,20480,36864
24,24,1024,55296
24,49,1024,55296
24,24,2048,55296
24,25,3072,55296
24,24,4096,55296
24,49,4096,55296
24,24,6144,55296
24,48,6144,55296
24,24,8192,55296
24,24,9216,55296
24,24,10240,55296
24,24,11264,55296
24,24,12288,55296
24,49,14336,55296
24,49,0,56320
24,24,1024,56320
24,25,2048,56320
24,24,3072,56320
24,49,3072,56320
24,24,5120,56320
24,48,5120,56320
24,24,7168,56320
24,24,8192,56320
24,24,9216,56320
24,24,10240,56320
24,24,11264,56320
24,49,13312,56320
24,24,15360,56320
49,24,1024,56320
49,25,2048,56320
49,24,3072,56320
49,49,3072,56320
49,24,5120,56320
49,48,5120,56320
49,24,7168,56320
49,24,8192,56320
49,24,9216,56320
49,24,10240,56320
49,24,11264,56320
49,49,13312,56320
49,24,15360,56320
49,24,16384,56320
24,25,1024,57344
24,24,2048,57344
24,49,2048,57344
24,24,4096,57344
24,48,4096,57344
24,24,6144,57344
24,24,7168,57344
24,24,8192,57344
24,24,9216,57344
24,24,10240,57344
24,49,12288,57344
24,24,14336,57344
24,24,15360,57344
24,24,16384,57344
25,24,1024,58368
25,49,1024,58368
25,24,3072,58368
25,48,3072,58368
25,24,5120,58368
25,24,6144,58368
25,24,7168,58368
25,24,8192,58368
25,24,9216,58368
25,49,11264,58368
25,24,13312,58368
25,24,14336,58368
25,24,15360,58368
25,24,16384,58368
24,49,0,59392
24,24,2048,59392
24,48,2048,59392
24,24,4096,59392
24,24,5120,59392
24,24,6144,59392
24,24,7168,59392
24,24,8192,59392
24,49,10240,59392
24,24,12288,59392
24,24,13312,59392
24,24,14336,59392
24,24,15360,59392
24,25,17408,59392
49,24,2048,59392
49,48,2048,59392
49,24,4096,59392
49,24,5120,59392
49,24,6144,59392
49,24,7168,59392
49,24,8192,59392
49,49,10240,59392
49,24,12288,59392
49,24,13312,59392
49,24,14336,59392
49,24,15360,59392
49,25,17408,59392
49,49,17408,59392
24,48,0,61440
24,24,2048,61440
24,24,3072,61440
24,24,4096,61440
24,24,5120,61440
24,24,6144,61440
24,49,8192,61440
24,24,10240,61440
24,24,11264,61440
24,24,12288,61440
24,24,13312,61440
24,25,15360,61440
24,49,15360,61440
24,24,16384,61440
48,24,2048,61440
48,24,3072,61440
48,24,4096,61440
48,24,5120,61440
48,24,6144,61440
48,49,8192,61440
48,24,10240,61440
48,24,11264,61440
48,24,12288,61440
48,24,13312,61440
48,25,15360,61440
48,49,15360,61440
48,24,16384,61440
48,24,17408,61440
24,24,1024,63488
24,24,2048,63488
24,24,3072,63488
24,24,4096,63488
24,49,6144,63488
24,24,8192,63488
24,24,9216,63488
24,24,10240,63488
24,24,11264,63488
24,25,13312,63488
24,49,13312,63488
24,24,14336,63488
24,24,15360,63488
24,24,1024,64512
24,24,2048,64512
24,24,3072,64512
24,49,5120,64512
24,24,7168,64512
24,24,8192,64512
24,24,9216,64512
24,24,10240,64512
24,25,12288,64512
24,49,12288,64512
24,24,13312,64512
24,24,14336,64512
24,24,1024,65536
24,24,2048,65536
24,49,4096,65536
24,24,6144,65536
24,24,7168,65536
24,24,8192,65536
24,24,9216,65536
24,25,11264,65536
24,49,11264,65536
24,24,12288,65536
24,24,13312,65536
24,24,1024,66560
24,49,3072,66560
24,24,5120,66560
24,24,6144,66560
24,24,7168,66560
24,24,8192,66560
24,25,10240,66560
24,49,10240,66560
24,24,11264,66560
24,24,12288,66560
24,448,20480,66560
24,49,2048,67584
24,24,4096,67584
24,24,5120,67584
24,24,6144,67584
24,24,7168,67584
24,25,9216,67584
24,49,9216,67584
24,24,10240,67584
24,24,11264,67584
24,448,19456,67584
49,24,2048,69632
49,24,3072,69632
49,24,4096,69632
49,24,5120,69632
49,25,7168,69632
49,49,7168,69632
49,24,8192,69632
49,24,9216,69632
49,448,17408,69632
24,24,1024,71680
24,24,2048,71680
24,24,3072,71680
24,25,5120,71680
24,49,5120,71680
24,24,6144,71680
24,24,7168,71680
24,448,15360,71680
24,46,19456,71680
24,24,1024,72704
24,24,2048,72704
24,25,4096,72704
24,49,4096,72704
24,24,5120,72704
24,24,6144,72704
24,448,14336,72704
24,46,18432,72704
24,459,20480,72704
24,24,1024,73728
24,25,3072,73728
24,49,3072,73728
24,24,4096,73728
24,24,5120,73728
24,448,13312,73728
24,46,17408,73728
24,459,19456,73728
24,25,2048,74752
24,49,2048,74752
24,24,3072,74752
24,24,4096,74752
24,448,12288,74752
24,46,16384,74752
24,459,18432,74752
25,49,0,76800
25,24,1024,76800
25,24,2048,76800
25,448,10240,76800
25,46,14336,76800
25,459,16384,76800
25,24,19456,76800
25,400,20480,76800
49,24,1024,76800
49,24,2048,76800
49,448,10240,76800
49,46,14336,76800
49,459,16384,76800
49,24,19456,76800
49,400,20480,76800
24,24,1024,77824
24,448,9216,77824
24,46,13312,77824
24,459,15360,77824
24,24,18432,77824
24,400,19456,77824
24,448,8192,78848
24,46,12288,78848
24,459,14336,78848
24,24,17408,78848
24,400,18432,78848
24,43,20480,78848
448,46,4096,87040
448,459,6144,87040
448,24,9216,87040
448,400,10240,87040
448,43,12288,87040
46,459,2048,91136
46,24,5120,91136
46,400,6144,91136
46,43,8192,91136
46,18,19456,91136
459,24,3072,93184
459,400,4096,93184
459,43,6144,93184
459,18,17408,93184
459,21,20480,93184
24,400,1024,96256
24,43,3072,96256
24,18,14336,96256
24,21,17408,96256
24,21,18432,96256
24,22,19456,96256
24,21,20480,96256
400,43,2048,97280
400,18,13312,97280
400,21,16384,97280
400,21,17408,97280
400,22,18432,97280
400,21,19456,97280
43,18,11264,99328
43,21,14336,99328
43,21,15360,99328
43,22,16384,99328
43,21,17408,99328
18,21,3072,110592
18,21,4096,110592
18,22,5120,110592
18,21,6144,110592
18,22,15360,110592
18,21,16384,110592
21,21,1024,113664
21,22,2048,113664
21,21,3072,113664
21,22,12288,113664
21,21,13312,113664
21,46,20480,113664
21,22,1024,114688
21,21,2048,114688
21,22,11264,114688
21,21,12288,114688
21,46,19456,114688
21,24,20480,114688
21,46,20480,114688
22,21,1024,115712
22,22,10240,115712
22,21,11264,115712
22,46,18432,115712
22,24,19456,115712
22,46,19456,115712
22,22,20480,115712
21,22,9216,116736
21,21,10240,116736
21,46,17408,116736
21,24,18432,116736
21,46,18432,116736
21,22,19456,116736
21,22,20480,116736
22,21,1024,125952
22,46,8192,125952
22,24,9216,125952
22,46,9216,125952
22,22,10240,125952
22,22,11264,125952
22,67,13312,125952
22,30,15360,125952
22,31,16384,125952
21,46,7168,126976
21,24,8192,126976
21,46,8192,126976
21,22,9216,126976
21,22,10240,126976
21,67,12288,126976
21,30,14336,126976
21,31,15360,126976
21,60,20480,126976
46,24,1024,134144
46,46,1024,134144
46,22,2048,134144
46,22,3072,134144
46,67,5120,134144
46,30,7168,134144
46,31,8192,134144
46,60,13312,134144
24,46,0,135168
24,22,1024,135168
24,22,2048,135168
24,67,4096,135168
24,30,6144,135168
24,31,7168,135168
24,60,12288,135168
24,21,20480,135168
46,22,1024,135168
46,22,2048,135168
46,67,4096,135168
46,30,6144,135168
46,31,7168,135168
46,60,12288,135168
46,21,20480,135168
22,22,1024,136192
22,67,3072,136192
22,30,5120,136192
22,31,6144,136192
22,60,11264,136192
22,21,19456,136192
22,21,20480,136192
22,67,2048,137216
22,30,4096,137216
22,31,5120,137216
22,60,10240,137216
22,21,18432,137216
22,21,19456,137216
22,21,20480,137216
22,43,20480,137216
67,30,2048,139264
67,31,3072,139264
67,60,8192,139264
67,21,16384,139264
67,21,17408,139264
67,21,18432,139264
67,43,18432,139264
67,20,19456,139264
30,31,1024,141312
30,60,6144,141312
30,21,14336,141312
30,21,15360,141312
30,21,16384,141312
30,43,16384,141312
30,20,17408,141312
31,60,5120,142336
31,21,13312,142336
31,21,14336,142336
31,21,15360,142336
31,43,15360,142336
31,20,16384,142336
31,18,20480,142336
60,21,8192,147456
60,21,9216,147456
60,21,10240,147456
60,43,10240,147456
60,20,11264,147456
60,18,15360,147456
60,21,18432,147456
60,21,19456,147456
60,22,20480,147456
21,21,1024,155648
21,21,2048,155648
21,43,2048,155648
21,20,3072,155648
21,18,7168,155648
21,21,10240,155648
21,21,11264,155648
21,22,12288,155648
21,21,13312,155648
21,41,15360,155648
21,18,17408,155648
21,41,18432,155648
21,21,1024,156672
21,43,1024,156672
21,20,2048,156672
21,18,6144,156672
21,21,9216,156672
21,21,10240,156672
21,22,11264,156672
21,21,12288,156672
21,41,14336,156672
21,18,16384,156672
21,41,17408,156672
21,43,0,157696
21,20,1024,157696
21,18,5120,157696
21,21,8192,157696
21,21,9216,157696
21,22,10240,157696
21,21,11264,157696
21,41,13312,157696
21,18,15360,157696
21,41,16384,157696
21,22,20480,157696
21,41,20480,157696
21,405,20480,157696
43,20,1024,157696
43,18,5120,157696
43,21,8192,157696
43,21,9216,157696
43,22,10240,157696
43,21,11264,157696
43,41,13312,157696
43,18,15360,157696
43,41,16384,157696
43,22,20480,157696
43,41,20480,157696
43,405,20480,157696
20,18,4096,158720
20,21,7168,158720
20,21,8192,158720
20,22,9216,158720
20,21,10240,158720
20,41,12288,158720
20,18,14336,158720
20,41,15360,158720
20,22,19456,158720
20,41,19456,158720
20,405,19456,158720
18,21,3072,162816
18,21,4096,162816
18,22,5120,162816
18,21,6144,162816
18,41,8192,162816
18,18,10240,162816
18,41,11264,162816
18,22,15360,162816
18,41,15360,162816
18,405,15360,162816
18,24,17408,162816
18,43,18432,162816
18,455,18432,162816
18,456,19456,162816
21,21,1024,165888
21,22,2048,165888
21,21,3072,165888
21,41,5120,165888
21,18,7168,165888
21,41,8192,165888
21,22,12288,165888
21,41,12288,165888
21,405,12288,165888
21,24,14336,165888
21,43,15360,165888
21,455,15360,165888
21,456,16384,165888
21,43,17408,165888
21,22,1024,166912
21,21,2048,166912
21,41,4096,166912
21,18,6144,166912
21,41,7168,166912
21,22,11264,166912
21,41,11264,166912
21,405,11264,166912
21,24,13312,166912
21,43,14336,166912
21,455,14336,166912
21,456,15360,166912
21,43,16384,166912
22,21,1024,167936
22,41,3072,167936
22,18,5120,167936
22,41,6144,167936
22,22,10240,167936
22,41,10240,167936
22,405,10240,167936
22,24,12288,167936
22,43,13312,167936
22,455,13312,167936
22,456,14336,167936
22,43,15360,167936
22,22,20480,167936
21,41,2048,168960
21,18,4096,168960
21,41,5120,168960
21,22,9216,168960
21,41,9216,168960
21,405,9216,168960
21,24,11264,168960
21,43,12288,168960
21,455,12288,168960
21,456,13312,168960
21,43,14336,168960
21,22,19456,168960
21,22,20480,168960
41,18,2048,171008
41,41,3072,171008
41,22,7168,171008
41,41,7168,171008
41,405,7168,171008
41,24,9216,171008
41,43,10240,171008
41,455,10240,171008
41,456,11264,171008
41,43,12288,171008
41,22,17408,171008
41,22,18432,171008
41,21,19456,171008
18,41,1024,173056
18,22,5120,173056
18,41,5120,173056
18,405,5120,173056
18,24,7168,173056
18,43,8192,173056
18,455,8192,173056
18,456,9216,173056
18,43,10240,173056
18,22,15360,173056
18,22,16384,173056
18,21,17408,173056
41,22,4096,174080
41,41,4096,174080
41,405,4096,174080
41,24,6144,174080
41,43,7168,174080
41,455,7168,174080
41,456,8192,174080
41,43,9216,174080
41,22,14336,174080
41,22,15360,174080
41,21,16384,174080
22,41,0,178176
22,405,0,178176
22,24,2048,178176
22,43,3072,178176
22,455,3072,178176
22,456,4096,178176
22,43,5120,178176
22,22,10240,178176
22,22,11264,178176
22,21,12288,178176
41,405,0,178176
41,24,2048,178176
41,43,3072,178176
41,455,3072,178176
41,456,4096,178176
41,43,5120,178176
41,22,10240,178176
41,22,11264,178176
41,21,12288,178176
405,24,2048,178176
405,43,3072,178176
405,455,3072,178176
405,456,4096,178176
405,43,5120,178176
405,22,10240,178176
405,22,11264,178176
405,21,12288,178176
24,43,1024,180224
24,455,1024,180224
24,456,2048,180224
24,43,3072,180224
24,22,8192,180224
24,22,9216,180224
24,21,10240,180224
24,22,19456,180224
24,20,20480,180224
43,455,0,181248
43,456,1024,181248
43,43,2048,181248
43,22,7168,181248
43,22,8192,181248
43,21,9216,181248
43,22,18432,181248
43,20,19456,181248
455,456,1024,181248
455,43,2048,181248
455,22,7168,181248
455,22,8192,181248
455,21,9216,181248
455,22,18432,181248
455,20,19456,181248
456,43,1024,182272
456,22,6144,182272
456,22,7168,182272
456,21,8192,182272
456,22,17408,182272
456,20,18432,182272
456,29,20480,182272
43,22,5120,183296
43,22,6144,183296
43,21,7168,183296
43,22,16384,183296
43,20,17408,183296
43,29,19456,183296
22,22,1024,188416
22,21,2048,188416
22,22,11264,188416
22,20,12288,188416
22,29,14336,188416
22,18,16384,188416
22,21,19456,188416
22,21,20480,188416
22,21,1024,189440
22,22,10240,189440
22,20,11264,189440
22,29,13312,189440
22,18,15360,189440
22,21,18432,189440
22,21,19456,189440
22,22,20480,189440
21,22,9216,190464
21,20,10240,190464
21,29,12288,190464
21,18,14336,190464
21,21,17408,190464
21,21,18432,190464
21,22,19456,190464
22,20,1024,199680
22,29,3072,199680
22,18,5120,199680
22,21,8192,199680
22,21,9216,199680
22,22,10240,199680
22,24,15360,199680
22,43,16384,199680
22,456,16384,199680
22,48,18432,199680
22,28,20480,199680
22,43,20480,199680
20,29,2048,200704
20,18,4096,200704
20,21,7168,200704
20,21,8192,200704
20,22,9216,200704
20,24,14336,200704
20,43,15360,200704
20,456,15360,200704
20,48,17408,200704
20,28,19456,200704
20,43,19456,200704
20,43,20480,200704
29,18,2048,202752
29,21,5120,202752
29,21,6144,202752
29,22,7168,202752
29,24,12288,202752
29,43,13312,202752
29,456,13312,202752
29,48,15360,202752
29,28,17408,202752
29,43,17408,202752
29,43,18432,202752
29,67,20480,202752
18,21,3072,204800
18,21,4096,204800
18,22,5120,204800
18,24,10240,204800
18,43,11264,204800
18,456,11264,204800
18,48,13312,204800
18,28,15360,204800
18,43,15360,204800
18,43,16384,204800
18,67,18432,204800
21,21,1024,207872
21,22,2048,207872
21,24,7168,207872
21,43,8192,207872
21,456,8192,207872
21,48,10240,207872
21,28,12288,207872
21,43,12288,207872
21,43,13312,207872
21,67,15360,207872
21,22,1024,208896
21,24,6144,208896
21,43,7168,208896
21,456,7168,208896
21,48,9216,208896
21,28,11264,208896
21,43,11264,208896
21,43,12288,208896
21,67,14336,208896
22,24,5120,209920
22,43,6144,209920
22,456,6144,209920
22,48,8192,209920
22,28,10240,209920
22,43,10240,209920
22,43,11264,209920
22,67,13312,209920
22,21,20480,209920
24,43,1024,215040
24,456,1024,215040
24,48,3072,215040
24,28,5120,215040
24,43,5120,215040
24,43,6144,215040
24,67,8192,215040
24,21,15360,215040
24,62,16384,215040
43,456,0,216064
43,48,2048,216064
43,28,4096,216064
43,43,4096,216064
43,43,5120,216064
43,67,7168,216064
43,21,14336,216064
43,62,15360,216064
43,24,20480,216064
456,48,2048,216064
456,28,4096,216064
456,43,4096,216064
456,43,5120,216064
456,67,7168,216064
456,21,14336,216064
456,62,15360,216064
456,24,20480,216064
48,28,2048,218112
48,43,2048,218112
48,43,3072,218112
48,67,5120,218112
48,21,12288,218112
48,62,13312,218112
48,24,18432,218112
28,43,0,220160
28,43,1024,220160
28,67,3072,220160
28,21,10240,220160
28,62,11264,220160
28,24,16384,220160
43,43,1024,220160
43,67,3072,220160
43,21,10240,220160
43,62,11264,220160
43,24,16384,220160
43,67,2048,221184
43,21,9216,221184
43,62,10240,221184
43,24,15360,221184
43,22,20480,221184
67,21,7168,223232
67,62,8192,223232
67,24,13312,223232
67,22,18432,223232
21,62,1024,230400
21,24,6144,230400
21,22,11264,230400
21,18,16384,230400
62,24,5120,231424
62,22,10240,231424
62,18,15360,231424
62,22,20480,231424
24,22,5120,236544
24,18,10240,236544
24,22,15360,236544
24,24,20480,236544
22,18,5120,241664
22,22,10240,241664
22,24,15360,241664
22,21,19456,241664
18,22,5120,246784
18,24,10240,246784
18,21,14336,246784
18,49,20480,246784
22,24,5120,251904
22,21,9216,251904
22,49,15360,251904
22,49,20480,251904
24,21,4096,257024
24,49,10240,257024
24,49,15360,257024
24,21,16384,257024
24,49,20480,257024
21,49,6144,261120
21,49,11264,261120
21,21,12288,261120
21,49,16384,261120
49,49,5120,267264
49,21,6144,267264
49,49,10240,267264
49,20,17408,267264
49,28,19456,267264
49,49,20480,267264
49,21,1024,272384
49,49,5120,272384
49,20,12288,272384
49,28,14336,272384
49,49,15360,272384
49,21,20480,272384
21,49,4096,273408
21,20,11264,273408
21,28,13312,273408
21,49,14336,273408
21,21,19456,273408
49,20,7168,277504
49,28,9216,277504
49,49,10240,277504
49,21,15360,277504
49,21,17408,277504
20,28,2048,284672
20,49,3072,284672
20,21,8192,284672
20,21,10240,284672
20,49,14336,284672
20,47,17408,284672
20,22,19456,284672
28,49,1024,286720
28,21,6144,286720
28,21,8192,286720
28,49,12288,286720
28,47,15360,286720
28,22,17408,286720
49,21,5120,287744
49,21,7168,287744
49,49,11264,287744
49,47,14336,287744
49,22,16384,287744
21,21,2048,292864
21,49,6144,292864
21,47,9216,292864
21,22,11264,292864
21,21,20480,292864
21,49,4096,294912
21,47,7168,294912
21,22,9216,294912
21,21,18432,294912
49,47,3072,299008
49,22,5120,299008
49,21,14336,299008
47,22,2048,302080
47,21,11264,302080
22,21,9216,304128
22,21,19456,304128
22,22,20480,304128
22,44,20480,304128
21,21,10240,313344
21,22,11264,313344
21,44,11264,313344
21,21,12288,313344
21,21,13312,313344
21,23,17408,313344
21,22,1024,323584
21,44,1024,323584
21,21,2048,323584
21,21,3072,323584
21,23,7168,323584
21,22,11264,323584
21,21,12288,323584
21,21,13312,323584
21,24,17408,323584
21,41,18432,323584
22,44,0,324608
22,21,1024,324608
22,21,2048,324608
22,23,6144,324608
22,22,10240,324608
22,21,11264,324608
22,21,12288,324608
22,24,16384,324608
22,41,17408,324608
44,21,1024,324608
44,21,2048,324608
44,23,6144,324608
44,22,10240,324608
44,21,11264,324608
44,21,12288,324608
44,24,16384,324608
44,41,17408,324608
21,21,1024,325632
21,23,5120,325632
21,22,9216,325632
21,21,10240,325632
21,21,11264,325632
21,24,15360,325632
21,41,16384,325632
21,23,4096,326656
21,22,8192,326656
21,21,9216,326656
21,21,10240,326656
21,24,14336,326656
21,41,15360,326656
23,22,4096,330752
23,21,5120,330752
23,21,6144,330752
23,24,10240,330752
23,41,11264,330752
22,21,1024,334848
22,21,2048,334848
22,24,6144,334848
22,41,7168,334848
21,21,1024,335872
21,24,5120,335872
21,41,6144,335872
21,24,4096,336896
21,41,5120,336896
24,41,1024,340992
