37,46,0,13312
37,37,1024,13312
37,46,1024,13312
37,37,2048,13312
37,48,2048,13312
37,37,3072,13312
37,62,4096,13312
37,61,5120,13312
37,46,6144,13312
37,37,10240,13312
37,62,10240,13312
37,37,11264,13312
37,62,11264,13312
37,20,12288,13312
46,37,1024,13312
46,46,1024,13312
46,37,2048,13312
46,48,2048,13312
46,37,3072,13312
46,62,4096,13312
46,61,5120,13312
46,46,6144,13312
46,37,10240,13312
46,62,10240,13312
46,37,11264,13312
46,62,11264,13312
46,20,12288,13312
46,46,12288,13312
37,46,0,14336
37,37,1024,14336
37,48,1024,14336
37,37,2048,14336
37,62,3072,14336
37,61,4096,14336
37,46,5120,14336
37,37,9216,14336
37,62,9216,14336
37,37,10240,14336
37,62,10240,14336
37,20,11264,14336
37,46,11264,14336
37,20,12288,14336
46,37,1024,14336
46,48,1024,14336
46,37,2048,14336
46,62,3072,14336
46,61,4096,14336
46,46,5120,14336
46,37,9216,14336
46,62,9216,14336
46,37,10240,14336
46,62,10240,14336
46,20,11264,14336
46,46,11264,14336
46,20,12288,14336
46,62,12288,14336
37,48,0,15360
37,37,1024,15360
37,62,2048,15360
37,61,3072,15360
37,46,4096,15360
37,37,8192,15360
37,62,8192,15360
37,37,9216,15360
37,62,9216,15360
37,20,10240,15360
37,46,10240,15360
37,20,11264,15360
37,62,11264,15360
37,20,12288,15360
48,37,1024,15360
48,62,2048,15360
48,61,3072,15360
48,46,4096,15360
48,37,8192,15360
48,62,8192,15360
48,37,9216,15360
48,62,9216,15360
48,20,10240,15360
48,46,10240,15360
48,20,11264,15360
48,62,11264,15360
48,20,12288,15360
48,47,12288,15360
37,62,1024,16384
37,61,2048,16384
37,46,3072,16384
37,37,7168,16384
37,62,7168,16384
37,37,8192,16384
37,62,8192,16384
37,20,9216,16384
37,46,9216,16384
37,20,10240,16384
37,62,10240,16384
37,20,11264,16384
37,47,11264,16384
37,37,12288,16384
62,61,1024,17408
62,46,2048,17408
62,37,6144,17408
62,62,6144,17408
62,37,7168,17408
62,62,7168,17408
62,20,8192,17408
62,46,8192,17408
62,20,9216,17408
62,62,9216,17408
62,20,10240,17408
62,47,10240,17408
62,37,11264,17408
62,46,11264,17408
61,46,1024,18432
61,37,5120,18432
61,62,5120,18432
61,37,6144,18432
61,62,6144,18432
61,20,7168,18432
61,46,7168,18432
61,20,8192,18432
61,62,8192,18432
61,20,9216,18432
61,47,9216,18432
61,37,10240,18432
61,46,10240,18432
61,46,11264,18432
46,37,4096,19456
46,62,4096,19456
46,37,5120,19456
46,62,5120,19456
46,20,6144,19456
46,46,6144,19456
46,20,7168,19456
46,62,7168,19456
46,20,8192,19456
46,47,8192,19456
46,37,9216,19456
46,46,9216,19456
46,46,10240,19456
46,21,11264,19456
37,62,0,23552
37,37,1024,23552
37,62,1024,23552
37,20,2048,23552
37,46,2048,23552
37,20,3072,23552
37,62,3072,23552
37,20,4096,23552
37,47,4096,23552
37,37,5120,23552
37,46,5120,23552
37,46,6144,23552
37,21,7168,23552
37,37,8192,23552
62,37,1024,23552
62,62,1024,23552
62,20,2048,23552
62,46,2048,23552
62,20,3072,23552
62,62,3072,23552
62,20,4096,23552
62,47,4096,23552
62,37,5120,23552
62,46,5120,23552
62,46,6144,23552
62,21,7168,23552
62,37,8192,23552
62,37,9216,23552
37,62,0,24576
37,20,1024,24576
37,46,1024,24576
37,20,2048,24576
37,62,2048,24576
37,20,3072,24576
37,47,3072,24576
37,37,4096,24576
37,46,4096,24576
37,46,5120,24576
37,21,6144,24576
37,37,7168,24576
37,37,8192,24576
37,55,10240,24576
62,20,1024,24576
62,46,1024,24576
62,20,2048,24576
62,62,2048,24576
62,20,3072,24576
62,47,3072,24576
62,37,4096,24576
62,46,4096,24576
62,46,5120,24576
62,21,6144,24576
62,37,7168,24576
62,37,8192,24576
62,55,10240,24576
62,82,10240,24576
20,46,0,25600
20,20,1024,25600
20,62,1024,25600
20,20,2048,25600
20,47,2048,25600
20,37,3072,25600
20,46,3072,25600
20,46,4096,25600
20,21,5120,25600
20,37,6144,25600
20,37,7168,25600
20,55,9216,25600
20,82,9216,25600
20,55,10240,25600
46,20,1024,25600
46,62,1024,25600
46,20,2048,25600
46,47,2048,25600
46,37,3072,25600
46,46,3072,25600
46,46,4096,25600
46,21,5120,25600
46,37,6144,25600
46,37,7168,25600
46,55,9216,25600
46,82,9216,25600
46,55,10240,25600
46,82,10240,25600
20,62,0,26624
20,20,1024,26624
20,47,1024,26624
20,37,2048,26624
20,46,2048,26624
20,46,3072,26624
20,21,4096,26624
20,37,5120,26624
20,37,6144,26624
20,55,8192,26624
20,82,8192,26624
20,55,9216,26624
20,82,9216,26624
20,62,12288,26624
62,20,1024,26624
62,47,1024,26624
62,37,2048,26624
62,46,2048,26624
62,46,3072,26624
62,21,4096,26624
62,37,5120,26624
62,37,6144,26624
62,55,8192,26624
62,82,8192,26624
62,55,9216,26624
62,82,9216,26624
62,62,12288,26624
62,37,14336,26624
20,47,0,27648
20,37,1024,27648
20,46,1024,27648
20,46,2048,27648
20,21,3072,27648
20,37,4096,27648
20,37,5120,27648
20,55,7168,27648
20,82,7168,27648
20,55,8192,27648
20,82,8192,27648
20,62,11264,27648
20,37,13312,27648
20,48,13312,27648
47,37,1024,27648
47,46,1024,27648
47,46,2048,27648
47,21,3072,27648
47,37,4096,27648
47,37,5120,27648
47,55,7168,27648
47,82,7168,27648
47,55,8192,27648
47,82,8192,27648
47,62,11264,27648
47,37,13312,27648
47,48,13312,27648
47,55,15360,27648
37,46,0,28672
37,46,1024,28672
37,21,2048,28672
37,37,3072,28672
37,37,4096,28672
37,55,6144,28672
37,82,6144,28672
37,55,7168,28672
37,82,7168,28672
37,62,10240,28672
37,37,12288,28672
37,48,12288,28672
37,55,14336,28672
37,55,15360,28672
46,46,1024,28672
46,21,2048,28672
46,37,3072,28672
46,37,4096,28672
46,55,6144,28672
46,82,6144,28672
46,55,7168,28672
46,82,7168,28672
46,62,10240,28672
46,37,12288,28672
46,48,12288,28672
46,55,14336,28672
46,55,15360,28672
46,37,17408,28672
46,21,1024,29696
46,37,2048,29696
46,37,3072,29696
46,55,5120,29696
46,82,5120,29696
46,55,6144,29696
46,82,6144,29696
46,62,9216,29696
46,37,11264,29696
46,48,11264,29696
46,55,13312,29696
46,55,14336,29696
46,37,16384,29696
46,47,16384,29696
21,37,1024,30720
21,37,2048,30720
21,55,4096,30720
21,82,4096,30720
21,55,5120,30720
21,82,5120,30720
21,62,8192,30720
21,37,10240,30720
21,48,10240,30720
21,55,12288,30720
21,55,13312,30720
21,37,15360,30720
21,47,15360,30720
21,62,16384,30720
37,37,1024,31744
37,55,3072,31744
37,82,3072,31744
37,55,4096,31744
37,82,4096,31744
37,62,7168,31744
37,37,9216,31744
37,48,9216,31744
37,55,11264,31744
37,55,12288,31744
37,37,14336,31744
37,47,14336,31744
37,62,15360,31744
37,45,16384,31744
37,55,2048,32768
37,82,2048,32768
37,55,3072,32768
37,82,3072,32768
37,62,6144,32768
37,37,8192,32768
37,48,8192,32768
37,55,10240,32768
37,55,11264,32768
37,37,13312,32768
37,47,13312,32768
37,62,14336,32768
37,45,15360,32768
37,62,16384,32768
55,82,0,34816
55,55,1024,34816
55,82,1024,34816
55,62,4096,34816
55,37,6144,34816
55,48,6144,34816
55,55,8192,34816
55,55,9216,34816
55,37,11264,34816
55,47,11264,34816
55,62,12288,34816
55,45,13312,34816
55,62,14336,34816
55,46,15360,34816
82,55,1024,34816
82,82,1024,34816
82,62,4096,34816
82,37,6144,34816
82,48,6144,34816
82,55,8192,34816
82,55,9216,34816
82,37,11264,34816
82,47,11264,34816
82,62,12288,34816
82,45,13312,34816
82,62,14336,34816
82,46,15360,34816
82,46,16384,34816
55,82,0,35840
55,62,3072,35840
55,37,5120,35840
55,48,5120,35840
55,55,7168,35840
55,55,8192,35840
55,37,10240,35840
55,47,10240,35840
55,62,11264,35840
55,45,12288,35840
55,62,13312,35840
55,46,14336,35840
55,46,15360,35840
55,37,17408,35840
82,62,3072,35840
82,37,5120,35840
82,48,5120,35840
82,55,7168,35840
82,55,8192,35840
82,37,10240,35840
82,47,10240,35840
82,62,11264,35840
82,45,12288,35840
82,62,13312,35840
82,46,14336,35840
82,46,15360,35840
82,37,17408,35840
82,62,17408,35840
62,37,2048,38912
62,48,2048,38912
62,55,4096,38912
62,55,5120,38912
62,37,7168,38912
62,47,7168,38912
62,62,8192,38912
62,45,9216,38912
62,62,10240,38912
62,46,11264,38912
62,46,12288,38912
62,37,14336,38912
62,62,14336,38912
62,62,15360,38912
37,48,0,40960
37,55,2048,40960
37,55,3072,40960
37,37,5120,40960
37,47,5120,40960
37,62,6144,40960
37,45,7168,40960
37,62,8192,40960
37,46,9216,40960
37,46,10240,40960
37,37,12288,40960
37,62,12288,40960
37,62,13312,40960
37,61,14336,40960
48,55,2048,40960
48,55,3072,40960
48,37,5120,40960
48,47,5120,40960
48,62,6144,40960
48,45,7168,40960
48,62,8192,40960
48,46,9216,40960
48,46,10240,40960
48,37,12288,40960
48,62,12288,40960
48,62,13312,40960
48,61,14336,40960
48,61,15360,40960
55,55,1024,43008
55,37,3072,43008
55,47,3072,43008
55,62,4096,43008
55,45,5120,43008
55,62,6144,43008
55,46,7168,43008
55,46,8192,43008
55,37,10240,43008
55,62,10240,43008
55,62,11264,43008
55,61,12288,43008
55,61,13312,43008
55,73,14336,43008
55,37,2048,44032
55,47,2048,44032
55,62,3072,44032
55,45,4096,44032
55,62,5120,44032
55,46,6144,44032
55,46,7168,44032
55,37,9216,44032
55,62,9216,44032
55,62,10240,44032
55,61,11264,44032
55,61,12288,44032
55,73,13312,44032
55,73,14336,44032
37,47,0,46080
37,62,1024,46080
37,45,2048,46080
37,62,3072,46080
37,46,4096,46080
37,46,5120,46080
37,37,7168,46080
37,62,7168,46080
37,62,8192,46080
37,61,9216,46080
37,61,10240,46080
37,73,11264,46080
37,73,12288,46080
37,62,14336,46080
47,62,1024,46080
47,45,2048,46080
47,62,3072,46080
47,46,4096,46080
47,46,5120,46080
47,37,7168,46080
47,62,7168,46080
47,62,8192,46080
47,61,9216,46080
47,61,10240,46080
47,73,11264,46080
47,73,12288,46080
47,62,14336,46080
47,37,16384,46080
62,45,1024,47104
62,62,2048,47104
62,46,3072,47104
62,46,4096,47104
62,37,6144,47104
62,62,6144,47104
62,62,7168,47104
62,61,8192,47104
62,61,9216,47104
62,73,10240,47104
62,73,11264,47104
62,62,13312,47104
62,37,15360,47104
62,48,15360,47104
45,62,1024,48128
45,46,2048,48128
45,46,3072,48128
45,37,5120,48128
45,62,5120,48128
45,62,6144,48128
45,61,7168,48128
45,61,8192,48128
45,73,9216,48128
45,73,10240,48128
45,62,12288,48128
45,37,14336,48128
45,48,14336,48128
45,37,20480,48128
62,46,1024,49152
62,46,2048,49152
62,37,4096,49152
62,62,4096,49152
62,62,5120,49152
62,61,6144,49152
62,61,7168,49152
62,73,8192,49152
62,73,9216,49152
62,62,11264,49152
62,37,13312,49152
62,48,13312,49152
62,37,19456,49152
62,62,19456,49152
46,46,1024,50176
46,37,3072,50176
46,62,3072,50176
46,62,4096,50176
46,61,5120,50176
46,61,6144,50176
46,73,7168,50176
46,73,8192,50176
46,62,10240,50176
46,37,12288,50176
46,48,12288,50176
46,37,18432,50176
46,62,18432,50176
46,20,19456,50176
46,37,2048,51200
46,62,2048,51200
46,62,3072,51200
46,61,4096,51200
46,61,5120,51200
46,73,6144,51200
46,73,7168,51200
46,62,9216,51200
46,37,11264,51200
46,48,11264,51200
46,37,17408,51200
46,62,17408,51200
46,20,18432,51200
46,21,19456,51200
37,62,0,53248
37,62,1024,53248
37,61,2048,53248
37,61,3072,53248
37,73,4096,53248
37,73,5120,53248
37,62,7168,53248
37,37,9216,53248
37,48,9216,53248
37,37,15360,53248
37,62,15360,53248
37,20,16384,53248
37,21,17408,53248
37,46,17408,53248
62,62,1024,53248
62,61,2048,53248
62,61,3072,53248
62,73,4096,53248
62,73,5120,53248
62,62,7168,53248
62,37,9216,53248
62,48,9216,53248
62,37,15360,53248
62,62,15360,53248
62,20,16384,53248
62,21,17408,53248
62,46,17408,53248
62,46,18432,53248
62,61,1024,54272
62,61,2048,54272
62,73,3072,54272
62,73,4096,54272
62,62,6144,54272
62,37,8192,54272
62,48,8192,54272
62,37,14336,54272
62,62,14336,54272
62,20,15360,54272
62,21,16384,54272
62,46,16384,54272
62,46,17408,54272
62,46,19456,54272
61,61,1024,55296
61,73,2048,55296
61,73,3072,55296
61,62,5120,55296
61,37,7168,55296
61,48,7168,55296
61,37,13312,55296
61,62,13312,55296
61,20,14336,55296
61,21,15360,55296
61,46,15360,55296
61,46,16384,55296
61,46,18432,55296
61,73,1024,56320
61,73,2048,56320
61,62,4096,56320
61,37,6144,56320
61,48,6144,56320
61,37,12288,56320
61,62,12288,56320
61,20,13312,56320
61,21,14336,56320
61,46,14336,56320
61,46,15360,56320
61,46,17408,56320
73,73,1024,57344
73,62,3072,57344
73,37,5120,57344
73,48,5120,57344
73,37,11264,57344
73,62,11264,57344
73,20,12288,57344
73,21,13312,57344
73,46,13312,57344
73,46,14336,57344
73,46,16384,57344
73,62,2048,58368
73,37,4096,58368
73,48,4096,58368
73,37,10240,58368
73,62,10240,58368
73,20,11264,58368
73,21,12288,58368
73,46,12288,58368
73,46,13312,58368
73,46,15360,58368
62,37,2048,60416
62,48,2048,60416
62,37,8192,60416
62,62,8192,60416
62,20,9216,60416
62,21,10240,60416
62,46,10240,60416
62,46,11264,60416
62,46,13312,60416
37,48,0,62464
37,37,6144,62464
37,62,6144,62464
37,20,7168,62464
37,21,8192,62464
37,46,8192,62464
37,46,9216,62464
37,46,11264,62464
48,37,6144,62464
48,62,6144,62464
48,20,7168,62464
48,21,8192,62464
48,46,8192,62464
48,46,9216,62464
48,46,11264,62464
37,62,0,68608
37,20,1024,68608
37,21,2048,68608
37,46,2048,68608
37,46,3072,68608
37,46,5120,68608
37,45,17408,68608
37,37,19456,68608
62,20,1024,68608
62,21,2048,68608
62,46,2048,68608
62,46,3072,68608
62,46,5120,68608
62,45,17408,68608
62,37,19456,68608
20,21,1024,69632
20,46,1024,69632
20,46,2048,69632
20,46,4096,69632
20,45,16384,69632
20,37,18432,69632
21,46,0,70656
21,46,1024,70656
21,46,3072,70656
21,45,15360,70656
21,37,17408,70656
46,46,1024,70656
46,46,3072,70656
46,45,15360,70656
46,37,17408,70656
46,46,2048,71680
46,45,14336,71680
46,37,16384,71680
46,45,12288,73728
46,37,14336,73728
46,37,19456,73728
46,46,19456,73728
46,36,20480,73728
45,37,2048,86016
45,37,7168,86016
45,46,7168,86016
45,36,8192,86016
45,46,9216,86016
45,20,15360,86016
45,21,16384,86016
45,21,17408,86016
37,37,5120,88064
37,46,5120,88064
37,36,6144,88064
37,46,7168,88064
37,20,13312,88064
37,21,14336,88064
37,21,15360,88064
37,21,20480,88064
37,46,0,93184
37,36,1024,93184
37,46,2048,93184
37,20,8192,93184
37,21,9216,93184
37,21,10240,93184
37,21,15360,93184
46,36,1024,93184
46,46,2048,93184
46,20,8192,93184
46,21,9216,93184
46,21,10240,93184
46,21,15360,93184
36,46,1024,94208
36,20,7168,94208
36,21,8192,94208
36,21,9216,94208
36,21,14336,94208
46,20,6144,95232
46,21,7168,95232
46,21,8192,95232
46,21,13312,95232
20,21,1024,101376
20,21,2048,101376
20,21,7168,101376
20,21,15360,101376
21,21,1024,102400
21,21,6144,102400
21,21,14336,102400
21,21,5120,103424
21,21,13312,103424
21,21,8192,108544
21,24,16384,108544
21,24,8192,116736
24,41,13312,124928
24,27,16384,124928
24,41,20480,124928
41,27,3072,138240
41,41,7168,138240
27,41,4096,141312
41,27,18432,145408
27,27,20480,163840
27,48,2048,184320
27,67,18432,184320
27,41,19456,184320
48,67,16384,186368
48,41,17408,186368
67,41,1024,202752
67,27,5120,202752
67,27,8192,202752
41,27,4096,203776
41,27,7168,203776
27,27,3072,207872
27,41,19456,207872
27,41,16384,210944
27,27,19456,210944
27,46,19456,210944
41,27,3072,227328
41,46,3072,227328
41,54,6144,227328
41,54,7168,227328
41,27,10240,227328
41,49,10240,227328
41,42,20480,227328
27,46,0,230400
27,54,3072,230400
27,54,4096,230400
27,27,7168,230400
27,49,7168,230400
27,42,17408,230400
46,54,3072,230400
46,54,4096,230400
46,27,7168,230400
46,49,7168,230400
46,42,17408,230400
54,54,1024,233472
54,27,4096,233472
54,49,4096,233472
54,42,14336,233472
54,27,18432,233472
54,27,19456,233472
54,27,3072,234496
54,49,3072,234496
54,42,13312,234496
54,27,17408,234496
54,27,18432,234496
54,28,20480,234496
27,49,0,237568
27,42,10240,237568
27,27,14336,237568
27,27,15360,237568
27,28,17408,237568
49,42,10240,237568
49,27,14336,237568
49,27,15360,237568
49,28,17408,237568
42,27,4096,247808
42,27,5120,247808
42,28,7168,247808
42,42,14336,247808
42,49,20480,247808
27,27,1024,251904
27,28,3072,251904
27,42,10240,251904
27,49,16384,251904
27,44,18432,251904
27,46,20480,251904
27,28,2048,252928
27,42,9216,252928
27,49,15360,252928
27,44,17408,252928
27,46,19456,252928
27,49,20480,252928
28,42,7168,254976
28,49,13312,254976
28,44,15360,254976
28,46,17408,254976
28,49,18432,254976
28,27,19456,254976
28,22,20480,254976
28,45,20480,254976
42,49,6144,262144
42,44,8192,262144
42,46,10240,262144
42,49,11264,262144
42,27,12288,262144
42,22,13312,262144
42,45,13312,262144
42,39,17408,262144
42,40,17408,262144
49,44,2048,268288
49,46,4096,268288
49,49,5120,268288
49,27,6144,268288
49,22,7168,268288
49,45,7168,268288
49,39,11264,268288
49,40,11264,268288
49,48,15360,268288
49,41,16384,268288
49,42,17408,268288
44,46,2048,270336
44,49,3072,270336
44,27,4096,270336
44,22,5120,270336
44,45,5120,270336
44,39,9216,270336
44,40,9216,270336
44,48,13312,270336
44,41,14336,270336
44,42,15360,270336
46,49,1024,272384
46,27,2048,272384
46,22,3072,272384
46,45,3072,272384
46,39,7168,272384
46,40,7168,272384
46,48,11264,272384
46,41,12288,272384
46,42,13312,272384
46,46,19456,272384
49,27,1024,273408
49,22,2048,273408
49,45,2048,273408
49,39,6144,273408
49,40,6144,273408
49,48,10240,273408
49,41,11264,273408
49,42,12288,273408
49,46,18432,273408
49,45,20480,273408
27,22,1024,274432
27,45,1024,274432
27,39,5120,274432
27,40,5120,274432
27,48,9216,274432
27,41,10240,274432
27,42,11264,274432
27,46,17408,274432
27,45,19456,274432
27,49,20480,274432
22,45,0,275456
22,39,4096,275456
22,40,4096,275456
22,48,8192,275456
22,41,9216,275456
22,42,10240,275456
22,46,16384,275456
22,45,18432,275456
22,49,19456,275456
22,48,20480,275456
45,39,4096,275456
45,40,4096,275456
45,48,8192,275456
45,41,9216,275456
45,42,10240,275456
45,46,16384,275456
45,45,18432,275456
45,49,19456,275456
45,48,20480,275456
39,40,0,279552
39,48,4096,279552
39,41,5120,279552
39,42,6144,279552
39,46,12288,279552
39,45,14336,279552
39,49,15360,279552
39,48,16384,279552
39,27,17408,279552
39,48,18432,279552
39,46,19456,279552
40,48,4096,279552
40,41,5120,279552
40,42,6144,279552
40,46,12288,279552
40,45,14336,279552
40,49,15360,279552
40,48,16384,279552
40,27,17408,279552
40,48,18432,279552
40,46,19456,279552
48,41,1024,283648
48,42,2048,283648
48,46,8192,283648
48,45,10240,283648
48,49,11264,283648
48,48,12288,283648
48,27,13312,283648
48,48,14336,283648
48,46,15360,283648
41,42,1024,284672
41,46,7168,284672
41,45,9216,284672
41,49,10240,284672
41,48,11264,284672
41,27,12288,284672
41,48,13312,284672
41,46,14336,284672
42,46,6144,285696
42,45,8192,285696
42,49,9216,285696
42,48,10240,285696
42,27,11264,285696
42,48,12288,285696
42,46,13312,285696
46,45,2048,291840
46,49,3072,291840
46,48,4096,291840
46,27,5120,291840
46,48,6144,291840
46,46,7168,291840
46,46,16384,291840
46,62,18432,291840
46,68,19456,291840
45,49,1024,293888
45,48,2048,293888
45,27,3072,293888
45,48,4096,293888
45,46,5120,293888
45,46,14336,293888
45,62,16384,293888
45,68,17408,293888
45,63,20480,293888
49,48,1024,294912
49,27,2048,294912
49,48,3072,294912
49,46,4096,294912
49,46,13312,294912
49,62,15360,294912
49,68,16384,294912
49,63,19456,294912
48,27,1024,295936
48,48,2048,295936
48,46,3072,295936
48,46,12288,295936
48,62,14336,295936
48,68,15360,295936
48,63,18432,295936
48,41,20480,295936
27,48,1024,296960
27,46,2048,296960
27,46,11264,296960
27,62,13312,296960
27,68,14336,296960
27,63,17408,296960
27,41,19456,296960
27,46,20480,296960
48,46,1024,297984
48,46,10240,297984
48,62,12288,297984
48,68,13312,297984
48,63,16384,297984
48,41,18432,297984
48,46,19456,297984
48,48,20480,297984
46,46,9216,299008
46,62,11264,299008
46,68,12288,299008
46,63,15360,299008
46,41,17408,299008
46,46,18432,299008
46,48,19456,299008
46,55,20480,299008
46,62,2048,308224
46,68,3072,308224
46,63,6144,308224
46,41,8192,308224
46,46,9216,308224
46,48,10240,308224
46,55,11264,308224
46,49,12288,308224
46,45,13312,308224
46,65,16384,308224
46,114,17408,308224
46,36,19456,308224
46,37,20480,308224
62,68,1024,310272
62,63,4096,310272
62,41,6144,310272
62,46,7168,310272
62,48,8192,310272
62,55,9216,310272
62,49,10240,310272
62,45,11264,310272
62,65,14336,310272
62,114,15360,310272
62,36,17408,310272
62,37,18432,310272
68,63,3072,311296
68,41,5120,311296
68,46,6144,311296
68,48,7168,311296
68,55,8192,311296
68,49,9216,311296
68,45,10240,311296
68,65,13312,311296
68,114,14336,311296
68,36,16384,311296
68,37,17408,311296
68,72,20480,311296
63,41,2048,314368
63,46,3072,314368
63,48,4096,314368
63,55,5120,314368
63,49,6144,314368
63,45,7168,314368
63,65,10240,314368
63,114,11264,314368
63,36,13312,314368
63,37,14336,314368
63,72,17408,314368
63,72,18432,314368
63,66,19456,314368
41,46,1024,316416
41,48,2048,316416
41,55,3072,316416
41,49,4096,316416
41,45,5120,316416
41,65,8192,316416
41,114,9216,316416
41,36,11264,316416
41,37,12288,316416
41,72,15360,316416
41,72,16384,316416
41,66,17408,316416
41,72,20480,316416
46,48,1024,317440
46,55,2048,317440
46,49,3072,317440
46,45,4096,317440
46,65,7168,317440
46,114,8192,317440
46,36,10240,317440
46,37,11264,317440
46,72,14336,317440
46,72,15360,317440
46,66,16384,317440
46,72,19456,317440
46,48,20480,317440
48,55,1024,318464
48,49,2048,318464
48,45,3072,318464
48,65,6144,318464
48,114,7168,318464
48,36,9216,318464
48,37,10240,318464
48,72,13312,318464
48,72,14336,318464
48,66,15360,318464
48,72,18432,318464
48,48,19456,318464
55,49,1024,319488
55,45,2048,319488
55,65,5120,319488
55,114,6144,319488
55,36,8192,319488
55,37,9216,319488
55,72,12288,319488
55,72,13312,319488
55,66,14336,319488
55,72,17408,319488
55,48,18432,319488
55,49,20480,319488
49,45,1024,320512
49,65,4096,320512
49,114,5120,320512
49,36,7168,320512
49,37,8192,320512
49,72,11264,320512
49,72,12288,320512
49,66,13312,320512
49,72,16384,320512
49,48,17408,320512
49,49,19456,320512
49,27,20480,320512
45,65,3072,321536
45,114,4096,321536
45,36,6144,321536
45,37,7168,321536
45,72,10240,321536
45,72,11264,321536
45,66,12288,321536
45,72,15360,321536
45,48,16384,321536
45,49,18432,321536
45,27,19456,321536
65,114,1024,324608
65,36,3072,324608
65,37,4096,324608
65,72,7168,324608
65,72,8192,324608
65,66,9216,324608
65,72,12288,324608
65,48,13312,324608
65,49,15360,324608
65,27,16384,324608
114,36,2048,325632
114,37,3072,325632
114,72,6144,325632
114,72,7168,325632
114,66,8192,325632
114,72,11264,325632
114,48,12288,325632
114,49,14336,325632
114,27,15360,325632
36,37,1024,327680
36,72,4096,327680
36,72,5120,327680
36,66,6144,327680
36,72,9216,327680
36,48,10240,327680
36,49,12288,327680
36,27,13312,327680
37,72,3072,328704
37,72,4096,328704
37,66,5120,328704
37,72,8192,328704
37,48,9216,328704
37,49,11264,328704
37,27,12288,328704
72,72,1024,331776
72,66,2048,331776
72,72,5120,331776
72,48,6144,331776
72,49,8192,331776
72,27,9216,331776
72,66,1024,332800
72,72,4096,332800
72,48,5120,332800
72,49,7168,332800
72,27,8192,332800
66,72,3072,333824
66,48,4096,333824
66,49,6144,333824
66,27,7168,333824
72,48,1024,336896
72,49,3072,336896
72,27,4096,336896
48,49,2048,337920
48,27,3072,337920
49,27,1024,339968
