47,49,1024,15360
47,48,2048,15360
47,48,3072,15360
47,42,9216,15360
47,22,10240,15360
49,48,1024,16384
49,48,2048,16384
49,42,8192,16384
49,22,9216,16384
49,48,20480,16384
48,48,1024,17408
48,42,7168,17408
48,22,8192,17408
48,48,19456,17408
48,42,6144,18432
48,22,7168,18432
48,48,18432,18432
48,55,20480,18432
42,22,1024,24576
42,48,12288,24576
42,55,14336,24576
42,43,16384,24576
42,50,17408,24576
42,75,18432,24576
42,42,19456,24576
22,48,11264,25600
22,55,13312,25600
22,43,15360,25600
22,50,16384,25600
22,75,17408,25600
22,42,18432,25600
48,55,2048,36864
48,43,4096,36864
48,50,5120,36864
48,75,6144,36864
48,42,7168,36864
48,46,12288,36864
48,49,15360,36864
48,36,17408,36864
48,22,18432,36864
48,22,19456,36864
48,22,20480,36864
55,43,2048,38912
55,50,3072,38912
55,75,4096,38912
55,42,5120,38912
55,46,10240,38912
55,49,13312,38912
55,36,15360,38912
55,22,16384,38912
55,22,17408,38912
55,22,18432,38912
55,41,19456,38912
55,22,20480,38912
43,50,1024,40960
43,75,2048,40960
43,42,3072,40960
43,46,8192,40960
43,49,11264,40960
43,36,13312,40960
43,22,14336,40960
43,22,15360,40960
43,22,16384,40960
43,41,17408,40960
43,22,18432,40960
43,22,19456,40960
43,47,20480,40960
50,75,1024,41984
50,42,2048,41984
50,46,7168,41984
50,49,10240,41984
50,36,12288,41984
50,22,13312,41984
50,22,14336,41984
50,22,15360,41984
50,41,16384,41984
50,22,17408,41984
50,22,18432,41984
50,47,19456,41984
50,22,20480,41984
75,42,1024,43008
75,46,6144,43008
75,49,9216,43008
75,36,11264,43008
75,22,12288,43008
75,22,13312,43008
75,22,14336,43008
75,41,15360,43008
75,22,16384,43008
75,22,17408,43008
75,47,18432,43008
75,22,19456,43008
75,39,20480,43008
75,40,20480,43008
42,46,5120,44032
42,49,8192,44032
42,36,10240,44032
42,22,11264,44032
42,22,12288,44032
42,22,13312,44032
42,41,14336,44032
42,22,15360,44032
42,22,16384,44032
42,47,17408,44032
42,22,18432,44032
42,39,19456,44032
42,40,19456,44032
46,49,3072,49152
46,36,5120,49152
46,22,6144,49152
46,22,7168,49152
46,22,8192,49152
46,41,9216,49152
46,22,10240,49152
46,22,11264,49152
46,47,12288,49152
46,22,13312,49152
46,39,14336,49152
46,40,14336,49152
46,50,18432,49152
46,48,19456,49152
49,36,2048,52224
49,22,3072,52224
49,22,4096,52224
49,22,5120,52224
49,41,6144,52224
49,22,7168,52224
49,22,8192,52224
49,47,9216,52224
49,22,10240,52224
49,39,11264,52224
49,40,11264,52224
49,50,15360,52224
49,48,16384,52224
49,22,18432,52224
36,22,1024,54272
36,22,2048,54272
36,22,3072,54272
36,41,4096,54272
36,22,5120,54272
36,22,6144,54272
36,47,7168,54272
36,22,8192,54272
36,39,9216,54272
36,40,9216,54272
36,50,13312,54272
36,48,14336,54272
36,22,16384,54272
36,65,17408,54272
22,22,1024,55296
22,22,2048,55296
22,41,3072,55296
22,22,4096,55296
22,22,5120,55296
22,47,6144,55296
22,22,7168,55296
22,39,8192,55296
22,40,8192,55296
22,50,12288,55296
22,48,13312,55296
22,22,15360,55296
22,65,16384,55296
22,42,20480,55296
22,22,1024,56320
22,41,2048,56320
22,22,3072,56320
22,22,4096,56320
22,47,5120,56320
22,22,6144,56320
22,39,7168,56320
22,40,7168,56320
22,50,11264,56320
22,48,12288,56320
22,22,14336,56320
22,65,15360,56320
22,42,19456,56320
22,62,20480,56320
22,41,1024,57344
22,22,2048,57344
22,22,3072,57344
22,47,4096,57344
22,22,5120,57344
22,39,6144,57344
22,40,6144,57344
22,50,10240,57344
22,48,11264,57344
22,22,13312,57344
22,65,14336,57344
22,42,18432,57344
22,62,19456,57344
41,22,1024,58368
41,22,2048,58368
41,47,3072,58368
41,22,4096,58368
41,39,5120,58368
41,40,5120,58368
41,50,9216,58368
41,48,10240,58368
41,22,12288,58368
41,65,13312,58368
41,42,17408,58368
41,62,18432,58368
41,22,20480,58368
22,22,1024,59392
22,47,2048,59392
22,22,3072,59392
22,39,4096,59392
22,40,4096,59392
22,50,8192,59392
22,48,9216,59392
22,22,11264,59392
22,65,12288,59392
22,42,16384,59392
22,62,17408,59392
22,22,19456,59392
22,47,1024,60416
22,22,2048,60416
22,39,3072,60416
22,40,3072,60416
22,50,7168,60416
22,48,8192,60416
22,22,10240,60416
22,65,11264,60416
22,42,15360,60416
22,62,16384,60416
22,22,18432,60416
47,22,1024,61440
47,39,2048,61440
47,40,2048,61440
47,50,6144,61440
47,48,7168,61440
47,22,9216,61440
47,65,10240,61440
47,42,14336,61440
47,62,15360,61440
47,22,17408,61440
47,38,20480,61440
47,42,20480,61440
22,39,1024,62464
22,40,1024,62464
22,50,5120,62464
22,48,6144,62464
22,22,8192,62464
22,65,9216,62464
22,42,13312,62464
22,62,14336,62464
22,22,16384,62464
22,38,19456,62464
22,42,19456,62464
39,40,0,63488
39,50,4096,63488
39,48,5120,63488
39,22,7168,63488
39,65,8192,63488
39,42,12288,63488
39,62,13312,63488
39,22,15360,63488
39,38,18432,63488
39,42,18432,63488
40,50,4096,63488
40,48,5120,63488
40,22,7168,63488
40,65,8192,63488
40,42,12288,63488
40,62,13312,63488
40,22,15360,63488
40,38,18432,63488
40,42,18432,63488
50,48,1024,67584
50,22,3072,67584
50,65,4096,67584
50,42,8192,67584
50,62,9216,67584
50,22,11264,67584
50,38,14336,67584
50,42,14336,67584
50,41,17408,67584
50,37,19456,67584
48,22,2048,68608
48,65,3072,68608
48,42,7168,68608
48,62,8192,68608
48,22,10240,68608
48,38,13312,68608
48,42,13312,68608
48,41,16384,68608
48,37,18432,68608
48,21,20480,68608
48,43,20480,68608
22,65,1024,70656
22,42,5120,70656
22,62,6144,70656
22,22,8192,70656
22,38,11264,70656
22,42,11264,70656
22,41,14336,70656
22,37,16384,70656
22,21,18432,70656
22,43,18432,70656
22,39,20480,70656
22,58,20480,70656
65,42,4096,71680
65,62,5120,71680
65,22,7168,71680
65,38,10240,71680
65,42,10240,71680
65,41,13312,71680
65,37,15360,71680
65,21,17408,71680
65,43,17408,71680
65,39,19456,71680
65,58,19456,71680
65,54,20480,71680
42,62,1024,75776
42,22,3072,75776
42,38,6144,75776
42,42,6144,75776
42,41,9216,75776
42,37,11264,75776
42,21,13312,75776
42,43,13312,75776
42,39,15360,75776
42,58,15360,75776
42,54,16384,75776
42,37,19456,75776
42,56,19456,75776
62,22,2048,76800
62,38,5120,76800
62,42,5120,76800
62,41,8192,76800
62,37,10240,76800
62,21,12288,76800
62,43,12288,76800
62,39,14336,76800
62,58,14336,76800
62,54,15360,76800
62,37,18432,76800
62,56,18432,76800
22,38,3072,78848
22,42,3072,78848
22,41,6144,78848
22,37,8192,78848
22,21,10240,78848
22,43,10240,78848
22,39,12288,78848
22,58,12288,78848
22,54,13312,78848
22,37,16384,78848
22,56,16384,78848
22,21,19456,78848
38,42,0,81920
38,41,3072,81920
38,37,5120,81920
38,21,7168,81920
38,43,7168,81920
38,39,9216,81920
38,58,9216,81920
38,54,10240,81920
38,37,13312,81920
38,56,13312,81920
38,21,16384,81920
38,37,20480,81920
42,41,3072,81920
42,37,5120,81920
42,21,7168,81920
42,43,7168,81920
42,39,9216,81920
42,58,9216,81920
42,54,10240,81920
42,37,13312,81920
42,56,13312,81920
42,21,16384,81920
42,37,20480,81920
41,37,2048,84992
41,21,4096,84992
41,43,4096,84992
41,39,6144,84992
41,58,6144,84992
41,54,7168,84992
41,37,10240,84992
41,56,10240,84992
41,21,13312,84992
41,37,17408,84992
41,66,19456,84992
37,21,2048,87040
37,43,2048,87040
37,39,4096,87040
37,58,4096,87040
37,54,5120,87040
37,37,8192,87040
37,56,8192,87040
37,21,11264,87040
37,37,15360,87040
37,66,17408,87040
21,43,0,89088
21,39,2048,89088
21,58,2048,89088
21,54,3072,89088
21,37,6144,89088
21,56,6144,89088
21,21,9216,89088
21,37,13312,89088
21,66,15360,89088
21,21,20480,89088
21,60,20480,89088
43,39,2048,89088
43,58,2048,89088
43,54,3072,89088
43,37,6144,89088
43,56,6144,89088
43,21,9216,89088
43,37,13312,89088
43,66,15360,89088
43,21,20480,89088
43,60,20480,89088
39,58,0,91136
39,54,1024,91136
39,37,4096,91136
39,56,4096,91136
39,21,7168,91136
39,37,11264,91136
39,66,13312,91136
39,21,18432,91136
39,60,18432,91136
39,22,19456,91136
58,54,1024,91136
58,37,4096,91136
58,56,4096,91136
58,21,7168,91136
58,37,11264,91136
58,66,13312,91136
58,21,18432,91136
58,60,18432,91136
58,22,19456,91136
54,37,3072,92160
54,56,3072,92160
54,21,6144,92160
54,37,10240,92160
54,66,12288,92160
54,21,17408,92160
54,60,17408,92160
54,22,18432,92160
54,22,20480,92160
37,56,0,95232
37,21,3072,95232
37,37,7168,95232
37,66,9216,95232
37,21,14336,95232
37,60,14336,95232
37,22,15360,95232
37,22,17408,95232
37,32,18432,95232
37,35,20480,95232
37,53,20480,95232
56,21,3072,95232
56,37,7168,95232
56,66,9216,95232
56,21,14336,95232
56,60,14336,95232
56,22,15360,95232
56,22,17408,95232
56,32,18432,95232
56,35,20480,95232
56,53,20480,95232
21,37,4096,98304
21,66,6144,98304
21,21,11264,98304
21,60,11264,98304
21,22,12288,98304
21,22,14336,98304
21,32,15360,98304
21,35,17408,98304
21,53,17408,98304
21,65,18432,98304
21,22,20480,98304
21,45,20480,98304
37,66,2048,102400
37,21,7168,102400
37,60,7168,102400
37,22,8192,102400
37,22,10240,102400
37,32,11264,102400
37,35,13312,102400
37,53,13312,102400
37,65,14336,102400
37,22,16384,102400
37,45,16384,102400
37,45,17408,102400
37,35,18432,102400
37,33,19456,102400
66,21,5120,104448
66,60,5120,104448
66,22,6144,104448
66,22,8192,104448
66,32,9216,104448
66,35,11264,104448
66,53,11264,104448
66,65,12288,104448
66,22,14336,104448
66,45,14336,104448
66,45,15360,104448
66,35,16384,104448
66,33,17408,104448
66,48,17408,104448
21,60,0,109568
21,22,1024,109568
21,22,3072,109568
21,32,4096,109568
21,35,6144,109568
21,53,6144,109568
21,65,7168,109568
21,22,9216,109568
21,45,9216,109568
21,45,10240,109568
21,35,11264,109568
21,33,12288,109568
21,48,12288,109568
21,70,13312,109568
60,22,1024,109568
60,22,3072,109568
60,32,4096,109568
60,35,6144,109568
60,53,6144,109568
60,65,7168,109568
60,22,9216,109568
60,45,9216,109568
60,45,10240,109568
60,35,11264,109568
60,33,12288,109568
60,48,12288,109568
60,70,13312,109568
60,46,15360,109568
22,22,2048,110592
22,32,3072,110592
22,35,5120,110592
22,53,5120,110592
22,65,6144,110592
22,22,8192,110592
22,45,8192,110592
22,45,9216,110592
22,35,10240,110592
22,33,11264,110592
22,48,11264,110592
22,70,12288,110592
22,46,14336,110592
22,36,16384,110592
22,32,1024,112640
22,35,3072,112640
22,53,3072,112640
22,65,4096,112640
22,22,6144,112640
22,45,6144,112640
22,45,7168,112640
22,35,8192,112640
22,33,9216,112640
22,48,9216,112640
22,70,10240,112640
22,46,12288,112640
22,36,14336,112640
22,46,14336,112640
32,35,2048,113664
32,53,2048,113664
32,65,3072,113664
32,22,5120,113664
32,45,5120,113664
32,45,6144,113664
32,35,7168,113664
32,33,8192,113664
32,48,8192,113664
32,70,9216,113664
32,46,11264,113664
32,36,13312,113664
32,46,13312,113664
32,70,15360,113664
35,53,0,115712
35,65,1024,115712
35,22,3072,115712
35,45,3072,115712
35,45,4096,115712
35,35,5120,115712
35,33,6144,115712
35,48,6144,115712
35,70,7168,115712
35,46,9216,115712
35,36,11264,115712
35,46,11264,115712
35,70,13312,115712
35,27,15360,115712
53,65,1024,115712
53,22,3072,115712
53,45,3072,115712
53,45,4096,115712
53,35,5120,115712
53,33,6144,115712
53,48,6144,115712
53,70,7168,115712
53,46,9216,115712
53,36,11264,115712
53,46,11264,115712
53,70,13312,115712
53,27,15360,115712
53,22,16384,115712
65,22,2048,116736
65,45,2048,116736
65,45,3072,116736
65,35,4096,116736
65,33,5120,116736
65,48,5120,116736
65,70,6144,116736
65,46,8192,116736
65,36,10240,116736
65,46,10240,116736
65,70,12288,116736
65,27,14336,116736
65,22,15360,116736
22,45,0,118784
22,45,1024,118784
22,35,2048,118784
22,33,3072,118784
22,48,3072,118784
22,70,4096,118784
22,46,6144,118784
22,36,8192,118784
22,46,8192,118784
22,70,10240,118784
22,27,12288,118784
22,22,13312,118784
22,37,19456,118784
22,42,19456,118784
45,45,1024,118784
45,35,2048,118784
45,33,3072,118784
45,48,3072,118784
45,70,4096,118784
45,46,6144,118784
45,36,8192,118784
45,46,8192,118784
45,70,10240,118784
45,27,12288,118784
45,22,13312,118784
45,37,19456,118784
45,42,19456,118784
45,21,20480,118784
45,35,1024,119808
45,33,2048,119808
45,48,2048,119808
45,70,3072,119808
45,46,5120,119808
45,36,7168,119808
45,46,7168,119808
45,70,9216,119808
45,27,11264,119808
45,22,12288,119808
45,37,18432,119808
45,42,18432,119808
45,21,19456,119808
45,40,19456,119808
35,33,1024,120832
35,48,1024,120832
35,70,2048,120832
35,46,4096,120832
35,36,6144,120832
35,46,6144,120832
35,70,8192,120832
35,27,10240,120832
35,22,11264,120832
35,37,17408,120832
35,42,17408,120832
35,21,18432,120832
35,40,18432,120832
35,65,20480,120832
33,48,0,121856
33,70,1024,121856
33,46,3072,121856
33,36,5120,121856
33,46,5120,121856
33,70,7168,121856
33,27,9216,121856
33,22,10240,121856
33,37,16384,121856
33,42,16384,121856
33,21,17408,121856
33,40,17408,121856
33,65,19456,121856
48,70,1024,121856
48,46,3072,121856
48,36,5120,121856
48,46,5120,121856
48,70,7168,121856
48,27,9216,121856
48,22,10240,121856
48,37,16384,121856
48,42,16384,121856
48,21,17408,121856
48,40,17408,121856
48,65,19456,121856
70,46,2048,122880
70,36,4096,122880
70,46,4096,122880
70,70,6144,122880
70,27,8192,122880
70,22,9216,122880
70,37,15360,122880
70,42,15360,122880
70,21,16384,122880
70,40,16384,122880
70,65,18432,122880
46,36,2048,124928
46,46,2048,124928
46,70,4096,124928
46,27,6144,124928
46,22,7168,124928
46,37,13312,124928
46,42,13312,124928
46,21,14336,124928
46,40,14336,124928
46,65,16384,124928
46,45,19456,124928
46,51,20480,124928
36,46,0,126976
36,70,2048,126976
36,27,4096,126976
36,22,5120,126976
36,37,11264,126976
36,42,11264,126976
36,21,12288,126976
36,40,12288,126976
36,65,14336,126976
36,45,17408,126976
36,51,18432,126976
36,42,19456,126976
36,24,20480,126976
46,70,2048,126976
46,27,4096,126976
46,22,5120,126976
46,37,11264,126976
46,42,11264,126976
46,21,12288,126976
46,40,12288,126976
46,65,14336,126976
46,45,17408,126976
46,51,18432,126976
46,42,19456,126976
46,24,20480,126976
70,27,2048,129024
70,22,3072,129024
70,37,9216,129024
70,42,9216,129024
70,21,10240,129024
70,40,10240,129024
70,65,12288,129024
70,45,15360,129024
70,51,16384,129024
70,42,17408,129024
70,24,18432,129024
27,22,1024,131072
27,37,7168,131072
27,42,7168,131072
27,21,8192,131072
27,40,8192,131072
27,65,10240,131072
27,45,13312,131072
27,51,14336,131072
27,42,15360,131072
27,24,16384,131072
27,59,20480,131072
22,37,6144,132096
22,42,6144,132096
22,21,7168,132096
22,40,7168,132096
22,65,9216,132096
22,45,12288,132096
22,51,13312,132096
22,42,14336,132096
22,24,15360,132096
22,59,19456,132096
37,42,0,138240
37,21,1024,138240
37,40,1024,138240
37,65,3072,138240
37,45,6144,138240
37,51,7168,138240
37,42,8192,138240
37,24,9216,138240
37,59,13312,138240
37,27,17408,138240
37,54,19456,138240
37,46,20480,138240
42,21,1024,138240
42,40,1024,138240
42,65,3072,138240
42,45,6144,138240
42,51,7168,138240
42,42,8192,138240
42,24,9216,138240
42,59,13312,138240
42,27,17408,138240
42,54,19456,138240
42,46,20480,138240
21,40,0,139264
21,65,2048,139264
21,45,5120,139264
21,51,6144,139264
21,42,7168,139264
21,24,8192,139264
21,59,12288,139264
21,27,16384,139264
21,54,18432,139264
21,46,19456,139264
40,65,2048,139264
40,45,5120,139264
40,51,6144,139264
40,42,7168,139264
40,24,8192,139264
40,59,12288,139264
40,27,16384,139264
40,54,18432,139264
40,46,19456,139264
65,45,3072,141312
65,51,4096,141312
65,42,5120,141312
65,24,6144,141312
65,59,10240,141312
65,27,14336,141312
65,54,16384,141312
65,46,17408,141312
45,51,1024,144384
45,42,2048,144384
45,24,3072,144384
45,59,7168,144384
45,27,11264,144384
45,54,13312,144384
45,46,14336,144384
45,21,18432,144384
45,38,19456,144384
45,42,20480,144384
51,42,1024,145408
51,24,2048,145408
51,59,6144,145408
51,27,10240,145408
51,54,12288,145408
51,46,13312,145408
51,21,17408,145408
51,38,18432,145408
51,42,19456,145408
51,38,20480,145408
42,24,1024,146432
42,59,5120,146432
42,27,9216,146432
42,54,11264,146432
42,46,12288,146432
42,21,16384,146432
42,38,17408,146432
42,42,18432,146432
42,38,19456,146432
42,22,20480,146432
24,59,4096,147456
24,27,8192,147456
24,54,10240,147456
24,46,11264,147456
24,21,15360,147456
24,38,16384,147456
24,42,17408,147456
24,38,18432,147456
24,22,19456,147456
59,27,4096,151552
59,54,6144,151552
59,46,7168,151552
59,21,11264,151552
59,38,12288,151552
59,42,13312,151552
59,38,14336,151552
59,22,15360,151552
59,54,17408,151552
59,22,18432,151552
59,40,20480,151552
27,54,2048,155648
27,46,3072,155648
27,21,7168,155648
27,38,8192,155648
27,42,9216,155648
27,38,10240,155648
27,22,11264,155648
27,54,13312,155648
27,22,14336,155648
27,40,16384,155648
27,24,18432,155648
54,46,1024,157696
54,21,5120,157696
54,38,6144,157696
54,42,7168,157696
54,38,8192,157696
54,22,9216,157696
54,54,11264,157696
54,22,12288,157696
54,40,14336,157696
54,24,16384,157696
54,34,19456,157696
54,42,20480,157696
46,21,4096,158720
46,38,5120,158720
46,42,6144,158720
46,38,7168,158720
46,22,8192,158720
46,54,10240,158720
46,22,11264,158720
46,40,13312,158720
46,24,15360,158720
46,34,18432,158720
46,42,19456,158720
46,42,20480,158720
21,38,1024,162816
21,42,2048,162816
21,38,3072,162816
21,22,4096,162816
21,54,6144,162816
21,22,7168,162816
21,40,9216,162816
21,24,11264,162816
21,34,14336,162816
21,42,15360,162816
21,42,16384,162816
21,42,17408,162816
21,44,18432,162816
21,27,19456,162816
38,42,1024,163840
38,38,2048,163840
38,22,3072,163840
38,54,5120,163840
38,22,6144,163840
38,40,8192,163840
38,24,10240,163840
38,34,13312,163840
38,42,14336,163840
38,42,15360,163840
38,42,16384,163840
38,44,17408,163840
38,27,18432,163840
38,53,18432,163840
42,38,1024,164864
42,22,2048,164864
42,54,4096,164864
42,22,5120,164864
42,40,7168,164864
42,24,9216,164864
42,34,12288,164864
42,42,13312,164864
42,42,14336,164864
42,42,15360,164864
42,44,16384,164864
42,27,17408,164864
42,53,17408,164864
42,46,18432,164864
38,22,1024,165888
38,54,3072,165888
38,22,4096,165888
38,40,6144,165888
38,24,8192,165888
38,34,11264,165888
38,42,12288,165888
38,42,13312,165888
38,42,14336,165888
38,44,15360,165888
38,27,16384,165888
38,53,16384,165888
38,46,17408,165888
38,43,18432,165888
22,54,2048,166912
22,22,3072,166912
22,40,5120,166912
22,24,7168,166912
22,34,10240,166912
22,42,11264,166912
22,42,12288,166912
22,42,13312,166912
22,44,14336,166912
22,27,15360,166912
22,53,15360,166912
22,46,16384,166912
22,43,17408,166912
22,22,18432,166912
54,22,1024,168960
54,40,3072,168960
54,24,5120,168960
54,34,8192,168960
54,42,9216,168960
54,42,10240,168960
54,42,11264,168960
54,44,12288,168960
54,27,13312,168960
54,53,13312,168960
54,46,14336,168960
54,43,15360,168960
54,22,16384,168960
54,63,18432,168960
22,40,2048,169984
22,24,4096,169984
22,34,7168,169984
22,42,8192,169984
22,42,9216,169984
22,42,10240,169984
22,44,11264,169984
22,27,12288,169984
22,53,12288,169984
22,46,13312,169984
22,43,14336,169984
22,22,15360,169984
22,63,17408,169984
22,62,18432,169984
40,24,2048,172032
40,34,5120,172032
40,42,6144,172032
40,42,7168,172032
40,42,8192,172032
40,44,9216,172032
40,27,10240,172032
40,53,10240,172032
40,46,11264,172032
40,43,12288,172032
40,22,13312,172032
40,63,15360,172032
40,62,16384,172032
40,51,17408,172032
24,34,3072,174080
24,42,4096,174080
24,42,5120,174080
24,42,6144,174080
24,44,7168,174080
24,27,8192,174080
24,53,8192,174080
24,46,9216,174080
24,43,10240,174080
24,22,11264,174080
24,63,13312,174080
24,62,14336,174080
24,51,15360,174080
24,50,16384,174080
34,42,1024,177152
34,42,2048,177152
34,42,3072,177152
34,44,4096,177152
34,27,5120,177152
34,53,5120,177152
34,46,6144,177152
34,43,7168,177152
34,22,8192,177152
34,63,10240,177152
34,62,11264,177152
34,51,12288,177152
34,50,13312,177152
34,43,16384,177152
42,42,1024,178176
42,42,2048,178176
42,44,3072,178176
42,27,4096,178176
42,53,4096,178176
42,46,5120,178176
42,43,6144,178176
42,22,7168,178176
42,63,9216,178176
42,62,10240,178176
42,51,11264,178176
42,50,12288,178176
42,43,15360,178176
42,67,17408,178176
42,42,1024,179200
42,44,2048,179200
42,27,3072,179200
42,53,3072,179200
42,46,4096,179200
42,43,5120,179200
42,22,6144,179200
42,63,8192,179200
42,62,9216,179200
42,51,10240,179200
42,50,11264,179200
42,43,14336,179200
42,67,16384,179200
42,44,1024,180224
42,27,2048,180224
42,53,2048,180224
42,46,3072,180224
42,43,4096,180224
42,22,5120,180224
42,63,7168,180224
42,62,8192,180224
42,51,9216,180224
42,50,10240,180224
42,43,13312,180224
42,67,15360,180224
42,24,20480,180224
44,27,1024,181248
44,53,1024,181248
44,46,2048,181248
44,43,3072,181248
44,22,4096,181248
44,63,6144,181248
44,62,7168,181248
44,51,8192,181248
44,50,9216,181248
44,43,12288,181248
44,67,14336,181248
44,24,19456,181248
27,53,0,182272
27,46,1024,182272
27,43,2048,182272
27,22,3072,182272
27,63,5120,182272
27,62,6144,182272
27,51,7168,182272
27,50,8192,182272
27,43,11264,182272
27,67,13312,182272
27,24,18432,182272
27,42,20480,182272
53,46,1024,182272
53,43,2048,182272
53,22,3072,182272
53,63,5120,182272
53,62,6144,182272
53,51,7168,182272
53,50,8192,182272
53,43,11264,182272
53,67,13312,182272
53,24,18432,182272
53,42,20480,182272
46,43,1024,183296
46,22,2048,183296
46,63,4096,183296
46,62,5120,183296
46,51,6144,183296
46,50,7168,183296
46,43,10240,183296
46,67,12288,183296
46,24,17408,183296
46,42,19456,183296
46,43,20480,183296
43,22,1024,184320
43,63,3072,184320
43,62,4096,184320
43,51,5120,184320
43,50,6144,184320
43,43,9216,184320
43,67,11264,184320
43,24,16384,184320
43,42,18432,184320
43,43,19456,184320
22,63,2048,185344
22,62,3072,185344
22,51,4096,185344
22,50,5120,185344
22,43,8192,185344
22,67,10240,185344
22,24,15360,185344
22,42,17408,185344
22,43,18432,185344
63,62,1024,187392
63,51,2048,187392
63,50,3072,187392
63,43,6144,187392
63,67,8192,187392
63,24,13312,187392
63,42,15360,187392
63,43,16384,187392
63,43,19456,187392
63,20,20480,187392
62,51,1024,188416
62,50,2048,188416
62,43,5120,188416
62,67,7168,188416
62,24,12288,188416
62,42,14336,188416
62,43,15360,188416
62,43,18432,188416
62,20,19456,188416
62,27,20480,188416
62,45,20480,188416
51,50,1024,189440
51,43,4096,189440
51,67,6144,189440
51,24,11264,189440
51,42,13312,189440
51,43,14336,189440
51,43,17408,189440
51,20,18432,189440
51,27,19456,189440
51,45,19456,189440
50,43,3072,190464
50,67,5120,190464
50,24,10240,190464
50,42,12288,190464
50,43,13312,190464
50,43,16384,190464
50,20,17408,190464
50,27,18432,190464
50,45,18432,190464
43,67,2048,193536
43,24,7168,193536
43,42,9216,193536
43,43,10240,193536
43,43,13312,193536
43,20,14336,193536
43,27,15360,193536
43,45,15360,193536
67,24,5120,195584
67,42,7168,195584
67,43,8192,195584
67,43,11264,195584
67,20,12288,195584
67,27,13312,195584
67,45,13312,195584
67,21,19456,195584
67,47,19456,195584
67,38,20480,195584
67,60,20480,195584
24,42,2048,200704
24,43,3072,200704
24,43,6144,200704
24,20,7168,200704
24,27,8192,200704
24,45,8192,200704
24,21,14336,200704
24,47,14336,200704
24,38,15360,200704
24,60,15360,200704
24,38,16384,200704
24,44,16384,200704
24,38,17408,200704
24,22,18432,200704
42,43,1024,202752
42,43,4096,202752
42,20,5120,202752
42,27,6144,202752
42,45,6144,202752
42,21,12288,202752
42,47,12288,202752
42,38,13312,202752
42,60,13312,202752
42,38,14336,202752
42,44,14336,202752
42,38,15360,202752
42,22,16384,202752
42,54,16384,202752
43,43,3072,203776
43,20,4096,203776
43,27,5120,203776
43,45,5120,203776
43,21,11264,203776
43,47,11264,203776
43,38,12288,203776
43,60,12288,203776
43,38,13312,203776
43,44,13312,203776
43,38,14336,203776
43,22,15360,203776
43,54,15360,203776
43,42,16384,203776
43,20,1024,206848
43,27,2048,206848
43,45,2048,206848
43,21,8192,206848
43,47,8192,206848
43,38,9216,206848
43,60,9216,206848
43,38,10240,206848
43,44,10240,206848
43,38,11264,206848
43,22,12288,206848
43,54,12288,206848
43,42,13312,206848
43,45,15360,206848
20,27,1024,207872
20,45,1024,207872
20,21,7168,207872
20,47,7168,207872
20,38,8192,207872
20,60,8192,207872
20,38,9216,207872
20,44,9216,207872
20,38,10240,207872
20,22,11264,207872
20,54,11264,207872
20,42,12288,207872
20,45,14336,207872
20,60,17408,207872
27,45,0,208896
27,21,6144,208896
27,47,6144,208896
27,38,7168,208896
27,60,7168,208896
27,38,8192,208896
27,44,8192,208896
27,38,9216,208896
27,22,10240,208896
27,54,10240,208896
27,42,11264,208896
27,45,13312,208896
27,60,16384,208896
27,21,17408,208896
45,21,6144,208896
45,47,6144,208896
45,38,7168,208896
45,60,7168,208896
45,38,8192,208896
45,44,8192,208896
45,38,9216,208896
45,22,10240,208896
45,54,10240,208896
45,42,11264,208896
45,45,13312,208896
45,60,16384,208896
45,21,17408,208896
45,51,17408,208896
21,47,0,215040
21,38,1024,215040
21,60,1024,215040
21,38,2048,215040
21,44,2048,215040
21,38,3072,215040
21,22,4096,215040
21,54,4096,215040
21,42,5120,215040
21,45,7168,215040
21,60,10240,215040
21,21,11264,215040
21,51,11264,215040
21,37,12288,215040
47,38,1024,215040
47,60,1024,215040
47,38,2048,215040
47,44,2048,215040
47,38,3072,215040
47,22,4096,215040
47,54,4096,215040
47,42,5120,215040
47,45,7168,215040
47,60,10240,215040
47,21,11264,215040
47,51,11264,215040
47,37,12288,215040
47,38,13312,215040
38,60,0,216064
38,38,1024,216064
38,44,1024,216064
38,38,2048,216064
38,22,3072,216064
38,54,3072,216064
38,42,4096,216064
38,45,6144,216064
38,60,9216,216064
38,21,10240,216064
38,51,10240,216064
38,37,11264,216064
38,38,12288,216064
38,51,12288,216064
60,38,1024,216064
60,44,1024,216064
60,38,2048,216064
60,22,3072,216064
60,54,3072,216064
60,42,4096,216064
60,45,6144,216064
60,60,9216,216064
60,21,10240,216064
60,51,10240,216064
60,37,11264,216064
60,38,12288,216064
60,51,12288,216064
60,62,14336,216064
38,44,0,217088
38,38,1024,217088
38,22,2048,217088
38,54,2048,217088
38,42,3072,217088
38,45,5120,217088
38,60,8192,217088
38,21,9216,217088
38,51,9216,217088
38,37,10240,217088
38,38,11264,217088
38,51,11264,217088
38,62,13312,217088
38,41,16384,217088
44,38,1024,217088
44,22,2048,217088
44,54,2048,217088
44,42,3072,217088
44,45,5120,217088
44,60,8192,217088
44,21,9216,217088
44,51,9216,217088
44,37,10240,217088
44,38,11264,217088
44,51,11264,217088
44,62,13312,217088
44,41,16384,217088
44,20,17408,217088
38,22,1024,218112
38,54,1024,218112
38,42,2048,218112
38,45,4096,218112
38,60,7168,218112
38,21,8192,218112
38,51,8192,218112
38,37,9216,218112
38,38,10240,218112
38,51,10240,218112
38,62,12288,218112
38,41,15360,218112
38,20,16384,218112
38,43,16384,218112
22,54,0,219136
22,42,1024,219136
22,45,3072,219136
22,60,6144,219136
22,21,7168,219136
22,51,7168,219136
22,37,8192,219136
22,38,9216,219136
22,51,9216,219136
22,62,11264,219136
22,41,14336,219136
22,20,15360,219136
22,43,15360,219136
22,27,16384,219136
54,42,1024,219136
54,45,3072,219136
54,60,6144,219136
54,21,7168,219136
54,51,7168,219136
54,37,8192,219136
54,38,9216,219136
54,51,9216,219136
54,62,11264,219136
54,41,14336,219136
54,20,15360,219136
54,43,15360,219136
54,27,16384,219136
54,39,18432,219136
42,45,2048,220160
42,60,5120,220160
42,21,6144,220160
42,51,6144,220160
42,37,7168,220160
42,38,8192,220160
42,51,8192,220160
42,62,10240,220160
42,41,13312,220160
42,20,14336,220160
42,43,14336,220160
42,27,15360,220160
42,39,17408,220160
42,58,17408,220160
45,60,3072,222208
45,21,4096,222208
45,51,4096,222208
45,37,5120,222208
45,38,6144,222208
45,51,6144,222208
45,62,8192,222208
45,41,11264,222208
45,20,12288,222208
45,43,12288,222208
45,27,13312,222208
45,39,15360,222208
45,58,15360,222208
45,21,16384,222208
60,21,1024,225280
60,51,1024,225280
60,37,2048,225280
60,38,3072,225280
60,51,3072,225280
60,62,5120,225280
60,41,8192,225280
60,20,9216,225280
60,43,9216,225280
60,27,10240,225280
60,39,12288,225280
60,58,12288,225280
60,21,13312,225280
60,44,16384,225280
21,51,0,226304
21,37,1024,226304
21,38,2048,226304
21,51,2048,226304
21,62,4096,226304
21,41,7168,226304
21,20,8192,226304
21,43,8192,226304
21,27,9216,226304
21,39,11264,226304
21,58,11264,226304
21,21,12288,226304
21,44,15360,226304
21,74,16384,226304
51,37,1024,226304
51,38,2048,226304
51,51,2048,226304
51,62,4096,226304
51,41,7168,226304
51,20,8192,226304
51,43,8192,226304
51,27,9216,226304
51,39,11264,226304
51,58,11264,226304
51,21,12288,226304
51,44,15360,226304
51,74,16384,226304
37,38,1024,227328
37,51,1024,227328
37,62,3072,227328
37,41,6144,227328
37,20,7168,227328
37,43,7168,227328
37,27,8192,227328
37,39,10240,227328
37,58,10240,227328
37,21,11264,227328
37,44,14336,227328
37,74,15360,227328
38,51,0,228352
38,62,2048,228352
38,41,5120,228352
38,20,6144,228352
38,43,6144,228352
38,27,7168,228352
38,39,9216,228352
38,58,9216,228352
38,21,10240,228352
38,44,13312,228352
38,74,14336,228352
51,62,2048,228352
51,41,5120,228352
51,20,6144,228352
51,43,6144,228352
51,27,7168,228352
51,39,9216,228352
51,58,9216,228352
51,21,10240,228352
51,44,13312,228352
51,74,14336,228352
62,41,3072,230400
62,20,4096,230400
62,43,4096,230400
62,27,5120,230400
62,39,7168,230400
62,58,7168,230400
62,21,8192,230400
62,44,11264,230400
62,74,12288,230400
62,32,20480,230400
41,20,1024,233472
41,43,1024,233472
41,27,2048,233472
41,39,4096,233472
41,58,4096,233472
41,21,5120,233472
41,44,8192,233472
41,74,9216,233472
41,32,17408,233472
41,45,20480,233472
20,43,0,234496
20,27,1024,234496
20,39,3072,234496
20,58,3072,234496
20,21,4096,234496
20,44,7168,234496
20,74,8192,234496
20,32,16384,234496
20,45,19456,234496
20,62,20480,234496
43,27,1024,234496
43,39,3072,234496
43,58,3072,234496
43,21,4096,234496
43,44,7168,234496
43,74,8192,234496
43,32,16384,234496
43,45,19456,234496
43,62,20480,234496
27,39,2048,235520
27,58,2048,235520
27,21,3072,235520
27,44,6144,235520
27,74,7168,235520
27,32,15360,235520
27,45,18432,235520
27,62,19456,235520
39,58,0,237568
39,21,1024,237568
39,44,4096,237568
39,74,5120,237568
39,32,13312,237568
39,45,16384,237568
39,62,17408,237568
39,21,20480,237568
58,21,1024,237568
58,44,4096,237568
58,74,5120,237568
58,32,13312,237568
58,45,16384,237568
58,62,17408,237568
58,21,20480,237568
21,44,3072,238592
21,74,4096,238592
21,32,12288,238592
21,45,15360,238592
21,62,16384,238592
21,21,19456,238592
44,74,1024,241664
44,32,9216,241664
44,45,12288,241664
44,62,13312,241664
44,21,16384,241664
44,27,20480,241664
74,32,8192,242688
74,45,11264,242688
74,62,12288,242688
74,21,15360,242688
74,27,19456,242688
32,45,3072,250880
32,62,4096,250880
32,21,7168,250880
32,27,11264,250880
32,49,13312,250880
32,22,18432,250880
32,75,18432,250880
32,22,19456,250880
45,62,1024,253952
45,21,4096,253952
45,27,8192,253952
45,49,10240,253952
45,22,15360,253952
45,75,15360,253952
45,22,16384,253952
45,22,18432,253952
45,22,19456,253952
45,22,20480,253952
45,48,20480,253952
62,21,3072,254976
62,27,7168,254976
62,49,9216,254976
62,22,14336,254976
62,75,14336,254976
62,22,15360,254976
62,22,17408,254976
62,22,18432,254976
62,22,19456,254976
62,48,19456,254976
62,39,20480,254976
62,41,20480,254976
21,27,4096,258048
21,49,6144,258048
21,22,11264,258048
21,75,11264,258048
21,22,12288,258048
21,22,14336,258048
21,22,15360,258048
21,22,16384,258048
21,48,16384,258048
21,39,17408,258048
21,41,17408,258048
21,22,18432,258048
21,37,20480,258048
27,49,2048,262144
27,22,7168,262144
27,75,7168,262144
27,22,8192,262144
27,22,10240,262144
27,22,11264,262144
27,22,12288,262144
27,48,12288,262144
27,39,13312,262144
27,41,13312,262144
27,22,14336,262144
27,37,16384,262144
27,24,18432,262144
27,43,18432,262144
49,22,5120,264192
49,75,5120,264192
49,22,6144,264192
49,22,8192,264192
49,22,9216,264192
49,22,10240,264192
49,48,10240,264192
49,39,11264,264192
49,41,11264,264192
49,22,12288,264192
49,37,14336,264192
49,24,16384,264192
49,43,16384,264192
49,32,17408,264192
22,75,0,269312
22,22,1024,269312
22,22,3072,269312
22,22,4096,269312
22,22,5120,269312
22,48,5120,269312
22,39,6144,269312
22,41,6144,269312
22,22,7168,269312
22,37,9216,269312
22,24,11264,269312
22,43,11264,269312
22,32,12288,269312
22,43,12288,269312
75,22,1024,269312
75,22,3072,269312
75,22,4096,269312
75,22,5120,269312
75,48,5120,269312
75,39,6144,269312
75,41,6144,269312
75,22,7168,269312
75,37,9216,269312
75,24,11264,269312
75,43,11264,269312
75,32,12288,269312
75,43,12288,269312
75,46,13312,269312
22,22,2048,270336
22,22,3072,270336
22,22,4096,270336
22,48,4096,270336
22,39,5120,270336
22,41,5120,270336
22,22,6144,270336
22,37,8192,270336
22,24,10240,270336
22,43,10240,270336
22,32,11264,270336
22,43,11264,270336
22,46,12288,270336
22,22,13312,270336
22,22,1024,272384
22,22,2048,272384
22,48,2048,272384
22,39,3072,272384
22,41,3072,272384
22,22,4096,272384
22,37,6144,272384
22,24,8192,272384
22,43,8192,272384
22,32,9216,272384
22,43,9216,272384
22,46,10240,272384
22,22,11264,272384
22,47,11264,272384
22,22,1024,273408
22,48,1024,273408
22,39,2048,273408
22,41,2048,273408
22,22,3072,273408
22,37,5120,273408
22,24,7168,273408
22,43,7168,273408
22,32,8192,273408
22,43,8192,273408
22,46,9216,273408
22,22,10240,273408
22,47,10240,273408
22,21,11264,273408
22,48,0,274432
22,39,1024,274432
22,41,1024,274432
22,22,2048,274432
22,37,4096,274432
22,24,6144,274432
22,43,6144,274432
22,32,7168,274432
22,43,7168,274432
22,46,8192,274432
22,22,9216,274432
22,47,9216,274432
22,21,10240,274432
22,42,10240,274432
48,39,1024,274432
48,41,1024,274432
48,22,2048,274432
48,37,4096,274432
48,24,6144,274432
48,43,6144,274432
48,32,7168,274432
48,43,7168,274432
48,46,8192,274432
48,22,9216,274432
48,47,9216,274432
48,21,10240,274432
48,42,10240,274432
48,33,11264,274432
39,41,0,275456
39,22,1024,275456
39,37,3072,275456
39,24,5120,275456
39,43,5120,275456
39,32,6144,275456
39,43,6144,275456
39,46,7168,275456
39,22,8192,275456
39,47,8192,275456
39,21,9216,275456
39,42,9216,275456
39,33,10240,275456
39,50,10240,275456
41,22,1024,275456
41,37,3072,275456
41,24,5120,275456
41,43,5120,275456
41,32,6144,275456
41,43,6144,275456
41,46,7168,275456
41,22,8192,275456
41,47,8192,275456
41,21,9216,275456
41,42,9216,275456
41,33,10240,275456
41,50,10240,275456
41,48,11264,275456
22,37,2048,276480
22,24,4096,276480
22,43,4096,276480
22,32,5120,276480
22,43,5120,276480
22,46,6144,276480
22,22,7168,276480
22,47,7168,276480
22,21,8192,276480
22,42,8192,276480
22,33,9216,276480
22,50,9216,276480
22,48,10240,276480
22,21,11264,276480
37,24,2048,278528
37,43,2048,278528
37,32,3072,278528
37,43,3072,278528
37,46,4096,278528
37,22,5120,278528
37,47,5120,278528
37,21,6144,278528
37,42,6144,278528
37,33,7168,278528
37,50,7168,278528
37,48,8192,278528
37,21,9216,278528
37,48,10240,278528
24,43,0,280576
24,32,1024,280576
24,43,1024,280576
24,46,2048,280576
24,22,3072,280576
24,47,3072,280576
24,21,4096,280576
24,42,4096,280576
24,33,5120,280576
24,50,5120,280576
24,48,6144,280576
24,21,7168,280576
24,48,8192,280576
24,45,9216,280576
43,32,1024,280576
43,43,1024,280576
43,46,2048,280576
43,22,3072,280576
43,47,3072,280576
43,21,4096,280576
43,42,4096,280576
43,33,5120,280576
43,50,5120,280576
43,48,6144,280576
43,21,7168,280576
43,48,8192,280576
43,45,9216,280576
43,46,10240,280576
32,43,0,281600
32,46,1024,281600
32,22,2048,281600
32,47,2048,281600
32,21,3072,281600
32,42,3072,281600
32,33,4096,281600
32,50,4096,281600
32,48,5120,281600
32,21,6144,281600
32,48,7168,281600
32,45,8192,281600
32,46,9216,281600
32,22,10240,281600
43,46,1024,281600
43,22,2048,281600
43,47,2048,281600
43,21,3072,281600
43,42,3072,281600
43,33,4096,281600
43,50,4096,281600
43,48,5120,281600
43,21,6144,281600
43,48,7168,281600
43,45,8192,281600
43,46,9216,281600
43,22,10240,281600
43,43,14336,281600
46,22,1024,282624
46,47,1024,282624
46,21,2048,282624
46,42,2048,282624
46,33,3072,282624
46,50,3072,282624
46,48,4096,282624
46,21,5120,282624
46,48,6144,282624
46,45,7168,282624
46,46,8192,282624
46,22,9216,282624
46,43,13312,282624
46,73,14336,282624
22,47,0,283648
22,21,1024,283648
22,42,1024,283648
22,33,2048,283648
22,50,2048,283648
22,48,3072,283648
22,21,4096,283648
22,48,5120,283648
22,45,6144,283648
22,46,7168,283648
22,22,8192,283648
22,43,12288,283648
22,73,13312,283648
22,41,14336,283648
47,21,1024,283648
47,42,1024,283648
47,33,2048,283648
47,50,2048,283648
47,48,3072,283648
47,21,4096,283648
47,48,5120,283648
47,45,6144,283648
47,46,7168,283648
47,22,8192,283648
47,43,12288,283648
47,73,13312,283648
47,41,14336,283648
47,41,18432,283648
21,42,0,284672
21,33,1024,284672
21,50,1024,284672
21,48,2048,284672
21,21,3072,284672
21,48,4096,284672
21,45,5120,284672
21,46,6144,284672
21,22,7168,284672
21,43,11264,284672
21,73,12288,284672
21,41,13312,284672
21,41,17408,284672
21,38,20480,284672
42,33,1024,284672
42,50,1024,284672
42,48,2048,284672
42,21,3072,284672
42,48,4096,284672
42,45,5120,284672
42,46,6144,284672
42,22,7168,284672
42,43,11264,284672
42,73,12288,284672
42,41,13312,284672
42,41,17408,284672
42,38,20480,284672
42,57,20480,284672
33,50,0,285696
33,48,1024,285696
33,21,2048,285696
33,48,3072,285696
33,45,4096,285696
33,46,5120,285696
33,22,6144,285696
33,43,10240,285696
33,73,11264,285696
33,41,12288,285696
33,41,16384,285696
33,38,19456,285696
33,57,19456,285696
50,48,1024,285696
50,21,2048,285696
50,48,3072,285696
50,45,4096,285696
50,46,5120,285696
50,22,6144,285696
50,43,10240,285696
50,73,11264,285696
50,41,12288,285696
50,41,16384,285696
50,38,19456,285696
50,57,19456,285696
48,21,1024,286720
48,48,2048,286720
48,45,3072,286720
48,46,4096,286720
48,22,5120,286720
48,43,9216,286720
48,73,10240,286720
48,41,11264,286720
48,41,15360,286720
48,38,18432,286720
48,57,18432,286720
48,24,20480,286720
48,43,20480,286720
21,48,1024,287744
21,45,2048,287744
21,46,3072,287744
21,22,4096,287744
21,43,8192,287744
21,73,9216,287744
21,41,10240,287744
21,41,14336,287744
21,38,17408,287744
21,57,17408,287744
21,24,19456,287744
21,43,19456,287744
48,45,1024,288768
48,46,2048,288768
48,22,3072,288768
48,43,7168,288768
48,73,8192,288768
48,41,9216,288768
48,41,13312,288768
48,38,16384,288768
48,57,16384,288768
48,24,18432,288768
48,43,18432,288768
48,47,20480,288768
45,46,1024,289792
45,22,2048,289792
45,43,6144,289792
45,73,7168,289792
45,41,8192,289792
45,41,12288,289792
45,38,15360,289792
45,57,15360,289792
45,24,17408,289792
45,43,17408,289792
45,47,19456,289792
46,22,1024,290816
46,43,5120,290816
46,73,6144,290816
46,41,7168,290816
46,41,11264,290816
46,38,14336,290816
46,57,14336,290816
46,24,16384,290816
46,43,16384,290816
46,47,18432,290816
46,22,20480,290816
46,46,20480,290816
22,43,4096,291840
22,73,5120,291840
22,41,6144,291840
22,41,10240,291840
22,38,13312,291840
22,57,13312,291840
22,24,15360,291840
22,43,15360,291840
22,47,17408,291840
22,22,19456,291840
22,46,19456,291840
43,73,1024,295936
43,41,2048,295936
43,41,6144,295936
43,38,9216,295936
43,57,9216,295936
43,24,11264,295936
43,43,11264,295936
43,47,13312,295936
43,22,15360,295936
43,46,15360,295936
43,27,19456,295936
43,48,19456,295936
43,49,20480,295936
73,41,1024,296960
73,41,5120,296960
73,38,8192,296960
73,57,8192,296960
73,24,10240,296960
73,43,10240,296960
73,47,12288,296960
73,22,14336,296960
73,46,14336,296960
73,27,18432,296960
73,48,18432,296960
73,49,19456,296960
41,41,4096,297984
41,38,7168,297984
41,57,7168,297984
41,24,9216,297984
41,43,9216,297984
41,47,11264,297984
41,22,13312,297984
41,46,13312,297984
41,27,17408,297984
41,48,17408,297984
41,49,18432,297984
41,38,3072,302080
41,57,3072,302080
41,24,5120,302080
41,43,5120,302080
41,47,7168,302080
41,22,9216,302080
41,46,9216,302080
41,27,13312,302080
41,48,13312,302080
41,49,14336,302080
41,40,17408,302080
41,44,19456,302080
41,22,20480,302080
41,44,20480,302080
38,57,0,305152
38,24,2048,305152
38,43,2048,305152
38,47,4096,305152
38,22,6144,305152
38,46,6144,305152
38,27,10240,305152
38,48,10240,305152
38,49,11264,305152
38,40,14336,305152
38,44,16384,305152
38,22,17408,305152
38,44,17408,305152
38,22,18432,305152
57,24,2048,305152
57,43,2048,305152
57,47,4096,305152
57,22,6144,305152
57,46,6144,305152
57,27,10240,305152
57,48,10240,305152
57,49,11264,305152
57,40,14336,305152
57,44,16384,305152
57,22,17408,305152
57,44,17408,305152
57,22,18432,305152
57,22,20480,305152
24,43,0,307200
24,47,2048,307200
24,22,4096,307200
24,46,4096,307200
24,27,8192,307200
24,48,8192,307200
24,49,9216,307200
24,40,12288,307200
24,44,14336,307200
24,22,15360,307200
24,44,15360,307200
24,22,16384,307200
24,22,18432,307200
24,47,18432,307200
43,47,2048,307200
43,22,4096,307200
43,46,4096,307200
43,27,8192,307200
43,48,8192,307200
43,49,9216,307200
43,40,12288,307200
43,44,14336,307200
43,22,15360,307200
43,44,15360,307200
43,22,16384,307200
43,22,18432,307200
43,47,18432,307200
43,22,19456,307200
47,22,2048,309248
47,46,2048,309248
47,27,6144,309248
47,48,6144,309248
47,49,7168,309248
47,40,10240,309248
47,44,12288,309248
47,22,13312,309248
47,44,13312,309248
47,22,14336,309248
47,22,16384,309248
47,47,16384,309248
47,22,17408,309248
47,45,18432,309248
22,46,0,311296
22,27,4096,311296
22,48,4096,311296
22,49,5120,311296
22,40,8192,311296
22,44,10240,311296
22,22,11264,311296
22,44,11264,311296
22,22,12288,311296
22,22,14336,311296
22,47,14336,311296
22,22,15360,311296
22,45,16384,311296
22,22,18432,311296
46,27,4096,311296
46,48,4096,311296
46,49,5120,311296
46,40,8192,311296
46,44,10240,311296
46,22,11264,311296
46,44,11264,311296
46,22,12288,311296
46,22,14336,311296
46,47,14336,311296
46,22,15360,311296
46,45,16384,311296
46,22,18432,311296
46,43,19456,311296
27,48,0,315392
27,49,1024,315392
27,40,4096,315392
27,44,6144,315392
27,22,7168,315392
27,44,7168,315392
27,22,8192,315392
27,22,10240,315392
27,47,10240,315392
27,22,11264,315392
27,45,12288,315392
27,22,14336,315392
27,43,15360,315392
27,22,16384,315392
48,49,1024,315392
48,40,4096,315392
48,44,6144,315392
48,22,7168,315392
48,44,7168,315392
48,22,8192,315392
48,22,10240,315392
48,47,10240,315392
48,22,11264,315392
48,45,12288,315392
48,22,14336,315392
48,43,15360,315392
48,22,16384,315392
49,40,3072,316416
49,44,5120,316416
49,22,6144,316416
49,44,6144,316416
49,22,7168,316416
49,22,9216,316416
49,47,9216,316416
49,22,10240,316416
49,45,11264,316416
49,22,13312,316416
49,43,14336,316416
49,22,15360,316416
40,44,2048,319488
40,22,3072,319488
40,44,3072,319488
40,22,4096,319488
40,22,6144,319488
40,47,6144,319488
40,22,7168,319488
40,45,8192,319488
40,22,10240,319488
40,43,11264,319488
40,22,12288,319488
40,43,18432,319488
44,22,1024,321536
44,44,1024,321536
44,22,2048,321536
44,22,4096,321536
44,47,4096,321536
44,22,5120,321536
44,45,6144,321536
44,22,8192,321536
44,43,9216,321536
44,22,10240,321536
44,43,16384,321536
44,27,20480,321536
44,44,20480,321536
22,44,0,322560
22,22,1024,322560
22,22,3072,322560
22,47,3072,322560
22,22,4096,322560
22,45,5120,322560
22,22,7168,322560
22,43,8192,322560
22,22,9216,322560
22,43,15360,322560
22,27,19456,322560
22,44,19456,322560
44,22,1024,322560
44,22,3072,322560
44,47,3072,322560
44,22,4096,322560
44,45,5120,322560
44,22,7168,322560
44,43,8192,322560
44,22,9216,322560
44,43,15360,322560
44,27,19456,322560
44,44,19456,322560
22,22,2048,323584
22,47,2048,323584
22,22,3072,323584
22,45,4096,323584
22,22,6144,323584
22,43,7168,323584
22,22,8192,323584
22,43,14336,323584
22,27,18432,323584
22,44,18432,323584
22,47,0,325632
22,22,1024,325632
22,45,2048,325632
22,22,4096,325632
22,43,5120,325632
22,22,6144,325632
22,43,12288,325632
22,27,16384,325632
22,44,16384,325632
47,22,1024,325632
47,45,2048,325632
47,22,4096,325632
47,43,5120,325632
47,22,6144,325632
47,43,12288,325632
47,27,16384,325632
47,44,16384,325632
22,45,1024,326656
22,22,3072,326656
22,43,4096,326656
22,22,5120,326656
22,43,11264,326656
22,27,15360,326656
22,44,15360,326656
45,22,2048,327680
45,43,3072,327680
45,22,4096,327680
45,43,10240,327680
45,27,14336,327680
45,44,14336,327680
22,43,1024,329728
22,22,2048,329728
22,43,8192,329728
22,27,12288,329728
22,44,12288,329728
43,22,1024,330752
43,43,7168,330752
43,27,11264,330752
43,44,11264,330752
22,43,6144,331776
22,27,10240,331776
22,44,10240,331776
43,27,4096,337920
43,44,4096,337920
27,44,0,342016
