21,22,10240,16384
21,69,10240,16384
21,68,11264,16384
21,65,14336,16384
21,58,15360,16384
21,58,16384,16384
21,59,17408,16384
21,65,18432,16384
21,65,19456,16384
21,67,20480,16384
22,69,0,26624
22,68,1024,26624
22,65,4096,26624
22,58,5120,26624
22,58,6144,26624
22,59,7168,26624
22,65,8192,26624
22,65,9216,26624
22,67,10240,26624
22,65,12288,26624
22,48,19456,26624
22,43,20480,26624
69,68,1024,26624
69,65,4096,26624
69,58,5120,26624
69,58,6144,26624
69,59,7168,26624
69,65,8192,26624
69,65,9216,26624
69,67,10240,26624
69,65,12288,26624
69,48,19456,26624
69,43,20480,26624
68,65,3072,27648
68,58,4096,27648
68,58,5120,27648
68,59,6144,27648
68,65,7168,27648
68,65,8192,27648
68,67,9216,27648
68,65,11264,27648
68,48,18432,27648
68,43,19456,27648
65,58,1024,30720
65,58,2048,30720
65,59,3072,30720
65,65,4096,30720
65,65,5120,30720
65,67,6144,30720
65,65,8192,30720
65,48,15360,30720
65,43,16384,30720
65,44,19456,30720
65,45,20480,30720
58,58,1024,31744
58,59,2048,31744
58,65,3072,31744
58,65,4096,31744
58,67,5120,31744
58,65,7168,31744
58,48,14336,31744
58,43,15360,31744
58,44,18432,31744
58,45,19456,31744
58,59,1024,32768
58,65,2048,32768
58,65,3072,32768
58,67,4096,32768
58,65,6144,32768
58,48,13312,32768
58,43,14336,32768
58,44,17408,32768
58,45,18432,32768
58,45,20480,32768
59,65,1024,33792
59,65,2048,33792
59,67,3072,33792
59,65,5120,33792
59,48,12288,33792
59,43,13312,33792
59,44,16384,33792
59,45,17408,33792
59,45,19456,33792
59,45,20480,33792
65,65,1024,34816
65,67,2048,34816
65,65,4096,34816
65,48,11264,34816
65,43,12288,34816
65,44,15360,34816
65,45,16384,34816
65,45,18432,34816
65,45,19456,34816
65,44,20480,34816
65,67,1024,35840
65,65,3072,35840
65,48,10240,35840
65,43,11264,35840
65,44,14336,35840
65,45,15360,35840
65,45,17408,35840
65,45,18432,35840
65,44,19456,35840
65,43,20480,35840
67,65,2048,36864
67,48,9216,36864
67,43,10240,36864
67,44,13312,36864
67,45,14336,36864
67,45,16384,36864
67,45,17408,36864
67,44,18432,36864
67,43,19456,36864
67,44,20480,36864
65,48,7168,38912
65,43,8192,38912
65,44,11264,38912
65,45,12288,38912
65,45,14336,38912
65,45,15360,38912
65,44,16384,38912
65,43,17408,38912
65,44,18432,38912
65,45,19456,38912
65,43,20480,38912
48,43,1024,46080
48,44,4096,46080
48,45,5120,46080
48,45,7168,46080
48,45,8192,46080
48,44,9216,46080
48,43,10240,46080
48,44,11264,46080
48,45,12288,46080
48,43,13312,46080
48,44,14336,46080
48,44,15360,46080
48,39,16384,46080
43,44,3072,47104
43,45,4096,47104
43,45,6144,47104
43,45,7168,47104
43,44,8192,47104
43,43,9216,47104
43,44,10240,47104
43,45,11264,47104
43,43,12288,47104
43,44,13312,47104
43,44,14336,47104
43,39,15360,47104
44,45,1024,50176
44,45,3072,50176
44,45,4096,50176
44,44,5120,50176
44,43,6144,50176
44,44,7168,50176
44,45,8192,50176
44,43,9216,50176
44,44,10240,50176
44,44,11264,50176
44,39,12288,50176
45,45,2048,51200
45,45,3072,51200
45,44,4096,51200
45,43,5120,51200
45,44,6144,51200
45,45,7168,51200
45,43,8192,51200
45,44,9216,51200
45,44,10240,51200
45,39,11264,51200
45,45,1024,53248
45,44,2048,53248
45,43,3072,53248
45,44,4096,53248
45,45,5120,53248
45,43,6144,53248
45,44,7168,53248
45,44,8192,53248
45,39,9216,53248
45,69,19456,53248
45,69,20480,53248
45,44,1024,54272
45,43,2048,54272
45,44,3072,54272
45,45,4096,54272
45,43,5120,54272
45,44,6144,54272
45,44,7168,54272
45,39,8192,54272
45,69,18432,54272
45,69,19456,54272
45,69,20480,54272
44,43,1024,55296
44,44,2048,55296
44,45,3072,55296
44,43,4096,55296
44,44,5120,55296
44,44,6144,55296
44,39,7168,55296
44,69,17408,55296
44,69,18432,55296
44,69,19456,55296
44,69,20480,55296
43,44,1024,56320
43,45,2048,56320
43,43,3072,56320
43,44,4096,56320
43,44,5120,56320
43,39,6144,56320
43,69,16384,56320
43,69,17408,56320
43,69,18432,56320
43,69,19456,56320
43,69,20480,56320
44,45,1024,57344
44,43,2048,57344
44,44,3072,57344
44,44,4096,57344
44,39,5120,57344
44,69,15360,57344
44,69,16384,57344
44,69,17408,57344
44,69,18432,57344
44,69,19456,57344
44,69,20480,57344
45,43,1024,58368
45,44,2048,58368
45,44,3072,58368
45,39,4096,58368
45,69,14336,58368
45,69,15360,58368
45,69,16384,58368
45,69,17408,58368
45,69,18432,58368
45,69,19456,58368
45,69,20480,58368
43,44,1024,59392
43,44,2048,59392
43,39,3072,59392
43,69,13312,59392
43,69,14336,59392
43,69,15360,59392
43,69,16384,59392
43,69,17408,59392
43,69,18432,59392
43,69,19456,59392
43,69,20480,59392
44,44,1024,60416
44,39,2048,60416
44,69,12288,60416
44,69,13312,60416
44,69,14336,60416
44,69,15360,60416
44,69,16384,60416
44,69,17408,60416
44,69,18432,60416
44,69,19456,60416
44,69,20480,60416
44,39,1024,61440
44,69,11264,61440
44,69,12288,61440
44,69,13312,61440
44,69,14336,61440
44,69,15360,61440
44,69,16384,61440
44,69,17408,61440
44,69,18432,61440
44,69,19456,61440
44,69,20480,61440
39,69,10240,62464
39,69,11264,62464
39,69,12288,62464
39,69,13312,62464
39,69,14336,62464
39,69,15360,62464
39,69,16384,62464
39,69,17408,62464
39,69,18432,62464
39,69,19456,62464
39,70,20480,62464
69,69,1024,72704
69,69,2048,72704
69,69,3072,72704
69,69,4096,72704
69,69,5120,72704
69,69,6144,72704
69,69,7168,72704
69,69,8192,72704
69,69,9216,72704
69,70,10240,72704
69,68,12288,72704
69,68,13312,72704
69,65,15360,72704
69,65,17408,72704
69,69,1024,73728
69,69,2048,73728
69,69,3072,73728
69,69,4096,73728
69,69,5120,73728
69,69,6144,73728
69,69,7168,73728
69,69,8192,73728
69,70,9216,73728
69,68,11264,73728
69,68,12288,73728
69,65,14336,73728
69,65,16384,73728
69,65,17408,73728
69,69,1024,74752
69,69,2048,74752
69,69,3072,74752
69,69,4096,74752
69,69,5120,74752
69,69,6144,74752
69,69,7168,74752
69,70,8192,74752
69,68,10240,74752
69,68,11264,74752
69,65,13312,74752
69,65,15360,74752
69,65,16384,74752
69,65,17408,74752
69,69,1024,75776
69,69,2048,75776
69,69,3072,75776
69,69,4096,75776
69,69,5120,75776
69,69,6144,75776
69,70,7168,75776
69,68,9216,75776
69,68,10240,75776
69,65,12288,75776
69,65,14336,75776
69,65,15360,75776
69,65,16384,75776
69,65,17408,75776
69,69,1024,76800
69,69,2048,76800
69,69,3072,76800
69,69,4096,76800
69,69,5120,76800
69,70,6144,76800
69,68,8192,76800
69,68,9216,76800
69,65,11264,76800
69,65,13312,76800
69,65,14336,76800
69,65,15360,76800
69,65,16384,76800
69,65,17408,76800
69,69,1024,77824
69,69,2048,77824
69,69,3072,77824
69,69,4096,77824
69,70,5120,77824
69,68,7168,77824
69,68,8192,77824
69,65,10240,77824
69,65,12288,77824
69,65,13312,77824
69,65,14336,77824
69,65,15360,77824
69,65,16384,77824
69,65,17408,77824
69,69,1024,78848
69,69,2048,78848
69,69,3072,78848
69,70,4096,78848
69,68,6144,78848
69,68,7168,78848
69,65,9216,78848
69,65,11264,78848
69,65,12288,78848
69,65,13312,78848
69,65,14336,78848
69,65,15360,78848
69,65,16384,78848
69,65,17408,78848
69,69,1024,79872
69,69,2048,79872
69,70,3072,79872
69,68,5120,79872
69,68,6144,79872
69,65,8192,79872
69,65,10240,79872
69,65,11264,79872
69,65,12288,79872
69,65,13312,79872
69,65,14336,79872
69,65,15360,79872
69,65,16384,79872
69,65,17408,79872
69,69,1024,80896
69,70,2048,80896
69,68,4096,80896
69,68,5120,80896
69,65,7168,80896
69,65,9216,80896
69,65,10240,80896
69,65,11264,80896
69,65,12288,80896
69,65,13312,80896
69,65,14336,80896
69,65,15360,80896
69,65,16384,80896
69,65,17408,80896
69,70,1024,81920
69,68,3072,81920
69,68,4096,81920
69,65,6144,81920
69,65,8192,81920
69,65,9216,81920
69,65,10240,81920
69,65,11264,81920
69,65,12288,81920
69,65,13312,81920
69,65,14336,81920
69,65,15360,81920
69,65,16384,81920
69,65,17408,81920
70,68,2048,82944
70,68,3072,82944
70,65,5120,82944
70,65,7168,82944
70,65,8192,82944
70,65,9216,82944
70,65,10240,82944
70,65,11264,82944
70,65,12288,82944
70,65,13312,82944
70,65,14336,82944
70,65,15360,82944
70,65,16384,82944
70,65,17408,82944
68,68,1024,84992
68,65,3072,84992
68,65,5120,84992
68,65,6144,84992
68,65,7168,84992
68,65,8192,84992
68,65,9216,84992
68,65,10240,84992
68,65,11264,84992
68,65,12288,84992
68,65,13312,84992
68,65,14336,84992
68,65,15360,84992
68,65,16384,84992
68,65,2048,86016
68,65,4096,86016
68,65,5120,86016
68,65,6144,86016
68,65,7168,86016
68,65,8192,86016
68,65,9216,86016
68,65,10240,86016
68,65,11264,86016
68,65,12288,86016
68,65,13312,86016
68,65,14336,86016
68,65,15360,86016
68,65,16384,86016
65,65,2048,88064
65,65,3072,88064
65,65,4096,88064
65,65,5120,88064
65,65,6144,88064
65,65,7168,88064
65,65,8192,88064
65,65,9216,88064
65,65,10240,88064
65,65,11264,88064
65,65,12288,88064
65,65,13312,88064
65,65,14336,88064
65,65,15360,88064
65,65,1024,90112
65,65,2048,90112
65,65,3072,90112
65,65,4096,90112
65,65,5120,90112
65,65,6144,90112
65,65,7168,90112
65,65,8192,90112
65,65,9216,90112
65,65,10240,90112
65,65,11264,90112
65,65,12288,90112
65,65,13312,90112
65,65,15360,90112
65,65,1024,91136
65,65,2048,91136
65,65,3072,91136
65,65,4096,91136
65,65,5120,91136
65,65,6144,91136
65,65,7168,91136
65,65,8192,91136
65,65,9216,91136
65,65,10240,91136
65,65,11264,91136
65,65,12288,91136
65,65,14336,91136
65,58,15360,91136
65,65,1024,92160
65,65,2048,92160
65,65,3072,92160
65,65,4096,92160
65,65,5120,92160
65,65,6144,92160
65,65,7168,92160
65,65,8192,92160
65,65,9216,92160
65,65,10240,92160
65,65,11264,92160
65,65,13312,92160
65,58,14336,92160
65,58,15360,92160
65,65,1024,93184
65,65,2048,93184
65,65,3072,93184
65,65,4096,93184
65,65,5120,93184
65,65,6144,93184
65,65,7168,93184
65,65,8192,93184
65,65,9216,93184
65,65,10240,93184
65,65,12288,93184
65,58,13312,93184
65,58,14336,93184
65,65,15360,93184
65,65,1024,94208
65,65,2048,94208
65,65,3072,94208
65,65,4096,94208
65,65,5120,94208
65,65,6144,94208
65,65,7168,94208
65,65,8192,94208
65,65,9216,94208
65,65,11264,94208
65,58,12288,94208
65,58,13312,94208
65,65,14336,94208
65,58,15360,94208
65,65,1024,95232
65,65,2048,95232
65,65,3072,95232
65,65,4096,95232
65,65,5120,95232
65,65,6144,95232
65,65,7168,95232
65,65,8192,95232
65,65,10240,95232
65,58,11264,95232
65,58,12288,95232
65,65,13312,95232
65,58,14336,95232
65,60,15360,95232
65,65,1024,96256
65,65,2048,96256
65,65,3072,96256
65,65,4096,96256
65,65,5120,96256
65,65,6144,96256
65,65,7168,96256
65,65,9216,96256
65,58,10240,96256
65,58,11264,96256
65,65,12288,96256
65,58,13312,96256
65,60,14336,96256
65,65,15360,96256
65,65,1024,97280
65,65,2048,97280
65,65,3072,97280
65,65,4096,97280
65,65,5120,97280
65,65,6144,97280
65,65,8192,97280
65,58,9216,97280
65,58,10240,97280
65,65,11264,97280
65,58,12288,97280
65,60,13312,97280
65,65,14336,97280
65,65,15360,97280
65,65,1024,98304
65,65,2048,98304
65,65,3072,98304
65,65,4096,98304
65,65,5120,98304
65,65,7168,98304
65,58,8192,98304
65,58,9216,98304
65,65,10240,98304
65,58,11264,98304
65,60,12288,98304
65,65,13312,98304
65,65,14336,98304
65,64,15360,98304
65,65,1024,99328
65,65,2048,99328
65,65,3072,99328
65,65,4096,99328
65,65,6144,99328
65,58,7168,99328
65,58,8192,99328
65,65,9216,99328
65,58,10240,99328
65,60,11264,99328
65,65,12288,99328
65,65,13312,99328
65,64,14336,99328
65,65,15360,99328
65,65,1024,100352
65,65,2048,100352
65,65,3072,100352
65,65,5120,100352
65,58,6144,100352
65,58,7168,100352
65,65,8192,100352
65,58,9216,100352
65,60,10240,100352
65,65,11264,100352
65,65,12288,100352
65,64,13312,100352
65,65,14336,100352
65,65,15360,100352
65,65,1024,101376
65,65,2048,101376
65,65,4096,101376
65,58,5120,101376
65,58,6144,101376
65,65,7168,101376
65,58,8192,101376
65,60,9216,101376
65,65,10240,101376
65,65,11264,101376
65,64,12288,101376
65,65,13312,101376
65,65,14336,101376
65,65,15360,101376
65,65,1024,102400
65,65,3072,102400
65,58,4096,102400
65,58,5120,102400
65,65,6144,102400
65,58,7168,102400
65,60,8192,102400
65,65,9216,102400
65,65,10240,102400
65,64,11264,102400
65,65,12288,102400
65,65,13312,102400
65,65,14336,102400
65,65,15360,102400
65,65,2048,103424
65,58,3072,103424
65,58,4096,103424
65,65,5120,103424
65,58,6144,103424
65,60,7168,103424
65,65,8192,103424
65,65,9216,103424
65,64,10240,103424
65,65,11264,103424
65,65,12288,103424
65,65,13312,103424
65,65,14336,103424
65,49,16384,103424
65,58,1024,105472
65,58,2048,105472
65,65,3072,105472
65,58,4096,105472
65,60,5120,105472
65,65,6144,105472
65,65,7168,105472
65,64,8192,105472
65,65,9216,105472
65,65,10240,105472
65,65,11264,105472
65,65,12288,105472
65,49,14336,105472
65,65,15360,105472
58,58,1024,106496
58,65,2048,106496
58,58,3072,106496
58,60,4096,106496
58,65,5120,106496
58,65,6144,106496
58,64,7168,106496
58,65,8192,106496
58,65,9216,106496
58,65,10240,106496
58,65,11264,106496
58,49,13312,106496
58,65,14336,106496
58,65,15360,106496
58,65,1024,107520
58,58,2048,107520
58,60,3072,107520
58,65,4096,107520
58,65,5120,107520
58,64,6144,107520
58,65,7168,107520
58,65,8192,107520
58,65,9216,107520
58,65,10240,107520
58,49,12288,107520
58,65,13312,107520
58,65,14336,107520
58,45,15360,107520
65,58,1024,108544
65,60,2048,108544
65,65,3072,108544
65,65,4096,108544
65,64,5120,108544
65,65,6144,108544
65,65,7168,108544
65,65,8192,108544
65,65,9216,108544
65,49,11264,108544
65,65,12288,108544
65,65,13312,108544
65,45,14336,108544
65,44,15360,108544
58,60,1024,109568
58,65,2048,109568
58,65,3072,109568
58,64,4096,109568
58,65,5120,109568
58,65,6144,109568
58,65,7168,109568
58,65,8192,109568
58,49,10240,109568
58,65,11264,109568
58,65,12288,109568
58,45,13312,109568
58,44,14336,109568
58,43,15360,109568
60,65,1024,110592
60,65,2048,110592
60,64,3072,110592
60,65,4096,110592
60,65,5120,110592
60,65,6144,110592
60,65,7168,110592
60,49,9216,110592
60,65,10240,110592
60,65,11264,110592
60,45,12288,110592
60,44,13312,110592
60,43,14336,110592
60,45,15360,110592
65,65,1024,111616
65,64,2048,111616
65,65,3072,111616
65,65,4096,111616
65,65,5120,111616
65,65,6144,111616
65,49,8192,111616
65,65,9216,111616
65,65,10240,111616
65,45,11264,111616
65,44,12288,111616
65,43,13312,111616
65,45,14336,111616
65,64,15360,111616
65,64,1024,112640
65,65,2048,112640
65,65,3072,112640
65,65,4096,112640
65,65,5120,112640
65,49,7168,112640
65,65,8192,112640
65,65,9216,112640
65,45,10240,112640
65,44,11264,112640
65,43,12288,112640
65,45,13312,112640
65,64,14336,112640
65,65,15360,112640
64,65,1024,113664
64,65,2048,113664
64,65,3072,113664
64,65,4096,113664
64,49,6144,113664
64,65,7168,113664
64,65,8192,113664
64,45,9216,113664
64,44,10240,113664
64,43,11264,113664
64,45,12288,113664
64,64,13312,113664
64,65,14336,113664
64,39,15360,113664
65,65,1024,114688
65,65,2048,114688
65,65,3072,114688
65,49,5120,114688
65,65,6144,114688
65,65,7168,114688
65,45,8192,114688
65,44,9216,114688
65,43,10240,114688
65,45,11264,114688
65,64,12288,114688
65,65,13312,114688
65,39,14336,114688
65,65,15360,114688
65,65,1024,115712
65,65,2048,115712
65,49,4096,115712
65,65,5120,115712
65,65,6144,115712
65,45,7168,115712
65,44,8192,115712
65,43,9216,115712
65,45,10240,115712
65,64,11264,115712
65,65,12288,115712
65,39,13312,115712
65,65,14336,115712
65,39,15360,115712
65,65,1024,116736
65,49,3072,116736
65,65,4096,116736
65,65,5120,116736
65,45,6144,116736
65,44,7168,116736
65,43,8192,116736
65,45,9216,116736
65,64,10240,116736
65,65,11264,116736
65,39,12288,116736
65,65,13312,116736
65,39,14336,116736
65,65,14336,116736
65,49,2048,117760
65,65,3072,117760
65,65,4096,117760
65,45,5120,117760
65,44,6144,117760
65,43,7168,117760
65,45,8192,117760
65,64,9216,117760
65,65,10240,117760
65,39,11264,117760
65,65,12288,117760
65,39,13312,117760
65,65,13312,117760
65,65,14336,117760
49,65,1024,119808
49,65,2048,119808
49,45,3072,119808
49,44,4096,119808
49,43,5120,119808
49,45,6144,119808
49,64,7168,119808
49,65,8192,119808
49,39,9216,119808
49,65,10240,119808
49,39,11264,119808
49,65,11264,119808
49,65,12288,119808
49,22,13312,119808
65,65,1024,120832
65,45,2048,120832
65,44,3072,120832
65,43,4096,120832
65,45,5120,120832
65,64,6144,120832
65,65,7168,120832
65,39,8192,120832
65,65,9216,120832
65,39,10240,120832
65,65,10240,120832
65,65,11264,120832
65,22,12288,120832
65,43,12288,120832
65,45,1024,121856
65,44,2048,121856
65,43,3072,121856
65,45,4096,121856
65,64,5120,121856
65,65,6144,121856
65,39,7168,121856
65,65,8192,121856
65,39,9216,121856
65,65,9216,121856
65,65,10240,121856
65,22,11264,121856
65,43,11264,121856
65,22,12288,121856
45,44,1024,122880
45,43,2048,122880
45,45,3072,122880
45,64,4096,122880
45,65,5120,122880
45,39,6144,122880
45,65,7168,122880
45,39,8192,122880
45,65,8192,122880
45,65,9216,122880
45,22,10240,122880
45,43,10240,122880
45,22,11264,122880
45,43,11264,122880
44,43,1024,123904
44,45,2048,123904
44,64,3072,123904
44,65,4096,123904
44,39,5120,123904
44,65,6144,123904
44,39,7168,123904
44,65,7168,123904
44,65,8192,123904
44,22,9216,123904
44,43,9216,123904
44,22,10240,123904
44,43,10240,123904
44,43,11264,123904
43,45,1024,124928
43,64,2048,124928
43,65,3072,124928
43,39,4096,124928
43,65,5120,124928
43,39,6144,124928
43,65,6144,124928
43,65,7168,124928
43,22,8192,124928
43,43,8192,124928
43,22,9216,124928
43,43,9216,124928
43,43,10240,124928
43,43,11264,124928
45,64,1024,125952
45,65,2048,125952
45,39,3072,125952
45,65,4096,125952
45,39,5120,125952
45,65,5120,125952
45,65,6144,125952
45,22,7168,125952
45,43,7168,125952
45,22,8192,125952
45,43,8192,125952
45,43,9216,125952
45,43,10240,125952
45,43,11264,125952
64,65,1024,126976
64,39,2048,126976
64,65,3072,126976
64,39,4096,126976
64,65,4096,126976
64,65,5120,126976
64,22,6144,126976
64,43,6144,126976
64,22,7168,126976
64,43,7168,126976
64,43,8192,126976
64,43,9216,126976
64,43,10240,126976
64,43,11264,126976
65,39,1024,128000
65,65,2048,128000
65,39,3072,128000
65,65,3072,128000
65,65,4096,128000
65,22,5120,128000
65,43,5120,128000
65,22,6144,128000
65,43,6144,128000
65,43,7168,128000
65,43,8192,128000
65,43,9216,128000
65,43,10240,128000
65,65,12288,128000
39,65,1024,129024
39,39,2048,129024
39,65,2048,129024
39,65,3072,129024
39,22,4096,129024
39,43,4096,129024
39,22,5120,129024
39,43,5120,129024
39,43,6144,129024
39,43,7168,129024
39,43,8192,129024
39,43,9216,129024
39,65,11264,129024
39,64,12288,129024
65,39,1024,130048
65,65,1024,130048
65,65,2048,130048
65,22,3072,130048
65,43,3072,130048
65,22,4096,130048
65,43,4096,130048
65,43,5120,130048
65,43,6144,130048
65,43,7168,130048
65,43,8192,130048
65,65,10240,130048
65,64,11264,130048
65,43,13312,130048
39,65,0,131072
39,65,1024,131072
39,22,2048,131072
39,43,2048,131072
39,22,3072,131072
39,43,3072,131072
39,43,4096,131072
39,43,5120,131072
39,43,6144,131072
39,43,7168,131072
39,65,9216,131072
39,64,10240,131072
39,43,12288,131072
39,65,13312,131072
65,65,1024,131072
65,22,2048,131072
65,43,2048,131072
65,22,3072,131072
65,43,3072,131072
65,43,4096,131072
65,43,5120,131072
65,43,6144,131072
65,43,7168,131072
65,65,9216,131072
65,64,10240,131072
65,43,12288,131072
65,65,13312,131072
65,65,14336,131072
65,22,1024,132096
65,43,1024,132096
65,22,2048,132096
65,43,2048,132096
65,43,3072,132096
65,43,4096,132096
65,43,5120,132096
65,43,6144,132096
65,65,8192,132096
65,64,9216,132096
65,43,11264,132096
65,65,12288,132096
65,65,13312,132096
65,43,14336,132096
22,43,0,133120
22,22,1024,133120
22,43,1024,133120
22,43,2048,133120
22,43,3072,133120
22,43,4096,133120
22,43,5120,133120
22,65,7168,133120
22,64,8192,133120
22,43,10240,133120
22,65,11264,133120
22,65,12288,133120
22,43,13312,133120
22,47,14336,133120
43,22,1024,133120
43,43,1024,133120
43,43,2048,133120
43,43,3072,133120
43,43,4096,133120
43,43,5120,133120
43,65,7168,133120
43,64,8192,133120
43,43,10240,133120
43,65,11264,133120
43,65,12288,133120
43,43,13312,133120
43,47,14336,133120
43,43,15360,133120
22,43,0,134144
22,43,1024,134144
22,43,2048,134144
22,43,3072,134144
22,43,4096,134144
22,65,6144,134144
22,64,7168,134144
22,43,9216,134144
22,65,10240,134144
22,65,11264,134144
22,43,12288,134144
22,47,13312,134144
22,43,14336,134144
22,43,15360,134144
43,43,1024,134144
43,43,2048,134144
43,43,3072,134144
43,43,4096,134144
43,65,6144,134144
43,64,7168,134144
43,43,9216,134144
43,65,10240,134144
43,65,11264,134144
43,43,12288,134144
43,47,13312,134144
43,43,14336,134144
43,43,15360,134144
43,65,16384,134144
43,43,1024,135168
43,43,2048,135168
43,43,3072,135168
43,65,5120,135168
43,64,6144,135168
43,43,8192,135168
43,65,9216,135168
43,65,10240,135168
43,43,11264,135168
43,47,12288,135168
43,43,13312,135168
43,43,14336,135168
43,65,15360,135168
43,58,17408,135168
43,43,1024,136192
43,43,2048,136192
43,65,4096,136192
43,64,5120,136192
43,43,7168,136192
43,65,8192,136192
43,65,9216,136192
43,43,10240,136192
43,47,11264,136192
43,43,12288,136192
43,43,13312,136192
43,65,14336,136192
43,58,16384,136192
43,61,17408,136192
43,43,1024,137216
43,65,3072,137216
43,64,4096,137216
43,43,6144,137216
43,65,7168,137216
43,65,8192,137216
43,43,9216,137216
43,47,10240,137216
43,43,11264,137216
43,43,12288,137216
43,65,13312,137216
43,58,15360,137216
43,61,16384,137216
43,58,17408,137216
43,65,2048,138240
43,64,3072,138240
43,43,5120,138240
43,65,6144,138240
43,65,7168,138240
43,43,8192,138240
43,47,9216,138240
43,43,10240,138240
43,43,11264,138240
43,65,12288,138240
43,58,14336,138240
43,61,15360,138240
43,58,16384,138240
43,43,17408,138240
65,64,1024,140288
65,43,3072,140288
65,65,4096,140288
65,65,5120,140288
65,43,6144,140288
65,47,7168,140288
65,43,8192,140288
65,43,9216,140288
65,65,10240,140288
65,58,12288,140288
65,61,13312,140288
65,58,14336,140288
65,43,15360,140288
65,43,16384,140288
64,43,2048,141312
64,65,3072,141312
64,65,4096,141312
64,43,5120,141312
64,47,6144,141312
64,43,7168,141312
64,43,8192,141312
64,65,9216,141312
64,58,11264,141312
64,61,12288,141312
64,58,13312,141312
64,43,14336,141312
64,43,15360,141312
64,59,16384,141312
43,65,1024,143360
43,65,2048,143360
43,43,3072,143360
43,47,4096,143360
43,43,5120,143360
43,43,6144,143360
43,65,7168,143360
43,58,9216,143360
43,61,10240,143360
43,58,11264,143360
43,43,12288,143360
43,43,13312,143360
43,59,14336,143360
43,48,15360,143360
65,65,1024,144384
65,43,2048,144384
65,47,3072,144384
65,43,4096,144384
65,43,5120,144384
65,65,6144,144384
65,58,8192,144384
65,61,9216,144384
65,58,10240,144384
65,43,11264,144384
65,43,12288,144384
65,59,13312,144384
65,48,14336,144384
65,49,15360,144384
65,43,1024,145408
65,47,2048,145408
65,43,3072,145408
65,43,4096,145408
65,65,5120,145408
65,58,7168,145408
65,61,8192,145408
65,58,9216,145408
65,43,10240,145408
65,43,11264,145408
65,59,12288,145408
65,48,13312,145408
65,49,14336,145408
65,43,16384,145408
43,47,1024,146432
43,43,2048,146432
43,43,3072,146432
43,65,4096,146432
43,58,6144,146432
43,61,7168,146432
43,58,8192,146432
43,43,9216,146432
43,43,10240,146432
43,59,11264,146432
43,48,12288,146432
43,49,13312,146432
43,43,15360,146432
43,43,16384,146432
47,43,1024,147456
47,43,2048,147456
47,65,3072,147456
47,58,5120,147456
47,61,6144,147456
47,58,7168,147456
47,43,8192,147456
47,43,9216,147456
47,59,10240,147456
47,48,11264,147456
47,49,12288,147456
47,43,14336,147456
47,43,15360,147456
47,49,16384,147456
43,43,1024,148480
43,65,2048,148480
43,58,4096,148480
43,61,5120,148480
43,58,6144,148480
43,43,7168,148480
43,43,8192,148480
43,59,9216,148480
43,48,10240,148480
43,49,11264,148480
43,43,13312,148480
43,43,14336,148480
43,49,15360,148480
43,49,16384,148480
43,65,1024,149504
43,58,3072,149504
43,61,4096,149504
43,58,5120,149504
43,43,6144,149504
43,43,7168,149504
43,59,8192,149504
43,48,9216,149504
43,49,10240,149504
43,43,12288,149504
43,43,13312,149504
43,49,14336,149504
43,49,15360,149504
43,44,17408,149504
65,58,2048,150528
65,61,3072,150528
65,58,4096,150528
65,43,5120,150528
65,43,6144,150528
65,59,7168,150528
65,48,8192,150528
65,49,9216,150528
65,43,11264,150528
65,43,12288,150528
65,49,13312,150528
65,49,14336,150528
65,44,16384,150528
65,43,17408,150528
58,61,1024,152576
58,58,2048,152576
58,43,3072,152576
58,43,4096,152576
58,59,5120,152576
58,48,6144,152576
58,49,7168,152576
58,43,9216,152576
58,43,10240,152576
58,49,11264,152576
58,49,12288,152576
58,44,14336,152576
58,43,15360,152576
58,43,16384,152576
61,58,1024,153600
61,43,2048,153600
61,43,3072,153600
61,59,4096,153600
61,48,5120,153600
61,49,6144,153600
61,43,8192,153600
61,43,9216,153600
61,49,10240,153600
61,49,11264,153600
61,44,13312,153600
61,43,14336,153600
61,43,15360,153600
61,45,16384,153600
58,43,1024,154624
58,43,2048,154624
58,59,3072,154624
58,48,4096,154624
58,49,5120,154624
58,43,7168,154624
58,43,8192,154624
58,49,9216,154624
58,49,10240,154624
58,44,12288,154624
58,43,13312,154624
58,43,14336,154624
58,45,15360,154624
58,44,16384,154624
43,43,1024,155648
43,59,2048,155648
43,48,3072,155648
43,49,4096,155648
43,43,6144,155648
43,43,7168,155648
43,49,8192,155648
43,49,9216,155648
43,44,11264,155648
43,43,12288,155648
43,43,13312,155648
43,45,14336,155648
43,44,15360,155648
43,22,17408,155648
43,59,1024,156672
43,48,2048,156672
43,49,3072,156672
43,43,5120,156672
43,43,6144,156672
43,49,7168,156672
43,49,8192,156672
43,44,10240,156672
43,43,11264,156672
43,43,12288,156672
43,45,13312,156672
43,44,14336,156672
43,22,16384,156672
43,46,16384,156672
59,48,1024,157696
59,49,2048,157696
59,43,4096,157696
59,43,5120,157696
59,49,6144,157696
59,49,7168,157696
59,44,9216,157696
59,43,10240,157696
59,43,11264,157696
59,45,12288,157696
59,44,13312,157696
59,22,15360,157696
59,46,15360,157696
59,44,17408,157696
48,49,1024,158720
48,43,3072,158720
48,43,4096,158720
48,49,5120,158720
48,49,6144,158720
48,44,8192,158720
48,43,9216,158720
48,43,10240,158720
48,45,11264,158720
48,44,12288,158720
48,22,14336,158720
48,46,14336,158720
48,44,16384,158720
48,22,19456,158720
49,43,2048,159744
49,43,3072,159744
49,49,4096,159744
49,49,5120,159744
49,44,7168,159744
49,43,8192,159744
49,43,9216,159744
49,45,10240,159744
49,44,11264,159744
49,22,13312,159744
49,46,13312,159744
49,44,15360,159744
49,22,18432,159744
49,22,20480,159744
43,43,1024,161792
43,49,2048,161792
43,49,3072,161792
43,44,5120,161792
43,43,6144,161792
43,43,7168,161792
43,45,8192,161792
43,44,9216,161792
43,22,11264,161792
43,46,11264,161792
43,44,13312,161792
43,22,16384,161792
43,22,18432,161792
43,49,1024,162816
43,49,2048,162816
43,44,4096,162816
43,43,5120,162816
43,43,6144,162816
43,45,7168,162816
43,44,8192,162816
43,22,10240,162816
43,46,10240,162816
43,44,12288,162816
43,22,15360,162816
43,22,17408,162816
43,38,20480,162816
49,49,1024,163840
49,44,3072,163840
49,43,4096,163840
49,43,5120,163840
49,45,6144,163840
49,44,7168,163840
49,22,9216,163840
49,46,9216,163840
49,44,11264,163840
49,22,14336,163840
49,22,16384,163840
49,38,19456,163840
49,44,2048,164864
49,43,3072,164864
49,43,4096,164864
49,45,5120,164864
49,44,6144,164864
49,22,8192,164864
49,46,8192,164864
49,44,10240,164864
49,22,13312,164864
49,22,15360,164864
49,38,18432,164864
44,43,1024,166912
44,43,2048,166912
44,45,3072,166912
44,44,4096,166912
44,22,6144,166912
44,46,6144,166912
44,44,8192,166912
44,22,11264,166912
44,22,13312,166912
44,38,16384,166912
43,43,1024,167936
43,45,2048,167936
43,44,3072,167936
43,22,5120,167936
43,46,5120,167936
43,44,7168,167936
43,22,10240,167936
43,22,12288,167936
43,38,15360,167936
43,45,1024,168960
43,44,2048,168960
43,22,4096,168960
43,46,4096,168960
43,44,6144,168960
43,22,9216,168960
43,22,11264,168960
43,38,14336,168960
45,44,1024,169984
45,22,3072,169984
45,46,3072,169984
45,44,5120,169984
45,22,8192,169984
45,22,10240,169984
45,38,13312,169984
44,22,2048,171008
44,46,2048,171008
44,44,4096,171008
44,22,7168,171008
44,22,9216,171008
44,38,12288,171008
22,46,0,173056
22,44,2048,173056
22,22,5120,173056
22,22,7168,173056
22,38,10240,173056
46,44,2048,173056
46,22,5120,173056
46,22,7168,173056
46,38,10240,173056
44,22,3072,175104
44,22,5120,175104
44,38,8192,175104
22,22,2048,178176
22,38,5120,178176
22,79,20480,178176
22,38,3072,180224
22,79,18432,180224
22,79,19456,180224
22,78,20480,180224
38,79,15360,183296
38,79,16384,183296
38,78,17408,183296
38,52,19456,183296
79,79,1024,198656
79,78,2048,198656
79,52,4096,198656
79,63,20480,198656
79,78,1024,199680
79,52,3072,199680
79,63,19456,199680
78,52,2048,200704
78,63,18432,200704
52,63,16384,202752
52,22,19456,202752
63,22,3072,219136
65,45,2048,261120
65,46,3072,261120
65,43,5120,261120
65,44,6144,261120
65,43,7168,261120
65,22,8192,261120
65,43,8192,261120
65,64,9216,261120
45,46,1024,263168
45,43,3072,263168
45,44,4096,263168
45,43,5120,263168
45,22,6144,263168
45,43,6144,263168
45,64,7168,263168
46,43,2048,264192
46,44,3072,264192
46,43,4096,264192
46,22,5120,264192
46,43,5120,264192
46,64,6144,264192
43,44,1024,266240
43,43,2048,266240
43,22,3072,266240
43,43,3072,266240
43,64,4096,266240
43,48,19456,266240
44,43,1024,267264
44,22,2048,267264
44,43,2048,267264
44,64,3072,267264
44,48,18432,267264
43,22,1024,268288
43,43,1024,268288
43,64,2048,268288
43,48,17408,268288
43,21,20480,268288
22,43,0,269312
22,64,1024,269312
22,48,16384,269312
22,21,19456,269312
43,64,1024,269312
43,48,16384,269312
43,21,19456,269312
64,48,15360,270336
64,21,18432,270336
48,21,3072,285696
21,66,19456,288768
21,65,20480,288768
66,65,1024,308224
66,29,20480,308224
65,29,19456,309248
29,58,3072,328704
29,29,6144,328704
29,29,7168,328704
29,39,9216,328704
29,58,12288,328704
58,29,3072,331776
58,29,4096,331776
58,39,6144,331776
58,58,9216,331776
29,29,1024,334848
29,39,3072,334848
29,58,6144,334848
29,39,2048,335872
29,58,5120,335872
39,58,3072,337920
