29,37,1024,10240
29,22,8192,10240
29,37,11264,10240
29,42,13312,10240
29,33,16384,10240
29,46,19456,10240
37,22,7168,11264
37,37,10240,11264
37,42,12288,11264
37,33,15360,11264
37,46,18432,11264
37,40,20480,11264
22,37,3072,18432
22,42,5120,18432
22,33,8192,18432
22,46,11264,18432
22,40,13312,18432
22,41,15360,18432
22,24,16384,18432
22,57,16384,18432
22,24,17408,18432
22,25,18432,18432
37,42,2048,21504
37,33,5120,21504
37,46,8192,21504
37,40,10240,21504
37,41,12288,21504
37,24,13312,21504
37,57,13312,21504
37,24,14336,21504
37,25,15360,21504
37,24,18432,21504
42,33,3072,23552
42,46,6144,23552
42,40,8192,23552
42,41,10240,23552
42,24,11264,23552
42,57,11264,23552
42,24,12288,23552
42,25,13312,23552
42,24,16384,23552
42,27,19456,23552
33,46,3072,26624
33,40,5120,26624
33,41,7168,26624
33,24,8192,26624
33,57,8192,26624
33,24,9216,26624
33,25,10240,26624
33,24,13312,26624
33,27,16384,26624
33,27,19456,26624
33,22,20480,26624
46,40,2048,29696
46,41,4096,29696
46,24,5120,29696
46,57,5120,29696
46,24,6144,29696
46,25,7168,29696
46,24,10240,29696
46,27,13312,29696
46,27,16384,29696
46,22,17408,29696
40,41,2048,31744
40,24,3072,31744
40,57,3072,31744
40,24,4096,31744
40,25,5120,31744
40,24,8192,31744
40,27,11264,31744
40,27,14336,31744
40,22,15360,31744
41,24,1024,33792
41,57,1024,33792
41,24,2048,33792
41,25,3072,33792
41,24,6144,33792
41,27,9216,33792
41,27,12288,33792
41,22,13312,33792
41,23,19456,33792
41,37,20480,33792
41,43,20480,33792
24,57,0,34816
24,24,1024,34816
24,25,2048,34816
24,24,5120,34816
24,27,8192,34816
24,27,11264,34816
24,22,12288,34816
24,23,18432,34816
24,37,19456,34816
24,43,19456,34816
24,24,20480,34816
24,43,20480,34816
57,24,1024,34816
57,25,2048,34816
57,24,5120,34816
57,27,8192,34816
57,27,11264,34816
57,22,12288,34816
57,23,18432,34816
57,37,19456,34816
57,43,19456,34816
57,24,20480,34816
57,43,20480,34816
24,25,1024,35840
24,24,4096,35840
24,27,7168,35840
24,27,10240,35840
24,22,11264,35840
24,23,17408,35840
24,37,18432,35840
24,43,18432,35840
24,24,19456,35840
24,43,19456,35840
24,24,20480,35840
25,24,3072,36864
25,27,6144,36864
25,27,9216,36864
25,22,10240,36864
25,23,16384,36864
25,37,17408,36864
25,43,17408,36864
25,24,18432,36864
25,43,18432,36864
25,24,19456,36864
25,37,20480,36864
24,27,3072,39936
24,27,6144,39936
24,22,7168,39936
24,23,13312,39936
24,37,14336,39936
24,43,14336,39936
24,24,15360,39936
24,43,15360,39936
24,24,16384,39936
24,37,17408,39936
24,24,18432,39936
24,24,19456,39936
24,24,20480,39936
27,27,3072,43008
27,22,4096,43008
27,23,10240,43008
27,37,11264,43008
27,43,11264,43008
27,24,12288,43008
27,43,12288,43008
27,24,13312,43008
27,37,14336,43008
27,24,15360,43008
27,24,16384,43008
27,24,17408,43008
27,22,18432,43008
27,24,19456,43008
27,22,1024,46080
27,23,7168,46080
27,37,8192,46080
27,43,8192,46080
27,24,9216,46080
27,43,9216,46080
27,24,10240,46080
27,37,11264,46080
27,24,12288,46080
27,24,13312,46080
27,24,14336,46080
27,22,15360,46080
27,24,16384,46080
27,24,17408,46080
22,23,6144,47104
22,37,7168,47104
22,43,7168,47104
22,24,8192,47104
22,43,8192,47104
22,24,9216,47104
22,37,10240,47104
22,24,11264,47104
22,24,12288,47104
22,24,13312,47104
22,22,14336,47104
22,24,15360,47104
22,24,16384,47104
22,24,17408,47104
23,37,1024,53248
23,43,1024,53248
23,24,2048,53248
23,43,2048,53248
23,24,3072,53248
23,37,4096,53248
23,24,5120,53248
23,24,6144,53248
23,24,7168,53248
23,22,8192,53248
23,24,9216,53248
23,24,10240,53248
23,24,11264,53248
23,24,12288,53248
37,43,0,54272
37,24,1024,54272
37,43,1024,54272
37,24,2048,54272
37,37,3072,54272
37,24,4096,54272
37,24,5120,54272
37,24,6144,54272
37,22,7168,54272
37,24,8192,54272
37,24,9216,54272
37,24,10240,54272
37,24,11264,54272
37,44,11264,54272
43,24,1024,54272
43,43,1024,54272
43,24,2048,54272
43,37,3072,54272
43,24,4096,54272
43,24,5120,54272
43,24,6144,54272
43,22,7168,54272
43,24,8192,54272
43,24,9216,54272
43,24,10240,54272
43,24,11264,54272
43,44,11264,54272
43,24,12288,54272
24,43,0,55296
24,24,1024,55296
24,37,2048,55296
24,24,3072,55296
24,24,4096,55296
24,24,5120,55296
24,22,6144,55296
24,24,7168,55296
24,24,8192,55296
24,24,9216,55296
24,24,10240,55296
24,44,10240,55296
24,24,11264,55296
24,24,12288,55296
43,24,1024,55296
43,37,2048,55296
43,24,3072,55296
43,24,4096,55296
43,24,5120,55296
43,22,6144,55296
43,24,7168,55296
43,24,8192,55296
43,24,9216,55296
43,24,10240,55296
43,44,10240,55296
43,24,11264,55296
43,24,12288,55296
43,65,12288,55296
24,37,1024,56320
24,24,2048,56320
24,24,3072,56320
24,24,4096,56320
24,22,5120,56320
24,24,6144,56320
24,24,7168,56320
24,24,8192,56320
24,24,9216,56320
24,44,9216,56320
24,24,10240,56320
24,24,11264,56320
24,65,11264,56320
24,24,15360,56320
37,24,1024,57344
37,24,2048,57344
37,24,3072,57344
37,22,4096,57344
37,24,5120,57344
37,24,6144,57344
37,24,7168,57344
37,24,8192,57344
37,44,8192,57344
37,24,9216,57344
37,24,10240,57344
37,65,10240,57344
37,24,14336,57344
37,24,15360,57344
24,24,1024,58368
24,24,2048,58368
24,22,3072,58368
24,24,4096,58368
24,24,5120,58368
24,24,6144,58368
24,24,7168,58368
24,44,7168,58368
24,24,8192,58368
24,24,9216,58368
24,65,9216,58368
24,24,13312,58368
24,24,14336,58368
24,24,15360,58368
24,24,1024,59392
24,22,2048,59392
24,24,3072,59392
24,24,4096,59392
24,24,5120,59392
24,24,6144,59392
24,44,6144,59392
24,24,7168,59392
24,24,8192,59392
24,65,8192,59392
24,24,12288,59392
24,24,13312,59392
24,24,14336,59392
24,36,15360,59392
24,22,1024,60416
24,24,2048,60416
24,24,3072,60416
24,24,4096,60416
24,24,5120,60416
24,44,5120,60416
24,24,6144,60416
24,24,7168,60416
24,65,7168,60416
24,24,11264,60416
24,24,12288,60416
24,24,13312,60416
24,36,14336,60416
24,22,15360,60416
22,24,1024,61440
22,24,2048,61440
22,24,3072,61440
22,24,4096,61440
22,44,4096,61440
22,24,5120,61440
22,24,6144,61440
22,65,6144,61440
22,24,10240,61440
22,24,11264,61440
22,24,12288,61440
22,36,13312,61440
22,22,14336,61440
24,24,1024,62464
24,24,2048,62464
24,24,3072,62464
24,44,3072,62464
24,24,4096,62464
24,24,5120,62464
24,65,5120,62464
24,24,9216,62464
24,24,10240,62464
24,24,11264,62464
24,36,12288,62464
24,22,13312,62464
24,24,1024,63488
24,24,2048,63488
24,44,2048,63488
24,24,3072,63488
24,24,4096,63488
24,65,4096,63488
24,24,8192,63488
24,24,9216,63488
24,24,10240,63488
24,36,11264,63488
24,22,12288,63488
24,46,20480,63488
24,24,1024,64512
24,44,1024,64512
24,24,2048,64512
24,24,3072,64512
24,65,3072,64512
24,24,7168,64512
24,24,8192,64512
24,24,9216,64512
24,36,10240,64512
24,22,11264,64512
24,46,19456,64512
24,44,0,65536
24,24,1024,65536
24,24,2048,65536
24,65,2048,65536
24,24,6144,65536
24,24,7168,65536
24,24,8192,65536
24,36,9216,65536
24,22,10240,65536
24,46,18432,65536
44,24,1024,65536
44,24,2048,65536
44,65,2048,65536
44,24,6144,65536
44,24,7168,65536
44,24,8192,65536
44,36,9216,65536
44,22,10240,65536
44,46,18432,65536
24,24,1024,66560
24,65,1024,66560
24,24,5120,66560
24,24,6144,66560
24,24,7168,66560
24,36,8192,66560
24,22,9216,66560
24,46,17408,66560
24,65,0,67584
24,24,4096,67584
24,24,5120,67584
24,24,6144,67584
24,36,7168,67584
24,22,8192,67584
24,46,16384,67584
65,24,4096,67584
65,24,5120,67584
65,24,6144,67584
65,36,7168,67584
65,22,8192,67584
65,46,16384,67584
24,24,1024,71680
24,24,2048,71680
24,36,3072,71680
24,22,4096,71680
24,46,12288,71680
24,24,1024,72704
24,36,2048,72704
24,22,3072,72704
24,46,11264,72704
24,36,1024,73728
24,22,2048,73728
24,46,10240,73728
36,22,1024,74752
36,46,9216,74752
22,46,8192,75776
46,36,13312,83968
46,27,19456,83968
46,22,20480,83968
36,27,6144,97280
36,22,7168,97280
36,36,8192,97280
36,27,13312,97280
36,55,13312,97280
36,28,14336,97280
36,46,14336,97280
36,23,15360,97280
36,23,16384,97280
36,23,17408,97280
36,27,18432,97280
36,27,19456,97280
27,22,1024,103424
27,36,2048,103424
27,27,7168,103424
27,55,7168,103424
27,28,8192,103424
27,46,8192,103424
27,23,9216,103424
27,23,10240,103424
27,23,11264,103424
27,27,12288,103424
27,27,13312,103424
22,36,1024,104448
22,27,6144,104448
22,55,6144,104448
22,28,7168,104448
22,46,7168,104448
22,23,8192,104448
22,23,9216,104448
22,23,10240,104448
22,27,11264,104448
22,27,12288,104448
36,27,5120,105472
36,55,5120,105472
36,28,6144,105472
36,46,6144,105472
36,23,7168,105472
36,23,8192,105472
36,23,9216,105472
36,27,10240,105472
36,27,11264,105472
36,36,20480,105472
27,55,0,110592
27,28,1024,110592
27,46,1024,110592
27,23,2048,110592
27,23,3072,110592
27,23,4096,110592
27,27,5120,110592
27,27,6144,110592
27,36,15360,110592
27,37,19456,110592
55,28,1024,110592
55,46,1024,110592
55,23,2048,110592
55,23,3072,110592
55,23,4096,110592
55,27,5120,110592
55,27,6144,110592
55,36,15360,110592
55,37,19456,110592
28,46,0,111616
28,23,1024,111616
28,23,2048,111616
28,23,3072,111616
28,27,4096,111616
28,27,5120,111616
28,36,14336,111616
28,37,18432,111616
28,26,20480,111616
28,52,20480,111616
46,23,1024,111616
46,23,2048,111616
46,23,3072,111616
46,27,4096,111616
46,27,5120,111616
46,36,14336,111616
46,37,18432,111616
46,26,20480,111616
46,52,20480,111616
23,23,1024,112640
23,23,2048,112640
23,27,3072,112640
23,27,4096,112640
23,36,13312,112640
23,37,17408,112640
23,26,19456,112640
23,52,19456,112640
23,22,20480,112640
23,23,1024,113664
23,27,2048,113664
23,27,3072,113664
23,36,12288,113664
23,37,16384,113664
23,26,18432,113664
23,52,18432,113664
23,22,19456,113664
23,46,20480,113664
23,27,1024,114688
23,27,2048,114688
23,36,11264,114688
23,37,15360,114688
23,26,17408,114688
23,52,17408,114688
23,22,18432,114688
23,46,19456,114688
23,18,20480,114688
23,46,20480,114688
27,27,1024,115712
27,36,10240,115712
27,37,14336,115712
27,26,16384,115712
27,52,16384,115712
27,22,17408,115712
27,46,18432,115712
27,18,19456,115712
27,46,19456,115712
27,18,20480,115712
27,36,9216,116736
27,37,13312,116736
27,26,15360,116736
27,52,15360,116736
27,22,16384,116736
27,46,17408,116736
27,18,18432,116736
27,46,18432,116736
27,18,19456,116736
36,37,4096,125952
36,26,6144,125952
36,52,6144,125952
36,22,7168,125952
36,46,8192,125952
36,18,9216,125952
36,46,9216,125952
36,18,10240,125952
36,49,16384,125952
37,26,2048,130048
37,52,2048,130048
37,22,3072,130048
37,46,4096,130048
37,18,5120,130048
37,46,5120,130048
37,18,6144,130048
37,49,12288,130048
37,42,19456,130048
37,42,20480,130048
26,52,0,132096
26,22,1024,132096
26,46,2048,132096
26,18,3072,132096
26,46,3072,132096
26,18,4096,132096
26,49,10240,132096
26,42,17408,132096
26,42,18432,132096
52,22,1024,132096
52,46,2048,132096
52,18,3072,132096
52,46,3072,132096
52,18,4096,132096
52,49,10240,132096
52,42,17408,132096
52,42,18432,132096
22,46,1024,133120
22,18,2048,133120
22,46,2048,133120
22,18,3072,133120
22,49,9216,133120
22,42,16384,133120
22,42,17408,133120
22,25,20480,133120
46,18,1024,134144
46,46,1024,134144
46,18,2048,134144
46,49,8192,134144
46,42,15360,134144
46,42,16384,134144
46,25,19456,134144
18,46,0,135168
18,18,1024,135168
18,49,7168,135168
18,42,14336,135168
18,42,15360,135168
18,25,18432,135168
46,18,1024,135168
46,49,7168,135168
46,42,14336,135168
46,42,15360,135168
46,25,18432,135168
18,49,6144,136192
18,42,13312,136192
18,42,14336,136192
18,25,17408,136192
49,42,7168,142336
49,42,8192,142336
49,25,11264,142336
42,42,1024,149504
42,25,4096,149504
42,64,16384,149504
42,36,17408,149504
42,36,18432,149504
42,24,20480,149504
42,25,3072,150528
42,64,15360,150528
42,36,16384,150528
42,36,17408,150528
42,24,19456,150528
25,64,12288,153600
25,36,13312,153600
25,36,14336,153600
25,24,16384,153600
25,24,19456,153600
25,166,19456,153600
25,24,20480,153600
25,165,20480,153600
64,36,1024,165888
64,36,2048,165888
64,24,4096,165888
64,24,7168,165888
64,166,7168,165888
64,24,8192,165888
64,165,8192,165888
64,24,9216,165888
64,24,10240,165888
64,21,17408,165888
64,21,18432,165888
64,41,18432,165888
64,21,19456,165888
64,41,19456,165888
36,36,1024,166912
36,24,3072,166912
36,24,6144,166912
36,166,6144,166912
36,24,7168,166912
36,165,7168,166912
36,24,8192,166912
36,24,9216,166912
36,21,16384,166912
36,21,17408,166912
36,41,17408,166912
36,21,18432,166912
36,41,18432,166912
36,27,19456,166912
36,24,2048,167936
36,24,5120,167936
36,166,5120,167936
36,24,6144,167936
36,165,6144,167936
36,24,7168,167936
36,24,8192,167936
36,21,15360,167936
36,21,16384,167936
36,41,16384,167936
36,21,17408,167936
36,41,17408,167936
36,27,18432,167936
36,27,19456,167936
24,24,3072,169984
24,166,3072,169984
24,24,4096,169984
24,165,4096,169984
24,24,5120,169984
24,24,6144,169984
24,21,13312,169984
24,21,14336,169984
24,41,14336,169984
24,21,15360,169984
24,41,15360,169984
24,27,16384,169984
24,27,17408,169984
24,27,18432,169984
24,166,0,173056
24,24,1024,173056
24,165,1024,173056
24,24,2048,173056
24,24,3072,173056
24,21,10240,173056
24,21,11264,173056
24,41,11264,173056
24,21,12288,173056
24,41,12288,173056
24,27,13312,173056
24,27,14336,173056
24,27,15360,173056
24,27,16384,173056
166,24,1024,173056
166,165,1024,173056
166,24,2048,173056
166,24,3072,173056
166,21,10240,173056
166,21,11264,173056
166,41,11264,173056
166,21,12288,173056
166,41,12288,173056
166,27,13312,173056
166,27,14336,173056
166,27,15360,173056
166,27,16384,173056
166,109,18432,173056
24,165,0,174080
24,24,1024,174080
24,24,2048,174080
24,21,9216,174080
24,21,10240,174080
24,41,10240,174080
24,21,11264,174080
24,41,11264,174080
24,27,12288,174080
24,27,13312,174080
24,27,14336,174080
24,27,15360,174080
24,109,17408,174080
24,109,18432,174080
165,24,1024,174080
165,24,2048,174080
165,21,9216,174080
165,21,10240,174080
165,41,10240,174080
165,21,11264,174080
165,41,11264,174080
165,27,12288,174080
165,27,13312,174080
165,27,14336,174080
165,27,15360,174080
165,109,17408,174080
165,109,18432,174080
24,24,1024,175104
24,21,8192,175104
24,21,9216,175104
24,41,9216,175104
24,21,10240,175104
24,41,10240,175104
24,27,11264,175104
24,27,12288,175104
24,27,13312,175104
24,27,14336,175104
24,109,16384,175104
24,109,17408,175104
24,27,20480,175104
24,21,7168,176128
24,21,8192,176128
24,41,8192,176128
24,21,9216,176128
24,41,9216,176128
24,27,10240,176128
24,27,11264,176128
24,27,12288,176128
24,27,13312,176128
24,109,15360,176128
24,109,16384,176128
24,27,19456,176128
21,21,1024,183296
21,41,1024,183296
21,21,2048,183296
21,41,2048,183296
21,27,3072,183296
21,27,4096,183296
21,27,5120,183296
21,27,6144,183296
21,109,8192,183296
21,109,9216,183296
21,27,12288,183296
21,52,14336,183296
21,27,15360,183296
21,27,16384,183296
21,41,0,184320
21,21,1024,184320
21,41,1024,184320
21,27,2048,184320
21,27,3072,184320
21,27,4096,184320
21,27,5120,184320
21,109,7168,184320
21,109,8192,184320
21,27,11264,184320
21,52,13312,184320
21,27,14336,184320
21,27,15360,184320
21,27,18432,184320
41,21,1024,184320
41,41,1024,184320
41,27,2048,184320
41,27,3072,184320
41,27,4096,184320
41,27,5120,184320
41,109,7168,184320
41,109,8192,184320
41,27,11264,184320
41,52,13312,184320
41,27,14336,184320
41,27,15360,184320
41,27,18432,184320
41,27,19456,184320
21,41,0,185344
21,27,1024,185344
21,27,2048,185344
21,27,3072,185344
21,27,4096,185344
21,109,6144,185344
21,109,7168,185344
21,27,10240,185344
21,52,12288,185344
21,27,13312,185344
21,27,14336,185344
21,27,17408,185344
21,27,18432,185344
41,27,1024,185344
41,27,2048,185344
41,27,3072,185344
41,27,4096,185344
41,109,6144,185344
41,109,7168,185344
41,27,10240,185344
41,52,12288,185344
41,27,13312,185344
41,27,14336,185344
41,27,17408,185344
41,27,18432,185344
27,27,1024,186368
27,27,2048,186368
27,27,3072,186368
27,109,5120,186368
27,109,6144,186368
27,27,9216,186368
27,52,11264,186368
27,27,12288,186368
27,27,13312,186368
27,27,16384,186368
27,27,17408,186368
27,27,1024,187392
27,27,2048,187392
27,109,4096,187392
27,109,5120,187392
27,27,8192,187392
27,52,10240,187392
27,27,11264,187392
27,27,12288,187392
27,27,15360,187392
27,27,16384,187392
27,27,1024,188416
27,109,3072,188416
27,109,4096,188416
27,27,7168,188416
27,52,9216,188416
27,27,10240,188416
27,27,11264,188416
27,27,14336,188416
27,27,15360,188416
27,109,2048,189440
27,109,3072,189440
27,27,6144,189440
27,52,8192,189440
27,27,9216,189440
27,27,10240,189440
27,27,13312,189440
27,27,14336,189440
109,109,1024,191488
109,27,4096,191488
109,52,6144,191488
109,27,7168,191488
109,27,8192,191488
109,27,11264,191488
109,27,12288,191488
109,27,19456,191488
109,27,20480,191488
109,27,3072,192512
109,52,5120,192512
109,27,6144,192512
109,27,7168,192512
109,27,10240,192512
109,27,11264,192512
109,27,18432,192512
109,27,19456,192512
109,27,20480,192512
27,52,2048,195584
27,27,3072,195584
27,27,4096,195584
27,27,7168,195584
27,27,8192,195584
27,27,15360,195584
27,27,16384,195584
27,27,17408,195584
27,36,20480,195584
52,27,1024,197632
52,27,2048,197632
52,27,5120,197632
52,27,6144,197632
52,27,13312,197632
52,27,14336,197632
52,27,15360,197632
52,36,18432,197632
52,36,19456,197632
52,27,20480,197632
52,41,20480,197632
27,27,1024,198656
27,27,4096,198656
27,27,5120,198656
27,27,12288,198656
27,27,13312,198656
27,27,14336,198656
27,36,17408,198656
27,36,18432,198656
27,27,19456,198656
27,41,19456,198656
27,27,3072,199680
27,27,4096,199680
27,27,11264,199680
27,27,12288,199680
27,27,13312,199680
27,36,16384,199680
27,36,17408,199680
27,27,18432,199680
27,41,18432,199680
27,21,20480,199680
27,41,20480,199680
27,27,1024,202752
27,27,8192,202752
27,27,9216,202752
27,27,10240,202752
27,36,13312,202752
27,36,14336,202752
27,27,15360,202752
27,41,15360,202752
27,21,17408,202752
27,41,17408,202752
27,21,18432,202752
27,21,19456,202752
27,49,19456,202752
27,27,7168,203776
27,27,8192,203776
27,27,9216,203776
27,36,12288,203776
27,36,13312,203776
27,27,14336,203776
27,41,14336,203776
27,21,16384,203776
27,41,16384,203776
27,21,17408,203776
27,21,18432,203776
27,49,18432,203776
27,24,20480,203776
27,27,1024,210944
27,27,2048,210944
27,36,5120,210944
27,36,6144,210944
27,27,7168,210944
27,41,7168,210944
27,21,9216,210944
27,41,9216,210944
27,21,10240,210944
27,21,11264,210944
27,49,11264,210944
27,24,13312,210944
27,46,15360,210944
27,27,16384,210944
27,27,1024,211968
27,36,4096,211968
27,36,5120,211968
27,27,6144,211968
27,41,6144,211968
27,21,8192,211968
27,41,8192,211968
27,21,9216,211968
27,21,10240,211968
27,49,10240,211968
27,24,12288,211968
27,46,14336,211968
27,27,15360,211968
27,23,16384,211968
27,36,3072,212992
27,36,4096,212992
27,27,5120,212992
27,41,5120,212992
27,21,7168,212992
27,41,7168,212992
27,21,8192,212992
27,21,9216,212992
27,49,9216,212992
27,24,11264,212992
27,46,13312,212992
27,27,14336,212992
27,23,15360,212992
27,27,16384,212992
36,36,1024,216064
36,27,2048,216064
36,41,2048,216064
36,21,4096,216064
36,41,4096,216064
36,21,5120,216064
36,21,6144,216064
36,49,6144,216064
36,24,8192,216064
36,46,10240,216064
36,27,11264,216064
36,23,12288,216064
36,27,13312,216064
36,37,14336,216064
36,27,1024,217088
36,41,1024,217088
36,21,3072,217088
36,41,3072,217088
36,21,4096,217088
36,21,5120,217088
36,49,5120,217088
36,24,7168,217088
36,46,9216,217088
36,27,10240,217088
36,23,11264,217088
36,27,12288,217088
36,37,13312,217088
36,46,13312,217088
27,41,0,218112
27,21,2048,218112
27,41,2048,218112
27,21,3072,218112
27,21,4096,218112
27,49,4096,218112
27,24,6144,218112
27,46,8192,218112
27,27,9216,218112
27,23,10240,218112
27,27,11264,218112
27,37,12288,218112
27,46,12288,218112
27,37,13312,218112
41,21,2048,218112
41,41,2048,218112
41,21,3072,218112
41,21,4096,218112
41,49,4096,218112
41,24,6144,218112
41,46,8192,218112
41,27,9216,218112
41,23,10240,218112
41,27,11264,218112
41,37,12288,218112
41,46,12288,218112
41,37,13312,218112
41,46,13312,218112
21,41,0,220160
21,21,1024,220160
21,21,2048,220160
21,49,2048,220160
21,24,4096,220160
21,46,6144,220160
21,27,7168,220160
21,23,8192,220160
21,27,9216,220160
21,37,10240,220160
21,46,10240,220160
21,37,11264,220160
21,46,11264,220160
21,36,12288,220160
41,21,1024,220160
41,21,2048,220160
41,49,2048,220160
41,24,4096,220160
41,46,6144,220160
41,27,7168,220160
41,23,8192,220160
41,27,9216,220160
41,37,10240,220160
41,46,10240,220160
41,37,11264,220160
41,46,11264,220160
41,36,12288,220160
41,20,13312,220160
21,21,1024,221184
21,49,1024,221184
21,24,3072,221184
21,46,5120,221184
21,27,6144,221184
21,23,7168,221184
21,27,8192,221184
21,37,9216,221184
21,46,9216,221184
21,37,10240,221184
21,46,10240,221184
21,36,11264,221184
21,20,12288,221184
21,27,16384,221184
21,49,0,222208
21,24,2048,222208
21,46,4096,222208
21,27,5120,222208
21,23,6144,222208
21,27,7168,222208
21,37,8192,222208
21,46,8192,222208
21,37,9216,222208
21,46,9216,222208
21,36,10240,222208
21,20,11264,222208
21,27,15360,222208
21,27,16384,222208
49,24,2048,222208
49,46,4096,222208
49,27,5120,222208
49,23,6144,222208
49,27,7168,222208
49,37,8192,222208
49,46,8192,222208
49,37,9216,222208
49,46,9216,222208
49,36,10240,222208
49,20,11264,222208
49,27,15360,222208
49,27,16384,222208
24,46,2048,224256
24,27,3072,224256
24,23,4096,224256
24,27,5120,224256
24,37,6144,224256
24,46,6144,224256
24,37,7168,224256
24,46,7168,224256
24,36,8192,224256
24,20,9216,224256
24,27,13312,224256
24,27,14336,224256
24,27,19456,224256
24,36,20480,224256
46,27,1024,226304
46,23,2048,226304
46,27,3072,226304
46,37,4096,226304
46,46,4096,226304
46,37,5120,226304
46,46,5120,226304
46,36,6144,226304
46,20,7168,226304
46,27,11264,226304
46,27,12288,226304
46,27,17408,226304
46,36,18432,226304
46,27,20480,226304
27,23,1024,227328
27,27,2048,227328
27,37,3072,227328
27,46,3072,227328
27,37,4096,227328
27,46,4096,227328
27,36,5120,227328
27,20,6144,227328
27,27,10240,227328
27,27,11264,227328
27,27,16384,227328
27,36,17408,227328
27,27,19456,227328
27,22,20480,227328
23,27,1024,228352
23,37,2048,228352
23,46,2048,228352
23,37,3072,228352
23,46,3072,228352
23,36,4096,228352
23,20,5120,228352
23,27,9216,228352
23,27,10240,228352
23,27,15360,228352
23,36,16384,228352
23,27,18432,228352
23,22,19456,228352
23,27,20480,228352
27,37,1024,229376
27,46,1024,229376
27,37,2048,229376
27,46,2048,229376
27,36,3072,229376
27,20,4096,229376
27,27,8192,229376
27,27,9216,229376
27,27,14336,229376
27,36,15360,229376
27,27,17408,229376
27,22,18432,229376
27,27,19456,229376
27,41,19456,229376
37,46,0,230400
37,37,1024,230400
37,46,1024,230400
37,36,2048,230400
37,20,3072,230400
37,27,7168,230400
37,27,8192,230400
37,27,13312,230400
37,36,14336,230400
37,27,16384,230400
37,22,17408,230400
37,27,18432,230400
37,41,18432,230400
46,37,1024,230400
46,46,1024,230400
46,36,2048,230400
46,20,3072,230400
46,27,7168,230400
46,27,8192,230400
46,27,13312,230400
46,36,14336,230400
46,27,16384,230400
46,22,17408,230400
46,27,18432,230400
46,41,18432,230400
37,46,0,231424
37,36,1024,231424
37,20,2048,231424
37,27,6144,231424
37,27,7168,231424
37,27,12288,231424
37,36,13312,231424
37,27,15360,231424
37,22,16384,231424
37,27,17408,231424
37,41,17408,231424
37,27,20480,231424
37,42,20480,231424
46,36,1024,231424
46,20,2048,231424
46,27,6144,231424
46,27,7168,231424
46,27,12288,231424
46,36,13312,231424
46,27,15360,231424
46,22,16384,231424
46,27,17408,231424
46,41,17408,231424
46,27,20480,231424
46,42,20480,231424
36,20,1024,232448
36,27,5120,232448
36,27,6144,232448
36,27,11264,232448
36,36,12288,232448
36,27,14336,232448
36,22,15360,232448
36,27,16384,232448
36,41,16384,232448
36,27,19456,232448
36,42,19456,232448
36,27,20480,232448
20,27,4096,233472
20,27,5120,233472
20,27,10240,233472
20,36,11264,233472
20,27,13312,233472
20,22,14336,233472
20,27,15360,233472
20,41,15360,233472
20,27,18432,233472
20,42,18432,233472
20,27,19456,233472
27,27,1024,237568
27,27,6144,237568
27,36,7168,237568
27,27,9216,237568
27,22,10240,237568
27,27,11264,237568
27,41,11264,237568
27,27,14336,237568
27,42,14336,237568
27,27,15360,237568
27,27,19456,237568
27,27,20480,237568
27,27,5120,238592
27,36,6144,238592
27,27,8192,238592
27,22,9216,238592
27,27,10240,238592
27,41,10240,238592
27,27,13312,238592
27,42,13312,238592
27,27,14336,238592
27,27,18432,238592
27,27,19456,238592
27,73,20480,238592
27,36,1024,243712
27,27,3072,243712
27,22,4096,243712
27,27,5120,243712
27,41,5120,243712
27,27,8192,243712
27,42,8192,243712
27,27,9216,243712
27,27,13312,243712
27,27,14336,243712
27,73,15360,243712
27,23,18432,243712
36,27,2048,244736
36,22,3072,244736
36,27,4096,244736
36,41,4096,244736
36,27,7168,244736
36,42,7168,244736
36,27,8192,244736
36,27,12288,244736
36,27,13312,244736
36,73,14336,244736
36,23,17408,244736
36,37,20480,244736
27,22,1024,246784
27,27,2048,246784
27,41,2048,246784
27,27,5120,246784
27,42,5120,246784
27,27,6144,246784
27,27,10240,246784
27,27,11264,246784
27,73,12288,246784
27,23,15360,246784
27,37,18432,246784
27,36,19456,246784
27,49,19456,246784
27,48,20480,246784
22,27,1024,247808
22,41,1024,247808
22,27,4096,247808
22,42,4096,247808
22,27,5120,247808
22,27,9216,247808
22,27,10240,247808
22,73,11264,247808
22,23,14336,247808
22,37,17408,247808
22,36,18432,247808
22,49,18432,247808
22,48,19456,247808
22,46,20480,247808
27,41,0,248832
27,27,3072,248832
27,42,3072,248832
27,27,4096,248832
27,27,8192,248832
27,27,9216,248832
27,73,10240,248832
27,23,13312,248832
27,37,16384,248832
27,36,17408,248832
27,49,17408,248832
27,48,18432,248832
27,46,19456,248832
27,45,20480,248832
41,27,3072,248832
41,42,3072,248832
41,27,4096,248832
41,27,8192,248832
41,27,9216,248832
41,73,10240,248832
41,23,13312,248832
41,37,16384,248832
41,36,17408,248832
41,49,17408,248832
41,48,18432,248832
41,46,19456,248832
41,45,20480,248832
27,42,0,251904
27,27,1024,251904
27,27,5120,251904
27,27,6144,251904
27,73,7168,251904
27,23,10240,251904
27,37,13312,251904
27,36,14336,251904
27,49,14336,251904
27,48,15360,251904
27,46,16384,251904
27,45,17408,251904
27,46,18432,251904
27,68,19456,251904
42,27,1024,251904
42,27,5120,251904
42,27,6144,251904
42,73,7168,251904
42,23,10240,251904
42,37,13312,251904
42,36,14336,251904
42,49,14336,251904
42,48,15360,251904
42,46,16384,251904
42,45,17408,251904
42,46,18432,251904
42,68,19456,251904
42,37,20480,251904
27,27,4096,252928
27,27,5120,252928
27,73,6144,252928
27,23,9216,252928
27,37,12288,252928
27,36,13312,252928
27,49,13312,252928
27,48,14336,252928
27,46,15360,252928
27,45,16384,252928
27,46,17408,252928
27,68,18432,252928
27,37,19456,252928
27,27,1024,257024
27,73,2048,257024
27,23,5120,257024
27,37,8192,257024
27,36,9216,257024
27,49,9216,257024
27,48,10240,257024
27,46,11264,257024
27,45,12288,257024
27,46,13312,257024
27,68,14336,257024
27,37,15360,257024
27,41,17408,257024
27,73,1024,258048
27,23,4096,258048
27,37,7168,258048
27,36,8192,258048
27,49,8192,258048
27,48,9216,258048
27,46,10240,258048
27,45,11264,258048
27,46,12288,258048
27,68,13312,258048
27,37,14336,258048
27,41,16384,258048
27,24,20480,258048
73,23,3072,259072
73,37,6144,259072
73,36,7168,259072
73,49,7168,259072
73,48,8192,259072
73,46,9216,259072
73,45,10240,259072
73,46,11264,259072
73,68,12288,259072
73,37,13312,259072
73,41,15360,259072
73,24,19456,259072
23,37,3072,262144
23,36,4096,262144
23,49,4096,262144
23,48,5120,262144
23,46,6144,262144
23,45,7168,262144
23,46,8192,262144
23,68,9216,262144
23,37,10240,262144
23,41,12288,262144
23,24,16384,262144
23,27,19456,262144
23,27,20480,262144
37,36,1024,265216
37,49,1024,265216
37,48,2048,265216
37,46,3072,265216
37,45,4096,265216
37,46,5120,265216
37,68,6144,265216
37,37,7168,265216
37,41,9216,265216
37,24,13312,265216
37,27,16384,265216
37,27,17408,265216
36,49,0,266240
36,48,1024,266240
36,46,2048,266240
36,45,3072,266240
36,46,4096,266240
36,68,5120,266240
36,37,6144,266240
36,41,8192,266240
36,24,12288,266240
36,27,15360,266240
36,27,16384,266240
49,48,1024,266240
49,46,2048,266240
49,45,3072,266240
49,46,4096,266240
49,68,5120,266240
49,37,6144,266240
49,41,8192,266240
49,24,12288,266240
49,27,15360,266240
49,27,16384,266240
48,46,1024,267264
48,45,2048,267264
48,46,3072,267264
48,68,4096,267264
48,37,5120,267264
48,41,7168,267264
48,24,11264,267264
48,27,14336,267264
48,27,15360,267264
48,27,20480,267264
46,45,1024,268288
46,46,2048,268288
46,68,3072,268288
46,37,4096,268288
46,41,6144,268288
46,24,10240,268288
46,27,13312,268288
46,27,14336,268288
46,27,19456,268288
45,46,1024,269312
45,68,2048,269312
45,37,3072,269312
45,41,5120,269312
45,24,9216,269312
45,27,12288,269312
45,27,13312,269312
45,27,18432,269312
46,68,1024,270336
46,37,2048,270336
46,41,4096,270336
46,24,8192,270336
46,27,11264,270336
46,27,12288,270336
46,27,17408,270336
68,37,1024,271360
68,41,3072,271360
68,24,7168,271360
68,27,10240,271360
68,27,11264,271360
68,27,16384,271360
37,41,2048,272384
37,24,6144,272384
37,27,9216,272384
37,27,10240,272384
37,27,15360,272384
37,24,20480,272384
41,24,4096,274432
41,27,7168,274432
41,27,8192,274432
41,27,13312,274432
41,24,18432,274432
24,27,3072,278528
24,27,4096,278528
24,27,9216,278528
24,24,14336,278528
24,24,17408,278528
24,48,17408,278528
24,47,18432,278528
24,47,19456,278528
24,47,20480,278528
27,27,1024,281600
27,27,6144,281600
27,24,11264,281600
27,24,14336,281600
27,48,14336,281600
27,47,15360,281600
27,47,16384,281600
27,47,17408,281600
27,56,19456,281600
27,27,5120,282624
27,24,10240,282624
27,24,13312,282624
27,48,13312,282624
27,47,14336,282624
27,47,15360,282624
27,47,16384,282624
27,56,18432,282624
27,36,20480,282624
27,61,20480,282624
27,24,5120,287744
27,24,8192,287744
27,48,8192,287744
27,47,9216,287744
27,47,10240,287744
27,47,11264,287744
27,56,13312,287744
27,36,15360,287744
27,61,15360,287744
27,22,17408,287744
27,37,18432,287744
27,41,18432,287744
27,36,19456,287744
27,36,20480,287744
24,24,3072,292864
24,48,3072,292864
24,47,4096,292864
24,47,5120,292864
24,47,6144,292864
24,56,8192,292864
24,36,10240,292864
24,61,10240,292864
24,22,12288,292864
24,37,13312,292864
24,41,13312,292864
24,36,14336,292864
24,36,15360,292864
24,21,16384,292864
24,48,0,295936
24,47,1024,295936
24,47,2048,295936
24,47,3072,295936
24,56,5120,295936
24,36,7168,295936
24,61,7168,295936
24,22,9216,295936
24,37,10240,295936
24,41,10240,295936
24,36,11264,295936
24,36,12288,295936
24,21,13312,295936
24,27,14336,295936
48,47,1024,295936
48,47,2048,295936
48,47,3072,295936
48,56,5120,295936
48,36,7168,295936
48,61,7168,295936
48,22,9216,295936
48,37,10240,295936
48,41,10240,295936
48,36,11264,295936
48,36,12288,295936
48,21,13312,295936
48,27,14336,295936
48,21,15360,295936
47,47,1024,296960
47,47,2048,296960
47,56,4096,296960
47,36,6144,296960
47,61,6144,296960
47,22,8192,296960
47,37,9216,296960
47,41,9216,296960
47,36,10240,296960
47,36,11264,296960
47,21,12288,296960
47,27,13312,296960
47,21,14336,296960
47,47,1024,297984
47,56,3072,297984
47,36,5120,297984
47,61,5120,297984
47,22,7168,297984
47,37,8192,297984
47,41,8192,297984
47,36,9216,297984
47,36,10240,297984
47,21,11264,297984
47,27,12288,297984
47,21,13312,297984
47,56,2048,299008
47,36,4096,299008
47,61,4096,299008
47,22,6144,299008
47,37,7168,299008
47,41,7168,299008
47,36,8192,299008
47,36,9216,299008
47,21,10240,299008
47,27,11264,299008
47,21,12288,299008
56,36,2048,301056
56,61,2048,301056
56,22,4096,301056
56,37,5120,301056
56,41,5120,301056
56,36,6144,301056
56,36,7168,301056
56,21,8192,301056
56,27,9216,301056
56,21,10240,301056
56,37,20480,301056
36,61,0,303104
36,22,2048,303104
36,37,3072,303104
36,41,3072,303104
36,36,4096,303104
36,36,5120,303104
36,21,6144,303104
36,27,7168,303104
36,21,8192,303104
36,37,18432,303104
36,24,19456,303104
61,22,2048,303104
61,37,3072,303104
61,41,3072,303104
61,36,4096,303104
61,36,5120,303104
61,21,6144,303104
61,27,7168,303104
61,21,8192,303104
61,37,18432,303104
61,24,19456,303104
22,37,1024,305152
22,41,1024,305152
22,36,2048,305152
22,36,3072,305152
22,21,4096,305152
22,27,5120,305152
22,21,6144,305152
22,37,16384,305152
22,24,17408,305152
22,171,19456,305152
37,41,0,306176
37,36,1024,306176
37,36,2048,306176
37,21,3072,306176
37,27,4096,306176
37,21,5120,306176
37,37,15360,306176
37,24,16384,306176
37,171,18432,306176
41,36,1024,306176
41,36,2048,306176
41,21,3072,306176
41,27,4096,306176
41,21,5120,306176
41,37,15360,306176
41,24,16384,306176
41,171,18432,306176
36,36,1024,307200
36,21,2048,307200
36,27,3072,307200
36,21,4096,307200
36,37,14336,307200
36,24,15360,307200
36,171,17408,307200
36,21,1024,308224
36,27,2048,308224
36,21,3072,308224
36,37,13312,308224
36,24,14336,308224
36,171,16384,308224
21,27,1024,309248
21,21,2048,309248
21,37,12288,309248
21,24,13312,309248
21,171,15360,309248
21,23,20480,309248
27,21,1024,310272
27,37,11264,310272
27,24,12288,310272
27,171,14336,310272
27,23,19456,310272
27,28,20480,310272
21,37,10240,311296
21,24,11264,311296
21,171,13312,311296
21,23,18432,311296
21,28,19456,311296
37,24,1024,321536
37,171,3072,321536
37,23,8192,321536
37,28,9216,321536
37,27,11264,321536
37,37,13312,321536
37,28,14336,321536
37,55,14336,321536
37,53,15360,321536
37,66,16384,321536
24,171,2048,322560
24,23,7168,322560
24,28,8192,322560
24,27,10240,322560
24,37,12288,322560
24,28,13312,322560
24,55,13312,322560
24,53,14336,322560
24,66,15360,322560
171,23,5120,324608
171,28,6144,324608
171,27,8192,324608
171,37,10240,324608
171,28,11264,324608
171,55,11264,324608
171,53,12288,324608
171,66,13312,324608
23,28,1024,329728
23,27,3072,329728
23,37,5120,329728
23,28,6144,329728
23,55,6144,329728
23,53,7168,329728
23,66,8192,329728
28,27,2048,330752
28,37,4096,330752
28,28,5120,330752
28,55,5120,330752
28,53,6144,330752
28,66,7168,330752
27,37,2048,332800
27,28,3072,332800
27,55,3072,332800
27,53,4096,332800
27,66,5120,332800
37,28,1024,334848
37,55,1024,334848
37,53,2048,334848
37,66,3072,334848
28,55,0,335872
28,53,1024,335872
28,66,2048,335872
55,53,1024,335872
55,66,2048,335872
53,66,1024,336896
