36,71,1024,7168
36,66,3072,7168
36,64,4096,7168
36,35,5120,7168
36,70,7168,7168
36,62,16384,7168
36,61,20480,7168
71,66,2048,8192
71,64,3072,8192
71,35,4096,8192
71,70,6144,8192
71,62,15360,8192
71,61,19456,8192
71,27,20480,8192
71,43,20480,8192
66,64,1024,10240
66,35,2048,10240
66,70,4096,10240
66,62,13312,10240
66,61,17408,10240
66,27,18432,10240
66,43,18432,10240
66,62,19456,10240
66,61,20480,10240
64,35,1024,11264
64,70,3072,11264
64,62,12288,11264
64,61,16384,11264
64,27,17408,11264
64,43,17408,11264
64,62,18432,11264
64,61,19456,11264
64,22,20480,11264
35,70,2048,12288
35,62,11264,12288
35,61,15360,12288
35,27,16384,12288
35,43,16384,12288
35,62,17408,12288
35,61,18432,12288
35,22,19456,12288
35,22,20480,12288
35,72,20480,12288
70,62,9216,14336
70,61,13312,14336
70,27,14336,14336
70,43,14336,14336
70,62,15360,14336
70,61,16384,14336
70,22,17408,14336
70,22,18432,14336
70,72,18432,14336
70,67,19456,14336
70,65,20480,14336
62,61,4096,23552
62,27,5120,23552
62,43,5120,23552
62,62,6144,23552
62,61,7168,23552
62,22,8192,23552
62,22,9216,23552
62,72,9216,23552
62,67,10240,23552
62,65,11264,23552
62,71,12288,23552
62,63,13312,23552
62,61,14336,23552
62,61,15360,23552
61,27,1024,27648
61,43,1024,27648
61,62,2048,27648
61,61,3072,27648
61,22,4096,27648
61,22,5120,27648
61,72,5120,27648
61,67,6144,27648
61,65,7168,27648
61,71,8192,27648
61,63,9216,27648
61,61,10240,27648
61,61,11264,27648
61,61,12288,27648
27,43,0,28672
27,62,1024,28672
27,61,2048,28672
27,22,3072,28672
27,22,4096,28672
27,72,4096,28672
27,67,5120,28672
27,65,6144,28672
27,71,7168,28672
27,63,8192,28672
27,61,9216,28672
27,61,10240,28672
27,61,11264,28672
27,45,12288,28672
43,62,1024,28672
43,61,2048,28672
43,22,3072,28672
43,22,4096,28672
43,72,4096,28672
43,67,5120,28672
43,65,6144,28672
43,71,7168,28672
43,63,8192,28672
43,61,9216,28672
43,61,10240,28672
43,61,11264,28672
43,45,12288,28672
43,60,17408,28672
62,61,1024,29696
62,22,2048,29696
62,22,3072,29696
62,72,3072,29696
62,67,4096,29696
62,65,5120,29696
62,71,6144,29696
62,63,7168,29696
62,61,8192,29696
62,61,9216,29696
62,61,10240,29696
62,45,11264,29696
62,60,16384,29696
62,30,17408,29696
61,22,1024,30720
61,22,2048,30720
61,72,2048,30720
61,67,3072,30720
61,65,4096,30720
61,71,5120,30720
61,63,6144,30720
61,61,7168,30720
61,61,8192,30720
61,61,9216,30720
61,45,10240,30720
61,60,15360,30720
61,30,16384,30720
61,61,16384,30720
22,22,1024,31744
22,72,1024,31744
22,67,2048,31744
22,65,3072,31744
22,71,4096,31744
22,63,5120,31744
22,61,6144,31744
22,61,7168,31744
22,61,8192,31744
22,45,9216,31744
22,60,14336,31744
22,30,15360,31744
22,61,15360,31744
22,29,16384,31744
22,72,0,32768
22,67,1024,32768
22,65,2048,32768
22,71,3072,32768
22,63,4096,32768
22,61,5120,32768
22,61,6144,32768
22,61,7168,32768
22,45,8192,32768
22,60,13312,32768
22,30,14336,32768
22,61,14336,32768
22,29,15360,32768
22,38,19456,32768
72,67,1024,32768
72,65,2048,32768
72,71,3072,32768
72,63,4096,32768
72,61,5120,32768
72,61,6144,32768
72,61,7168,32768
72,45,8192,32768
72,60,13312,32768
72,30,14336,32768
72,61,14336,32768
72,29,15360,32768
72,38,19456,32768
72,22,20480,32768
67,65,1024,33792
67,71,2048,33792
67,63,3072,33792
67,61,4096,33792
67,61,5120,33792
67,61,6144,33792
67,45,7168,33792
67,60,12288,33792
67,30,13312,33792
67,61,13312,33792
67,29,14336,33792
67,38,18432,33792
67,22,19456,33792
67,39,20480,33792
65,71,1024,34816
65,63,2048,34816
65,61,3072,34816
65,61,4096,34816
65,61,5120,34816
65,45,6144,34816
65,60,11264,34816
65,30,12288,34816
65,61,12288,34816
65,29,13312,34816
65,38,17408,34816
65,22,18432,34816
65,39,19456,34816
65,40,19456,34816
71,63,1024,35840
71,61,2048,35840
71,61,3072,35840
71,61,4096,35840
71,45,5120,35840
71,60,10240,35840
71,30,11264,35840
71,61,11264,35840
71,29,12288,35840
71,38,16384,35840
71,22,17408,35840
71,39,18432,35840
71,40,18432,35840
71,72,20480,35840
63,61,1024,36864
63,61,2048,36864
63,61,3072,36864
63,45,4096,36864
63,60,9216,36864
63,30,10240,36864
63,61,10240,36864
63,29,11264,36864
63,38,15360,36864
63,22,16384,36864
63,39,17408,36864
63,40,17408,36864
63,72,19456,36864
63,22,20480,36864
61,61,1024,37888
61,61,2048,37888
61,45,3072,37888
61,60,8192,37888
61,30,9216,37888
61,61,9216,37888
61,29,10240,37888
61,38,14336,37888
61,22,15360,37888
61,39,16384,37888
61,40,16384,37888
61,72,18432,37888
61,22,19456,37888
61,75,20480,37888
61,61,1024,38912
61,45,2048,38912
61,60,7168,38912
61,30,8192,38912
61,61,8192,38912
61,29,9216,38912
61,38,13312,38912
61,22,14336,38912
61,39,15360,38912
61,40,15360,38912
61,72,17408,38912
61,22,18432,38912
61,75,19456,38912
61,77,20480,38912
61,45,1024,39936
61,60,6144,39936
61,30,7168,39936
61,61,7168,39936
61,29,8192,39936
61,38,12288,39936
61,22,13312,39936
61,39,14336,39936
61,40,14336,39936
61,72,16384,39936
61,22,17408,39936
61,75,18432,39936
61,77,19456,39936
61,72,20480,39936
45,60,5120,40960
45,30,6144,40960
45,61,6144,40960
45,29,7168,40960
45,38,11264,40960
45,22,12288,40960
45,39,13312,40960
45,40,13312,40960
45,72,15360,40960
45,22,16384,40960
45,75,17408,40960
45,77,18432,40960
45,72,19456,40960
45,68,20480,40960
60,30,1024,46080
60,61,1024,46080
60,29,2048,46080
60,38,6144,46080
60,22,7168,46080
60,39,8192,46080
60,40,8192,46080
60,72,10240,46080
60,22,11264,46080
60,75,12288,46080
60,77,13312,46080
60,72,14336,46080
60,68,15360,46080
60,23,16384,46080
30,61,0,47104
30,29,1024,47104
30,38,5120,47104
30,22,6144,47104
30,39,7168,47104
30,40,7168,47104
30,72,9216,47104
30,22,10240,47104
30,75,11264,47104
30,77,12288,47104
30,72,13312,47104
30,68,14336,47104
30,23,15360,47104
30,69,15360,47104
61,29,1024,47104
61,38,5120,47104
61,22,6144,47104
61,39,7168,47104
61,40,7168,47104
61,72,9216,47104
61,22,10240,47104
61,75,11264,47104
61,77,12288,47104
61,72,13312,47104
61,68,14336,47104
61,23,15360,47104
61,69,15360,47104
61,22,19456,47104
29,38,4096,48128
29,22,5120,48128
29,39,6144,48128
29,40,6144,48128
29,72,8192,48128
29,22,9216,48128
29,75,10240,48128
29,77,11264,48128
29,72,12288,48128
29,68,13312,48128
29,23,14336,48128
29,69,14336,48128
29,22,18432,48128
38,22,1024,52224
38,39,2048,52224
38,40,2048,52224
38,72,4096,52224
38,22,5120,52224
38,75,6144,52224
38,77,7168,52224
38,72,8192,52224
38,68,9216,52224
38,23,10240,52224
38,69,10240,52224
38,22,14336,52224
38,22,17408,52224
38,22,18432,52224
22,39,1024,53248
22,40,1024,53248
22,72,3072,53248
22,22,4096,53248
22,75,5120,53248
22,77,6144,53248
22,72,7168,53248
22,68,8192,53248
22,23,9216,53248
22,69,9216,53248
22,22,13312,53248
22,22,16384,53248
22,22,17408,53248
22,22,18432,53248
39,40,0,54272
39,72,2048,54272
39,22,3072,54272
39,75,4096,54272
39,77,5120,54272
39,72,6144,54272
39,68,7168,54272
39,23,8192,54272
39,69,8192,54272
39,22,12288,54272
39,22,15360,54272
39,22,16384,54272
39,22,17408,54272
39,22,19456,54272
40,72,2048,54272
40,22,3072,54272
40,75,4096,54272
40,77,5120,54272
40,72,6144,54272
40,68,7168,54272
40,23,8192,54272
40,69,8192,54272
40,22,12288,54272
40,22,15360,54272
40,22,16384,54272
40,22,17408,54272
40,22,19456,54272
40,22,20480,54272
72,22,1024,56320
72,75,2048,56320
72,77,3072,56320
72,72,4096,56320
72,68,5120,56320
72,23,6144,56320
72,69,6144,56320
72,22,10240,56320
72,22,13312,56320
72,22,14336,56320
72,22,15360,56320
72,22,17408,56320
72,22,18432,56320
72,44,19456,56320
22,75,1024,57344
22,77,2048,57344
22,72,3072,57344
22,68,4096,57344
22,23,5120,57344
22,69,5120,57344
22,22,9216,57344
22,22,12288,57344
22,22,13312,57344
22,22,14336,57344
22,22,16384,57344
22,22,17408,57344
22,44,18432,57344
22,20,19456,57344
75,77,1024,58368
75,72,2048,58368
75,68,3072,58368
75,23,4096,58368
75,69,4096,58368
75,22,8192,58368
75,22,11264,58368
75,22,12288,58368
75,22,13312,58368
75,22,15360,58368
75,22,16384,58368
75,44,17408,58368
75,20,18432,58368
75,49,18432,58368
77,72,1024,59392
77,68,2048,59392
77,23,3072,59392
77,69,3072,59392
77,22,7168,59392
77,22,10240,59392
77,22,11264,59392
77,22,12288,59392
77,22,14336,59392
77,22,15360,59392
77,44,16384,59392
77,20,17408,59392
77,49,17408,59392
77,21,18432,59392
72,68,1024,60416
72,23,2048,60416
72,69,2048,60416
72,22,6144,60416
72,22,9216,60416
72,22,10240,60416
72,22,11264,60416
72,22,13312,60416
72,22,14336,60416
72,44,15360,60416
72,20,16384,60416
72,49,16384,60416
72,21,17408,60416
72,64,17408,60416
68,23,1024,61440
68,69,1024,61440
68,22,5120,61440
68,22,8192,61440
68,22,9216,61440
68,22,10240,61440
68,22,12288,61440
68,22,13312,61440
68,44,14336,61440
68,20,15360,61440
68,49,15360,61440
68,21,16384,61440
68,64,16384,61440
68,61,18432,61440
23,69,0,62464
23,22,4096,62464
23,22,7168,62464
23,22,8192,62464
23,22,9216,62464
23,22,11264,62464
23,22,12288,62464
23,44,13312,62464
23,20,14336,62464
23,49,14336,62464
23,21,15360,62464
23,64,15360,62464
23,61,17408,62464
23,22,18432,62464
69,22,4096,62464
69,22,7168,62464
69,22,8192,62464
69,22,9216,62464
69,22,11264,62464
69,22,12288,62464
69,44,13312,62464
69,20,14336,62464
69,49,14336,62464
69,21,15360,62464
69,64,15360,62464
69,61,17408,62464
69,22,18432,62464
69,26,20480,62464
22,22,3072,66560
22,22,4096,66560
22,22,5120,66560
22,22,7168,66560
22,22,8192,66560
22,44,9216,66560
22,20,10240,66560
22,49,10240,66560
22,21,11264,66560
22,64,11264,66560
22,61,13312,66560
22,22,14336,66560
22,26,16384,66560
22,61,16384,66560
22,22,1024,69632
22,22,2048,69632
22,22,4096,69632
22,22,5120,69632
22,44,6144,69632
22,20,7168,69632
22,49,7168,69632
22,21,8192,69632
22,64,8192,69632
22,61,10240,69632
22,22,11264,69632
22,26,13312,69632
22,61,13312,69632
22,47,14336,69632
22,22,1024,70656
22,22,3072,70656
22,22,4096,70656
22,44,5120,70656
22,20,6144,70656
22,49,6144,70656
22,21,7168,70656
22,64,7168,70656
22,61,9216,70656
22,22,10240,70656
22,26,12288,70656
22,61,12288,70656
22,47,13312,70656
22,61,14336,70656
22,22,2048,71680
22,22,3072,71680
22,44,4096,71680
22,20,5120,71680
22,49,5120,71680
22,21,6144,71680
22,64,6144,71680
22,61,8192,71680
22,22,9216,71680
22,26,11264,71680
22,61,11264,71680
22,47,12288,71680
22,61,13312,71680
22,69,14336,71680
22,22,1024,73728
22,44,2048,73728
22,20,3072,73728
22,49,3072,73728
22,21,4096,73728
22,64,4096,73728
22,61,6144,73728
22,22,7168,73728
22,26,9216,73728
22,61,9216,73728
22,47,10240,73728
22,61,11264,73728
22,69,12288,73728
22,61,13312,73728
22,44,1024,74752
22,20,2048,74752
22,49,2048,74752
22,21,3072,74752
22,64,3072,74752
22,61,5120,74752
22,22,6144,74752
22,26,8192,74752
22,61,8192,74752
22,47,9216,74752
22,61,10240,74752
22,69,11264,74752
22,61,12288,74752
22,26,15360,74752
44,20,1024,75776
44,49,1024,75776
44,21,2048,75776
44,64,2048,75776
44,61,4096,75776
44,22,5120,75776
44,26,7168,75776
44,61,7168,75776
44,47,8192,75776
44,61,9216,75776
44,69,10240,75776
44,61,11264,75776
44,26,14336,75776
44,26,15360,75776
20,49,0,76800
20,21,1024,76800
20,64,1024,76800
20,61,3072,76800
20,22,4096,76800
20,26,6144,76800
20,61,6144,76800
20,47,7168,76800
20,61,8192,76800
20,69,9216,76800
20,61,10240,76800
20,26,13312,76800
20,26,14336,76800
20,46,14336,76800
49,21,1024,76800
49,64,1024,76800
49,61,3072,76800
49,22,4096,76800
49,26,6144,76800
49,61,6144,76800
49,47,7168,76800
49,61,8192,76800
49,69,9216,76800
49,61,10240,76800
49,26,13312,76800
49,26,14336,76800
49,46,14336,76800
49,61,15360,76800
21,64,0,77824
21,61,2048,77824
21,22,3072,77824
21,26,5120,77824
21,61,5120,77824
21,47,6144,77824
21,61,7168,77824
21,69,8192,77824
21,61,9216,77824
21,26,12288,77824
21,26,13312,77824
21,46,13312,77824
21,61,14336,77824
21,49,15360,77824
64,61,2048,77824
64,22,3072,77824
64,26,5120,77824
64,61,5120,77824
64,47,6144,77824
64,61,7168,77824
64,69,8192,77824
64,61,9216,77824
64,26,12288,77824
64,26,13312,77824
64,46,13312,77824
64,61,14336,77824
64,49,15360,77824
64,52,16384,77824
61,22,1024,79872
61,26,3072,79872
61,61,3072,79872
61,47,4096,79872
61,61,5120,79872
61,69,6144,79872
61,61,7168,79872
61,26,10240,79872
61,26,11264,79872
61,46,11264,79872
61,61,12288,79872
61,49,13312,79872
61,52,14336,79872
61,22,15360,79872
22,26,2048,80896
22,61,2048,80896
22,47,3072,80896
22,61,4096,80896
22,69,5120,80896
22,61,6144,80896
22,26,9216,80896
22,26,10240,80896
22,46,10240,80896
22,61,11264,80896
22,49,12288,80896
22,52,13312,80896
22,22,14336,80896
22,21,15360,80896
26,61,0,82944
26,47,1024,82944
26,61,2048,82944
26,69,3072,82944
26,61,4096,82944
26,26,7168,82944
26,26,8192,82944
26,46,8192,82944
26,61,9216,82944
26,49,10240,82944
26,52,11264,82944
26,22,12288,82944
26,21,13312,82944
26,47,13312,82944
61,47,1024,82944
61,61,2048,82944
61,69,3072,82944
61,61,4096,82944
61,26,7168,82944
61,26,8192,82944
61,46,8192,82944
61,61,9216,82944
61,49,10240,82944
61,52,11264,82944
61,22,12288,82944
61,21,13312,82944
61,47,13312,82944
61,61,14336,82944
47,61,1024,83968
47,69,2048,83968
47,61,3072,83968
47,26,6144,83968
47,26,7168,83968
47,46,7168,83968
47,61,8192,83968
47,49,9216,83968
47,52,10240,83968
47,22,11264,83968
47,21,12288,83968
47,47,12288,83968
47,61,13312,83968
47,52,14336,83968
61,69,1024,84992
61,61,2048,84992
61,26,5120,84992
61,26,6144,84992
61,46,6144,84992
61,61,7168,84992
61,49,8192,84992
61,52,9216,84992
61,22,10240,84992
61,21,11264,84992
61,47,11264,84992
61,61,12288,84992
61,52,13312,84992
61,67,14336,84992
69,61,1024,86016
69,26,4096,86016
69,26,5120,86016
69,46,5120,86016
69,61,6144,86016
69,49,7168,86016
69,52,8192,86016
69,22,9216,86016
69,21,10240,86016
69,47,10240,86016
69,61,11264,86016
69,52,12288,86016
69,67,13312,86016
69,45,14336,86016
61,26,3072,87040
61,26,4096,87040
61,46,4096,87040
61,61,5120,87040
61,49,6144,87040
61,52,7168,87040
61,22,8192,87040
61,21,9216,87040
61,47,9216,87040
61,61,10240,87040
61,52,11264,87040
61,67,12288,87040
61,45,13312,87040
61,68,14336,87040
26,26,1024,90112
26,46,1024,90112
26,61,2048,90112
26,49,3072,90112
26,52,4096,90112
26,22,5120,90112
26,21,6144,90112
26,47,6144,90112
26,61,7168,90112
26,52,8192,90112
26,67,9216,90112
26,45,10240,90112
26,68,11264,90112
26,68,12288,90112
26,46,0,91136
26,61,1024,91136
26,49,2048,91136
26,52,3072,91136
26,22,4096,91136
26,21,5120,91136
26,47,5120,91136
26,61,6144,91136
26,52,7168,91136
26,67,8192,91136
26,45,9216,91136
26,68,10240,91136
26,68,11264,91136
26,69,12288,91136
46,61,1024,91136
46,49,2048,91136
46,52,3072,91136
46,22,4096,91136
46,21,5120,91136
46,47,5120,91136
46,61,6144,91136
46,52,7168,91136
46,67,8192,91136
46,45,9216,91136
46,68,10240,91136
46,68,11264,91136
46,69,12288,91136
46,69,14336,91136
61,49,1024,92160
61,52,2048,92160
61,22,3072,92160
61,21,4096,92160
61,47,4096,92160
61,61,5120,92160
61,52,6144,92160
61,67,7168,92160
61,45,8192,92160
61,68,9216,92160
61,68,10240,92160
61,69,11264,92160
61,69,13312,92160
61,22,15360,92160
49,52,1024,93184
49,22,2048,93184
49,21,3072,93184
49,47,3072,93184
49,61,4096,93184
49,52,5120,93184
49,67,6144,93184
49,45,7168,93184
49,68,8192,93184
49,68,9216,93184
49,69,10240,93184
49,69,12288,93184
49,22,14336,93184
49,62,15360,93184
52,22,1024,94208
52,21,2048,94208
52,47,2048,94208
52,61,3072,94208
52,52,4096,94208
52,67,5120,94208
52,45,6144,94208
52,68,7168,94208
52,68,8192,94208
52,69,9216,94208
52,69,11264,94208
52,22,13312,94208
52,62,14336,94208
52,63,15360,94208
22,21,1024,95232
22,47,1024,95232
22,61,2048,95232
22,52,3072,95232
22,67,4096,95232
22,45,5120,95232
22,68,6144,95232
22,68,7168,95232
22,69,8192,95232
22,69,10240,95232
22,22,12288,95232
22,62,13312,95232
22,63,14336,95232
22,64,15360,95232
21,47,0,96256
21,61,1024,96256
21,52,2048,96256
21,67,3072,96256
21,45,4096,96256
21,68,5120,96256
21,68,6144,96256
21,69,7168,96256
21,69,9216,96256
21,22,11264,96256
21,62,12288,96256
21,63,13312,96256
21,64,14336,96256
21,22,18432,96256
47,61,1024,96256
47,52,2048,96256
47,67,3072,96256
47,45,4096,96256
47,68,5120,96256
47,68,6144,96256
47,69,7168,96256
47,69,9216,96256
47,22,11264,96256
47,62,12288,96256
47,63,13312,96256
47,64,14336,96256
47,22,18432,96256
47,63,18432,96256
61,52,1024,97280
61,67,2048,97280
61,45,3072,97280
61,68,4096,97280
61,68,5120,97280
61,69,6144,97280
61,69,8192,97280
61,22,10240,97280
61,62,11264,97280
61,63,12288,97280
61,64,13312,97280
61,22,17408,97280
61,63,17408,97280
61,61,18432,97280
52,67,1024,98304
52,45,2048,98304
52,68,3072,98304
52,68,4096,98304
52,69,5120,98304
52,69,7168,98304
52,22,9216,98304
52,62,10240,98304
52,63,11264,98304
52,64,12288,98304
52,22,16384,98304
52,63,16384,98304
52,61,17408,98304
52,46,18432,98304
67,45,1024,99328
67,68,2048,99328
67,68,3072,99328
67,69,4096,99328
67,69,6144,99328
67,22,8192,99328
67,62,9216,99328
67,63,10240,99328
67,64,11264,99328
67,22,15360,99328
67,63,15360,99328
67,61,16384,99328
67,46,17408,99328
67,62,18432,99328
45,68,1024,100352
45,68,2048,100352
45,69,3072,100352
45,69,5120,100352
45,22,7168,100352
45,62,8192,100352
45,63,9216,100352
45,64,10240,100352
45,22,14336,100352
45,63,14336,100352
45,61,15360,100352
45,46,16384,100352
45,62,17408,100352
68,68,1024,101376
68,69,2048,101376
68,69,4096,101376
68,22,6144,101376
68,62,7168,101376
68,63,8192,101376
68,64,9216,101376
68,22,13312,101376
68,63,13312,101376
68,61,14336,101376
68,46,15360,101376
68,62,16384,101376
68,69,1024,102400
68,69,3072,102400
68,22,5120,102400
68,62,6144,102400
68,63,7168,102400
68,64,8192,102400
68,22,12288,102400
68,63,12288,102400
68,61,13312,102400
68,46,14336,102400
68,62,15360,102400
68,23,20480,102400
68,46,20480,102400
69,69,2048,103424
69,22,4096,103424
69,62,5120,103424
69,63,6144,103424
69,64,7168,103424
69,22,11264,103424
69,63,11264,103424
69,61,12288,103424
69,46,13312,103424
69,62,14336,103424
69,23,19456,103424
69,46,19456,103424
69,22,2048,105472
69,62,3072,105472
69,63,4096,105472
69,64,5120,105472
69,22,9216,105472
69,63,9216,105472
69,61,10240,105472
69,46,11264,105472
69,62,12288,105472
69,23,17408,105472
69,46,17408,105472
69,51,19456,105472
22,62,1024,107520
22,63,2048,107520
22,64,3072,107520
22,22,7168,107520
22,63,7168,107520
22,61,8192,107520
22,46,9216,107520
22,62,10240,107520
22,23,15360,107520
22,46,15360,107520
22,51,17408,107520
22,22,19456,107520
22,70,19456,107520
22,43,20480,107520
62,63,1024,108544
62,64,2048,108544
62,22,6144,108544
62,63,6144,108544
62,61,7168,108544
62,46,8192,108544
62,62,9216,108544
62,23,14336,108544
62,46,14336,108544
62,51,16384,108544
62,22,18432,108544
62,70,18432,108544
62,43,19456,108544
63,64,1024,109568
63,22,5120,109568
63,63,5120,109568
63,61,6144,109568
63,46,7168,109568
63,62,8192,109568
63,23,13312,109568
63,46,13312,109568
63,51,15360,109568
63,22,17408,109568
63,70,17408,109568
63,43,18432,109568
63,65,20480,109568
64,22,4096,110592
64,63,4096,110592
64,61,5120,110592
64,46,6144,110592
64,62,7168,110592
64,23,12288,110592
64,46,12288,110592
64,51,14336,110592
64,22,16384,110592
64,70,16384,110592
64,43,17408,110592
64,65,19456,110592
22,63,0,114688
22,61,1024,114688
22,46,2048,114688
22,62,3072,114688
22,23,8192,114688
22,46,8192,114688
22,51,10240,114688
22,22,12288,114688
22,70,12288,114688
22,43,13312,114688
22,65,15360,114688
22,21,17408,114688
22,68,18432,114688
22,46,19456,114688
63,61,1024,114688
63,46,2048,114688
63,62,3072,114688
63,23,8192,114688
63,46,8192,114688
63,51,10240,114688
63,22,12288,114688
63,70,12288,114688
63,43,13312,114688
63,65,15360,114688
63,21,17408,114688
63,68,18432,114688
63,46,19456,114688
63,46,20480,114688
61,46,1024,115712
61,62,2048,115712
61,23,7168,115712
61,46,7168,115712
61,51,9216,115712
61,22,11264,115712
61,70,11264,115712
61,43,12288,115712
61,65,14336,115712
61,21,16384,115712
61,68,17408,115712
61,46,18432,115712
61,46,19456,115712
46,62,1024,116736
46,23,6144,116736
46,46,6144,116736
46,51,8192,116736
46,22,10240,116736
46,70,10240,116736
46,43,11264,116736
46,65,13312,116736
46,21,15360,116736
46,68,16384,116736
46,46,17408,116736
46,46,18432,116736
46,45,20480,116736
62,23,5120,117760
62,46,5120,117760
62,51,7168,117760
62,22,9216,117760
62,70,9216,117760
62,43,10240,117760
62,65,12288,117760
62,21,14336,117760
62,68,15360,117760
62,46,16384,117760
62,46,17408,117760
62,45,19456,117760
62,45,20480,117760
23,46,0,122880
23,51,2048,122880
23,22,4096,122880
23,70,4096,122880
23,43,5120,122880
23,65,7168,122880
23,21,9216,122880
23,68,10240,122880
23,46,11264,122880
23,46,12288,122880
23,45,14336,122880
23,45,15360,122880
23,46,16384,122880
23,26,17408,122880
46,51,2048,122880
46,22,4096,122880
46,70,4096,122880
46,43,5120,122880
46,65,7168,122880
46,21,9216,122880
46,68,10240,122880
46,46,11264,122880
46,46,12288,122880
46,45,14336,122880
46,45,15360,122880
46,46,16384,122880
46,26,17408,122880
46,46,17408,122880
51,22,2048,124928
51,70,2048,124928
51,43,3072,124928
51,65,5120,124928
51,21,7168,124928
51,68,8192,124928
51,46,9216,124928
51,46,10240,124928
51,45,12288,124928
51,45,13312,124928
51,46,14336,124928
51,26,15360,124928
51,46,15360,124928
51,46,16384,124928
22,70,0,126976
22,43,1024,126976
22,65,3072,126976
22,21,5120,126976
22,68,6144,126976
22,46,7168,126976
22,46,8192,126976
22,45,10240,126976
22,45,11264,126976
22,46,12288,126976
22,26,13312,126976
22,46,13312,126976
22,46,14336,126976
22,45,16384,126976
70,43,1024,126976
70,65,3072,126976
70,21,5120,126976
70,68,6144,126976
70,46,7168,126976
70,46,8192,126976
70,45,10240,126976
70,45,11264,126976
70,46,12288,126976
70,26,13312,126976
70,46,13312,126976
70,46,14336,126976
70,45,16384,126976
70,45,19456,126976
43,65,2048,128000
43,21,4096,128000
43,68,5120,128000
43,46,6144,128000
43,46,7168,128000
43,45,9216,128000
43,45,10240,128000
43,46,11264,128000
43,26,12288,128000
43,46,12288,128000
43,46,13312,128000
43,45,15360,128000
43,45,18432,128000
43,46,19456,128000
65,21,2048,130048
65,68,3072,130048
65,46,4096,130048
65,46,5120,130048
65,45,7168,130048
65,45,8192,130048
65,46,9216,130048
65,26,10240,130048
65,46,10240,130048
65,46,11264,130048
65,45,13312,130048
65,45,16384,130048
65,46,17408,130048
65,24,20480,130048
21,68,1024,132096
21,46,2048,132096
21,46,3072,132096
21,45,5120,132096
21,45,6144,132096
21,46,7168,132096
21,26,8192,132096
21,46,8192,132096
21,46,9216,132096
21,45,11264,132096
21,45,14336,132096
21,46,15360,132096
21,24,18432,132096
21,27,19456,132096
68,46,1024,133120
68,46,2048,133120
68,45,4096,133120
68,45,5120,133120
68,46,6144,133120
68,26,7168,133120
68,46,7168,133120
68,46,8192,133120
68,45,10240,133120
68,45,13312,133120
68,46,14336,133120
68,24,17408,133120
68,27,18432,133120
68,65,18432,133120
46,46,1024,134144
46,45,3072,134144
46,45,4096,134144
46,46,5120,134144
46,26,6144,134144
46,46,6144,134144
46,46,7168,134144
46,45,9216,134144
46,45,12288,134144
46,46,13312,134144
46,24,16384,134144
46,27,17408,134144
46,65,17408,134144
46,63,18432,134144
46,45,2048,135168
46,45,3072,135168
46,46,4096,135168
46,26,5120,135168
46,46,5120,135168
46,46,6144,135168
46,45,8192,135168
46,45,11264,135168
46,46,12288,135168
46,24,15360,135168
46,27,16384,135168
46,65,16384,135168
46,63,17408,135168
46,69,18432,135168
45,45,1024,137216
45,46,2048,137216
45,26,3072,137216
45,46,3072,137216
45,46,4096,137216
45,45,6144,137216
45,45,9216,137216
45,46,10240,137216
45,24,13312,137216
45,27,14336,137216
45,65,14336,137216
45,63,15360,137216
45,69,16384,137216
45,69,17408,137216
45,46,1024,138240
45,26,2048,138240
45,46,2048,138240
45,46,3072,138240
45,45,5120,138240
45,45,8192,138240
45,46,9216,138240
45,24,12288,138240
45,27,13312,138240
45,65,13312,138240
45,63,14336,138240
45,69,15360,138240
45,69,16384,138240
45,70,17408,138240
46,26,1024,139264
46,46,1024,139264
46,46,2048,139264
46,45,4096,139264
46,45,7168,139264
46,46,8192,139264
46,24,11264,139264
46,27,12288,139264
46,65,12288,139264
46,63,13312,139264
46,69,14336,139264
46,69,15360,139264
46,70,16384,139264
46,72,17408,139264
26,46,0,140288
26,46,1024,140288
26,45,3072,140288
26,45,6144,140288
26,46,7168,140288
26,24,10240,140288
26,27,11264,140288
26,65,11264,140288
26,63,12288,140288
26,69,13312,140288
26,69,14336,140288
26,70,15360,140288
26,72,16384,140288
46,46,1024,140288
46,45,3072,140288
46,45,6144,140288
46,46,7168,140288
46,24,10240,140288
46,27,11264,140288
46,65,11264,140288
46,63,12288,140288
46,69,13312,140288
46,69,14336,140288
46,70,15360,140288
46,72,16384,140288
46,45,2048,141312
46,45,5120,141312
46,46,6144,141312
46,24,9216,141312
46,27,10240,141312
46,65,10240,141312
46,63,11264,141312
46,69,12288,141312
46,69,13312,141312
46,70,14336,141312
46,72,15360,141312
45,45,3072,143360
45,46,4096,143360
45,24,7168,143360
45,27,8192,143360
45,65,8192,143360
45,63,9216,143360
45,69,10240,143360
45,69,11264,143360
45,70,12288,143360
45,72,13312,143360
45,46,1024,146432
45,24,4096,146432
45,27,5120,146432
45,65,5120,146432
45,63,6144,146432
45,69,7168,146432
45,69,8192,146432
45,70,9216,146432
45,72,10240,146432
45,23,18432,146432
45,23,20480,146432
46,24,3072,147456
46,27,4096,147456
46,65,4096,147456
46,63,5120,147456
46,69,6144,147456
46,69,7168,147456
46,70,8192,147456
46,72,9216,147456
46,23,17408,147456
46,23,19456,147456
24,27,1024,150528
24,65,1024,150528
24,63,2048,150528
24,69,3072,150528
24,69,4096,150528
24,70,5120,150528
24,72,6144,150528
24,23,14336,150528
24,23,16384,150528
24,44,18432,150528
24,21,20480,150528
24,46,20480,150528
27,65,0,151552
27,63,1024,151552
27,69,2048,151552
27,69,3072,151552
27,70,4096,151552
27,72,5120,151552
27,23,13312,151552
27,23,15360,151552
27,44,17408,151552
27,21,19456,151552
27,46,19456,151552
27,46,20480,151552
65,63,1024,151552
65,69,2048,151552
65,69,3072,151552
65,70,4096,151552
65,72,5120,151552
65,23,13312,151552
65,23,15360,151552
65,44,17408,151552
65,21,19456,151552
65,46,19456,151552
65,46,20480,151552
63,69,1024,152576
63,69,2048,152576
63,70,3072,152576
63,72,4096,152576
63,23,12288,152576
63,23,14336,152576
63,44,16384,152576
63,21,18432,152576
63,46,18432,152576
63,46,19456,152576
63,46,20480,152576
69,69,1024,153600
69,70,2048,153600
69,72,3072,153600
69,23,11264,153600
69,23,13312,153600
69,44,15360,153600
69,21,17408,153600
69,46,17408,153600
69,46,18432,153600
69,46,19456,153600
69,70,1024,154624
69,72,2048,154624
69,23,10240,154624
69,23,12288,154624
69,44,14336,154624
69,21,16384,154624
69,46,16384,154624
69,46,17408,154624
69,46,18432,154624
69,45,20480,154624
70,72,1024,155648
70,23,9216,155648
70,23,11264,155648
70,44,13312,155648
70,21,15360,155648
70,46,15360,155648
70,46,16384,155648
70,46,17408,155648
70,45,19456,155648
72,23,8192,156672
72,23,10240,156672
72,44,12288,156672
72,21,14336,156672
72,46,14336,156672
72,46,15360,156672
72,46,16384,156672
72,45,18432,156672
23,23,2048,164864
23,44,4096,164864
23,21,6144,164864
23,46,6144,164864
23,46,7168,164864
23,46,8192,164864
23,45,10240,164864
23,24,13312,164864
23,47,16384,164864
23,63,17408,164864
23,44,2048,166912
23,21,4096,166912
23,46,4096,166912
23,46,5120,166912
23,46,6144,166912
23,45,8192,166912
23,24,11264,166912
23,47,14336,166912
23,63,15360,166912
44,21,2048,168960
44,46,2048,168960
44,46,3072,168960
44,46,4096,168960
44,45,6144,168960
44,24,9216,168960
44,47,12288,168960
44,63,13312,168960
21,46,0,171008
21,46,1024,171008
21,46,2048,171008
21,45,4096,171008
21,24,7168,171008
21,47,10240,171008
21,63,11264,171008
46,46,1024,171008
46,46,2048,171008
46,45,4096,171008
46,24,7168,171008
46,47,10240,171008
46,63,11264,171008
46,46,1024,172032
46,45,3072,172032
46,24,6144,172032
46,47,9216,172032
46,63,10240,172032
46,26,20480,172032
46,45,2048,173056
46,24,5120,173056
46,47,8192,173056
46,63,9216,173056
46,26,19456,173056
46,47,20480,173056
45,24,3072,175104
45,47,6144,175104
45,63,7168,175104
45,26,17408,175104
45,47,18432,175104
45,56,19456,175104
24,47,3072,178176
24,63,4096,178176
24,26,14336,178176
24,47,15360,178176
24,56,16384,178176
24,27,18432,178176
24,73,20480,178176
47,63,1024,181248
47,26,11264,181248
47,47,12288,181248
47,56,13312,181248
47,27,15360,181248
47,73,17408,181248
47,23,19456,181248
47,46,19456,181248
47,22,20480,181248
63,26,10240,182272
63,47,11264,182272
63,56,12288,182272
63,27,14336,182272
63,73,16384,182272
63,23,18432,182272
63,46,18432,182272
63,22,19456,182272
26,47,1024,192512
26,56,2048,192512
26,27,4096,192512
26,73,6144,192512
26,23,8192,192512
26,46,8192,192512
26,22,9216,192512
26,21,11264,192512
26,70,13312,192512
26,61,14336,192512
26,63,17408,192512
26,62,19456,192512
47,56,1024,193536
47,27,3072,193536
47,73,5120,193536
47,23,7168,193536
47,46,7168,193536
47,22,8192,193536
47,21,10240,193536
47,70,12288,193536
47,61,13312,193536
47,63,16384,193536
47,62,18432,193536
56,27,2048,194560
56,73,4096,194560
56,23,6144,194560
56,46,6144,194560
56,22,7168,194560
56,21,9216,194560
56,70,11264,194560
56,61,12288,194560
56,63,15360,194560
56,62,17408,194560
56,22,20480,194560
56,59,20480,194560
27,73,2048,196608
27,23,4096,196608
27,46,4096,196608
27,22,5120,196608
27,21,7168,196608
27,70,9216,196608
27,61,10240,196608
27,63,13312,196608
27,62,15360,196608
27,22,18432,196608
27,59,18432,196608
27,39,19456,196608
27,59,19456,196608
73,23,2048,198656
73,46,2048,198656
73,22,3072,198656
73,21,5120,198656
73,70,7168,198656
73,61,8192,198656
73,63,11264,198656
73,62,13312,198656
73,22,16384,198656
73,59,16384,198656
73,39,17408,198656
73,59,17408,198656
73,46,20480,198656
23,46,0,200704
23,22,1024,200704
23,21,3072,200704
23,70,5120,200704
23,61,6144,200704
23,63,9216,200704
23,62,11264,200704
23,22,14336,200704
23,59,14336,200704
23,39,15360,200704
23,59,15360,200704
23,46,18432,200704
23,55,20480,200704
46,22,1024,200704
46,21,3072,200704
46,70,5120,200704
46,61,6144,200704
46,63,9216,200704
46,62,11264,200704
46,22,14336,200704
46,59,14336,200704
46,39,15360,200704
46,59,15360,200704
46,46,18432,200704
46,55,20480,200704
22,21,2048,201728
22,70,4096,201728
22,61,5120,201728
22,63,8192,201728
22,62,10240,201728
22,22,13312,201728
22,59,13312,201728
22,39,14336,201728
22,59,14336,201728
22,46,17408,201728
22,55,19456,201728
22,52,20480,201728
21,70,2048,203776
21,61,3072,203776
21,63,6144,203776
21,62,8192,203776
21,22,11264,203776
21,59,11264,203776
21,39,12288,203776
21,59,12288,203776
21,46,15360,203776
21,55,17408,203776
21,52,18432,203776
21,51,19456,203776
21,49,20480,203776
70,61,1024,205824
70,63,4096,205824
70,62,6144,205824
70,22,9216,205824
70,59,9216,205824
70,39,10240,205824
70,59,10240,205824
70,46,13312,205824
70,55,15360,205824
70,52,16384,205824
70,51,17408,205824
70,49,18432,205824
70,39,19456,205824
70,49,19456,205824
61,63,3072,206848
61,62,5120,206848
61,22,8192,206848
61,59,8192,206848
61,39,9216,206848
61,59,9216,206848
61,46,12288,206848
61,55,14336,206848
61,52,15360,206848
61,51,16384,206848
61,49,17408,206848
61,39,18432,206848
61,49,18432,206848
63,62,2048,209920
63,22,5120,209920
63,59,5120,209920
63,39,6144,209920
63,59,6144,209920
63,46,9216,209920
63,55,11264,209920
63,52,12288,209920
63,51,13312,209920
63,49,14336,209920
63,39,15360,209920
63,49,15360,209920
63,26,18432,209920
63,59,19456,209920
62,22,3072,211968
62,59,3072,211968
62,39,4096,211968
62,59,4096,211968
62,46,7168,211968
62,55,9216,211968
62,52,10240,211968
62,51,11264,211968
62,49,12288,211968
62,39,13312,211968
62,49,13312,211968
62,26,16384,211968
62,59,17408,211968
62,60,18432,211968
22,59,0,215040
22,39,1024,215040
22,59,1024,215040
22,46,4096,215040
22,55,6144,215040
22,52,7168,215040
22,51,8192,215040
22,49,9216,215040
22,39,10240,215040
22,49,10240,215040
22,26,13312,215040
22,59,14336,215040
22,60,15360,215040
22,22,16384,215040
59,39,1024,215040
59,59,1024,215040
59,46,4096,215040
59,55,6144,215040
59,52,7168,215040
59,51,8192,215040
59,49,9216,215040
59,39,10240,215040
59,49,10240,215040
59,26,13312,215040
59,59,14336,215040
59,60,15360,215040
59,22,16384,215040
59,47,18432,215040
39,59,0,216064
39,46,3072,216064
39,55,5120,216064
39,52,6144,216064
39,51,7168,216064
39,49,8192,216064
39,39,9216,216064
39,49,9216,216064
39,26,12288,216064
39,59,13312,216064
39,60,14336,216064
39,22,15360,216064
39,47,17408,216064
39,45,18432,216064
59,46,3072,216064
59,55,5120,216064
59,52,6144,216064
59,51,7168,216064
59,49,8192,216064
59,39,9216,216064
59,49,9216,216064
59,26,12288,216064
59,59,13312,216064
59,60,14336,216064
59,22,15360,216064
59,47,17408,216064
59,45,18432,216064
59,46,19456,216064
46,55,2048,219136
46,52,3072,219136
46,51,4096,219136
46,49,5120,219136
46,39,6144,219136
46,49,6144,219136
46,26,9216,219136
46,59,10240,219136
46,60,11264,219136
46,22,12288,219136
46,47,14336,219136
46,45,15360,219136
46,46,16384,219136
46,69,17408,219136
55,52,1024,221184
55,51,2048,221184
55,49,3072,221184
55,39,4096,221184
55,49,4096,221184
55,26,7168,221184
55,59,8192,221184
55,60,9216,221184
55,22,10240,221184
55,47,12288,221184
55,45,13312,221184
55,46,14336,221184
55,69,15360,221184
55,59,19456,221184
52,51,1024,222208
52,49,2048,222208
52,39,3072,222208
52,49,3072,222208
52,26,6144,222208
52,59,7168,222208
52,60,8192,222208
52,22,9216,222208
52,47,11264,222208
52,45,12288,222208
52,46,13312,222208
52,69,14336,222208
52,59,18432,222208
52,63,19456,222208
51,49,1024,223232
51,39,2048,223232
51,49,2048,223232
51,26,5120,223232
51,59,6144,223232
51,60,7168,223232
51,22,8192,223232
51,47,10240,223232
51,45,11264,223232
51,46,12288,223232
51,69,13312,223232
51,59,17408,223232
51,63,18432,223232
51,62,19456,223232
49,39,1024,224256
49,49,1024,224256
49,26,4096,224256
49,59,5120,224256
49,60,6144,224256
49,22,7168,224256
49,47,9216,224256
49,45,10240,224256
49,46,11264,224256
49,69,12288,224256
49,59,16384,224256
49,63,17408,224256
49,62,18432,224256
49,69,19456,224256
39,49,0,225280
39,26,3072,225280
39,59,4096,225280
39,60,5120,225280
39,22,6144,225280
39,47,8192,225280
39,45,9216,225280
39,46,10240,225280
39,69,11264,225280
39,59,15360,225280
39,63,16384,225280
39,62,17408,225280
39,69,18432,225280
49,26,3072,225280
49,59,4096,225280
49,60,5120,225280
49,22,6144,225280
49,47,8192,225280
49,45,9216,225280
49,46,10240,225280
49,69,11264,225280
49,59,15360,225280
49,63,16384,225280
49,62,17408,225280
49,69,18432,225280
26,59,1024,228352
26,60,2048,228352
26,22,3072,228352
26,47,5120,228352
26,45,6144,228352
26,46,7168,228352
26,69,8192,228352
26,59,12288,228352
26,63,13312,228352
26,62,14336,228352
26,69,15360,228352
59,60,1024,229376
59,22,2048,229376
59,47,4096,229376
59,45,5120,229376
59,46,6144,229376
59,69,7168,229376
59,59,11264,229376
59,63,12288,229376
59,62,13312,229376
59,69,14336,229376
60,22,1024,230400
60,47,3072,230400
60,45,4096,230400
60,46,5120,230400
60,69,6144,230400
60,59,10240,230400
60,63,11264,230400
60,62,12288,230400
60,69,13312,230400
22,47,2048,231424
22,45,3072,231424
22,46,4096,231424
22,69,5120,231424
22,59,9216,231424
22,63,10240,231424
22,62,11264,231424
22,69,12288,231424
47,45,1024,233472
47,46,2048,233472
47,69,3072,233472
47,59,7168,233472
47,63,8192,233472
47,62,9216,233472
47,69,10240,233472
47,68,19456,233472
47,68,20480,233472
45,46,1024,234496
45,69,2048,234496
45,59,6144,234496
45,63,7168,234496
45,62,8192,234496
45,69,9216,234496
45,68,18432,234496
45,68,19456,234496
45,69,20480,234496
46,69,1024,235520
46,59,5120,235520
46,63,6144,235520
46,62,7168,235520
46,69,8192,235520
46,68,17408,235520
46,68,18432,235520
46,69,19456,235520
69,59,4096,236544
69,63,5120,236544
69,62,6144,236544
69,69,7168,236544
69,68,16384,236544
69,68,17408,236544
69,69,18432,236544
59,63,1024,240640
59,62,2048,240640
59,69,3072,240640
59,68,12288,240640
59,68,13312,240640
59,69,14336,240640
59,45,18432,240640
59,75,19456,240640
59,75,20480,240640
63,62,1024,241664
63,69,2048,241664
63,68,11264,241664
63,68,12288,241664
63,69,13312,241664
63,45,17408,241664
63,75,18432,241664
63,75,19456,241664
63,72,20480,241664
62,69,1024,242688
62,68,10240,242688
62,68,11264,242688
62,69,12288,242688
62,45,16384,242688
62,75,17408,242688
62,75,18432,242688
62,72,19456,242688
69,68,9216,243712
69,68,10240,243712
69,69,11264,243712
69,45,15360,243712
69,75,16384,243712
69,75,17408,243712
69,72,18432,243712
68,68,1024,252928
68,69,2048,252928
68,45,6144,252928
68,75,7168,252928
68,75,8192,252928
68,72,9216,252928
68,70,18432,252928
68,46,19456,252928
68,36,20480,252928
68,69,1024,253952
68,45,5120,253952
68,75,6144,253952
68,75,7168,253952
68,72,8192,253952
68,70,17408,253952
68,46,18432,253952
68,36,19456,253952
69,45,4096,254976
69,75,5120,254976
69,75,6144,254976
69,72,7168,254976
69,70,16384,254976
69,46,17408,254976
69,36,18432,254976
45,75,1024,259072
45,75,2048,259072
45,72,3072,259072
45,70,12288,259072
45,46,13312,259072
45,36,14336,259072
45,50,18432,259072
45,80,19456,259072
75,75,1024,260096
75,72,2048,260096
75,70,11264,260096
75,46,12288,260096
75,36,13312,260096
75,50,17408,260096
75,80,18432,260096
75,72,1024,261120
75,70,10240,261120
75,46,11264,261120
75,36,12288,261120
75,50,16384,261120
75,80,17408,261120
72,70,9216,262144
72,46,10240,262144
72,36,11264,262144
72,50,15360,262144
72,80,16384,262144
70,46,1024,271360
70,36,2048,271360
70,50,6144,271360
70,80,7168,271360
70,43,14336,271360
70,43,18432,271360
70,43,19456,271360
46,36,1024,272384
46,50,5120,272384
46,80,6144,272384
46,43,13312,272384
46,43,17408,272384
46,43,18432,272384
36,50,4096,273408
36,80,5120,273408
36,43,12288,273408
36,43,16384,273408
36,43,17408,273408
50,80,1024,277504
50,43,8192,277504
50,43,12288,277504
50,43,13312,277504
50,36,19456,277504
50,26,20480,277504
50,56,20480,277504
80,43,7168,278528
80,43,11264,278528
80,43,12288,278528
80,36,18432,278528
80,26,19456,278528
80,56,19456,278528
80,26,20480,278528
43,43,4096,285696
43,43,5120,285696
43,36,11264,285696
43,26,12288,285696
43,56,12288,285696
43,26,13312,285696
43,72,14336,285696
43,26,15360,285696
43,35,16384,285696
43,43,1024,289792
43,36,7168,289792
43,26,8192,289792
43,56,8192,289792
43,26,9216,289792
43,72,10240,289792
43,26,11264,289792
43,35,12288,289792
43,46,17408,289792
43,46,18432,289792
43,46,20480,289792
43,36,6144,290816
43,26,7168,290816
43,56,7168,290816
43,26,8192,290816
43,72,9216,290816
43,26,10240,290816
43,35,11264,290816
43,46,16384,290816
43,46,17408,290816
43,46,19456,290816
36,26,1024,296960
36,56,1024,296960
36,26,2048,296960
36,72,3072,296960
36,26,4096,296960
36,35,5120,296960
36,46,10240,296960
36,46,11264,296960
36,46,13312,296960
36,46,16384,296960
36,72,17408,296960
36,64,18432,296960
36,23,19456,296960
36,46,20480,296960
26,56,0,297984
26,26,1024,297984
26,72,2048,297984
26,26,3072,297984
26,35,4096,297984
26,46,9216,297984
26,46,10240,297984
26,46,12288,297984
26,46,15360,297984
26,72,16384,297984
26,64,17408,297984
26,23,18432,297984
26,46,19456,297984
56,26,1024,297984
56,72,2048,297984
56,26,3072,297984
56,35,4096,297984
56,46,9216,297984
56,46,10240,297984
56,46,12288,297984
56,46,15360,297984
56,72,16384,297984
56,64,17408,297984
56,23,18432,297984
56,46,19456,297984
26,72,1024,299008
26,26,2048,299008
26,35,3072,299008
26,46,8192,299008
26,46,9216,299008
26,46,11264,299008
26,46,14336,299008
26,72,15360,299008
26,64,16384,299008
26,23,17408,299008
26,46,18432,299008
26,46,20480,299008
72,26,1024,300032
72,35,2048,300032
72,46,7168,300032
72,46,8192,300032
72,46,10240,300032
72,46,13312,300032
72,72,14336,300032
72,64,15360,300032
72,23,16384,300032
72,46,17408,300032
72,46,19456,300032
72,61,20480,300032
26,35,1024,301056
26,46,6144,301056
26,46,7168,301056
26,46,9216,301056
26,46,12288,301056
26,72,13312,301056
26,64,14336,301056
26,23,15360,301056
26,46,16384,301056
26,46,18432,301056
26,61,19456,301056
35,46,5120,302080
35,46,6144,302080
35,46,8192,302080
35,46,11264,302080
35,72,12288,302080
35,64,13312,302080
35,23,14336,302080
35,46,15360,302080
35,46,17408,302080
35,61,18432,302080
35,67,20480,302080
46,46,1024,307200
46,46,3072,307200
46,46,6144,307200
46,72,7168,307200
46,64,8192,307200
46,23,9216,307200
46,46,10240,307200
46,46,12288,307200
46,61,13312,307200
46,67,15360,307200
46,23,16384,307200
46,67,16384,307200
46,67,18432,307200
46,36,19456,307200
46,46,2048,308224
46,46,5120,308224
46,72,6144,308224
46,64,7168,308224
46,23,8192,308224
46,46,9216,308224
46,46,11264,308224
46,61,12288,308224
46,67,14336,308224
46,23,15360,308224
46,67,15360,308224
46,67,17408,308224
46,36,18432,308224
46,46,3072,310272
46,72,4096,310272
46,64,5120,310272
46,23,6144,310272
46,46,7168,310272
46,46,9216,310272
46,61,10240,310272
46,67,12288,310272
46,23,13312,310272
46,67,13312,310272
46,67,15360,310272
46,36,16384,310272
46,72,1024,313344
46,64,2048,313344
46,23,3072,313344
46,46,4096,313344
46,46,6144,313344
46,61,7168,313344
46,67,9216,313344
46,23,10240,313344
46,67,10240,313344
46,67,12288,313344
46,36,13312,313344
46,61,20480,313344
72,64,1024,314368
72,23,2048,314368
72,46,3072,314368
72,46,5120,314368
72,61,6144,314368
72,67,8192,314368
72,23,9216,314368
72,67,9216,314368
72,67,11264,314368
72,36,12288,314368
72,61,19456,314368
64,23,1024,315392
64,46,2048,315392
64,46,4096,315392
64,61,5120,315392
64,67,7168,315392
64,23,8192,315392
64,67,8192,315392
64,67,10240,315392
64,36,11264,315392
64,61,18432,315392
23,46,1024,316416
23,46,3072,316416
23,61,4096,316416
23,67,6144,316416
23,23,7168,316416
23,67,7168,316416
23,67,9216,316416
23,36,10240,316416
23,61,17408,316416
46,46,2048,317440
46,61,3072,317440
46,67,5120,317440
46,23,6144,317440
46,67,6144,317440
46,67,8192,317440
46,36,9216,317440
46,61,16384,317440
46,61,1024,319488
46,67,3072,319488
46,23,4096,319488
46,67,4096,319488
46,67,6144,319488
46,36,7168,319488
46,61,14336,319488
61,67,2048,320512
61,23,3072,320512
61,67,3072,320512
61,67,5120,320512
61,36,6144,320512
61,61,13312,320512
67,23,1024,322560
67,67,1024,322560
67,67,3072,322560
67,36,4096,322560
67,61,11264,322560
23,67,0,323584
23,67,2048,323584
23,36,3072,323584
23,61,10240,323584
67,67,2048,323584
67,36,3072,323584
67,61,10240,323584
67,36,1024,325632
67,61,8192,325632
36,61,7168,326656
