21,24,1024,13312
21,48,1024,13312
21,24,2048,13312
21,24,3072,13312
21,24,5120,13312
21,25,6144,13312
21,24,7168,13312
21,29,15360,13312
21,48,15360,13312
21,20,16384,13312
21,27,17408,13312
21,39,18432,13312
21,20,19456,13312
24,48,0,14336
24,24,1024,14336
24,24,2048,14336
24,24,4096,14336
24,25,5120,14336
24,24,6144,14336
24,29,14336,14336
24,48,14336,14336
24,20,15360,14336
24,27,16384,14336
24,39,17408,14336
24,20,18432,14336
48,24,1024,14336
48,24,2048,14336
48,24,4096,14336
48,25,5120,14336
48,24,6144,14336
48,29,14336,14336
48,48,14336,14336
48,20,15360,14336
48,27,16384,14336
48,39,17408,14336
48,20,18432,14336
24,24,1024,15360
24,24,3072,15360
24,25,4096,15360
24,24,5120,15360
24,29,13312,15360
24,48,13312,15360
24,20,14336,15360
24,27,15360,15360
24,39,16384,15360
24,20,17408,15360
24,24,2048,16384
24,25,3072,16384
24,24,4096,16384
24,29,12288,16384
24,48,12288,16384
24,20,13312,16384
24,27,14336,16384
24,39,15360,16384
24,20,16384,16384
24,25,1024,18432
24,24,2048,18432
24,29,10240,18432
24,48,10240,18432
24,20,11264,18432
24,27,12288,18432
24,39,13312,18432
24,20,14336,18432
25,24,1024,19456
25,29,9216,19456
25,48,9216,19456
25,20,10240,19456
25,27,11264,19456
25,39,12288,19456
25,20,13312,19456
24,29,8192,20480
24,48,8192,20480
24,20,9216,20480
24,27,10240,20480
24,39,11264,20480
24,20,12288,20480
29,48,0,28672
29,20,1024,28672
29,27,2048,28672
29,39,3072,28672
29,20,4096,28672
29,41,16384,28672
29,41,19456,28672
29,21,20480,28672
48,20,1024,28672
48,27,2048,28672
48,39,3072,28672
48,20,4096,28672
48,41,16384,28672
48,41,19456,28672
48,21,20480,28672
20,27,1024,29696
20,39,2048,29696
20,20,3072,29696
20,41,15360,29696
20,41,18432,29696
20,21,19456,29696
20,24,20480,29696
20,49,20480,29696
27,39,1024,30720
27,20,2048,30720
27,41,14336,30720
27,41,17408,30720
27,21,18432,30720
27,24,19456,30720
27,49,19456,30720
27,24,20480,30720
27,49,20480,30720
39,20,1024,31744
39,41,13312,31744
39,41,16384,31744
39,21,17408,31744
39,24,18432,31744
39,49,18432,31744
39,24,19456,31744
39,49,19456,31744
39,36,20480,31744
39,48,20480,31744
20,41,12288,32768
20,41,15360,32768
20,21,16384,32768
20,24,17408,32768
20,49,17408,32768
20,24,18432,32768
20,49,18432,32768
20,36,19456,32768
20,48,19456,32768
20,36,20480,32768
41,41,3072,45056
41,21,4096,45056
41,24,5120,45056
41,49,5120,45056
41,24,6144,45056
41,49,6144,45056
41,36,7168,45056
41,48,7168,45056
41,36,8192,45056
41,37,9216,45056
41,49,9216,45056
41,36,10240,45056
41,48,10240,45056
41,37,11264,45056
41,21,1024,48128
41,24,2048,48128
41,49,2048,48128
41,24,3072,48128
41,49,3072,48128
41,36,4096,48128
41,48,4096,48128
41,36,5120,48128
41,37,6144,48128
41,49,6144,48128
41,36,7168,48128
41,48,7168,48128
41,37,8192,48128
41,49,8192,48128
21,24,1024,49152
21,49,1024,49152
21,24,2048,49152
21,49,2048,49152
21,36,3072,49152
21,48,3072,49152
21,36,4096,49152
21,37,5120,49152
21,49,5120,49152
21,36,6144,49152
21,48,6144,49152
21,37,7168,49152
21,49,7168,49152
21,25,8192,49152
24,49,0,50176
24,24,1024,50176
24,49,1024,50176
24,36,2048,50176
24,48,2048,50176
24,36,3072,50176
24,37,4096,50176
24,49,4096,50176
24,36,5120,50176
24,48,5120,50176
24,37,6144,50176
24,49,6144,50176
24,25,7168,50176
24,49,7168,50176
49,24,1024,50176
49,49,1024,50176
49,36,2048,50176
49,48,2048,50176
49,36,3072,50176
49,37,4096,50176
49,49,4096,50176
49,36,5120,50176
49,48,5120,50176
49,37,6144,50176
49,49,6144,50176
49,25,7168,50176
49,49,7168,50176
49,25,8192,50176
24,49,0,51200
24,36,1024,51200
24,48,1024,51200
24,36,2048,51200
24,37,3072,51200
24,49,3072,51200
24,36,4096,51200
24,48,4096,51200
24,37,5120,51200
24,49,5120,51200
24,25,6144,51200
24,49,6144,51200
24,25,7168,51200
24,49,7168,51200
49,36,1024,51200
49,48,1024,51200
49,36,2048,51200
49,37,3072,51200
49,49,3072,51200
49,36,4096,51200
49,48,4096,51200
49,37,5120,51200
49,49,5120,51200
49,25,6144,51200
49,49,6144,51200
49,25,7168,51200
49,49,7168,51200
49,24,8192,51200
36,48,0,52224
36,36,1024,52224
36,37,2048,52224
36,49,2048,52224
36,36,3072,52224
36,48,3072,52224
36,37,4096,52224
36,49,4096,52224
36,25,5120,52224
36,49,5120,52224
36,25,6144,52224
36,49,6144,52224
36,24,7168,52224
36,49,7168,52224
48,36,1024,52224
48,37,2048,52224
48,49,2048,52224
48,36,3072,52224
48,48,3072,52224
48,37,4096,52224
48,49,4096,52224
48,25,5120,52224
48,49,5120,52224
48,25,6144,52224
48,49,6144,52224
48,24,7168,52224
48,49,7168,52224
48,25,8192,52224
36,37,1024,53248
36,49,1024,53248
36,36,2048,53248
36,48,2048,53248
36,37,3072,53248
36,49,3072,53248
36,25,4096,53248
36,49,4096,53248
36,25,5120,53248
36,49,5120,53248
36,24,6144,53248
36,49,6144,53248
36,25,7168,53248
36,25,8192,53248
37,49,0,54272
37,36,1024,54272
37,48,1024,54272
37,37,2048,54272
37,49,2048,54272
37,25,3072,54272
37,49,3072,54272
37,25,4096,54272
37,49,4096,54272
37,24,5120,54272
37,49,5120,54272
37,25,6144,54272
37,25,7168,54272
37,20,18432,54272
49,36,1024,54272
49,48,1024,54272
49,37,2048,54272
49,49,2048,54272
49,25,3072,54272
49,49,3072,54272
49,25,4096,54272
49,49,4096,54272
49,24,5120,54272
49,49,5120,54272
49,25,6144,54272
49,25,7168,54272
49,20,18432,54272
49,20,19456,54272
36,48,0,55296
36,37,1024,55296
36,49,1024,55296
36,25,2048,55296
36,49,2048,55296
36,25,3072,55296
36,49,3072,55296
36,24,4096,55296
36,49,4096,55296
36,25,5120,55296
36,25,6144,55296
36,20,17408,55296
36,20,18432,55296
36,20,19456,55296
48,37,1024,55296
48,49,1024,55296
48,25,2048,55296
48,49,2048,55296
48,25,3072,55296
48,49,3072,55296
48,24,4096,55296
48,49,4096,55296
48,25,5120,55296
48,25,6144,55296
48,20,17408,55296
48,20,18432,55296
48,20,19456,55296
37,49,0,56320
37,25,1024,56320
37,49,1024,56320
37,25,2048,56320
37,49,2048,56320
37,24,3072,56320
37,49,3072,56320
37,25,4096,56320
37,25,5120,56320
37,20,16384,56320
37,20,17408,56320
37,20,18432,56320
37,20,20480,56320
49,25,1024,56320
49,49,1024,56320
49,25,2048,56320
49,49,2048,56320
49,24,3072,56320
49,49,3072,56320
49,25,4096,56320
49,25,5120,56320
49,20,16384,56320
49,20,17408,56320
49,20,18432,56320
49,20,20480,56320
25,49,0,57344
25,25,1024,57344
25,49,1024,57344
25,24,2048,57344
25,49,2048,57344
25,25,3072,57344
25,25,4096,57344
25,20,15360,57344
25,20,16384,57344
25,20,17408,57344
25,20,19456,57344
25,20,20480,57344
49,25,1024,57344
49,49,1024,57344
49,24,2048,57344
49,49,2048,57344
49,25,3072,57344
49,25,4096,57344
49,20,15360,57344
49,20,16384,57344
49,20,17408,57344
49,20,19456,57344
49,20,20480,57344
25,49,0,58368
25,24,1024,58368
25,49,1024,58368
25,25,2048,58368
25,25,3072,58368
25,20,14336,58368
25,20,15360,58368
25,20,16384,58368
25,20,18432,58368
25,20,19456,58368
49,24,1024,58368
49,49,1024,58368
49,25,2048,58368
49,25,3072,58368
49,20,14336,58368
49,20,15360,58368
49,20,16384,58368
49,20,18432,58368
49,20,19456,58368
24,49,0,59392
24,25,1024,59392
24,25,2048,59392
24,20,13312,59392
24,20,14336,59392
24,20,15360,59392
24,20,17408,59392
24,20,18432,59392
49,25,1024,59392
49,25,2048,59392
49,20,13312,59392
49,20,14336,59392
49,20,15360,59392
49,20,17408,59392
49,20,18432,59392
25,25,1024,60416
25,20,12288,60416
25,20,13312,60416
25,20,14336,60416
25,20,16384,60416
25,20,17408,60416
25,20,20480,60416
25,42,20480,60416
25,20,11264,61440
25,20,12288,61440
25,20,13312,61440
25,20,15360,61440
25,20,16384,61440
25,20,19456,61440
25,42,19456,61440
25,37,20480,61440
20,20,1024,72704
20,20,2048,72704
20,20,4096,72704
20,20,5120,72704
20,20,8192,72704
20,42,8192,72704
20,37,9216,72704
20,21,10240,72704
20,41,11264,72704
20,21,12288,72704
20,43,12288,72704
20,42,13312,72704
20,21,15360,72704
20,42,15360,72704
20,20,1024,73728
20,20,3072,73728
20,20,4096,73728
20,20,7168,73728
20,42,7168,73728
20,37,8192,73728
20,21,9216,73728
20,41,10240,73728
20,21,11264,73728
20,43,11264,73728
20,42,12288,73728
20,21,14336,73728
20,42,14336,73728
20,21,15360,73728
20,20,2048,74752
20,20,3072,74752
20,20,6144,74752
20,42,6144,74752
20,37,7168,74752
20,21,8192,74752
20,41,9216,74752
20,21,10240,74752
20,43,10240,74752
20,42,11264,74752
20,21,13312,74752
20,42,13312,74752
20,21,14336,74752
20,42,14336,74752
20,20,1024,76800
20,20,4096,76800
20,42,4096,76800
20,37,5120,76800
20,21,6144,76800
20,41,7168,76800
20,21,8192,76800
20,43,8192,76800
20,42,9216,76800
20,21,11264,76800
20,42,11264,76800
20,21,12288,76800
20,42,12288,76800
20,22,13312,76800
20,20,3072,77824
20,42,3072,77824
20,37,4096,77824
20,21,5120,77824
20,41,6144,77824
20,21,7168,77824
20,43,7168,77824
20,42,8192,77824
20,21,10240,77824
20,42,10240,77824
20,21,11264,77824
20,42,11264,77824
20,22,12288,77824
20,42,0,80896
20,37,1024,80896
20,21,2048,80896
20,41,3072,80896
20,21,4096,80896
20,43,4096,80896
20,42,5120,80896
20,21,7168,80896
20,42,7168,80896
20,21,8192,80896
20,42,8192,80896
20,22,9216,80896
42,37,1024,80896
42,21,2048,80896
42,41,3072,80896
42,21,4096,80896
42,43,4096,80896
42,42,5120,80896
42,21,7168,80896
42,42,7168,80896
42,21,8192,80896
42,42,8192,80896
42,22,9216,80896
37,21,1024,81920
37,41,2048,81920
37,21,3072,81920
37,43,3072,81920
37,42,4096,81920
37,21,6144,81920
37,42,6144,81920
37,21,7168,81920
37,42,7168,81920
37,22,8192,81920
37,21,20480,81920
21,41,1024,82944
21,21,2048,82944
21,43,2048,82944
21,42,3072,82944
21,21,5120,82944
21,42,5120,82944
21,21,6144,82944
21,42,6144,82944
21,22,7168,82944
21,21,19456,82944
21,21,20480,82944
21,42,20480,82944
41,21,1024,83968
41,43,1024,83968
41,42,2048,83968
41,21,4096,83968
41,42,4096,83968
41,21,5120,83968
41,42,5120,83968
41,22,6144,83968
41,21,18432,83968
41,21,19456,83968
41,42,19456,83968
41,21,20480,83968
41,42,20480,83968
21,43,0,84992
21,42,1024,84992
21,21,3072,84992
21,42,3072,84992
21,21,4096,84992
21,42,4096,84992
21,22,5120,84992
21,21,17408,84992
21,21,18432,84992
21,42,18432,84992
21,21,19456,84992
21,42,19456,84992
21,21,20480,84992
21,42,20480,84992
43,42,1024,84992
43,21,3072,84992
43,42,3072,84992
43,21,4096,84992
43,42,4096,84992
43,22,5120,84992
43,21,17408,84992
43,21,18432,84992
43,42,18432,84992
43,21,19456,84992
43,42,19456,84992
43,21,20480,84992
43,42,20480,84992
42,21,2048,86016
42,42,2048,86016
42,21,3072,86016
42,42,3072,86016
42,22,4096,86016
42,21,16384,86016
42,21,17408,86016
42,42,17408,86016
42,21,18432,86016
42,42,18432,86016
42,21,19456,86016
42,42,19456,86016
21,42,0,88064
21,21,1024,88064
21,42,1024,88064
21,22,2048,88064
21,21,14336,88064
21,21,15360,88064
21,42,15360,88064
21,21,16384,88064
21,42,16384,88064
21,21,17408,88064
21,42,17408,88064
21,38,19456,88064
21,38,20480,88064
42,21,1024,88064
42,42,1024,88064
42,22,2048,88064
42,21,14336,88064
42,21,15360,88064
42,42,15360,88064
42,21,16384,88064
42,42,16384,88064
42,21,17408,88064
42,42,17408,88064
42,38,19456,88064
42,38,20480,88064
21,42,0,89088
21,22,1024,89088
21,21,13312,89088
21,21,14336,89088
21,42,14336,89088
21,21,15360,89088
21,42,15360,89088
21,21,16384,89088
21,42,16384,89088
21,38,18432,89088
21,38,19456,89088
21,24,20480,89088
42,22,1024,89088
42,21,13312,89088
42,21,14336,89088
42,42,14336,89088
42,21,15360,89088
42,42,15360,89088
42,21,16384,89088
42,42,16384,89088
42,38,18432,89088
42,38,19456,89088
42,24,20480,89088
22,21,12288,90112
22,21,13312,90112
22,42,13312,90112
22,21,14336,90112
22,42,14336,90112
22,21,15360,90112
22,42,15360,90112
22,38,17408,90112
22,38,18432,90112
22,24,19456,90112
22,21,20480,90112
21,21,1024,102400
21,42,1024,102400
21,21,2048,102400
21,42,2048,102400
21,21,3072,102400
21,42,3072,102400
21,38,5120,102400
21,38,6144,102400
21,24,7168,102400
21,21,8192,102400
21,20,9216,102400
21,21,12288,102400
21,37,15360,102400
21,42,0,103424
21,21,1024,103424
21,42,1024,103424
21,21,2048,103424
21,42,2048,103424
21,38,4096,103424
21,38,5120,103424
21,24,6144,103424
21,21,7168,103424
21,20,8192,103424
21,21,11264,103424
21,37,14336,103424
42,21,1024,103424
42,42,1024,103424
42,21,2048,103424
42,42,2048,103424
42,38,4096,103424
42,38,5120,103424
42,24,6144,103424
42,21,7168,103424
42,20,8192,103424
42,21,11264,103424
42,37,14336,103424
21,42,0,104448
21,21,1024,104448
21,42,1024,104448
21,38,3072,104448
21,38,4096,104448
21,24,5120,104448
21,21,6144,104448
21,20,7168,104448
21,21,10240,104448
21,37,13312,104448
42,21,1024,104448
42,42,1024,104448
42,38,3072,104448
42,38,4096,104448
42,24,5120,104448
42,21,6144,104448
42,20,7168,104448
42,21,10240,104448
42,37,13312,104448
21,42,0,105472
21,38,2048,105472
21,38,3072,105472
21,24,4096,105472
21,21,5120,105472
21,20,6144,105472
21,21,9216,105472
21,37,12288,105472
42,38,2048,105472
42,38,3072,105472
42,24,4096,105472
42,21,5120,105472
42,20,6144,105472
42,21,9216,105472
42,37,12288,105472
38,38,1024,107520
38,24,2048,107520
38,21,3072,107520
38,20,4096,107520
38,21,7168,107520
38,37,10240,107520
38,42,19456,107520
38,24,1024,108544
38,21,2048,108544
38,20,3072,108544
38,21,6144,108544
38,37,9216,108544
38,42,18432,108544
24,21,1024,109568
24,20,2048,109568
24,21,5120,109568
24,37,8192,109568
24,42,17408,109568
21,20,1024,110592
21,21,4096,110592
21,37,7168,110592
21,42,16384,110592
20,21,3072,111616
20,37,6144,111616
20,42,15360,111616
20,20,20480,111616
20,51,20480,111616
21,37,3072,114688
21,42,12288,114688
21,20,17408,114688
21,51,17408,114688
21,20,18432,114688
21,40,18432,114688
21,20,19456,114688
21,40,19456,114688
21,20,20480,114688
37,42,9216,117760
37,20,14336,117760
37,51,14336,117760
37,20,15360,117760
37,40,15360,117760
37,20,16384,117760
37,40,16384,117760
37,20,17408,117760
42,20,5120,126976
42,51,5120,126976
42,20,6144,126976
42,40,6144,126976
42,20,7168,126976
42,40,7168,126976
42,20,8192,126976
42,58,12288,126976
42,56,13312,126976
42,28,14336,126976
42,56,14336,126976
42,25,15360,126976
42,49,15360,126976
42,50,16384,126976
20,51,0,132096
20,20,1024,132096
20,40,1024,132096
20,20,2048,132096
20,40,2048,132096
20,20,3072,132096
20,58,7168,132096
20,56,8192,132096
20,28,9216,132096
20,56,9216,132096
20,25,10240,132096
20,49,10240,132096
20,50,11264,132096
51,20,1024,132096
51,40,1024,132096
51,20,2048,132096
51,40,2048,132096
51,20,3072,132096
51,58,7168,132096
51,56,8192,132096
51,28,9216,132096
51,56,9216,132096
51,25,10240,132096
51,49,10240,132096
51,50,11264,132096
20,40,0,133120
20,20,1024,133120
20,40,1024,133120
20,20,2048,133120
20,58,6144,133120
20,56,7168,133120
20,28,8192,133120
20,56,8192,133120
20,25,9216,133120
20,49,9216,133120
20,50,10240,133120
40,20,1024,133120
40,40,1024,133120
40,20,2048,133120
40,58,6144,133120
40,56,7168,133120
40,28,8192,133120
40,56,8192,133120
40,25,9216,133120
40,49,9216,133120
40,50,10240,133120
20,40,0,134144
20,20,1024,134144
20,58,5120,134144
20,56,6144,134144
20,28,7168,134144
20,56,7168,134144
20,25,8192,134144
20,49,8192,134144
20,50,9216,134144
40,20,1024,134144
40,58,5120,134144
40,56,6144,134144
40,28,7168,134144
40,56,7168,134144
40,25,8192,134144
40,49,8192,134144
40,50,9216,134144
20,58,4096,135168
20,56,5120,135168
20,28,6144,135168
20,56,6144,135168
20,25,7168,135168
20,49,7168,135168
20,50,8192,135168
58,56,1024,139264
58,28,2048,139264
58,56,2048,139264
58,25,3072,139264
58,49,3072,139264
58,50,4096,139264
58,41,17408,139264
56,28,1024,140288
56,56,1024,140288
56,25,2048,140288
56,49,2048,140288
56,50,3072,140288
56,41,16384,140288
28,56,0,141312
28,25,1024,141312
28,49,1024,141312
28,50,2048,141312
28,41,15360,141312
28,40,20480,141312
56,25,1024,141312
56,49,1024,141312
56,50,2048,141312
56,41,15360,141312
56,40,20480,141312
25,49,0,142336
25,50,1024,142336
25,41,14336,142336
25,40,19456,142336
25,40,20480,142336
49,50,1024,142336
49,41,14336,142336
49,40,19456,142336
49,40,20480,142336
50,41,13312,143360
50,40,18432,143360
50,40,19456,143360
41,40,5120,156672
41,40,6144,156672
41,58,10240,156672
41,54,11264,156672
41,55,12288,156672
41,25,13312,156672
41,50,13312,156672
41,50,14336,156672
41,21,17408,156672
40,40,1024,161792
40,58,5120,161792
40,54,6144,161792
40,55,7168,161792
40,25,8192,161792
40,50,8192,161792
40,50,9216,161792
40,21,12288,161792
40,58,4096,162816
40,54,5120,162816
40,55,6144,162816
40,25,7168,162816
40,50,7168,162816
40,50,8192,162816
40,21,11264,162816
58,54,1024,166912
58,55,2048,166912
58,25,3072,166912
58,50,3072,166912
58,50,4096,166912
58,21,7168,166912
58,20,18432,166912
58,20,20480,166912
58,40,20480,166912
54,55,1024,167936
54,25,2048,167936
54,50,2048,167936
54,50,3072,167936
54,21,6144,167936
54,20,17408,167936
54,20,19456,167936
54,40,19456,167936
54,20,20480,167936
55,25,1024,168960
55,50,1024,168960
55,50,2048,168960
55,21,5120,168960
55,20,16384,168960
55,20,18432,168960
55,40,18432,168960
55,20,19456,168960
55,20,20480,168960
55,40,20480,168960
25,50,0,169984
25,50,1024,169984
25,21,4096,169984
25,20,15360,169984
25,20,17408,169984
25,40,17408,169984
25,20,18432,169984
25,20,19456,169984
25,40,19456,169984
25,20,20480,169984
50,50,1024,169984
50,21,4096,169984
50,20,15360,169984
50,20,17408,169984
50,40,17408,169984
50,20,18432,169984
50,20,19456,169984
50,40,19456,169984
50,20,20480,169984
50,21,3072,171008
50,20,14336,171008
50,20,16384,171008
50,40,16384,171008
50,20,17408,171008
50,20,18432,171008
50,40,18432,171008
50,20,19456,171008
21,20,11264,174080
21,20,13312,174080
21,40,13312,174080
21,20,14336,174080
21,20,15360,174080
21,40,15360,174080
21,20,16384,174080
20,20,2048,185344
20,40,2048,185344
20,20,3072,185344
20,20,4096,185344
20,40,4096,185344
20,20,5120,185344
20,58,11264,185344
20,55,13312,185344
20,49,14336,185344
20,50,15360,185344
20,40,0,187392
20,20,1024,187392
20,20,2048,187392
20,40,2048,187392
20,20,3072,187392
20,58,9216,187392
20,55,11264,187392
20,49,12288,187392
20,50,13312,187392
40,20,1024,187392
40,20,2048,187392
40,40,2048,187392
40,20,3072,187392
40,58,9216,187392
40,55,11264,187392
40,49,12288,187392
40,50,13312,187392
20,20,1024,188416
20,40,1024,188416
20,20,2048,188416
20,58,8192,188416
20,55,10240,188416
20,49,11264,188416
20,50,12288,188416
20,40,0,189440
20,20,1024,189440
20,58,7168,189440
20,55,9216,189440
20,49,10240,189440
20,50,11264,189440
40,20,1024,189440
40,58,7168,189440
40,55,9216,189440
40,49,10240,189440
40,50,11264,189440
20,58,6144,190464
20,55,8192,190464
20,49,9216,190464
20,50,10240,190464
58,55,2048,196608
58,49,3072,196608
58,50,4096,196608
58,46,18432,196608
58,46,19456,196608
55,49,1024,198656
55,50,2048,198656
55,46,16384,198656
55,46,17408,198656
49,50,1024,199680
49,46,15360,199680
49,46,16384,199680
49,46,20480,199680
50,46,14336,200704
50,46,15360,200704
50,46,19456,200704
50,46,20480,200704
46,46,1024,215040
46,46,5120,215040
46,46,6144,215040
46,24,12288,215040
46,49,12288,215040
46,25,13312,215040
46,49,13312,215040
46,46,4096,216064
46,46,5120,216064
46,24,11264,216064
46,49,11264,216064
46,25,12288,216064
46,49,12288,216064
46,25,20480,216064
46,49,20480,216064
46,46,1024,220160
46,24,7168,220160
46,49,7168,220160
46,25,8192,220160
46,49,8192,220160
46,25,16384,220160
46,49,16384,220160
46,21,18432,220160
46,42,18432,220160
46,21,19456,220160
46,42,19456,220160
46,22,20480,220160
46,46,20480,220160
46,24,6144,221184
46,49,6144,221184
46,25,7168,221184
46,49,7168,221184
46,25,15360,221184
46,49,15360,221184
46,21,17408,221184
46,42,17408,221184
46,21,18432,221184
46,42,18432,221184
46,22,19456,221184
46,46,19456,221184
46,25,20480,221184
46,50,20480,221184
24,49,0,227328
24,25,1024,227328
24,49,1024,227328
24,25,9216,227328
24,49,9216,227328
24,21,11264,227328
24,42,11264,227328
24,21,12288,227328
24,42,12288,227328
24,22,13312,227328
24,46,13312,227328
24,25,14336,227328
24,50,14336,227328
24,24,15360,227328
49,25,1024,227328
49,49,1024,227328
49,25,9216,227328
49,49,9216,227328
49,21,11264,227328
49,42,11264,227328
49,21,12288,227328
49,42,12288,227328
49,22,13312,227328
49,46,13312,227328
49,25,14336,227328
49,50,14336,227328
49,24,15360,227328
49,25,16384,227328
25,49,0,228352
25,25,8192,228352
25,49,8192,228352
25,21,10240,228352
25,42,10240,228352
25,21,11264,228352
25,42,11264,228352
25,22,12288,228352
25,46,12288,228352
25,25,13312,228352
25,50,13312,228352
25,24,14336,228352
25,25,15360,228352
25,49,15360,228352
49,25,8192,228352
49,49,8192,228352
49,21,10240,228352
49,42,10240,228352
49,21,11264,228352
49,42,11264,228352
49,22,12288,228352
49,46,12288,228352
49,25,13312,228352
49,50,13312,228352
49,24,14336,228352
49,25,15360,228352
49,49,15360,228352
49,25,16384,228352
25,49,0,236544
25,21,2048,236544
25,42,2048,236544
25,21,3072,236544
25,42,3072,236544
25,22,4096,236544
25,46,4096,236544
25,25,5120,236544
25,50,5120,236544
25,24,6144,236544
25,25,7168,236544
25,49,7168,236544
25,25,8192,236544
25,50,8192,236544
49,21,2048,236544
49,42,2048,236544
49,21,3072,236544
49,42,3072,236544
49,22,4096,236544
49,46,4096,236544
49,25,5120,236544
49,50,5120,236544
49,24,6144,236544
49,25,7168,236544
49,49,7168,236544
49,25,8192,236544
49,50,8192,236544
49,25,9216,236544
21,42,0,238592
21,21,1024,238592
21,42,1024,238592
21,22,2048,238592
21,46,2048,238592
21,25,3072,238592
21,50,3072,238592
21,24,4096,238592
21,25,5120,238592
21,49,5120,238592
21,25,6144,238592
21,50,6144,238592
21,25,7168,238592
21,25,8192,238592
42,21,1024,238592
42,42,1024,238592
42,22,2048,238592
42,46,2048,238592
42,25,3072,238592
42,50,3072,238592
42,24,4096,238592
42,25,5120,238592
42,49,5120,238592
42,25,6144,238592
42,50,6144,238592
42,25,7168,238592
42,25,8192,238592
42,24,16384,238592
21,42,0,239616
21,22,1024,239616
21,46,1024,239616
21,25,2048,239616
21,50,2048,239616
21,24,3072,239616
21,25,4096,239616
21,49,4096,239616
21,25,5120,239616
21,50,5120,239616
21,25,6144,239616
21,25,7168,239616
21,24,15360,239616
21,25,16384,239616
42,22,1024,239616
42,46,1024,239616
42,25,2048,239616
42,50,2048,239616
42,24,3072,239616
42,25,4096,239616
42,49,4096,239616
42,25,5120,239616
42,50,5120,239616
42,25,6144,239616
42,25,7168,239616
42,24,15360,239616
42,25,16384,239616
42,25,17408,239616
22,46,0,240640
22,25,1024,240640
22,50,1024,240640
22,24,2048,240640
22,25,3072,240640
22,49,3072,240640
22,25,4096,240640
22,50,4096,240640
22,25,5120,240640
22,25,6144,240640
22,24,14336,240640
22,25,15360,240640
22,25,16384,240640
22,38,17408,240640
46,25,1024,240640
46,50,1024,240640
46,24,2048,240640
46,25,3072,240640
46,49,3072,240640
46,25,4096,240640
46,50,4096,240640
46,25,5120,240640
46,25,6144,240640
46,24,14336,240640
46,25,15360,240640
46,25,16384,240640
46,38,17408,240640
46,50,17408,240640
25,50,0,241664
25,24,1024,241664
25,25,2048,241664
25,49,2048,241664
25,25,3072,241664
25,50,3072,241664
25,25,4096,241664
25,25,5120,241664
25,24,13312,241664
25,25,14336,241664
25,25,15360,241664
25,38,16384,241664
25,50,16384,241664
25,25,17408,241664
50,24,1024,241664
50,25,2048,241664
50,49,2048,241664
50,25,3072,241664
50,50,3072,241664
50,25,4096,241664
50,25,5120,241664
50,24,13312,241664
50,25,14336,241664
50,25,15360,241664
50,38,16384,241664
50,50,16384,241664
50,25,17408,241664
50,50,17408,241664
24,25,1024,242688
24,49,1024,242688
24,25,2048,242688
24,50,2048,242688
24,25,3072,242688
24,25,4096,242688
24,24,12288,242688
24,25,13312,242688
24,25,14336,242688
24,38,15360,242688
24,50,15360,242688
24,25,16384,242688
24,50,16384,242688
24,25,17408,242688
25,49,0,243712
25,25,1024,243712
25,50,1024,243712
25,25,2048,243712
25,25,3072,243712
25,24,11264,243712
25,25,12288,243712
25,25,13312,243712
25,38,14336,243712
25,50,14336,243712
25,25,15360,243712
25,50,15360,243712
25,25,16384,243712
25,48,18432,243712
49,25,1024,243712
49,50,1024,243712
49,25,2048,243712
49,25,3072,243712
49,24,11264,243712
49,25,12288,243712
49,25,13312,243712
49,38,14336,243712
49,50,14336,243712
49,25,15360,243712
49,50,15360,243712
49,25,16384,243712
49,48,18432,243712
49,48,19456,243712
25,50,0,244736
25,25,1024,244736
25,25,2048,244736
25,24,10240,244736
25,25,11264,244736
25,25,12288,244736
25,38,13312,244736
25,50,13312,244736
25,25,14336,244736
25,50,14336,244736
25,25,15360,244736
25,48,17408,244736
25,48,18432,244736
50,25,1024,244736
50,25,2048,244736
50,24,10240,244736
50,25,11264,244736
50,25,12288,244736
50,38,13312,244736
50,50,13312,244736
50,25,14336,244736
50,50,14336,244736
50,25,15360,244736
50,48,17408,244736
50,48,18432,244736
25,25,1024,245760
25,24,9216,245760
25,25,10240,245760
25,25,11264,245760
25,38,12288,245760
25,50,12288,245760
25,25,13312,245760
25,50,13312,245760
25,25,14336,245760
25,48,16384,245760
25,48,17408,245760
25,24,8192,246784
25,25,9216,246784
25,25,10240,246784
25,38,11264,246784
25,50,11264,246784
25,25,12288,246784
25,50,12288,246784
25,25,13312,246784
25,48,15360,246784
25,48,16384,246784
24,25,1024,254976
24,25,2048,254976
24,38,3072,254976
24,50,3072,254976
24,25,4096,254976
24,50,4096,254976
24,25,5120,254976
24,48,7168,254976
24,48,8192,254976
24,20,17408,254976
24,40,17408,254976
24,20,18432,254976
25,25,1024,256000
25,38,2048,256000
25,50,2048,256000
25,25,3072,256000
25,50,3072,256000
25,25,4096,256000
25,48,6144,256000
25,48,7168,256000
25,20,16384,256000
25,40,16384,256000
25,20,17408,256000
25,38,20480,256000
25,38,1024,257024
25,50,1024,257024
25,25,2048,257024
25,50,2048,257024
25,25,3072,257024
25,48,5120,257024
25,48,6144,257024
25,20,15360,257024
25,40,15360,257024
25,20,16384,257024
25,38,19456,257024
25,24,20480,257024
25,48,20480,257024
38,50,0,258048
38,25,1024,258048
38,50,1024,258048
38,25,2048,258048
38,48,4096,258048
38,48,5120,258048
38,20,14336,258048
38,40,14336,258048
38,20,15360,258048
38,38,18432,258048
38,24,19456,258048
38,48,19456,258048
38,24,20480,258048
38,48,20480,258048
50,25,1024,258048
50,50,1024,258048
50,25,2048,258048
50,48,4096,258048
50,48,5120,258048
50,20,14336,258048
50,40,14336,258048
50,20,15360,258048
50,38,18432,258048
50,24,19456,258048
50,48,19456,258048
50,24,20480,258048
50,48,20480,258048
25,50,0,259072
25,25,1024,259072
25,48,3072,259072
25,48,4096,259072
25,20,13312,259072
25,40,13312,259072
25,20,14336,259072
25,38,17408,259072
25,24,18432,259072
25,48,18432,259072
25,24,19456,259072
25,48,19456,259072
25,25,20480,259072
50,25,1024,259072
50,48,3072,259072
50,48,4096,259072
50,20,13312,259072
50,40,13312,259072
50,20,14336,259072
50,38,17408,259072
50,24,18432,259072
50,48,18432,259072
50,24,19456,259072
50,48,19456,259072
50,25,20480,259072
25,48,2048,260096
25,48,3072,260096
25,20,12288,260096
25,40,12288,260096
25,20,13312,260096
25,38,16384,260096
25,24,17408,260096
25,48,17408,260096
25,24,18432,260096
25,48,18432,260096
25,25,19456,260096
25,24,20480,260096
25,49,20480,260096
48,48,1024,262144
48,20,10240,262144
48,40,10240,262144
48,20,11264,262144
48,38,14336,262144
48,24,15360,262144
48,48,15360,262144
48,24,16384,262144
48,48,16384,262144
48,25,17408,262144
48,24,18432,262144
48,49,18432,262144
48,21,19456,262144
48,21,20480,262144
48,20,9216,263168
48,40,9216,263168
48,20,10240,263168
48,38,13312,263168
48,24,14336,263168
48,48,14336,263168
48,24,15360,263168
48,48,15360,263168
48,25,16384,263168
48,24,17408,263168
48,49,17408,263168
48,21,18432,263168
48,21,19456,263168
20,40,0,272384
20,20,1024,272384
20,38,4096,272384
20,24,5120,272384
20,48,5120,272384
20,24,6144,272384
20,48,6144,272384
20,25,7168,272384
20,24,8192,272384
20,49,8192,272384
20,21,9216,272384
20,21,10240,272384
20,25,12288,272384
20,50,12288,272384
40,20,1024,272384
40,38,4096,272384
40,24,5120,272384
40,48,5120,272384
40,24,6144,272384
40,48,6144,272384
40,25,7168,272384
40,24,8192,272384
40,49,8192,272384
40,21,9216,272384
40,21,10240,272384
40,25,12288,272384
40,50,12288,272384
40,24,13312,272384
20,38,3072,273408
20,24,4096,273408
20,48,4096,273408
20,24,5120,273408
20,48,5120,273408
20,25,6144,273408
20,24,7168,273408
20,49,7168,273408
20,21,8192,273408
20,21,9216,273408
20,25,11264,273408
20,50,11264,273408
20,24,12288,273408
20,21,13312,273408
38,24,1024,276480
38,48,1024,276480
38,24,2048,276480
38,48,2048,276480
38,25,3072,276480
38,24,4096,276480
38,49,4096,276480
38,21,5120,276480
38,21,6144,276480
38,25,8192,276480
38,50,8192,276480
38,24,9216,276480
38,21,10240,276480
38,20,11264,276480
24,48,0,277504
24,24,1024,277504
24,48,1024,277504
24,25,2048,277504
24,24,3072,277504
24,49,3072,277504
24,21,4096,277504
24,21,5120,277504
24,25,7168,277504
24,50,7168,277504
24,24,8192,277504
24,21,9216,277504
24,20,10240,277504
24,20,11264,277504
48,24,1024,277504
48,48,1024,277504
48,25,2048,277504
48,24,3072,277504
48,49,3072,277504
48,21,4096,277504
48,21,5120,277504
48,25,7168,277504
48,50,7168,277504
48,24,8192,277504
48,21,9216,277504
48,20,10240,277504
48,20,11264,277504
48,39,12288,277504
24,48,0,278528
24,25,1024,278528
24,24,2048,278528
24,49,2048,278528
24,21,3072,278528
24,21,4096,278528
24,25,6144,278528
24,50,6144,278528
24,24,7168,278528
24,21,8192,278528
24,20,9216,278528
24,20,10240,278528
24,39,11264,278528
24,21,18432,278528
48,25,1024,278528
48,24,2048,278528
48,49,2048,278528
48,21,3072,278528
48,21,4096,278528
48,25,6144,278528
48,50,6144,278528
48,24,7168,278528
48,21,8192,278528
48,20,9216,278528
48,20,10240,278528
48,39,11264,278528
48,21,18432,278528
48,36,19456,278528
25,24,1024,279552
25,49,1024,279552
25,21,2048,279552
25,21,3072,279552
25,25,5120,279552
25,50,5120,279552
25,24,6144,279552
25,21,7168,279552
25,20,8192,279552
25,20,9216,279552
25,39,10240,279552
25,21,17408,279552
25,36,18432,279552
25,24,19456,279552
24,49,0,280576
24,21,1024,280576
24,21,2048,280576
24,25,4096,280576
24,50,4096,280576
24,24,5120,280576
24,21,6144,280576
24,20,7168,280576
24,20,8192,280576
24,39,9216,280576
24,21,16384,280576
24,36,17408,280576
24,24,18432,280576
24,22,19456,280576
49,21,1024,280576
49,21,2048,280576
49,25,4096,280576
49,50,4096,280576
49,24,5120,280576
49,21,6144,280576
49,20,7168,280576
49,20,8192,280576
49,39,9216,280576
49,21,16384,280576
49,36,17408,280576
49,24,18432,280576
49,22,19456,280576
21,21,1024,281600
21,25,3072,281600
21,50,3072,281600
21,24,4096,281600
21,21,5120,281600
21,20,6144,281600
21,20,7168,281600
21,39,8192,281600
21,21,15360,281600
21,36,16384,281600
21,24,17408,281600
21,22,18432,281600
21,25,2048,282624
21,50,2048,282624
21,24,3072,282624
21,21,4096,282624
21,20,5120,282624
21,20,6144,282624
21,39,7168,282624
21,21,14336,282624
21,36,15360,282624
21,24,16384,282624
21,22,17408,282624
25,50,0,284672
25,24,1024,284672
25,21,2048,284672
25,20,3072,284672
25,20,4096,284672
25,39,5120,284672
25,21,12288,284672
25,36,13312,284672
25,24,14336,284672
25,22,15360,284672
50,24,1024,284672
50,21,2048,284672
50,20,3072,284672
50,20,4096,284672
50,39,5120,284672
50,21,12288,284672
50,36,13312,284672
50,24,14336,284672
50,22,15360,284672
24,21,1024,285696
24,20,2048,285696
24,20,3072,285696
24,39,4096,285696
24,21,11264,285696
24,36,12288,285696
24,24,13312,285696
24,22,14336,285696
21,20,1024,286720
21,20,2048,286720
21,39,3072,286720
21,21,10240,286720
21,36,11264,286720
21,24,12288,286720
21,22,13312,286720
20,20,1024,287744
20,39,2048,287744
20,21,9216,287744
20,36,10240,287744
20,24,11264,287744
20,22,12288,287744
20,39,1024,288768
20,21,8192,288768
20,36,9216,288768
20,24,10240,288768
20,22,11264,288768
39,21,7168,289792
39,36,8192,289792
39,24,9216,289792
39,22,10240,289792
21,36,1024,296960
21,24,2048,296960
21,22,3072,296960
36,24,1024,297984
36,22,2048,297984
24,22,1024,299008
22,46,20480,300032
46,20,1024,320512
46,21,2048,320512
46,21,3072,320512
46,43,3072,320512
46,37,5120,320512
46,49,5120,320512
46,25,6144,320512
46,49,6144,320512
46,20,9216,320512
46,20,10240,320512
46,21,11264,320512
46,37,12288,320512
46,37,13312,320512
46,50,13312,320512
20,21,1024,321536
20,21,2048,321536
20,43,2048,321536
20,37,4096,321536
20,49,4096,321536
20,25,5120,321536
20,49,5120,321536
20,20,8192,321536
20,20,9216,321536
20,21,10240,321536
20,37,11264,321536
20,37,12288,321536
20,50,12288,321536
20,38,13312,321536
21,21,1024,322560
21,43,1024,322560
21,37,3072,322560
21,49,3072,322560
21,25,4096,322560
21,49,4096,322560
21,20,7168,322560
21,20,8192,322560
21,21,9216,322560
21,37,10240,322560
21,37,11264,322560
21,50,11264,322560
21,38,12288,322560
21,50,12288,322560
21,43,0,323584
21,37,2048,323584
21,49,2048,323584
21,25,3072,323584
21,49,3072,323584
21,20,6144,323584
21,20,7168,323584
21,21,8192,323584
21,37,9216,323584
21,37,10240,323584
21,50,10240,323584
21,38,11264,323584
21,50,11264,323584
21,42,12288,323584
43,37,2048,323584
43,49,2048,323584
43,25,3072,323584
43,49,3072,323584
43,20,6144,323584
43,20,7168,323584
43,21,8192,323584
43,37,9216,323584
43,37,10240,323584
43,50,10240,323584
43,38,11264,323584
43,50,11264,323584
43,42,12288,323584
43,55,13312,323584
37,49,0,325632
37,25,1024,325632
37,49,1024,325632
37,20,4096,325632
37,20,5120,325632
37,21,6144,325632
37,37,7168,325632
37,37,8192,325632
37,50,8192,325632
37,38,9216,325632
37,50,9216,325632
37,42,10240,325632
37,55,11264,325632
37,55,12288,325632
49,25,1024,325632
49,49,1024,325632
49,20,4096,325632
49,20,5120,325632
49,21,6144,325632
49,37,7168,325632
49,37,8192,325632
49,50,8192,325632
49,38,9216,325632
49,50,9216,325632
49,42,10240,325632
49,55,11264,325632
49,55,12288,325632
25,49,0,326656
25,20,3072,326656
25,20,4096,326656
25,21,5120,326656
25,37,6144,326656
25,37,7168,326656
25,50,7168,326656
25,38,8192,326656
25,50,8192,326656
25,42,9216,326656
25,55,10240,326656
25,55,11264,326656
49,20,3072,326656
49,20,4096,326656
49,21,5120,326656
49,37,6144,326656
49,37,7168,326656
49,50,7168,326656
49,38,8192,326656
49,50,8192,326656
49,42,9216,326656
49,55,10240,326656
49,55,11264,326656
20,20,1024,329728
20,21,2048,329728
20,37,3072,329728
20,37,4096,329728
20,50,4096,329728
20,38,5120,329728
20,50,5120,329728
20,42,6144,329728
20,55,7168,329728
20,55,8192,329728
20,21,1024,330752
20,37,2048,330752
20,37,3072,330752
20,50,3072,330752
20,38,4096,330752
20,50,4096,330752
20,42,5120,330752
20,55,6144,330752
20,55,7168,330752
21,37,1024,331776
21,37,2048,331776
21,50,2048,331776
21,38,3072,331776
21,50,3072,331776
21,42,4096,331776
21,55,5120,331776
21,55,6144,331776
37,37,1024,332800
37,50,1024,332800
37,38,2048,332800
37,50,2048,332800
37,42,3072,332800
37,55,4096,332800
37,55,5120,332800
37,50,0,333824
37,38,1024,333824
37,50,1024,333824
37,42,2048,333824
37,55,3072,333824
37,55,4096,333824
50,38,1024,333824
50,50,1024,333824
50,42,2048,333824
50,55,3072,333824
50,55,4096,333824
38,50,0,334848
38,42,1024,334848
38,55,2048,334848
38,55,3072,334848
50,42,1024,334848
50,55,2048,334848
50,55,3072,334848
42,55,1024,335872
42,55,2048,335872
55,55,1024,336896
