28,28,1024,17408
28,33,3072,17408
28,26,5120,17408
28,50,5120,17408
28,26,6144,17408
28,50,6144,17408
28,26,7168,17408
28,26,8192,17408
28,39,9216,17408
28,26,10240,17408
28,26,11264,17408
28,26,13312,17408
28,46,14336,17408
28,26,15360,17408
28,33,2048,18432
28,26,4096,18432
28,50,4096,18432
28,26,5120,18432
28,50,5120,18432
28,26,6144,18432
28,26,7168,18432
28,39,8192,18432
28,26,9216,18432
28,26,10240,18432
28,26,12288,18432
28,46,13312,18432
28,26,14336,18432
28,21,15360,18432
33,26,2048,20480
33,50,2048,20480
33,26,3072,20480
33,50,3072,20480
33,26,4096,20480
33,26,5120,20480
33,39,6144,20480
33,26,7168,20480
33,26,8192,20480
33,26,10240,20480
33,46,11264,20480
33,26,12288,20480
33,21,13312,20480
33,33,17408,20480
26,50,0,22528
26,26,1024,22528
26,50,1024,22528
26,26,2048,22528
26,26,3072,22528
26,39,4096,22528
26,26,5120,22528
26,26,6144,22528
26,26,8192,22528
26,46,9216,22528
26,26,10240,22528
26,21,11264,22528
26,33,15360,22528
26,26,17408,22528
50,26,1024,22528
50,50,1024,22528
50,26,2048,22528
50,26,3072,22528
50,39,4096,22528
50,26,5120,22528
50,26,6144,22528
50,26,8192,22528
50,46,9216,22528
50,26,10240,22528
50,21,11264,22528
50,33,15360,22528
50,26,17408,22528
50,26,18432,22528
26,50,0,23552
26,26,1024,23552
26,26,2048,23552
26,39,3072,23552
26,26,4096,23552
26,26,5120,23552
26,26,7168,23552
26,46,8192,23552
26,26,9216,23552
26,21,10240,23552
26,33,14336,23552
26,26,16384,23552
26,26,17408,23552
26,27,18432,23552
50,26,1024,23552
50,26,2048,23552
50,39,3072,23552
50,26,4096,23552
50,26,5120,23552
50,26,7168,23552
50,46,8192,23552
50,26,9216,23552
50,21,10240,23552
50,33,14336,23552
50,26,16384,23552
50,26,17408,23552
50,27,18432,23552
50,28,19456,23552
26,26,1024,24576
26,39,2048,24576
26,26,3072,24576
26,26,4096,24576
26,26,6144,24576
26,46,7168,24576
26,26,8192,24576
26,21,9216,24576
26,33,13312,24576
26,26,15360,24576
26,26,16384,24576
26,27,17408,24576
26,28,18432,24576
26,28,19456,24576
26,39,1024,25600
26,26,2048,25600
26,26,3072,25600
26,26,5120,25600
26,46,6144,25600
26,26,7168,25600
26,21,8192,25600
26,33,12288,25600
26,26,14336,25600
26,26,15360,25600
26,27,16384,25600
26,28,17408,25600
26,28,18432,25600
26,29,20480,25600
39,26,1024,26624
39,26,2048,26624
39,26,4096,26624
39,46,5120,26624
39,26,6144,26624
39,21,7168,26624
39,33,11264,26624
39,26,13312,26624
39,26,14336,26624
39,27,15360,26624
39,28,16384,26624
39,28,17408,26624
39,29,19456,26624
39,50,19456,26624
26,26,1024,27648
26,26,3072,27648
26,46,4096,27648
26,26,5120,27648
26,21,6144,27648
26,33,10240,27648
26,26,12288,27648
26,26,13312,27648
26,27,14336,27648
26,28,15360,27648
26,28,16384,27648
26,29,18432,27648
26,50,18432,27648
26,51,19456,27648
26,26,2048,28672
26,46,3072,28672
26,26,4096,28672
26,21,5120,28672
26,33,9216,28672
26,26,11264,28672
26,26,12288,28672
26,27,13312,28672
26,28,14336,28672
26,28,15360,28672
26,29,17408,28672
26,50,17408,28672
26,51,18432,28672
26,46,1024,30720
26,26,2048,30720
26,21,3072,30720
26,33,7168,30720
26,26,9216,30720
26,26,10240,30720
26,27,11264,30720
26,28,12288,30720
26,28,13312,30720
26,29,15360,30720
26,50,15360,30720
26,51,16384,30720
26,29,19456,30720
46,26,1024,31744
46,21,2048,31744
46,33,6144,31744
46,26,8192,31744
46,26,9216,31744
46,27,10240,31744
46,28,11264,31744
46,28,12288,31744
46,29,14336,31744
46,50,14336,31744
46,51,15360,31744
46,29,18432,31744
26,21,1024,32768
26,33,5120,32768
26,26,7168,32768
26,26,8192,32768
26,27,9216,32768
26,28,10240,32768
26,28,11264,32768
26,29,13312,32768
26,50,13312,32768
26,51,14336,32768
26,29,17408,32768
21,33,4096,33792
21,26,6144,33792
21,26,7168,33792
21,27,8192,33792
21,28,9216,33792
21,28,10240,33792
21,29,12288,33792
21,50,12288,33792
21,51,13312,33792
21,29,16384,33792
33,26,2048,37888
33,26,3072,37888
33,27,4096,37888
33,28,5120,37888
33,28,6144,37888
33,29,8192,37888
33,50,8192,37888
33,51,9216,37888
33,29,12288,37888
33,29,19456,37888
26,26,1024,39936
26,27,2048,39936
26,28,3072,39936
26,28,4096,39936
26,29,6144,39936
26,50,6144,39936
26,51,7168,39936
26,29,10240,39936
26,29,17408,39936
26,29,19456,39936
26,27,1024,40960
26,28,2048,40960
26,28,3072,40960
26,29,5120,40960
26,50,5120,40960
26,51,6144,40960
26,29,9216,40960
26,29,16384,40960
26,29,18432,40960
27,28,1024,41984
27,28,2048,41984
27,29,4096,41984
27,50,4096,41984
27,51,5120,41984
27,29,8192,41984
27,29,15360,41984
27,29,17408,41984
28,28,1024,43008
28,29,3072,43008
28,50,3072,43008
28,51,4096,43008
28,29,7168,43008
28,29,14336,43008
28,29,16384,43008
28,29,2048,44032
28,50,2048,44032
28,51,3072,44032
28,29,6144,44032
28,29,13312,44032
28,29,15360,44032
29,50,0,46080
29,51,1024,46080
29,29,4096,46080
29,29,11264,46080
29,29,13312,46080
50,51,1024,46080
50,29,4096,46080
50,29,11264,46080
50,29,13312,46080
51,29,3072,47104
51,29,10240,47104
51,29,12288,47104
51,22,20480,47104
29,29,7168,50176
29,29,9216,50176
29,22,17408,50176
29,29,18432,50176
29,29,19456,50176
29,29,20480,50176
29,29,2048,57344
29,22,10240,57344
29,29,11264,57344
29,29,12288,57344
29,29,13312,57344
29,68,16384,57344
29,69,17408,57344
29,22,8192,59392
29,29,9216,59392
29,29,10240,59392
29,29,11264,59392
29,68,14336,59392
29,69,15360,59392
22,29,1024,67584
22,29,2048,67584
22,29,3072,67584
22,68,6144,67584
22,69,7168,67584
22,58,16384,67584
22,70,17408,67584
29,29,1024,68608
29,29,2048,68608
29,68,5120,68608
29,69,6144,68608
29,58,15360,68608
29,70,16384,68608
29,20,20480,68608
29,29,1024,69632
29,68,4096,69632
29,69,5120,69632
29,58,14336,69632
29,70,15360,69632
29,20,19456,69632
29,22,20480,69632
29,68,3072,70656
29,69,4096,70656
29,58,13312,70656
29,70,14336,70656
29,20,18432,70656
29,22,19456,70656
29,22,20480,70656
68,69,1024,73728
68,58,10240,73728
68,70,11264,73728
68,20,15360,73728
68,22,16384,73728
68,22,17408,73728
69,58,9216,74752
69,70,10240,74752
69,20,14336,74752
69,22,15360,74752
69,22,16384,74752
58,70,1024,83968
58,20,5120,83968
58,22,6144,83968
58,22,7168,83968
70,20,4096,84992
70,22,5120,84992
70,22,6144,84992
70,29,20480,84992
20,22,1024,89088
20,22,2048,89088
20,29,16384,89088
20,29,17408,89088
20,29,18432,89088
20,29,19456,89088
20,29,20480,89088
22,22,1024,90112
22,29,15360,90112
22,29,16384,90112
22,29,17408,90112
22,29,18432,90112
22,29,19456,90112
22,28,20480,90112
22,29,14336,91136
22,29,15360,91136
22,29,16384,91136
22,29,17408,91136
22,29,18432,91136
22,28,19456,91136
29,29,1024,105472
29,29,2048,105472
29,29,3072,105472
29,29,4096,105472
29,28,5120,105472
29,25,7168,105472
29,25,8192,105472
29,26,9216,105472
29,26,10240,105472
29,26,13312,105472
29,26,17408,105472
29,25,18432,105472
29,29,1024,106496
29,29,2048,106496
29,29,3072,106496
29,28,4096,106496
29,25,6144,106496
29,25,7168,106496
29,26,8192,106496
29,26,9216,106496
29,26,12288,106496
29,26,16384,106496
29,25,17408,106496
29,29,1024,107520
29,29,2048,107520
29,28,3072,107520
29,25,5120,107520
29,25,6144,107520
29,26,7168,107520
29,26,8192,107520
29,26,11264,107520
29,26,15360,107520
29,25,16384,107520
29,29,1024,108544
29,28,2048,108544
29,25,4096,108544
29,25,5120,108544
29,26,6144,108544
29,26,7168,108544
29,26,10240,108544
29,26,14336,108544
29,25,15360,108544
29,28,1024,109568
29,25,3072,109568
29,25,4096,109568
29,26,5120,109568
29,26,6144,109568
29,26,9216,109568
29,26,13312,109568
29,25,14336,109568
28,25,2048,110592
28,25,3072,110592
28,26,4096,110592
28,26,5120,110592
28,26,8192,110592
28,26,12288,110592
28,25,13312,110592
28,22,20480,110592
25,25,1024,112640
25,26,2048,112640
25,26,3072,112640
25,26,6144,112640
25,26,10240,112640
25,25,11264,112640
25,22,18432,112640
25,24,19456,112640
25,26,20480,112640
25,26,1024,113664
25,26,2048,113664
25,26,5120,113664
25,26,9216,113664
25,25,10240,113664
25,22,17408,113664
25,24,18432,113664
25,26,19456,113664
26,26,1024,114688
26,26,4096,114688
26,26,8192,114688
26,25,9216,114688
26,22,16384,114688
26,24,17408,114688
26,26,18432,114688
26,24,20480,114688
26,26,3072,115712
26,26,7168,115712
26,25,8192,115712
26,22,15360,115712
26,24,16384,115712
26,26,17408,115712
26,24,19456,115712
26,25,20480,115712
26,26,4096,118784
26,25,5120,118784
26,22,12288,118784
26,24,13312,118784
26,26,14336,118784
26,24,16384,118784
26,25,17408,118784
26,25,18432,118784
26,25,19456,118784
26,65,19456,118784
26,25,1024,122880
26,22,8192,122880
26,24,9216,122880
26,26,10240,122880
26,24,12288,122880
26,25,13312,122880
26,25,14336,122880
26,25,15360,122880
26,65,15360,122880
25,22,7168,123904
25,24,8192,123904
25,26,9216,123904
25,24,11264,123904
25,25,12288,123904
25,25,13312,123904
25,25,14336,123904
25,65,14336,123904
22,24,1024,131072
22,26,2048,131072
22,24,4096,131072
22,25,5120,131072
22,25,6144,131072
22,25,7168,131072
22,65,7168,131072
24,26,1024,132096
24,24,3072,132096
24,25,4096,132096
24,25,5120,132096
24,25,6144,132096
24,65,6144,132096
24,28,20480,132096
26,24,2048,133120
26,25,3072,133120
26,25,4096,133120
26,25,5120,133120
26,65,5120,133120
26,28,19456,133120
24,25,1024,135168
24,25,2048,135168
24,25,3072,135168
24,65,3072,135168
24,28,17408,135168
24,76,20480,135168
25,25,1024,136192
25,25,2048,136192
25,65,2048,136192
25,28,16384,136192
25,76,19456,136192
25,73,20480,136192
25,25,1024,137216
25,65,1024,137216
25,28,15360,137216
25,76,18432,137216
25,73,19456,137216
25,65,0,138240
25,28,14336,138240
25,76,17408,138240
25,73,18432,138240
65,28,14336,138240
65,76,17408,138240
65,73,18432,138240
28,76,3072,152576
28,73,4096,152576
28,26,20480,152576
76,73,1024,155648
76,26,17408,155648
76,26,18432,155648
76,26,19456,155648
76,26,20480,155648
73,26,16384,156672
73,26,17408,156672
73,26,18432,156672
73,26,19456,156672
73,58,20480,156672
26,26,1024,173056
26,26,2048,173056
26,26,3072,173056
26,58,4096,173056
26,76,5120,173056
26,77,6144,173056
26,76,7168,173056
26,58,11264,173056
26,58,12288,173056
26,22,13312,173056
26,58,13312,173056
26,26,1024,174080
26,26,2048,174080
26,58,3072,174080
26,76,4096,174080
26,77,5120,174080
26,76,6144,174080
26,58,10240,174080
26,58,11264,174080
26,22,12288,174080
26,58,12288,174080
26,26,1024,175104
26,58,2048,175104
26,76,3072,175104
26,77,4096,175104
26,76,5120,175104
26,58,9216,175104
26,58,10240,175104
26,22,11264,175104
26,58,11264,175104
26,29,20480,175104
26,77,20480,175104
26,58,1024,176128
26,76,2048,176128
26,77,3072,176128
26,76,4096,176128
26,58,8192,176128
26,58,9216,176128
26,22,10240,176128
26,58,10240,176128
26,29,19456,176128
26,77,19456,176128
26,29,20480,176128
26,78,20480,176128
58,76,1024,177152
58,77,2048,177152
58,76,3072,177152
58,58,7168,177152
58,58,8192,177152
58,22,9216,177152
58,58,9216,177152
58,29,18432,177152
58,77,18432,177152
58,29,19456,177152
58,78,19456,177152
58,29,20480,177152
58,78,20480,177152
76,77,1024,178176
76,76,2048,178176
76,58,6144,178176
76,58,7168,178176
76,22,8192,178176
76,58,8192,178176
76,29,17408,178176
76,77,17408,178176
76,29,18432,178176
76,78,18432,178176
76,29,19456,178176
76,78,19456,178176
76,29,20480,178176
76,78,20480,178176
77,76,1024,179200
77,58,5120,179200
77,58,6144,179200
77,22,7168,179200
77,58,7168,179200
77,29,16384,179200
77,77,16384,179200
77,29,17408,179200
77,78,17408,179200
77,29,18432,179200
77,78,18432,179200
77,29,19456,179200
77,78,19456,179200
77,29,20480,179200
76,58,4096,180224
76,58,5120,180224
76,22,6144,180224
76,58,6144,180224
76,29,15360,180224
76,77,15360,180224
76,29,16384,180224
76,78,16384,180224
76,29,17408,180224
76,78,17408,180224
76,29,18432,180224
76,78,18432,180224
76,29,19456,180224
76,29,20480,180224
58,58,1024,184320
58,22,2048,184320
58,58,2048,184320
58,29,11264,184320
58,77,11264,184320
58,29,12288,184320
58,78,12288,184320
58,29,13312,184320
58,78,13312,184320
58,29,14336,184320
58,78,14336,184320
58,29,15360,184320
58,29,16384,184320
58,28,17408,184320
58,22,1024,185344
58,58,1024,185344
58,29,10240,185344
58,77,10240,185344
58,29,11264,185344
58,78,11264,185344
58,29,12288,185344
58,78,12288,185344
58,29,13312,185344
58,78,13312,185344
58,29,14336,185344
58,29,15360,185344
58,28,16384,185344
58,28,17408,185344
22,58,0,186368
22,29,9216,186368
22,77,9216,186368
22,29,10240,186368
22,78,10240,186368
22,29,11264,186368
22,78,11264,186368
22,29,12288,186368
22,78,12288,186368
22,29,13312,186368
22,29,14336,186368
22,28,15360,186368
22,28,16384,186368
22,28,17408,186368
58,29,9216,186368
58,77,9216,186368
58,29,10240,186368
58,78,10240,186368
58,29,11264,186368
58,78,11264,186368
58,29,12288,186368
58,78,12288,186368
58,29,13312,186368
58,29,14336,186368
58,28,15360,186368
58,28,16384,186368
58,28,17408,186368
58,58,20480,186368
29,77,0,195584
29,29,1024,195584
29,78,1024,195584
29,29,2048,195584
29,78,2048,195584
29,29,3072,195584
29,78,3072,195584
29,29,4096,195584
29,29,5120,195584
29,28,6144,195584
29,28,7168,195584
29,28,8192,195584
29,58,11264,195584
29,58,12288,195584
77,29,1024,195584
77,78,1024,195584
77,29,2048,195584
77,78,2048,195584
77,29,3072,195584
77,78,3072,195584
77,29,4096,195584
77,29,5120,195584
77,28,6144,195584
77,28,7168,195584
77,28,8192,195584
77,58,11264,195584
77,58,12288,195584
77,78,13312,195584
29,78,0,196608
29,29,1024,196608
29,78,1024,196608
29,29,2048,196608
29,78,2048,196608
29,29,3072,196608
29,29,4096,196608
29,28,5120,196608
29,28,6144,196608
29,28,7168,196608
29,58,10240,196608
29,58,11264,196608
29,78,12288,196608
29,79,13312,196608
78,29,1024,196608
78,78,1024,196608
78,29,2048,196608
78,78,2048,196608
78,29,3072,196608
78,29,4096,196608
78,28,5120,196608
78,28,6144,196608
78,28,7168,196608
78,58,10240,196608
78,58,11264,196608
78,78,12288,196608
78,79,13312,196608
78,79,14336,196608
29,78,0,197632
29,29,1024,197632
29,78,1024,197632
29,29,2048,197632
29,29,3072,197632
29,28,4096,197632
29,28,5120,197632
29,28,6144,197632
29,58,9216,197632
29,58,10240,197632
29,78,11264,197632
29,79,12288,197632
29,79,13312,197632
29,26,16384,197632
78,29,1024,197632
78,78,1024,197632
78,29,2048,197632
78,29,3072,197632
78,28,4096,197632
78,28,5120,197632
78,28,6144,197632
78,58,9216,197632
78,58,10240,197632
78,78,11264,197632
78,79,12288,197632
78,79,13312,197632
78,26,16384,197632
78,26,17408,197632
29,78,0,198656
29,29,1024,198656
29,29,2048,198656
29,28,3072,198656
29,28,4096,198656
29,28,5120,198656
29,58,8192,198656
29,58,9216,198656
29,78,10240,198656
29,79,11264,198656
29,79,12288,198656
29,26,15360,198656
29,26,16384,198656
29,70,18432,198656
78,29,1024,198656
78,29,2048,198656
78,28,3072,198656
78,28,4096,198656
78,28,5120,198656
78,58,8192,198656
78,58,9216,198656
78,78,10240,198656
78,79,11264,198656
78,79,12288,198656
78,26,15360,198656
78,26,16384,198656
78,70,18432,198656
29,29,1024,199680
29,28,2048,199680
29,28,3072,199680
29,28,4096,199680
29,58,7168,199680
29,58,8192,199680
29,78,9216,199680
29,79,10240,199680
29,79,11264,199680
29,26,14336,199680
29,26,15360,199680
29,70,17408,199680
29,28,1024,200704
29,28,2048,200704
29,28,3072,200704
29,58,6144,200704
29,58,7168,200704
29,78,8192,200704
29,79,9216,200704
29,79,10240,200704
29,26,13312,200704
29,26,14336,200704
29,70,16384,200704
28,28,1024,201728
28,28,2048,201728
28,58,5120,201728
28,58,6144,201728
28,78,7168,201728
28,79,8192,201728
28,79,9216,201728
28,26,12288,201728
28,26,13312,201728
28,70,15360,201728
28,22,20480,201728
28,28,1024,202752
28,58,4096,202752
28,58,5120,202752
28,78,6144,202752
28,79,7168,202752
28,79,8192,202752
28,26,11264,202752
28,26,12288,202752
28,70,14336,202752
28,22,19456,202752
28,58,3072,203776
28,58,4096,203776
28,78,5120,203776
28,79,6144,203776
28,79,7168,203776
28,26,10240,203776
28,26,11264,203776
28,70,13312,203776
28,22,18432,203776
28,39,20480,203776
28,78,20480,203776
58,58,1024,206848
58,78,2048,206848
58,79,3072,206848
58,79,4096,206848
58,26,7168,206848
58,26,8192,206848
58,70,10240,206848
58,22,15360,206848
58,39,17408,206848
58,78,17408,206848
58,38,18432,206848
58,77,18432,206848
58,77,19456,206848
58,28,20480,206848
58,78,1024,207872
58,79,2048,207872
58,79,3072,207872
58,26,6144,207872
58,26,7168,207872
58,70,9216,207872
58,22,14336,207872
58,39,16384,207872
58,78,16384,207872
58,38,17408,207872
58,77,17408,207872
58,77,18432,207872
58,28,19456,207872
58,28,20480,207872
78,79,1024,208896
78,79,2048,208896
78,26,5120,208896
78,26,6144,208896
78,70,8192,208896
78,22,13312,208896
78,39,15360,208896
78,78,15360,208896
78,38,16384,208896
78,77,16384,208896
78,77,17408,208896
78,28,18432,208896
78,28,19456,208896
79,79,1024,209920
79,26,4096,209920
79,26,5120,209920
79,70,7168,209920
79,22,12288,209920
79,39,14336,209920
79,78,14336,209920
79,38,15360,209920
79,77,15360,209920
79,77,16384,209920
79,28,17408,209920
79,28,18432,209920
79,26,3072,210944
79,26,4096,210944
79,70,6144,210944
79,22,11264,210944
79,39,13312,210944
79,78,13312,210944
79,38,14336,210944
79,77,14336,210944
79,77,15360,210944
79,28,16384,210944
79,28,17408,210944
26,26,1024,214016
26,70,3072,214016
26,22,8192,214016
26,39,10240,214016
26,78,10240,214016
26,38,11264,214016
26,77,11264,214016
26,77,12288,214016
26,28,13312,214016
26,28,14336,214016
26,70,2048,215040
26,22,7168,215040
26,39,9216,215040
26,78,9216,215040
26,38,10240,215040
26,77,10240,215040
26,77,11264,215040
26,28,12288,215040
26,28,13312,215040
70,22,5120,217088
70,39,7168,217088
70,78,7168,217088
70,38,8192,217088
70,77,8192,217088
70,77,9216,217088
70,28,10240,217088
70,28,11264,217088
70,58,19456,217088
70,78,20480,217088
22,39,2048,222208
22,78,2048,222208
22,38,3072,222208
22,77,3072,222208
22,77,4096,222208
22,28,5120,222208
22,28,6144,222208
22,58,14336,222208
22,78,15360,222208
22,20,17408,222208
22,21,18432,222208
22,69,19456,222208
22,69,20480,222208
39,78,0,224256
39,38,1024,224256
39,77,1024,224256
39,77,2048,224256
39,28,3072,224256
39,28,4096,224256
39,58,12288,224256
39,78,13312,224256
39,20,15360,224256
39,21,16384,224256
39,69,17408,224256
39,69,18432,224256
39,29,20480,224256
78,38,1024,224256
78,77,1024,224256
78,77,2048,224256
78,28,3072,224256
78,28,4096,224256
78,58,12288,224256
78,78,13312,224256
78,20,15360,224256
78,21,16384,224256
78,69,17408,224256
78,69,18432,224256
78,29,20480,224256
38,77,0,225280
38,77,1024,225280
38,28,2048,225280
38,28,3072,225280
38,58,11264,225280
38,78,12288,225280
38,20,14336,225280
38,21,15360,225280
38,69,16384,225280
38,69,17408,225280
38,29,19456,225280
38,29,20480,225280
77,77,1024,225280
77,28,2048,225280
77,28,3072,225280
77,58,11264,225280
77,78,12288,225280
77,20,14336,225280
77,21,15360,225280
77,69,16384,225280
77,69,17408,225280
77,29,19456,225280
77,29,20480,225280
77,28,1024,226304
77,28,2048,226304
77,58,10240,226304
77,78,11264,226304
77,20,13312,226304
77,21,14336,226304
77,69,15360,226304
77,69,16384,226304
77,29,18432,226304
77,29,19456,226304
77,76,20480,226304
28,28,1024,227328
28,58,9216,227328
28,78,10240,227328
28,20,12288,227328
28,21,13312,227328
28,69,14336,227328
28,69,15360,227328
28,29,17408,227328
28,29,18432,227328
28,76,19456,227328
28,58,8192,228352
28,78,9216,228352
28,20,11264,228352
28,21,12288,228352
28,69,13312,228352
28,69,14336,228352
28,29,16384,228352
28,29,17408,228352
28,76,18432,228352
58,78,1024,236544
58,20,3072,236544
58,21,4096,236544
58,69,5120,236544
58,69,6144,236544
58,29,8192,236544
58,29,9216,236544
58,76,10240,236544
58,22,14336,236544
58,66,15360,236544
58,29,18432,236544
58,28,19456,236544
58,28,20480,236544
78,20,2048,237568
78,21,3072,237568
78,69,4096,237568
78,69,5120,237568
78,29,7168,237568
78,29,8192,237568
78,76,9216,237568
78,22,13312,237568
78,66,14336,237568
78,29,17408,237568
78,28,18432,237568
78,28,19456,237568
78,28,20480,237568
20,21,1024,239616
20,69,2048,239616
20,69,3072,239616
20,29,5120,239616
20,29,6144,239616
20,76,7168,239616
20,22,11264,239616
20,66,12288,239616
20,29,15360,239616
20,28,16384,239616
20,28,17408,239616
20,28,18432,239616
20,62,20480,239616
21,69,1024,240640
21,69,2048,240640
21,29,4096,240640
21,29,5120,240640
21,76,6144,240640
21,22,10240,240640
21,66,11264,240640
21,29,14336,240640
21,28,15360,240640
21,28,16384,240640
21,28,17408,240640
21,62,19456,240640
21,64,20480,240640
69,69,1024,241664
69,29,3072,241664
69,29,4096,241664
69,76,5120,241664
69,22,9216,241664
69,66,10240,241664
69,29,13312,241664
69,28,14336,241664
69,28,15360,241664
69,28,16384,241664
69,62,18432,241664
69,64,19456,241664
69,29,2048,242688
69,29,3072,242688
69,76,4096,242688
69,22,8192,242688
69,66,9216,242688
69,29,12288,242688
69,28,13312,242688
69,28,14336,242688
69,28,15360,242688
69,62,17408,242688
69,64,18432,242688
69,27,20480,242688
29,29,1024,244736
29,76,2048,244736
29,22,6144,244736
29,66,7168,244736
29,29,10240,244736
29,28,11264,244736
29,28,12288,244736
29,28,13312,244736
29,62,15360,244736
29,64,16384,244736
29,27,18432,244736
29,21,19456,244736
29,76,1024,245760
29,22,5120,245760
29,66,6144,245760
29,29,9216,245760
29,28,10240,245760
29,28,11264,245760
29,28,12288,245760
29,62,14336,245760
29,64,15360,245760
29,27,17408,245760
29,21,18432,245760
76,22,4096,246784
76,66,5120,246784
76,29,8192,246784
76,28,9216,246784
76,28,10240,246784
76,28,11264,246784
76,62,13312,246784
76,64,14336,246784
76,27,16384,246784
76,21,17408,246784
22,66,1024,250880
22,29,4096,250880
22,28,5120,250880
22,28,6144,250880
22,28,7168,250880
22,62,9216,250880
22,64,10240,250880
22,27,12288,250880
22,21,13312,250880
66,29,3072,251904
66,28,4096,251904
66,28,5120,251904
66,28,6144,251904
66,62,8192,251904
66,64,9216,251904
66,27,11264,251904
66,21,12288,251904
29,28,1024,254976
29,28,2048,254976
29,28,3072,254976
29,62,5120,254976
29,64,6144,254976
29,27,8192,254976
29,21,9216,254976
28,28,1024,256000
28,28,2048,256000
28,62,4096,256000
28,64,5120,256000
28,27,7168,256000
28,21,8192,256000
28,28,1024,257024
28,62,3072,257024
28,64,4096,257024
28,27,6144,257024
28,21,7168,257024
28,79,20480,257024
28,62,2048,258048
28,64,3072,258048
28,27,5120,258048
28,21,6144,258048
28,79,19456,258048
28,64,20480,258048
28,86,20480,258048
62,64,1024,260096
62,27,3072,260096
62,21,4096,260096
62,79,17408,260096
62,64,18432,260096
62,86,18432,260096
62,62,19456,260096
62,82,19456,260096
62,69,20480,260096
64,27,2048,261120
64,21,3072,261120
64,79,16384,261120
64,64,17408,261120
64,86,17408,261120
64,62,18432,261120
64,82,18432,261120
64,69,19456,261120
64,86,20480,261120
27,21,1024,263168
27,79,14336,263168
27,64,15360,263168
27,86,15360,263168
27,62,16384,263168
27,82,16384,263168
27,69,17408,263168
27,86,18432,263168
27,69,19456,263168
27,86,19456,263168
27,69,20480,263168
21,79,13312,264192
21,64,14336,264192
21,86,14336,264192
21,62,15360,264192
21,82,15360,264192
21,69,16384,264192
21,86,17408,264192
21,69,18432,264192
21,86,18432,264192
21,69,19456,264192
21,69,20480,264192
21,86,20480,264192
79,64,1024,277504
79,86,1024,277504
79,62,2048,277504
79,82,2048,277504
79,69,3072,277504
79,86,4096,277504
79,69,5120,277504
79,86,5120,277504
79,69,6144,277504
79,69,7168,277504
79,86,7168,277504
79,69,8192,277504
79,86,8192,277504
79,40,9216,277504
64,86,0,278528
64,62,1024,278528
64,82,1024,278528
64,69,2048,278528
64,86,3072,278528
64,69,4096,278528
64,86,4096,278528
64,69,5120,278528
64,69,6144,278528
64,86,6144,278528
64,69,7168,278528
64,86,7168,278528
64,40,8192,278528
64,27,10240,278528
86,62,1024,278528
86,82,1024,278528
86,69,2048,278528
86,86,3072,278528
86,69,4096,278528
86,86,4096,278528
86,69,5120,278528
86,69,6144,278528
86,86,6144,278528
86,69,7168,278528
86,86,7168,278528
86,40,8192,278528
86,27,10240,278528
86,28,11264,278528
62,82,0,279552
62,69,1024,279552
62,86,2048,279552
62,69,3072,279552
62,86,3072,279552
62,69,4096,279552
62,69,5120,279552
62,86,5120,279552
62,69,6144,279552
62,86,6144,279552
62,40,7168,279552
62,27,9216,279552
62,28,10240,279552
62,42,10240,279552
82,69,1024,279552
82,86,2048,279552
82,69,3072,279552
82,86,3072,279552
82,69,4096,279552
82,69,5120,279552
82,86,5120,279552
82,69,6144,279552
82,86,6144,279552
82,40,7168,279552
82,27,9216,279552
82,28,10240,279552
82,42,10240,279552
82,29,11264,279552
69,86,1024,280576
69,69,2048,280576
69,86,2048,280576
69,69,3072,280576
69,69,4096,280576
69,86,4096,280576
69,69,5120,280576
69,86,5120,280576
69,40,6144,280576
69,27,8192,280576
69,28,9216,280576
69,42,9216,280576
69,29,10240,280576
69,43,10240,280576
86,69,1024,281600
86,86,1024,281600
86,69,2048,281600
86,69,3072,281600
86,86,3072,281600
86,69,4096,281600
86,86,4096,281600
86,40,5120,281600
86,27,7168,281600
86,28,8192,281600
86,42,8192,281600
86,29,9216,281600
86,43,9216,281600
86,29,10240,281600
69,86,0,282624
69,69,1024,282624
69,69,2048,282624
69,86,2048,282624
69,69,3072,282624
69,86,3072,282624
69,40,4096,282624
69,27,6144,282624
69,28,7168,282624
69,42,7168,282624
69,29,8192,282624
69,43,8192,282624
69,29,9216,282624
69,29,10240,282624
86,69,1024,282624
86,69,2048,282624
86,86,2048,282624
86,69,3072,282624
86,86,3072,282624
86,40,4096,282624
86,27,6144,282624
86,28,7168,282624
86,42,7168,282624
86,29,8192,282624
86,43,8192,282624
86,29,9216,282624
86,29,10240,282624
86,44,10240,282624
69,69,1024,283648
69,86,1024,283648
69,69,2048,283648
69,86,2048,283648
69,40,3072,283648
69,27,5120,283648
69,28,6144,283648
69,42,6144,283648
69,29,7168,283648
69,43,7168,283648
69,29,8192,283648
69,29,9216,283648
69,44,9216,283648
69,29,10240,283648
69,86,0,284672
69,69,1024,284672
69,86,1024,284672
69,40,2048,284672
69,27,4096,284672
69,28,5120,284672
69,42,5120,284672
69,29,6144,284672
69,43,6144,284672
69,29,7168,284672
69,29,8192,284672
69,44,8192,284672
69,29,9216,284672
69,45,9216,284672
86,69,1024,284672
86,86,1024,284672
86,40,2048,284672
86,27,4096,284672
86,28,5120,284672
86,42,5120,284672
86,29,6144,284672
86,43,6144,284672
86,29,7168,284672
86,29,8192,284672
86,44,8192,284672
86,29,9216,284672
86,45,9216,284672
86,29,10240,284672
69,86,0,285696
69,40,1024,285696
69,27,3072,285696
69,28,4096,285696
69,42,4096,285696
69,29,5120,285696
69,43,5120,285696
69,29,6144,285696
69,29,7168,285696
69,44,7168,285696
69,29,8192,285696
69,45,8192,285696
69,29,9216,285696
69,46,9216,285696
86,40,1024,285696
86,27,3072,285696
86,28,4096,285696
86,42,4096,285696
86,29,5120,285696
86,43,5120,285696
86,29,6144,285696
86,29,7168,285696
86,44,7168,285696
86,29,8192,285696
86,45,8192,285696
86,29,9216,285696
86,46,9216,285696
86,29,10240,285696
40,27,2048,286720
40,28,3072,286720
40,42,3072,286720
40,29,4096,286720
40,43,4096,286720
40,29,5120,286720
40,29,6144,286720
40,44,6144,286720
40,29,7168,286720
40,45,7168,286720
40,29,8192,286720
40,46,8192,286720
40,29,9216,286720
40,29,10240,286720
27,28,1024,288768
27,42,1024,288768
27,29,2048,288768
27,43,2048,288768
27,29,3072,288768
27,29,4096,288768
27,44,4096,288768
27,29,5120,288768
27,45,5120,288768
27,29,6144,288768
27,46,6144,288768
27,29,7168,288768
27,29,8192,288768
27,29,9216,288768
28,42,0,289792
28,29,1024,289792
28,43,1024,289792
28,29,2048,289792
28,29,3072,289792
28,44,3072,289792
28,29,4096,289792
28,45,4096,289792
28,29,5120,289792
28,46,5120,289792
28,29,6144,289792
28,29,7168,289792
28,29,8192,289792
28,72,8192,289792
42,29,1024,289792
42,43,1024,289792
42,29,2048,289792
42,29,3072,289792
42,44,3072,289792
42,29,4096,289792
42,45,4096,289792
42,29,5120,289792
42,46,5120,289792
42,29,6144,289792
42,29,7168,289792
42,29,8192,289792
42,72,8192,289792
42,29,9216,289792
29,43,0,290816
29,29,1024,290816
29,29,2048,290816
29,44,2048,290816
29,29,3072,290816
29,45,3072,290816
29,29,4096,290816
29,46,4096,290816
29,29,5120,290816
29,29,6144,290816
29,29,7168,290816
29,72,7168,290816
29,29,8192,290816
29,29,9216,290816
43,29,1024,290816
43,29,2048,290816
43,44,2048,290816
43,29,3072,290816
43,45,3072,290816
43,29,4096,290816
43,46,4096,290816
43,29,5120,290816
43,29,6144,290816
43,29,7168,290816
43,72,7168,290816
43,29,8192,290816
43,29,9216,290816
43,28,10240,290816
29,29,1024,291840
29,44,1024,291840
29,29,2048,291840
29,45,2048,291840
29,29,3072,291840
29,46,3072,291840
29,29,4096,291840
29,29,5120,291840
29,29,6144,291840
29,72,6144,291840
29,29,7168,291840
29,29,8192,291840
29,28,9216,291840
29,79,10240,291840
29,44,0,292864
29,29,1024,292864
29,45,1024,292864
29,29,2048,292864
29,46,2048,292864
29,29,3072,292864
29,29,4096,292864
29,29,5120,292864
29,72,5120,292864
29,29,6144,292864
29,29,7168,292864
29,28,8192,292864
29,79,9216,292864
29,80,10240,292864
44,29,1024,292864
44,45,1024,292864
44,29,2048,292864
44,46,2048,292864
44,29,3072,292864
44,29,4096,292864
44,29,5120,292864
44,72,5120,292864
44,29,6144,292864
44,29,7168,292864
44,28,8192,292864
44,79,9216,292864
44,80,10240,292864
44,81,11264,292864
29,45,0,293888
29,29,1024,293888
29,46,1024,293888
29,29,2048,293888
29,29,3072,293888
29,29,4096,293888
29,72,4096,293888
29,29,5120,293888
29,29,6144,293888
29,28,7168,293888
29,79,8192,293888
29,80,9216,293888
29,81,10240,293888
29,82,11264,293888
45,29,1024,293888
45,46,1024,293888
45,29,2048,293888
45,29,3072,293888
45,29,4096,293888
45,72,4096,293888
45,29,5120,293888
45,29,6144,293888
45,28,7168,293888
45,79,8192,293888
45,80,9216,293888
45,81,10240,293888
45,82,11264,293888
45,83,12288,293888
29,46,0,294912
29,29,1024,294912
29,29,2048,294912
29,29,3072,294912
29,72,3072,294912
29,29,4096,294912
29,29,5120,294912
29,28,6144,294912
29,79,7168,294912
29,80,8192,294912
29,81,9216,294912
29,82,10240,294912
29,83,11264,294912
29,52,12288,294912
46,29,1024,294912
46,29,2048,294912
46,29,3072,294912
46,72,3072,294912
46,29,4096,294912
46,29,5120,294912
46,28,6144,294912
46,79,7168,294912
46,80,8192,294912
46,81,9216,294912
46,82,10240,294912
46,83,11264,294912
46,52,12288,294912
46,82,12288,294912
29,29,1024,295936
29,29,2048,295936
29,72,2048,295936
29,29,3072,295936
29,29,4096,295936
29,28,5120,295936
29,79,6144,295936
29,80,7168,295936
29,81,8192,295936
29,82,9216,295936
29,83,10240,295936
29,52,11264,295936
29,82,11264,295936
29,81,12288,295936
29,29,1024,296960
29,72,1024,296960
29,29,2048,296960
29,29,3072,296960
29,28,4096,296960
29,79,5120,296960
29,80,6144,296960
29,81,7168,296960
29,82,8192,296960
29,83,9216,296960
29,52,10240,296960
29,82,10240,296960
29,81,11264,296960
29,79,12288,296960
29,72,0,297984
29,29,1024,297984
29,29,2048,297984
29,28,3072,297984
29,79,4096,297984
29,80,5120,297984
29,81,6144,297984
29,82,7168,297984
29,83,8192,297984
29,52,9216,297984
29,82,9216,297984
29,81,10240,297984
29,79,11264,297984
29,80,11264,297984
72,29,1024,297984
72,29,2048,297984
72,28,3072,297984
72,79,4096,297984
72,80,5120,297984
72,81,6144,297984
72,82,7168,297984
72,83,8192,297984
72,52,9216,297984
72,82,9216,297984
72,81,10240,297984
72,79,11264,297984
72,80,11264,297984
72,44,12288,297984
29,29,1024,299008
29,28,2048,299008
29,79,3072,299008
29,80,4096,299008
29,81,5120,299008
29,82,6144,299008
29,83,7168,299008
29,52,8192,299008
29,82,8192,299008
29,81,9216,299008
29,79,10240,299008
29,80,10240,299008
29,44,11264,299008
29,45,12288,299008
29,28,1024,300032
29,79,2048,300032
29,80,3072,300032
29,81,4096,300032
29,82,5120,300032
29,83,6144,300032
29,52,7168,300032
29,82,7168,300032
29,81,8192,300032
29,79,9216,300032
29,80,9216,300032
29,44,10240,300032
29,45,11264,300032
29,47,12288,300032
28,79,1024,301056
28,80,2048,301056
28,81,3072,301056
28,82,4096,301056
28,83,5120,301056
28,52,6144,301056
28,82,6144,301056
28,81,7168,301056
28,79,8192,301056
28,80,8192,301056
28,44,9216,301056
28,45,10240,301056
28,47,11264,301056
28,47,12288,301056
79,80,1024,302080
79,81,2048,302080
79,82,3072,302080
79,83,4096,302080
79,52,5120,302080
79,82,5120,302080
79,81,6144,302080
79,79,7168,302080
79,80,7168,302080
79,44,8192,302080
79,45,9216,302080
79,47,10240,302080
79,47,11264,302080
79,64,12288,302080
80,81,1024,303104
80,82,2048,303104
80,83,3072,303104
80,52,4096,303104
80,82,4096,303104
80,81,5120,303104
80,79,6144,303104
80,80,6144,303104
80,44,7168,303104
80,45,8192,303104
80,47,9216,303104
80,47,10240,303104
80,64,11264,303104
80,62,12288,303104
81,82,1024,304128
81,83,2048,304128
81,52,3072,304128
81,82,3072,304128
81,81,4096,304128
81,79,5120,304128
81,80,5120,304128
81,44,6144,304128
81,45,7168,304128
81,47,8192,304128
81,47,9216,304128
81,64,10240,304128
81,62,11264,304128
81,52,12288,304128
82,83,1024,305152
82,52,2048,305152
82,82,2048,305152
82,81,3072,305152
82,79,4096,305152
82,80,4096,305152
82,44,5120,305152
82,45,6144,305152
82,47,7168,305152
82,47,8192,305152
82,64,9216,305152
82,62,10240,305152
82,52,11264,305152
82,26,12288,305152
83,52,1024,306176
83,82,1024,306176
83,81,2048,306176
83,79,3072,306176
83,80,3072,306176
83,44,4096,306176
83,45,5120,306176
83,47,6144,306176
83,47,7168,306176
83,64,8192,306176
83,62,9216,306176
83,52,10240,306176
83,26,11264,306176
83,44,11264,306176
52,82,0,307200
52,81,1024,307200
52,79,2048,307200
52,80,2048,307200
52,44,3072,307200
52,45,4096,307200
52,47,5120,307200
52,47,6144,307200
52,64,7168,307200
52,62,8192,307200
52,52,9216,307200
52,26,10240,307200
52,44,10240,307200
52,26,11264,307200
82,81,1024,307200
82,79,2048,307200
82,80,2048,307200
82,44,3072,307200
82,45,4096,307200
82,47,5120,307200
82,47,6144,307200
82,64,7168,307200
82,62,8192,307200
82,52,9216,307200
82,26,10240,307200
82,44,10240,307200
82,26,11264,307200
82,55,11264,307200
81,79,1024,308224
81,80,1024,308224
81,44,2048,308224
81,45,3072,308224
81,47,4096,308224
81,47,5120,308224
81,64,6144,308224
81,62,7168,308224
81,52,8192,308224
81,26,9216,308224
81,44,9216,308224
81,26,10240,308224
81,55,10240,308224
81,26,11264,308224
79,80,0,309248
79,44,1024,309248
79,45,2048,309248
79,47,3072,309248
79,47,4096,309248
79,64,5120,309248
79,62,6144,309248
79,52,7168,309248
79,26,8192,309248
79,44,8192,309248
79,26,9216,309248
79,55,9216,309248
79,26,10240,309248
79,57,10240,309248
80,44,1024,309248
80,45,2048,309248
80,47,3072,309248
80,47,4096,309248
80,64,5120,309248
80,62,6144,309248
80,52,7168,309248
80,26,8192,309248
80,44,8192,309248
80,26,9216,309248
80,55,9216,309248
80,26,10240,309248
80,57,10240,309248
80,26,11264,309248
44,45,1024,310272
44,47,2048,310272
44,47,3072,310272
44,64,4096,310272
44,62,5120,310272
44,52,6144,310272
44,26,7168,310272
44,44,7168,310272
44,26,8192,310272
44,55,8192,310272
44,26,9216,310272
44,57,9216,310272
44,26,10240,310272
44,26,11264,310272
45,47,1024,311296
45,47,2048,311296
45,64,3072,311296
45,62,4096,311296
45,52,5120,311296
45,26,6144,311296
45,44,6144,311296
45,26,7168,311296
45,55,7168,311296
45,26,8192,311296
45,57,8192,311296
45,26,9216,311296
45,26,10240,311296
45,40,10240,311296
47,47,1024,312320
47,64,2048,312320
47,62,3072,312320
47,52,4096,312320
47,26,5120,312320
47,44,5120,312320
47,26,6144,312320
47,55,6144,312320
47,26,7168,312320
47,57,7168,312320
47,26,8192,312320
47,26,9216,312320
47,40,9216,312320
47,26,10240,312320
47,64,1024,313344
47,62,2048,313344
47,52,3072,313344
47,26,4096,313344
47,44,4096,313344
47,26,5120,313344
47,55,5120,313344
47,26,6144,313344
47,57,6144,313344
47,26,7168,313344
47,26,8192,313344
47,40,8192,313344
47,26,9216,313344
47,37,14336,313344
64,62,1024,314368
64,52,2048,314368
64,26,3072,314368
64,44,3072,314368
64,26,4096,314368
64,55,4096,314368
64,26,5120,314368
64,57,5120,314368
64,26,6144,314368
64,26,7168,314368
64,40,7168,314368
64,26,8192,314368
64,37,13312,314368
64,37,14336,314368
62,52,1024,315392
62,26,2048,315392
62,44,2048,315392
62,26,3072,315392
62,55,3072,315392
62,26,4096,315392
62,57,4096,315392
62,26,5120,315392
62,26,6144,315392
62,40,6144,315392
62,26,7168,315392
62,37,12288,315392
62,37,13312,315392
62,25,14336,315392
52,26,1024,316416
52,44,1024,316416
52,26,2048,316416
52,55,2048,316416
52,26,3072,316416
52,57,3072,316416
52,26,4096,316416
52,26,5120,316416
52,40,5120,316416
52,26,6144,316416
52,37,11264,316416
52,37,12288,316416
52,25,13312,316416
52,25,14336,316416
26,44,0,317440
26,26,1024,317440
26,55,1024,317440
26,26,2048,317440
26,57,2048,317440
26,26,3072,317440
26,26,4096,317440
26,40,4096,317440
26,26,5120,317440
26,37,10240,317440
26,37,11264,317440
26,25,12288,317440
26,25,13312,317440
26,25,15360,317440
44,26,1024,317440
44,55,1024,317440
44,26,2048,317440
44,57,2048,317440
44,26,3072,317440
44,26,4096,317440
44,40,4096,317440
44,26,5120,317440
44,37,10240,317440
44,37,11264,317440
44,25,12288,317440
44,25,13312,317440
44,25,15360,317440
44,62,16384,317440
26,55,0,318464
26,26,1024,318464
26,57,1024,318464
26,26,2048,318464
26,26,3072,318464
26,40,3072,318464
26,26,4096,318464
26,37,9216,318464
26,37,10240,318464
26,25,11264,318464
26,25,12288,318464
26,25,14336,318464
26,62,15360,318464
26,60,16384,318464
55,26,1024,318464
55,57,1024,318464
55,26,2048,318464
55,26,3072,318464
55,40,3072,318464
55,26,4096,318464
55,37,9216,318464
55,37,10240,318464
55,25,11264,318464
55,25,12288,318464
55,25,14336,318464
55,62,15360,318464
55,60,16384,318464
55,77,17408,318464
26,57,0,319488
26,26,1024,319488
26,26,2048,319488
26,40,2048,319488
26,26,3072,319488
26,37,8192,319488
26,37,9216,319488
26,25,10240,319488
26,25,11264,319488
26,25,13312,319488
26,62,14336,319488
26,60,15360,319488
26,77,16384,319488
26,76,17408,319488
57,26,1024,319488
57,26,2048,319488
57,40,2048,319488
57,26,3072,319488
57,37,8192,319488
57,37,9216,319488
57,25,10240,319488
57,25,11264,319488
57,25,13312,319488
57,62,14336,319488
57,60,15360,319488
57,77,16384,319488
57,76,17408,319488
57,75,18432,319488
26,26,1024,320512
26,40,1024,320512
26,26,2048,320512
26,37,7168,320512
26,37,8192,320512
26,25,9216,320512
26,25,10240,320512
26,25,12288,320512
26,62,13312,320512
26,60,14336,320512
26,77,15360,320512
26,76,16384,320512
26,75,17408,320512
26,74,18432,320512
26,40,0,321536
26,26,1024,321536
26,37,6144,321536
26,37,7168,321536
26,25,8192,321536
26,25,9216,321536
26,25,11264,321536
26,62,12288,321536
26,60,13312,321536
26,77,14336,321536
26,76,15360,321536
26,75,16384,321536
26,74,17408,321536
40,26,1024,321536
40,37,6144,321536
40,37,7168,321536
40,25,8192,321536
40,25,9216,321536
40,25,11264,321536
40,62,12288,321536
40,60,13312,321536
40,77,14336,321536
40,76,15360,321536
40,75,16384,321536
40,74,17408,321536
26,37,5120,322560
26,37,6144,322560
26,25,7168,322560
26,25,8192,322560
26,25,10240,322560
26,62,11264,322560
26,60,12288,322560
26,77,13312,322560
26,76,14336,322560
26,75,15360,322560
26,74,16384,322560
37,37,1024,327680
37,25,2048,327680
37,25,3072,327680
37,25,5120,327680
37,62,6144,327680
37,60,7168,327680
37,77,8192,327680
37,76,9216,327680
37,75,10240,327680
37,74,11264,327680
37,25,1024,328704
37,25,2048,328704
37,25,4096,328704
37,62,5120,328704
37,60,6144,328704
37,77,7168,328704
37,76,8192,328704
37,75,9216,328704
37,74,10240,328704
25,25,1024,329728
25,25,3072,329728
25,62,4096,329728
25,60,5120,329728
25,77,6144,329728
25,76,7168,329728
25,75,8192,329728
25,74,9216,329728
25,25,2048,330752
25,62,3072,330752
25,60,4096,330752
25,77,5120,330752
25,76,6144,330752
25,75,7168,330752
25,74,8192,330752
25,62,1024,332800
25,60,2048,332800
25,77,3072,332800
25,76,4096,332800
25,75,5120,332800
25,74,6144,332800
62,60,1024,333824
62,77,2048,333824
62,76,3072,333824
62,75,4096,333824
62,74,5120,333824
60,77,1024,334848
60,76,2048,334848
60,75,3072,334848
60,74,4096,334848
77,76,1024,335872
77,75,2048,335872
77,74,3072,335872
76,75,1024,336896
76,74,2048,336896
75,74,1024,337920
