25,25,1024,14336
25,25,4096,14336
25,50,4096,14336
25,25,5120,14336
25,25,6144,14336
25,50,6144,14336
25,25,9216,14336
25,25,10240,14336
25,25,15360,14336
25,25,18432,14336
25,25,19456,14336
25,25,3072,15360
25,50,3072,15360
25,25,4096,15360
25,25,5120,15360
25,50,5120,15360
25,25,8192,15360
25,25,9216,15360
25,25,14336,15360
25,25,17408,15360
25,25,18432,15360
25,50,0,18432
25,25,1024,18432
25,25,2048,18432
25,50,2048,18432
25,25,5120,18432
25,25,6144,18432
25,25,11264,18432
25,25,14336,18432
25,25,15360,18432
25,26,18432,18432
25,26,19456,18432
50,25,1024,18432
50,25,2048,18432
50,50,2048,18432
50,25,5120,18432
50,25,6144,18432
50,25,11264,18432
50,25,14336,18432
50,25,15360,18432
50,26,18432,18432
50,26,19456,18432
25,25,1024,19456
25,50,1024,19456
25,25,4096,19456
25,25,5120,19456
25,25,10240,19456
25,25,13312,19456
25,25,14336,19456
25,26,17408,19456
25,26,18432,19456
25,50,0,20480
25,25,3072,20480
25,25,4096,20480
25,25,9216,20480
25,25,12288,20480
25,25,13312,20480
25,26,16384,20480
25,26,17408,20480
25,32,20480,20480
50,25,3072,20480
50,25,4096,20480
50,25,9216,20480
50,25,12288,20480
50,25,13312,20480
50,26,16384,20480
50,26,17408,20480
50,32,20480,20480
25,25,1024,23552
25,25,6144,23552
25,25,9216,23552
25,25,10240,23552
25,26,13312,23552
25,26,14336,23552
25,32,17408,23552
25,33,18432,23552
25,33,19456,23552
25,50,19456,23552
25,33,20480,23552
25,25,5120,24576
25,25,8192,24576
25,25,9216,24576
25,26,12288,24576
25,26,13312,24576
25,32,16384,24576
25,33,17408,24576
25,33,18432,24576
25,50,18432,24576
25,33,19456,24576
25,34,20480,24576
25,50,20480,24576
25,25,3072,29696
25,25,4096,29696
25,26,7168,29696
25,26,8192,29696
25,32,11264,29696
25,33,12288,29696
25,33,13312,29696
25,50,13312,29696
25,33,14336,29696
25,34,15360,29696
25,50,15360,29696
25,33,16384,29696
25,50,16384,29696
25,32,18432,29696
25,25,1024,32768
25,26,4096,32768
25,26,5120,32768
25,32,8192,32768
25,33,9216,32768
25,33,10240,32768
25,50,10240,32768
25,33,11264,32768
25,34,12288,32768
25,50,12288,32768
25,33,13312,32768
25,50,13312,32768
25,32,15360,32768
25,27,19456,32768
25,26,3072,33792
25,26,4096,33792
25,32,7168,33792
25,33,8192,33792
25,33,9216,33792
25,50,9216,33792
25,33,10240,33792
25,34,11264,33792
25,50,11264,33792
25,33,12288,33792
25,50,12288,33792
25,32,14336,33792
25,27,18432,33792
26,26,1024,36864
26,32,4096,36864
26,33,5120,36864
26,33,6144,36864
26,50,6144,36864
26,33,7168,36864
26,34,8192,36864
26,50,8192,36864
26,33,9216,36864
26,50,9216,36864
26,32,11264,36864
26,27,15360,36864
26,20,18432,36864
26,64,19456,36864
26,32,3072,37888
26,33,4096,37888
26,33,5120,37888
26,50,5120,37888
26,33,6144,37888
26,34,7168,37888
26,50,7168,37888
26,33,8192,37888
26,50,8192,37888
26,32,10240,37888
26,27,14336,37888
26,20,17408,37888
26,64,18432,37888
26,64,19456,37888
32,33,1024,40960
32,33,2048,40960
32,50,2048,40960
32,33,3072,40960
32,34,4096,40960
32,50,4096,40960
32,33,5120,40960
32,50,5120,40960
32,32,7168,40960
32,27,11264,40960
32,20,14336,40960
32,64,15360,40960
32,64,16384,40960
32,28,18432,40960
33,33,1024,41984
33,50,1024,41984
33,33,2048,41984
33,34,3072,41984
33,50,3072,41984
33,33,4096,41984
33,50,4096,41984
33,32,6144,41984
33,27,10240,41984
33,20,13312,41984
33,64,14336,41984
33,64,15360,41984
33,28,17408,41984
33,64,17408,41984
33,50,0,43008
33,33,1024,43008
33,34,2048,43008
33,50,2048,43008
33,33,3072,43008
33,50,3072,43008
33,32,5120,43008
33,27,9216,43008
33,20,12288,43008
33,64,13312,43008
33,64,14336,43008
33,28,16384,43008
33,64,16384,43008
33,18,18432,43008
50,33,1024,43008
50,34,2048,43008
50,50,2048,43008
50,33,3072,43008
50,50,3072,43008
50,32,5120,43008
50,27,9216,43008
50,20,12288,43008
50,64,13312,43008
50,64,14336,43008
50,28,16384,43008
50,64,16384,43008
50,18,18432,43008
50,19,19456,43008
33,34,1024,44032
33,50,1024,44032
33,33,2048,44032
33,50,2048,44032
33,32,4096,44032
33,27,8192,44032
33,20,11264,44032
33,64,12288,44032
33,64,13312,44032
33,28,15360,44032
33,64,15360,44032
33,18,17408,44032
33,19,18432,44032
33,33,19456,44032
34,50,0,45056
34,33,1024,45056
34,50,1024,45056
34,32,3072,45056
34,27,7168,45056
34,20,10240,45056
34,64,11264,45056
34,64,12288,45056
34,28,14336,45056
34,64,14336,45056
34,18,16384,45056
34,19,17408,45056
34,33,18432,45056
34,33,19456,45056
50,33,1024,45056
50,50,1024,45056
50,32,3072,45056
50,27,7168,45056
50,20,10240,45056
50,64,11264,45056
50,64,12288,45056
50,28,14336,45056
50,64,14336,45056
50,18,16384,45056
50,19,17408,45056
50,33,18432,45056
50,33,19456,45056
50,32,20480,45056
33,50,0,46080
33,32,2048,46080
33,27,6144,46080
33,20,9216,46080
33,64,10240,46080
33,64,11264,46080
33,28,13312,46080
33,64,13312,46080
33,18,15360,46080
33,19,16384,46080
33,33,17408,46080
33,33,18432,46080
33,32,19456,46080
33,28,20480,46080
50,32,2048,46080
50,27,6144,46080
50,20,9216,46080
50,64,10240,46080
50,64,11264,46080
50,28,13312,46080
50,64,13312,46080
50,18,15360,46080
50,19,16384,46080
50,33,17408,46080
50,33,18432,46080
50,32,19456,46080
50,28,20480,46080
32,27,4096,48128
32,20,7168,48128
32,64,8192,48128
32,64,9216,48128
32,28,11264,48128
32,64,11264,48128
32,18,13312,48128
32,19,14336,48128
32,33,15360,48128
32,33,16384,48128
32,32,17408,48128
32,28,18432,48128
32,28,19456,48128
32,28,20480,48128
27,20,3072,52224
27,64,4096,52224
27,64,5120,52224
27,28,7168,52224
27,64,7168,52224
27,18,9216,52224
27,19,10240,52224
27,33,11264,52224
27,33,12288,52224
27,32,13312,52224
27,28,14336,52224
27,28,15360,52224
27,28,16384,52224
27,49,16384,52224
20,64,1024,55296
20,64,2048,55296
20,28,4096,55296
20,64,4096,55296
20,18,6144,55296
20,19,7168,55296
20,33,8192,55296
20,33,9216,55296
20,32,10240,55296
20,28,11264,55296
20,28,12288,55296
20,28,13312,55296
20,49,13312,55296
20,27,14336,55296
64,64,1024,56320
64,28,3072,56320
64,64,3072,56320
64,18,5120,56320
64,19,6144,56320
64,33,7168,56320
64,33,8192,56320
64,32,9216,56320
64,28,10240,56320
64,28,11264,56320
64,28,12288,56320
64,49,12288,56320
64,27,13312,56320
64,27,15360,56320
64,28,2048,57344
64,64,2048,57344
64,18,4096,57344
64,19,5120,57344
64,33,6144,57344
64,33,7168,57344
64,32,8192,57344
64,28,9216,57344
64,28,10240,57344
64,28,11264,57344
64,49,11264,57344
64,27,12288,57344
64,27,14336,57344
64,29,16384,57344
28,64,0,59392
28,18,2048,59392
28,19,3072,59392
28,33,4096,59392
28,33,5120,59392
28,32,6144,59392
28,28,7168,59392
28,28,8192,59392
28,28,9216,59392
28,49,9216,59392
28,27,10240,59392
28,27,12288,59392
28,29,14336,59392
28,25,15360,59392
64,18,2048,59392
64,19,3072,59392
64,33,4096,59392
64,33,5120,59392
64,32,6144,59392
64,28,7168,59392
64,28,8192,59392
64,28,9216,59392
64,49,9216,59392
64,27,10240,59392
64,27,12288,59392
64,29,14336,59392
64,25,15360,59392
64,25,16384,59392
18,19,1024,61440
18,33,2048,61440
18,33,3072,61440
18,32,4096,61440
18,28,5120,61440
18,28,6144,61440
18,28,7168,61440
18,49,7168,61440
18,27,8192,61440
18,27,10240,61440
18,29,12288,61440
18,25,13312,61440
18,25,14336,61440
18,25,15360,61440
19,33,1024,62464
19,33,2048,62464
19,32,3072,62464
19,28,4096,62464
19,28,5120,62464
19,28,6144,62464
19,49,6144,62464
19,27,7168,62464
19,27,9216,62464
19,29,11264,62464
19,25,12288,62464
19,25,13312,62464
19,25,14336,62464
19,25,15360,62464
33,33,1024,63488
33,32,2048,63488
33,28,3072,63488
33,28,4096,63488
33,28,5120,63488
33,49,5120,63488
33,27,6144,63488
33,27,8192,63488
33,29,10240,63488
33,25,11264,63488
33,25,12288,63488
33,25,13312,63488
33,25,14336,63488
33,25,15360,63488
33,32,1024,64512
33,28,2048,64512
33,28,3072,64512
33,28,4096,64512
33,49,4096,64512
33,27,5120,64512
33,27,7168,64512
33,29,9216,64512
33,25,10240,64512
33,25,11264,64512
33,25,12288,64512
33,25,13312,64512
33,25,14336,64512
33,25,15360,64512
32,28,1024,65536
32,28,2048,65536
32,28,3072,65536
32,49,3072,65536
32,27,4096,65536
32,27,6144,65536
32,29,8192,65536
32,25,9216,65536
32,25,10240,65536
32,25,11264,65536
32,25,12288,65536
32,25,13312,65536
32,25,14336,65536
32,25,15360,65536
28,28,1024,66560
28,28,2048,66560
28,49,2048,66560
28,27,3072,66560
28,27,5120,66560
28,29,7168,66560
28,25,8192,66560
28,25,9216,66560
28,25,10240,66560
28,25,11264,66560
28,25,12288,66560
28,25,13312,66560
28,25,14336,66560
28,25,15360,66560
28,28,1024,67584
28,49,1024,67584
28,27,2048,67584
28,27,4096,67584
28,29,6144,67584
28,25,7168,67584
28,25,8192,67584
28,25,9216,67584
28,25,10240,67584
28,25,11264,67584
28,25,12288,67584
28,25,13312,67584
28,25,14336,67584
28,37,15360,67584
28,49,0,68608
28,27,1024,68608
28,27,3072,68608
28,29,5120,68608
28,25,6144,68608
28,25,7168,68608
28,25,8192,68608
28,25,9216,68608
28,25,10240,68608
28,25,11264,68608
28,25,12288,68608
28,25,13312,68608
28,37,14336,68608
28,27,15360,68608
49,27,1024,68608
49,27,3072,68608
49,29,5120,68608
49,25,6144,68608
49,25,7168,68608
49,25,8192,68608
49,25,9216,68608
49,25,10240,68608
49,25,11264,68608
49,25,12288,68608
49,25,13312,68608
49,37,14336,68608
49,27,15360,68608
49,29,16384,68608
27,27,2048,69632
27,29,4096,69632
27,25,5120,69632
27,25,6144,69632
27,25,7168,69632
27,25,8192,69632
27,25,9216,69632
27,25,10240,69632
27,25,11264,69632
27,25,12288,69632
27,37,13312,69632
27,27,14336,69632
27,29,15360,69632
27,65,16384,69632
27,29,2048,71680
27,25,3072,71680
27,25,4096,71680
27,25,5120,71680
27,25,6144,71680
27,25,7168,71680
27,25,8192,71680
27,25,9216,71680
27,25,10240,71680
27,37,11264,71680
27,27,12288,71680
27,29,13312,71680
27,65,14336,71680
27,31,15360,71680
29,25,1024,73728
29,25,2048,73728
29,25,3072,73728
29,25,4096,73728
29,25,5120,73728
29,25,6144,73728
29,25,7168,73728
29,25,8192,73728
29,37,9216,73728
29,27,10240,73728
29,29,11264,73728
29,65,12288,73728
29,31,13312,73728
29,63,13312,73728
25,25,1024,74752
25,25,2048,74752
25,25,3072,74752
25,25,4096,74752
25,25,5120,74752
25,25,6144,74752
25,25,7168,74752
25,37,8192,74752
25,27,9216,74752
25,29,10240,74752
25,65,11264,74752
25,31,12288,74752
25,63,12288,74752
25,31,13312,74752
25,25,1024,75776
25,25,2048,75776
25,25,3072,75776
25,25,4096,75776
25,25,5120,75776
25,25,6144,75776
25,37,7168,75776
25,27,8192,75776
25,29,9216,75776
25,65,10240,75776
25,31,11264,75776
25,63,11264,75776
25,31,12288,75776
25,62,12288,75776
25,25,1024,76800
25,25,2048,76800
25,25,3072,76800
25,25,4096,76800
25,25,5120,76800
25,37,6144,76800
25,27,7168,76800
25,29,8192,76800
25,65,9216,76800
25,31,10240,76800
25,63,10240,76800
25,31,11264,76800
25,62,11264,76800
25,31,15360,76800
25,25,1024,77824
25,25,2048,77824
25,25,3072,77824
25,25,4096,77824
25,37,5120,77824
25,27,6144,77824
25,29,7168,77824
25,65,8192,77824
25,31,9216,77824
25,63,9216,77824
25,31,10240,77824
25,62,10240,77824
25,31,14336,77824
25,31,15360,77824
25,25,1024,78848
25,25,2048,78848
25,25,3072,78848
25,37,4096,78848
25,27,5120,78848
25,29,6144,78848
25,65,7168,78848
25,31,8192,78848
25,63,8192,78848
25,31,9216,78848
25,62,9216,78848
25,31,13312,78848
25,31,14336,78848
25,25,15360,78848
25,25,1024,79872
25,25,2048,79872
25,37,3072,79872
25,27,4096,79872
25,29,5120,79872
25,65,6144,79872
25,31,7168,79872
25,63,7168,79872
25,31,8192,79872
25,62,8192,79872
25,31,12288,79872
25,31,13312,79872
25,25,14336,79872
25,31,15360,79872
25,25,1024,80896
25,37,2048,80896
25,27,3072,80896
25,29,4096,80896
25,65,5120,80896
25,31,6144,80896
25,63,6144,80896
25,31,7168,80896
25,62,7168,80896
25,31,11264,80896
25,31,12288,80896
25,25,13312,80896
25,31,14336,80896
25,32,16384,80896
25,37,1024,81920
25,27,2048,81920
25,29,3072,81920
25,65,4096,81920
25,31,5120,81920
25,63,5120,81920
25,31,6144,81920
25,62,6144,81920
25,31,10240,81920
25,31,11264,81920
25,25,12288,81920
25,31,13312,81920
25,32,15360,81920
25,48,15360,81920
37,27,1024,82944
37,29,2048,82944
37,65,3072,82944
37,31,4096,82944
37,63,4096,82944
37,31,5120,82944
37,62,5120,82944
37,31,9216,82944
37,31,10240,82944
37,25,11264,82944
37,31,12288,82944
37,32,14336,82944
37,48,14336,82944
37,33,15360,82944
27,29,1024,83968
27,65,2048,83968
27,31,3072,83968
27,63,3072,83968
27,31,4096,83968
27,62,4096,83968
27,31,8192,83968
27,31,9216,83968
27,25,10240,83968
27,31,11264,83968
27,32,13312,83968
27,48,13312,83968
27,33,14336,83968
27,49,14336,83968
29,65,1024,84992
29,31,2048,84992
29,63,2048,84992
29,31,3072,84992
29,62,3072,84992
29,31,7168,84992
29,31,8192,84992
29,25,9216,84992
29,31,10240,84992
29,32,12288,84992
29,48,12288,84992
29,33,13312,84992
29,49,13312,84992
29,32,14336,84992
65,31,1024,86016
65,63,1024,86016
65,31,2048,86016
65,62,2048,86016
65,31,6144,86016
65,31,7168,86016
65,25,8192,86016
65,31,9216,86016
65,32,11264,86016
65,48,11264,86016
65,33,12288,86016
65,49,12288,86016
65,32,13312,86016
65,48,13312,86016
31,63,0,87040
31,31,1024,87040
31,62,1024,87040
31,31,5120,87040
31,31,6144,87040
31,25,7168,87040
31,31,8192,87040
31,32,10240,87040
31,48,10240,87040
31,33,11264,87040
31,49,11264,87040
31,32,12288,87040
31,48,12288,87040
31,50,13312,87040
63,31,1024,87040
63,62,1024,87040
63,31,5120,87040
63,31,6144,87040
63,25,7168,87040
63,31,8192,87040
63,32,10240,87040
63,48,10240,87040
63,33,11264,87040
63,49,11264,87040
63,32,12288,87040
63,48,12288,87040
63,50,13312,87040
31,62,0,88064
31,31,4096,88064
31,31,5120,88064
31,25,6144,88064
31,31,7168,88064
31,32,9216,88064
31,48,9216,88064
31,33,10240,88064
31,49,10240,88064
31,32,11264,88064
31,48,11264,88064
31,50,12288,88064
31,20,20480,88064
62,31,4096,88064
62,31,5120,88064
62,25,6144,88064
62,31,7168,88064
62,32,9216,88064
62,48,9216,88064
62,33,10240,88064
62,49,10240,88064
62,32,11264,88064
62,48,11264,88064
62,50,12288,88064
62,20,20480,88064
31,31,1024,92160
31,25,2048,92160
31,31,3072,92160
31,32,5120,92160
31,48,5120,92160
31,33,6144,92160
31,49,6144,92160
31,32,7168,92160
31,48,7168,92160
31,50,8192,92160
31,20,16384,92160
31,20,17408,92160
31,20,18432,92160
31,26,19456,92160
31,25,1024,93184
31,31,2048,93184
31,32,4096,93184
31,48,4096,93184
31,33,5120,93184
31,49,5120,93184
31,32,6144,93184
31,48,6144,93184
31,50,7168,93184
31,20,15360,93184
31,20,16384,93184
31,20,17408,93184
31,26,18432,93184
31,20,19456,93184
25,31,1024,94208
25,32,3072,94208
25,48,3072,94208
25,33,4096,94208
25,49,4096,94208
25,32,5120,94208
25,48,5120,94208
25,50,6144,94208
25,20,14336,94208
25,20,15360,94208
25,20,16384,94208
25,26,17408,94208
25,20,18432,94208
25,20,19456,94208
31,32,2048,95232
31,48,2048,95232
31,33,3072,95232
31,49,3072,95232
31,32,4096,95232
31,48,4096,95232
31,50,5120,95232
31,20,13312,95232
31,20,14336,95232
31,20,15360,95232
31,26,16384,95232
31,20,17408,95232
31,20,18432,95232
32,48,0,97280
32,33,1024,97280
32,49,1024,97280
32,32,2048,97280
32,48,2048,97280
32,50,3072,97280
32,20,11264,97280
32,20,12288,97280
32,20,13312,97280
32,26,14336,97280
32,20,15360,97280
32,20,16384,97280
32,30,20480,97280
48,33,1024,97280
48,49,1024,97280
48,32,2048,97280
48,48,2048,97280
48,50,3072,97280
48,20,11264,97280
48,20,12288,97280
48,20,13312,97280
48,26,14336,97280
48,20,15360,97280
48,20,16384,97280
48,30,20480,97280
33,49,0,98304
33,32,1024,98304
33,48,1024,98304
33,50,2048,98304
33,20,10240,98304
33,20,11264,98304
33,20,12288,98304
33,26,13312,98304
33,20,14336,98304
33,20,15360,98304
33,30,19456,98304
33,27,20480,98304
49,32,1024,98304
49,48,1024,98304
49,50,2048,98304
49,20,10240,98304
49,20,11264,98304
49,20,12288,98304
49,26,13312,98304
49,20,14336,98304
49,20,15360,98304
49,30,19456,98304
49,27,20480,98304
32,48,0,99328
32,50,1024,99328
32,20,9216,99328
32,20,10240,99328
32,20,11264,99328
32,26,12288,99328
32,20,13312,99328
32,20,14336,99328
32,30,18432,99328
32,27,19456,99328
32,19,20480,99328
48,50,1024,99328
48,20,9216,99328
48,20,10240,99328
48,20,11264,99328
48,26,12288,99328
48,20,13312,99328
48,20,14336,99328
48,30,18432,99328
48,27,19456,99328
48,19,20480,99328
50,20,8192,100352
50,20,9216,100352
50,20,10240,100352
50,26,11264,100352
50,20,12288,100352
50,20,13312,100352
50,30,17408,100352
50,27,18432,100352
50,19,19456,100352
50,19,20480,100352
20,20,1024,108544
20,20,2048,108544
20,26,3072,108544
20,20,4096,108544
20,20,5120,108544
20,30,9216,108544
20,27,10240,108544
20,19,11264,108544
20,19,12288,108544
20,19,13312,108544
20,27,17408,108544
20,49,17408,108544
20,28,18432,108544
20,49,18432,108544
20,20,1024,109568
20,26,2048,109568
20,20,3072,109568
20,20,4096,109568
20,30,8192,109568
20,27,9216,109568
20,19,10240,109568
20,19,11264,109568
20,19,12288,109568
20,27,16384,109568
20,49,16384,109568
20,28,17408,109568
20,49,17408,109568
20,28,18432,109568
20,26,1024,110592
20,20,2048,110592
20,20,3072,110592
20,30,7168,110592
20,27,8192,110592
20,19,9216,110592
20,19,10240,110592
20,19,11264,110592
20,27,15360,110592
20,49,15360,110592
20,28,16384,110592
20,49,16384,110592
20,28,17408,110592
20,28,18432,110592
26,20,1024,111616
26,20,2048,111616
26,30,6144,111616
26,27,7168,111616
26,19,8192,111616
26,19,9216,111616
26,19,10240,111616
26,27,14336,111616
26,49,14336,111616
26,28,15360,111616
26,49,15360,111616
26,28,16384,111616
26,28,17408,111616
26,27,18432,111616
20,20,1024,112640
20,30,5120,112640
20,27,6144,112640
20,19,7168,112640
20,19,8192,112640
20,19,9216,112640
20,27,13312,112640
20,49,13312,112640
20,28,14336,112640
20,49,14336,112640
20,28,15360,112640
20,28,16384,112640
20,27,17408,112640
20,27,18432,112640
20,30,4096,113664
20,27,5120,113664
20,19,6144,113664
20,19,7168,113664
20,19,8192,113664
20,27,12288,113664
20,49,12288,113664
20,28,13312,113664
20,49,13312,113664
20,28,14336,113664
20,28,15360,113664
20,27,16384,113664
20,27,17408,113664
20,28,18432,113664
30,27,1024,117760
30,19,2048,117760
30,19,3072,117760
30,19,4096,117760
30,27,8192,117760
30,49,8192,117760
30,28,9216,117760
30,49,9216,117760
30,28,10240,117760
30,28,11264,117760
30,27,12288,117760
30,27,13312,117760
30,28,14336,117760
30,29,15360,117760
27,19,1024,118784
27,19,2048,118784
27,19,3072,118784
27,27,7168,118784
27,49,7168,118784
27,28,8192,118784
27,49,8192,118784
27,28,9216,118784
27,28,10240,118784
27,27,11264,118784
27,27,12288,118784
27,28,13312,118784
27,29,14336,118784
27,48,15360,118784
19,19,1024,119808
19,19,2048,119808
19,27,6144,119808
19,49,6144,119808
19,28,7168,119808
19,49,7168,119808
19,28,8192,119808
19,28,9216,119808
19,27,10240,119808
19,27,11264,119808
19,28,12288,119808
19,29,13312,119808
19,48,14336,119808
19,25,17408,119808
19,19,1024,120832
19,27,5120,120832
19,49,5120,120832
19,28,6144,120832
19,49,6144,120832
19,28,7168,120832
19,28,8192,120832
19,27,9216,120832
19,27,10240,120832
19,28,11264,120832
19,29,12288,120832
19,48,13312,120832
19,25,16384,120832
19,25,17408,120832
19,27,4096,121856
19,49,4096,121856
19,28,5120,121856
19,49,5120,121856
19,28,6144,121856
19,28,7168,121856
19,27,8192,121856
19,27,9216,121856
19,28,10240,121856
19,29,11264,121856
19,48,12288,121856
19,25,15360,121856
19,25,16384,121856
19,28,17408,121856
27,49,0,125952
27,28,1024,125952
27,49,1024,125952
27,28,2048,125952
27,28,3072,125952
27,27,4096,125952
27,27,5120,125952
27,28,6144,125952
27,29,7168,125952
27,48,8192,125952
27,25,11264,125952
27,25,12288,125952
27,28,13312,125952
27,29,14336,125952
49,28,1024,125952
49,49,1024,125952
49,28,2048,125952
49,28,3072,125952
49,27,4096,125952
49,27,5120,125952
49,28,6144,125952
49,29,7168,125952
49,48,8192,125952
49,25,11264,125952
49,25,12288,125952
49,28,13312,125952
49,29,14336,125952
49,25,15360,125952
28,49,0,126976
28,28,1024,126976
28,28,2048,126976
28,27,3072,126976
28,27,4096,126976
28,28,5120,126976
28,29,6144,126976
28,48,7168,126976
28,25,10240,126976
28,25,11264,126976
28,28,12288,126976
28,29,13312,126976
28,25,14336,126976
28,28,15360,126976
49,28,1024,126976
49,28,2048,126976
49,27,3072,126976
49,27,4096,126976
49,28,5120,126976
49,29,6144,126976
49,48,7168,126976
49,25,10240,126976
49,25,11264,126976
49,28,12288,126976
49,29,13312,126976
49,25,14336,126976
49,28,15360,126976
49,24,16384,126976
28,28,1024,128000
28,27,2048,128000
28,27,3072,128000
28,28,4096,128000
28,29,5120,128000
28,48,6144,128000
28,25,9216,128000
28,25,10240,128000
28,28,11264,128000
28,29,12288,128000
28,25,13312,128000
28,28,14336,128000
28,24,15360,128000
28,65,17408,128000
28,27,1024,129024
28,27,2048,129024
28,28,3072,129024
28,29,4096,129024
28,48,5120,129024
28,25,8192,129024
28,25,9216,129024
28,28,10240,129024
28,29,11264,129024
28,25,12288,129024
28,28,13312,129024
28,24,14336,129024
28,65,16384,129024
28,65,17408,129024
27,27,1024,130048
27,28,2048,130048
27,29,3072,130048
27,48,4096,130048
27,25,7168,130048
27,25,8192,130048
27,28,9216,130048
27,29,10240,130048
27,25,11264,130048
27,28,12288,130048
27,24,13312,130048
27,65,15360,130048
27,65,16384,130048
27,63,17408,130048
27,28,1024,131072
27,29,2048,131072
27,48,3072,131072
27,25,6144,131072
27,25,7168,131072
27,28,8192,131072
27,29,9216,131072
27,25,10240,131072
27,28,11264,131072
27,24,12288,131072
27,65,14336,131072
27,65,15360,131072
27,63,16384,131072
27,31,19456,131072
28,29,1024,132096
28,48,2048,132096
28,25,5120,132096
28,25,6144,132096
28,28,7168,132096
28,29,8192,132096
28,25,9216,132096
28,28,10240,132096
28,24,11264,132096
28,65,13312,132096
28,65,14336,132096
28,63,15360,132096
28,31,18432,132096
28,31,20480,132096
29,48,1024,133120
29,25,4096,133120
29,25,5120,133120
29,28,6144,133120
29,29,7168,133120
29,25,8192,133120
29,28,9216,133120
29,24,10240,133120
29,65,12288,133120
29,65,13312,133120
29,63,14336,133120
29,31,17408,133120
29,31,19456,133120
29,31,20480,133120
48,25,3072,134144
48,25,4096,134144
48,28,5120,134144
48,29,6144,134144
48,25,7168,134144
48,28,8192,134144
48,24,9216,134144
48,65,11264,134144
48,65,12288,134144
48,63,13312,134144
48,31,16384,134144
48,31,18432,134144
48,31,19456,134144
48,31,20480,134144
25,25,1024,137216
25,28,2048,137216
25,29,3072,137216
25,25,4096,137216
25,28,5120,137216
25,24,6144,137216
25,65,8192,137216
25,65,9216,137216
25,63,10240,137216
25,31,13312,137216
25,31,15360,137216
25,31,16384,137216
25,31,17408,137216
25,20,18432,137216
25,28,1024,138240
25,29,2048,138240
25,25,3072,138240
25,28,4096,138240
25,24,5120,138240
25,65,7168,138240
25,65,8192,138240
25,63,9216,138240
25,31,12288,138240
25,31,14336,138240
25,31,15360,138240
25,31,16384,138240
25,20,17408,138240
28,29,1024,139264
28,25,2048,139264
28,28,3072,139264
28,24,4096,139264
28,65,6144,139264
28,65,7168,139264
28,63,8192,139264
28,31,11264,139264
28,31,13312,139264
28,31,14336,139264
28,31,15360,139264
28,20,16384,139264
28,21,20480,139264
29,25,1024,140288
29,28,2048,140288
29,24,3072,140288
29,65,5120,140288
29,65,6144,140288
29,63,7168,140288
29,31,10240,140288
29,31,12288,140288
29,31,13312,140288
29,31,14336,140288
29,20,15360,140288
29,21,19456,140288
29,21,20480,140288
25,28,1024,141312
25,24,2048,141312
25,65,4096,141312
25,65,5120,141312
25,63,6144,141312
25,31,9216,141312
25,31,11264,141312
25,31,12288,141312
25,31,13312,141312
25,20,14336,141312
25,21,18432,141312
25,21,19456,141312
28,24,1024,142336
28,65,3072,142336
28,65,4096,142336
28,63,5120,142336
28,31,8192,142336
28,31,10240,142336
28,31,11264,142336
28,31,12288,142336
28,20,13312,142336
28,21,17408,142336
28,21,18432,142336
24,65,2048,143360
24,65,3072,143360
24,63,4096,143360
24,31,7168,143360
24,31,9216,143360
24,31,10240,143360
24,31,11264,143360
24,20,12288,143360
24,21,16384,143360
24,21,17408,143360
65,65,1024,145408
65,63,2048,145408
65,31,5120,145408
65,31,7168,145408
65,31,8192,145408
65,31,9216,145408
65,20,10240,145408
65,21,14336,145408
65,21,15360,145408
65,21,19456,145408
65,50,19456,145408
65,21,20480,145408
65,63,1024,146432
65,31,4096,146432
65,31,6144,146432
65,31,7168,146432
65,31,8192,146432
65,20,9216,146432
65,21,13312,146432
65,21,14336,146432
65,21,18432,146432
65,50,18432,146432
65,21,19456,146432
65,33,20480,146432
65,49,20480,146432
63,31,3072,147456
63,31,5120,147456
63,31,6144,147456
63,31,7168,147456
63,20,8192,147456
63,21,12288,147456
63,21,13312,147456
63,21,17408,147456
63,50,17408,147456
63,21,18432,147456
63,33,19456,147456
63,49,19456,147456
63,33,20480,147456
63,49,20480,147456
31,31,2048,150528
31,31,3072,150528
31,31,4096,150528
31,20,5120,150528
31,21,9216,150528
31,21,10240,150528
31,21,14336,150528
31,50,14336,150528
31,21,15360,150528
31,33,16384,150528
31,49,16384,150528
31,33,17408,150528
31,49,17408,150528
31,33,18432,150528
31,31,1024,152576
31,31,2048,152576
31,20,3072,152576
31,21,7168,152576
31,21,8192,152576
31,21,12288,152576
31,50,12288,152576
31,21,13312,152576
31,33,14336,152576
31,49,14336,152576
31,33,15360,152576
31,49,15360,152576
31,33,16384,152576
31,21,17408,152576
31,31,1024,153600
31,20,2048,153600
31,21,6144,153600
31,21,7168,153600
31,21,11264,153600
31,50,11264,153600
31,21,12288,153600
31,33,13312,153600
31,49,13312,153600
31,33,14336,153600
31,49,14336,153600
31,33,15360,153600
31,21,16384,153600
31,49,17408,153600
31,20,1024,154624
31,21,5120,154624
31,21,6144,154624
31,21,10240,154624
31,50,10240,154624
31,21,11264,154624
31,33,12288,154624
31,49,12288,154624
31,33,13312,154624
31,49,13312,154624
31,33,14336,154624
31,21,15360,154624
31,49,16384,154624
31,49,17408,154624
20,21,4096,155648
20,21,5120,155648
20,21,9216,155648
20,50,9216,155648
20,21,10240,155648
20,33,11264,155648
20,49,11264,155648
20,33,12288,155648
20,49,12288,155648
20,33,13312,155648
20,21,14336,155648
20,49,15360,155648
20,49,16384,155648
20,21,18432,155648
21,21,1024,159744
21,21,5120,159744
21,50,5120,159744
21,21,6144,159744
21,33,7168,159744
21,49,7168,159744
21,33,8192,159744
21,49,8192,159744
21,33,9216,159744
21,21,10240,159744
21,49,11264,159744
21,49,12288,159744
21,21,14336,159744
21,27,15360,159744
21,21,4096,160768
21,50,4096,160768
21,21,5120,160768
21,33,6144,160768
21,49,6144,160768
21,33,7168,160768
21,49,7168,160768
21,33,8192,160768
21,21,9216,160768
21,49,10240,160768
21,49,11264,160768
21,21,13312,160768
21,27,14336,160768
21,27,15360,160768
21,50,0,164864
21,21,1024,164864
21,33,2048,164864
21,49,2048,164864
21,33,3072,164864
21,49,3072,164864
21,33,4096,164864
21,21,5120,164864
21,49,6144,164864
21,49,7168,164864
21,21,9216,164864
21,27,10240,164864
21,27,11264,164864
21,28,13312,164864
50,21,1024,164864
50,33,2048,164864
50,49,2048,164864
50,33,3072,164864
50,49,3072,164864
50,33,4096,164864
50,21,5120,164864
50,49,6144,164864
50,49,7168,164864
50,21,9216,164864
50,27,10240,164864
50,27,11264,164864
50,28,13312,164864
50,19,14336,164864
21,33,1024,165888
21,49,1024,165888
21,33,2048,165888
21,49,2048,165888
21,33,3072,165888
21,21,4096,165888
21,49,5120,165888
21,49,6144,165888
21,21,8192,165888
21,27,9216,165888
21,27,10240,165888
21,28,12288,165888
21,19,13312,165888
21,48,13312,165888
33,49,0,166912
33,33,1024,166912
33,49,1024,166912
33,33,2048,166912
33,21,3072,166912
33,49,4096,166912
33,49,5120,166912
33,21,7168,166912
33,27,8192,166912
33,27,9216,166912
33,28,11264,166912
33,19,12288,166912
33,48,12288,166912
33,19,13312,166912
49,33,1024,166912
49,49,1024,166912
49,33,2048,166912
49,21,3072,166912
49,49,4096,166912
49,49,5120,166912
49,21,7168,166912
49,27,8192,166912
49,27,9216,166912
49,28,11264,166912
49,19,12288,166912
49,48,12288,166912
49,19,13312,166912
49,48,13312,166912
33,49,0,167936
33,33,1024,167936
33,21,2048,167936
33,49,3072,167936
33,49,4096,167936
33,21,6144,167936
33,27,7168,167936
33,27,8192,167936
33,28,10240,167936
33,19,11264,167936
33,48,11264,167936
33,19,12288,167936
33,48,12288,167936
33,28,13312,167936
49,33,1024,167936
49,21,2048,167936
49,49,3072,167936
49,49,4096,167936
49,21,6144,167936
49,27,7168,167936
49,27,8192,167936
49,28,10240,167936
49,19,11264,167936
49,48,11264,167936
49,19,12288,167936
49,48,12288,167936
49,28,13312,167936
49,19,14336,167936
33,21,1024,168960
33,49,2048,168960
33,49,3072,168960
33,21,5120,168960
33,27,6144,168960
33,27,7168,168960
33,28,9216,168960
33,19,10240,168960
33,48,10240,168960
33,19,11264,168960
33,48,11264,168960
33,28,12288,168960
33,19,13312,168960
33,19,14336,168960
21,49,1024,169984
21,49,2048,169984
21,21,4096,169984
21,27,5120,169984
21,27,6144,169984
21,28,8192,169984
21,19,9216,169984
21,48,9216,169984
21,19,10240,169984
21,48,10240,169984
21,28,11264,169984
21,19,12288,169984
21,19,13312,169984
21,62,14336,169984
49,49,1024,171008
49,21,3072,171008
49,27,4096,171008
49,27,5120,171008
49,28,7168,171008
49,19,8192,171008
49,48,8192,171008
49,19,9216,171008
49,48,9216,171008
49,28,10240,171008
49,19,11264,171008
49,19,12288,171008
49,62,13312,171008
49,19,14336,171008
49,21,2048,172032
49,27,3072,172032
49,27,4096,172032
49,28,6144,172032
49,19,7168,172032
49,48,7168,172032
49,19,8192,172032
49,48,8192,172032
49,28,9216,172032
49,19,10240,172032
49,19,11264,172032
49,62,12288,172032
49,19,13312,172032
49,28,14336,172032
21,27,1024,174080
21,27,2048,174080
21,28,4096,174080
21,19,5120,174080
21,48,5120,174080
21,19,6144,174080
21,48,6144,174080
21,28,7168,174080
21,19,8192,174080
21,19,9216,174080
21,62,10240,174080
21,19,11264,174080
21,28,12288,174080
21,28,13312,174080
27,27,1024,175104
27,28,3072,175104
27,19,4096,175104
27,48,4096,175104
27,19,5120,175104
27,48,5120,175104
27,28,6144,175104
27,19,7168,175104
27,19,8192,175104
27,62,9216,175104
27,19,10240,175104
27,28,11264,175104
27,28,12288,175104
27,28,13312,175104
27,28,2048,176128
27,19,3072,176128
27,48,3072,176128
27,19,4096,176128
27,48,4096,176128
27,28,5120,176128
27,19,6144,176128
27,19,7168,176128
27,62,8192,176128
27,19,9216,176128
27,28,10240,176128
27,28,11264,176128
27,28,12288,176128
27,24,13312,176128
28,19,1024,178176
28,48,1024,178176
28,19,2048,178176
28,48,2048,178176
28,28,3072,178176
28,19,4096,178176
28,19,5120,178176
28,62,6144,178176
28,19,7168,178176
28,28,8192,178176
28,28,9216,178176
28,28,10240,178176
28,24,11264,178176
28,25,15360,178176
19,48,0,179200
19,19,1024,179200
19,48,1024,179200
19,28,2048,179200
19,19,3072,179200
19,19,4096,179200
19,62,5120,179200
19,19,6144,179200
19,28,7168,179200
19,28,8192,179200
19,28,9216,179200
19,24,10240,179200
19,25,14336,179200
19,25,15360,179200
48,19,1024,179200
48,48,1024,179200
48,28,2048,179200
48,19,3072,179200
48,19,4096,179200
48,62,5120,179200
48,19,6144,179200
48,28,7168,179200
48,28,8192,179200
48,28,9216,179200
48,24,10240,179200
48,25,14336,179200
48,25,15360,179200
48,25,16384,179200
19,48,0,180224
19,28,1024,180224
19,19,2048,180224
19,19,3072,180224
19,62,4096,180224
19,19,5120,180224
19,28,6144,180224
19,28,7168,180224
19,28,8192,180224
19,24,9216,180224
19,25,13312,180224
19,25,14336,180224
19,25,15360,180224
19,62,16384,180224
48,28,1024,180224
48,19,2048,180224
48,19,3072,180224
48,62,4096,180224
48,19,5120,180224
48,28,6144,180224
48,28,7168,180224
48,28,8192,180224
48,24,9216,180224
48,25,13312,180224
48,25,14336,180224
48,25,15360,180224
48,62,16384,180224
48,62,18432,180224
28,19,1024,181248
28,19,2048,181248
28,62,3072,181248
28,19,4096,181248
28,28,5120,181248
28,28,6144,181248
28,28,7168,181248
28,24,8192,181248
28,25,12288,181248
28,25,13312,181248
28,25,14336,181248
28,62,15360,181248
28,62,17408,181248
28,25,18432,181248
19,19,1024,182272
19,62,2048,182272
19,19,3072,182272
19,28,4096,182272
19,28,5120,182272
19,28,6144,182272
19,24,7168,182272
19,25,11264,182272
19,25,12288,182272
19,25,13312,182272
19,62,14336,182272
19,62,16384,182272
19,25,17408,182272
19,25,18432,182272
19,62,1024,183296
19,19,2048,183296
19,28,3072,183296
19,28,4096,183296
19,28,5120,183296
19,24,6144,183296
19,25,10240,183296
19,25,11264,183296
19,25,12288,183296
19,62,13312,183296
19,62,15360,183296
19,25,16384,183296
19,25,17408,183296
19,25,18432,183296
62,19,1024,184320
62,28,2048,184320
62,28,3072,184320
62,28,4096,184320
62,24,5120,184320
62,25,9216,184320
62,25,10240,184320
62,25,11264,184320
62,62,12288,184320
62,62,14336,184320
62,25,15360,184320
62,25,16384,184320
62,25,17408,184320
62,26,18432,184320
19,28,1024,185344
19,28,2048,185344
19,28,3072,185344
19,24,4096,185344
19,25,8192,185344
19,25,9216,185344
19,25,10240,185344
19,62,11264,185344
19,62,13312,185344
19,25,14336,185344
19,25,15360,185344
19,25,16384,185344
19,26,17408,185344
19,19,18432,185344
28,28,1024,186368
28,28,2048,186368
28,24,3072,186368
28,25,7168,186368
28,25,8192,186368
28,25,9216,186368
28,62,10240,186368
28,62,12288,186368
28,25,13312,186368
28,25,14336,186368
28,25,15360,186368
28,26,16384,186368
28,19,17408,186368
28,20,18432,186368
28,28,1024,187392
28,24,2048,187392
28,25,6144,187392
28,25,7168,187392
28,25,8192,187392
28,62,9216,187392
28,62,11264,187392
28,25,12288,187392
28,25,13312,187392
28,25,14336,187392
28,26,15360,187392
28,19,16384,187392
28,20,17408,187392
28,21,18432,187392
28,24,1024,188416
28,25,5120,188416
28,25,6144,188416
28,25,7168,188416
28,62,8192,188416
28,62,10240,188416
28,25,11264,188416
28,25,12288,188416
28,25,13312,188416
28,26,14336,188416
28,19,15360,188416
28,20,16384,188416
28,21,17408,188416
28,21,18432,188416
24,25,4096,189440
24,25,5120,189440
24,25,6144,189440
24,62,7168,189440
24,62,9216,189440
24,25,10240,189440
24,25,11264,189440
24,25,12288,189440
24,26,13312,189440
24,19,14336,189440
24,20,15360,189440
24,21,16384,189440
24,21,17408,189440
24,31,18432,189440
25,25,1024,193536
25,25,2048,193536
25,62,3072,193536
25,62,5120,193536
25,25,6144,193536
25,25,7168,193536
25,25,8192,193536
25,26,9216,193536
25,19,10240,193536
25,20,11264,193536
25,21,12288,193536
25,21,13312,193536
25,31,14336,193536
25,21,15360,193536
25,25,1024,194560
25,62,2048,194560
25,62,4096,194560
25,25,5120,194560
25,25,6144,194560
25,25,7168,194560
25,26,8192,194560
25,19,9216,194560
25,20,10240,194560
25,21,11264,194560
25,21,12288,194560
25,31,13312,194560
25,21,14336,194560
25,31,16384,194560
25,62,1024,195584
25,62,3072,195584
25,25,4096,195584
25,25,5120,195584
25,25,6144,195584
25,26,7168,195584
25,19,8192,195584
25,20,9216,195584
25,21,10240,195584
25,21,11264,195584
25,31,12288,195584
25,21,13312,195584
25,31,15360,195584
25,31,16384,195584
62,62,2048,196608
62,25,3072,196608
62,25,4096,196608
62,25,5120,196608
62,26,6144,196608
62,19,7168,196608
62,20,8192,196608
62,21,9216,196608
62,21,10240,196608
62,31,11264,196608
62,21,12288,196608
62,31,14336,196608
62,31,15360,196608
62,21,17408,196608
62,25,1024,198656
62,25,2048,198656
62,25,3072,198656
62,26,4096,198656
62,19,5120,198656
62,20,6144,198656
62,21,7168,198656
62,21,8192,198656
62,31,9216,198656
62,21,10240,198656
62,31,12288,198656
62,31,13312,198656
62,21,15360,198656
62,21,16384,198656
25,25,1024,199680
25,25,2048,199680
25,26,3072,199680
25,19,4096,199680
25,20,5120,199680
25,21,6144,199680
25,21,7168,199680
25,31,8192,199680
25,21,9216,199680
25,31,11264,199680
25,31,12288,199680
25,21,14336,199680
25,21,15360,199680
25,31,16384,199680
25,25,1024,200704
25,26,2048,200704
25,19,3072,200704
25,20,4096,200704
25,21,5120,200704
25,21,6144,200704
25,31,7168,200704
25,21,8192,200704
25,31,10240,200704
25,31,11264,200704
25,21,13312,200704
25,21,14336,200704
25,31,15360,200704
25,31,16384,200704
25,26,1024,201728
25,19,2048,201728
25,20,3072,201728
25,21,4096,201728
25,21,5120,201728
25,31,6144,201728
25,21,7168,201728
25,31,9216,201728
25,31,10240,201728
25,21,12288,201728
25,21,13312,201728
25,31,14336,201728
25,31,15360,201728
25,21,16384,201728
26,19,1024,202752
26,20,2048,202752
26,21,3072,202752
26,21,4096,202752
26,31,5120,202752
26,21,6144,202752
26,31,8192,202752
26,31,9216,202752
26,21,11264,202752
26,21,12288,202752
26,31,13312,202752
26,31,14336,202752
26,21,15360,202752
26,31,16384,202752
19,20,1024,203776
19,21,2048,203776
19,21,3072,203776
19,31,4096,203776
19,21,5120,203776
19,31,7168,203776
19,31,8192,203776
19,21,10240,203776
19,21,11264,203776
19,31,12288,203776
19,31,13312,203776
19,21,14336,203776
19,31,15360,203776
19,31,16384,203776
20,21,1024,204800
20,21,2048,204800
20,31,3072,204800
20,21,4096,204800
20,31,6144,204800
20,31,7168,204800
20,21,9216,204800
20,21,10240,204800
20,31,11264,204800
20,31,12288,204800
20,21,13312,204800
20,31,14336,204800
20,31,15360,204800
20,21,17408,204800
21,21,1024,205824
21,31,2048,205824
21,21,3072,205824
21,31,5120,205824
21,31,6144,205824
21,21,8192,205824
21,21,9216,205824
21,31,10240,205824
21,31,11264,205824
21,21,12288,205824
21,31,13312,205824
21,31,14336,205824
21,21,16384,205824
21,49,16384,205824
21,31,1024,206848
21,21,2048,206848
21,31,4096,206848
21,31,5120,206848
21,21,7168,206848
21,21,8192,206848
21,31,9216,206848
21,31,10240,206848
21,21,11264,206848
21,31,12288,206848
21,31,13312,206848
21,21,15360,206848
21,49,15360,206848
21,21,16384,206848
31,21,1024,207872
31,31,3072,207872
31,31,4096,207872
31,21,6144,207872
31,21,7168,207872
31,31,8192,207872
31,31,9216,207872
31,21,10240,207872
31,31,11264,207872
31,31,12288,207872
31,21,14336,207872
31,49,14336,207872
31,21,15360,207872
31,48,15360,207872
21,31,2048,208896
21,31,3072,208896
21,21,5120,208896
21,21,6144,208896
21,31,7168,208896
21,31,8192,208896
21,21,9216,208896
21,31,10240,208896
21,31,11264,208896
21,21,13312,208896
21,49,13312,208896
21,21,14336,208896
21,48,14336,208896
21,21,15360,208896
31,31,1024,210944
31,21,3072,210944
31,21,4096,210944
31,31,5120,210944
31,31,6144,210944
31,21,7168,210944
31,31,8192,210944
31,31,9216,210944
31,21,11264,210944
31,49,11264,210944
31,21,12288,210944
31,48,12288,210944
31,21,13312,210944
31,49,13312,210944
31,21,2048,211968
31,21,3072,211968
31,31,4096,211968
31,31,5120,211968
31,21,6144,211968
31,31,7168,211968
31,31,8192,211968
31,21,10240,211968
31,49,10240,211968
31,21,11264,211968
31,48,11264,211968
31,21,12288,211968
31,49,12288,211968
31,21,13312,211968
21,21,1024,214016
21,31,2048,214016
21,31,3072,214016
21,21,4096,214016
21,31,5120,214016
21,31,6144,214016
21,21,8192,214016
21,49,8192,214016
21,21,9216,214016
21,48,9216,214016
21,21,10240,214016
21,49,10240,214016
21,21,11264,214016
21,33,12288,214016
21,31,1024,215040
21,31,2048,215040
21,21,3072,215040
21,31,4096,215040
21,31,5120,215040
21,21,7168,215040
21,49,7168,215040
21,21,8192,215040
21,48,8192,215040
21,21,9216,215040
21,49,9216,215040
21,21,10240,215040
21,33,11264,215040
21,21,12288,215040
31,31,1024,216064
31,21,2048,216064
31,31,3072,216064
31,31,4096,216064
31,21,6144,216064
31,49,6144,216064
31,21,7168,216064
31,48,7168,216064
31,21,8192,216064
31,49,8192,216064
31,21,9216,216064
31,33,10240,216064
31,21,11264,216064
31,49,11264,216064
31,21,1024,217088
31,31,2048,217088
31,31,3072,217088
31,21,5120,217088
31,49,5120,217088
31,21,6144,217088
31,48,6144,217088
31,21,7168,217088
31,49,7168,217088
31,21,8192,217088
31,33,9216,217088
31,21,10240,217088
31,49,10240,217088
31,20,11264,217088
21,31,1024,218112
21,31,2048,218112
21,21,4096,218112
21,49,4096,218112
21,21,5120,218112
21,48,5120,218112
21,21,6144,218112
21,49,6144,218112
21,21,7168,218112
21,33,8192,218112
21,21,9216,218112
21,49,9216,218112
21,20,10240,218112
21,31,12288,218112
31,31,1024,219136
31,21,3072,219136
31,49,3072,219136
31,21,4096,219136
31,48,4096,219136
31,21,5120,219136
31,49,5120,219136
31,21,6144,219136
31,33,7168,219136
31,21,8192,219136
31,49,8192,219136
31,20,9216,219136
31,31,11264,219136
31,48,11264,219136
31,21,2048,220160
31,49,2048,220160
31,21,3072,220160
31,48,3072,220160
31,21,4096,220160
31,49,4096,220160
31,21,5120,220160
31,33,6144,220160
31,21,7168,220160
31,49,7168,220160
31,20,8192,220160
31,31,10240,220160
31,48,10240,220160
31,48,11264,220160
21,49,0,222208
21,21,1024,222208
21,48,1024,222208
21,21,2048,222208
21,49,2048,222208
21,21,3072,222208
21,33,4096,222208
21,21,5120,222208
21,49,5120,222208
21,20,6144,222208
21,31,8192,222208
21,48,8192,222208
21,48,9216,222208
21,21,10240,222208
49,21,1024,222208
49,48,1024,222208
49,21,2048,222208
49,49,2048,222208
49,21,3072,222208
49,33,4096,222208
49,21,5120,222208
49,49,5120,222208
49,20,6144,222208
49,31,8192,222208
49,48,8192,222208
49,48,9216,222208
49,21,10240,222208
49,27,11264,222208
21,48,0,223232
21,21,1024,223232
21,49,1024,223232
21,21,2048,223232
21,33,3072,223232
21,21,4096,223232
21,49,4096,223232
21,20,5120,223232
21,31,7168,223232
21,48,7168,223232
21,48,8192,223232
21,21,9216,223232
21,27,10240,223232
21,20,11264,223232
48,21,1024,223232
48,49,1024,223232
48,21,2048,223232
48,33,3072,223232
48,21,4096,223232
48,49,4096,223232
48,20,5120,223232
48,31,7168,223232
48,48,7168,223232
48,48,8192,223232
48,21,9216,223232
48,27,10240,223232
48,20,11264,223232
48,27,12288,223232
21,49,0,224256
21,21,1024,224256
21,33,2048,224256
21,21,3072,224256
21,49,3072,224256
21,20,4096,224256
21,31,6144,224256
21,48,6144,224256
21,48,7168,224256
21,21,8192,224256
21,27,9216,224256
21,20,10240,224256
21,27,11264,224256
21,28,12288,224256
49,21,1024,224256
49,33,2048,224256
49,21,3072,224256
49,49,3072,224256
49,20,4096,224256
49,31,6144,224256
49,48,6144,224256
49,48,7168,224256
49,21,8192,224256
49,27,9216,224256
49,20,10240,224256
49,27,11264,224256
49,28,12288,224256
49,47,13312,224256
21,33,1024,225280
21,21,2048,225280
21,49,2048,225280
21,20,3072,225280
21,31,5120,225280
21,48,5120,225280
21,48,6144,225280
21,21,7168,225280
21,27,8192,225280
21,20,9216,225280
21,27,10240,225280
21,28,11264,225280
21,47,12288,225280
21,48,13312,225280
33,21,1024,226304
33,49,1024,226304
33,20,2048,226304
33,31,4096,226304
33,48,4096,226304
33,48,5120,226304
33,21,6144,226304
33,27,7168,226304
33,20,8192,226304
33,27,9216,226304
33,28,10240,226304
33,47,11264,226304
33,48,12288,226304
33,19,13312,226304
21,49,0,227328
21,20,1024,227328
21,31,3072,227328
21,48,3072,227328
21,48,4096,227328
21,21,5120,227328
21,27,6144,227328
21,20,7168,227328
21,27,8192,227328
21,28,9216,227328
21,47,10240,227328
21,48,11264,227328
21,19,12288,227328
21,28,13312,227328
49,20,1024,227328
49,31,3072,227328
49,48,3072,227328
49,48,4096,227328
49,21,5120,227328
49,27,6144,227328
49,20,7168,227328
49,27,8192,227328
49,28,9216,227328
49,47,10240,227328
49,48,11264,227328
49,19,12288,227328
49,28,13312,227328
49,62,15360,227328
20,31,2048,228352
20,48,2048,228352
20,48,3072,228352
20,21,4096,228352
20,27,5120,228352
20,20,6144,228352
20,27,7168,228352
20,28,8192,228352
20,47,9216,228352
20,48,10240,228352
20,19,11264,228352
20,28,12288,228352
20,62,14336,228352
20,27,16384,228352
31,48,0,230400
31,48,1024,230400
31,21,2048,230400
31,27,3072,230400
31,20,4096,230400
31,27,5120,230400
31,28,6144,230400
31,47,7168,230400
31,48,8192,230400
31,19,9216,230400
31,28,10240,230400
31,62,12288,230400
31,27,14336,230400
31,24,15360,230400
48,48,1024,230400
48,21,2048,230400
48,27,3072,230400
48,20,4096,230400
48,27,5120,230400
48,28,6144,230400
48,47,7168,230400
48,48,8192,230400
48,19,9216,230400
48,28,10240,230400
48,62,12288,230400
48,27,14336,230400
48,24,15360,230400
48,24,16384,230400
48,21,1024,231424
48,27,2048,231424
48,20,3072,231424
48,27,4096,231424
48,28,5120,231424
48,47,6144,231424
48,48,7168,231424
48,19,8192,231424
48,28,9216,231424
48,62,11264,231424
48,27,13312,231424
48,24,14336,231424
48,24,15360,231424
48,24,16384,231424
21,27,1024,232448
21,20,2048,232448
21,27,3072,232448
21,28,4096,232448
21,47,5120,232448
21,48,6144,232448
21,19,7168,232448
21,28,8192,232448
21,62,10240,232448
21,27,12288,232448
21,24,13312,232448
21,24,14336,232448
21,24,15360,232448
21,18,16384,232448
27,20,1024,233472
27,27,2048,233472
27,28,3072,233472
27,47,4096,233472
27,48,5120,233472
27,19,6144,233472
27,28,7168,233472
27,62,9216,233472
27,27,11264,233472
27,24,12288,233472
27,24,13312,233472
27,24,14336,233472
27,18,15360,233472
27,37,16384,233472
20,27,1024,234496
20,28,2048,234496
20,47,3072,234496
20,48,4096,234496
20,19,5120,234496
20,28,6144,234496
20,62,8192,234496
20,27,10240,234496
20,24,11264,234496
20,24,12288,234496
20,24,13312,234496
20,18,14336,234496
20,37,15360,234496
20,25,17408,234496
27,28,1024,235520
27,47,2048,235520
27,48,3072,235520
27,19,4096,235520
27,28,5120,235520
27,62,7168,235520
27,27,9216,235520
27,24,10240,235520
27,24,11264,235520
27,24,12288,235520
27,18,13312,235520
27,37,14336,235520
27,25,16384,235520
27,50,16384,235520
28,47,1024,236544
28,48,2048,236544
28,19,3072,236544
28,28,4096,236544
28,62,6144,236544
28,27,8192,236544
28,24,9216,236544
28,24,10240,236544
28,24,11264,236544
28,18,12288,236544
28,37,13312,236544
28,25,15360,236544
28,50,15360,236544
28,25,16384,236544
47,48,1024,237568
47,19,2048,237568
47,28,3072,237568
47,62,5120,237568
47,27,7168,237568
47,24,8192,237568
47,24,9216,237568
47,24,10240,237568
47,18,11264,237568
47,37,12288,237568
47,25,14336,237568
47,50,14336,237568
47,25,15360,237568
47,50,16384,237568
48,19,1024,238592
48,28,2048,238592
48,62,4096,238592
48,27,6144,238592
48,24,7168,238592
48,24,8192,238592
48,24,9216,238592
48,18,10240,238592
48,37,11264,238592
48,25,13312,238592
48,50,13312,238592
48,25,14336,238592
48,50,15360,238592
48,25,16384,238592
19,28,1024,239616
19,62,3072,239616
19,27,5120,239616
19,24,6144,239616
19,24,7168,239616
19,24,8192,239616
19,18,9216,239616
19,37,10240,239616
19,25,12288,239616
19,50,12288,239616
19,25,13312,239616
19,50,14336,239616
19,25,15360,239616
19,50,15360,239616
28,62,2048,240640
28,27,4096,240640
28,24,5120,240640
28,24,6144,240640
28,24,7168,240640
28,18,8192,240640
28,37,9216,240640
28,25,11264,240640
28,50,11264,240640
28,25,12288,240640
28,50,13312,240640
28,25,14336,240640
28,50,14336,240640
28,25,15360,240640
62,27,2048,242688
62,24,3072,242688
62,24,4096,242688
62,24,5120,242688
62,18,6144,242688
62,37,7168,242688
62,25,9216,242688
62,50,9216,242688
62,25,10240,242688
62,50,11264,242688
62,25,12288,242688
62,50,12288,242688
62,25,13312,242688
62,25,14336,242688
27,24,1024,244736
27,24,2048,244736
27,24,3072,244736
27,18,4096,244736
27,37,5120,244736
27,25,7168,244736
27,50,7168,244736
27,25,8192,244736
27,50,9216,244736
27,25,10240,244736
27,50,10240,244736
27,25,11264,244736
27,25,12288,244736
27,50,12288,244736
24,24,1024,245760
24,24,2048,245760
24,18,3072,245760
24,37,4096,245760
24,25,6144,245760
24,50,6144,245760
24,25,7168,245760
24,50,8192,245760
24,25,9216,245760
24,50,9216,245760
24,25,10240,245760
24,25,11264,245760
24,50,11264,245760
24,20,12288,245760
24,24,1024,246784
24,18,2048,246784
24,37,3072,246784
24,25,5120,246784
24,50,5120,246784
24,25,6144,246784
24,50,7168,246784
24,25,8192,246784
24,50,8192,246784
24,25,9216,246784
24,25,10240,246784
24,50,10240,246784
24,20,11264,246784
24,25,12288,246784
24,18,1024,247808
24,37,2048,247808
24,25,4096,247808
24,50,4096,247808
24,25,5120,247808
24,50,6144,247808
24,25,7168,247808
24,50,7168,247808
24,25,8192,247808
24,25,9216,247808
24,50,9216,247808
24,20,10240,247808
24,25,11264,247808
24,25,12288,247808
18,37,1024,248832
18,25,3072,248832
18,50,3072,248832
18,25,4096,248832
18,50,5120,248832
18,25,6144,248832
18,50,6144,248832
18,25,7168,248832
18,25,8192,248832
18,50,8192,248832
18,20,9216,248832
18,25,10240,248832
18,25,11264,248832
18,25,12288,248832
37,25,2048,249856
37,50,2048,249856
37,25,3072,249856
37,50,4096,249856
37,25,5120,249856
37,50,5120,249856
37,25,6144,249856
37,25,7168,249856
37,50,7168,249856
37,20,8192,249856
37,25,9216,249856
37,25,10240,249856
37,25,11264,249856
37,19,12288,249856
25,50,0,251904
25,25,1024,251904
25,50,2048,251904
25,25,3072,251904
25,50,3072,251904
25,25,4096,251904
25,25,5120,251904
25,50,5120,251904
25,20,6144,251904
25,25,7168,251904
25,25,8192,251904
25,25,9216,251904
25,19,10240,251904
25,20,11264,251904
50,25,1024,251904
50,50,2048,251904
50,25,3072,251904
50,50,3072,251904
50,25,4096,251904
50,25,5120,251904
50,50,5120,251904
50,20,6144,251904
50,25,7168,251904
50,25,8192,251904
50,25,9216,251904
50,19,10240,251904
50,20,11264,251904
50,21,12288,251904
25,50,1024,252928
25,25,2048,252928
25,50,2048,252928
25,25,3072,252928
25,25,4096,252928
25,50,4096,252928
25,20,5120,252928
25,25,6144,252928
25,25,7168,252928
25,25,8192,252928
25,19,9216,252928
25,20,10240,252928
25,21,11264,252928
25,21,14336,252928
50,25,1024,253952
50,50,1024,253952
50,25,2048,253952
50,25,3072,253952
50,50,3072,253952
50,20,4096,253952
50,25,5120,253952
50,25,6144,253952
50,25,7168,253952
50,19,8192,253952
50,20,9216,253952
50,21,10240,253952
50,21,13312,253952
50,33,15360,253952
25,50,0,254976
25,25,1024,254976
25,25,2048,254976
25,50,2048,254976
25,20,3072,254976
25,25,4096,254976
25,25,5120,254976
25,25,6144,254976
25,19,7168,254976
25,20,8192,254976
25,21,9216,254976
25,21,12288,254976
25,33,14336,254976
25,31,16384,254976
50,25,1024,254976
50,25,2048,254976
50,50,2048,254976
50,20,3072,254976
50,25,4096,254976
50,25,5120,254976
50,25,6144,254976
50,19,7168,254976
50,20,8192,254976
50,21,9216,254976
50,21,12288,254976
50,33,14336,254976
50,31,16384,254976
50,21,17408,254976
25,25,1024,256000
25,50,1024,256000
25,20,2048,256000
25,25,3072,256000
25,25,4096,256000
25,25,5120,256000
25,19,6144,256000
25,20,7168,256000
25,21,8192,256000
25,21,11264,256000
25,33,13312,256000
25,31,15360,256000
25,21,16384,256000
25,21,17408,256000
25,50,0,257024
25,20,1024,257024
25,25,2048,257024
25,25,3072,257024
25,25,4096,257024
25,19,5120,257024
25,20,6144,257024
25,21,7168,257024
25,21,10240,257024
25,33,12288,257024
25,31,14336,257024
25,21,15360,257024
25,21,16384,257024
25,21,19456,257024
50,20,1024,257024
50,25,2048,257024
50,25,3072,257024
50,25,4096,257024
50,19,5120,257024
50,20,6144,257024
50,21,7168,257024
50,21,10240,257024
50,33,12288,257024
50,31,14336,257024
50,21,15360,257024
50,21,16384,257024
50,21,19456,257024
50,21,20480,257024
20,25,1024,258048
20,25,2048,258048
20,25,3072,258048
20,19,4096,258048
20,20,5120,258048
20,21,6144,258048
20,21,9216,258048
20,33,11264,258048
20,31,13312,258048
20,21,14336,258048
20,21,15360,258048
20,21,18432,258048
20,21,19456,258048
25,25,1024,259072
25,25,2048,259072
25,19,3072,259072
25,20,4096,259072
25,21,5120,259072
25,21,8192,259072
25,33,10240,259072
25,31,12288,259072
25,21,13312,259072
25,21,14336,259072
25,21,17408,259072
25,21,18432,259072
25,25,1024,260096
25,19,2048,260096
25,20,3072,260096
25,21,4096,260096
25,21,7168,260096
25,33,9216,260096
25,31,11264,260096
25,21,12288,260096
25,21,13312,260096
25,21,16384,260096
25,21,17408,260096
25,50,20480,260096
25,19,1024,261120
25,20,2048,261120
25,21,3072,261120
25,21,6144,261120
25,33,8192,261120
25,31,10240,261120
25,21,11264,261120
25,21,12288,261120
25,21,15360,261120
25,21,16384,261120
25,50,19456,261120
25,33,20480,261120
25,49,20480,261120
19,20,1024,262144
19,21,2048,262144
19,21,5120,262144
19,33,7168,262144
19,31,9216,262144
19,21,10240,262144
19,21,11264,262144
19,21,14336,262144
19,21,15360,262144
19,50,18432,262144
19,33,19456,262144
19,49,19456,262144
19,33,20480,262144
20,21,1024,263168
20,21,4096,263168
20,33,6144,263168
20,31,8192,263168
20,21,9216,263168
20,21,10240,263168
20,21,13312,263168
20,21,14336,263168
20,50,17408,263168
20,33,18432,263168
20,49,18432,263168
20,33,19456,263168
20,29,20480,263168
21,21,3072,264192
21,33,5120,264192
21,31,7168,264192
21,21,8192,264192
21,21,9216,264192
21,21,12288,264192
21,21,13312,264192
21,50,16384,264192
21,33,17408,264192
21,49,17408,264192
21,33,18432,264192
21,29,19456,264192
21,27,20480,264192
21,33,2048,267264
21,31,4096,267264
21,21,5120,267264
21,21,6144,267264
21,21,9216,267264
21,21,10240,267264
21,50,13312,267264
21,33,14336,267264
21,49,14336,267264
21,33,15360,267264
21,29,16384,267264
21,27,17408,267264
21,28,18432,267264
21,28,19456,267264
33,31,2048,269312
33,21,3072,269312
33,21,4096,269312
33,21,7168,269312
33,21,8192,269312
33,50,11264,269312
33,33,12288,269312
33,49,12288,269312
33,33,13312,269312
33,29,14336,269312
33,27,15360,269312
33,28,16384,269312
33,28,17408,269312
33,28,18432,269312
31,21,1024,271360
31,21,2048,271360
31,21,5120,271360
31,21,6144,271360
31,50,9216,271360
31,33,10240,271360
31,49,10240,271360
31,33,11264,271360
31,29,12288,271360
31,27,13312,271360
31,28,14336,271360
31,28,15360,271360
31,28,16384,271360
31,40,17408,271360
21,21,1024,272384
21,21,4096,272384
21,21,5120,272384
21,50,8192,272384
21,33,9216,272384
21,49,9216,272384
21,33,10240,272384
21,29,11264,272384
21,27,12288,272384
21,28,13312,272384
21,28,14336,272384
21,28,15360,272384
21,40,16384,272384
21,21,18432,272384
21,21,3072,273408
21,21,4096,273408
21,50,7168,273408
21,33,8192,273408
21,49,8192,273408
21,33,9216,273408
21,29,10240,273408
21,27,11264,273408
21,28,12288,273408
21,28,13312,273408
21,28,14336,273408
21,40,15360,273408
21,21,17408,273408
21,20,18432,273408
21,21,1024,276480
21,50,4096,276480
21,33,5120,276480
21,49,5120,276480
21,33,6144,276480
21,29,7168,276480
21,27,8192,276480
21,28,9216,276480
21,28,10240,276480
21,28,11264,276480
21,40,12288,276480
21,21,14336,276480
21,20,15360,276480
21,20,16384,276480
21,50,3072,277504
21,33,4096,277504
21,49,4096,277504
21,33,5120,277504
21,29,6144,277504
21,27,7168,277504
21,28,8192,277504
21,28,9216,277504
21,28,10240,277504
21,40,11264,277504
21,21,13312,277504
21,20,14336,277504
21,20,15360,277504
21,21,16384,277504
50,33,1024,280576
50,49,1024,280576
50,33,2048,280576
50,29,3072,280576
50,27,4096,280576
50,28,5120,280576
50,28,6144,280576
50,28,7168,280576
50,40,8192,280576
50,21,10240,280576
50,20,11264,280576
50,20,12288,280576
50,21,13312,280576
50,47,14336,280576
33,49,0,281600
33,33,1024,281600
33,29,2048,281600
33,27,3072,281600
33,28,4096,281600
33,28,5120,281600
33,28,6144,281600
33,40,7168,281600
33,21,9216,281600
33,20,10240,281600
33,20,11264,281600
33,21,12288,281600
33,47,13312,281600
33,63,14336,281600
49,33,1024,281600
49,29,2048,281600
49,27,3072,281600
49,28,4096,281600
49,28,5120,281600
49,28,6144,281600
49,40,7168,281600
49,21,9216,281600
49,20,10240,281600
49,20,11264,281600
49,21,12288,281600
49,47,13312,281600
49,63,14336,281600
49,64,15360,281600
33,29,1024,282624
33,27,2048,282624
33,28,3072,282624
33,28,4096,282624
33,28,5120,282624
33,40,6144,282624
33,21,8192,282624
33,20,9216,282624
33,20,10240,282624
33,21,11264,282624
33,47,12288,282624
33,63,13312,282624
33,64,14336,282624
33,28,20480,282624
29,27,1024,283648
29,28,2048,283648
29,28,3072,283648
29,28,4096,283648
29,40,5120,283648
29,21,7168,283648
29,20,8192,283648
29,20,9216,283648
29,21,10240,283648
29,47,11264,283648
29,63,12288,283648
29,64,13312,283648
29,28,19456,283648
29,28,20480,283648
27,28,1024,284672
27,28,2048,284672
27,28,3072,284672
27,40,4096,284672
27,21,6144,284672
27,20,7168,284672
27,20,8192,284672
27,21,9216,284672
27,47,10240,284672
27,63,11264,284672
27,64,12288,284672
27,28,18432,284672
27,28,19456,284672
27,26,20480,284672
28,28,1024,285696
28,28,2048,285696
28,40,3072,285696
28,21,5120,285696
28,20,6144,285696
28,20,7168,285696
28,21,8192,285696
28,47,9216,285696
28,63,10240,285696
28,64,11264,285696
28,28,17408,285696
28,28,18432,285696
28,26,19456,285696
28,28,20480,285696
28,28,1024,286720
28,40,2048,286720
28,21,4096,286720
28,20,5120,286720
28,20,6144,286720
28,21,7168,286720
28,47,8192,286720
28,63,9216,286720
28,64,10240,286720
28,28,16384,286720
28,28,17408,286720
28,26,18432,286720
28,28,19456,286720
28,24,20480,286720
28,40,1024,287744
28,21,3072,287744
28,20,4096,287744
28,20,5120,287744
28,21,6144,287744
28,47,7168,287744
28,63,8192,287744
28,64,9216,287744
28,28,15360,287744
28,28,16384,287744
28,26,17408,287744
28,28,18432,287744
28,24,19456,287744
40,21,2048,288768
40,20,3072,288768
40,20,4096,288768
40,21,5120,288768
40,47,6144,288768
40,63,7168,288768
40,64,8192,288768
40,28,14336,288768
40,28,15360,288768
40,26,16384,288768
40,28,17408,288768
40,24,18432,288768
21,20,1024,290816
21,20,2048,290816
21,21,3072,290816
21,47,4096,290816
21,63,5120,290816
21,64,6144,290816
21,28,12288,290816
21,28,13312,290816
21,26,14336,290816
21,28,15360,290816
21,24,16384,290816
21,64,19456,290816
21,80,19456,290816
21,65,20480,290816
20,20,1024,291840
20,21,2048,291840
20,47,3072,291840
20,63,4096,291840
20,64,5120,291840
20,28,11264,291840
20,28,12288,291840
20,26,13312,291840
20,28,14336,291840
20,24,15360,291840
20,64,18432,291840
20,80,18432,291840
20,65,19456,291840
20,65,20480,291840
20,21,1024,292864
20,47,2048,292864
20,63,3072,292864
20,64,4096,292864
20,28,10240,292864
20,28,11264,292864
20,26,12288,292864
20,28,13312,292864
20,24,14336,292864
20,64,17408,292864
20,80,17408,292864
20,65,18432,292864
20,65,19456,292864
20,61,20480,292864
21,47,1024,293888
21,63,2048,293888
21,64,3072,293888
21,28,9216,293888
21,28,10240,293888
21,26,11264,293888
21,28,12288,293888
21,24,13312,293888
21,64,16384,293888
21,80,16384,293888
21,65,17408,293888
21,65,18432,293888
21,61,19456,293888
47,63,1024,294912
47,64,2048,294912
47,28,8192,294912
47,28,9216,294912
47,26,10240,294912
47,28,11264,294912
47,24,12288,294912
47,64,15360,294912
47,80,15360,294912
47,65,16384,294912
47,65,17408,294912
47,61,18432,294912
63,64,1024,295936
63,28,7168,295936
63,28,8192,295936
63,26,9216,295936
63,28,10240,295936
63,24,11264,295936
63,64,14336,295936
63,80,14336,295936
63,65,15360,295936
63,65,16384,295936
63,61,17408,295936
63,25,20480,295936
64,28,6144,296960
64,28,7168,296960
64,26,8192,296960
64,28,9216,296960
64,24,10240,296960
64,64,13312,296960
64,80,13312,296960
64,65,14336,296960
64,65,15360,296960
64,61,16384,296960
64,25,19456,296960
64,25,20480,296960
28,28,1024,303104
28,26,2048,303104
28,28,3072,303104
28,24,4096,303104
28,64,7168,303104
28,80,7168,303104
28,65,8192,303104
28,65,9216,303104
28,61,10240,303104
28,25,13312,303104
28,25,14336,303104
28,25,15360,303104
28,25,16384,303104
28,27,17408,303104
28,26,1024,304128
28,28,2048,304128
28,24,3072,304128
28,64,6144,304128
28,80,6144,304128
28,65,7168,304128
28,65,8192,304128
28,61,9216,304128
28,25,12288,304128
28,25,13312,304128
28,25,14336,304128
28,25,15360,304128
28,27,16384,304128
28,64,17408,304128
26,28,1024,305152
26,24,2048,305152
26,64,5120,305152
26,80,5120,305152
26,65,6144,305152
26,65,7168,305152
26,61,8192,305152
26,25,11264,305152
26,25,12288,305152
26,25,13312,305152
26,25,14336,305152
26,27,15360,305152
26,64,16384,305152
26,64,17408,305152
28,24,1024,306176
28,64,4096,306176
28,80,4096,306176
28,65,5120,306176
28,65,6144,306176
28,61,7168,306176
28,25,10240,306176
28,25,11264,306176
28,25,12288,306176
28,25,13312,306176
28,27,14336,306176
28,64,15360,306176
28,64,16384,306176
28,80,16384,306176
24,64,3072,307200
24,80,3072,307200
24,65,4096,307200
24,65,5120,307200
24,61,6144,307200
24,25,9216,307200
24,25,10240,307200
24,25,11264,307200
24,25,12288,307200
24,27,13312,307200
24,64,14336,307200
24,64,15360,307200
24,80,15360,307200
24,64,16384,307200
64,80,0,310272
64,65,1024,310272
64,65,2048,310272
64,61,3072,310272
64,25,6144,310272
64,25,7168,310272
64,25,8192,310272
64,25,9216,310272
64,27,10240,310272
64,64,11264,310272
64,64,12288,310272
64,80,12288,310272
64,64,13312,310272
64,31,15360,310272
80,65,1024,310272
80,65,2048,310272
80,61,3072,310272
80,25,6144,310272
80,25,7168,310272
80,25,8192,310272
80,25,9216,310272
80,27,10240,310272
80,64,11264,310272
80,64,12288,310272
80,80,12288,310272
80,64,13312,310272
80,31,15360,310272
80,65,15360,310272
65,65,1024,311296
65,61,2048,311296
65,25,5120,311296
65,25,6144,311296
65,25,7168,311296
65,25,8192,311296
65,27,9216,311296
65,64,10240,311296
65,64,11264,311296
65,80,11264,311296
65,64,12288,311296
65,31,14336,311296
65,65,14336,311296
65,31,15360,311296
65,61,1024,312320
65,25,4096,312320
65,25,5120,312320
65,25,6144,312320
65,25,7168,312320
65,27,8192,312320
65,64,9216,312320
65,64,10240,312320
65,80,10240,312320
65,64,11264,312320
65,31,13312,312320
65,65,13312,312320
65,31,14336,312320
65,62,16384,312320
61,25,3072,313344
61,25,4096,313344
61,25,5120,313344
61,25,6144,313344
61,27,7168,313344
61,64,8192,313344
61,64,9216,313344
61,80,9216,313344
61,64,10240,313344
61,31,12288,313344
61,65,12288,313344
61,31,13312,313344
61,62,15360,313344
61,62,16384,313344
25,25,1024,316416
25,25,2048,316416
25,25,3072,316416
25,27,4096,316416
25,64,5120,316416
25,64,6144,316416
25,80,6144,316416
25,64,7168,316416
25,31,9216,316416
25,65,9216,316416
25,31,10240,316416
25,62,12288,316416
25,62,13312,316416
25,65,14336,316416
25,25,1024,317440
25,25,2048,317440
25,27,3072,317440
25,64,4096,317440
25,64,5120,317440
25,80,5120,317440
25,64,6144,317440
25,31,8192,317440
25,65,8192,317440
25,31,9216,317440
25,62,11264,317440
25,62,12288,317440
25,65,13312,317440
25,30,14336,317440
25,25,1024,318464
25,27,2048,318464
25,64,3072,318464
25,64,4096,318464
25,80,4096,318464
25,64,5120,318464
25,31,7168,318464
25,65,7168,318464
25,31,8192,318464
25,62,10240,318464
25,62,11264,318464
25,65,12288,318464
25,30,13312,318464
25,48,14336,318464
25,27,1024,319488
25,64,2048,319488
25,64,3072,319488
25,80,3072,319488
25,64,4096,319488
25,31,6144,319488
25,65,6144,319488
25,31,7168,319488
25,62,9216,319488
25,62,10240,319488
25,65,11264,319488
25,30,12288,319488
25,48,13312,319488
25,31,14336,319488
27,64,1024,320512
27,64,2048,320512
27,80,2048,320512
27,64,3072,320512
27,31,5120,320512
27,65,5120,320512
27,31,6144,320512
27,62,8192,320512
27,62,9216,320512
27,65,10240,320512
27,30,11264,320512
27,48,12288,320512
27,31,13312,320512
27,63,13312,320512
64,64,1024,321536
64,80,1024,321536
64,64,2048,321536
64,31,4096,321536
64,65,4096,321536
64,31,5120,321536
64,62,7168,321536
64,62,8192,321536
64,65,9216,321536
64,30,10240,321536
64,48,11264,321536
64,31,12288,321536
64,63,12288,321536
64,47,13312,321536
64,80,0,322560
64,64,1024,322560
64,31,3072,322560
64,65,3072,322560
64,31,4096,322560
64,62,6144,322560
64,62,7168,322560
64,65,8192,322560
64,30,9216,322560
64,48,10240,322560
64,31,11264,322560
64,63,11264,322560
64,47,12288,322560
64,28,13312,322560
80,64,1024,322560
80,31,3072,322560
80,65,3072,322560
80,31,4096,322560
80,62,6144,322560
80,62,7168,322560
80,65,8192,322560
80,30,9216,322560
80,48,10240,322560
80,31,11264,322560
80,63,11264,322560
80,47,12288,322560
80,28,13312,322560
80,28,14336,322560
64,31,2048,323584
64,65,2048,323584
64,31,3072,323584
64,62,5120,323584
64,62,6144,323584
64,65,7168,323584
64,30,8192,323584
64,48,9216,323584
64,31,10240,323584
64,63,10240,323584
64,47,11264,323584
64,28,12288,323584
64,28,13312,323584
64,32,16384,323584
31,65,0,325632
31,31,1024,325632
31,62,3072,325632
31,62,4096,325632
31,65,5120,325632
31,30,6144,325632
31,48,7168,325632
31,31,8192,325632
31,63,8192,325632
31,47,9216,325632
31,28,10240,325632
31,28,11264,325632
31,32,14336,325632
65,31,1024,325632
65,62,3072,325632
65,62,4096,325632
65,65,5120,325632
65,30,6144,325632
65,48,7168,325632
65,31,8192,325632
65,63,8192,325632
65,47,9216,325632
65,28,10240,325632
65,28,11264,325632
65,32,14336,325632
31,62,2048,326656
31,62,3072,326656
31,65,4096,326656
31,30,5120,326656
31,48,6144,326656
31,31,7168,326656
31,63,7168,326656
31,47,8192,326656
31,28,9216,326656
31,28,10240,326656
31,32,13312,326656
62,62,1024,328704
62,65,2048,328704
62,30,3072,328704
62,48,4096,328704
62,31,5120,328704
62,63,5120,328704
62,47,6144,328704
62,28,7168,328704
62,28,8192,328704
62,32,11264,328704
62,65,1024,329728
62,30,2048,329728
62,48,3072,329728
62,31,4096,329728
62,63,4096,329728
62,47,5120,329728
62,28,6144,329728
62,28,7168,329728
62,32,10240,329728
65,30,1024,330752
65,48,2048,330752
65,31,3072,330752
65,63,3072,330752
65,47,4096,330752
65,28,5120,330752
65,28,6144,330752
65,32,9216,330752
30,48,1024,331776
30,31,2048,331776
30,63,2048,331776
30,47,3072,331776
30,28,4096,331776
30,28,5120,331776
30,32,8192,331776
48,31,1024,332800
48,63,1024,332800
48,47,2048,332800
48,28,3072,332800
48,28,4096,332800
48,32,7168,332800
31,63,0,333824
31,47,1024,333824
31,28,2048,333824
31,28,3072,333824
31,32,6144,333824
63,47,1024,333824
63,28,2048,333824
63,28,3072,333824
63,32,6144,333824
47,28,1024,334848
47,28,2048,334848
47,32,5120,334848
28,28,1024,335872
28,32,4096,335872
28,32,3072,336896
