66,63,1024,12288
66,20,3072,12288
66,62,3072,12288
66,21,4096,12288
66,26,5120,12288
66,44,6144,12288
66,36,7168,12288
66,37,8192,12288
66,36,12288,12288
66,56,12288,12288
66,36,13312,12288
66,54,13312,12288
66,70,14336,12288
66,54,18432,12288
63,20,2048,13312
63,62,2048,13312
63,21,3072,13312
63,26,4096,13312
63,44,5120,13312
63,36,6144,13312
63,37,7168,13312
63,36,11264,13312
63,56,11264,13312
63,36,12288,13312
63,54,12288,13312
63,70,13312,13312
63,54,17408,13312
63,70,20480,13312
20,62,0,15360
20,21,1024,15360
20,26,2048,15360
20,44,3072,15360
20,36,4096,15360
20,37,5120,15360
20,36,9216,15360
20,56,9216,15360
20,36,10240,15360
20,54,10240,15360
20,70,11264,15360
20,54,15360,15360
20,70,18432,15360
20,69,20480,15360
62,21,1024,15360
62,26,2048,15360
62,44,3072,15360
62,36,4096,15360
62,37,5120,15360
62,36,9216,15360
62,56,9216,15360
62,36,10240,15360
62,54,10240,15360
62,70,11264,15360
62,54,15360,15360
62,70,18432,15360
62,69,20480,15360
21,26,1024,16384
21,44,2048,16384
21,36,3072,16384
21,37,4096,16384
21,36,8192,16384
21,56,8192,16384
21,36,9216,16384
21,54,9216,16384
21,70,10240,16384
21,54,14336,16384
21,70,17408,16384
21,69,19456,16384
21,70,20480,16384
26,44,1024,17408
26,36,2048,17408
26,37,3072,17408
26,36,7168,17408
26,56,7168,17408
26,36,8192,17408
26,54,8192,17408
26,70,9216,17408
26,54,13312,17408
26,70,16384,17408
26,69,18432,17408
26,70,19456,17408
26,55,20480,17408
44,36,1024,18432
44,37,2048,18432
44,36,6144,18432
44,56,6144,18432
44,36,7168,18432
44,54,7168,18432
44,70,8192,18432
44,54,12288,18432
44,70,15360,18432
44,69,17408,18432
44,70,18432,18432
44,55,19456,18432
36,37,1024,19456
36,36,5120,19456
36,56,5120,19456
36,36,6144,19456
36,54,6144,19456
36,70,7168,19456
36,54,11264,19456
36,70,14336,19456
36,69,16384,19456
36,70,17408,19456
36,55,18432,19456
37,36,4096,20480
37,56,4096,20480
37,36,5120,20480
37,54,5120,20480
37,70,6144,20480
37,54,10240,20480
37,70,13312,20480
37,69,15360,20480
37,70,16384,20480
37,55,17408,20480
36,56,0,24576
36,36,1024,24576
36,54,1024,24576
36,70,2048,24576
36,54,6144,24576
36,70,9216,24576
36,69,11264,24576
36,70,12288,24576
36,55,13312,24576
36,20,17408,24576
36,45,18432,24576
36,20,20480,24576
56,36,1024,24576
56,54,1024,24576
56,70,2048,24576
56,54,6144,24576
56,70,9216,24576
56,69,11264,24576
56,70,12288,24576
56,55,13312,24576
56,20,17408,24576
56,45,18432,24576
56,20,20480,24576
36,54,0,25600
36,70,1024,25600
36,54,5120,25600
36,70,8192,25600
36,69,10240,25600
36,70,11264,25600
36,55,12288,25600
36,20,16384,25600
36,45,17408,25600
36,20,19456,25600
54,70,1024,25600
54,54,5120,25600
54,70,8192,25600
54,69,10240,25600
54,70,11264,25600
54,55,12288,25600
54,20,16384,25600
54,45,17408,25600
54,20,19456,25600
70,54,4096,26624
70,70,7168,26624
70,69,9216,26624
70,70,10240,26624
70,55,11264,26624
70,20,15360,26624
70,45,16384,26624
70,20,18432,26624
54,70,3072,30720
54,69,5120,30720
54,70,6144,30720
54,55,7168,30720
54,20,11264,30720
54,45,12288,30720
54,20,14336,30720
54,21,17408,30720
54,44,17408,30720
54,36,18432,30720
54,37,19456,30720
54,46,19456,30720
54,37,20480,30720
70,69,2048,33792
70,70,3072,33792
70,55,4096,33792
70,20,8192,33792
70,45,9216,33792
70,20,11264,33792
70,21,14336,33792
70,44,14336,33792
70,36,15360,33792
70,37,16384,33792
70,46,16384,33792
70,37,17408,33792
70,55,20480,33792
69,70,1024,35840
69,55,2048,35840
69,20,6144,35840
69,45,7168,35840
69,20,9216,35840
69,21,12288,35840
69,44,12288,35840
69,36,13312,35840
69,37,14336,35840
69,46,14336,35840
69,37,15360,35840
69,55,18432,35840
69,53,20480,35840
70,55,1024,36864
70,20,5120,36864
70,45,6144,36864
70,20,8192,36864
70,21,11264,36864
70,44,11264,36864
70,36,12288,36864
70,37,13312,36864
70,46,13312,36864
70,37,14336,36864
70,55,17408,36864
70,53,19456,36864
70,65,20480,36864
55,20,4096,37888
55,45,5120,37888
55,20,7168,37888
55,21,10240,37888
55,44,10240,37888
55,36,11264,37888
55,37,12288,37888
55,46,12288,37888
55,37,13312,37888
55,55,16384,37888
55,53,18432,37888
55,65,19456,37888
55,46,20480,37888
20,45,1024,41984
20,20,3072,41984
20,21,6144,41984
20,44,6144,41984
20,36,7168,41984
20,37,8192,41984
20,46,8192,41984
20,37,9216,41984
20,55,12288,41984
20,53,14336,41984
20,65,15360,41984
20,46,16384,41984
20,20,18432,41984
45,20,2048,43008
45,21,5120,43008
45,44,5120,43008
45,36,6144,43008
45,37,7168,43008
45,46,7168,43008
45,37,8192,43008
45,55,11264,43008
45,53,13312,43008
45,65,14336,43008
45,46,15360,43008
45,20,17408,43008
20,21,3072,45056
20,44,3072,45056
20,36,4096,45056
20,37,5120,45056
20,46,5120,45056
20,37,6144,45056
20,55,9216,45056
20,53,11264,45056
20,65,12288,45056
20,46,13312,45056
20,20,15360,45056
20,36,19456,45056
20,36,20480,45056
21,44,0,48128
21,36,1024,48128
21,37,2048,48128
21,46,2048,48128
21,37,3072,48128
21,55,6144,48128
21,53,8192,48128
21,65,9216,48128
21,46,10240,48128
21,20,12288,48128
21,36,16384,48128
21,36,17408,48128
21,37,18432,48128
44,36,1024,48128
44,37,2048,48128
44,46,2048,48128
44,37,3072,48128
44,55,6144,48128
44,53,8192,48128
44,65,9216,48128
44,46,10240,48128
44,20,12288,48128
44,36,16384,48128
44,36,17408,48128
44,37,18432,48128
36,37,1024,49152
36,46,1024,49152
36,37,2048,49152
36,55,5120,49152
36,53,7168,49152
36,65,8192,49152
36,46,9216,49152
36,20,11264,49152
36,36,15360,49152
36,36,16384,49152
36,37,17408,49152
36,56,20480,49152
37,46,0,50176
37,37,1024,50176
37,55,4096,50176
37,53,6144,50176
37,65,7168,50176
37,46,8192,50176
37,20,10240,50176
37,36,14336,50176
37,36,15360,50176
37,37,16384,50176
37,56,19456,50176
37,36,20480,50176
46,37,1024,50176
46,55,4096,50176
46,53,6144,50176
46,65,7168,50176
46,46,8192,50176
46,20,10240,50176
46,36,14336,50176
46,36,15360,50176
46,37,16384,50176
46,56,19456,50176
46,36,20480,50176
37,55,3072,51200
37,53,5120,51200
37,65,6144,51200
37,46,7168,51200
37,20,9216,51200
37,36,13312,51200
37,36,14336,51200
37,37,15360,51200
37,56,18432,51200
37,36,19456,51200
37,34,20480,51200
37,68,20480,51200
55,53,2048,54272
55,65,3072,54272
55,46,4096,54272
55,20,6144,54272
55,36,10240,54272
55,36,11264,54272
55,37,12288,54272
55,56,15360,54272
55,36,16384,54272
55,34,17408,54272
55,68,17408,54272
55,63,18432,54272
53,65,1024,56320
53,46,2048,56320
53,20,4096,56320
53,36,8192,56320
53,36,9216,56320
53,37,10240,56320
53,56,13312,56320
53,36,14336,56320
53,34,15360,56320
53,68,15360,56320
53,63,16384,56320
65,46,1024,57344
65,20,3072,57344
65,36,7168,57344
65,36,8192,57344
65,37,9216,57344
65,56,12288,57344
65,36,13312,57344
65,34,14336,57344
65,68,14336,57344
65,63,15360,57344
46,20,2048,58368
46,36,6144,58368
46,36,7168,58368
46,37,8192,58368
46,56,11264,58368
46,36,12288,58368
46,34,13312,58368
46,68,13312,58368
46,63,14336,58368
46,51,20480,58368
20,36,4096,60416
20,36,5120,60416
20,37,6144,60416
20,56,9216,60416
20,36,10240,60416
20,34,11264,60416
20,68,11264,60416
20,63,12288,60416
20,51,18432,60416
20,35,19456,60416
20,37,20480,60416
20,55,20480,60416
36,36,1024,64512
36,37,2048,64512
36,56,5120,64512
36,36,6144,64512
36,34,7168,64512
36,68,7168,64512
36,63,8192,64512
36,51,14336,64512
36,35,15360,64512
36,37,16384,64512
36,55,16384,64512
36,36,17408,64512
36,37,1024,65536
36,56,4096,65536
36,36,5120,65536
36,34,6144,65536
36,68,6144,65536
36,63,7168,65536
36,51,13312,65536
36,35,14336,65536
36,37,15360,65536
36,55,15360,65536
36,36,16384,65536
37,56,3072,66560
37,36,4096,66560
37,34,5120,66560
37,68,5120,66560
37,63,6144,66560
37,51,12288,66560
37,35,13312,66560
37,37,14336,66560
37,55,14336,66560
37,36,15360,66560
37,68,20480,66560
56,36,1024,69632
56,34,2048,69632
56,68,2048,69632
56,63,3072,69632
56,51,9216,69632
56,35,10240,69632
56,37,11264,69632
56,55,11264,69632
56,36,12288,69632
56,68,17408,69632
56,36,20480,69632
56,56,20480,69632
36,34,1024,70656
36,68,1024,70656
36,63,2048,70656
36,51,8192,70656
36,35,9216,70656
36,37,10240,70656
36,55,10240,70656
36,36,11264,70656
36,68,16384,70656
36,36,19456,70656
36,56,19456,70656
34,68,0,71680
34,63,1024,71680
34,51,7168,71680
34,35,8192,71680
34,37,9216,71680
34,55,9216,71680
34,36,10240,71680
34,68,15360,71680
34,36,18432,71680
34,56,18432,71680
68,63,1024,71680
68,51,7168,71680
68,35,8192,71680
68,37,9216,71680
68,55,9216,71680
68,36,10240,71680
68,68,15360,71680
68,36,18432,71680
68,56,18432,71680
63,51,6144,72704
63,35,7168,72704
63,37,8192,72704
63,55,8192,72704
63,36,9216,72704
63,68,14336,72704
63,36,17408,72704
63,56,17408,72704
51,35,1024,78848
51,37,2048,78848
51,55,2048,78848
51,36,3072,78848
51,68,8192,78848
51,36,11264,78848
51,56,11264,78848
51,36,15360,78848
51,36,16384,78848
51,55,16384,78848
51,46,17408,78848
35,37,1024,79872
35,55,1024,79872
35,36,2048,79872
35,68,7168,79872
35,36,10240,79872
35,56,10240,79872
35,36,14336,79872
35,36,15360,79872
35,55,15360,79872
35,46,16384,79872
37,55,0,80896
37,36,1024,80896
37,68,6144,80896
37,36,9216,80896
37,56,9216,80896
37,36,13312,80896
37,36,14336,80896
37,55,14336,80896
37,46,15360,80896
37,67,20480,80896
55,36,1024,80896
55,68,6144,80896
55,36,9216,80896
55,56,9216,80896
55,36,13312,80896
55,36,14336,80896
55,55,14336,80896
55,46,15360,80896
55,67,20480,80896
36,68,5120,81920
36,36,8192,81920
36,56,8192,81920
36,36,12288,81920
36,36,13312,81920
36,55,13312,81920
36,46,14336,81920
36,67,19456,81920
68,36,3072,87040
68,56,3072,87040
68,36,7168,87040
68,36,8192,87040
68,55,8192,87040
68,46,9216,87040
68,67,14336,87040
68,37,16384,87040
68,20,20480,87040
36,56,0,90112
36,36,4096,90112
36,36,5120,90112
36,55,5120,90112
36,46,6144,90112
36,67,11264,90112
36,37,13312,90112
36,20,17408,90112
36,49,18432,90112
36,37,20480,90112
56,36,4096,90112
56,36,5120,90112
56,55,5120,90112
56,46,6144,90112
56,67,11264,90112
56,37,13312,90112
56,20,17408,90112
56,49,18432,90112
56,37,20480,90112
36,36,1024,94208
36,55,1024,94208
36,46,2048,94208
36,67,7168,94208
36,37,9216,94208
36,20,13312,94208
36,49,14336,94208
36,37,16384,94208
36,36,17408,94208
36,55,20480,94208
36,55,0,95232
36,46,1024,95232
36,67,6144,95232
36,37,8192,95232
36,20,12288,95232
36,49,13312,95232
36,37,15360,95232
36,36,16384,95232
36,55,19456,95232
55,46,1024,95232
55,67,6144,95232
55,37,8192,95232
55,20,12288,95232
55,49,13312,95232
55,37,15360,95232
55,36,16384,95232
55,55,19456,95232
46,67,5120,96256
46,37,7168,96256
46,20,11264,96256
46,49,12288,96256
46,37,14336,96256
46,36,15360,96256
46,55,18432,96256
67,37,2048,101376
67,20,6144,101376
67,49,7168,101376
67,37,9216,101376
67,36,10240,101376
67,55,13312,101376
67,62,17408,101376
67,20,18432,101376
67,21,19456,101376
37,20,4096,103424
37,49,5120,103424
37,37,7168,103424
37,36,8192,103424
37,55,11264,103424
37,62,15360,103424
37,20,16384,103424
37,21,17408,103424
37,20,19456,103424
37,36,20480,103424
37,51,20480,103424
20,49,1024,107520
20,37,3072,107520
20,36,4096,107520
20,55,7168,107520
20,62,11264,107520
20,20,12288,107520
20,21,13312,107520
20,20,15360,107520
20,36,16384,107520
20,51,16384,107520
20,37,17408,107520
20,36,18432,107520
20,36,20480,107520
49,37,2048,108544
49,36,3072,108544
49,55,6144,108544
49,62,10240,108544
49,20,11264,108544
49,21,12288,108544
49,20,14336,108544
49,36,15360,108544
49,51,15360,108544
49,37,16384,108544
49,36,17408,108544
49,36,19456,108544
49,37,20480,108544
37,36,1024,110592
37,55,4096,110592
37,62,8192,110592
37,20,9216,110592
37,21,10240,110592
37,20,12288,110592
37,36,13312,110592
37,51,13312,110592
37,37,14336,110592
37,36,15360,110592
37,36,17408,110592
37,37,18432,110592
37,37,19456,110592
37,52,20480,110592
36,55,3072,111616
36,62,7168,111616
36,20,8192,111616
36,21,9216,111616
36,20,11264,111616
36,36,12288,111616
36,51,12288,111616
36,37,13312,111616
36,36,14336,111616
36,36,16384,111616
36,37,17408,111616
36,37,18432,111616
36,52,19456,111616
55,62,4096,114688
55,20,5120,114688
55,21,6144,114688
55,20,8192,114688
55,36,9216,114688
55,51,9216,114688
55,37,10240,114688
55,36,11264,114688
55,36,13312,114688
55,37,14336,114688
55,37,15360,114688
55,52,16384,114688
55,63,18432,114688
62,20,1024,118784
62,21,2048,118784
62,20,4096,118784
62,36,5120,118784
62,51,5120,118784
62,37,6144,118784
62,36,7168,118784
62,36,9216,118784
62,37,10240,118784
62,37,11264,118784
62,52,12288,118784
62,63,14336,118784
62,45,19456,118784
20,21,1024,119808
20,20,3072,119808
20,36,4096,119808
20,51,4096,119808
20,37,5120,119808
20,36,6144,119808
20,36,8192,119808
20,37,9216,119808
20,37,10240,119808
20,52,11264,119808
20,63,13312,119808
20,45,18432,119808
20,46,20480,119808
21,20,2048,120832
21,36,3072,120832
21,51,3072,120832
21,37,4096,120832
21,36,5120,120832
21,36,7168,120832
21,37,8192,120832
21,37,9216,120832
21,52,10240,120832
21,63,12288,120832
21,45,17408,120832
21,46,19456,120832
20,36,1024,122880
20,51,1024,122880
20,37,2048,122880
20,36,3072,122880
20,36,5120,122880
20,37,6144,122880
20,37,7168,122880
20,52,8192,122880
20,63,10240,122880
20,45,15360,122880
20,46,17408,122880
20,37,20480,122880
36,51,0,123904
36,37,1024,123904
36,36,2048,123904
36,36,4096,123904
36,37,5120,123904
36,37,6144,123904
36,52,7168,123904
36,63,9216,123904
36,45,14336,123904
36,46,16384,123904
36,37,19456,123904
51,37,1024,123904
51,36,2048,123904
51,36,4096,123904
51,37,5120,123904
51,37,6144,123904
51,52,7168,123904
51,63,9216,123904
51,45,14336,123904
51,46,16384,123904
51,37,19456,123904
37,36,1024,124928
37,36,3072,124928
37,37,4096,124928
37,37,5120,124928
37,52,6144,124928
37,63,8192,124928
37,45,13312,124928
37,46,15360,124928
37,37,18432,124928
36,36,2048,125952
36,37,3072,125952
36,37,4096,125952
36,52,5120,125952
36,63,7168,125952
36,45,12288,125952
36,46,14336,125952
36,37,17408,125952
36,69,20480,125952
36,37,1024,128000
36,37,2048,128000
36,52,3072,128000
36,63,5120,128000
36,45,10240,128000
36,46,12288,128000
36,37,15360,128000
36,69,18432,128000
37,37,1024,129024
37,52,2048,129024
37,63,4096,129024
37,45,9216,129024
37,46,11264,129024
37,37,14336,129024
37,69,17408,129024
37,36,20480,129024
37,55,20480,129024
37,52,1024,130048
37,63,3072,130048
37,45,8192,130048
37,46,10240,130048
37,37,13312,130048
37,69,16384,130048
37,36,19456,130048
37,55,19456,130048
37,54,20480,130048
52,63,2048,131072
52,45,7168,131072
52,46,9216,131072
52,37,12288,131072
52,69,15360,131072
52,36,18432,131072
52,55,18432,131072
52,54,19456,131072
63,45,5120,133120
63,46,7168,133120
63,37,10240,133120
63,69,13312,133120
63,36,16384,133120
63,55,16384,133120
63,54,17408,133120
45,46,2048,138240
45,37,5120,138240
45,69,8192,138240
45,36,11264,138240
45,55,11264,138240
45,54,12288,138240
45,55,16384,138240
45,56,20480,138240
46,37,3072,140288
46,69,6144,140288
46,36,9216,140288
46,55,9216,140288
46,54,10240,140288
46,55,14336,140288
46,56,18432,140288
46,37,19456,140288
46,37,20480,140288
46,62,20480,140288
37,69,3072,143360
37,36,6144,143360
37,55,6144,143360
37,54,7168,143360
37,55,11264,143360
37,56,15360,143360
37,37,16384,143360
37,37,17408,143360
37,62,17408,143360
37,37,18432,143360
37,55,18432,143360
37,36,19456,143360
69,36,3072,146432
69,55,3072,146432
69,54,4096,146432
69,55,8192,146432
69,56,12288,146432
69,37,13312,146432
69,37,14336,146432
69,62,14336,146432
69,37,15360,146432
69,55,15360,146432
69,36,16384,146432
36,55,0,149504
36,54,1024,149504
36,55,5120,149504
36,56,9216,149504
36,37,10240,149504
36,37,11264,149504
36,62,11264,149504
36,37,12288,149504
36,55,12288,149504
36,36,13312,149504
36,41,18432,149504
36,62,19456,149504
36,21,20480,149504
55,54,1024,149504
55,55,5120,149504
55,56,9216,149504
55,37,10240,149504
55,37,11264,149504
55,62,11264,149504
55,37,12288,149504
55,55,12288,149504
55,36,13312,149504
55,41,18432,149504
55,62,19456,149504
55,21,20480,149504
54,55,4096,150528
54,56,8192,150528
54,37,9216,150528
54,37,10240,150528
54,62,10240,150528
54,37,11264,150528
54,55,11264,150528
54,36,12288,150528
54,41,17408,150528
54,62,18432,150528
54,21,19456,150528
54,21,20480,150528
54,62,20480,150528
55,56,4096,154624
55,37,5120,154624
55,37,6144,154624
55,62,6144,154624
55,37,7168,154624
55,55,7168,154624
55,36,8192,154624
55,41,13312,154624
55,62,14336,154624
55,21,15360,154624
55,21,16384,154624
55,62,16384,154624
55,42,18432,154624
55,41,19456,154624
56,37,1024,158720
56,37,2048,158720
56,62,2048,158720
56,37,3072,158720
56,55,3072,158720
56,36,4096,158720
56,41,9216,158720
56,62,10240,158720
56,21,11264,158720
56,21,12288,158720
56,62,12288,158720
56,42,14336,158720
56,41,15360,158720
56,21,17408,158720
37,37,1024,159744
37,62,1024,159744
37,37,2048,159744
37,55,2048,159744
37,36,3072,159744
37,41,8192,159744
37,62,9216,159744
37,21,10240,159744
37,21,11264,159744
37,62,11264,159744
37,42,13312,159744
37,41,14336,159744
37,21,16384,159744
37,20,17408,159744
37,62,0,160768
37,37,1024,160768
37,55,1024,160768
37,36,2048,160768
37,41,7168,160768
37,62,8192,160768
37,21,9216,160768
37,21,10240,160768
37,62,10240,160768
37,42,12288,160768
37,41,13312,160768
37,21,15360,160768
37,20,16384,160768
37,62,16384,160768
62,37,1024,160768
62,55,1024,160768
62,36,2048,160768
62,41,7168,160768
62,62,8192,160768
62,21,9216,160768
62,21,10240,160768
62,62,10240,160768
62,42,12288,160768
62,41,13312,160768
62,21,15360,160768
62,20,16384,160768
62,62,16384,160768
62,21,17408,160768
37,55,0,161792
37,36,1024,161792
37,41,6144,161792
37,62,7168,161792
37,21,8192,161792
37,21,9216,161792
37,62,9216,161792
37,42,11264,161792
37,41,12288,161792
37,21,14336,161792
37,20,15360,161792
37,62,15360,161792
37,21,16384,161792
37,42,16384,161792
55,36,1024,161792
55,41,6144,161792
55,62,7168,161792
55,21,8192,161792
55,21,9216,161792
55,62,9216,161792
55,42,11264,161792
55,41,12288,161792
55,21,14336,161792
55,20,15360,161792
55,62,15360,161792
55,21,16384,161792
55,42,16384,161792
55,40,17408,161792
36,41,5120,162816
36,62,6144,162816
36,21,7168,162816
36,21,8192,162816
36,62,8192,162816
36,42,10240,162816
36,41,11264,162816
36,21,13312,162816
36,20,14336,162816
36,62,14336,162816
36,21,15360,162816
36,42,15360,162816
36,40,16384,162816
36,41,17408,162816
41,62,1024,167936
41,21,2048,167936
41,21,3072,167936
41,62,3072,167936
41,42,5120,167936
41,41,6144,167936
41,21,8192,167936
41,20,9216,167936
41,62,9216,167936
41,21,10240,167936
41,42,10240,167936
41,40,11264,167936
41,41,12288,167936
41,41,13312,167936
62,21,1024,168960
62,21,2048,168960
62,62,2048,168960
62,42,4096,168960
62,41,5120,168960
62,21,7168,168960
62,20,8192,168960
62,62,8192,168960
62,21,9216,168960
62,42,9216,168960
62,40,10240,168960
62,41,11264,168960
62,41,12288,168960
62,21,13312,168960
21,21,1024,169984
21,62,1024,169984
21,42,3072,169984
21,41,4096,169984
21,21,6144,169984
21,20,7168,169984
21,62,7168,169984
21,21,8192,169984
21,42,8192,169984
21,40,9216,169984
21,41,10240,169984
21,41,11264,169984
21,21,12288,169984
21,41,12288,169984
21,62,0,171008
21,42,2048,171008
21,41,3072,171008
21,21,5120,171008
21,20,6144,171008
21,62,6144,171008
21,21,7168,171008
21,42,7168,171008
21,40,8192,171008
21,41,9216,171008
21,41,10240,171008
21,21,11264,171008
21,41,11264,171008
21,21,12288,171008
62,42,2048,171008
62,41,3072,171008
62,21,5120,171008
62,20,6144,171008
62,62,6144,171008
62,21,7168,171008
62,42,7168,171008
62,40,8192,171008
62,41,9216,171008
62,41,10240,171008
62,21,11264,171008
62,41,11264,171008
62,21,12288,171008
62,42,12288,171008
42,41,1024,173056
42,21,3072,173056
42,20,4096,173056
42,62,4096,173056
42,21,5120,173056
42,42,5120,173056
42,40,6144,173056
42,41,7168,173056
42,41,8192,173056
42,21,9216,173056
42,41,9216,173056
42,21,10240,173056
42,42,10240,173056
42,21,11264,173056
41,21,2048,174080
41,20,3072,174080
41,62,3072,174080
41,21,4096,174080
41,42,4096,174080
41,40,5120,174080
41,41,6144,174080
41,41,7168,174080
41,21,8192,174080
41,41,8192,174080
41,21,9216,174080
41,42,9216,174080
41,21,10240,174080
41,41,11264,174080
21,20,1024,176128
21,62,1024,176128
21,21,2048,176128
21,42,2048,176128
21,40,3072,176128
21,41,4096,176128
21,41,5120,176128
21,21,6144,176128
21,41,6144,176128
21,21,7168,176128
21,42,7168,176128
21,21,8192,176128
21,41,9216,176128
21,21,10240,176128
20,62,0,177152
20,21,1024,177152
20,42,1024,177152
20,40,2048,177152
20,41,3072,177152
20,41,4096,177152
20,21,5120,177152
20,41,5120,177152
20,21,6144,177152
20,42,6144,177152
20,21,7168,177152
20,41,8192,177152
20,21,9216,177152
20,42,9216,177152
62,21,1024,177152
62,42,1024,177152
62,40,2048,177152
62,41,3072,177152
62,41,4096,177152
62,21,5120,177152
62,41,5120,177152
62,21,6144,177152
62,42,6144,177152
62,21,7168,177152
62,41,8192,177152
62,21,9216,177152
62,42,9216,177152
62,21,10240,177152
21,42,0,178176
21,40,1024,178176
21,41,2048,178176
21,41,3072,178176
21,21,4096,178176
21,41,4096,178176
21,21,5120,178176
21,42,5120,178176
21,21,6144,178176
21,41,7168,178176
21,21,8192,178176
21,42,8192,178176
21,21,9216,178176
21,41,9216,178176
42,40,1024,178176
42,41,2048,178176
42,41,3072,178176
42,21,4096,178176
42,41,4096,178176
42,21,5120,178176
42,42,5120,178176
42,21,6144,178176
42,41,7168,178176
42,21,8192,178176
42,42,8192,178176
42,21,9216,178176
42,41,9216,178176
42,21,10240,178176
40,41,1024,179200
40,41,2048,179200
40,21,3072,179200
40,41,3072,179200
40,21,4096,179200
40,42,4096,179200
40,21,5120,179200
40,41,6144,179200
40,21,7168,179200
40,42,7168,179200
40,21,8192,179200
40,41,8192,179200
40,21,9216,179200
40,41,9216,179200
41,41,1024,180224
41,21,2048,180224
41,41,2048,180224
41,21,3072,180224
41,42,3072,180224
41,21,4096,180224
41,41,5120,180224
41,21,6144,180224
41,42,6144,180224
41,21,7168,180224
41,41,7168,180224
41,21,8192,180224
41,41,8192,180224
41,20,9216,180224
41,21,1024,181248
41,41,1024,181248
41,21,2048,181248
41,42,2048,181248
41,21,3072,181248
41,41,4096,181248
41,21,5120,181248
41,42,5120,181248
41,21,6144,181248
41,41,6144,181248
41,21,7168,181248
41,41,7168,181248
41,20,8192,181248
41,41,8192,181248
21,41,0,182272
21,21,1024,182272
21,42,1024,182272
21,21,2048,182272
21,41,3072,182272
21,21,4096,182272
21,42,4096,182272
21,21,5120,182272
21,41,5120,182272
21,21,6144,182272
21,41,6144,182272
21,20,7168,182272
21,41,7168,182272
21,21,8192,182272
41,21,1024,182272
41,42,1024,182272
41,21,2048,182272
41,41,3072,182272
41,21,4096,182272
41,42,4096,182272
41,21,5120,182272
41,41,5120,182272
41,21,6144,182272
41,41,6144,182272
41,20,7168,182272
41,41,7168,182272
41,21,8192,182272
41,40,8192,182272
21,42,0,183296
21,21,1024,183296
21,41,2048,183296
21,21,3072,183296
21,42,3072,183296
21,21,4096,183296
21,41,4096,183296
21,21,5120,183296
21,41,5120,183296
21,20,6144,183296
21,41,6144,183296
21,21,7168,183296
21,40,7168,183296
21,21,8192,183296
42,21,1024,183296
42,41,2048,183296
42,21,3072,183296
42,42,3072,183296
42,21,4096,183296
42,41,4096,183296
42,21,5120,183296
42,41,5120,183296
42,20,6144,183296
42,41,6144,183296
42,21,7168,183296
42,40,7168,183296
42,21,8192,183296
42,21,9216,183296
21,41,1024,184320
21,21,2048,184320
21,42,2048,184320
21,21,3072,184320
21,41,3072,184320
21,21,4096,184320
21,41,4096,184320
21,20,5120,184320
21,41,5120,184320
21,21,6144,184320
21,40,6144,184320
21,21,7168,184320
21,21,8192,184320
21,40,8192,184320
41,21,1024,185344
41,42,1024,185344
41,21,2048,185344
41,41,2048,185344
41,21,3072,185344
41,41,3072,185344
41,20,4096,185344
41,41,4096,185344
41,21,5120,185344
41,40,5120,185344
41,21,6144,185344
41,21,7168,185344
41,40,7168,185344
41,41,11264,185344
21,42,0,186368
21,21,1024,186368
21,41,1024,186368
21,21,2048,186368
21,41,2048,186368
21,20,3072,186368
21,41,3072,186368
21,21,4096,186368
21,40,4096,186368
21,21,5120,186368
21,21,6144,186368
21,40,6144,186368
21,41,10240,186368
21,41,11264,186368
42,21,1024,186368
42,41,1024,186368
42,21,2048,186368
42,41,2048,186368
42,20,3072,186368
42,41,3072,186368
42,21,4096,186368
42,40,4096,186368
42,21,5120,186368
42,21,6144,186368
42,40,6144,186368
42,41,10240,186368
42,41,11264,186368
42,39,12288,186368
21,41,0,187392
21,21,1024,187392
21,41,1024,187392
21,20,2048,187392
21,41,2048,187392
21,21,3072,187392
21,40,3072,187392
21,21,4096,187392
21,21,5120,187392
21,40,5120,187392
21,41,9216,187392
21,41,10240,187392
21,39,11264,187392
21,40,11264,187392
41,21,1024,187392
41,41,1024,187392
41,20,2048,187392
41,41,2048,187392
41,21,3072,187392
41,40,3072,187392
41,21,4096,187392
41,21,5120,187392
41,40,5120,187392
41,41,9216,187392
41,41,10240,187392
41,39,11264,187392
41,40,11264,187392
41,20,12288,187392
21,41,0,188416
21,20,1024,188416
21,41,1024,188416
21,21,2048,188416
21,40,2048,188416
21,21,3072,188416
21,21,4096,188416
21,40,4096,188416
21,41,8192,188416
21,41,9216,188416
21,39,10240,188416
21,40,10240,188416
21,20,11264,188416
21,41,11264,188416
41,20,1024,188416
41,41,1024,188416
41,21,2048,188416
41,40,2048,188416
41,21,3072,188416
41,21,4096,188416
41,40,4096,188416
41,41,8192,188416
41,41,9216,188416
41,39,10240,188416
41,40,10240,188416
41,20,11264,188416
41,41,11264,188416
41,37,12288,188416
20,41,0,189440
20,21,1024,189440
20,40,1024,189440
20,21,2048,189440
20,21,3072,189440
20,40,3072,189440
20,41,7168,189440
20,41,8192,189440
20,39,9216,189440
20,40,9216,189440
20,20,10240,189440
20,41,10240,189440
20,37,11264,189440
20,41,11264,189440
41,21,1024,189440
41,40,1024,189440
41,21,2048,189440
41,21,3072,189440
41,40,3072,189440
41,41,7168,189440
41,41,8192,189440
41,39,9216,189440
41,40,9216,189440
41,20,10240,189440
41,41,10240,189440
41,37,11264,189440
41,41,11264,189440
41,38,12288,189440
21,40,0,190464
21,21,1024,190464
21,21,2048,190464
21,40,2048,190464
21,41,6144,190464
21,41,7168,190464
21,39,8192,190464
21,40,8192,190464
21,20,9216,190464
21,41,9216,190464
21,37,10240,190464
21,41,10240,190464
21,38,11264,190464
21,21,12288,190464
40,21,1024,190464
40,21,2048,190464
40,40,2048,190464
40,41,6144,190464
40,41,7168,190464
40,39,8192,190464
40,40,8192,190464
40,20,9216,190464
40,41,9216,190464
40,37,10240,190464
40,41,10240,190464
40,38,11264,190464
40,21,12288,190464
40,20,13312,190464
21,21,1024,191488
21,40,1024,191488
21,41,5120,191488
21,41,6144,191488
21,39,7168,191488
21,40,7168,191488
21,20,8192,191488
21,41,8192,191488
21,37,9216,191488
21,41,9216,191488
21,38,10240,191488
21,21,11264,191488
21,20,12288,191488
21,21,13312,191488
21,40,0,192512
21,41,4096,192512
21,41,5120,192512
21,39,6144,192512
21,40,6144,192512
21,20,7168,192512
21,41,7168,192512
21,37,8192,192512
21,41,8192,192512
21,38,9216,192512
21,21,10240,192512
21,20,11264,192512
21,21,12288,192512
21,20,13312,192512
40,41,4096,192512
40,41,5120,192512
40,39,6144,192512
40,40,6144,192512
40,20,7168,192512
40,41,7168,192512
40,37,8192,192512
40,41,8192,192512
40,38,9216,192512
40,21,10240,192512
40,20,11264,192512
40,21,12288,192512
40,20,13312,192512
40,38,16384,192512
41,41,1024,196608
41,39,2048,196608
41,40,2048,196608
41,20,3072,196608
41,41,3072,196608
41,37,4096,196608
41,41,4096,196608
41,38,5120,196608
41,21,6144,196608
41,20,7168,196608
41,21,8192,196608
41,20,9216,196608
41,38,12288,196608
41,71,12288,196608
41,39,1024,197632
41,40,1024,197632
41,20,2048,197632
41,41,2048,197632
41,37,3072,197632
41,41,3072,197632
41,38,4096,197632
41,21,5120,197632
41,20,6144,197632
41,21,7168,197632
41,20,8192,197632
41,38,11264,197632
41,71,11264,197632
41,42,12288,197632
39,40,0,198656
39,20,1024,198656
39,41,1024,198656
39,37,2048,198656
39,41,2048,198656
39,38,3072,198656
39,21,4096,198656
39,20,5120,198656
39,21,6144,198656
39,20,7168,198656
39,38,10240,198656
39,71,10240,198656
39,42,11264,198656
39,70,13312,198656
40,20,1024,198656
40,41,1024,198656
40,37,2048,198656
40,41,2048,198656
40,38,3072,198656
40,21,4096,198656
40,20,5120,198656
40,21,6144,198656
40,20,7168,198656
40,38,10240,198656
40,71,10240,198656
40,42,11264,198656
40,70,13312,198656
40,70,14336,198656
20,41,0,199680
20,37,1024,199680
20,41,1024,199680
20,38,2048,199680
20,21,3072,199680
20,20,4096,199680
20,21,5120,199680
20,20,6144,199680
20,38,9216,199680
20,71,9216,199680
20,42,10240,199680
20,70,12288,199680
20,70,13312,199680
20,141,13312,199680
41,37,1024,199680
41,41,1024,199680
41,38,2048,199680
41,21,3072,199680
41,20,4096,199680
41,21,5120,199680
41,20,6144,199680
41,38,9216,199680
41,71,9216,199680
41,42,10240,199680
41,70,12288,199680
41,70,13312,199680
41,141,13312,199680
41,69,14336,199680
37,41,0,200704
37,38,1024,200704
37,21,2048,200704
37,20,3072,200704
37,21,4096,200704
37,20,5120,200704
37,38,8192,200704
37,71,8192,200704
37,42,9216,200704
37,70,11264,200704
37,70,12288,200704
37,141,12288,200704
37,69,13312,200704
37,115,13312,200704
41,38,1024,200704
41,21,2048,200704
41,20,3072,200704
41,21,4096,200704
41,20,5120,200704
41,38,8192,200704
41,71,8192,200704
41,42,9216,200704
41,70,11264,200704
41,70,12288,200704
41,141,12288,200704
41,69,13312,200704
41,115,13312,200704
41,46,14336,200704
38,21,1024,201728
38,20,2048,201728
38,21,3072,201728
38,20,4096,201728
38,38,7168,201728
38,71,7168,201728
38,42,8192,201728
38,70,10240,201728
38,70,11264,201728
38,141,11264,201728
38,69,12288,201728
38,115,12288,201728
38,46,13312,201728
38,70,14336,201728
21,20,1024,202752
21,21,2048,202752
21,20,3072,202752
21,38,6144,202752
21,71,6144,202752
21,42,7168,202752
21,70,9216,202752
21,70,10240,202752
21,141,10240,202752
21,69,11264,202752
21,115,11264,202752
21,46,12288,202752
21,70,13312,202752
21,46,14336,202752
20,21,1024,203776
20,20,2048,203776
20,38,5120,203776
20,71,5120,203776
20,42,6144,203776
20,70,8192,203776
20,70,9216,203776
20,141,9216,203776
20,69,10240,203776
20,115,10240,203776
20,46,11264,203776
20,70,12288,203776
20,46,13312,203776
20,46,14336,203776
21,20,1024,204800
21,38,4096,204800
21,71,4096,204800
21,42,5120,204800
21,70,7168,204800
21,70,8192,204800
21,141,8192,204800
21,69,9216,204800
21,115,9216,204800
21,46,10240,204800
21,70,11264,204800
21,46,12288,204800
21,46,13312,204800
21,46,14336,204800
20,38,3072,205824
20,71,3072,205824
20,42,4096,205824
20,70,6144,205824
20,70,7168,205824
20,141,7168,205824
20,69,8192,205824
20,115,8192,205824
20,46,9216,205824
20,70,10240,205824
20,46,11264,205824
20,46,12288,205824
20,46,13312,205824
20,48,14336,205824
38,71,0,208896
38,42,1024,208896
38,70,3072,208896
38,70,4096,208896
38,141,4096,208896
38,69,5120,208896
38,115,5120,208896
38,46,6144,208896
38,70,7168,208896
38,46,8192,208896
38,46,9216,208896
38,46,10240,208896
38,48,11264,208896
38,46,13312,208896
71,42,1024,208896
71,70,3072,208896
71,70,4096,208896
71,141,4096,208896
71,69,5120,208896
71,115,5120,208896
71,46,6144,208896
71,70,7168,208896
71,46,8192,208896
71,46,9216,208896
71,46,10240,208896
71,48,11264,208896
71,46,13312,208896
71,42,14336,208896
42,70,2048,209920
42,70,3072,209920
42,141,3072,209920
42,69,4096,209920
42,115,4096,209920
42,46,5120,209920
42,70,6144,209920
42,46,7168,209920
42,46,8192,209920
42,46,9216,209920
42,48,10240,209920
42,46,12288,209920
42,42,13312,209920
42,24,14336,209920
70,70,1024,211968
70,141,1024,211968
70,69,2048,211968
70,115,2048,211968
70,46,3072,211968
70,70,4096,211968
70,46,5120,211968
70,46,6144,211968
70,46,7168,211968
70,48,8192,211968
70,46,10240,211968
70,42,11264,211968
70,24,12288,211968
70,52,14336,211968
70,141,0,212992
70,69,1024,212992
70,115,1024,212992
70,46,2048,212992
70,70,3072,212992
70,46,4096,212992
70,46,5120,212992
70,46,6144,212992
70,48,7168,212992
70,46,9216,212992
70,42,10240,212992
70,24,11264,212992
70,52,13312,212992
70,48,14336,212992
141,69,1024,212992
141,115,1024,212992
141,46,2048,212992
141,70,3072,212992
141,46,4096,212992
141,46,5120,212992
141,46,6144,212992
141,48,7168,212992
141,46,9216,212992
141,42,10240,212992
141,24,11264,212992
141,52,13312,212992
141,48,14336,212992
141,52,15360,212992
69,115,0,214016
69,46,1024,214016
69,70,2048,214016
69,46,3072,214016
69,46,4096,214016
69,46,5120,214016
69,48,6144,214016
69,46,8192,214016
69,42,9216,214016
69,24,10240,214016
69,52,12288,214016
69,48,13312,214016
69,52,14336,214016
69,52,15360,214016
115,46,1024,214016
115,70,2048,214016
115,46,3072,214016
115,46,4096,214016
115,46,5120,214016
115,48,6144,214016
115,46,8192,214016
115,42,9216,214016
115,24,10240,214016
115,52,12288,214016
115,48,13312,214016
115,52,14336,214016
115,52,15360,214016
115,51,16384,214016
46,70,1024,215040
46,46,2048,215040
46,46,3072,215040
46,46,4096,215040
46,48,5120,215040
46,46,7168,215040
46,42,8192,215040
46,24,9216,215040
46,52,11264,215040
46,48,12288,215040
46,52,13312,215040
46,52,14336,215040
46,51,15360,215040
46,51,16384,215040
70,46,1024,216064
70,46,2048,216064
70,46,3072,216064
70,48,4096,216064
70,46,6144,216064
70,42,7168,216064
70,24,8192,216064
70,52,10240,216064
70,48,11264,216064
70,52,12288,216064
70,52,13312,216064
70,51,14336,216064
70,51,15360,216064
70,51,16384,216064
46,46,1024,217088
46,46,2048,217088
46,48,3072,217088
46,46,5120,217088
46,42,6144,217088
46,24,7168,217088
46,52,9216,217088
46,48,10240,217088
46,52,11264,217088
46,52,12288,217088
46,51,13312,217088
46,51,14336,217088
46,51,15360,217088
46,52,16384,217088
46,46,1024,218112
46,48,2048,218112
46,46,4096,218112
46,42,5120,218112
46,24,6144,218112
46,52,8192,218112
46,48,9216,218112
46,52,10240,218112
46,52,11264,218112
46,51,12288,218112
46,51,13312,218112
46,51,14336,218112
46,52,15360,218112
46,52,16384,218112
46,48,1024,219136
46,46,3072,219136
46,42,4096,219136
46,24,5120,219136
46,52,7168,219136
46,48,8192,219136
46,52,9216,219136
46,52,10240,219136
46,51,11264,219136
46,51,12288,219136
46,51,13312,219136
46,52,14336,219136
46,52,15360,219136
46,51,16384,219136
48,46,2048,220160
48,42,3072,220160
48,24,4096,220160
48,52,6144,220160
48,48,7168,220160
48,52,8192,220160
48,52,9216,220160
48,51,10240,220160
48,51,11264,220160
48,51,12288,220160
48,52,13312,220160
48,52,14336,220160
48,51,15360,220160
48,52,16384,220160
46,42,1024,222208
46,24,2048,222208
46,52,4096,222208
46,48,5120,222208
46,52,6144,222208
46,52,7168,222208
46,51,8192,222208
46,51,9216,222208
46,51,10240,222208
46,52,11264,222208
46,52,12288,222208
46,51,13312,222208
46,52,14336,222208
46,52,15360,222208
42,24,1024,223232
42,52,3072,223232
42,48,4096,223232
42,52,5120,223232
42,52,6144,223232
42,51,7168,223232
42,51,8192,223232
42,51,9216,223232
42,52,10240,223232
42,52,11264,223232
42,51,12288,223232
42,52,13312,223232
42,52,14336,223232
42,52,15360,223232
24,52,2048,224256
24,48,3072,224256
24,52,4096,224256
24,52,5120,224256
24,51,6144,224256
24,51,7168,224256
24,51,8192,224256
24,52,9216,224256
24,52,10240,224256
24,51,11264,224256
24,52,12288,224256
24,52,13312,224256
24,52,14336,224256
24,52,15360,224256
52,48,1024,226304
52,52,2048,226304
52,52,3072,226304
52,51,4096,226304
52,51,5120,226304
52,51,6144,226304
52,52,7168,226304
52,52,8192,226304
52,51,9216,226304
52,52,10240,226304
52,52,11264,226304
52,52,12288,226304
52,52,13312,226304
52,52,14336,226304
48,52,1024,227328
48,52,2048,227328
48,51,3072,227328
48,51,4096,227328
48,51,5120,227328
48,52,6144,227328
48,52,7168,227328
48,51,8192,227328
48,52,9216,227328
48,52,10240,227328
48,52,11264,227328
48,52,12288,227328
48,52,13312,227328
48,26,14336,227328
52,52,1024,228352
52,51,2048,228352
52,51,3072,228352
52,51,4096,228352
52,52,5120,228352
52,52,6144,228352
52,51,7168,228352
52,52,8192,228352
52,52,9216,228352
52,52,10240,228352
52,52,11264,228352
52,52,12288,228352
52,26,13312,228352
52,51,13312,228352
52,51,1024,229376
52,51,2048,229376
52,51,3072,229376
52,52,4096,229376
52,52,5120,229376
52,51,6144,229376
52,52,7168,229376
52,52,8192,229376
52,52,9216,229376
52,52,10240,229376
52,52,11264,229376
52,26,12288,229376
52,51,12288,229376
52,52,13312,229376
51,51,1024,230400
51,51,2048,230400
51,52,3072,230400
51,52,4096,230400
51,51,5120,230400
51,52,6144,230400
51,52,7168,230400
51,52,8192,230400
51,52,9216,230400
51,52,10240,230400
51,26,11264,230400
51,51,11264,230400
51,52,12288,230400
51,52,14336,230400
51,51,1024,231424
51,52,2048,231424
51,52,3072,231424
51,51,4096,231424
51,52,5120,231424
51,52,6144,231424
51,52,7168,231424
51,52,8192,231424
51,52,9216,231424
51,26,10240,231424
51,51,10240,231424
51,52,11264,231424
51,52,13312,231424
51,52,14336,231424
51,52,1024,232448
51,52,2048,232448
51,51,3072,232448
51,52,4096,232448
51,52,5120,232448
51,52,6144,232448
51,52,7168,232448
51,52,8192,232448
51,26,9216,232448
51,51,9216,232448
51,52,10240,232448
51,52,12288,232448
51,52,13312,232448
51,52,14336,232448
52,52,1024,233472
52,51,2048,233472
52,52,3072,233472
52,52,4096,233472
52,52,5120,233472
52,52,6144,233472
52,52,7168,233472
52,26,8192,233472
52,51,8192,233472
52,52,9216,233472
52,52,11264,233472
52,52,12288,233472
52,52,13312,233472
52,52,14336,233472
52,51,1024,234496
52,52,2048,234496
52,52,3072,234496
52,52,4096,234496
52,52,5120,234496
52,52,6144,234496
52,26,7168,234496
52,51,7168,234496
52,52,8192,234496
52,52,10240,234496
52,52,11264,234496
52,52,12288,234496
52,52,13312,234496
52,52,14336,234496
51,52,1024,235520
51,52,2048,235520
51,52,3072,235520
51,52,4096,235520
51,52,5120,235520
51,26,6144,235520
51,51,6144,235520
51,52,7168,235520
51,52,9216,235520
51,52,10240,235520
51,52,11264,235520
51,52,12288,235520
51,52,13312,235520
51,52,14336,235520
52,52,1024,236544
52,52,2048,236544
52,52,3072,236544
52,52,4096,236544
52,26,5120,236544
52,51,5120,236544
52,52,6144,236544
52,52,8192,236544
52,52,9216,236544
52,52,10240,236544
52,52,11264,236544
52,52,12288,236544
52,52,13312,236544
52,52,14336,236544
52,52,1024,237568
52,52,2048,237568
52,52,3072,237568
52,26,4096,237568
52,51,4096,237568
52,52,5120,237568
52,52,7168,237568
52,52,8192,237568
52,52,9216,237568
52,52,10240,237568
52,52,11264,237568
52,52,12288,237568
52,52,13312,237568
52,38,14336,237568
52,52,1024,238592
52,52,2048,238592
52,26,3072,238592
52,51,3072,238592
52,52,4096,238592
52,52,6144,238592
52,52,7168,238592
52,52,8192,238592
52,52,9216,238592
52,52,10240,238592
52,52,11264,238592
52,52,12288,238592
52,38,13312,238592
52,51,13312,238592
52,52,1024,239616
52,26,2048,239616
52,51,2048,239616
52,52,3072,239616
52,52,5120,239616
52,52,6144,239616
52,52,7168,239616
52,52,8192,239616
52,52,9216,239616
52,52,10240,239616
52,52,11264,239616
52,38,12288,239616
52,51,12288,239616
52,52,13312,239616
52,26,1024,240640
52,51,1024,240640
52,52,2048,240640
52,52,4096,240640
52,52,5120,240640
52,52,6144,240640
52,52,7168,240640
52,52,8192,240640
52,52,9216,240640
52,52,10240,240640
52,38,11264,240640
52,51,11264,240640
52,52,12288,240640
52,52,13312,240640
26,51,0,241664
26,52,1024,241664
26,52,3072,241664
26,52,4096,241664
26,52,5120,241664
26,52,6144,241664
26,52,7168,241664
26,52,8192,241664
26,52,9216,241664
26,38,10240,241664
26,51,10240,241664
26,52,11264,241664
26,52,12288,241664
26,52,13312,241664
51,52,1024,241664
51,52,3072,241664
51,52,4096,241664
51,52,5120,241664
51,52,6144,241664
51,52,7168,241664
51,52,8192,241664
51,52,9216,241664
51,38,10240,241664
51,51,10240,241664
51,52,11264,241664
51,52,12288,241664
51,52,13312,241664
51,156,13312,241664
52,52,2048,242688
52,52,3072,242688
52,52,4096,242688
52,52,5120,242688
52,52,6144,242688
52,52,7168,242688
52,52,8192,242688
52,38,9216,242688
52,51,9216,242688
52,52,10240,242688
52,52,11264,242688
52,52,12288,242688
52,156,12288,242688
52,51,13312,242688
52,52,1024,244736
52,52,2048,244736
52,52,3072,244736
52,52,4096,244736
52,52,5120,244736
52,52,6144,244736
52,38,7168,244736
52,51,7168,244736
52,52,8192,244736
52,52,9216,244736
52,52,10240,244736
52,156,10240,244736
52,51,11264,244736
52,50,13312,244736
52,52,1024,245760
52,52,2048,245760
52,52,3072,245760
52,52,4096,245760
52,52,5120,245760
52,38,6144,245760
52,51,6144,245760
52,52,7168,245760
52,52,8192,245760
52,52,9216,245760
52,156,9216,245760
52,51,10240,245760
52,50,12288,245760
52,154,12288,245760
52,52,1024,246784
52,52,2048,246784
52,52,3072,246784
52,52,4096,246784
52,38,5120,246784
52,51,5120,246784
52,52,6144,246784
52,52,7168,246784
52,52,8192,246784
52,156,8192,246784
52,51,9216,246784
52,50,11264,246784
52,154,11264,246784
52,52,14336,246784
52,52,1024,247808
52,52,2048,247808
52,52,3072,247808
52,38,4096,247808
52,51,4096,247808
52,52,5120,247808
52,52,6144,247808
52,52,7168,247808
52,156,7168,247808
52,51,8192,247808
52,50,10240,247808
52,154,10240,247808
52,52,13312,247808
52,52,14336,247808
52,52,1024,248832
52,52,2048,248832
52,38,3072,248832
52,51,3072,248832
52,52,4096,248832
52,52,5120,248832
52,52,6144,248832
52,156,6144,248832
52,51,7168,248832
52,50,9216,248832
52,154,9216,248832
52,52,12288,248832
52,52,13312,248832
52,52,14336,248832
52,52,1024,249856
52,38,2048,249856
52,51,2048,249856
52,52,3072,249856
52,52,4096,249856
52,52,5120,249856
52,156,5120,249856
52,51,6144,249856
52,50,8192,249856
52,154,8192,249856
52,52,11264,249856
52,52,12288,249856
52,52,13312,249856
52,49,15360,249856
52,38,1024,250880
52,51,1024,250880
52,52,2048,250880
52,52,3072,250880
52,52,4096,250880
52,156,4096,250880
52,51,5120,250880
52,50,7168,250880
52,154,7168,250880
52,52,10240,250880
52,52,11264,250880
52,52,12288,250880
52,49,14336,250880
52,49,15360,250880
38,51,0,251904
38,52,1024,251904
38,52,2048,251904
38,52,3072,251904
38,156,3072,251904
38,51,4096,251904
38,50,6144,251904
38,154,6144,251904
38,52,9216,251904
38,52,10240,251904
38,52,11264,251904
38,49,13312,251904
38,49,14336,251904
38,54,18432,251904
51,52,1024,251904
51,52,2048,251904
51,52,3072,251904
51,156,3072,251904
51,51,4096,251904
51,50,6144,251904
51,154,6144,251904
51,52,9216,251904
51,52,10240,251904
51,52,11264,251904
51,49,13312,251904
51,49,14336,251904
51,54,18432,251904
51,81,18432,251904
52,52,1024,252928
52,52,2048,252928
52,156,2048,252928
52,51,3072,252928
52,50,5120,252928
52,154,5120,252928
52,52,8192,252928
52,52,9216,252928
52,52,10240,252928
52,49,12288,252928
52,49,13312,252928
52,54,17408,252928
52,81,17408,252928
52,55,18432,252928
52,52,1024,253952
52,156,1024,253952
52,51,2048,253952
52,50,4096,253952
52,154,4096,253952
52,52,7168,253952
52,52,8192,253952
52,52,9216,253952
52,49,11264,253952
52,49,12288,253952
52,54,16384,253952
52,81,16384,253952
52,55,17408,253952
52,80,17408,253952
52,156,0,254976
52,51,1024,254976
52,50,3072,254976
52,154,3072,254976
52,52,6144,254976
52,52,7168,254976
52,52,8192,254976
52,49,10240,254976
52,49,11264,254976
52,54,15360,254976
52,81,15360,254976
52,55,16384,254976
52,80,16384,254976
52,78,17408,254976
156,51,1024,254976
156,50,3072,254976
156,154,3072,254976
156,52,6144,254976
156,52,7168,254976
156,52,8192,254976
156,49,10240,254976
156,49,11264,254976
156,54,15360,254976
156,81,15360,254976
156,55,16384,254976
156,80,16384,254976
156,78,17408,254976
156,76,18432,254976
51,50,2048,256000
51,154,2048,256000
51,52,5120,256000
51,52,6144,256000
51,52,7168,256000
51,49,9216,256000
51,49,10240,256000
51,54,14336,256000
51,81,14336,256000
51,55,15360,256000
51,80,15360,256000
51,78,16384,256000
51,76,17408,256000
51,71,18432,256000
50,154,0,258048
50,52,3072,258048
50,52,4096,258048
50,52,5120,258048
50,49,7168,258048
50,49,8192,258048
50,54,12288,258048
50,81,12288,258048
50,55,13312,258048
50,80,13312,258048
50,78,14336,258048
50,76,15360,258048
50,71,16384,258048
50,22,17408,258048
154,52,3072,258048
154,52,4096,258048
154,52,5120,258048
154,49,7168,258048
154,49,8192,258048
154,54,12288,258048
154,81,12288,258048
154,55,13312,258048
154,80,13312,258048
154,78,14336,258048
154,76,15360,258048
154,71,16384,258048
154,22,17408,258048
154,20,18432,258048
52,52,1024,261120
52,52,2048,261120
52,49,4096,261120
52,49,5120,261120
52,54,9216,261120
52,81,9216,261120
52,55,10240,261120
52,80,10240,261120
52,78,11264,261120
52,76,12288,261120
52,71,13312,261120
52,22,14336,261120
52,20,15360,261120
52,50,17408,261120
52,52,1024,262144
52,49,3072,262144
52,49,4096,262144
52,54,8192,262144
52,81,8192,262144
52,55,9216,262144
52,80,9216,262144
52,78,10240,262144
52,76,11264,262144
52,71,12288,262144
52,22,13312,262144
52,20,14336,262144
52,50,16384,262144
52,44,17408,262144
52,49,2048,263168
52,49,3072,263168
52,54,7168,263168
52,81,7168,263168
52,55,8192,263168
52,80,8192,263168
52,78,9216,263168
52,76,10240,263168
52,71,11264,263168
52,22,12288,263168
52,20,13312,263168
52,50,15360,263168
52,44,16384,263168
52,37,17408,263168
49,49,1024,265216
49,54,5120,265216
49,81,5120,265216
49,55,6144,265216
49,80,6144,265216
49,78,7168,265216
49,76,8192,265216
49,71,9216,265216
49,22,10240,265216
49,20,11264,265216
49,50,13312,265216
49,44,14336,265216
49,37,15360,265216
49,55,15360,265216
49,54,4096,266240
49,81,4096,266240
49,55,5120,266240
49,80,5120,266240
49,78,6144,266240
49,76,7168,266240
49,71,8192,266240
49,22,9216,266240
49,20,10240,266240
49,50,12288,266240
49,44,13312,266240
49,37,14336,266240
49,55,14336,266240
49,62,15360,266240
54,81,0,270336
54,55,1024,270336
54,80,1024,270336
54,78,2048,270336
54,76,3072,270336
54,71,4096,270336
54,22,5120,270336
54,20,6144,270336
54,50,8192,270336
54,44,9216,270336
54,37,10240,270336
54,55,10240,270336
54,62,11264,270336
54,72,12288,270336
81,55,1024,270336
81,80,1024,270336
81,78,2048,270336
81,76,3072,270336
81,71,4096,270336
81,22,5120,270336
81,20,6144,270336
81,50,8192,270336
81,44,9216,270336
81,37,10240,270336
81,55,10240,270336
81,62,11264,270336
81,72,12288,270336
81,42,13312,270336
55,80,0,271360
55,78,1024,271360
55,76,2048,271360
55,71,3072,271360
55,22,4096,271360
55,20,5120,271360
55,50,7168,271360
55,44,8192,271360
55,37,9216,271360
55,55,9216,271360
55,62,10240,271360
55,72,11264,271360
55,42,12288,271360
55,37,16384,271360
80,78,1024,271360
80,76,2048,271360
80,71,3072,271360
80,22,4096,271360
80,20,5120,271360
80,50,7168,271360
80,44,8192,271360
80,37,9216,271360
80,55,9216,271360
80,62,10240,271360
80,72,11264,271360
80,42,12288,271360
80,37,16384,271360
80,46,16384,271360
78,76,1024,272384
78,71,2048,272384
78,22,3072,272384
78,20,4096,272384
78,50,6144,272384
78,44,7168,272384
78,37,8192,272384
78,55,8192,272384
78,62,9216,272384
78,72,10240,272384
78,42,11264,272384
78,37,15360,272384
78,46,15360,272384
78,21,18432,272384
76,71,1024,273408
76,22,2048,273408
76,20,3072,273408
76,50,5120,273408
76,44,6144,273408
76,37,7168,273408
76,55,7168,273408
76,62,8192,273408
76,72,9216,273408
76,42,10240,273408
76,37,14336,273408
76,46,14336,273408
76,21,17408,273408
76,42,18432,273408
71,22,1024,274432
71,20,2048,274432
71,50,4096,274432
71,44,5120,274432
71,37,6144,274432
71,55,6144,274432
71,62,7168,274432
71,72,8192,274432
71,42,9216,274432
71,37,13312,274432
71,46,13312,274432
71,21,16384,274432
71,42,17408,274432
71,21,18432,274432
22,20,1024,275456
22,50,3072,275456
22,44,4096,275456
22,37,5120,275456
22,55,5120,275456
22,62,6144,275456
22,72,7168,275456
22,42,8192,275456
22,37,12288,275456
22,46,12288,275456
22,21,15360,275456
22,42,16384,275456
22,21,17408,275456
22,37,19456,275456
20,50,2048,276480
20,44,3072,276480
20,37,4096,276480
20,55,4096,276480
20,62,5120,276480
20,72,6144,276480
20,42,7168,276480
20,37,11264,276480
20,46,11264,276480
20,21,14336,276480
20,42,15360,276480
20,21,16384,276480
20,37,18432,276480
50,44,1024,278528
50,37,2048,278528
50,55,2048,278528
50,62,3072,278528
50,72,4096,278528
50,42,5120,278528
50,37,9216,278528
50,46,9216,278528
50,21,12288,278528
50,42,13312,278528
50,21,14336,278528
50,37,16384,278528
50,21,19456,278528
50,52,19456,278528
44,37,1024,279552
44,55,1024,279552
44,62,2048,279552
44,72,3072,279552
44,42,4096,279552
44,37,8192,279552
44,46,8192,279552
44,21,11264,279552
44,42,12288,279552
44,21,13312,279552
44,37,15360,279552
44,21,18432,279552
44,52,18432,279552
44,21,19456,279552
37,55,0,280576
37,62,1024,280576
37,72,2048,280576
37,42,3072,280576
37,37,7168,280576
37,46,7168,280576
37,21,10240,280576
37,42,11264,280576
37,21,12288,280576
37,37,14336,280576
37,21,17408,280576
37,52,17408,280576
37,21,18432,280576
37,20,20480,280576
55,62,1024,280576
55,72,2048,280576
55,42,3072,280576
55,37,7168,280576
55,46,7168,280576
55,21,10240,280576
55,42,11264,280576
55,21,12288,280576
55,37,14336,280576
55,21,17408,280576
55,52,17408,280576
55,21,18432,280576
55,20,20480,280576
62,72,1024,281600
62,42,2048,281600
62,37,6144,281600
62,46,6144,281600
62,21,9216,281600
62,42,10240,281600
62,21,11264,281600
62,37,13312,281600
62,21,16384,281600
62,52,16384,281600
62,21,17408,281600
62,20,19456,281600
62,37,20480,281600
72,42,1024,282624
72,37,5120,282624
72,46,5120,282624
72,21,8192,282624
72,42,9216,282624
72,21,10240,282624
72,37,12288,282624
72,21,15360,282624
72,52,15360,282624
72,21,16384,282624
72,20,18432,282624
72,37,19456,282624
42,37,4096,283648
42,46,4096,283648
42,21,7168,283648
42,42,8192,283648
42,21,9216,283648
42,37,11264,283648
42,21,14336,283648
42,52,14336,283648
42,21,15360,283648
42,20,17408,283648
42,37,18432,283648
42,21,20480,283648
37,46,0,287744
37,21,3072,287744
37,42,4096,287744
37,21,5120,287744
37,37,7168,287744
37,21,10240,287744
37,52,10240,287744
37,21,11264,287744
37,20,13312,287744
37,37,14336,287744
37,21,16384,287744
37,21,19456,287744
37,21,20480,287744
46,21,3072,287744
46,42,4096,287744
46,21,5120,287744
46,37,7168,287744
46,21,10240,287744
46,52,10240,287744
46,21,11264,287744
46,20,13312,287744
46,37,14336,287744
46,21,16384,287744
46,21,19456,287744
46,21,20480,287744
21,42,1024,290816
21,21,2048,290816
21,37,4096,290816
21,21,7168,290816
21,52,7168,290816
21,21,8192,290816
21,20,10240,290816
21,37,11264,290816
21,21,13312,290816
21,21,16384,290816
21,21,17408,290816
21,31,20480,290816
42,21,1024,291840
42,37,3072,291840
42,21,6144,291840
42,52,6144,291840
42,21,7168,291840
42,20,9216,291840
42,37,10240,291840
42,21,12288,291840
42,21,15360,291840
42,21,16384,291840
42,31,19456,291840
42,21,20480,291840
21,37,2048,292864
21,21,5120,292864
21,52,5120,292864
21,21,6144,292864
21,20,8192,292864
21,37,9216,292864
21,21,11264,292864
21,21,14336,292864
21,21,15360,292864
21,31,18432,292864
21,21,19456,292864
21,21,20480,292864
37,21,3072,294912
37,52,3072,294912
37,21,4096,294912
37,20,6144,294912
37,37,7168,294912
37,21,9216,294912
37,21,12288,294912
37,21,13312,294912
37,31,16384,294912
37,21,17408,294912
37,21,18432,294912
37,21,20480,294912
21,52,0,297984
21,21,1024,297984
21,20,3072,297984
21,37,4096,297984
21,21,6144,297984
21,21,9216,297984
21,21,10240,297984
21,31,13312,297984
21,21,14336,297984
21,21,15360,297984
21,21,17408,297984
21,37,18432,297984
21,46,18432,297984
52,21,1024,297984
52,20,3072,297984
52,37,4096,297984
52,21,6144,297984
52,21,9216,297984
52,21,10240,297984
52,31,13312,297984
52,21,14336,297984
52,21,15360,297984
52,21,17408,297984
52,37,18432,297984
52,46,18432,297984
21,20,2048,299008
21,37,3072,299008
21,21,5120,299008
21,21,8192,299008
21,21,9216,299008
21,31,12288,299008
21,21,13312,299008
21,21,14336,299008
21,21,16384,299008
21,37,17408,299008
21,46,17408,299008
21,21,20480,299008
20,37,1024,301056
20,21,3072,301056
20,21,6144,301056
20,21,7168,301056
20,31,10240,301056
20,21,11264,301056
20,21,12288,301056
20,21,14336,301056
20,37,15360,301056
20,46,15360,301056
20,21,18432,301056
20,20,19456,301056
37,21,2048,302080
37,21,5120,302080
37,21,6144,302080
37,31,9216,302080
37,21,10240,302080
37,21,11264,302080
37,21,13312,302080
37,37,14336,302080
37,46,14336,302080
37,21,17408,302080
37,20,18432,302080
21,21,3072,304128
21,21,4096,304128
21,31,7168,304128
21,21,8192,304128
21,21,9216,304128
21,21,11264,304128
21,37,12288,304128
21,46,12288,304128
21,21,15360,304128
21,20,16384,304128
21,38,19456,304128
21,37,20480,304128
21,21,1024,307200
21,31,4096,307200
21,21,5120,307200
21,21,6144,307200
21,21,8192,307200
21,37,9216,307200
21,46,9216,307200
21,21,12288,307200
21,20,13312,307200
21,38,16384,307200
21,37,17408,307200
21,31,3072,308224
21,21,4096,308224
21,21,5120,308224
21,21,7168,308224
21,37,8192,308224
21,46,8192,308224
21,21,11264,308224
21,20,12288,308224
21,38,15360,308224
21,37,16384,308224
31,21,1024,311296
31,21,2048,311296
31,21,4096,311296
31,37,5120,311296
31,46,5120,311296
31,21,8192,311296
31,20,9216,311296
31,38,12288,311296
31,37,13312,311296
31,20,18432,311296
31,37,20480,311296
31,46,20480,311296
21,21,1024,312320
21,21,3072,312320
21,37,4096,312320
21,46,4096,312320
21,21,7168,312320
21,20,8192,312320
21,38,11264,312320
21,37,12288,312320
21,20,17408,312320
21,37,19456,312320
21,46,19456,312320
21,21,2048,313344
21,37,3072,313344
21,46,3072,313344
21,21,6144,313344
21,20,7168,313344
21,38,10240,313344
21,37,11264,313344
21,20,16384,313344
21,37,18432,313344
21,46,18432,313344
21,20,20480,313344
21,37,1024,315392
21,46,1024,315392
21,21,4096,315392
21,20,5120,315392
21,38,8192,315392
21,37,9216,315392
21,20,14336,315392
21,37,16384,315392
21,46,16384,315392
21,20,18432,315392
37,46,0,316416
37,21,3072,316416
37,20,4096,316416
37,38,7168,316416
37,37,8192,316416
37,20,13312,316416
37,37,15360,316416
37,46,15360,316416
37,20,17408,316416
46,21,3072,316416
46,20,4096,316416
46,38,7168,316416
46,37,8192,316416
46,20,13312,316416
46,37,15360,316416
46,46,15360,316416
46,20,17408,316416
21,20,1024,319488
21,38,4096,319488
21,37,5120,319488
21,20,10240,319488
21,37,12288,319488
21,46,12288,319488
21,20,14336,319488
21,46,18432,319488
21,36,19456,319488
20,38,3072,320512
20,37,4096,320512
20,20,9216,320512
20,37,11264,320512
20,46,11264,320512
20,20,13312,320512
20,46,17408,320512
20,36,18432,320512
38,37,1024,323584
38,20,6144,323584
38,37,8192,323584
38,46,8192,323584
38,20,10240,323584
38,46,14336,323584
38,36,15360,323584
37,20,5120,324608
37,37,7168,324608
37,46,7168,324608
37,20,9216,324608
37,46,13312,324608
37,36,14336,324608
20,37,2048,329728
20,46,2048,329728
20,20,4096,329728
20,46,8192,329728
20,36,9216,329728
37,46,0,331776
37,20,2048,331776
37,46,6144,331776
37,36,7168,331776
46,20,2048,331776
46,46,6144,331776
46,36,7168,331776
20,46,4096,333824
20,36,5120,333824
46,36,1024,337920
