36,47,1024,12288
36,35,2048,12288
36,35,3072,12288
36,35,4096,12288
36,47,4096,12288
36,35,6144,12288
36,36,7168,12288
36,41,8192,12288
36,26,9216,12288
36,41,9216,12288
36,26,10240,12288
36,41,10240,12288
36,27,11264,12288
36,41,11264,12288
47,35,1024,13312
47,35,2048,13312
47,35,3072,13312
47,47,3072,13312
47,35,5120,13312
47,36,6144,13312
47,41,7168,13312
47,26,8192,13312
47,41,8192,13312
47,26,9216,13312
47,41,9216,13312
47,27,10240,13312
47,41,10240,13312
47,27,11264,13312
35,35,1024,14336
35,35,2048,14336
35,47,2048,14336
35,35,4096,14336
35,36,5120,14336
35,41,6144,14336
35,26,7168,14336
35,41,7168,14336
35,26,8192,14336
35,41,8192,14336
35,27,9216,14336
35,41,9216,14336
35,27,10240,14336
35,41,10240,14336
35,35,1024,15360
35,47,1024,15360
35,35,3072,15360
35,36,4096,15360
35,41,5120,15360
35,26,6144,15360
35,41,6144,15360
35,26,7168,15360
35,41,7168,15360
35,27,8192,15360
35,41,8192,15360
35,27,9216,15360
35,41,9216,15360
35,28,10240,15360
35,47,0,16384
35,35,2048,16384
35,36,3072,16384
35,41,4096,16384
35,26,5120,16384
35,41,5120,16384
35,26,6144,16384
35,41,6144,16384
35,27,7168,16384
35,41,7168,16384
35,27,8192,16384
35,41,8192,16384
35,28,9216,16384
35,27,11264,16384
47,35,2048,16384
47,36,3072,16384
47,41,4096,16384
47,26,5120,16384
47,41,5120,16384
47,26,6144,16384
47,41,6144,16384
47,27,7168,16384
47,41,7168,16384
47,27,8192,16384
47,41,8192,16384
47,28,9216,16384
47,27,11264,16384
47,41,11264,16384
35,36,1024,18432
35,41,2048,18432
35,26,3072,18432
35,41,3072,18432
35,26,4096,18432
35,41,4096,18432
35,27,5120,18432
35,41,5120,18432
35,27,6144,18432
35,41,6144,18432
35,28,7168,18432
35,27,9216,18432
35,41,9216,18432
35,36,11264,18432
36,41,1024,19456
36,26,2048,19456
36,41,2048,19456
36,26,3072,19456
36,41,3072,19456
36,27,4096,19456
36,41,4096,19456
36,27,5120,19456
36,41,5120,19456
36,28,6144,19456
36,27,8192,19456
36,41,8192,19456
36,36,10240,19456
36,28,11264,19456
41,26,1024,20480
41,41,1024,20480
41,26,2048,20480
41,41,2048,20480
41,27,3072,20480
41,41,3072,20480
41,27,4096,20480
41,41,4096,20480
41,28,5120,20480
41,27,7168,20480
41,41,7168,20480
41,36,9216,20480
41,28,10240,20480
41,42,10240,20480
26,41,0,21504
26,26,1024,21504
26,41,1024,21504
26,27,2048,21504
26,41,2048,21504
26,27,3072,21504
26,41,3072,21504
26,28,4096,21504
26,27,6144,21504
26,41,6144,21504
26,36,8192,21504
26,28,9216,21504
26,42,9216,21504
26,27,10240,21504
41,26,1024,21504
41,41,1024,21504
41,27,2048,21504
41,41,2048,21504
41,27,3072,21504
41,41,3072,21504
41,28,4096,21504
41,27,6144,21504
41,41,6144,21504
41,36,8192,21504
41,28,9216,21504
41,42,9216,21504
41,27,10240,21504
41,41,10240,21504
26,41,0,22528
26,27,1024,22528
26,41,1024,22528
26,27,2048,22528
26,41,2048,22528
26,28,3072,22528
26,27,5120,22528
26,41,5120,22528
26,36,7168,22528
26,28,8192,22528
26,42,8192,22528
26,27,9216,22528
26,41,9216,22528
26,28,10240,22528
41,27,1024,22528
41,41,1024,22528
41,27,2048,22528
41,41,2048,22528
41,28,3072,22528
41,27,5120,22528
41,41,5120,22528
41,36,7168,22528
41,28,8192,22528
41,42,8192,22528
41,27,9216,22528
41,41,9216,22528
41,28,10240,22528
41,42,10240,22528
27,41,0,23552
27,27,1024,23552
27,41,1024,23552
27,28,2048,23552
27,27,4096,23552
27,41,4096,23552
27,36,6144,23552
27,28,7168,23552
27,42,7168,23552
27,27,8192,23552
27,41,8192,23552
27,28,9216,23552
27,42,9216,23552
27,28,10240,23552
41,27,1024,23552
41,41,1024,23552
41,28,2048,23552
41,27,4096,23552
41,41,4096,23552
41,36,6144,23552
41,28,7168,23552
41,42,7168,23552
41,27,8192,23552
41,41,8192,23552
41,28,9216,23552
41,42,9216,23552
41,28,10240,23552
41,42,10240,23552
27,41,0,24576
27,28,1024,24576
27,27,3072,24576
27,41,3072,24576
27,36,5120,24576
27,28,6144,24576
27,42,6144,24576
27,27,7168,24576
27,41,7168,24576
27,28,8192,24576
27,42,8192,24576
27,28,9216,24576
27,42,9216,24576
27,28,10240,24576
41,28,1024,24576
41,27,3072,24576
41,41,3072,24576
41,36,5120,24576
41,28,6144,24576
41,42,6144,24576
41,27,7168,24576
41,41,7168,24576
41,28,8192,24576
41,42,8192,24576
41,28,9216,24576
41,42,9216,24576
41,28,10240,24576
41,41,10240,24576
28,27,2048,25600
28,41,2048,25600
28,36,4096,25600
28,28,5120,25600
28,42,5120,25600
28,27,6144,25600
28,41,6144,25600
28,28,7168,25600
28,42,7168,25600
28,28,8192,25600
28,42,8192,25600
28,28,9216,25600
28,41,9216,25600
28,28,10240,25600
27,41,0,27648
27,36,2048,27648
27,28,3072,27648
27,42,3072,27648
27,27,4096,27648
27,41,4096,27648
27,28,5120,27648
27,42,5120,27648
27,28,6144,27648
27,42,6144,27648
27,28,7168,27648
27,41,7168,27648
27,28,8192,27648
27,42,8192,27648
41,36,2048,27648
41,28,3072,27648
41,42,3072,27648
41,27,4096,27648
41,41,4096,27648
41,28,5120,27648
41,42,5120,27648
41,28,6144,27648
41,42,6144,27648
41,28,7168,27648
41,41,7168,27648
41,28,8192,27648
41,42,8192,27648
41,41,9216,27648
36,28,1024,29696
36,42,1024,29696
36,27,2048,29696
36,41,2048,29696
36,28,3072,29696
36,42,3072,29696
36,28,4096,29696
36,42,4096,29696
36,28,5120,29696
36,41,5120,29696
36,28,6144,29696
36,42,6144,29696
36,41,7168,29696
36,27,8192,29696
28,42,0,30720
28,27,1024,30720
28,41,1024,30720
28,28,2048,30720
28,42,2048,30720
28,28,3072,30720
28,42,3072,30720
28,28,4096,30720
28,41,4096,30720
28,28,5120,30720
28,42,5120,30720
28,41,6144,30720
28,27,7168,30720
28,41,7168,30720
42,27,1024,30720
42,41,1024,30720
42,28,2048,30720
42,42,2048,30720
42,28,3072,30720
42,42,3072,30720
42,28,4096,30720
42,41,4096,30720
42,28,5120,30720
42,42,5120,30720
42,41,6144,30720
42,27,7168,30720
42,41,7168,30720
42,26,8192,30720
27,41,0,31744
27,28,1024,31744
27,42,1024,31744
27,28,2048,31744
27,42,2048,31744
27,28,3072,31744
27,41,3072,31744
27,28,4096,31744
27,42,4096,31744
27,41,5120,31744
27,27,6144,31744
27,41,6144,31744
27,26,7168,31744
27,37,8192,31744
41,28,1024,31744
41,42,1024,31744
41,28,2048,31744
41,42,2048,31744
41,28,3072,31744
41,41,3072,31744
41,28,4096,31744
41,42,4096,31744
41,41,5120,31744
41,27,6144,31744
41,41,6144,31744
41,26,7168,31744
41,37,8192,31744
41,37,9216,31744
28,42,0,32768
28,28,1024,32768
28,42,1024,32768
28,28,2048,32768
28,41,2048,32768
28,28,3072,32768
28,42,3072,32768
28,41,4096,32768
28,27,5120,32768
28,41,5120,32768
28,26,6144,32768
28,37,7168,32768
28,37,8192,32768
28,37,9216,32768
42,28,1024,32768
42,42,1024,32768
42,28,2048,32768
42,41,2048,32768
42,28,3072,32768
42,42,3072,32768
42,41,4096,32768
42,27,5120,32768
42,41,5120,32768
42,26,6144,32768
42,37,7168,32768
42,37,8192,32768
42,37,9216,32768
42,37,10240,32768
28,42,0,33792
28,28,1024,33792
28,41,1024,33792
28,28,2048,33792
28,42,2048,33792
28,41,3072,33792
28,27,4096,33792
28,41,4096,33792
28,26,5120,33792
28,37,6144,33792
28,37,7168,33792
28,37,8192,33792
28,37,9216,33792
28,37,10240,33792
42,28,1024,33792
42,41,1024,33792
42,28,2048,33792
42,42,2048,33792
42,41,3072,33792
42,27,4096,33792
42,41,4096,33792
42,26,5120,33792
42,37,6144,33792
42,37,7168,33792
42,37,8192,33792
42,37,9216,33792
42,37,10240,33792
42,25,11264,33792
28,41,0,34816
28,28,1024,34816
28,42,1024,34816
28,41,2048,34816
28,27,3072,34816
28,41,3072,34816
28,26,4096,34816
28,37,5120,34816
28,37,6144,34816
28,37,7168,34816
28,37,8192,34816
28,37,9216,34816
28,25,10240,34816
28,25,11264,34816
41,28,1024,34816
41,42,1024,34816
41,41,2048,34816
41,27,3072,34816
41,41,3072,34816
41,26,4096,34816
41,37,5120,34816
41,37,6144,34816
41,37,7168,34816
41,37,8192,34816
41,37,9216,34816
41,25,10240,34816
41,25,11264,34816
41,49,12288,34816
28,42,0,35840
28,41,1024,35840
28,27,2048,35840
28,41,2048,35840
28,26,3072,35840
28,37,4096,35840
28,37,5120,35840
28,37,6144,35840
28,37,7168,35840
28,37,8192,35840
28,25,9216,35840
28,25,10240,35840
28,49,11264,35840
28,37,12288,35840
42,41,1024,35840
42,27,2048,35840
42,41,2048,35840
42,26,3072,35840
42,37,4096,35840
42,37,5120,35840
42,37,6144,35840
42,37,7168,35840
42,37,8192,35840
42,25,9216,35840
42,25,10240,35840
42,49,11264,35840
42,37,12288,35840
42,49,12288,35840
41,27,1024,36864
41,41,1024,36864
41,26,2048,36864
41,37,3072,36864
41,37,4096,36864
41,37,5120,36864
41,37,6144,36864
41,37,7168,36864
41,25,8192,36864
41,25,9216,36864
41,49,10240,36864
41,37,11264,36864
41,49,11264,36864
41,37,12288,36864
27,41,0,37888
27,26,1024,37888
27,37,2048,37888
27,37,3072,37888
27,37,4096,37888
27,37,5120,37888
27,37,6144,37888
27,25,7168,37888
27,25,8192,37888
27,49,9216,37888
27,37,10240,37888
27,49,10240,37888
27,37,11264,37888
27,37,12288,37888
41,26,1024,37888
41,37,2048,37888
41,37,3072,37888
41,37,4096,37888
41,37,5120,37888
41,37,6144,37888
41,25,7168,37888
41,25,8192,37888
41,49,9216,37888
41,37,10240,37888
41,49,10240,37888
41,37,11264,37888
41,37,12288,37888
41,37,13312,37888
26,37,1024,38912
26,37,2048,38912
26,37,3072,38912
26,37,4096,38912
26,37,5120,38912
26,25,6144,38912
26,25,7168,38912
26,49,8192,38912
26,37,9216,38912
26,49,9216,38912
26,37,10240,38912
26,37,11264,38912
26,37,12288,38912
26,37,13312,38912
37,37,1024,39936
37,37,2048,39936
37,37,3072,39936
37,37,4096,39936
37,25,5120,39936
37,25,6144,39936
37,49,7168,39936
37,37,8192,39936
37,49,8192,39936
37,37,9216,39936
37,37,10240,39936
37,37,11264,39936
37,37,12288,39936
37,37,13312,39936
37,37,1024,40960
37,37,2048,40960
37,37,3072,40960
37,25,4096,40960
37,25,5120,40960
37,49,6144,40960
37,37,7168,40960
37,49,7168,40960
37,37,8192,40960
37,37,9216,40960
37,37,10240,40960
37,37,11264,40960
37,37,12288,40960
37,37,13312,40960
37,37,1024,41984
37,37,2048,41984
37,25,3072,41984
37,25,4096,41984
37,49,5120,41984
37,37,6144,41984
37,49,6144,41984
37,37,7168,41984
37,37,8192,41984
37,37,9216,41984
37,37,10240,41984
37,37,11264,41984
37,37,12288,41984
37,37,13312,41984
37,37,1024,43008
37,25,2048,43008
37,25,3072,43008
37,49,4096,43008
37,37,5120,43008
37,49,5120,43008
37,37,6144,43008
37,37,7168,43008
37,37,8192,43008
37,37,9216,43008
37,37,10240,43008
37,37,11264,43008
37,37,12288,43008
37,37,13312,43008
37,25,1024,44032
37,25,2048,44032
37,49,3072,44032
37,37,4096,44032
37,49,4096,44032
37,37,5120,44032
37,37,6144,44032
37,37,7168,44032
37,37,8192,44032
37,37,9216,44032
37,37,10240,44032
37,37,11264,44032
37,37,12288,44032
37,37,13312,44032
25,25,1024,45056
25,49,2048,45056
25,37,3072,45056
25,49,3072,45056
25,37,4096,45056
25,37,5120,45056
25,37,6144,45056
25,37,7168,45056
25,37,8192,45056
25,37,9216,45056
25,37,10240,45056
25,37,11264,45056
25,37,12288,45056
25,37,13312,45056
25,49,1024,46080
25,37,2048,46080
25,49,2048,46080
25,37,3072,46080
25,37,4096,46080
25,37,5120,46080
25,37,6144,46080
25,37,7168,46080
25,37,8192,46080
25,37,9216,46080
25,37,10240,46080
25,37,11264,46080
25,37,12288,46080
25,37,13312,46080
49,37,1024,47104
49,49,1024,47104
49,37,2048,47104
49,37,3072,47104
49,37,4096,47104
49,37,5120,47104
49,37,6144,47104
49,37,7168,47104
49,37,8192,47104
49,37,9216,47104
49,37,10240,47104
49,37,11264,47104
49,37,12288,47104
49,37,14336,47104
37,49,0,48128
37,37,1024,48128
37,37,2048,48128
37,37,3072,48128
37,37,4096,48128
37,37,5120,48128
37,37,6144,48128
37,37,7168,48128
37,37,8192,48128
37,37,9216,48128
37,37,10240,48128
37,37,11264,48128
37,37,13312,48128
37,49,18432,48128
49,37,1024,48128
49,37,2048,48128
49,37,3072,48128
49,37,4096,48128
49,37,5120,48128
49,37,6144,48128
49,37,7168,48128
49,37,8192,48128
49,37,9216,48128
49,37,10240,48128
49,37,11264,48128
49,37,13312,48128
49,49,18432,48128
49,25,19456,48128
37,37,1024,49152
37,37,2048,49152
37,37,3072,49152
37,37,4096,49152
37,37,5120,49152
37,37,6144,49152
37,37,7168,49152
37,37,8192,49152
37,37,9216,49152
37,37,10240,49152
37,37,12288,49152
37,49,17408,49152
37,25,18432,49152
37,49,18432,49152
37,37,1024,50176
37,37,2048,50176
37,37,3072,50176
37,37,4096,50176
37,37,5120,50176
37,37,6144,50176
37,37,7168,50176
37,37,8192,50176
37,37,9216,50176
37,37,11264,50176
37,49,16384,50176
37,25,17408,50176
37,49,17408,50176
37,49,18432,50176
37,37,1024,51200
37,37,2048,51200
37,37,3072,51200
37,37,4096,51200
37,37,5120,51200
37,37,6144,51200
37,37,7168,51200
37,37,8192,51200
37,37,10240,51200
37,49,15360,51200
37,25,16384,51200
37,49,16384,51200
37,49,17408,51200
37,49,18432,51200
37,37,1024,52224
37,37,2048,52224
37,37,3072,52224
37,37,4096,52224
37,37,5120,52224
37,37,6144,52224
37,37,7168,52224
37,37,9216,52224
37,49,14336,52224
37,25,15360,52224
37,49,15360,52224
37,49,16384,52224
37,49,17408,52224
37,49,18432,52224
37,37,1024,53248
37,37,2048,53248
37,37,3072,53248
37,37,4096,53248
37,37,5120,53248
37,37,6144,53248
37,37,8192,53248
37,49,13312,53248
37,25,14336,53248
37,49,14336,53248
37,49,15360,53248
37,49,16384,53248
37,49,17408,53248
37,35,20480,53248
37,37,1024,54272
37,37,2048,54272
37,37,3072,54272
37,37,4096,54272
37,37,5120,54272
37,37,7168,54272
37,49,12288,54272
37,25,13312,54272
37,49,13312,54272
37,49,14336,54272
37,49,15360,54272
37,49,16384,54272
37,35,19456,54272
37,49,19456,54272
37,37,1024,55296
37,37,2048,55296
37,37,3072,55296
37,37,4096,55296
37,37,6144,55296
37,49,11264,55296
37,25,12288,55296
37,49,12288,55296
37,49,13312,55296
37,49,14336,55296
37,49,15360,55296
37,35,18432,55296
37,49,18432,55296
37,37,1024,56320
37,37,2048,56320
37,37,3072,56320
37,37,5120,56320
37,49,10240,56320
37,25,11264,56320
37,49,11264,56320
37,49,12288,56320
37,49,13312,56320
37,49,14336,56320
37,35,17408,56320
37,49,17408,56320
37,37,1024,57344
37,37,2048,57344
37,37,4096,57344
37,49,9216,57344
37,25,10240,57344
37,49,10240,57344
37,49,11264,57344
37,49,12288,57344
37,49,13312,57344
37,35,16384,57344
37,49,16384,57344
37,37,1024,58368
37,37,3072,58368
37,49,8192,58368
37,25,9216,58368
37,49,9216,58368
37,49,10240,58368
37,49,11264,58368
37,49,12288,58368
37,35,15360,58368
37,49,15360,58368
37,24,20480,58368
37,37,2048,59392
37,49,7168,59392
37,25,8192,59392
37,49,8192,59392
37,49,9216,59392
37,49,10240,59392
37,49,11264,59392
37,35,14336,59392
37,49,14336,59392
37,24,19456,59392
37,49,5120,61440
37,25,6144,61440
37,49,6144,61440
37,49,7168,61440
37,49,8192,61440
37,49,9216,61440
37,35,12288,61440
37,49,12288,61440
37,24,17408,61440
49,25,1024,66560
49,49,1024,66560
49,49,2048,66560
49,49,3072,66560
49,49,4096,66560
49,35,7168,66560
49,49,7168,66560
49,24,12288,66560
49,35,16384,66560
49,35,17408,66560
49,35,18432,66560
49,36,19456,66560
49,36,20480,66560
25,49,0,67584
25,49,1024,67584
25,49,2048,67584
25,49,3072,67584
25,35,6144,67584
25,49,6144,67584
25,24,11264,67584
25,35,15360,67584
25,35,16384,67584
25,35,17408,67584
25,36,18432,67584
25,36,19456,67584
25,36,20480,67584
49,49,1024,67584
49,49,2048,67584
49,49,3072,67584
49,35,6144,67584
49,49,6144,67584
49,24,11264,67584
49,35,15360,67584
49,35,16384,67584
49,35,17408,67584
49,36,18432,67584
49,36,19456,67584
49,36,20480,67584
49,49,1024,68608
49,49,2048,68608
49,35,5120,68608
49,49,5120,68608
49,24,10240,68608
49,35,14336,68608
49,35,15360,68608
49,35,16384,68608
49,36,17408,68608
49,36,18432,68608
49,36,19456,68608
49,36,20480,68608
49,49,1024,69632
49,35,4096,69632
49,49,4096,69632
49,24,9216,69632
49,35,13312,69632
49,35,14336,69632
49,35,15360,69632
49,36,16384,69632
49,36,17408,69632
49,36,18432,69632
49,36,19456,69632
49,35,3072,70656
49,49,3072,70656
49,24,8192,70656
49,35,12288,70656
49,35,13312,70656
49,35,14336,70656
49,36,15360,70656
49,36,16384,70656
49,36,17408,70656
49,36,18432,70656
35,49,0,73728
35,24,5120,73728
35,35,9216,73728
35,35,10240,73728
35,35,11264,73728
35,36,12288,73728
35,36,13312,73728
35,36,14336,73728
35,36,15360,73728
35,26,18432,73728
35,27,19456,73728
35,41,19456,73728
49,24,5120,73728
49,35,9216,73728
49,35,10240,73728
49,35,11264,73728
49,36,12288,73728
49,36,13312,73728
49,36,14336,73728
49,36,15360,73728
49,26,18432,73728
49,27,19456,73728
49,41,19456,73728
24,35,4096,78848
24,35,5120,78848
24,35,6144,78848
24,36,7168,78848
24,36,8192,78848
24,36,9216,78848
24,36,10240,78848
24,26,13312,78848
24,27,14336,78848
24,41,14336,78848
24,64,17408,78848
24,42,18432,78848
24,41,19456,78848
35,35,1024,82944
35,35,2048,82944
35,36,3072,82944
35,36,4096,82944
35,36,5120,82944
35,36,6144,82944
35,26,9216,82944
35,27,10240,82944
35,41,10240,82944
35,64,13312,82944
35,42,14336,82944
35,41,15360,82944
35,42,17408,82944
35,41,18432,82944
35,35,1024,83968
35,36,2048,83968
35,36,3072,83968
35,36,4096,83968
35,36,5120,83968
35,26,8192,83968
35,27,9216,83968
35,41,9216,83968
35,64,12288,83968
35,42,13312,83968
35,41,14336,83968
35,42,16384,83968
35,41,17408,83968
35,42,18432,83968
35,36,1024,84992
35,36,2048,84992
35,36,3072,84992
35,36,4096,84992
35,26,7168,84992
35,27,8192,84992
35,41,8192,84992
35,64,11264,84992
35,42,12288,84992
35,41,13312,84992
35,42,15360,84992
35,41,16384,84992
35,42,17408,84992
35,42,18432,84992
36,36,1024,86016
36,36,2048,86016
36,36,3072,86016
36,26,6144,86016
36,27,7168,86016
36,41,7168,86016
36,64,10240,86016
36,42,11264,86016
36,41,12288,86016
36,42,14336,86016
36,41,15360,86016
36,42,16384,86016
36,42,17408,86016
36,28,18432,86016
36,36,1024,87040
36,36,2048,87040
36,26,5120,87040
36,27,6144,87040
36,41,6144,87040
36,64,9216,87040
36,42,10240,87040
36,41,11264,87040
36,42,13312,87040
36,41,14336,87040
36,42,15360,87040
36,42,16384,87040
36,28,17408,87040
36,42,17408,87040
36,36,1024,88064
36,26,4096,88064
36,27,5120,88064
36,41,5120,88064
36,64,8192,88064
36,42,9216,88064
36,41,10240,88064
36,42,12288,88064
36,41,13312,88064
36,42,14336,88064
36,42,15360,88064
36,28,16384,88064
36,42,16384,88064
36,39,17408,88064
36,26,3072,89088
36,27,4096,89088
36,41,4096,89088
36,64,7168,89088
36,42,8192,89088
36,41,9216,89088
36,42,11264,89088
36,41,12288,89088
36,42,13312,89088
36,42,14336,89088
36,28,15360,89088
36,42,15360,89088
36,39,16384,89088
36,41,16384,89088
26,27,1024,92160
26,41,1024,92160
26,64,4096,92160
26,42,5120,92160
26,41,6144,92160
26,42,8192,92160
26,41,9216,92160
26,42,10240,92160
26,42,11264,92160
26,28,12288,92160
26,42,12288,92160
26,39,13312,92160
26,41,13312,92160
26,39,14336,92160
27,41,0,93184
27,64,3072,93184
27,42,4096,93184
27,41,5120,93184
27,42,7168,93184
27,41,8192,93184
27,42,9216,93184
27,42,10240,93184
27,28,11264,93184
27,42,11264,93184
27,39,12288,93184
27,41,12288,93184
27,39,13312,93184
27,42,13312,93184
41,64,3072,93184
41,42,4096,93184
41,41,5120,93184
41,42,7168,93184
41,41,8192,93184
41,42,9216,93184
41,42,10240,93184
41,28,11264,93184
41,42,11264,93184
41,39,12288,93184
41,41,12288,93184
41,39,13312,93184
41,42,13312,93184
41,39,14336,93184
64,42,1024,96256
64,41,2048,96256
64,42,4096,96256
64,41,5120,96256
64,42,6144,96256
64,42,7168,96256
64,28,8192,96256
64,42,8192,96256
64,39,9216,96256
64,41,9216,96256
64,39,10240,96256
64,42,10240,96256
64,39,11264,96256
64,40,11264,96256
42,41,1024,97280
42,42,3072,97280
42,41,4096,97280
42,42,5120,97280
42,42,6144,97280
42,28,7168,97280
42,42,7168,97280
42,39,8192,97280
42,41,8192,97280
42,39,9216,97280
42,42,9216,97280
42,39,10240,97280
42,40,10240,97280
42,37,13312,97280
41,42,2048,98304
41,41,3072,98304
41,42,4096,98304
41,42,5120,98304
41,28,6144,98304
41,42,6144,98304
41,39,7168,98304
41,41,7168,98304
41,39,8192,98304
41,42,8192,98304
41,39,9216,98304
41,40,9216,98304
41,37,12288,98304
41,37,13312,98304
42,41,1024,100352
42,42,2048,100352
42,42,3072,100352
42,28,4096,100352
42,42,4096,100352
42,39,5120,100352
42,41,5120,100352
42,39,6144,100352
42,42,6144,100352
42,39,7168,100352
42,40,7168,100352
42,37,10240,100352
42,37,11264,100352
42,37,12288,100352
41,42,1024,101376
41,42,2048,101376
41,28,3072,101376
41,42,3072,101376
41,39,4096,101376
41,41,4096,101376
41,39,5120,101376
41,42,5120,101376
41,39,6144,101376
41,40,6144,101376
41,37,9216,101376
41,37,10240,101376
41,37,11264,101376
41,37,12288,101376
42,42,1024,102400
42,28,2048,102400
42,42,2048,102400
42,39,3072,102400
42,41,3072,102400
42,39,4096,102400
42,42,4096,102400
42,39,5120,102400
42,40,5120,102400
42,37,8192,102400
42,37,9216,102400
42,37,10240,102400
42,37,11264,102400
42,37,12288,102400
42,28,1024,103424
42,42,1024,103424
42,39,2048,103424
42,41,2048,103424
42,39,3072,103424
42,42,3072,103424
42,39,4096,103424
42,40,4096,103424
42,37,7168,103424
42,37,8192,103424
42,37,9216,103424
42,37,10240,103424
42,37,11264,103424
42,37,12288,103424
28,42,0,104448
28,39,1024,104448
28,41,1024,104448
28,39,2048,104448
28,42,2048,104448
28,39,3072,104448
28,40,3072,104448
28,37,6144,104448
28,37,7168,104448
28,37,8192,104448
28,37,9216,104448
28,37,10240,104448
28,37,11264,104448
28,37,12288,104448
42,39,1024,104448
42,41,1024,104448
42,39,2048,104448
42,42,2048,104448
42,39,3072,104448
42,40,3072,104448
42,37,6144,104448
42,37,7168,104448
42,37,8192,104448
42,37,9216,104448
42,37,10240,104448
42,37,11264,104448
42,37,12288,104448
42,37,14336,104448
39,41,0,105472
39,39,1024,105472
39,42,1024,105472
39,39,2048,105472
39,40,2048,105472
39,37,5120,105472
39,37,6144,105472
39,37,7168,105472
39,37,8192,105472
39,37,9216,105472
39,37,10240,105472
39,37,11264,105472
39,37,13312,105472
39,37,14336,105472
41,39,1024,105472
41,42,1024,105472
41,39,2048,105472
41,40,2048,105472
41,37,5120,105472
41,37,6144,105472
41,37,7168,105472
41,37,8192,105472
41,37,9216,105472
41,37,10240,105472
41,37,11264,105472
41,37,13312,105472
41,37,14336,105472
41,37,15360,105472
39,42,0,106496
39,39,1024,106496
39,40,1024,106496
39,37,4096,106496
39,37,5120,106496
39,37,6144,106496
39,37,7168,106496
39,37,8192,106496
39,37,9216,106496
39,37,10240,106496
39,37,12288,106496
39,37,13312,106496
39,37,14336,106496
39,37,15360,106496
42,39,1024,106496
42,40,1024,106496
42,37,4096,106496
42,37,5120,106496
42,37,6144,106496
42,37,7168,106496
42,37,8192,106496
42,37,9216,106496
42,37,10240,106496
42,37,12288,106496
42,37,13312,106496
42,37,14336,106496
42,37,15360,106496
42,37,16384,106496
39,40,0,107520
39,37,3072,107520
39,37,4096,107520
39,37,5120,107520
39,37,6144,107520
39,37,7168,107520
39,37,8192,107520
39,37,9216,107520
39,37,11264,107520
39,37,12288,107520
39,37,13312,107520
39,37,14336,107520
39,37,15360,107520
39,66,15360,107520
40,37,3072,107520
40,37,4096,107520
40,37,5120,107520
40,37,6144,107520
40,37,7168,107520
40,37,8192,107520
40,37,9216,107520
40,37,11264,107520
40,37,12288,107520
40,37,13312,107520
40,37,14336,107520
40,37,15360,107520
40,66,15360,107520
40,37,17408,107520
37,37,1024,110592
37,37,2048,110592
37,37,3072,110592
37,37,4096,110592
37,37,5120,110592
37,37,6144,110592
37,37,8192,110592
37,37,9216,110592
37,37,10240,110592
37,37,11264,110592
37,37,12288,110592
37,66,12288,110592
37,37,14336,110592
37,37,15360,110592
37,37,1024,111616
37,37,2048,111616
37,37,3072,111616
37,37,4096,111616
37,37,5120,111616
37,37,7168,111616
37,37,8192,111616
37,37,9216,111616
37,37,10240,111616
37,37,11264,111616
37,66,11264,111616
37,37,13312,111616
37,37,14336,111616
37,37,15360,111616
37,37,1024,112640
37,37,2048,112640
37,37,3072,112640
37,37,4096,112640
37,37,6144,112640
37,37,7168,112640
37,37,8192,112640
37,37,9216,112640
37,37,10240,112640
37,66,10240,112640
37,37,12288,112640
37,37,13312,112640
37,37,14336,112640
37,65,14336,112640
37,37,1024,113664
37,37,2048,113664
37,37,3072,113664
37,37,5120,113664
37,37,6144,113664
37,37,7168,113664
37,37,8192,113664
37,37,9216,113664
37,66,9216,113664
37,37,11264,113664
37,37,12288,113664
37,37,13312,113664
37,65,13312,113664
37,37,14336,113664
37,37,1024,114688
37,37,2048,114688
37,37,4096,114688
37,37,5120,114688
37,37,6144,114688
37,37,7168,114688
37,37,8192,114688
37,66,8192,114688
37,37,10240,114688
37,37,11264,114688
37,37,12288,114688
37,65,12288,114688
37,37,13312,114688
37,24,16384,114688
37,37,1024,115712
37,37,3072,115712
37,37,4096,115712
37,37,5120,115712
37,37,6144,115712
37,37,7168,115712
37,66,7168,115712
37,37,9216,115712
37,37,10240,115712
37,37,11264,115712
37,65,11264,115712
37,37,12288,115712
37,24,15360,115712
37,36,17408,115712
37,37,2048,116736
37,37,3072,116736
37,37,4096,116736
37,37,5120,116736
37,37,6144,116736
37,66,6144,116736
37,37,8192,116736
37,37,9216,116736
37,37,10240,116736
37,65,10240,116736
37,37,11264,116736
37,24,14336,116736
37,36,16384,116736
37,37,18432,116736
37,37,1024,118784
37,37,2048,118784
37,37,3072,118784
37,37,4096,118784
37,66,4096,118784
37,37,6144,118784
37,37,7168,118784
37,37,8192,118784
37,65,8192,118784
37,37,9216,118784
37,24,12288,118784
37,36,14336,118784
37,37,16384,118784
37,25,19456,118784
37,37,1024,119808
37,37,2048,119808
37,37,3072,119808
37,66,3072,119808
37,37,5120,119808
37,37,6144,119808
37,37,7168,119808
37,65,7168,119808
37,37,8192,119808
37,24,11264,119808
37,36,13312,119808
37,37,15360,119808
37,25,18432,119808
37,37,1024,120832
37,37,2048,120832
37,66,2048,120832
37,37,4096,120832
37,37,5120,120832
37,37,6144,120832
37,65,6144,120832
37,37,7168,120832
37,24,10240,120832
37,36,12288,120832
37,37,14336,120832
37,25,17408,120832
37,37,1024,121856
37,66,1024,121856
37,37,3072,121856
37,37,4096,121856
37,37,5120,121856
37,65,5120,121856
37,37,6144,121856
37,24,9216,121856
37,36,11264,121856
37,37,13312,121856
37,25,16384,121856
37,66,0,122880
37,37,2048,122880
37,37,3072,122880
37,37,4096,122880
37,65,4096,122880
37,37,5120,122880
37,24,8192,122880
37,36,10240,122880
37,37,12288,122880
37,25,15360,122880
66,37,2048,122880
66,37,3072,122880
66,37,4096,122880
66,65,4096,122880
66,37,5120,122880
66,24,8192,122880
66,36,10240,122880
66,37,12288,122880
66,25,15360,122880
37,37,1024,124928
37,37,2048,124928
37,65,2048,124928
37,37,3072,124928
37,24,6144,124928
37,36,8192,124928
37,37,10240,124928
37,25,13312,124928
37,37,1024,125952
37,65,1024,125952
37,37,2048,125952
37,24,5120,125952
37,36,7168,125952
37,37,9216,125952
37,25,12288,125952
37,65,0,126976
37,37,1024,126976
37,24,4096,126976
37,36,6144,126976
37,37,8192,126976
37,25,11264,126976
65,37,1024,126976
65,24,4096,126976
65,36,6144,126976
65,37,8192,126976
65,25,11264,126976
37,24,3072,128000
37,36,5120,128000
37,37,7168,128000
37,25,10240,128000
24,36,2048,131072
24,37,4096,131072
24,25,7168,131072
36,37,2048,133120
36,25,5120,133120
37,25,3072,135168
25,71,19456,138240
25,24,20480,138240
71,24,1024,157696
71,26,4096,157696
71,26,5120,157696
71,27,7168,157696
71,27,8192,157696
71,41,11264,157696
71,28,12288,157696
71,41,12288,157696
71,35,13312,157696
71,42,13312,157696
71,41,14336,157696
71,42,15360,157696
71,42,16384,157696
71,42,17408,157696
24,26,3072,158720
24,26,4096,158720
24,27,6144,158720
24,27,7168,158720
24,41,10240,158720
24,28,11264,158720
24,41,11264,158720
24,35,12288,158720
24,42,12288,158720
24,41,13312,158720
24,42,14336,158720
24,42,15360,158720
24,42,16384,158720
24,41,17408,158720
26,26,1024,161792
26,27,3072,161792
26,27,4096,161792
26,41,7168,161792
26,28,8192,161792
26,41,8192,161792
26,35,9216,161792
26,42,9216,161792
26,41,10240,161792
26,42,11264,161792
26,42,12288,161792
26,42,13312,161792
26,41,14336,161792
26,39,15360,161792
26,27,2048,162816
26,27,3072,162816
26,41,6144,162816
26,28,7168,162816
26,41,7168,162816
26,35,8192,162816
26,42,8192,162816
26,41,9216,162816
26,42,10240,162816
26,42,11264,162816
26,42,12288,162816
26,41,13312,162816
26,39,14336,162816
26,41,14336,162816
27,27,1024,164864
27,41,4096,164864
27,28,5120,164864
27,41,5120,164864
27,35,6144,164864
27,42,6144,164864
27,41,7168,164864
27,42,8192,164864
27,42,9216,164864
27,42,10240,164864
27,41,11264,164864
27,39,12288,164864
27,41,12288,164864
27,39,13312,164864
27,41,3072,165888
27,28,4096,165888
27,41,4096,165888
27,35,5120,165888
27,42,5120,165888
27,41,6144,165888
27,42,7168,165888
27,42,8192,165888
27,42,9216,165888
27,41,10240,165888
27,39,11264,165888
27,41,11264,165888
27,39,12288,165888
27,41,12288,165888
41,28,1024,168960
41,41,1024,168960
41,35,2048,168960
41,42,2048,168960
41,41,3072,168960
41,42,4096,168960
41,42,5120,168960
41,42,6144,168960
41,41,7168,168960
41,39,8192,168960
41,41,8192,168960
41,39,9216,168960
41,41,9216,168960
41,37,12288,168960
28,41,0,169984
28,35,1024,169984
28,42,1024,169984
28,41,2048,169984
28,42,3072,169984
28,42,4096,169984
28,42,5120,169984
28,41,6144,169984
28,39,7168,169984
28,41,7168,169984
28,39,8192,169984
28,41,8192,169984
28,37,11264,169984
28,37,12288,169984
41,35,1024,169984
41,42,1024,169984
41,41,2048,169984
41,42,3072,169984
41,42,4096,169984
41,42,5120,169984
41,41,6144,169984
41,39,7168,169984
41,41,7168,169984
41,39,8192,169984
41,41,8192,169984
41,37,11264,169984
41,37,12288,169984
41,37,13312,169984
35,42,0,171008
35,41,1024,171008
35,42,2048,171008
35,42,3072,171008
35,42,4096,171008
35,41,5120,171008
35,39,6144,171008
35,41,6144,171008
35,39,7168,171008
35,41,7168,171008
35,37,10240,171008
35,37,11264,171008
35,37,12288,171008
35,37,13312,171008
42,41,1024,171008
42,42,2048,171008
42,42,3072,171008
42,42,4096,171008
42,41,5120,171008
42,39,6144,171008
42,41,6144,171008
42,39,7168,171008
42,41,7168,171008
42,37,10240,171008
42,37,11264,171008
42,37,12288,171008
42,37,13312,171008
42,37,14336,171008
41,42,1024,172032
41,42,2048,172032
41,42,3072,172032
41,41,4096,172032
41,39,5120,172032
41,41,5120,172032
41,39,6144,172032
41,41,6144,172032
41,37,9216,172032
41,37,10240,172032
41,37,11264,172032
41,37,12288,172032
41,37,13312,172032
41,49,13312,172032
42,42,1024,173056
42,42,2048,173056
42,41,3072,173056
42,39,4096,173056
42,41,4096,173056
42,39,5120,173056
42,41,5120,173056
42,37,8192,173056
42,37,9216,173056
42,37,10240,173056
42,37,11264,173056
42,37,12288,173056
42,49,12288,173056
42,37,13312,173056
42,42,1024,174080
42,41,2048,174080
42,39,3072,174080
42,41,3072,174080
42,39,4096,174080
42,41,4096,174080
42,37,7168,174080
42,37,8192,174080
42,37,9216,174080
42,37,10240,174080
42,37,11264,174080
42,49,11264,174080
42,37,12288,174080
42,24,13312,174080
42,41,1024,175104
42,39,2048,175104
42,41,2048,175104
42,39,3072,175104
42,41,3072,175104
42,37,6144,175104
42,37,7168,175104
42,37,8192,175104
42,37,9216,175104
42,37,10240,175104
42,49,10240,175104
42,37,11264,175104
42,24,12288,175104
42,37,14336,175104
41,39,1024,176128
41,41,1024,176128
41,39,2048,176128
41,41,2048,176128
41,37,5120,176128
41,37,6144,176128
41,37,7168,176128
41,37,8192,176128
41,37,9216,176128
41,49,9216,176128
41,37,10240,176128
41,24,11264,176128
41,37,13312,176128
41,37,14336,176128
39,41,0,177152
39,39,1024,177152
39,41,1024,177152
39,37,4096,177152
39,37,5120,177152
39,37,6144,177152
39,37,7168,177152
39,37,8192,177152
39,49,8192,177152
39,37,9216,177152
39,24,10240,177152
39,37,12288,177152
39,37,13312,177152
39,37,14336,177152
41,39,1024,177152
41,41,1024,177152
41,37,4096,177152
41,37,5120,177152
41,37,6144,177152
41,37,7168,177152
41,37,8192,177152
41,49,8192,177152
41,37,9216,177152
41,24,10240,177152
41,37,12288,177152
41,37,13312,177152
41,37,14336,177152
41,37,18432,177152
39,41,0,178176
39,37,3072,178176
39,37,4096,178176
39,37,5120,178176
39,37,6144,178176
39,37,7168,178176
39,49,7168,178176
39,37,8192,178176
39,24,9216,178176
39,37,11264,178176
39,37,12288,178176
39,37,13312,178176
39,37,17408,178176
39,37,18432,178176
41,37,3072,178176
41,37,4096,178176
41,37,5120,178176
41,37,6144,178176
41,37,7168,178176
41,49,7168,178176
41,37,8192,178176
41,24,9216,178176
41,37,11264,178176
41,37,12288,178176
41,37,13312,178176
41,37,17408,178176
41,37,18432,178176
41,37,19456,178176
37,37,1024,181248
37,37,2048,181248
37,37,3072,181248
37,37,4096,181248
37,49,4096,181248
37,37,5120,181248
37,24,6144,181248
37,37,8192,181248
37,37,9216,181248
37,37,10240,181248
37,37,14336,181248
37,37,15360,181248
37,37,16384,181248
37,36,17408,181248
37,37,1024,182272
37,37,2048,182272
37,37,3072,182272
37,49,3072,182272
37,37,4096,182272
37,24,5120,182272
37,37,7168,182272
37,37,8192,182272
37,37,9216,182272
37,37,13312,182272
37,37,14336,182272
37,37,15360,182272
37,36,16384,182272
37,37,17408,182272
37,37,1024,183296
37,37,2048,183296
37,49,2048,183296
37,37,3072,183296
37,24,4096,183296
37,37,6144,183296
37,37,7168,183296
37,37,8192,183296
37,37,12288,183296
37,37,13312,183296
37,37,14336,183296
37,36,15360,183296
37,37,16384,183296
37,37,18432,183296
37,37,1024,184320
37,49,1024,184320
37,37,2048,184320
37,24,3072,184320
37,37,5120,184320
37,37,6144,184320
37,37,7168,184320
37,37,11264,184320
37,37,12288,184320
37,37,13312,184320
37,36,14336,184320
37,37,15360,184320
37,37,17408,184320
37,37,18432,184320
37,49,0,185344
37,37,1024,185344
37,24,2048,185344
37,37,4096,185344
37,37,5120,185344
37,37,6144,185344
37,37,10240,185344
37,37,11264,185344
37,37,12288,185344
37,36,13312,185344
37,37,14336,185344
37,37,16384,185344
37,37,17408,185344
49,37,1024,185344
49,24,2048,185344
49,37,4096,185344
49,37,5120,185344
49,37,6144,185344
49,37,10240,185344
49,37,11264,185344
49,37,12288,185344
49,36,13312,185344
49,37,14336,185344
49,37,16384,185344
49,37,17408,185344
37,24,1024,186368
37,37,3072,186368
37,37,4096,186368
37,37,5120,186368
37,37,9216,186368
37,37,10240,186368
37,37,11264,186368
37,36,12288,186368
37,37,13312,186368
37,37,15360,186368
37,37,16384,186368
37,48,20480,186368
24,37,2048,187392
24,37,3072,187392
24,37,4096,187392
24,37,8192,187392
24,37,9216,187392
24,37,10240,187392
24,36,11264,187392
24,37,12288,187392
24,37,14336,187392
24,37,15360,187392
24,48,19456,187392
24,21,20480,187392
37,37,1024,189440
37,37,2048,189440
37,37,6144,189440
37,37,7168,189440
37,37,8192,189440
37,36,9216,189440
37,37,10240,189440
37,37,12288,189440
37,37,13312,189440
37,48,17408,189440
37,21,18432,189440
37,37,1024,190464
37,37,5120,190464
37,37,6144,190464
37,37,7168,190464
37,36,8192,190464
37,37,9216,190464
37,37,11264,190464
37,37,12288,190464
37,48,16384,190464
37,21,17408,190464
37,37,20480,190464
37,37,4096,191488
37,37,5120,191488
37,37,6144,191488
37,36,7168,191488
37,37,8192,191488
37,37,10240,191488
37,37,11264,191488
37,48,15360,191488
37,21,16384,191488
37,37,19456,191488
37,37,20480,191488
37,37,1024,195584
37,37,2048,195584
37,36,3072,195584
37,37,4096,195584
37,37,6144,195584
37,37,7168,195584
37,48,11264,195584
37,21,12288,195584
37,37,15360,195584
37,37,16384,195584
37,65,17408,195584
37,65,18432,195584
37,37,1024,196608
37,36,2048,196608
37,37,3072,196608
37,37,5120,196608
37,37,6144,196608
37,48,10240,196608
37,21,11264,196608
37,37,14336,196608
37,37,15360,196608
37,65,16384,196608
37,65,17408,196608
37,36,1024,197632
37,37,2048,197632
37,37,4096,197632
37,37,5120,197632
37,48,9216,197632
37,21,10240,197632
37,37,13312,197632
37,37,14336,197632
37,65,15360,197632
37,65,16384,197632
36,37,1024,198656
36,37,3072,198656
36,37,4096,198656
36,48,8192,198656
36,21,9216,198656
36,37,12288,198656
36,37,13312,198656
36,65,14336,198656
36,65,15360,198656
37,37,2048,199680
37,37,3072,199680
37,48,7168,199680
37,21,8192,199680
37,37,11264,199680
37,37,12288,199680
37,65,13312,199680
37,65,14336,199680
37,23,20480,199680
37,37,1024,201728
37,48,5120,201728
37,21,6144,201728
37,37,9216,201728
37,37,10240,201728
37,65,11264,201728
37,65,12288,201728
37,23,18432,201728
37,23,19456,201728
37,23,20480,201728
37,70,20480,201728
37,48,4096,202752
37,21,5120,202752
37,37,8192,202752
37,37,9216,202752
37,65,10240,202752
37,65,11264,202752
37,23,17408,202752
37,23,18432,202752
37,23,19456,202752
37,70,19456,202752
37,70,20480,202752
48,21,1024,206848
48,37,4096,206848
48,37,5120,206848
48,65,6144,206848
48,65,7168,206848
48,23,13312,206848
48,23,14336,206848
48,23,15360,206848
48,70,15360,206848
48,70,16384,206848
48,35,18432,206848
48,46,18432,206848
48,35,19456,206848
48,46,19456,206848
21,37,3072,207872
21,37,4096,207872
21,65,5120,207872
21,65,6144,207872
21,23,12288,207872
21,23,13312,207872
21,23,14336,207872
21,70,14336,207872
21,70,15360,207872
21,35,17408,207872
21,46,17408,207872
21,35,18432,207872
21,46,18432,207872
21,35,19456,207872
37,37,1024,210944
37,65,2048,210944
37,65,3072,210944
37,23,9216,210944
37,23,10240,210944
37,23,11264,210944
37,70,11264,210944
37,70,12288,210944
37,35,14336,210944
37,46,14336,210944
37,35,15360,210944
37,46,15360,210944
37,35,16384,210944
37,46,16384,210944
37,65,1024,211968
37,65,2048,211968
37,23,8192,211968
37,23,9216,211968
37,23,10240,211968
37,70,10240,211968
37,70,11264,211968
37,35,13312,211968
37,46,13312,211968
37,35,14336,211968
37,46,14336,211968
37,35,15360,211968
37,46,15360,211968
37,35,16384,211968
65,65,1024,212992
65,23,7168,212992
65,23,8192,212992
65,23,9216,212992
65,70,9216,212992
65,70,10240,212992
65,35,12288,212992
65,46,12288,212992
65,35,13312,212992
65,46,13312,212992
65,35,14336,212992
65,46,14336,212992
65,35,15360,212992
65,46,15360,212992
65,23,6144,214016
65,23,7168,214016
65,23,8192,214016
65,70,8192,214016
65,70,9216,214016
65,35,11264,214016
65,46,11264,214016
65,35,12288,214016
65,46,12288,214016
65,35,13312,214016
65,46,13312,214016
65,35,14336,214016
65,46,14336,214016
65,47,15360,214016
23,23,1024,220160
23,23,2048,220160
23,70,2048,220160
23,70,3072,220160
23,35,5120,220160
23,46,5120,220160
23,35,6144,220160
23,46,6144,220160
23,35,7168,220160
23,46,7168,220160
23,35,8192,220160
23,46,8192,220160
23,47,9216,220160
23,37,10240,220160
23,23,1024,221184
23,70,1024,221184
23,70,2048,221184
23,35,4096,221184
23,46,4096,221184
23,35,5120,221184
23,46,5120,221184
23,35,6144,221184
23,46,6144,221184
23,35,7168,221184
23,46,7168,221184
23,47,8192,221184
23,37,9216,221184
23,66,10240,221184
23,70,0,222208
23,70,1024,222208
23,35,3072,222208
23,46,3072,222208
23,35,4096,222208
23,46,4096,222208
23,35,5120,222208
23,46,5120,222208
23,35,6144,222208
23,46,6144,222208
23,47,7168,222208
23,37,8192,222208
23,66,9216,222208
23,25,10240,222208
70,70,1024,222208
70,35,3072,222208
70,46,3072,222208
70,35,4096,222208
70,46,4096,222208
70,35,5120,222208
70,46,5120,222208
70,35,6144,222208
70,46,6144,222208
70,47,7168,222208
70,37,8192,222208
70,66,9216,222208
70,25,10240,222208
70,26,11264,222208
70,35,2048,223232
70,46,2048,223232
70,35,3072,223232
70,46,3072,223232
70,35,4096,223232
70,46,4096,223232
70,35,5120,223232
70,46,5120,223232
70,47,6144,223232
70,37,7168,223232
70,66,8192,223232
70,25,9216,223232
70,26,10240,223232
70,41,10240,223232
35,46,0,225280
35,35,1024,225280
35,46,1024,225280
35,35,2048,225280
35,46,2048,225280
35,35,3072,225280
35,46,3072,225280
35,47,4096,225280
35,37,5120,225280
35,66,6144,225280
35,25,7168,225280
35,26,8192,225280
35,41,8192,225280
35,27,11264,225280
46,35,1024,225280
46,46,1024,225280
46,35,2048,225280
46,46,2048,225280
46,35,3072,225280
46,46,3072,225280
46,47,4096,225280
46,37,5120,225280
46,66,6144,225280
46,25,7168,225280
46,26,8192,225280
46,41,8192,225280
46,27,11264,225280
46,27,12288,225280
35,46,0,226304
35,35,1024,226304
35,46,1024,226304
35,35,2048,226304
35,46,2048,226304
35,47,3072,226304
35,37,4096,226304
35,66,5120,226304
35,25,6144,226304
35,26,7168,226304
35,41,7168,226304
35,27,10240,226304
35,27,11264,226304
35,41,11264,226304
46,35,1024,226304
46,46,1024,226304
46,35,2048,226304
46,46,2048,226304
46,47,3072,226304
46,37,4096,226304
46,66,5120,226304
46,25,6144,226304
46,26,7168,226304
46,41,7168,226304
46,27,10240,226304
46,27,11264,226304
46,41,11264,226304
46,41,12288,226304
35,46,0,227328
35,35,1024,227328
35,46,1024,227328
35,47,2048,227328
35,37,3072,227328
35,66,4096,227328
35,25,5120,227328
35,26,6144,227328
35,41,6144,227328
35,27,9216,227328
35,27,10240,227328
35,41,10240,227328
35,41,11264,227328
35,41,12288,227328
46,35,1024,227328
46,46,1024,227328
46,47,2048,227328
46,37,3072,227328
46,66,4096,227328
46,25,5120,227328
46,26,6144,227328
46,41,6144,227328
46,27,9216,227328
46,27,10240,227328
46,41,10240,227328
46,41,11264,227328
46,41,12288,227328
46,27,13312,227328
35,46,0,228352
35,47,1024,228352
35,37,2048,228352
35,66,3072,228352
35,25,4096,228352
35,26,5120,228352
35,41,5120,228352
35,27,8192,228352
35,27,9216,228352
35,41,9216,228352
35,41,10240,228352
35,41,11264,228352
35,27,12288,228352
35,41,12288,228352
46,47,1024,228352
46,37,2048,228352
46,66,3072,228352
46,25,4096,228352
46,26,5120,228352
46,41,5120,228352
46,27,8192,228352
46,27,9216,228352
46,41,9216,228352
46,41,10240,228352
46,41,11264,228352
46,27,12288,228352
46,41,12288,228352
46,27,13312,228352
47,37,1024,229376
47,66,2048,229376
47,25,3072,229376
47,26,4096,229376
47,41,4096,229376
47,27,7168,229376
47,27,8192,229376
47,41,8192,229376
47,41,9216,229376
47,41,10240,229376
47,27,11264,229376
47,41,11264,229376
47,27,12288,229376
47,41,12288,229376
37,66,1024,230400
37,25,2048,230400
37,26,3072,230400
37,41,3072,230400
37,27,6144,230400
37,27,7168,230400
37,41,7168,230400
37,41,8192,230400
37,41,9216,230400
37,27,10240,230400
37,41,10240,230400
37,27,11264,230400
37,41,11264,230400
37,27,12288,230400
66,25,1024,231424
66,26,2048,231424
66,41,2048,231424
66,27,5120,231424
66,27,6144,231424
66,41,6144,231424
66,41,7168,231424
66,41,8192,231424
66,27,9216,231424
66,41,9216,231424
66,27,10240,231424
66,41,10240,231424
66,27,11264,231424
66,41,11264,231424
25,26,1024,232448
25,41,1024,232448
25,27,4096,232448
25,27,5120,232448
25,41,5120,232448
25,41,6144,232448
25,41,7168,232448
25,27,8192,232448
25,41,8192,232448
25,27,9216,232448
25,41,9216,232448
25,27,10240,232448
25,41,10240,232448
25,41,11264,232448
26,41,0,233472
26,27,3072,233472
26,27,4096,233472
26,41,4096,233472
26,41,5120,233472
26,41,6144,233472
26,27,7168,233472
26,41,7168,233472
26,27,8192,233472
26,41,8192,233472
26,27,9216,233472
26,41,9216,233472
26,41,10240,233472
26,28,11264,233472
41,27,3072,233472
41,27,4096,233472
41,41,4096,233472
41,41,5120,233472
41,41,6144,233472
41,27,7168,233472
41,41,7168,233472
41,27,8192,233472
41,41,8192,233472
41,27,9216,233472
41,41,9216,233472
41,41,10240,233472
41,28,11264,233472
41,41,11264,233472
27,27,1024,236544
27,41,1024,236544
27,41,2048,236544
27,41,3072,236544
27,27,4096,236544
27,41,4096,236544
27,27,5120,236544
27,41,5120,236544
27,27,6144,236544
27,41,6144,236544
27,41,7168,236544
27,28,8192,236544
27,41,8192,236544
27,27,9216,236544
27,41,0,237568
27,41,1024,237568
27,41,2048,237568
27,27,3072,237568
27,41,3072,237568
27,27,4096,237568
27,41,4096,237568
27,27,5120,237568
27,41,5120,237568
27,41,6144,237568
27,28,7168,237568
27,41,7168,237568
27,27,8192,237568
27,40,8192,237568
41,41,1024,237568
41,41,2048,237568
41,27,3072,237568
41,41,3072,237568
41,27,4096,237568
41,41,4096,237568
41,27,5120,237568
41,41,5120,237568
41,41,6144,237568
41,28,7168,237568
41,41,7168,237568
41,27,8192,237568
41,40,8192,237568
41,41,9216,237568
41,41,1024,238592
41,27,2048,238592
41,41,2048,238592
41,27,3072,238592
41,41,3072,238592
41,27,4096,238592
41,41,4096,238592
41,41,5120,238592
41,28,6144,238592
41,41,6144,238592
41,27,7168,238592
41,40,7168,238592
41,41,8192,238592
41,27,9216,238592
41,27,1024,239616
41,41,1024,239616
41,27,2048,239616
41,41,2048,239616
41,27,3072,239616
41,41,3072,239616
41,41,4096,239616
41,28,5120,239616
41,41,5120,239616
41,27,6144,239616
41,40,6144,239616
41,41,7168,239616
41,27,8192,239616
41,41,8192,239616
27,41,0,240640
27,27,1024,240640
27,41,1024,240640
27,27,2048,240640
27,41,2048,240640
27,41,3072,240640
27,28,4096,240640
27,41,4096,240640
27,27,5120,240640
27,40,5120,240640
27,41,6144,240640
27,27,7168,240640
27,41,7168,240640
27,27,8192,240640
41,27,1024,240640
41,41,1024,240640
41,27,2048,240640
41,41,2048,240640
41,41,3072,240640
41,28,4096,240640
41,41,4096,240640
41,27,5120,240640
41,40,5120,240640
41,41,6144,240640
41,27,7168,240640
41,41,7168,240640
41,27,8192,240640
41,41,8192,240640
27,41,0,241664
27,27,1024,241664
27,41,1024,241664
27,41,2048,241664
27,28,3072,241664
27,41,3072,241664
27,27,4096,241664
27,40,4096,241664
27,41,5120,241664
27,27,6144,241664
27,41,6144,241664
27,27,7168,241664
27,41,7168,241664
27,41,8192,241664
41,27,1024,241664
41,41,1024,241664
41,41,2048,241664
41,28,3072,241664
41,41,3072,241664
41,27,4096,241664
41,40,4096,241664
41,41,5120,241664
41,27,6144,241664
41,41,6144,241664
41,27,7168,241664
41,41,7168,241664
41,41,8192,241664
41,37,12288,241664
27,41,0,242688
27,41,1024,242688
27,28,2048,242688
27,41,2048,242688
27,27,3072,242688
27,40,3072,242688
27,41,4096,242688
27,27,5120,242688
27,41,5120,242688
27,27,6144,242688
27,41,6144,242688
27,41,7168,242688
27,37,11264,242688
27,37,12288,242688
41,41,1024,242688
41,28,2048,242688
41,41,2048,242688
41,27,3072,242688
41,40,3072,242688
41,41,4096,242688
41,27,5120,242688
41,41,5120,242688
41,27,6144,242688
41,41,6144,242688
41,41,7168,242688
41,37,11264,242688
41,37,12288,242688
41,37,13312,242688
41,28,1024,243712
41,41,1024,243712
41,27,2048,243712
41,40,2048,243712
41,41,3072,243712
41,27,4096,243712
41,41,4096,243712
41,27,5120,243712
41,41,5120,243712
41,41,6144,243712
41,37,10240,243712
41,37,11264,243712
41,37,12288,243712
41,37,13312,243712
28,41,0,244736
28,27,1024,244736
28,40,1024,244736
28,41,2048,244736
28,27,3072,244736
28,41,3072,244736
28,27,4096,244736
28,41,4096,244736
28,41,5120,244736
28,37,9216,244736
28,37,10240,244736
28,37,11264,244736
28,37,12288,244736
28,37,13312,244736
41,27,1024,244736
41,40,1024,244736
41,41,2048,244736
41,27,3072,244736
41,41,3072,244736
41,27,4096,244736
41,41,4096,244736
41,41,5120,244736
41,37,9216,244736
41,37,10240,244736
41,37,11264,244736
41,37,12288,244736
41,37,13312,244736
41,37,15360,244736
27,40,0,245760
27,41,1024,245760
27,27,2048,245760
27,41,2048,245760
27,27,3072,245760
27,41,3072,245760
27,41,4096,245760
27,37,8192,245760
27,37,9216,245760
27,37,10240,245760
27,37,11264,245760
27,37,12288,245760
27,37,14336,245760
27,37,15360,245760
40,41,1024,245760
40,27,2048,245760
40,41,2048,245760
40,27,3072,245760
40,41,3072,245760
40,41,4096,245760
40,37,8192,245760
40,37,9216,245760
40,37,10240,245760
40,37,11264,245760
40,37,12288,245760
40,37,14336,245760
40,37,15360,245760
40,37,16384,245760
41,27,1024,246784
41,41,1024,246784
41,27,2048,246784
41,41,2048,246784
41,41,3072,246784
41,37,7168,246784
41,37,8192,246784
41,37,9216,246784
41,37,10240,246784
41,37,11264,246784
41,37,13312,246784
41,37,14336,246784
41,37,15360,246784
41,37,16384,246784
27,41,0,247808
27,27,1024,247808
27,41,1024,247808
27,41,2048,247808
27,37,6144,247808
27,37,7168,247808
27,37,8192,247808
27,37,9216,247808
27,37,10240,247808
27,37,12288,247808
27,37,13312,247808
27,37,14336,247808
27,37,15360,247808
27,37,16384,247808
41,27,1024,247808
41,41,1024,247808
41,41,2048,247808
41,37,6144,247808
41,37,7168,247808
41,37,8192,247808
41,37,9216,247808
41,37,10240,247808
41,37,12288,247808
41,37,13312,247808
41,37,14336,247808
41,37,15360,247808
41,37,16384,247808
41,37,17408,247808
27,41,0,248832
27,41,1024,248832
27,37,5120,248832
27,37,6144,248832
27,37,7168,248832
27,37,8192,248832
27,37,9216,248832
27,37,11264,248832
27,37,12288,248832
27,37,13312,248832
27,37,14336,248832
27,37,15360,248832
27,37,16384,248832
27,37,17408,248832
41,41,1024,248832
41,37,5120,248832
41,37,6144,248832
41,37,7168,248832
41,37,8192,248832
41,37,9216,248832
41,37,11264,248832
41,37,12288,248832
41,37,13312,248832
41,37,14336,248832
41,37,15360,248832
41,37,16384,248832
41,37,17408,248832
41,37,18432,248832
41,37,4096,249856
41,37,5120,249856
41,37,6144,249856
41,37,7168,249856
41,37,8192,249856
41,37,10240,249856
41,37,11264,249856
41,37,12288,249856
41,37,13312,249856
41,37,14336,249856
41,37,15360,249856
41,37,16384,249856
41,37,17408,249856
41,37,18432,249856
37,37,1024,253952
37,37,2048,253952
37,37,3072,253952
37,37,4096,253952
37,37,6144,253952
37,37,7168,253952
37,37,8192,253952
37,37,9216,253952
37,37,10240,253952
37,37,11264,253952
37,37,12288,253952
37,37,13312,253952
37,37,14336,253952
37,49,14336,253952
37,37,1024,254976
37,37,2048,254976
37,37,3072,254976
37,37,5120,254976
37,37,6144,254976
37,37,7168,254976
37,37,8192,254976
37,37,9216,254976
37,37,10240,254976
37,37,11264,254976
37,37,12288,254976
37,37,13312,254976
37,49,13312,254976
37,37,14336,254976
37,37,1024,256000
37,37,2048,256000
37,37,4096,256000
37,37,5120,256000
37,37,6144,256000
37,37,7168,256000
37,37,8192,256000
37,37,9216,256000
37,37,10240,256000
37,37,11264,256000
37,37,12288,256000
37,49,12288,256000
37,37,13312,256000
37,37,14336,256000
37,37,1024,257024
37,37,3072,257024
37,37,4096,257024
37,37,5120,257024
37,37,6144,257024
37,37,7168,257024
37,37,8192,257024
37,37,9216,257024
37,37,10240,257024
37,37,11264,257024
37,49,11264,257024
37,37,12288,257024
37,37,13312,257024
37,25,14336,257024
37,37,2048,258048
37,37,3072,258048
37,37,4096,258048
37,37,5120,258048
37,37,6144,258048
37,37,7168,258048
37,37,8192,258048
37,37,9216,258048
37,37,10240,258048
37,49,10240,258048
37,37,11264,258048
37,37,12288,258048
37,25,13312,258048
37,37,14336,258048
37,37,1024,260096
37,37,2048,260096
37,37,3072,260096
37,37,4096,260096
37,37,5120,260096
37,37,6144,260096
37,37,7168,260096
37,37,8192,260096
37,49,8192,260096
37,37,9216,260096
37,37,10240,260096
37,25,11264,260096
37,37,12288,260096
37,37,14336,260096
37,37,1024,261120
37,37,2048,261120
37,37,3072,261120
37,37,4096,261120
37,37,5120,261120
37,37,6144,261120
37,37,7168,261120
37,49,7168,261120
37,37,8192,261120
37,37,9216,261120
37,25,10240,261120
37,37,11264,261120
37,37,13312,261120
37,49,13312,261120
37,37,1024,262144
37,37,2048,262144
37,37,3072,262144
37,37,4096,262144
37,37,5120,262144
37,37,6144,262144
37,49,6144,262144
37,37,7168,262144
37,37,8192,262144
37,25,9216,262144
37,37,10240,262144
37,37,12288,262144
37,49,12288,262144
37,37,13312,262144
37,37,1024,263168
37,37,2048,263168
37,37,3072,263168
37,37,4096,263168
37,37,5120,263168
37,49,5120,263168
37,37,6144,263168
37,37,7168,263168
37,25,8192,263168
37,37,9216,263168
37,37,11264,263168
37,49,11264,263168
37,37,12288,263168
37,25,13312,263168
37,37,1024,264192
37,37,2048,264192
37,37,3072,264192
37,37,4096,264192
37,49,4096,264192
37,37,5120,264192
37,37,6144,264192
37,25,7168,264192
37,37,8192,264192
37,37,10240,264192
37,49,10240,264192
37,37,11264,264192
37,25,12288,264192
37,37,13312,264192
37,37,1024,265216
37,37,2048,265216
37,37,3072,265216
37,49,3072,265216
37,37,4096,265216
37,37,5120,265216
37,25,6144,265216
37,37,7168,265216
37,37,9216,265216
37,49,9216,265216
37,37,10240,265216
37,25,11264,265216
37,37,12288,265216
37,25,13312,265216
37,37,1024,266240
37,37,2048,266240
37,49,2048,266240
37,37,3072,266240
37,37,4096,266240
37,25,5120,266240
37,37,6144,266240
37,37,8192,266240
37,49,8192,266240
37,37,9216,266240
37,25,10240,266240
37,37,11264,266240
37,25,12288,266240
37,37,13312,266240
37,37,1024,267264
37,49,1024,267264
37,37,2048,267264
37,37,3072,267264
37,25,4096,267264
37,37,5120,267264
37,37,7168,267264
37,49,7168,267264
37,37,8192,267264
37,25,9216,267264
37,37,10240,267264
37,25,11264,267264
37,37,12288,267264
37,24,16384,267264
37,49,0,268288
37,37,1024,268288
37,37,2048,268288
37,25,3072,268288
37,37,4096,268288
37,37,6144,268288
37,49,6144,268288
37,37,7168,268288
37,25,8192,268288
37,37,9216,268288
37,25,10240,268288
37,37,11264,268288
37,24,15360,268288
37,37,16384,268288
49,37,1024,268288
49,37,2048,268288
49,25,3072,268288
49,37,4096,268288
49,37,6144,268288
49,49,6144,268288
49,37,7168,268288
49,25,8192,268288
49,37,9216,268288
49,25,10240,268288
49,37,11264,268288
49,24,15360,268288
49,37,16384,268288
49,50,16384,268288
37,37,1024,269312
37,25,2048,269312
37,37,3072,269312
37,37,5120,269312
37,49,5120,269312
37,37,6144,269312
37,25,7168,269312
37,37,8192,269312
37,25,9216,269312
37,37,10240,269312
37,24,14336,269312
37,37,15360,269312
37,50,15360,269312
37,37,17408,269312
37,25,1024,270336
37,37,2048,270336
37,37,4096,270336
37,49,4096,270336
37,37,5120,270336
37,25,6144,270336
37,37,7168,270336
37,25,8192,270336
37,37,9216,270336
37,24,13312,270336
37,37,14336,270336
37,50,14336,270336
37,37,16384,270336
37,36,17408,270336
25,37,1024,271360
25,37,3072,271360
25,49,3072,271360
25,37,4096,271360
25,25,5120,271360
25,37,6144,271360
25,25,7168,271360
25,37,8192,271360
25,24,12288,271360
25,37,13312,271360
25,50,13312,271360
25,37,15360,271360
25,36,16384,271360
25,24,17408,271360
37,37,2048,272384
37,49,2048,272384
37,37,3072,272384
37,25,4096,272384
37,37,5120,272384
37,25,6144,272384
37,37,7168,272384
37,24,11264,272384
37,37,12288,272384
37,50,12288,272384
37,37,14336,272384
37,36,15360,272384
37,24,16384,272384
37,37,17408,272384
37,49,0,274432
37,37,1024,274432
37,25,2048,274432
37,37,3072,274432
37,25,4096,274432
37,37,5120,274432
37,24,9216,274432
37,37,10240,274432
37,50,10240,274432
37,37,12288,274432
37,36,13312,274432
37,24,14336,274432
37,37,15360,274432
37,71,16384,274432
49,37,1024,274432
49,25,2048,274432
49,37,3072,274432
49,25,4096,274432
49,37,5120,274432
49,24,9216,274432
49,37,10240,274432
49,50,10240,274432
49,37,12288,274432
49,36,13312,274432
49,24,14336,274432
49,37,15360,274432
49,71,16384,274432
49,70,17408,274432
37,25,1024,275456
37,37,2048,275456
37,25,3072,275456
37,37,4096,275456
37,24,8192,275456
37,37,9216,275456
37,50,9216,275456
37,37,11264,275456
37,36,12288,275456
37,24,13312,275456
37,37,14336,275456
37,71,15360,275456
37,70,16384,275456
37,35,17408,275456
25,37,1024,276480
25,25,2048,276480
25,37,3072,276480
25,24,7168,276480
25,37,8192,276480
25,50,8192,276480
25,37,10240,276480
25,36,11264,276480
25,24,12288,276480
25,37,13312,276480
25,71,14336,276480
25,70,15360,276480
25,35,16384,276480
25,71,16384,276480
37,25,1024,277504
37,37,2048,277504
37,24,6144,277504
37,37,7168,277504
37,50,7168,277504
37,37,9216,277504
37,36,10240,277504
37,24,11264,277504
37,37,12288,277504
37,71,13312,277504
37,70,14336,277504
37,35,15360,277504
37,71,15360,277504
37,71,16384,277504
25,37,1024,278528
25,24,5120,278528
25,37,6144,278528
25,50,6144,278528
25,37,8192,278528
25,36,9216,278528
25,24,10240,278528
25,37,11264,278528
25,71,12288,278528
25,70,13312,278528
25,35,14336,278528
25,71,14336,278528
25,71,15360,278528
25,35,16384,278528
37,24,4096,279552
37,37,5120,279552
37,50,5120,279552
37,37,7168,279552
37,36,8192,279552
37,24,9216,279552
37,37,10240,279552
37,71,11264,279552
37,70,12288,279552
37,35,13312,279552
37,71,13312,279552
37,71,14336,279552
37,35,15360,279552
37,36,16384,279552
24,37,1024,283648
24,50,1024,283648
24,37,3072,283648
24,36,4096,283648
24,24,5120,283648
24,37,6144,283648
24,71,7168,283648
24,70,8192,283648
24,35,9216,283648
24,71,9216,283648
24,71,10240,283648
24,35,11264,283648
24,36,12288,283648
24,47,12288,283648
37,50,0,284672
37,37,2048,284672
37,36,3072,284672
37,24,4096,284672
37,37,5120,284672
37,71,6144,284672
37,70,7168,284672
37,35,8192,284672
37,71,8192,284672
37,71,9216,284672
37,35,10240,284672
37,36,11264,284672
37,47,11264,284672
37,35,12288,284672
50,37,2048,284672
50,36,3072,284672
50,24,4096,284672
50,37,5120,284672
50,71,6144,284672
50,70,7168,284672
50,35,8192,284672
50,71,8192,284672
50,71,9216,284672
50,35,10240,284672
50,36,11264,284672
50,47,11264,284672
50,35,12288,284672
50,35,13312,284672
37,36,1024,286720
37,24,2048,286720
37,37,3072,286720
37,71,4096,286720
37,70,5120,286720
37,35,6144,286720
37,71,6144,286720
37,71,7168,286720
37,35,8192,286720
37,36,9216,286720
37,47,9216,286720
37,35,10240,286720
37,35,11264,286720
37,47,11264,286720
36,24,1024,287744
36,37,2048,287744
36,71,3072,287744
36,70,4096,287744
36,35,5120,287744
36,71,5120,287744
36,71,6144,287744
36,35,7168,287744
36,36,8192,287744
36,47,8192,287744
36,35,9216,287744
36,35,10240,287744
36,47,10240,287744
36,47,11264,287744
24,37,1024,288768
24,71,2048,288768
24,70,3072,288768
24,35,4096,288768
24,71,4096,288768
24,71,5120,288768
24,35,6144,288768
24,36,7168,288768
24,47,7168,288768
24,35,8192,288768
24,35,9216,288768
24,47,9216,288768
24,47,10240,288768
24,46,11264,288768
37,71,1024,289792
37,70,2048,289792
37,35,3072,289792
37,71,3072,289792
37,71,4096,289792
37,35,5120,289792
37,36,6144,289792
37,47,6144,289792
37,35,7168,289792
37,35,8192,289792
37,47,8192,289792
37,47,9216,289792
37,46,10240,289792
37,47,11264,289792
71,70,1024,290816
71,35,2048,290816
71,71,2048,290816
71,71,3072,290816
71,35,4096,290816
71,36,5120,290816
71,47,5120,290816
71,35,6144,290816
71,35,7168,290816
71,47,7168,290816
71,47,8192,290816
71,46,9216,290816
71,47,10240,290816
71,35,11264,290816
70,35,1024,291840
70,71,1024,291840
70,71,2048,291840
70,35,3072,291840
70,36,4096,291840
70,47,4096,291840
70,35,5120,291840
70,35,6144,291840
70,47,6144,291840
70,47,7168,291840
70,46,8192,291840
70,47,9216,291840
70,35,10240,291840
70,35,11264,291840
35,71,0,292864
35,71,1024,292864
35,35,2048,292864
35,36,3072,292864
35,47,3072,292864
35,35,4096,292864
35,35,5120,292864
35,47,5120,292864
35,47,6144,292864
35,46,7168,292864
35,47,8192,292864
35,35,9216,292864
35,35,10240,292864
35,47,10240,292864
71,71,1024,292864
71,35,2048,292864
71,36,3072,292864
71,47,3072,292864
71,35,4096,292864
71,35,5120,292864
71,47,5120,292864
71,47,6144,292864
71,46,7168,292864
71,47,8192,292864
71,35,9216,292864
71,35,10240,292864
71,47,10240,292864
71,36,11264,292864
71,35,1024,293888
71,36,2048,293888
71,47,2048,293888
71,35,3072,293888
71,35,4096,293888
71,47,4096,293888
71,47,5120,293888
71,46,6144,293888
71,47,7168,293888
71,35,8192,293888
71,35,9216,293888
71,47,9216,293888
71,36,10240,293888
71,41,10240,293888
35,36,1024,294912
35,47,1024,294912
35,35,2048,294912
35,35,3072,294912
35,47,3072,294912
35,47,4096,294912
35,46,5120,294912
35,47,6144,294912
35,35,7168,294912
35,35,8192,294912
35,47,8192,294912
35,36,9216,294912
35,41,9216,294912
35,41,10240,294912
36,47,0,295936
36,35,1024,295936
36,35,2048,295936
36,47,2048,295936
36,47,3072,295936
36,46,4096,295936
36,47,5120,295936
36,35,6144,295936
36,35,7168,295936
36,47,7168,295936
36,36,8192,295936
36,41,8192,295936
36,41,9216,295936
36,26,10240,295936
47,35,1024,295936
47,35,2048,295936
47,47,2048,295936
47,47,3072,295936
47,46,4096,295936
47,47,5120,295936
47,35,6144,295936
47,35,7168,295936
47,47,7168,295936
47,36,8192,295936
47,41,8192,295936
47,41,9216,295936
47,26,10240,295936
47,41,10240,295936
35,35,1024,296960
35,47,1024,296960
35,47,2048,296960
35,46,3072,296960
35,47,4096,296960
35,35,5120,296960
35,35,6144,296960
35,47,6144,296960
35,36,7168,296960
35,41,7168,296960
35,41,8192,296960
35,26,9216,296960
35,41,9216,296960
35,27,10240,296960
35,47,0,297984
35,47,1024,297984
35,46,2048,297984
35,47,3072,297984
35,35,4096,297984
35,35,5120,297984
35,47,5120,297984
35,36,6144,297984
35,41,6144,297984
35,41,7168,297984
35,26,8192,297984
35,41,8192,297984
35,27,9216,297984
35,40,9216,297984
47,47,1024,297984
47,46,2048,297984
47,47,3072,297984
47,35,4096,297984
47,35,5120,297984
47,47,5120,297984
47,36,6144,297984
47,41,6144,297984
47,41,7168,297984
47,26,8192,297984
47,41,8192,297984
47,27,9216,297984
47,40,9216,297984
47,28,10240,297984
47,46,1024,299008
47,47,2048,299008
47,35,3072,299008
47,35,4096,299008
47,47,4096,299008
47,36,5120,299008
47,41,5120,299008
47,41,6144,299008
47,26,7168,299008
47,41,7168,299008
47,27,8192,299008
47,40,8192,299008
47,28,9216,299008
47,41,9216,299008
46,47,1024,300032
46,35,2048,300032
46,35,3072,300032
46,47,3072,300032
46,36,4096,300032
46,41,4096,300032
46,41,5120,300032
46,26,6144,300032
46,41,6144,300032
46,27,7168,300032
46,40,7168,300032
46,28,8192,300032
46,41,8192,300032
46,28,9216,300032
47,35,1024,301056
47,35,2048,301056
47,47,2048,301056
47,36,3072,301056
47,41,3072,301056
47,41,4096,301056
47,26,5120,301056
47,41,5120,301056
47,27,6144,301056
47,40,6144,301056
47,28,7168,301056
47,41,7168,301056
47,28,8192,301056
47,41,8192,301056
35,35,1024,302080
35,47,1024,302080
35,36,2048,302080
35,41,2048,302080
35,41,3072,302080
35,26,4096,302080
35,41,4096,302080
35,27,5120,302080
35,40,5120,302080
35,28,6144,302080
35,41,6144,302080
35,28,7168,302080
35,41,7168,302080
35,27,8192,302080
35,47,0,303104
35,36,1024,303104
35,41,1024,303104
35,41,2048,303104
35,26,3072,303104
35,41,3072,303104
35,27,4096,303104
35,40,4096,303104
35,28,5120,303104
35,41,5120,303104
35,28,6144,303104
35,41,6144,303104
35,27,7168,303104
35,41,7168,303104
47,36,1024,303104
47,41,1024,303104
47,41,2048,303104
47,26,3072,303104
47,41,3072,303104
47,27,4096,303104
47,40,4096,303104
47,28,5120,303104
47,41,5120,303104
47,28,6144,303104
47,41,6144,303104
47,27,7168,303104
47,41,7168,303104
47,28,8192,303104
36,41,0,304128
36,41,1024,304128
36,26,2048,304128
36,41,2048,304128
36,27,3072,304128
36,40,3072,304128
36,28,4096,304128
36,41,4096,304128
36,28,5120,304128
36,41,5120,304128
36,27,6144,304128
36,41,6144,304128
36,28,7168,304128
36,41,7168,304128
41,41,1024,304128
41,26,2048,304128
41,41,2048,304128
41,27,3072,304128
41,40,3072,304128
41,28,4096,304128
41,41,4096,304128
41,28,5120,304128
41,41,5120,304128
41,27,6144,304128
41,41,6144,304128
41,28,7168,304128
41,41,7168,304128
41,36,8192,304128
41,26,1024,305152
41,41,1024,305152
41,27,2048,305152
41,40,2048,305152
41,28,3072,305152
41,41,3072,305152
41,28,4096,305152
41,41,4096,305152
41,27,5120,305152
41,41,5120,305152
41,28,6144,305152
41,41,6144,305152
41,36,7168,305152
41,41,7168,305152
26,41,0,306176
26,27,1024,306176
26,40,1024,306176
26,28,2048,306176
26,41,2048,306176
26,28,3072,306176
26,41,3072,306176
26,27,4096,306176
26,41,4096,306176
26,28,5120,306176
26,41,5120,306176
26,36,6144,306176
26,41,6144,306176
26,27,7168,306176
41,27,1024,306176
41,40,1024,306176
41,28,2048,306176
41,41,2048,306176
41,28,3072,306176
41,41,3072,306176
41,27,4096,306176
41,41,4096,306176
41,28,5120,306176
41,41,5120,306176
41,36,6144,306176
41,41,6144,306176
41,27,7168,306176
41,41,7168,306176
27,40,0,307200
27,28,1024,307200
27,41,1024,307200
27,28,2048,307200
27,41,2048,307200
27,27,3072,307200
27,41,3072,307200
27,28,4096,307200
27,41,4096,307200
27,36,5120,307200
27,41,5120,307200
27,27,6144,307200
27,41,6144,307200
27,28,7168,307200
40,28,1024,307200
40,41,1024,307200
40,28,2048,307200
40,41,2048,307200
40,27,3072,307200
40,41,3072,307200
40,28,4096,307200
40,41,4096,307200
40,36,5120,307200
40,41,5120,307200
40,27,6144,307200
40,41,6144,307200
40,28,7168,307200
40,41,7168,307200
28,41,0,308224
28,28,1024,308224
28,41,1024,308224
28,27,2048,308224
28,41,2048,308224
28,28,3072,308224
28,41,3072,308224
28,36,4096,308224
28,41,4096,308224
28,27,5120,308224
28,41,5120,308224
28,28,6144,308224
28,41,6144,308224
28,27,7168,308224
41,28,1024,308224
41,41,1024,308224
41,27,2048,308224
41,41,2048,308224
41,28,3072,308224
41,41,3072,308224
41,36,4096,308224
41,41,4096,308224
41,27,5120,308224
41,41,5120,308224
41,28,6144,308224
41,41,6144,308224
41,27,7168,308224
41,41,7168,308224
28,41,0,309248
28,27,1024,309248
28,41,1024,309248
28,28,2048,309248
28,41,2048,309248
28,36,3072,309248
28,41,3072,309248
28,27,4096,309248
28,41,4096,309248
28,28,5120,309248
28,41,5120,309248
28,27,6144,309248
28,41,6144,309248
28,28,7168,309248
41,27,1024,309248
41,41,1024,309248
41,28,2048,309248
41,41,2048,309248
41,36,3072,309248
41,41,3072,309248
41,27,4096,309248
41,41,4096,309248
41,28,5120,309248
41,41,5120,309248
41,27,6144,309248
41,41,6144,309248
41,28,7168,309248
41,41,7168,309248
27,41,0,310272
27,28,1024,310272
27,41,1024,310272
27,36,2048,310272
27,41,2048,310272
27,27,3072,310272
27,41,3072,310272
27,28,4096,310272
27,41,4096,310272
27,27,5120,310272
27,41,5120,310272
27,28,6144,310272
27,41,6144,310272
27,27,7168,310272
41,28,1024,310272
41,41,1024,310272
41,36,2048,310272
41,41,2048,310272
41,27,3072,310272
41,41,3072,310272
41,28,4096,310272
41,41,4096,310272
41,27,5120,310272
41,41,5120,310272
41,28,6144,310272
41,41,6144,310272
41,27,7168,310272
41,41,7168,310272
28,41,0,311296
28,36,1024,311296
28,41,1024,311296
28,27,2048,311296
28,41,2048,311296
28,28,3072,311296
28,41,3072,311296
28,27,4096,311296
28,41,4096,311296
28,28,5120,311296
28,41,5120,311296
28,27,6144,311296
28,41,6144,311296
28,41,7168,311296
41,36,1024,311296
41,41,1024,311296
41,27,2048,311296
41,41,2048,311296
41,28,3072,311296
41,41,3072,311296
41,27,4096,311296
41,41,4096,311296
41,28,5120,311296
41,41,5120,311296
41,27,6144,311296
41,41,6144,311296
41,41,7168,311296
41,28,8192,311296
36,41,0,312320
36,27,1024,312320
36,41,1024,312320
36,28,2048,312320
36,41,2048,312320
36,27,3072,312320
36,41,3072,312320
36,28,4096,312320
36,41,4096,312320
36,27,5120,312320
36,41,5120,312320
36,41,6144,312320
36,28,7168,312320
36,41,7168,312320
41,27,1024,312320
41,41,1024,312320
41,28,2048,312320
41,41,2048,312320
41,27,3072,312320
41,41,3072,312320
41,28,4096,312320
41,41,4096,312320
41,27,5120,312320
41,41,5120,312320
41,41,6144,312320
41,28,7168,312320
41,41,7168,312320
41,41,9216,312320
27,41,0,313344
27,28,1024,313344
27,41,1024,313344
27,27,2048,313344
27,41,2048,313344
27,28,3072,313344
27,41,3072,313344
27,27,4096,313344
27,41,4096,313344
27,41,5120,313344
27,28,6144,313344
27,41,6144,313344
27,41,8192,313344
27,41,9216,313344
41,28,1024,313344
41,41,1024,313344
41,27,2048,313344
41,41,2048,313344
41,28,3072,313344
41,41,3072,313344
41,27,4096,313344
41,41,4096,313344
41,41,5120,313344
41,28,6144,313344
41,41,6144,313344
41,41,8192,313344
41,41,9216,313344
41,44,10240,313344
28,41,0,314368
28,27,1024,314368
28,41,1024,314368
28,28,2048,314368
28,41,2048,314368
28,27,3072,314368
28,41,3072,314368
28,41,4096,314368
28,28,5120,314368
28,41,5120,314368
28,41,7168,314368
28,41,8192,314368
28,44,9216,314368
28,42,10240,314368
41,27,1024,314368
41,41,1024,314368
41,28,2048,314368
41,41,2048,314368
41,27,3072,314368
41,41,3072,314368
41,41,4096,314368
41,28,5120,314368
41,41,5120,314368
41,41,7168,314368
41,41,8192,314368
41,44,9216,314368
41,42,10240,314368
41,37,11264,314368
27,41,0,315392
27,28,1024,315392
27,41,1024,315392
27,27,2048,315392
27,41,2048,315392
27,41,3072,315392
27,28,4096,315392
27,41,4096,315392
27,41,6144,315392
27,41,7168,315392
27,44,8192,315392
27,42,9216,315392
27,37,10240,315392
27,37,12288,315392
41,28,1024,315392
41,41,1024,315392
41,27,2048,315392
41,41,2048,315392
41,41,3072,315392
41,28,4096,315392
41,41,4096,315392
41,41,6144,315392
41,41,7168,315392
41,44,8192,315392
41,42,9216,315392
41,37,10240,315392
41,37,12288,315392
41,37,13312,315392
28,41,0,316416
28,27,1024,316416
28,41,1024,316416
28,41,2048,316416
28,28,3072,316416
28,41,3072,316416
28,41,5120,316416
28,41,6144,316416
28,44,7168,316416
28,42,8192,316416
28,37,9216,316416
28,37,11264,316416
28,37,12288,316416
28,49,12288,316416
41,27,1024,316416
41,41,1024,316416
41,41,2048,316416
41,28,3072,316416
41,41,3072,316416
41,41,5120,316416
41,41,6144,316416
41,44,7168,316416
41,42,8192,316416
41,37,9216,316416
41,37,11264,316416
41,37,12288,316416
41,49,12288,316416
41,36,13312,316416
27,41,0,317440
27,41,1024,317440
27,28,2048,317440
27,41,2048,317440
27,41,4096,317440
27,41,5120,317440
27,44,6144,317440
27,42,7168,317440
27,37,8192,317440
27,37,10240,317440
27,37,11264,317440
27,49,11264,317440
27,36,12288,317440
27,37,13312,317440
41,41,1024,317440
41,28,2048,317440
41,41,2048,317440
41,41,4096,317440
41,41,5120,317440
41,44,6144,317440
41,42,7168,317440
41,37,8192,317440
41,37,10240,317440
41,37,11264,317440
41,49,11264,317440
41,36,12288,317440
41,37,13312,317440
41,37,14336,317440
41,28,1024,318464
41,41,1024,318464
41,41,3072,318464
41,41,4096,318464
41,44,5120,318464
41,42,6144,318464
41,37,7168,318464
41,37,9216,318464
41,37,10240,318464
41,49,10240,318464
41,36,11264,318464
41,37,12288,318464
41,37,13312,318464
41,37,15360,318464
28,41,0,319488
28,41,2048,319488
28,41,3072,319488
28,44,4096,319488
28,42,5120,319488
28,37,6144,319488
28,37,8192,319488
28,37,9216,319488
28,49,9216,319488
28,36,10240,319488
28,37,11264,319488
28,37,12288,319488
28,37,14336,319488
28,36,15360,319488
41,41,2048,319488
41,41,3072,319488
41,44,4096,319488
41,42,5120,319488
41,37,6144,319488
41,37,8192,319488
41,37,9216,319488
41,49,9216,319488
41,36,10240,319488
41,37,11264,319488
41,37,12288,319488
41,37,14336,319488
41,36,15360,319488
41,37,16384,319488
41,41,1024,321536
41,44,2048,321536
41,42,3072,321536
41,37,4096,321536
41,37,6144,321536
41,37,7168,321536
41,49,7168,321536
41,36,8192,321536
41,37,9216,321536
41,37,10240,321536
41,37,12288,321536
41,36,13312,321536
41,37,14336,321536
41,37,15360,321536
41,44,1024,322560
41,42,2048,322560
41,37,3072,322560
41,37,5120,322560
41,37,6144,322560
41,49,6144,322560
41,36,7168,322560
41,37,8192,322560
41,37,9216,322560
41,37,11264,322560
41,36,12288,322560
41,37,13312,322560
41,37,14336,322560
41,37,15360,322560
44,42,1024,323584
44,37,2048,323584
44,37,4096,323584
44,37,5120,323584
44,49,5120,323584
44,36,6144,323584
44,37,7168,323584
44,37,8192,323584
44,37,10240,323584
44,36,11264,323584
44,37,12288,323584
44,37,13312,323584
44,37,14336,323584
44,37,15360,323584
42,37,1024,324608
42,37,3072,324608
42,37,4096,324608
42,49,4096,324608
42,36,5120,324608
42,37,6144,324608
42,37,7168,324608
42,37,9216,324608
42,36,10240,324608
42,37,11264,324608
42,37,12288,324608
42,37,13312,324608
42,37,14336,324608
42,37,15360,324608
37,37,2048,325632
37,37,3072,325632
37,49,3072,325632
37,36,4096,325632
37,37,5120,325632
37,37,6144,325632
37,37,8192,325632
37,36,9216,325632
37,37,10240,325632
37,37,11264,325632
37,37,12288,325632
37,37,13312,325632
37,37,14336,325632
37,37,15360,325632
37,37,1024,327680
37,49,1024,327680
37,36,2048,327680
37,37,3072,327680
37,37,4096,327680
37,37,6144,327680
37,36,7168,327680
37,37,8192,327680
37,37,9216,327680
37,37,10240,327680
37,37,11264,327680
37,37,12288,327680
37,37,13312,327680
37,49,0,328704
37,36,1024,328704
37,37,2048,328704
37,37,3072,328704
37,37,5120,328704
37,36,6144,328704
37,37,7168,328704
37,37,8192,328704
37,37,9216,328704
37,37,10240,328704
37,37,11264,328704
37,37,12288,328704
49,36,1024,328704
49,37,2048,328704
49,37,3072,328704
49,37,5120,328704
49,36,6144,328704
49,37,7168,328704
49,37,8192,328704
49,37,9216,328704
49,37,10240,328704
49,37,11264,328704
49,37,12288,328704
36,37,1024,329728
36,37,2048,329728
36,37,4096,329728
36,36,5120,329728
36,37,6144,329728
36,37,7168,329728
36,37,8192,329728
36,37,9216,329728
36,37,10240,329728
36,37,11264,329728
37,37,1024,330752
37,37,3072,330752
37,36,4096,330752
37,37,5120,330752
37,37,6144,330752
37,37,7168,330752
37,37,8192,330752
37,37,9216,330752
37,37,10240,330752
37,37,2048,331776
37,36,3072,331776
37,37,4096,331776
37,37,5120,331776
37,37,6144,331776
37,37,7168,331776
37,37,8192,331776
37,37,9216,331776
37,36,1024,333824
37,37,2048,333824
37,37,3072,333824
37,37,4096,333824
37,37,5120,333824
37,37,6144,333824
37,37,7168,333824
36,37,1024,334848
36,37,2048,334848
36,37,3072,334848
36,37,4096,334848
36,37,5120,334848
36,37,6144,334848
37,37,1024,335872
37,37,2048,335872
37,37,3072,335872
37,37,4096,335872
37,37,5120,335872
37,37,1024,336896
37,37,2048,336896
37,37,3072,336896
37,37,4096,336896
37,37,1024,337920
37,37,2048,337920
37,37,3072,337920
37,37,1024,338944
37,37,2048,338944
37,37,1024,339968
